BEGIN_EPT
AnchorID: 1020  # ID of the anchor node
RootIndex: 0  # Index of the root node in tree_nodes
NodeCount: 4  # Total number of nodes in the EPT
NodeStart
EPTNodeID: 0
AnchorID: 1020
TreeNodeGraphID: 0
Level: 0
SimplifiedLevel: 0
EditOperation: -1 0 -1 0 0
AccumulatedOpsCount: 0
ChildrenCount: 1
ChildIndices: 1
CompletedDBGraphIDsCount: 0
GraphStart
GraphDataStart
ID: 0
NumNodes: 61
NumEdges: 130
NodeLabels
6 6 2 2 2 2 2 2 3 3 4 4 4 4 4 4 4 4 4 4 4 4 4 4 4 4 4 4 4 4 4 4 4 4 4 4 4 5 5 5 5 5 5 5 5 5 5 5 5 5 5 5 5 5 5 5 5 5 5 5 5 
Edges
0 2 0
0 3 0
0 8 0
0 20 0
1 4 0
1 5 0
1 9 0
1 19 0
2 0 0
3 0 0
4 1 0
5 1 0
6 34 0
6 36 0
7 33 0
7 35 0
8 0 0
8 24 0
8 45 0
9 1 0
9 23 0
9 46 0
10 11 0
10 12 0
10 37 0
10 38 0
11 10 0
11 14 0
11 16 0
12 10 0
12 13 0
12 15 0
13 12 0
13 14 0
13 18 0
14 11 0
14 13 0
14 17 0
15 12 0
15 19 0
15 40 0
16 11 0
16 20 0
16 39 0
17 14 0
17 21 0
17 42 0
18 13 0
18 22 0
18 41 0
19 1 0
19 15 0
19 22 0
20 0 0
20 16 0
20 21 0
21 17 0
21 20 0
21 43 0
22 18 0
22 19 0
22 44 0
23 9 0
23 26 0
23 28 0
24 8 0
24 25 0
24 27 0
25 24 0
25 29 0
25 47 0
26 23 0
26 30 0
26 48 0
27 24 0
27 31 0
27 49 0
28 23 0
28 32 0
28 50 0
29 25 0
29 34 0
29 51 0
30 26 0
30 33 0
30 52 0
31 27 0
31 34 0
31 53 0
32 28 0
32 33 0
32 54 0
33 7 0
33 30 0
33 32 0
34 6 0
34 29 0
34 31 0
35 7 0
35 55 0
35 56 0
35 58 0
36 6 0
36 57 0
36 59 0
36 60 0
37 10 0
38 10 0
39 16 0
40 15 0
41 18 0
42 17 0
43 21 0
44 22 0
45 8 0
46 9 0
47 25 0
48 26 0
49 27 0
50 28 0
51 29 0
52 30 0
53 31 0
54 32 0
55 35 0
56 35 0
57 36 0
58 35 0
59 36 0
60 36 0
GraphDataEnd
GraphEnd
NodeEnd
NodeStart
EPTNodeID: 1
AnchorID: 1020
TreeNodeGraphID: 6
Level: 6
SimplifiedLevel: 0
EditOperation: 1 7 0 2 0
AccumulatedOpsCount: 6
AccumulatedOp: 4 7 35 0 0
AccumulatedOp: 4 6 34 0 0
AccumulatedOp: 4 6 36 0 0
AccumulatedOp: 1 6 0 2 0
AccumulatedOp: 4 7 33 0 0
AccumulatedOp: 1 7 0 2 0
ChildrenCount: 2
ChildIndices: 2 3
CompletedDBGraphIDsCount: 0
GraphStart
GraphDataStart
ID: 6
NumNodes: 59
NumEdges: 122
NodeLabels
6 6 2 2 2 2 3 3 4 4 4 4 4 4 4 4 4 4 4 4 4 4 4 4 4 4 4 4 4 4 4 4 4 4 4 5 5 5 5 5 5 5 5 5 5 5 5 5 5 5 5 5 5 5 5 5 5 5 5 
Edges
0 2 0
0 3 0
0 6 0
0 18 0
1 4 0
1 5 0
1 7 0
1 17 0
2 0 0
3 0 0
4 1 0
5 1 0
6 0 0
6 22 0
6 43 0
7 1 0
7 21 0
7 44 0
8 9 0
8 10 0
8 35 0
8 36 0
9 8 0
9 12 0
9 14 0
10 8 0
10 11 0
10 13 0
11 10 0
11 12 0
11 16 0
12 9 0
12 11 0
12 15 0
13 10 0
13 17 0
13 38 0
14 9 0
14 18 0
14 37 0
15 12 0
15 19 0
15 40 0
16 11 0
16 20 0
16 39 0
17 1 0
17 13 0
17 20 0
18 0 0
18 14 0
18 19 0
19 15 0
19 18 0
19 41 0
20 16 0
20 17 0
20 42 0
21 7 0
21 24 0
21 26 0
22 6 0
22 23 0
22 25 0
23 22 0
23 27 0
23 45 0
24 21 0
24 28 0
24 46 0
25 22 0
25 29 0
25 47 0
26 21 0
26 30 0
26 48 0
27 23 0
27 32 0
27 49 0
28 24 0
28 31 0
28 50 0
29 25 0
29 32 0
29 51 0
30 26 0
30 31 0
30 52 0
31 28 0
31 30 0
32 27 0
32 29 0
33 53 0
33 54 0
33 56 0
34 55 0
34 57 0
34 58 0
35 8 0
36 8 0
37 14 0
38 13 0
39 16 0
40 15 0
41 19 0
42 20 0
43 6 0
44 7 0
45 23 0
46 24 0
47 25 0
48 26 0
49 27 0
50 28 0
51 29 0
52 30 0
53 33 0
54 33 0
55 34 0
56 33 0
57 34 0
58 34 0
GraphDataEnd
GraphEnd
NodeEnd
NodeStart
EPTNodeID: 2
AnchorID: 1020
TreeNodeGraphID: 11
Level: 11
SimplifiedLevel: 0
EditOperation: 5 34 36 0 0
AccumulatedOpsCount: 5
AccumulatedOp: 4 10 38 0 0
AccumulatedOp: 5 33 35 0 0
AccumulatedOp: 1 38 0 5 0
AccumulatedOp: 0 37 0 5 2
AccumulatedOp: 5 34 36 0 0
ChildrenCount: 0
ChildIndices:
CompletedDBGraphIDsCount: 1
CompletedDBGraphID: 19776
GraphStart
GraphDataStart
ID: 11
NumNodes: 58
NumEdges: 124
NodeLabels
6 6 2 2 2 2 3 3 4 4 4 4 4 4 4 4 4 4 4 4 4 4 4 4 4 4 4 4 4 4 4 4 4 4 4 2 5 5 5 5 5 5 5 5 5 5 5 5 5 5 5 5 5 5 5 5 5 5 
Edges
0 2 0
0 3 0
0 6 0
0 18 0
1 4 0
1 5 0
1 7 0
1 17 0
2 0 0
3 0 0
4 1 0
5 1 0
6 0 0
6 22 0
6 42 0
7 1 0
7 21 0
7 43 0
8 9 0
8 10 0
8 35 0
9 8 0
9 12 0
9 14 0
10 8 0
10 11 0
10 13 0
11 10 0
11 12 0
11 16 0
12 9 0
12 11 0
12 15 0
13 10 0
13 17 0
13 37 0
14 9 0
14 18 0
14 36 0
15 12 0
15 19 0
15 39 0
16 11 0
16 20 0
16 38 0
17 1 0
17 13 0
17 20 0
18 0 0
18 14 0
18 19 0
19 15 0
19 18 0
19 40 0
20 16 0
20 17 0
20 41 0
21 7 0
21 24 0
21 26 0
22 6 0
22 23 0
22 25 0
23 22 0
23 27 0
23 44 0
24 21 0
24 28 0
24 45 0
25 22 0
25 29 0
25 46 0
26 21 0
26 30 0
26 47 0
27 23 0
27 32 0
27 48 0
28 24 0
28 31 0
28 49 0
29 25 0
29 32 0
29 50 0
30 26 0
30 31 0
30 51 0
31 28 0
31 30 0
31 33 0
32 27 0
32 29 0
32 34 0
33 52 0
33 53 0
33 55 0
33 31 0
34 54 0
34 56 0
34 57 0
34 32 0
35 8 0
36 14 0
37 13 0
38 16 0
39 15 0
40 19 0
41 20 0
42 6 0
43 7 0
44 23 0
45 24 0
46 25 0
47 26 0
48 27 0
49 28 0
50 29 0
51 30 0
52 33 0
53 33 0
54 34 0
55 33 0
56 34 0
57 34 0
GraphDataEnd
GraphEnd
NodeEnd
NodeStart
EPTNodeID: 3
AnchorID: 1020
TreeNodeGraphID: 13
Level: 8
SimplifiedLevel: 0
EditOperation: 5 34 35 0 0
AccumulatedOpsCount: 2
AccumulatedOp: 5 33 36 0 0
AccumulatedOp: 5 34 35 0 0
ChildrenCount: 0
ChildIndices:
CompletedDBGraphIDsCount: 1
CompletedDBGraphID: 703
GraphStart
GraphDataStart
ID: 13
NumNodes: 59
NumEdges: 126
NodeLabels
6 6 2 2 2 2 3 3 4 4 4 4 4 4 4 4 4 4 4 4 4 4 4 4 4 4 4 4 4 4 4 4 4 4 4 5 5 5 5 5 5 5 5 5 5 5 5 5 5 5 5 5 5 5 5 5 5 5 5 
Edges
0 2 0
0 3 0
0 6 0
0 18 0
1 4 0
1 5 0
1 7 0
1 17 0
2 0 0
3 0 0
4 1 0
5 1 0
6 0 0
6 22 0
6 43 0
7 1 0
7 21 0
7 44 0
8 9 0
8 10 0
8 35 0
8 36 0
9 8 0
9 12 0
9 14 0
10 8 0
10 11 0
10 13 0
11 10 0
11 12 0
11 16 0
12 9 0
12 11 0
12 15 0
13 10 0
13 17 0
13 38 0
14 9 0
14 18 0
14 37 0
15 12 0
15 19 0
15 40 0
16 11 0
16 20 0
16 39 0
17 1 0
17 13 0
17 20 0
18 0 0
18 14 0
18 19 0
19 15 0
19 18 0
19 41 0
20 16 0
20 17 0
20 42 0
21 7 0
21 24 0
21 26 0
22 6 0
22 23 0
22 25 0
23 22 0
23 27 0
23 45 0
24 21 0
24 28 0
24 46 0
25 22 0
25 29 0
25 47 0
26 21 0
26 30 0
26 48 0
27 23 0
27 32 0
27 49 0
28 24 0
28 31 0
28 50 0
29 25 0
29 32 0
29 51 0
30 26 0
30 31 0
30 52 0
31 28 0
31 30 0
31 34 0
32 27 0
32 29 0
32 33 0
33 53 0
33 54 0
33 56 0
33 32 0
34 55 0
34 57 0
34 58 0
34 31 0
35 8 0
36 8 0
37 14 0
38 13 0
39 16 0
40 15 0
41 19 0
42 20 0
43 6 0
44 7 0
45 23 0
46 24 0
47 25 0
48 26 0
49 27 0
50 28 0
51 29 0
52 30 0
53 33 0
54 33 0
55 34 0
56 33 0
57 34 0
58 34 0
GraphDataEnd
GraphEnd
NodeEnd
END_EPT
