BEGIN_EPT
AnchorID: 557  # ID of the anchor node
RootIndex: 0  # Index of the root node in tree_nodes
NodeCount: 2  # Total number of nodes in the EPT
NodeStart
EPTNodeID: 0
AnchorID: 557
TreeNodeGraphID: 0
Level: 0
SimplifiedLevel: 0
EditOperation: -1 0 -1 0 0
AccumulatedOpsCount: 0
ChildrenCount: 1
ChildIndices: 1
CompletedDBGraphIDsCount: 0
GraphStart
GraphDataStart
ID: 0
NumNodes: 71
NumEdges: 150
NodeLabels
6 6 2 2 2 2 3 3 3 3 3 4 4 4 4 4 4 4 4 4 4 4 4 4 4 4 4 4 4 4 4 4 4 4 4 4 4 4 4 4 4 4 5 5 5 5 5 5 5 5 5 5 5 5 5 5 5 5 5 5 5 5 5 5 5 5 5 5 5 5 5 
Edges
0 2 0
0 3 0
0 6 0
0 14 0
1 16 0
1 32 0
2 0 0
3 0 0
4 34 0
5 40 0
5 41 0
6 0 0
6 11 0
6 13 0
7 12 0
7 15 0
7 16 0
8 9 0
8 12 0
9 8 0
9 16 0
10 34 0
10 35 0
10 63 0
11 6 0
11 12 0
11 42 0
11 43 0
12 7 0
12 8 0
12 11 0
13 6 0
13 19 0
13 20 0
14 0 0
14 17 0
14 18 0
15 7 0
15 26 0
15 27 0
16 1 0
16 7 0
16 9 0
17 14 0
17 22 0
17 44 0
18 14 0
18 23 0
18 45 0
19 13 0
19 24 0
19 46 0
20 13 0
20 25 0
20 47 0
21 22 0
21 23 0
21 29 0
22 17 0
22 21 0
22 48 0
23 18 0
23 21 0
23 49 0
24 19 0
24 28 0
24 50 0
25 20 0
25 28 0
25 51 0
26 15 0
26 30 0
26 52 0
27 15 0
27 31 0
27 53 0
28 24 0
28 25 0
28 54 0
29 21 0
29 55 0
29 56 0
29 57 0
30 26 0
30 33 0
30 58 0
31 27 0
31 33 0
31 59 0
32 1 0
32 34 0
32 60 0
32 61 0
33 30 0
33 31 0
33 62 0
34 4 0
34 10 0
34 32 0
35 10 0
35 36 0
35 37 0
36 35 0
36 38 0
36 64 0
37 35 0
37 39 0
37 65 0
38 36 0
38 40 0
38 66 0
39 37 0
39 40 0
39 67 0
40 5 0
40 38 0
40 39 0
41 5 0
41 68 0
41 69 0
41 70 0
42 11 0
43 11 0
44 17 0
45 18 0
46 19 0
47 20 0
48 22 0
49 23 0
50 24 0
51 25 0
52 26 0
53 27 0
54 28 0
55 29 0
56 29 0
57 29 0
58 30 0
59 31 0
60 32 0
61 32 0
62 33 0
63 10 0
64 36 0
65 37 0
66 38 0
67 39 0
68 41 0
69 41 0
70 41 0
GraphDataEnd
GraphEnd
NodeEnd
NodeStart
EPTNodeID: 1
AnchorID: 557
TreeNodeGraphID: 4
Level: 4
SimplifiedLevel: 0
EditOperation: 5 40 41 0 0
AccumulatedOpsCount: 4
AccumulatedOp: 4 5 40 0 0
AccumulatedOp: 4 5 41 0 0
AccumulatedOp: 1 5 0 2 0
AccumulatedOp: 5 40 41 0 0
ChildrenCount: 0
ChildIndices:
CompletedDBGraphIDsCount: 1
CompletedDBGraphID: 11315
GraphStart
GraphDataStart
ID: 4
NumNodes: 70
NumEdges: 148
NodeLabels
6 6 2 2 2 3 3 3 3 3 4 4 4 4 4 4 4 4 4 4 4 4 4 4 4 4 4 4 4 4 4 4 4 4 4 4 4 4 4 4 4 5 5 5 5 5 5 5 5 5 5 5 5 5 5 5 5 5 5 5 5 5 5 5 5 5 5 5 5 5 
Edges
0 2 0
0 3 0
0 5 0
0 13 0
1 15 0
1 31 0
2 0 0
3 0 0
4 33 0
5 0 0
5 10 0
5 12 0
6 11 0
6 14 0
6 15 0
7 8 0
7 11 0
8 7 0
8 15 0
9 33 0
9 34 0
9 62 0
10 5 0
10 11 0
10 41 0
10 42 0
11 6 0
11 7 0
11 10 0
12 5 0
12 18 0
12 19 0
13 0 0
13 16 0
13 17 0
14 6 0
14 25 0
14 26 0
15 1 0
15 6 0
15 8 0
16 13 0
16 21 0
16 43 0
17 13 0
17 22 0
17 44 0
18 12 0
18 23 0
18 45 0
19 12 0
19 24 0
19 46 0
20 21 0
20 22 0
20 28 0
21 16 0
21 20 0
21 47 0
22 17 0
22 20 0
22 48 0
23 18 0
23 27 0
23 49 0
24 19 0
24 27 0
24 50 0
25 14 0
25 29 0
25 51 0
26 14 0
26 30 0
26 52 0
27 23 0
27 24 0
27 53 0
28 20 0
28 54 0
28 55 0
28 56 0
29 25 0
29 32 0
29 57 0
30 26 0
30 32 0
30 58 0
31 1 0
31 33 0
31 59 0
31 60 0
32 29 0
32 30 0
32 61 0
33 4 0
33 9 0
33 31 0
34 9 0
34 35 0
34 36 0
35 34 0
35 37 0
35 63 0
36 34 0
36 38 0
36 64 0
37 35 0
37 39 0
37 65 0
38 36 0
38 39 0
38 66 0
39 37 0
39 38 0
39 40 0
40 67 0
40 68 0
40 69 0
40 39 0
41 10 0
42 10 0
43 16 0
44 17 0
45 18 0
46 19 0
47 21 0
48 22 0
49 23 0
50 24 0
51 25 0
52 26 0
53 27 0
54 28 0
55 28 0
56 28 0
57 29 0
58 30 0
59 31 0
60 31 0
61 32 0
62 9 0
63 35 0
64 36 0
65 37 0
66 38 0
67 40 0
68 40 0
69 40 0
GraphDataEnd
GraphEnd
NodeEnd
END_EPT
