BEGIN_EPT
AnchorID: 20763  # ID of the anchor node
RootIndex: 0  # Index of the root node in tree_nodes
NodeCount: 6  # Total number of nodes in the EPT
NodeStart
EPTNodeID: 0
AnchorID: 20763
TreeNodeGraphID: 0
Level: 0
SimplifiedLevel: 0
EditOperation: -1 0 -1 0 0
AccumulatedOpsCount: 0
ChildrenCount: 1
ChildIndices: 1
CompletedDBGraphIDsCount: 1
CompletedDBGraphID: 10110
GraphStart
GraphDataStart
ID: 0
NumNodes: 55
NumEdges: 118
NodeLabels
7 7 6 2 2 2 3 3 3 3 4 4 4 4 4 4 4 4 4 4 4 4 4 4 4 4 4 4 4 4 4 4 4 4 4 5 5 5 5 5 5 5 5 5 5 5 5 5 5 5 5 5 5 5 5 
Edges
0 30 0
1 32 0
2 28 0
3 14 0
4 26 0
5 27 0
6 12 0
6 13 0
6 14 0
7 15 0
7 16 0
7 19 0
8 26 0
8 28 0
8 29 0
9 27 0
9 28 0
9 51 0
10 11 0
10 12 0
10 37 0
10 38 0
11 10 0
11 13 0
11 35 0
11 36 0
12 6 0
12 10 0
12 41 0
12 42 0
13 6 0
13 11 0
13 39 0
13 40 0
14 3 0
14 6 0
14 15 0
15 7 0
15 14 0
15 43 0
15 44 0
16 7 0
16 17 0
16 20 0
17 16 0
17 18 0
17 21 0
18 17 0
18 19 0
18 22 0
19 7 0
19 18 0
19 45 0
20 16 0
20 23 0
20 46 0
21 17 0
21 25 0
21 47 0
22 18 0
22 24 0
22 48 0
23 20 0
23 25 0
23 49 0
24 22 0
24 26 0
24 27 0
25 21 0
25 23 0
25 50 0
26 4 0
26 8 0
26 24 0
27 5 0
27 9 0
27 24 0
28 2 0
28 8 0
28 9 0
29 8 0
29 30 0
29 31 0
30 0 0
30 29 0
30 32 0
31 29 0
31 33 0
31 52 0
32 1 0
32 30 0
32 34 0
33 31 0
33 34 0
33 53 0
34 32 0
34 33 0
34 54 0
35 11 0
36 11 0
37 10 0
38 10 0
39 13 0
40 13 0
41 12 0
42 12 0
43 15 0
44 15 0
45 19 0
46 20 0
47 21 0
48 22 0
49 23 0
50 25 0
51 9 0
52 31 0
53 33 0
54 34 0
GraphDataEnd
GraphEnd
NodeEnd
NodeStart
EPTNodeID: 1
AnchorID: 20763
TreeNodeGraphID: 3
Level: 3
SimplifiedLevel: 0
EditOperation: 2 57 0 0 5
AccumulatedOpsCount: 3
AccumulatedOp: 0 0 0 7 5
AccumulatedOp: 2 56 0 0 5
AccumulatedOp: 2 57 0 0 5
ChildrenCount: 2
ChildIndices: 2 5
CompletedDBGraphIDsCount: 0
GraphStart
GraphDataStart
ID: 3
NumNodes: 57
NumEdges: 118
NodeLabels
5 7 6 2 2 2 3 3 3 3 4 4 4 4 4 4 4 4 4 4 4 4 4 4 4 4 4 4 4 4 4 4 4 4 4 5 5 5 5 5 5 5 5 5 5 5 5 5 5 5 5 5 5 5 5 5 5 
Edges
0 30 0
1 32 0
2 28 0
3 14 0
4 26 0
5 27 0
6 12 0
6 13 0
6 14 0
7 15 0
7 16 0
7 19 0
8 26 0
8 28 0
8 29 0
9 27 0
9 28 0
9 51 0
10 11 0
10 12 0
10 37 0
10 38 0
11 10 0
11 13 0
11 35 0
11 36 0
12 6 0
12 10 0
12 41 0
12 42 0
13 6 0
13 11 0
13 39 0
13 40 0
14 3 0
14 6 0
14 15 0
15 7 0
15 14 0
15 43 0
15 44 0
16 7 0
16 17 0
16 20 0
17 16 0
17 18 0
17 21 0
18 17 0
18 19 0
18 22 0
19 7 0
19 18 0
19 45 0
20 16 0
20 23 0
20 46 0
21 17 0
21 25 0
21 47 0
22 18 0
22 24 0
22 48 0
23 20 0
23 25 0
23 49 0
24 22 0
24 26 0
24 27 0
25 21 0
25 23 0
25 50 0
26 4 0
26 8 0
26 24 0
27 5 0
27 9 0
27 24 0
28 2 0
28 8 0
28 9 0
29 8 0
29 30 0
29 31 0
30 0 0
30 29 0
30 32 0
31 29 0
31 33 0
31 52 0
32 1 0
32 30 0
32 34 0
33 31 0
33 34 0
33 53 0
34 32 0
34 33 0
34 54 0
35 11 0
36 11 0
37 10 0
38 10 0
39 13 0
40 13 0
41 12 0
42 12 0
43 15 0
44 15 0
45 19 0
46 20 0
47 21 0
48 22 0
49 23 0
50 25 0
51 9 0
52 31 0
53 33 0
54 34 0
GraphDataEnd
GraphEnd
NodeEnd
NodeStart
EPTNodeID: 2
AnchorID: 20763
TreeNodeGraphID: 4
Level: 4
SimplifiedLevel: 0
EditOperation: 2 55 0 0 5
AccumulatedOpsCount: 1
AccumulatedOp: 2 55 0 0 5
ChildrenCount: 2
ChildIndices: 3 4
CompletedDBGraphIDsCount: 0
GraphStart
GraphDataStart
ID: 4
NumNodes: 58
NumEdges: 118
NodeLabels
5 7 6 2 2 2 3 3 3 3 4 4 4 4 4 4 4 4 4 4 4 4 4 4 4 4 4 4 4 4 4 4 4 4 4 5 5 5 5 5 5 5 5 5 5 5 5 5 5 5 5 5 5 5 5 5 5 5 
Edges
0 30 0
1 32 0
2 28 0
3 14 0
4 26 0
5 27 0
6 12 0
6 13 0
6 14 0
7 15 0
7 16 0
7 19 0
8 26 0
8 28 0
8 29 0
9 27 0
9 28 0
9 51 0
10 11 0
10 12 0
10 37 0
10 38 0
11 10 0
11 13 0
11 35 0
11 36 0
12 6 0
12 10 0
12 41 0
12 42 0
13 6 0
13 11 0
13 39 0
13 40 0
14 3 0
14 6 0
14 15 0
15 7 0
15 14 0
15 43 0
15 44 0
16 7 0
16 17 0
16 20 0
17 16 0
17 18 0
17 21 0
18 17 0
18 19 0
18 22 0
19 7 0
19 18 0
19 45 0
20 16 0
20 23 0
20 46 0
21 17 0
21 25 0
21 47 0
22 18 0
22 24 0
22 48 0
23 20 0
23 25 0
23 49 0
24 22 0
24 26 0
24 27 0
25 21 0
25 23 0
25 50 0
26 4 0
26 8 0
26 24 0
27 5 0
27 9 0
27 24 0
28 2 0
28 8 0
28 9 0
29 8 0
29 30 0
29 31 0
30 0 0
30 29 0
30 32 0
31 29 0
31 33 0
31 52 0
32 1 0
32 30 0
32 34 0
33 31 0
33 34 0
33 53 0
34 32 0
34 33 0
34 54 0
35 11 0
36 11 0
37 10 0
38 10 0
39 13 0
40 13 0
41 12 0
42 12 0
43 15 0
44 15 0
45 19 0
46 20 0
47 21 0
48 22 0
49 23 0
50 25 0
51 9 0
52 31 0
53 33 0
54 34 0
GraphDataEnd
GraphEnd
NodeEnd
NodeStart
EPTNodeID: 3
AnchorID: 20763
TreeNodeGraphID: 8
Level: 8
SimplifiedLevel: 0
EditOperation: 5 1 56 0 0
AccumulatedOpsCount: 4
AccumulatedOp: 0 1 0 7 4
AccumulatedOp: 5 1 57 0 0
AccumulatedOp: 5 1 55 0 0
AccumulatedOp: 5 1 56 0 0
ChildrenCount: 0
ChildIndices:
CompletedDBGraphIDsCount: 1
CompletedDBGraphID: 984
GraphStart
GraphDataStart
ID: 8
NumNodes: 58
NumEdges: 124
NodeLabels
5 4 6 2 2 2 3 3 3 3 4 4 4 4 4 4 4 4 4 4 4 4 4 4 4 4 4 4 4 4 4 4 4 4 4 5 5 5 5 5 5 5 5 5 5 5 5 5 5 5 5 5 5 5 5 5 5 5 
Edges
0 30 0
1 32 0
1 57 0
1 55 0
1 56 0
2 28 0
3 14 0
4 26 0
5 27 0
6 12 0
6 13 0
6 14 0
7 15 0
7 16 0
7 19 0
8 26 0
8 28 0
8 29 0
9 27 0
9 28 0
9 51 0
10 11 0
10 12 0
10 37 0
10 38 0
11 10 0
11 13 0
11 35 0
11 36 0
12 6 0
12 10 0
12 41 0
12 42 0
13 6 0
13 11 0
13 39 0
13 40 0
14 3 0
14 6 0
14 15 0
15 7 0
15 14 0
15 43 0
15 44 0
16 7 0
16 17 0
16 20 0
17 16 0
17 18 0
17 21 0
18 17 0
18 19 0
18 22 0
19 7 0
19 18 0
19 45 0
20 16 0
20 23 0
20 46 0
21 17 0
21 25 0
21 47 0
22 18 0
22 24 0
22 48 0
23 20 0
23 25 0
23 49 0
24 22 0
24 26 0
24 27 0
25 21 0
25 23 0
25 50 0
26 4 0
26 8 0
26 24 0
27 5 0
27 9 0
27 24 0
28 2 0
28 8 0
28 9 0
29 8 0
29 30 0
29 31 0
30 0 0
30 29 0
30 32 0
31 29 0
31 33 0
31 52 0
32 1 0
32 30 0
32 34 0
33 31 0
33 34 0
33 53 0
34 32 0
34 33 0
34 54 0
35 11 0
36 11 0
37 10 0
38 10 0
39 13 0
40 13 0
41 12 0
42 12 0
43 15 0
44 15 0
45 19 0
46 20 0
47 21 0
48 22 0
49 23 0
50 25 0
51 9 0
52 31 0
53 33 0
54 34 0
55 1 0
56 1 0
57 1 0
GraphDataEnd
GraphEnd
NodeEnd
NodeStart
EPTNodeID: 4
AnchorID: 20763
TreeNodeGraphID: 12
Level: 8
SimplifiedLevel: 0
EditOperation: 5 54 55 0 0
AccumulatedOpsCount: 4
AccumulatedOp: 5 54 56 0 0
AccumulatedOp: 5 54 57 0 0
AccumulatedOp: 0 54 0 5 4
AccumulatedOp: 5 54 55 0 0
ChildrenCount: 0
ChildIndices:
CompletedDBGraphIDsCount: 1
CompletedDBGraphID: 17144
GraphStart
GraphDataStart
ID: 12
NumNodes: 58
NumEdges: 124
NodeLabels
5 7 6 2 2 2 3 3 3 3 4 4 4 4 4 4 4 4 4 4 4 4 4 4 4 4 4 4 4 4 4 4 4 4 4 5 5 5 5 5 5 5 5 5 5 5 5 5 5 5 5 5 5 5 4 5 5 5 
Edges
0 30 0
1 32 0
2 28 0
3 14 0
4 26 0
5 27 0
6 12 0
6 13 0
6 14 0
7 15 0
7 16 0
7 19 0
8 26 0
8 28 0
8 29 0
9 27 0
9 28 0
9 51 0
10 11 0
10 12 0
10 37 0
10 38 0
11 10 0
11 13 0
11 35 0
11 36 0
12 6 0
12 10 0
12 41 0
12 42 0
13 6 0
13 11 0
13 39 0
13 40 0
14 3 0
14 6 0
14 15 0
15 7 0
15 14 0
15 43 0
15 44 0
16 7 0
16 17 0
16 20 0
17 16 0
17 18 0
17 21 0
18 17 0
18 19 0
18 22 0
19 7 0
19 18 0
19 45 0
20 16 0
20 23 0
20 46 0
21 17 0
21 25 0
21 47 0
22 18 0
22 24 0
22 48 0
23 20 0
23 25 0
23 49 0
24 22 0
24 26 0
24 27 0
25 21 0
25 23 0
25 50 0
26 4 0
26 8 0
26 24 0
27 5 0
27 9 0
27 24 0
28 2 0
28 8 0
28 9 0
29 8 0
29 30 0
29 31 0
30 0 0
30 29 0
30 32 0
31 29 0
31 33 0
31 52 0
32 1 0
32 30 0
32 34 0
33 31 0
33 34 0
33 53 0
34 32 0
34 33 0
34 54 0
35 11 0
36 11 0
37 10 0
38 10 0
39 13 0
40 13 0
41 12 0
42 12 0
43 15 0
44 15 0
45 19 0
46 20 0
47 21 0
48 22 0
49 23 0
50 25 0
51 9 0
52 31 0
53 33 0
54 34 0
54 56 0
54 57 0
54 55 0
55 54 0
56 54 0
57 54 0
GraphDataEnd
GraphEnd
NodeEnd
NodeStart
EPTNodeID: 5
AnchorID: 20763
TreeNodeGraphID: 19
Level: 10
SimplifiedLevel: 0
EditOperation: 5 55 58 0 0
AccumulatedOpsCount: 7
AccumulatedOp: 0 1 0 7 2
AccumulatedOp: 2 55 0 0 4
AccumulatedOp: 5 55 56 0 0
AccumulatedOp: 5 55 57 0 0
AccumulatedOp: 5 1 55 0 0
AccumulatedOp: 2 58 0 0 5
AccumulatedOp: 5 55 58 0 0
ChildrenCount: 0
ChildIndices:
CompletedDBGraphIDsCount: 1
CompletedDBGraphID: 11417
GraphStart
GraphDataStart
ID: 19
NumNodes: 59
NumEdges: 126
NodeLabels
5 2 6 2 2 2 3 3 3 3 4 4 4 4 4 4 4 4 4 4 4 4 4 4 4 4 4 4 4 4 4 4 4 4 4 5 5 5 5 5 5 5 5 5 5 5 5 5 5 5 5 5 5 5 5 4 5 5 5 
Edges
0 30 0
1 32 0
1 55 0
2 28 0
3 14 0
4 26 0
5 27 0
6 12 0
6 13 0
6 14 0
7 15 0
7 16 0
7 19 0
8 26 0
8 28 0
8 29 0
9 27 0
9 28 0
9 51 0
10 11 0
10 12 0
10 37 0
10 38 0
11 10 0
11 13 0
11 35 0
11 36 0
12 6 0
12 10 0
12 41 0
12 42 0
13 6 0
13 11 0
13 39 0
13 40 0
14 3 0
14 6 0
14 15 0
15 7 0
15 14 0
15 43 0
15 44 0
16 7 0
16 17 0
16 20 0
17 16 0
17 18 0
17 21 0
18 17 0
18 19 0
18 22 0
19 7 0
19 18 0
19 45 0
20 16 0
20 23 0
20 46 0
21 17 0
21 25 0
21 47 0
22 18 0
22 24 0
22 48 0
23 20 0
23 25 0
23 49 0
24 22 0
24 26 0
24 27 0
25 21 0
25 23 0
25 50 0
26 4 0
26 8 0
26 24 0
27 5 0
27 9 0
27 24 0
28 2 0
28 8 0
28 9 0
29 8 0
29 30 0
29 31 0
30 0 0
30 29 0
30 32 0
31 29 0
31 33 0
31 52 0
32 1 0
32 30 0
32 34 0
33 31 0
33 34 0
33 53 0
34 32 0
34 33 0
34 54 0
35 11 0
36 11 0
37 10 0
38 10 0
39 13 0
40 13 0
41 12 0
42 12 0
43 15 0
44 15 0
45 19 0
46 20 0
47 21 0
48 22 0
49 23 0
50 25 0
51 9 0
52 31 0
53 33 0
54 34 0
55 56 0
55 57 0
55 1 0
55 58 0
56 55 0
57 55 0
58 55 0
GraphDataEnd
GraphEnd
NodeEnd
END_EPT
