BEGIN_EPT
AnchorID: 2813  # ID of the anchor node
RootIndex: 0  # Index of the root node in tree_nodes
NodeCount: 2  # Total number of nodes in the EPT
NodeStart
EPTNodeID: 0
AnchorID: 2813
TreeNodeGraphID: 0
Level: 0
SimplifiedLevel: 0
EditOperation: -1 0 -1 0 0
AccumulatedOpsCount: 0
ChildrenCount: 1
ChildIndices: 1
CompletedDBGraphIDsCount: 1
CompletedDBGraphID: 6020
GraphStart
GraphDataStart
ID: 0
NumNodes: 67
NumEdges: 144
NodeLabels
2 2 2 2 2 3 4 4 4 4 4 4 4 4 4 4 4 4 4 4 4 4 4 4 4 4 4 4 4 4 4 4 4 4 4 4 4 4 5 5 5 5 5 5 5 5 5 5 5 5 5 5 5 5 5 5 5 5 5 5 5 5 5 5 5 5 5 
Edges
0 12 0
1 18 0
1 29 0
2 23 0
2 30 0
3 25 0
3 30 0
4 18 0
5 10 0
5 15 0
5 44 0
6 7 0
6 11 0
6 14 0
6 38 0
7 6 0
7 10 0
7 39 0
7 40 0
8 9 0
8 10 0
8 12 0
9 8 0
9 13 0
9 16 0
9 41 0
10 5 0
10 7 0
10 8 0
11 6 0
11 12 0
11 42 0
11 43 0
12 0 0
12 8 0
12 11 0
13 9 0
13 15 0
13 18 0
14 6 0
14 21 0
14 22 0
15 5 0
15 13 0
15 17 0
16 9 0
16 19 0
16 20 0
17 15 0
17 45 0
17 46 0
17 47 0
18 1 0
18 4 0
18 13 0
19 16 0
19 23 0
19 48 0
20 16 0
20 24 0
20 49 0
21 14 0
21 26 0
21 50 0
22 14 0
22 27 0
22 51 0
23 2 0
23 19 0
23 25 0
24 20 0
24 25 0
24 52 0
25 3 0
25 23 0
25 24 0
26 21 0
26 28 0
26 53 0
27 22 0
27 28 0
27 54 0
28 26 0
28 27 0
28 55 0
29 1 0
29 31 0
29 56 0
29 57 0
30 2 0
30 3 0
30 58 0
30 59 0
31 29 0
31 32 0
31 60 0
31 61 0
32 31 0
32 33 0
32 34 0
33 32 0
33 35 0
33 62 0
34 32 0
34 36 0
34 63 0
35 33 0
35 37 0
35 64 0
36 34 0
36 37 0
36 65 0
37 35 0
37 36 0
37 66 0
38 6 0
39 7 0
40 7 0
41 9 0
42 11 0
43 11 0
44 5 0
45 17 0
46 17 0
47 17 0
48 19 0
49 20 0
50 21 0
51 22 0
52 24 0
53 26 0
54 27 0
55 28 0
56 29 0
57 29 0
58 30 0
59 30 0
60 31 0
61 31 0
62 33 0
63 34 0
64 35 0
65 36 0
66 37 0
GraphDataEnd
GraphEnd
NodeEnd
NodeStart
EPTNodeID: 1
AnchorID: 2813
TreeNodeGraphID: 7
Level: 7
SimplifiedLevel: 0
EditOperation: 5 30 68 0 0
AccumulatedOpsCount: 7
AccumulatedOp: 2 67 0 0 5
AccumulatedOp: 5 3 31 0 0
AccumulatedOp: 4 3 30 0 0
AccumulatedOp: 4 29 31 0 0
AccumulatedOp: 2 68 0 0 5
AccumulatedOp: 5 29 67 0 0
AccumulatedOp: 5 30 68 0 0
ChildrenCount: 0
ChildIndices:
CompletedDBGraphIDsCount: 3
CompletedDBGraphID: 16767
CompletedDBGraphID: 1448
CompletedDBGraphID: 13765
GraphStart
GraphDataStart
ID: 7
NumNodes: 69
NumEdges: 146
NodeLabels
2 2 2 2 2 3 4 4 4 4 4 4 4 4 4 4 4 4 4 4 4 4 4 4 4 4 4 4 4 4 4 4 4 4 4 4 4 4 5 5 5 5 5 5 5 5 5 5 5 5 5 5 5 5 5 5 5 5 5 5 5 5 5 5 5 5 5 5 5 
Edges
0 12 0
1 18 0
1 29 0
2 23 0
2 30 0
3 25 0
3 31 0
4 18 0
5 10 0
5 15 0
5 44 0
6 7 0
6 11 0
6 14 0
6 38 0
7 6 0
7 10 0
7 39 0
7 40 0
8 9 0
8 10 0
8 12 0
9 8 0
9 13 0
9 16 0
9 41 0
10 5 0
10 7 0
10 8 0
11 6 0
11 12 0
11 42 0
11 43 0
12 0 0
12 8 0
12 11 0
13 9 0
13 15 0
13 18 0
14 6 0
14 21 0
14 22 0
15 5 0
15 13 0
15 17 0
16 9 0
16 19 0
16 20 0
17 15 0
17 45 0
17 46 0
17 47 0
18 1 0
18 4 0
18 13 0
19 16 0
19 23 0
19 48 0
20 16 0
20 24 0
20 49 0
21 14 0
21 26 0
21 50 0
22 14 0
22 27 0
22 51 0
23 2 0
23 19 0
23 25 0
24 20 0
24 25 0
24 52 0
25 3 0
25 23 0
25 24 0
26 21 0
26 28 0
26 53 0
27 22 0
27 28 0
27 54 0
28 26 0
28 27 0
28 55 0
29 1 0
29 56 0
29 57 0
29 67 0
30 2 0
30 58 0
30 59 0
30 68 0
31 32 0
31 60 0
31 61 0
31 3 0
32 31 0
32 33 0
32 34 0
33 32 0
33 35 0
33 62 0
34 32 0
34 36 0
34 63 0
35 33 0
35 37 0
35 64 0
36 34 0
36 37 0
36 65 0
37 35 0
37 36 0
37 66 0
38 6 0
39 7 0
40 7 0
41 9 0
42 11 0
43 11 0
44 5 0
45 17 0
46 17 0
47 17 0
48 19 0
49 20 0
50 21 0
51 22 0
52 24 0
53 26 0
54 27 0
55 28 0
56 29 0
57 29 0
58 30 0
59 30 0
60 31 0
61 31 0
62 33 0
63 34 0
64 35 0
65 36 0
66 37 0
67 29 0
68 30 0
GraphDataEnd
GraphEnd
NodeEnd
END_EPT
