BEGIN_EPT
AnchorID: 18766  # ID of the anchor node
RootIndex: 0  # Index of the root node in tree_nodes
NodeCount: 4  # Total number of nodes in the EPT
NodeStart
EPTNodeID: 0
AnchorID: 18766
TreeNodeGraphID: 0
Level: 0
SimplifiedLevel: 0
EditOperation: -1 0 -1 0 0
AccumulatedOpsCount: 0
ChildrenCount: 1
ChildIndices: 1
CompletedDBGraphIDsCount: 0
GraphStart
GraphDataStart
ID: 0
NumNodes: 59
NumEdges: 120
NodeLabels
2 2 2 2 2 2 2 4 4 4 4 4 4 4 4 4 4 4 4 4 4 4 4 4 4 4 4 4 4 5 5 5 5 5 5 5 5 5 5 5 5 5 5 5 5 5 5 5 5 5 5 5 5 5 5 5 5 5 5 
Edges
0 9 0
0 37 0
1 15 0
1 20 0
2 12 0
3 16 0
3 22 0
4 15 0
5 16 0
6 19 0
6 28 0
7 8 0
7 9 0
7 15 0
7 29 0
8 7 0
8 10 0
8 13 0
8 30 0
9 0 0
9 7 0
9 11 0
9 14 0
10 8 0
10 12 0
10 16 0
10 31 0
11 9 0
11 12 0
11 32 0
11 33 0
12 2 0
12 10 0
12 11 0
13 8 0
13 17 0
13 18 0
14 9 0
14 34 0
14 35 0
14 36 0
15 1 0
15 4 0
15 7 0
16 3 0
16 5 0
16 10 0
17 13 0
17 19 0
17 38 0
18 13 0
18 21 0
18 39 0
19 6 0
19 17 0
19 23 0
20 1 0
20 24 0
20 25 0
20 40 0
21 18 0
21 23 0
21 41 0
22 3 0
22 26 0
22 27 0
22 42 0
23 19 0
23 21 0
23 43 0
24 20 0
24 44 0
24 45 0
24 46 0
25 20 0
25 47 0
25 48 0
25 49 0
26 22 0
26 50 0
26 51 0
26 52 0
27 22 0
27 53 0
27 54 0
27 55 0
28 6 0
28 56 0
28 57 0
28 58 0
29 7 0
30 8 0
31 10 0
32 11 0
33 11 0
34 14 0
35 14 0
36 14 0
37 0 0
38 17 0
39 18 0
40 20 0
41 21 0
42 22 0
43 23 0
44 24 0
45 24 0
46 24 0
47 25 0
48 25 0
49 25 0
50 26 0
51 26 0
52 26 0
53 27 0
54 27 0
55 27 0
56 28 0
57 28 0
58 28 0
GraphDataEnd
GraphEnd
NodeEnd
NodeStart
EPTNodeID: 1
AnchorID: 18766
TreeNodeGraphID: 6
Level: 6
SimplifiedLevel: 0
EditOperation: 5 28 43 0 0
AccumulatedOpsCount: 6
AccumulatedOp: 0 6 0 2 5
AccumulatedOp: 0 43 0 5 4
AccumulatedOp: 2 59 0 0 5
AccumulatedOp: 2 60 0 0 5
AccumulatedOp: 4 6 28 0 0
AccumulatedOp: 5 28 43 0 0
ChildrenCount: 2
ChildIndices: 2 3
CompletedDBGraphIDsCount: 0
GraphStart
GraphDataStart
ID: 6
NumNodes: 61
NumEdges: 120
NodeLabels
2 2 2 2 2 2 5 4 4 4 4 4 4 4 4 4 4 4 4 4 4 4 4 4 4 4 4 4 4 5 5 5 5 5 5 5 5 5 5 5 5 5 5 4 5 5 5 5 5 5 5 5 5 5 5 5 5 5 5 5 5 
Edges
0 9 0
0 37 0
1 15 0
1 20 0
2 12 0
3 16 0
3 22 0
4 15 0
5 16 0
6 19 0
7 8 0
7 9 0
7 15 0
7 29 0
8 7 0
8 10 0
8 13 0
8 30 0
9 0 0
9 7 0
9 11 0
9 14 0
10 8 0
10 12 0
10 16 0
10 31 0
11 9 0
11 12 0
11 32 0
11 33 0
12 2 0
12 10 0
12 11 0
13 8 0
13 17 0
13 18 0
14 9 0
14 34 0
14 35 0
14 36 0
15 1 0
15 4 0
15 7 0
16 3 0
16 5 0
16 10 0
17 13 0
17 19 0
17 38 0
18 13 0
18 21 0
18 39 0
19 6 0
19 17 0
19 23 0
20 1 0
20 24 0
20 25 0
20 40 0
21 18 0
21 23 0
21 41 0
22 3 0
22 26 0
22 27 0
22 42 0
23 19 0
23 21 0
23 43 0
24 20 0
24 44 0
24 45 0
24 46 0
25 20 0
25 47 0
25 48 0
25 49 0
26 22 0
26 50 0
26 51 0
26 52 0
27 22 0
27 53 0
27 54 0
27 55 0
28 56 0
28 57 0
28 58 0
28 43 0
29 7 0
30 8 0
31 10 0
32 11 0
33 11 0
34 14 0
35 14 0
36 14 0
37 0 0
38 17 0
39 18 0
40 20 0
41 21 0
42 22 0
43 23 0
43 28 0
44 24 0
45 24 0
46 24 0
47 25 0
48 25 0
49 25 0
50 26 0
51 26 0
52 26 0
53 27 0
54 27 0
55 27 0
56 28 0
57 28 0
58 28 0
GraphDataEnd
GraphEnd
NodeEnd
NodeStart
EPTNodeID: 2
AnchorID: 18766
TreeNodeGraphID: 12
Level: 12
SimplifiedLevel: 0
EditOperation: 5 22 60 0 0
AccumulatedOpsCount: 6
AccumulatedOp: 5 20 59 0 0
AccumulatedOp: 5 24 43 0 0
AccumulatedOp: 4 22 26 0 0
AccumulatedOp: 4 20 24 0 0
AccumulatedOp: 5 26 43 0 0
AccumulatedOp: 5 22 60 0 0
ChildrenCount: 0
ChildIndices:
CompletedDBGraphIDsCount: 1
CompletedDBGraphID: 22013
GraphStart
GraphDataStart
ID: 12
NumNodes: 61
NumEdges: 124
NodeLabels
2 2 2 2 2 2 5 4 4 4 4 4 4 4 4 4 4 4 4 4 4 4 4 4 4 4 4 4 4 5 5 5 5 5 5 5 5 5 5 5 5 5 5 4 5 5 5 5 5 5 5 5 5 5 5 5 5 5 5 5 5 
Edges
0 9 0
0 37 0
1 15 0
1 20 0
2 12 0
3 16 0
3 22 0
4 15 0
5 16 0
6 19 0
7 8 0
7 9 0
7 15 0
7 29 0
8 7 0
8 10 0
8 13 0
8 30 0
9 0 0
9 7 0
9 11 0
9 14 0
10 8 0
10 12 0
10 16 0
10 31 0
11 9 0
11 12 0
11 32 0
11 33 0
12 2 0
12 10 0
12 11 0
13 8 0
13 17 0
13 18 0
14 9 0
14 34 0
14 35 0
14 36 0
15 1 0
15 4 0
15 7 0
16 3 0
16 5 0
16 10 0
17 13 0
17 19 0
17 38 0
18 13 0
18 21 0
18 39 0
19 6 0
19 17 0
19 23 0
20 1 0
20 25 0
20 40 0
20 59 0
21 18 0
21 23 0
21 41 0
22 3 0
22 27 0
22 42 0
22 60 0
23 19 0
23 21 0
23 43 0
24 44 0
24 45 0
24 46 0
24 43 0
25 20 0
25 47 0
25 48 0
25 49 0
26 50 0
26 51 0
26 52 0
26 43 0
27 22 0
27 53 0
27 54 0
27 55 0
28 56 0
28 57 0
28 58 0
28 43 0
29 7 0
30 8 0
31 10 0
32 11 0
33 11 0
34 14 0
35 14 0
36 14 0
37 0 0
38 17 0
39 18 0
40 20 0
41 21 0
42 22 0
43 23 0
43 28 0
43 24 0
43 26 0
44 24 0
45 24 0
46 24 0
47 25 0
48 25 0
49 25 0
50 26 0
51 26 0
52 26 0
53 27 0
54 27 0
55 27 0
56 28 0
57 28 0
58 28 0
59 20 0
60 22 0
GraphDataEnd
GraphEnd
NodeEnd
NodeStart
EPTNodeID: 3
AnchorID: 18766
TreeNodeGraphID: 14
Level: 8
SimplifiedLevel: 0
EditOperation: 5 43 59 0 0
AccumulatedOpsCount: 2
AccumulatedOp: 5 43 60 0 0
AccumulatedOp: 5 43 59 0 0
ChildrenCount: 0
ChildIndices:
CompletedDBGraphIDsCount: 1
CompletedDBGraphID: 11822
GraphStart
GraphDataStart
ID: 14
NumNodes: 61
NumEdges: 124
NodeLabels
2 2 2 2 2 2 5 4 4 4 4 4 4 4 4 4 4 4 4 4 4 4 4 4 4 4 4 4 4 5 5 5 5 5 5 5 5 5 5 5 5 5 5 4 5 5 5 5 5 5 5 5 5 5 5 5 5 5 5 5 5 
Edges
0 9 0
0 37 0
1 15 0
1 20 0
2 12 0
3 16 0
3 22 0
4 15 0
5 16 0
6 19 0
7 8 0
7 9 0
7 15 0
7 29 0
8 7 0
8 10 0
8 13 0
8 30 0
9 0 0
9 7 0
9 11 0
9 14 0
10 8 0
10 12 0
10 16 0
10 31 0
11 9 0
11 12 0
11 32 0
11 33 0
12 2 0
12 10 0
12 11 0
13 8 0
13 17 0
13 18 0
14 9 0
14 34 0
14 35 0
14 36 0
15 1 0
15 4 0
15 7 0
16 3 0
16 5 0
16 10 0
17 13 0
17 19 0
17 38 0
18 13 0
18 21 0
18 39 0
19 6 0
19 17 0
19 23 0
20 1 0
20 24 0
20 25 0
20 40 0
21 18 0
21 23 0
21 41 0
22 3 0
22 26 0
22 27 0
22 42 0
23 19 0
23 21 0
23 43 0
24 20 0
24 44 0
24 45 0
24 46 0
25 20 0
25 47 0
25 48 0
25 49 0
26 22 0
26 50 0
26 51 0
26 52 0
27 22 0
27 53 0
27 54 0
27 55 0
28 56 0
28 57 0
28 58 0
28 43 0
29 7 0
30 8 0
31 10 0
32 11 0
33 11 0
34 14 0
35 14 0
36 14 0
37 0 0
38 17 0
39 18 0
40 20 0
41 21 0
42 22 0
43 23 0
43 28 0
43 60 0
43 59 0
44 24 0
45 24 0
46 24 0
47 25 0
48 25 0
49 25 0
50 26 0
51 26 0
52 26 0
53 27 0
54 27 0
55 27 0
56 28 0
57 28 0
58 28 0
59 43 0
60 43 0
GraphDataEnd
GraphEnd
NodeEnd
END_EPT
