BEGIN_EPT
AnchorID: 15413  # ID of the anchor node
RootIndex: 0  # Index of the root node in tree_nodes
NodeCount: 18  # Total number of nodes in the EPT
NodeStart
EPTNodeID: 0
AnchorID: 15413
TreeNodeGraphID: 0
Level: 0
SimplifiedLevel: 0
EditOperation: -1 0 -1 0 0
AccumulatedOpsCount: 0
ChildrenCount: 4
ChildIndices: 1 9 12 17
CompletedDBGraphIDsCount: 0
GraphStart
GraphDataStart
ID: 0
NumNodes: 58
NumEdges: 122
NodeLabels
6 2 2 2 2 2 3 3 4 4 4 4 4 4 4 4 4 4 4 4 4 4 4 4 4 4 4 4 4 4 4 4 4 4 5 5 5 5 5 5 5 5 5 5 5 5 5 5 5 5 5 5 5 5 5 5 5 5 
Edges
0 2 0
0 3 0
0 6 0
0 8 0
1 13 0
1 21 0
2 0 0
3 0 0
4 22 0
5 26 0
6 0 0
6 9 0
6 22 0
7 32 0
7 33 0
8 0 0
8 11 0
8 14 0
9 6 0
9 12 0
9 18 0
10 12 0
10 13 0
10 16 0
11 8 0
11 19 0
11 23 0
12 9 0
12 10 0
12 34 0
13 1 0
13 10 0
13 20 0
14 8 0
14 15 0
14 35 0
15 14 0
15 17 0
15 24 0
16 10 0
16 21 0
16 26 0
17 15 0
17 19 0
17 25 0
18 9 0
18 20 0
18 36 0
19 11 0
19 17 0
19 37 0
20 13 0
20 18 0
20 38 0
21 1 0
21 16 0
21 28 0
22 4 0
22 6 0
22 27 0
23 11 0
23 39 0
23 40 0
23 41 0
24 15 0
24 42 0
24 43 0
24 44 0
25 17 0
25 45 0
25 46 0
25 47 0
26 5 0
26 16 0
26 29 0
27 22 0
27 30 0
27 31 0
28 21 0
28 48 0
28 49 0
28 50 0
29 26 0
29 51 0
29 52 0
29 53 0
30 27 0
30 32 0
30 54 0
31 27 0
31 33 0
31 55 0
32 7 0
32 30 0
32 56 0
33 7 0
33 31 0
33 57 0
34 12 0
35 14 0
36 18 0
37 19 0
38 20 0
39 23 0
40 23 0
41 23 0
42 24 0
43 24 0
44 24 0
45 25 0
46 25 0
47 25 0
48 28 0
49 28 0
50 28 0
51 29 0
52 29 0
53 29 0
54 30 0
55 31 0
56 32 0
57 33 0
GraphDataEnd
GraphEnd
NodeEnd
NodeStart
EPTNodeID: 1
AnchorID: 15413
TreeNodeGraphID: 1
Level: 1
SimplifiedLevel: 0
EditOperation: 4 15 24 0 0
AccumulatedOpsCount: 1
AccumulatedOp: 4 15 24 0 0
ChildrenCount: 3
ChildIndices: 2 5 8
CompletedDBGraphIDsCount: 0
GraphStart
GraphDataStart
ID: 1
NumNodes: 58
NumEdges: 120
NodeLabels
6 2 2 2 2 2 3 3 4 4 4 4 4 4 4 4 4 4 4 4 4 4 4 4 4 4 4 4 4 4 4 4 4 4 5 5 5 5 5 5 5 5 5 5 5 5 5 5 5 5 5 5 5 5 5 5 5 5 
Edges
0 2 0
0 3 0
0 6 0
0 8 0
1 13 0
1 21 0
2 0 0
3 0 0
4 22 0
5 26 0
6 0 0
6 9 0
6 22 0
7 32 0
7 33 0
8 0 0
8 11 0
8 14 0
9 6 0
9 12 0
9 18 0
10 12 0
10 13 0
10 16 0
11 8 0
11 19 0
11 23 0
12 9 0
12 10 0
12 34 0
13 1 0
13 10 0
13 20 0
14 8 0
14 15 0
14 35 0
15 14 0
15 17 0
16 10 0
16 21 0
16 26 0
17 15 0
17 19 0
17 25 0
18 9 0
18 20 0
18 36 0
19 11 0
19 17 0
19 37 0
20 13 0
20 18 0
20 38 0
21 1 0
21 16 0
21 28 0
22 4 0
22 6 0
22 27 0
23 11 0
23 39 0
23 40 0
23 41 0
24 42 0
24 43 0
24 44 0
25 17 0
25 45 0
25 46 0
25 47 0
26 5 0
26 16 0
26 29 0
27 22 0
27 30 0
27 31 0
28 21 0
28 48 0
28 49 0
28 50 0
29 26 0
29 51 0
29 52 0
29 53 0
30 27 0
30 32 0
30 54 0
31 27 0
31 33 0
31 55 0
32 7 0
32 30 0
32 56 0
33 7 0
33 31 0
33 57 0
34 12 0
35 14 0
36 18 0
37 19 0
38 20 0
39 23 0
40 23 0
41 23 0
42 24 0
43 24 0
44 24 0
45 25 0
46 25 0
47 25 0
48 28 0
49 28 0
50 28 0
51 29 0
52 29 0
53 29 0
54 30 0
55 31 0
56 32 0
57 33 0
GraphDataEnd
GraphEnd
NodeEnd
NodeStart
EPTNodeID: 2
AnchorID: 15413
TreeNodeGraphID: 3
Level: 3
SimplifiedLevel: 0
EditOperation: 5 15 35 0 0
AccumulatedOpsCount: 2
AccumulatedOp: 4 14 35 0 0
AccumulatedOp: 5 15 35 0 0
ChildrenCount: 2
ChildIndices: 3 4
CompletedDBGraphIDsCount: 0
GraphStart
GraphDataStart
ID: 3
NumNodes: 58
NumEdges: 120
NodeLabels
6 2 2 2 2 2 3 3 4 4 4 4 4 4 4 4 4 4 4 4 4 4 4 4 4 4 4 4 4 4 4 4 4 4 5 5 5 5 5 5 5 5 5 5 5 5 5 5 5 5 5 5 5 5 5 5 5 5 
Edges
0 2 0
0 3 0
0 6 0
0 8 0
1 13 0
1 21 0
2 0 0
3 0 0
4 22 0
5 26 0
6 0 0
6 9 0
6 22 0
7 32 0
7 33 0
8 0 0
8 11 0
8 14 0
9 6 0
9 12 0
9 18 0
10 12 0
10 13 0
10 16 0
11 8 0
11 19 0
11 23 0
12 9 0
12 10 0
12 34 0
13 1 0
13 10 0
13 20 0
14 8 0
14 15 0
15 14 0
15 17 0
15 35 0
16 10 0
16 21 0
16 26 0
17 15 0
17 19 0
17 25 0
18 9 0
18 20 0
18 36 0
19 11 0
19 17 0
19 37 0
20 13 0
20 18 0
20 38 0
21 1 0
21 16 0
21 28 0
22 4 0
22 6 0
22 27 0
23 11 0
23 39 0
23 40 0
23 41 0
24 42 0
24 43 0
24 44 0
25 17 0
25 45 0
25 46 0
25 47 0
26 5 0
26 16 0
26 29 0
27 22 0
27 30 0
27 31 0
28 21 0
28 48 0
28 49 0
28 50 0
29 26 0
29 51 0
29 52 0
29 53 0
30 27 0
30 32 0
30 54 0
31 27 0
31 33 0
31 55 0
32 7 0
32 30 0
32 56 0
33 7 0
33 31 0
33 57 0
34 12 0
35 15 0
36 18 0
37 19 0
38 20 0
39 23 0
40 23 0
41 23 0
42 24 0
43 24 0
44 24 0
45 25 0
46 25 0
47 25 0
48 28 0
49 28 0
50 28 0
51 29 0
52 29 0
53 29 0
54 30 0
55 31 0
56 32 0
57 33 0
GraphDataEnd
GraphEnd
NodeEnd
NodeStart
EPTNodeID: 3
AnchorID: 15413
TreeNodeGraphID: 8
Level: 8
SimplifiedLevel: 0
EditOperation: 5 14 29 0 0
AccumulatedOpsCount: 5
AccumulatedOp: 4 26 29 0 0
AccumulatedOp: 2 58 0 0 2
AccumulatedOp: 5 5 24 0 0
AccumulatedOp: 5 26 58 0 0
AccumulatedOp: 5 14 29 0 0
ChildrenCount: 0
ChildIndices:
CompletedDBGraphIDsCount: 1
CompletedDBGraphID: 11989
GraphStart
GraphDataStart
ID: 8
NumNodes: 59
NumEdges: 124
NodeLabels
6 2 2 2 2 2 3 3 4 4 4 4 4 4 4 4 4 4 4 4 4 4 4 4 4 4 4 4 4 4 4 4 4 4 5 5 5 5 5 5 5 5 5 5 5 5 5 5 5 5 5 5 5 5 5 5 5 5 2 
Edges
0 2 0
0 3 0
0 6 0
0 8 0
1 13 0
1 21 0
2 0 0
3 0 0
4 22 0
5 26 0
5 24 0
6 0 0
6 9 0
6 22 0
7 32 0
7 33 0
8 0 0
8 11 0
8 14 0
9 6 0
9 12 0
9 18 0
10 12 0
10 13 0
10 16 0
11 8 0
11 19 0
11 23 0
12 9 0
12 10 0
12 34 0
13 1 0
13 10 0
13 20 0
14 8 0
14 15 0
14 29 0
15 14 0
15 17 0
15 35 0
16 10 0
16 21 0
16 26 0
17 15 0
17 19 0
17 25 0
18 9 0
18 20 0
18 36 0
19 11 0
19 17 0
19 37 0
20 13 0
20 18 0
20 38 0
21 1 0
21 16 0
21 28 0
22 4 0
22 6 0
22 27 0
23 11 0
23 39 0
23 40 0
23 41 0
24 42 0
24 43 0
24 44 0
24 5 0
25 17 0
25 45 0
25 46 0
25 47 0
26 5 0
26 16 0
26 58 0
27 22 0
27 30 0
27 31 0
28 21 0
28 48 0
28 49 0
28 50 0
29 51 0
29 52 0
29 53 0
29 14 0
30 27 0
30 32 0
30 54 0
31 27 0
31 33 0
31 55 0
32 7 0
32 30 0
32 56 0
33 7 0
33 31 0
33 57 0
34 12 0
35 15 0
36 18 0
37 19 0
38 20 0
39 23 0
40 23 0
41 23 0
42 24 0
43 24 0
44 24 0
45 25 0
46 25 0
47 25 0
48 28 0
49 28 0
50 28 0
51 29 0
52 29 0
53 29 0
54 30 0
55 31 0
56 32 0
57 33 0
58 26 0
GraphDataEnd
GraphEnd
NodeEnd
NodeStart
EPTNodeID: 4
AnchorID: 15413
TreeNodeGraphID: 9
Level: 4
SimplifiedLevel: 0
EditOperation: 5 14 24 0 0
AccumulatedOpsCount: 1
AccumulatedOp: 5 14 24 0 0
ChildrenCount: 0
ChildIndices:
CompletedDBGraphIDsCount: 1
CompletedDBGraphID: 10009
GraphStart
GraphDataStart
ID: 9
NumNodes: 58
NumEdges: 122
NodeLabels
6 2 2 2 2 2 3 3 4 4 4 4 4 4 4 4 4 4 4 4 4 4 4 4 4 4 4 4 4 4 4 4 4 4 5 5 5 5 5 5 5 5 5 5 5 5 5 5 5 5 5 5 5 5 5 5 5 5 
Edges
0 2 0
0 3 0
0 6 0
0 8 0
1 13 0
1 21 0
2 0 0
3 0 0
4 22 0
5 26 0
6 0 0
6 9 0
6 22 0
7 32 0
7 33 0
8 0 0
8 11 0
8 14 0
9 6 0
9 12 0
9 18 0
10 12 0
10 13 0
10 16 0
11 8 0
11 19 0
11 23 0
12 9 0
12 10 0
12 34 0
13 1 0
13 10 0
13 20 0
14 8 0
14 15 0
14 24 0
15 14 0
15 17 0
15 35 0
16 10 0
16 21 0
16 26 0
17 15 0
17 19 0
17 25 0
18 9 0
18 20 0
18 36 0
19 11 0
19 17 0
19 37 0
20 13 0
20 18 0
20 38 0
21 1 0
21 16 0
21 28 0
22 4 0
22 6 0
22 27 0
23 11 0
23 39 0
23 40 0
23 41 0
24 42 0
24 43 0
24 44 0
24 14 0
25 17 0
25 45 0
25 46 0
25 47 0
26 5 0
26 16 0
26 29 0
27 22 0
27 30 0
27 31 0
28 21 0
28 48 0
28 49 0
28 50 0
29 26 0
29 51 0
29 52 0
29 53 0
30 27 0
30 32 0
30 54 0
31 27 0
31 33 0
31 55 0
32 7 0
32 30 0
32 56 0
33 7 0
33 31 0
33 57 0
34 12 0
35 15 0
36 18 0
37 19 0
38 20 0
39 23 0
40 23 0
41 23 0
42 24 0
43 24 0
44 24 0
45 25 0
46 25 0
47 25 0
48 28 0
49 28 0
50 28 0
51 29 0
52 29 0
53 29 0
54 30 0
55 31 0
56 32 0
57 33 0
GraphDataEnd
GraphEnd
NodeEnd
NodeStart
EPTNodeID: 5
AnchorID: 15413
TreeNodeGraphID: 11
Level: 3
SimplifiedLevel: 0
EditOperation: 5 15 58 0 0
AccumulatedOpsCount: 2
AccumulatedOp: 2 58 0 0 5
AccumulatedOp: 5 15 58 0 0
ChildrenCount: 2
ChildIndices: 6 7
CompletedDBGraphIDsCount: 0
GraphStart
GraphDataStart
ID: 11
NumNodes: 59
NumEdges: 122
NodeLabels
6 2 2 2 2 2 3 3 4 4 4 4 4 4 4 4 4 4 4 4 4 4 4 4 4 4 4 4 4 4 4 4 4 4 5 5 5 5 5 5 5 5 5 5 5 5 5 5 5 5 5 5 5 5 5 5 5 5 5 
Edges
0 2 0
0 3 0
0 6 0
0 8 0
1 13 0
1 21 0
2 0 0
3 0 0
4 22 0
5 26 0
6 0 0
6 9 0
6 22 0
7 32 0
7 33 0
8 0 0
8 11 0
8 14 0
9 6 0
9 12 0
9 18 0
10 12 0
10 13 0
10 16 0
11 8 0
11 19 0
11 23 0
12 9 0
12 10 0
12 34 0
13 1 0
13 10 0
13 20 0
14 8 0
14 15 0
14 35 0
15 14 0
15 17 0
15 58 0
16 10 0
16 21 0
16 26 0
17 15 0
17 19 0
17 25 0
18 9 0
18 20 0
18 36 0
19 11 0
19 17 0
19 37 0
20 13 0
20 18 0
20 38 0
21 1 0
21 16 0
21 28 0
22 4 0
22 6 0
22 27 0
23 11 0
23 39 0
23 40 0
23 41 0
24 42 0
24 43 0
24 44 0
25 17 0
25 45 0
25 46 0
25 47 0
26 5 0
26 16 0
26 29 0
27 22 0
27 30 0
27 31 0
28 21 0
28 48 0
28 49 0
28 50 0
29 26 0
29 51 0
29 52 0
29 53 0
30 27 0
30 32 0
30 54 0
31 27 0
31 33 0
31 55 0
32 7 0
32 30 0
32 56 0
33 7 0
33 31 0
33 57 0
34 12 0
35 14 0
36 18 0
37 19 0
38 20 0
39 23 0
40 23 0
41 23 0
42 24 0
43 24 0
44 24 0
45 25 0
46 25 0
47 25 0
48 28 0
49 28 0
50 28 0
51 29 0
52 29 0
53 29 0
54 30 0
55 31 0
56 32 0
57 33 0
58 15 0
GraphDataEnd
GraphEnd
NodeEnd
NodeStart
EPTNodeID: 6
AnchorID: 15413
TreeNodeGraphID: 13
Level: 5
SimplifiedLevel: 0
EditOperation: 5 7 24 0 0
AccumulatedOpsCount: 2
AccumulatedOp: 0 7 0 3 4
AccumulatedOp: 5 7 24 0 0
ChildrenCount: 0
ChildIndices:
CompletedDBGraphIDsCount: 1
CompletedDBGraphID: 8112
GraphStart
GraphDataStart
ID: 13
NumNodes: 59
NumEdges: 124
NodeLabels
6 2 2 2 2 2 3 4 4 4 4 4 4 4 4 4 4 4 4 4 4 4 4 4 4 4 4 4 4 4 4 4 4 4 5 5 5 5 5 5 5 5 5 5 5 5 5 5 5 5 5 5 5 5 5 5 5 5 5 
Edges
0 2 0
0 3 0
0 6 0
0 8 0
1 13 0
1 21 0
2 0 0
3 0 0
4 22 0
5 26 0
6 0 0
6 9 0
6 22 0
7 32 0
7 33 0
7 24 0
8 0 0
8 11 0
8 14 0
9 6 0
9 12 0
9 18 0
10 12 0
10 13 0
10 16 0
11 8 0
11 19 0
11 23 0
12 9 0
12 10 0
12 34 0
13 1 0
13 10 0
13 20 0
14 8 0
14 15 0
14 35 0
15 14 0
15 17 0
15 58 0
16 10 0
16 21 0
16 26 0
17 15 0
17 19 0
17 25 0
18 9 0
18 20 0
18 36 0
19 11 0
19 17 0
19 37 0
20 13 0
20 18 0
20 38 0
21 1 0
21 16 0
21 28 0
22 4 0
22 6 0
22 27 0
23 11 0
23 39 0
23 40 0
23 41 0
24 42 0
24 43 0
24 44 0
24 7 0
25 17 0
25 45 0
25 46 0
25 47 0
26 5 0
26 16 0
26 29 0
27 22 0
27 30 0
27 31 0
28 21 0
28 48 0
28 49 0
28 50 0
29 26 0
29 51 0
29 52 0
29 53 0
30 27 0
30 32 0
30 54 0
31 27 0
31 33 0
31 55 0
32 7 0
32 30 0
32 56 0
33 7 0
33 31 0
33 57 0
34 12 0
35 14 0
36 18 0
37 19 0
38 20 0
39 23 0
40 23 0
41 23 0
42 24 0
43 24 0
44 24 0
45 25 0
46 25 0
47 25 0
48 28 0
49 28 0
50 28 0
51 29 0
52 29 0
53 29 0
54 30 0
55 31 0
56 32 0
57 33 0
58 15 0
GraphDataEnd
GraphEnd
NodeEnd
NodeStart
EPTNodeID: 7
AnchorID: 15413
TreeNodeGraphID: 17
Level: 7
SimplifiedLevel: 0
EditOperation: 4 26 29 0 0
AccumulatedOpsCount: 4
AccumulatedOp: 5 26 53 0 0
AccumulatedOp: 0 53 0 5 2
AccumulatedOp: 5 24 29 0 0
AccumulatedOp: 4 26 29 0 0
ChildrenCount: 0
ChildIndices:
CompletedDBGraphIDsCount: 1
CompletedDBGraphID: 17299
GraphStart
GraphDataStart
ID: 17
NumNodes: 59
NumEdges: 124
NodeLabels
6 2 2 2 2 2 3 3 4 4 4 4 4 4 4 4 4 4 4 4 4 4 4 4 4 4 4 4 4 4 4 4 4 4 5 5 5 5 5 5 5 5 5 5 5 5 5 5 5 5 5 5 5 2 5 5 5 5 5 
Edges
0 2 0
0 3 0
0 6 0
0 8 0
1 13 0
1 21 0
2 0 0
3 0 0
4 22 0
5 26 0
6 0 0
6 9 0
6 22 0
7 32 0
7 33 0
8 0 0
8 11 0
8 14 0
9 6 0
9 12 0
9 18 0
10 12 0
10 13 0
10 16 0
11 8 0
11 19 0
11 23 0
12 9 0
12 10 0
12 34 0
13 1 0
13 10 0
13 20 0
14 8 0
14 15 0
14 35 0
15 14 0
15 17 0
15 58 0
16 10 0
16 21 0
16 26 0
17 15 0
17 19 0
17 25 0
18 9 0
18 20 0
18 36 0
19 11 0
19 17 0
19 37 0
20 13 0
20 18 0
20 38 0
21 1 0
21 16 0
21 28 0
22 4 0
22 6 0
22 27 0
23 11 0
23 39 0
23 40 0
23 41 0
24 42 0
24 43 0
24 44 0
24 29 0
25 17 0
25 45 0
25 46 0
25 47 0
26 5 0
26 16 0
26 53 0
27 22 0
27 30 0
27 31 0
28 21 0
28 48 0
28 49 0
28 50 0
29 51 0
29 52 0
29 53 0
29 24 0
30 27 0
30 32 0
30 54 0
31 27 0
31 33 0
31 55 0
32 7 0
32 30 0
32 56 0
33 7 0
33 31 0
33 57 0
34 12 0
35 14 0
36 18 0
37 19 0
38 20 0
39 23 0
40 23 0
41 23 0
42 24 0
43 24 0
44 24 0
45 25 0
46 25 0
47 25 0
48 28 0
49 28 0
50 28 0
51 29 0
52 29 0
53 29 0
53 26 0
54 30 0
55 31 0
56 32 0
57 33 0
58 15 0
GraphDataEnd
GraphEnd
NodeEnd
NodeStart
EPTNodeID: 8
AnchorID: 15413
TreeNodeGraphID: 25
Level: 9
SimplifiedLevel: 0
EditOperation: 4 29 52 0 0
AccumulatedOpsCount: 8
AccumulatedOp: 5 24 29 0 0
AccumulatedOp: 5 15 52 0 0
AccumulatedOp: 0 29 0 4 2
AccumulatedOp: 4 29 51 0 0
AccumulatedOp: 1 51 0 5 0
AccumulatedOp: 4 29 53 0 0
AccumulatedOp: 1 53 0 5 0
AccumulatedOp: 4 29 52 0 0
ChildrenCount: 0
ChildIndices:
CompletedDBGraphIDsCount: 1
CompletedDBGraphID: 20309
GraphStart
GraphDataStart
ID: 25
NumNodes: 56
NumEdges: 118
NodeLabels
6 2 2 2 2 2 3 3 4 4 4 4 4 4 4 4 4 4 4 4 4 4 4 4 4 4 4 4 4 2 4 4 4 4 5 5 5 5 5 5 5 5 5 5 5 5 5 5 5 5 5 5 5 5 5 5 
Edges
0 2 0
0 3 0
0 6 0
0 8 0
1 13 0
1 21 0
2 0 0
3 0 0
4 22 0
5 26 0
6 0 0
6 9 0
6 22 0
7 32 0
7 33 0
8 0 0
8 11 0
8 14 0
9 6 0
9 12 0
9 18 0
10 12 0
10 13 0
10 16 0
11 8 0
11 19 0
11 23 0
12 9 0
12 10 0
12 34 0
13 1 0
13 10 0
13 20 0
14 8 0
14 15 0
14 35 0
15 14 0
15 17 0
15 51 0
16 10 0
16 21 0
16 26 0
17 15 0
17 19 0
17 25 0
18 9 0
18 20 0
18 36 0
19 11 0
19 17 0
19 37 0
20 13 0
20 18 0
20 38 0
21 1 0
21 16 0
21 28 0
22 4 0
22 6 0
22 27 0
23 11 0
23 39 0
23 40 0
23 41 0
24 42 0
24 43 0
24 44 0
24 29 0
25 17 0
25 45 0
25 46 0
25 47 0
26 5 0
26 16 0
26 29 0
27 22 0
27 30 0
27 31 0
28 21 0
28 48 0
28 49 0
28 50 0
29 26 0
29 24 0
30 27 0
30 32 0
30 52 0
31 27 0
31 33 0
31 53 0
32 7 0
32 30 0
32 54 0
33 7 0
33 31 0
33 55 0
34 12 0
35 14 0
36 18 0
37 19 0
38 20 0
39 23 0
40 23 0
41 23 0
42 24 0
43 24 0
44 24 0
45 25 0
46 25 0
47 25 0
48 28 0
49 28 0
50 28 0
51 15 0
52 30 0
53 31 0
54 32 0
55 33 0
GraphDataEnd
GraphEnd
NodeEnd
NodeStart
EPTNodeID: 9
AnchorID: 15413
TreeNodeGraphID: 26
Level: 1
SimplifiedLevel: 0
EditOperation: 4 26 29 0 0
AccumulatedOpsCount: 1
AccumulatedOp: 4 26 29 0 0
ChildrenCount: 2
ChildIndices: 10 11
CompletedDBGraphIDsCount: 0
GraphStart
GraphDataStart
ID: 26
NumNodes: 58
NumEdges: 120
NodeLabels
6 2 2 2 2 2 3 3 4 4 4 4 4 4 4 4 4 4 4 4 4 4 4 4 4 4 4 4 4 4 4 4 4 4 5 5 5 5 5 5 5 5 5 5 5 5 5 5 5 5 5 5 5 5 5 5 5 5 
Edges
0 2 0
0 3 0
0 6 0
0 8 0
1 13 0
1 21 0
2 0 0
3 0 0
4 22 0
5 26 0
6 0 0
6 9 0
6 22 0
7 32 0
7 33 0
8 0 0
8 11 0
8 14 0
9 6 0
9 12 0
9 18 0
10 12 0
10 13 0
10 16 0
11 8 0
11 19 0
11 23 0
12 9 0
12 10 0
12 34 0
13 1 0
13 10 0
13 20 0
14 8 0
14 15 0
14 35 0
15 14 0
15 17 0
15 24 0
16 10 0
16 21 0
16 26 0
17 15 0
17 19 0
17 25 0
18 9 0
18 20 0
18 36 0
19 11 0
19 17 0
19 37 0
20 13 0
20 18 0
20 38 0
21 1 0
21 16 0
21 28 0
22 4 0
22 6 0
22 27 0
23 11 0
23 39 0
23 40 0
23 41 0
24 15 0
24 42 0
24 43 0
24 44 0
25 17 0
25 45 0
25 46 0
25 47 0
26 5 0
26 16 0
27 22 0
27 30 0
27 31 0
28 21 0
28 48 0
28 49 0
28 50 0
29 51 0
29 52 0
29 53 0
30 27 0
30 32 0
30 54 0
31 27 0
31 33 0
31 55 0
32 7 0
32 30 0
32 56 0
33 7 0
33 31 0
33 57 0
34 12 0
35 14 0
36 18 0
37 19 0
38 20 0
39 23 0
40 23 0
41 23 0
42 24 0
43 24 0
44 24 0
45 25 0
46 25 0
47 25 0
48 28 0
49 28 0
50 28 0
51 29 0
52 29 0
53 29 0
54 30 0
55 31 0
56 32 0
57 33 0
GraphDataEnd
GraphEnd
NodeEnd
NodeStart
EPTNodeID: 10
AnchorID: 15413
TreeNodeGraphID: 32
Level: 7
SimplifiedLevel: 0
EditOperation: 5 25 29 0 0
AccumulatedOpsCount: 6
AccumulatedOp: 0 53 0 5 2
AccumulatedOp: 2 58 0 0 5
AccumulatedOp: 4 17 25 0 0
AccumulatedOp: 5 26 53 0 0
AccumulatedOp: 5 17 58 0 0
AccumulatedOp: 5 25 29 0 0
ChildrenCount: 0
ChildIndices:
CompletedDBGraphIDsCount: 1
CompletedDBGraphID: 18715
GraphStart
GraphDataStart
ID: 32
NumNodes: 59
NumEdges: 124
NodeLabels
6 2 2 2 2 2 3 3 4 4 4 4 4 4 4 4 4 4 4 4 4 4 4 4 4 4 4 4 4 4 4 4 4 4 5 5 5 5 5 5 5 5 5 5 5 5 5 5 5 5 5 5 5 2 5 5 5 5 5 
Edges
0 2 0
0 3 0
0 6 0
0 8 0
1 13 0
1 21 0
2 0 0
3 0 0
4 22 0
5 26 0
6 0 0
6 9 0
6 22 0
7 32 0
7 33 0
8 0 0
8 11 0
8 14 0
9 6 0
9 12 0
9 18 0
10 12 0
10 13 0
10 16 0
11 8 0
11 19 0
11 23 0
12 9 0
12 10 0
12 34 0
13 1 0
13 10 0
13 20 0
14 8 0
14 15 0
14 35 0
15 14 0
15 17 0
15 24 0
16 10 0
16 21 0
16 26 0
17 15 0
17 19 0
17 58 0
18 9 0
18 20 0
18 36 0
19 11 0
19 17 0
19 37 0
20 13 0
20 18 0
20 38 0
21 1 0
21 16 0
21 28 0
22 4 0
22 6 0
22 27 0
23 11 0
23 39 0
23 40 0
23 41 0
24 15 0
24 42 0
24 43 0
24 44 0
25 45 0
25 46 0
25 47 0
25 29 0
26 5 0
26 16 0
26 53 0
27 22 0
27 30 0
27 31 0
28 21 0
28 48 0
28 49 0
28 50 0
29 51 0
29 52 0
29 53 0
29 25 0
30 27 0
30 32 0
30 54 0
31 27 0
31 33 0
31 55 0
32 7 0
32 30 0
32 56 0
33 7 0
33 31 0
33 57 0
34 12 0
35 14 0
36 18 0
37 19 0
38 20 0
39 23 0
40 23 0
41 23 0
42 24 0
43 24 0
44 24 0
45 25 0
46 25 0
47 25 0
48 28 0
49 28 0
50 28 0
51 29 0
52 29 0
53 29 0
53 26 0
54 30 0
55 31 0
56 32 0
57 33 0
58 17 0
GraphDataEnd
GraphEnd
NodeEnd
NodeStart
EPTNodeID: 11
AnchorID: 15413
TreeNodeGraphID: 35
Level: 4
SimplifiedLevel: 0
EditOperation: 5 29 58 0 0
AccumulatedOpsCount: 3
AccumulatedOp: 2 58 0 0 2
AccumulatedOp: 5 26 58 0 0
AccumulatedOp: 5 29 58 0 0
ChildrenCount: 0
ChildIndices:
CompletedDBGraphIDsCount: 1
CompletedDBGraphID: 2606
GraphStart
GraphDataStart
ID: 35
NumNodes: 59
NumEdges: 124
NodeLabels
6 2 2 2 2 2 3 3 4 4 4 4 4 4 4 4 4 4 4 4 4 4 4 4 4 4 4 4 4 4 4 4 4 4 5 5 5 5 5 5 5 5 5 5 5 5 5 5 5 5 5 5 5 5 5 5 5 5 2 
Edges
0 2 0
0 3 0
0 6 0
0 8 0
1 13 0
1 21 0
2 0 0
3 0 0
4 22 0
5 26 0
6 0 0
6 9 0
6 22 0
7 32 0
7 33 0
8 0 0
8 11 0
8 14 0
9 6 0
9 12 0
9 18 0
10 12 0
10 13 0
10 16 0
11 8 0
11 19 0
11 23 0
12 9 0
12 10 0
12 34 0
13 1 0
13 10 0
13 20 0
14 8 0
14 15 0
14 35 0
15 14 0
15 17 0
15 24 0
16 10 0
16 21 0
16 26 0
17 15 0
17 19 0
17 25 0
18 9 0
18 20 0
18 36 0
19 11 0
19 17 0
19 37 0
20 13 0
20 18 0
20 38 0
21 1 0
21 16 0
21 28 0
22 4 0
22 6 0
22 27 0
23 11 0
23 39 0
23 40 0
23 41 0
24 15 0
24 42 0
24 43 0
24 44 0
25 17 0
25 45 0
25 46 0
25 47 0
26 5 0
26 16 0
26 58 0
27 22 0
27 30 0
27 31 0
28 21 0
28 48 0
28 49 0
28 50 0
29 51 0
29 52 0
29 53 0
29 58 0
30 27 0
30 32 0
30 54 0
31 27 0
31 33 0
31 55 0
32 7 0
32 30 0
32 56 0
33 7 0
33 31 0
33 57 0
34 12 0
35 14 0
36 18 0
37 19 0
38 20 0
39 23 0
40 23 0
41 23 0
42 24 0
43 24 0
44 24 0
45 25 0
46 25 0
47 25 0
48 28 0
49 28 0
50 28 0
51 29 0
52 29 0
53 29 0
54 30 0
55 31 0
56 32 0
57 33 0
58 26 0
58 29 0
GraphDataEnd
GraphEnd
NodeEnd
NodeStart
EPTNodeID: 12
AnchorID: 15413
TreeNodeGraphID: 36
Level: 1
SimplifiedLevel: 0
EditOperation: 0 7 0 3 4
AccumulatedOpsCount: 1
AccumulatedOp: 0 7 0 3 4
ChildrenCount: 2
ChildIndices: 13 16
CompletedDBGraphIDsCount: 0
GraphStart
GraphDataStart
ID: 36
NumNodes: 58
NumEdges: 122
NodeLabels
6 2 2 2 2 2 3 4 4 4 4 4 4 4 4 4 4 4 4 4 4 4 4 4 4 4 4 4 4 4 4 4 4 4 5 5 5 5 5 5 5 5 5 5 5 5 5 5 5 5 5 5 5 5 5 5 5 5 
Edges
0 2 0
0 3 0
0 6 0
0 8 0
1 13 0
1 21 0
2 0 0
3 0 0
4 22 0
5 26 0
6 0 0
6 9 0
6 22 0
7 32 0
7 33 0
8 0 0
8 11 0
8 14 0
9 6 0
9 12 0
9 18 0
10 12 0
10 13 0
10 16 0
11 8 0
11 19 0
11 23 0
12 9 0
12 10 0
12 34 0
13 1 0
13 10 0
13 20 0
14 8 0
14 15 0
14 35 0
15 14 0
15 17 0
15 24 0
16 10 0
16 21 0
16 26 0
17 15 0
17 19 0
17 25 0
18 9 0
18 20 0
18 36 0
19 11 0
19 17 0
19 37 0
20 13 0
20 18 0
20 38 0
21 1 0
21 16 0
21 28 0
22 4 0
22 6 0
22 27 0
23 11 0
23 39 0
23 40 0
23 41 0
24 15 0
24 42 0
24 43 0
24 44 0
25 17 0
25 45 0
25 46 0
25 47 0
26 5 0
26 16 0
26 29 0
27 22 0
27 30 0
27 31 0
28 21 0
28 48 0
28 49 0
28 50 0
29 26 0
29 51 0
29 52 0
29 53 0
30 27 0
30 32 0
30 54 0
31 27 0
31 33 0
31 55 0
32 7 0
32 30 0
32 56 0
33 7 0
33 31 0
33 57 0
34 12 0
35 14 0
36 18 0
37 19 0
38 20 0
39 23 0
40 23 0
41 23 0
42 24 0
43 24 0
44 24 0
45 25 0
46 25 0
47 25 0
48 28 0
49 28 0
50 28 0
51 29 0
52 29 0
53 29 0
54 30 0
55 31 0
56 32 0
57 33 0
GraphDataEnd
GraphEnd
NodeEnd
NodeStart
EPTNodeID: 13
AnchorID: 15413
TreeNodeGraphID: 39
Level: 4
SimplifiedLevel: 0
EditOperation: 4 25 47 0 0
AccumulatedOpsCount: 3
AccumulatedOp: 4 25 46 0 0
AccumulatedOp: 1 46 0 5 0
AccumulatedOp: 4 25 47 0 0
ChildrenCount: 2
ChildIndices: 14 15
CompletedDBGraphIDsCount: 0
GraphStart
GraphDataStart
ID: 39
NumNodes: 57
NumEdges: 118
NodeLabels
6 2 2 2 2 2 3 4 4 4 4 4 4 4 4 4 4 4 4 4 4 4 4 4 4 4 4 4 4 4 4 4 4 4 5 5 5 5 5 5 5 5 5 5 5 5 5 5 5 5 5 5 5 5 5 5 5 
Edges
0 2 0
0 3 0
0 6 0
0 8 0
1 13 0
1 21 0
2 0 0
3 0 0
4 22 0
5 26 0
6 0 0
6 9 0
6 22 0
7 32 0
7 33 0
8 0 0
8 11 0
8 14 0
9 6 0
9 12 0
9 18 0
10 12 0
10 13 0
10 16 0
11 8 0
11 19 0
11 23 0
12 9 0
12 10 0
12 34 0
13 1 0
13 10 0
13 20 0
14 8 0
14 15 0
14 35 0
15 14 0
15 17 0
15 24 0
16 10 0
16 21 0
16 26 0
17 15 0
17 19 0
17 25 0
18 9 0
18 20 0
18 36 0
19 11 0
19 17 0
19 37 0
20 13 0
20 18 0
20 38 0
21 1 0
21 16 0
21 28 0
22 4 0
22 6 0
22 27 0
23 11 0
23 39 0
23 40 0
23 41 0
24 15 0
24 42 0
24 43 0
24 44 0
25 17 0
25 45 0
26 5 0
26 16 0
26 29 0
27 22 0
27 30 0
27 31 0
28 21 0
28 47 0
28 48 0
28 49 0
29 26 0
29 50 0
29 51 0
29 52 0
30 27 0
30 32 0
30 53 0
31 27 0
31 33 0
31 54 0
32 7 0
32 30 0
32 55 0
33 7 0
33 31 0
33 56 0
34 12 0
35 14 0
36 18 0
37 19 0
38 20 0
39 23 0
40 23 0
41 23 0
42 24 0
43 24 0
44 24 0
45 25 0
47 28 0
48 28 0
49 28 0
50 29 0
51 29 0
52 29 0
53 30 0
54 31 0
55 32 0
56 33 0
GraphDataEnd
GraphEnd
NodeEnd
NodeStart
EPTNodeID: 14
AnchorID: 15413
TreeNodeGraphID: 45
Level: 10
SimplifiedLevel: 0
EditOperation: 5 7 23 0 0
AccumulatedOpsCount: 6
AccumulatedOp: 4 14 15 0 0
AccumulatedOp: 0 15 0 4 2
AccumulatedOp: 4 11 23 0 0
AccumulatedOp: 5 11 47 0 0
AccumulatedOp: 5 14 25 0 0
AccumulatedOp: 5 7 23 0 0
ChildrenCount: 0
ChildIndices:
CompletedDBGraphIDsCount: 1
CompletedDBGraphID: 9972
GraphStart
GraphDataStart
ID: 45
NumNodes: 57
NumEdges: 120
NodeLabels
6 2 2 2 2 2 3 4 4 4 4 4 4 4 4 2 4 4 4 4 4 4 4 4 4 4 4 4 4 4 4 4 4 4 5 5 5 5 5 5 5 5 5 5 5 5 5 5 5 5 5 5 5 5 5 5 5 
Edges
0 2 0
0 3 0
0 6 0
0 8 0
1 13 0
1 21 0
2 0 0
3 0 0
4 22 0
5 26 0
6 0 0
6 9 0
6 22 0
7 32 0
7 33 0
7 23 0
8 0 0
8 11 0
8 14 0
9 6 0
9 12 0
9 18 0
10 12 0
10 13 0
10 16 0
11 8 0
11 19 0
11 46 0
12 9 0
12 10 0
12 34 0
13 1 0
13 10 0
13 20 0
14 8 0
14 35 0
14 25 0
15 17 0
15 24 0
16 10 0
16 21 0
16 26 0
17 15 0
17 19 0
17 25 0
18 9 0
18 20 0
18 36 0
19 11 0
19 17 0
19 37 0
20 13 0
20 18 0
20 38 0
21 1 0
21 16 0
21 28 0
22 4 0
22 6 0
22 27 0
23 39 0
23 40 0
23 41 0
23 7 0
24 15 0
24 42 0
24 43 0
24 44 0
25 17 0
25 45 0
25 14 0
26 5 0
26 16 0
26 29 0
27 22 0
27 30 0
27 31 0
28 21 0
28 47 0
28 48 0
28 49 0
29 26 0
29 50 0
29 51 0
29 52 0
30 27 0
30 32 0
30 53 0
31 27 0
31 33 0
31 54 0
32 7 0
32 30 0
32 55 0
33 7 0
33 31 0
33 56 0
34 12 0
35 14 0
36 18 0
37 19 0
38 20 0
39 23 0
40 23 0
41 23 0
42 24 0
43 24 0
44 24 0
45 25 0
46 11 0
47 28 0
48 28 0
49 28 0
50 29 0
51 29 0
52 29 0
53 30 0
54 31 0
55 32 0
56 33 0
GraphDataEnd
GraphEnd
NodeEnd
NodeStart
EPTNodeID: 15
AnchorID: 15413
TreeNodeGraphID: 49
Level: 8
SimplifiedLevel: 0
EditOperation: 4 25 45 0 0
AccumulatedOpsCount: 4
AccumulatedOp: 0 25 0 4 5
AccumulatedOp: 5 7 45 0 0
AccumulatedOp: 1 47 0 5 0
AccumulatedOp: 4 25 45 0 0
ChildrenCount: 0
ChildIndices:
CompletedDBGraphIDsCount: 1
CompletedDBGraphID: 4093
GraphStart
GraphDataStart
ID: 49
NumNodes: 56
NumEdges: 118
NodeLabels
6 2 2 2 2 2 3 4 4 4 4 4 4 4 4 4 4 4 4 4 4 4 4 4 4 5 4 4 4 4 4 4 4 4 5 5 5 5 5 5 5 5 5 5 5 5 5 5 5 5 5 5 5 5 5 5 
Edges
0 2 0
0 3 0
0 6 0
0 8 0
1 13 0
1 21 0
2 0 0
3 0 0
4 22 0
5 26 0
6 0 0
6 9 0
6 22 0
7 32 0
7 33 0
7 45 0
8 0 0
8 11 0
8 14 0
9 6 0
9 12 0
9 18 0
10 12 0
10 13 0
10 16 0
11 8 0
11 19 0
11 23 0
12 9 0
12 10 0
12 34 0
13 1 0
13 10 0
13 20 0
14 8 0
14 15 0
14 35 0
15 14 0
15 17 0
15 24 0
16 10 0
16 21 0
16 26 0
17 15 0
17 19 0
17 25 0
18 9 0
18 20 0
18 36 0
19 11 0
19 17 0
19 37 0
20 13 0
20 18 0
20 38 0
21 1 0
21 16 0
21 28 0
22 4 0
22 6 0
22 27 0
23 11 0
23 39 0
23 40 0
23 41 0
24 15 0
24 42 0
24 43 0
24 44 0
25 17 0
26 5 0
26 16 0
26 29 0
27 22 0
27 30 0
27 31 0
28 21 0
28 46 0
28 47 0
28 48 0
29 26 0
29 49 0
29 50 0
29 51 0
30 27 0
30 32 0
30 52 0
31 27 0
31 33 0
31 53 0
32 7 0
32 30 0
32 54 0
33 7 0
33 31 0
33 55 0
34 12 0
35 14 0
36 18 0
37 19 0
38 20 0
39 23 0
40 23 0
41 23 0
42 24 0
43 24 0
44 24 0
45 7 0
46 28 0
47 28 0
48 28 0
49 29 0
50 29 0
51 29 0
52 30 0
53 31 0
54 32 0
55 33 0
GraphDataEnd
GraphEnd
NodeEnd
NodeStart
EPTNodeID: 16
AnchorID: 15413
TreeNodeGraphID: 57
Level: 9
SimplifiedLevel: 0
EditOperation: 5 7 43 0 0
AccumulatedOpsCount: 8
AccumulatedOp: 0 43 0 5 7
AccumulatedOp: 0 24 0 4 5
AccumulatedOp: 4 24 42 0 0
AccumulatedOp: 1 42 0 5 0
AccumulatedOp: 4 24 43 0 0
AccumulatedOp: 4 24 44 0 0
AccumulatedOp: 1 44 0 5 0
AccumulatedOp: 5 7 43 0 0
ChildrenCount: 0
ChildIndices:
CompletedDBGraphIDsCount: 1
CompletedDBGraphID: 9276
GraphStart
GraphDataStart
ID: 57
NumNodes: 56
NumEdges: 118
NodeLabels
6 2 2 2 2 2 3 4 4 4 4 4 4 4 4 4 4 4 4 4 4 4 4 4 5 4 4 4 4 4 4 4 4 4 5 5 5 5 5 5 5 5 7 5 5 5 5 5 5 5 5 5 5 5 5 5 
Edges
0 2 0
0 3 0
0 6 0
0 8 0
1 13 0
1 21 0
2 0 0
3 0 0
4 22 0
5 26 0
6 0 0
6 9 0
6 22 0
7 32 0
7 33 0
7 42 0
8 0 0
8 11 0
8 14 0
9 6 0
9 12 0
9 18 0
10 12 0
10 13 0
10 16 0
11 8 0
11 19 0
11 23 0
12 9 0
12 10 0
12 34 0
13 1 0
13 10 0
13 20 0
14 8 0
14 15 0
14 35 0
15 14 0
15 17 0
15 24 0
16 10 0
16 21 0
16 26 0
17 15 0
17 19 0
17 25 0
18 9 0
18 20 0
18 36 0
19 11 0
19 17 0
19 37 0
20 13 0
20 18 0
20 38 0
21 1 0
21 16 0
21 28 0
22 4 0
22 6 0
22 27 0
23 11 0
23 39 0
23 40 0
23 41 0
24 15 0
25 17 0
25 43 0
25 44 0
25 45 0
26 5 0
26 16 0
26 29 0
27 22 0
27 30 0
27 31 0
28 21 0
28 46 0
28 47 0
28 48 0
29 26 0
29 49 0
29 50 0
29 51 0
30 27 0
30 32 0
30 52 0
31 27 0
31 33 0
31 53 0
32 7 0
32 30 0
32 54 0
33 7 0
33 31 0
33 55 0
34 12 0
35 14 0
36 18 0
37 19 0
38 20 0
39 23 0
40 23 0
41 23 0
42 7 0
43 25 0
44 25 0
45 25 0
46 28 0
47 28 0
48 28 0
49 29 0
50 29 0
51 29 0
52 30 0
53 31 0
54 32 0
55 33 0
GraphDataEnd
GraphEnd
NodeEnd
NodeStart
EPTNodeID: 17
AnchorID: 15413
TreeNodeGraphID: 66
Level: 9
SimplifiedLevel: 0
EditOperation: 5 17 51 0 0
AccumulatedOpsCount: 9
AccumulatedOp: 5 25 29 0 0
AccumulatedOp: 0 29 0 4 2
AccumulatedOp: 4 29 52 0 0
AccumulatedOp: 1 52 0 5 0
AccumulatedOp: 4 17 25 0 0
AccumulatedOp: 4 29 53 0 0
AccumulatedOp: 1 53 0 5 0
AccumulatedOp: 4 29 51 0 0
AccumulatedOp: 5 17 51 0 0
ChildrenCount: 0
ChildIndices:
CompletedDBGraphIDsCount: 1
CompletedDBGraphID: 18288
GraphStart
GraphDataStart
ID: 66
NumNodes: 56
NumEdges: 118
NodeLabels
6 2 2 2 2 2 3 3 4 4 4 4 4 4 4 4 4 4 4 4 4 4 4 4 4 4 4 4 4 2 4 4 4 4 5 5 5 5 5 5 5 5 5 5 5 5 5 5 5 5 5 5 5 5 5 5 
Edges
0 2 0
0 3 0
0 6 0
0 8 0
1 13 0
1 21 0
2 0 0
3 0 0
4 22 0
5 26 0
6 0 0
6 9 0
6 22 0
7 32 0
7 33 0
8 0 0
8 11 0
8 14 0
9 6 0
9 12 0
9 18 0
10 12 0
10 13 0
10 16 0
11 8 0
11 19 0
11 23 0
12 9 0
12 10 0
12 34 0
13 1 0
13 10 0
13 20 0
14 8 0
14 15 0
14 35 0
15 14 0
15 17 0
15 24 0
16 10 0
16 21 0
16 26 0
17 15 0
17 19 0
17 51 0
18 9 0
18 20 0
18 36 0
19 11 0
19 17 0
19 37 0
20 13 0
20 18 0
20 38 0
21 1 0
21 16 0
21 28 0
22 4 0
22 6 0
22 27 0
23 11 0
23 39 0
23 40 0
23 41 0
24 15 0
24 42 0
24 43 0
24 44 0
25 45 0
25 46 0
25 47 0
25 29 0
26 5 0
26 16 0
26 29 0
27 22 0
27 30 0
27 31 0
28 21 0
28 48 0
28 49 0
28 50 0
29 26 0
29 25 0
30 27 0
30 32 0
30 52 0
31 27 0
31 33 0
31 53 0
32 7 0
32 30 0
32 54 0
33 7 0
33 31 0
33 55 0
34 12 0
35 14 0
36 18 0
37 19 0
38 20 0
39 23 0
40 23 0
41 23 0
42 24 0
43 24 0
44 24 0
45 25 0
46 25 0
47 25 0
48 28 0
49 28 0
50 28 0
51 17 0
52 30 0
53 31 0
54 32 0
55 33 0
GraphDataEnd
GraphEnd
NodeEnd
END_EPT
