BEGIN_EPT
AnchorID: 22264  # ID of the anchor node
RootIndex: 0  # Index of the root node in tree_nodes
NodeCount: 25  # Total number of nodes in the EPT
NodeStart
EPTNodeID: 0
AnchorID: 22264
TreeNodeGraphID: 0
Level: 0
SimplifiedLevel: 0
EditOperation: -1 0 -1 0 0
AccumulatedOpsCount: 0
ChildrenCount: 2
ChildIndices: 1 22
CompletedDBGraphIDsCount: 0
GraphStart
GraphDataStart
ID: 0
NumNodes: 49
NumEdges: 108
NodeLabels
7 7 1 2 2 2 2 2 3 4 4 4 4 4 4 4 4 4 4 4 4 4 4 4 4 4 4 4 4 4 4 4 4 4 4 5 5 5 5 5 5 5 5 5 5 5 5 5 5 
Edges
0 32 0
1 34 0
2 31 0
3 11 0
3 12 0
4 13 0
5 14 0
6 15 0
7 16 0
8 13 0
8 14 0
8 20 0
9 10 0
9 11 0
9 13 0
9 35 0
10 9 0
10 12 0
10 14 0
10 36 0
11 3 0
11 9 0
11 15 0
11 16 0
12 3 0
12 10 0
12 17 0
12 37 0
13 4 0
13 8 0
13 9 0
14 5 0
14 8 0
14 10 0
15 6 0
15 11 0
15 18 0
16 7 0
16 11 0
16 19 0
17 12 0
17 21 0
17 22 0
18 15 0
18 19 0
18 24 0
19 16 0
19 18 0
19 23 0
20 8 0
20 25 0
20 26 0
21 17 0
21 29 0
21 38 0
22 17 0
22 30 0
22 39 0
23 19 0
23 28 0
23 40 0
24 18 0
24 27 0
24 41 0
25 20 0
25 32 0
25 42 0
26 20 0
26 33 0
26 43 0
27 24 0
27 28 0
27 45 0
28 23 0
28 27 0
28 44 0
29 21 0
29 31 0
29 46 0
30 22 0
30 31 0
30 47 0
31 2 0
31 29 0
31 30 0
32 0 0
32 25 0
32 34 0
33 26 0
33 34 0
33 48 0
34 1 0
34 32 0
34 33 0
35 9 0
36 10 0
37 12 0
38 21 0
39 22 0
40 23 0
41 24 0
42 25 0
43 26 0
44 28 0
45 27 0
46 29 0
47 30 0
48 33 0
GraphDataEnd
GraphEnd
NodeEnd
NodeStart
EPTNodeID: 1
AnchorID: 22264
TreeNodeGraphID: 1
Level: 1
SimplifiedLevel: 0
EditOperation: 0 0 0 7 5
AccumulatedOpsCount: 1
AccumulatedOp: 0 0 0 7 5
ChildrenCount: 5
ChildIndices: 2 12 17 20 21
CompletedDBGraphIDsCount: 0
GraphStart
GraphDataStart
ID: 1
NumNodes: 49
NumEdges: 108
NodeLabels
5 7 1 2 2 2 2 2 3 4 4 4 4 4 4 4 4 4 4 4 4 4 4 4 4 4 4 4 4 4 4 4 4 4 4 5 5 5 5 5 5 5 5 5 5 5 5 5 5 
Edges
0 32 0
1 34 0
2 31 0
3 11 0
3 12 0
4 13 0
5 14 0
6 15 0
7 16 0
8 13 0
8 14 0
8 20 0
9 10 0
9 11 0
9 13 0
9 35 0
10 9 0
10 12 0
10 14 0
10 36 0
11 3 0
11 9 0
11 15 0
11 16 0
12 3 0
12 10 0
12 17 0
12 37 0
13 4 0
13 8 0
13 9 0
14 5 0
14 8 0
14 10 0
15 6 0
15 11 0
15 18 0
16 7 0
16 11 0
16 19 0
17 12 0
17 21 0
17 22 0
18 15 0
18 19 0
18 24 0
19 16 0
19 18 0
19 23 0
20 8 0
20 25 0
20 26 0
21 17 0
21 29 0
21 38 0
22 17 0
22 30 0
22 39 0
23 19 0
23 28 0
23 40 0
24 18 0
24 27 0
24 41 0
25 20 0
25 32 0
25 42 0
26 20 0
26 33 0
26 43 0
27 24 0
27 28 0
27 45 0
28 23 0
28 27 0
28 44 0
29 21 0
29 31 0
29 46 0
30 22 0
30 31 0
30 47 0
31 2 0
31 29 0
31 30 0
32 0 0
32 25 0
32 34 0
33 26 0
33 34 0
33 48 0
34 1 0
34 32 0
34 33 0
35 9 0
36 10 0
37 12 0
38 21 0
39 22 0
40 23 0
41 24 0
42 25 0
43 26 0
44 28 0
45 27 0
46 29 0
47 30 0
48 33 0
GraphDataEnd
GraphEnd
NodeEnd
NodeStart
EPTNodeID: 2
AnchorID: 22264
TreeNodeGraphID: 3
Level: 3
SimplifiedLevel: 0
EditOperation: 2 51 0 0 5
AccumulatedOpsCount: 2
AccumulatedOp: 2 50 0 0 5
AccumulatedOp: 2 51 0 0 5
ChildrenCount: 3
ChildIndices: 3 10 11
CompletedDBGraphIDsCount: 0
GraphStart
GraphDataStart
ID: 3
NumNodes: 51
NumEdges: 108
NodeLabels
5 7 1 2 2 2 2 2 3 4 4 4 4 4 4 4 4 4 4 4 4 4 4 4 4 4 4 4 4 4 4 4 4 4 4 5 5 5 5 5 5 5 5 5 5 5 5 5 5 5 5 
Edges
0 32 0
1 34 0
2 31 0
3 11 0
3 12 0
4 13 0
5 14 0
6 15 0
7 16 0
8 13 0
8 14 0
8 20 0
9 10 0
9 11 0
9 13 0
9 35 0
10 9 0
10 12 0
10 14 0
10 36 0
11 3 0
11 9 0
11 15 0
11 16 0
12 3 0
12 10 0
12 17 0
12 37 0
13 4 0
13 8 0
13 9 0
14 5 0
14 8 0
14 10 0
15 6 0
15 11 0
15 18 0
16 7 0
16 11 0
16 19 0
17 12 0
17 21 0
17 22 0
18 15 0
18 19 0
18 24 0
19 16 0
19 18 0
19 23 0
20 8 0
20 25 0
20 26 0
21 17 0
21 29 0
21 38 0
22 17 0
22 30 0
22 39 0
23 19 0
23 28 0
23 40 0
24 18 0
24 27 0
24 41 0
25 20 0
25 32 0
25 42 0
26 20 0
26 33 0
26 43 0
27 24 0
27 28 0
27 45 0
28 23 0
28 27 0
28 44 0
29 21 0
29 31 0
29 46 0
30 22 0
30 31 0
30 47 0
31 2 0
31 29 0
31 30 0
32 0 0
32 25 0
32 34 0
33 26 0
33 34 0
33 48 0
34 1 0
34 32 0
34 33 0
35 9 0
36 10 0
37 12 0
38 21 0
39 22 0
40 23 0
41 24 0
42 25 0
43 26 0
44 28 0
45 27 0
46 29 0
47 30 0
48 33 0
GraphDataEnd
GraphEnd
NodeEnd
NodeStart
EPTNodeID: 3
AnchorID: 22264
TreeNodeGraphID: 4
Level: 4
SimplifiedLevel: 0
EditOperation: 2 49 0 0 5
AccumulatedOpsCount: 1
AccumulatedOp: 2 49 0 0 5
ChildrenCount: 2
ChildIndices: 4 7
CompletedDBGraphIDsCount: 0
GraphStart
GraphDataStart
ID: 4
NumNodes: 52
NumEdges: 108
NodeLabels
5 7 1 2 2 2 2 2 3 4 4 4 4 4 4 4 4 4 4 4 4 4 4 4 4 4 4 4 4 4 4 4 4 4 4 5 5 5 5 5 5 5 5 5 5 5 5 5 5 5 5 5 
Edges
0 32 0
1 34 0
2 31 0
3 11 0
3 12 0
4 13 0
5 14 0
6 15 0
7 16 0
8 13 0
8 14 0
8 20 0
9 10 0
9 11 0
9 13 0
9 35 0
10 9 0
10 12 0
10 14 0
10 36 0
11 3 0
11 9 0
11 15 0
11 16 0
12 3 0
12 10 0
12 17 0
12 37 0
13 4 0
13 8 0
13 9 0
14 5 0
14 8 0
14 10 0
15 6 0
15 11 0
15 18 0
16 7 0
16 11 0
16 19 0
17 12 0
17 21 0
17 22 0
18 15 0
18 19 0
18 24 0
19 16 0
19 18 0
19 23 0
20 8 0
20 25 0
20 26 0
21 17 0
21 29 0
21 38 0
22 17 0
22 30 0
22 39 0
23 19 0
23 28 0
23 40 0
24 18 0
24 27 0
24 41 0
25 20 0
25 32 0
25 42 0
26 20 0
26 33 0
26 43 0
27 24 0
27 28 0
27 45 0
28 23 0
28 27 0
28 44 0
29 21 0
29 31 0
29 46 0
30 22 0
30 31 0
30 47 0
31 2 0
31 29 0
31 30 0
32 0 0
32 25 0
32 34 0
33 26 0
33 34 0
33 48 0
34 1 0
34 32 0
34 33 0
35 9 0
36 10 0
37 12 0
38 21 0
39 22 0
40 23 0
41 24 0
42 25 0
43 26 0
44 28 0
45 27 0
46 29 0
47 30 0
48 33 0
GraphDataEnd
GraphEnd
NodeEnd
NodeStart
EPTNodeID: 4
AnchorID: 22264
TreeNodeGraphID: 5
Level: 5
SimplifiedLevel: 0
EditOperation: 0 43 0 5 7
AccumulatedOpsCount: 1
AccumulatedOp: 0 43 0 5 7
ChildrenCount: 2
ChildIndices: 5 6
CompletedDBGraphIDsCount: 0
GraphStart
GraphDataStart
ID: 5
NumNodes: 52
NumEdges: 108
NodeLabels
5 7 1 2 2 2 2 2 3 4 4 4 4 4 4 4 4 4 4 4 4 4 4 4 4 4 4 4 4 4 4 4 4 4 4 5 5 5 5 5 5 5 5 7 5 5 5 5 5 5 5 5 
Edges
0 32 0
1 34 0
2 31 0
3 11 0
3 12 0
4 13 0
5 14 0
6 15 0
7 16 0
8 13 0
8 14 0
8 20 0
9 10 0
9 11 0
9 13 0
9 35 0
10 9 0
10 12 0
10 14 0
10 36 0
11 3 0
11 9 0
11 15 0
11 16 0
12 3 0
12 10 0
12 17 0
12 37 0
13 4 0
13 8 0
13 9 0
14 5 0
14 8 0
14 10 0
15 6 0
15 11 0
15 18 0
16 7 0
16 11 0
16 19 0
17 12 0
17 21 0
17 22 0
18 15 0
18 19 0
18 24 0
19 16 0
19 18 0
19 23 0
20 8 0
20 25 0
20 26 0
21 17 0
21 29 0
21 38 0
22 17 0
22 30 0
22 39 0
23 19 0
23 28 0
23 40 0
24 18 0
24 27 0
24 41 0
25 20 0
25 32 0
25 42 0
26 20 0
26 33 0
26 43 0
27 24 0
27 28 0
27 45 0
28 23 0
28 27 0
28 44 0
29 21 0
29 31 0
29 46 0
30 22 0
30 31 0
30 47 0
31 2 0
31 29 0
31 30 0
32 0 0
32 25 0
32 34 0
33 26 0
33 34 0
33 48 0
34 1 0
34 32 0
34 33 0
35 9 0
36 10 0
37 12 0
38 21 0
39 22 0
40 23 0
41 24 0
42 25 0
43 26 0
44 28 0
45 27 0
46 29 0
47 30 0
48 33 0
GraphDataEnd
GraphEnd
NodeEnd
NodeStart
EPTNodeID: 5
AnchorID: 22264
TreeNodeGraphID: 9
Level: 9
SimplifiedLevel: 0
EditOperation: 5 2 51 0 0
AccumulatedOpsCount: 4
AccumulatedOp: 0 2 0 1 4
AccumulatedOp: 5 2 49 0 0
AccumulatedOp: 5 2 50 0 0
AccumulatedOp: 5 2 51 0 0
ChildrenCount: 0
ChildIndices:
CompletedDBGraphIDsCount: 1
CompletedDBGraphID: 7255
GraphStart
GraphDataStart
ID: 9
NumNodes: 52
NumEdges: 114
NodeLabels
5 7 4 2 2 2 2 2 3 4 4 4 4 4 4 4 4 4 4 4 4 4 4 4 4 4 4 4 4 4 4 4 4 4 4 5 5 5 5 5 5 5 5 7 5 5 5 5 5 5 5 5 
Edges
0 32 0
1 34 0
2 31 0
2 49 0
2 50 0
2 51 0
3 11 0
3 12 0
4 13 0
5 14 0
6 15 0
7 16 0
8 13 0
8 14 0
8 20 0
9 10 0
9 11 0
9 13 0
9 35 0
10 9 0
10 12 0
10 14 0
10 36 0
11 3 0
11 9 0
11 15 0
11 16 0
12 3 0
12 10 0
12 17 0
12 37 0
13 4 0
13 8 0
13 9 0
14 5 0
14 8 0
14 10 0
15 6 0
15 11 0
15 18 0
16 7 0
16 11 0
16 19 0
17 12 0
17 21 0
17 22 0
18 15 0
18 19 0
18 24 0
19 16 0
19 18 0
19 23 0
20 8 0
20 25 0
20 26 0
21 17 0
21 29 0
21 38 0
22 17 0
22 30 0
22 39 0
23 19 0
23 28 0
23 40 0
24 18 0
24 27 0
24 41 0
25 20 0
25 32 0
25 42 0
26 20 0
26 33 0
26 43 0
27 24 0
27 28 0
27 45 0
28 23 0
28 27 0
28 44 0
29 21 0
29 31 0
29 46 0
30 22 0
30 31 0
30 47 0
31 2 0
31 29 0
31 30 0
32 0 0
32 25 0
32 34 0
33 26 0
33 34 0
33 48 0
34 1 0
34 32 0
34 33 0
35 9 0
36 10 0
37 12 0
38 21 0
39 22 0
40 23 0
41 24 0
42 25 0
43 26 0
44 28 0
45 27 0
46 29 0
47 30 0
48 33 0
49 2 0
50 2 0
51 2 0
GraphDataEnd
GraphEnd
NodeEnd
NodeStart
EPTNodeID: 6
AnchorID: 22264
TreeNodeGraphID: 14
Level: 10
SimplifiedLevel: 0
EditOperation: 5 47 51 0 0
AccumulatedOpsCount: 5
AccumulatedOp: 0 2 0 1 5
AccumulatedOp: 0 47 0 5 4
AccumulatedOp: 5 47 49 0 0
AccumulatedOp: 5 47 50 0 0
AccumulatedOp: 5 47 51 0 0
ChildrenCount: 0
ChildIndices:
CompletedDBGraphIDsCount: 1
CompletedDBGraphID: 13944
GraphStart
GraphDataStart
ID: 14
NumNodes: 52
NumEdges: 114
NodeLabels
5 7 5 2 2 2 2 2 3 4 4 4 4 4 4 4 4 4 4 4 4 4 4 4 4 4 4 4 4 4 4 4 4 4 4 5 5 5 5 5 5 5 5 7 5 5 5 4 5 5 5 5 
Edges
0 32 0
1 34 0
2 31 0
3 11 0
3 12 0
4 13 0
5 14 0
6 15 0
7 16 0
8 13 0
8 14 0
8 20 0
9 10 0
9 11 0
9 13 0
9 35 0
10 9 0
10 12 0
10 14 0
10 36 0
11 3 0
11 9 0
11 15 0
11 16 0
12 3 0
12 10 0
12 17 0
12 37 0
13 4 0
13 8 0
13 9 0
14 5 0
14 8 0
14 10 0
15 6 0
15 11 0
15 18 0
16 7 0
16 11 0
16 19 0
17 12 0
17 21 0
17 22 0
18 15 0
18 19 0
18 24 0
19 16 0
19 18 0
19 23 0
20 8 0
20 25 0
20 26 0
21 17 0
21 29 0
21 38 0
22 17 0
22 30 0
22 39 0
23 19 0
23 28 0
23 40 0
24 18 0
24 27 0
24 41 0
25 20 0
25 32 0
25 42 0
26 20 0
26 33 0
26 43 0
27 24 0
27 28 0
27 45 0
28 23 0
28 27 0
28 44 0
29 21 0
29 31 0
29 46 0
30 22 0
30 31 0
30 47 0
31 2 0
31 29 0
31 30 0
32 0 0
32 25 0
32 34 0
33 26 0
33 34 0
33 48 0
34 1 0
34 32 0
34 33 0
35 9 0
36 10 0
37 12 0
38 21 0
39 22 0
40 23 0
41 24 0
42 25 0
43 26 0
44 28 0
45 27 0
46 29 0
47 30 0
47 49 0
47 50 0
47 51 0
48 33 0
49 47 0
50 47 0
51 47 0
GraphDataEnd
GraphEnd
NodeEnd
NodeStart
EPTNodeID: 7
AnchorID: 22264
TreeNodeGraphID: 19
Level: 9
SimplifiedLevel: 0
EditOperation: 5 1 51 0 0
AccumulatedOpsCount: 5
AccumulatedOp: 0 1 0 7 4
AccumulatedOp: 0 39 0 5 7
AccumulatedOp: 5 1 49 0 0
AccumulatedOp: 5 1 50 0 0
AccumulatedOp: 5 1 51 0 0
ChildrenCount: 2
ChildIndices: 8 9
CompletedDBGraphIDsCount: 0
GraphStart
GraphDataStart
ID: 19
NumNodes: 52
NumEdges: 114
NodeLabels
5 4 1 2 2 2 2 2 3 4 4 4 4 4 4 4 4 4 4 4 4 4 4 4 4 4 4 4 4 4 4 4 4 4 4 5 5 5 5 7 5 5 5 5 5 5 5 5 5 5 5 5 
Edges
0 32 0
1 34 0
1 49 0
1 50 0
1 51 0
2 31 0
3 11 0
3 12 0
4 13 0
5 14 0
6 15 0
7 16 0
8 13 0
8 14 0
8 20 0
9 10 0
9 11 0
9 13 0
9 35 0
10 9 0
10 12 0
10 14 0
10 36 0
11 3 0
11 9 0
11 15 0
11 16 0
12 3 0
12 10 0
12 17 0
12 37 0
13 4 0
13 8 0
13 9 0
14 5 0
14 8 0
14 10 0
15 6 0
15 11 0
15 18 0
16 7 0
16 11 0
16 19 0
17 12 0
17 21 0
17 22 0
18 15 0
18 19 0
18 24 0
19 16 0
19 18 0
19 23 0
20 8 0
20 25 0
20 26 0
21 17 0
21 29 0
21 38 0
22 17 0
22 30 0
22 39 0
23 19 0
23 28 0
23 40 0
24 18 0
24 27 0
24 41 0
25 20 0
25 32 0
25 42 0
26 20 0
26 33 0
26 43 0
27 24 0
27 28 0
27 45 0
28 23 0
28 27 0
28 44 0
29 21 0
29 31 0
29 46 0
30 22 0
30 31 0
30 47 0
31 2 0
31 29 0
31 30 0
32 0 0
32 25 0
32 34 0
33 26 0
33 34 0
33 48 0
34 1 0
34 32 0
34 33 0
35 9 0
36 10 0
37 12 0
38 21 0
39 22 0
40 23 0
41 24 0
42 25 0
43 26 0
44 28 0
45 27 0
46 29 0
47 30 0
48 33 0
49 1 0
50 1 0
51 1 0
GraphDataEnd
GraphEnd
NodeEnd
NodeStart
EPTNodeID: 8
AnchorID: 22264
TreeNodeGraphID: 20
Level: 10
SimplifiedLevel: 0
EditOperation: 0 2 0 1 7
AccumulatedOpsCount: 1
AccumulatedOp: 0 2 0 1 7
ChildrenCount: 0
ChildIndices:
CompletedDBGraphIDsCount: 1
CompletedDBGraphID: 22023
GraphStart
GraphDataStart
ID: 20
NumNodes: 52
NumEdges: 114
NodeLabels
5 4 7 2 2 2 2 2 3 4 4 4 4 4 4 4 4 4 4 4 4 4 4 4 4 4 4 4 4 4 4 4 4 4 4 5 5 5 5 7 5 5 5 5 5 5 5 5 5 5 5 5 
Edges
0 32 0
1 34 0
1 49 0
1 50 0
1 51 0
2 31 0
3 11 0
3 12 0
4 13 0
5 14 0
6 15 0
7 16 0
8 13 0
8 14 0
8 20 0
9 10 0
9 11 0
9 13 0
9 35 0
10 9 0
10 12 0
10 14 0
10 36 0
11 3 0
11 9 0
11 15 0
11 16 0
12 3 0
12 10 0
12 17 0
12 37 0
13 4 0
13 8 0
13 9 0
14 5 0
14 8 0
14 10 0
15 6 0
15 11 0
15 18 0
16 7 0
16 11 0
16 19 0
17 12 0
17 21 0
17 22 0
18 15 0
18 19 0
18 24 0
19 16 0
19 18 0
19 23 0
20 8 0
20 25 0
20 26 0
21 17 0
21 29 0
21 38 0
22 17 0
22 30 0
22 39 0
23 19 0
23 28 0
23 40 0
24 18 0
24 27 0
24 41 0
25 20 0
25 32 0
25 42 0
26 20 0
26 33 0
26 43 0
27 24 0
27 28 0
27 45 0
28 23 0
28 27 0
28 44 0
29 21 0
29 31 0
29 46 0
30 22 0
30 31 0
30 47 0
31 2 0
31 29 0
31 30 0
32 0 0
32 25 0
32 34 0
33 26 0
33 34 0
33 48 0
34 1 0
34 32 0
34 33 0
35 9 0
36 10 0
37 12 0
38 21 0
39 22 0
40 23 0
41 24 0
42 25 0
43 26 0
44 28 0
45 27 0
46 29 0
47 30 0
48 33 0
49 1 0
50 1 0
51 1 0
GraphDataEnd
GraphEnd
NodeEnd
NodeStart
EPTNodeID: 9
AnchorID: 22264
TreeNodeGraphID: 22
Level: 11
SimplifiedLevel: 0
EditOperation: 0 47 0 5 7
AccumulatedOpsCount: 2
AccumulatedOp: 0 2 0 1 5
AccumulatedOp: 0 47 0 5 7
ChildrenCount: 0
ChildIndices:
CompletedDBGraphIDsCount: 1
CompletedDBGraphID: 12320
GraphStart
GraphDataStart
ID: 22
NumNodes: 52
NumEdges: 114
NodeLabels
5 4 5 2 2 2 2 2 3 4 4 4 4 4 4 4 4 4 4 4 4 4 4 4 4 4 4 4 4 4 4 4 4 4 4 5 5 5 5 7 5 5 5 5 5 5 5 7 5 5 5 5 
Edges
0 32 0
1 34 0
1 49 0
1 50 0
1 51 0
2 31 0
3 11 0
3 12 0
4 13 0
5 14 0
6 15 0
7 16 0
8 13 0
8 14 0
8 20 0
9 10 0
9 11 0
9 13 0
9 35 0
10 9 0
10 12 0
10 14 0
10 36 0
11 3 0
11 9 0
11 15 0
11 16 0
12 3 0
12 10 0
12 17 0
12 37 0
13 4 0
13 8 0
13 9 0
14 5 0
14 8 0
14 10 0
15 6 0
15 11 0
15 18 0
16 7 0
16 11 0
16 19 0
17 12 0
17 21 0
17 22 0
18 15 0
18 19 0
18 24 0
19 16 0
19 18 0
19 23 0
20 8 0
20 25 0
20 26 0
21 17 0
21 29 0
21 38 0
22 17 0
22 30 0
22 39 0
23 19 0
23 28 0
23 40 0
24 18 0
24 27 0
24 41 0
25 20 0
25 32 0
25 42 0
26 20 0
26 33 0
26 43 0
27 24 0
27 28 0
27 45 0
28 23 0
28 27 0
28 44 0
29 21 0
29 31 0
29 46 0
30 22 0
30 31 0
30 47 0
31 2 0
31 29 0
31 30 0
32 0 0
32 25 0
32 34 0
33 26 0
33 34 0
33 48 0
34 1 0
34 32 0
34 33 0
35 9 0
36 10 0
37 12 0
38 21 0
39 22 0
40 23 0
41 24 0
42 25 0
43 26 0
44 28 0
45 27 0
46 29 0
47 30 0
48 33 0
49 1 0
50 1 0
51 1 0
GraphDataEnd
GraphEnd
NodeEnd
NodeStart
EPTNodeID: 10
AnchorID: 22264
TreeNodeGraphID: 32
Level: 13
SimplifiedLevel: 0
EditOperation: 5 49 52 0 0
AccumulatedOpsCount: 10
AccumulatedOp: 0 39 0 5 7
AccumulatedOp: 0 1 0 7 2
AccumulatedOp: 0 2 0 1 5
AccumulatedOp: 0 47 0 5 7
AccumulatedOp: 2 49 0 0 4
AccumulatedOp: 5 49 50 0 0
AccumulatedOp: 2 52 0 0 5
AccumulatedOp: 5 1 49 0 0
AccumulatedOp: 5 49 51 0 0
AccumulatedOp: 5 49 52 0 0
ChildrenCount: 0
ChildIndices:
CompletedDBGraphIDsCount: 1
CompletedDBGraphID: 13503
GraphStart
GraphDataStart
ID: 32
NumNodes: 53
NumEdges: 116
NodeLabels
5 2 5 2 2 2 2 2 3 4 4 4 4 4 4 4 4 4 4 4 4 4 4 4 4 4 4 4 4 4 4 4 4 4 4 5 5 5 5 7 5 5 5 5 5 5 5 7 5 4 5 5 5 
Edges
0 32 0
1 34 0
1 49 0
2 31 0
3 11 0
3 12 0
4 13 0
5 14 0
6 15 0
7 16 0
8 13 0
8 14 0
8 20 0
9 10 0
9 11 0
9 13 0
9 35 0
10 9 0
10 12 0
10 14 0
10 36 0
11 3 0
11 9 0
11 15 0
11 16 0
12 3 0
12 10 0
12 17 0
12 37 0
13 4 0
13 8 0
13 9 0
14 5 0
14 8 0
14 10 0
15 6 0
15 11 0
15 18 0
16 7 0
16 11 0
16 19 0
17 12 0
17 21 0
17 22 0
18 15 0
18 19 0
18 24 0
19 16 0
19 18 0
19 23 0
20 8 0
20 25 0
20 26 0
21 17 0
21 29 0
21 38 0
22 17 0
22 30 0
22 39 0
23 19 0
23 28 0
23 40 0
24 18 0
24 27 0
24 41 0
25 20 0
25 32 0
25 42 0
26 20 0
26 33 0
26 43 0
27 24 0
27 28 0
27 45 0
28 23 0
28 27 0
28 44 0
29 21 0
29 31 0
29 46 0
30 22 0
30 31 0
30 47 0
31 2 0
31 29 0
31 30 0
32 0 0
32 25 0
32 34 0
33 26 0
33 34 0
33 48 0
34 1 0
34 32 0
34 33 0
35 9 0
36 10 0
37 12 0
38 21 0
39 22 0
40 23 0
41 24 0
42 25 0
43 26 0
44 28 0
45 27 0
46 29 0
47 30 0
48 33 0
49 50 0
49 1 0
49 51 0
49 52 0
50 49 0
51 49 0
52 49 0
GraphDataEnd
GraphEnd
NodeEnd
NodeStart
EPTNodeID: 11
AnchorID: 22264
TreeNodeGraphID: 40
Level: 11
SimplifiedLevel: 0
EditOperation: 5 49 51 0 0
AccumulatedOpsCount: 8
AccumulatedOp: 0 2 0 1 7
AccumulatedOp: 0 38 0 5 7
AccumulatedOp: 2 49 0 0 4
AccumulatedOp: 5 20 49 0 0
AccumulatedOp: 4 8 20 0 0
AccumulatedOp: 5 8 49 0 0
AccumulatedOp: 5 49 50 0 0
AccumulatedOp: 5 49 51 0 0
ChildrenCount: 0
ChildIndices:
CompletedDBGraphIDsCount: 1
CompletedDBGraphID: 6021
GraphStart
GraphDataStart
ID: 40
NumNodes: 52
NumEdges: 114
NodeLabels
5 7 7 2 2 2 2 2 3 4 4 4 4 4 4 4 4 4 4 4 4 4 4 4 4 4 4 4 4 4 4 4 4 4 4 5 5 5 7 5 5 5 5 5 5 5 5 5 5 4 5 5 
Edges
0 32 0
1 34 0
2 31 0
3 11 0
3 12 0
4 13 0
5 14 0
6 15 0
7 16 0
8 13 0
8 14 0
8 49 0
9 10 0
9 11 0
9 13 0
9 35 0
10 9 0
10 12 0
10 14 0
10 36 0
11 3 0
11 9 0
11 15 0
11 16 0
12 3 0
12 10 0
12 17 0
12 37 0
13 4 0
13 8 0
13 9 0
14 5 0
14 8 0
14 10 0
15 6 0
15 11 0
15 18 0
16 7 0
16 11 0
16 19 0
17 12 0
17 21 0
17 22 0
18 15 0
18 19 0
18 24 0
19 16 0
19 18 0
19 23 0
20 25 0
20 26 0
20 49 0
21 17 0
21 29 0
21 38 0
22 17 0
22 30 0
22 39 0
23 19 0
23 28 0
23 40 0
24 18 0
24 27 0
24 41 0
25 20 0
25 32 0
25 42 0
26 20 0
26 33 0
26 43 0
27 24 0
27 28 0
27 45 0
28 23 0
28 27 0
28 44 0
29 21 0
29 31 0
29 46 0
30 22 0
30 31 0
30 47 0
31 2 0
31 29 0
31 30 0
32 0 0
32 25 0
32 34 0
33 26 0
33 34 0
33 48 0
34 1 0
34 32 0
34 33 0
35 9 0
36 10 0
37 12 0
38 21 0
39 22 0
40 23 0
41 24 0
42 25 0
43 26 0
44 28 0
45 27 0
46 29 0
47 30 0
48 33 0
49 20 0
49 8 0
49 50 0
49 51 0
50 49 0
51 49 0
GraphDataEnd
GraphEnd
NodeEnd
NodeStart
EPTNodeID: 12
AnchorID: 22264
TreeNodeGraphID: 41
Level: 2
SimplifiedLevel: 0
EditOperation: 0 2 0 1 5
AccumulatedOpsCount: 1
AccumulatedOp: 0 2 0 1 5
ChildrenCount: 2
ChildIndices: 13 16
CompletedDBGraphIDsCount: 0
GraphStart
GraphDataStart
ID: 41
NumNodes: 49
NumEdges: 108
NodeLabels
5 7 5 2 2 2 2 2 3 4 4 4 4 4 4 4 4 4 4 4 4 4 4 4 4 4 4 4 4 4 4 4 4 4 4 5 5 5 5 5 5 5 5 5 5 5 5 5 5 
Edges
0 32 0
1 34 0
2 31 0
3 11 0
3 12 0
4 13 0
5 14 0
6 15 0
7 16 0
8 13 0
8 14 0
8 20 0
9 10 0
9 11 0
9 13 0
9 35 0
10 9 0
10 12 0
10 14 0
10 36 0
11 3 0
11 9 0
11 15 0
11 16 0
12 3 0
12 10 0
12 17 0
12 37 0
13 4 0
13 8 0
13 9 0
14 5 0
14 8 0
14 10 0
15 6 0
15 11 0
15 18 0
16 7 0
16 11 0
16 19 0
17 12 0
17 21 0
17 22 0
18 15 0
18 19 0
18 24 0
19 16 0
19 18 0
19 23 0
20 8 0
20 25 0
20 26 0
21 17 0
21 29 0
21 38 0
22 17 0
22 30 0
22 39 0
23 19 0
23 28 0
23 40 0
24 18 0
24 27 0
24 41 0
25 20 0
25 32 0
25 42 0
26 20 0
26 33 0
26 43 0
27 24 0
27 28 0
27 45 0
28 23 0
28 27 0
28 44 0
29 21 0
29 31 0
29 46 0
30 22 0
30 31 0
30 47 0
31 2 0
31 29 0
31 30 0
32 0 0
32 25 0
32 34 0
33 26 0
33 34 0
33 48 0
34 1 0
34 32 0
34 33 0
35 9 0
36 10 0
37 12 0
38 21 0
39 22 0
40 23 0
41 24 0
42 25 0
43 26 0
44 28 0
45 27 0
46 29 0
47 30 0
48 33 0
GraphDataEnd
GraphEnd
NodeEnd
NodeStart
EPTNodeID: 13
AnchorID: 22264
TreeNodeGraphID: 42
Level: 3
SimplifiedLevel: 0
EditOperation: 0 47 0 5 7
AccumulatedOpsCount: 1
AccumulatedOp: 0 47 0 5 7
ChildrenCount: 2
ChildIndices: 14 15
CompletedDBGraphIDsCount: 0
GraphStart
GraphDataStart
ID: 42
NumNodes: 49
NumEdges: 108
NodeLabels
5 7 5 2 2 2 2 2 3 4 4 4 4 4 4 4 4 4 4 4 4 4 4 4 4 4 4 4 4 4 4 4 4 4 4 5 5 5 5 5 5 5 5 5 5 5 5 7 5 
Edges
0 32 0
1 34 0
2 31 0
3 11 0
3 12 0
4 13 0
5 14 0
6 15 0
7 16 0
8 13 0
8 14 0
8 20 0
9 10 0
9 11 0
9 13 0
9 35 0
10 9 0
10 12 0
10 14 0
10 36 0
11 3 0
11 9 0
11 15 0
11 16 0
12 3 0
12 10 0
12 17 0
12 37 0
13 4 0
13 8 0
13 9 0
14 5 0
14 8 0
14 10 0
15 6 0
15 11 0
15 18 0
16 7 0
16 11 0
16 19 0
17 12 0
17 21 0
17 22 0
18 15 0
18 19 0
18 24 0
19 16 0
19 18 0
19 23 0
20 8 0
20 25 0
20 26 0
21 17 0
21 29 0
21 38 0
22 17 0
22 30 0
22 39 0
23 19 0
23 28 0
23 40 0
24 18 0
24 27 0
24 41 0
25 20 0
25 32 0
25 42 0
26 20 0
26 33 0
26 43 0
27 24 0
27 28 0
27 45 0
28 23 0
28 27 0
28 44 0
29 21 0
29 31 0
29 46 0
30 22 0
30 31 0
30 47 0
31 2 0
31 29 0
31 30 0
32 0 0
32 25 0
32 34 0
33 26 0
33 34 0
33 48 0
34 1 0
34 32 0
34 33 0
35 9 0
36 10 0
37 12 0
38 21 0
39 22 0
40 23 0
41 24 0
42 25 0
43 26 0
44 28 0
45 27 0
46 29 0
47 30 0
48 33 0
GraphDataEnd
GraphEnd
NodeEnd
NodeStart
EPTNodeID: 14
AnchorID: 22264
TreeNodeGraphID: 43
Level: 4
SimplifiedLevel: 0
EditOperation: 0 43 0 5 7
AccumulatedOpsCount: 1
AccumulatedOp: 0 43 0 5 7
ChildrenCount: 0
ChildIndices:
CompletedDBGraphIDsCount: 1
CompletedDBGraphID: 2691
GraphStart
GraphDataStart
ID: 43
NumNodes: 49
NumEdges: 108
NodeLabels
5 7 5 2 2 2 2 2 3 4 4 4 4 4 4 4 4 4 4 4 4 4 4 4 4 4 4 4 4 4 4 4 4 4 4 5 5 5 5 5 5 5 5 7 5 5 5 7 5 
Edges
0 32 0
1 34 0
2 31 0
3 11 0
3 12 0
4 13 0
5 14 0
6 15 0
7 16 0
8 13 0
8 14 0
8 20 0
9 10 0
9 11 0
9 13 0
9 35 0
10 9 0
10 12 0
10 14 0
10 36 0
11 3 0
11 9 0
11 15 0
11 16 0
12 3 0
12 10 0
12 17 0
12 37 0
13 4 0
13 8 0
13 9 0
14 5 0
14 8 0
14 10 0
15 6 0
15 11 0
15 18 0
16 7 0
16 11 0
16 19 0
17 12 0
17 21 0
17 22 0
18 15 0
18 19 0
18 24 0
19 16 0
19 18 0
19 23 0
20 8 0
20 25 0
20 26 0
21 17 0
21 29 0
21 38 0
22 17 0
22 30 0
22 39 0
23 19 0
23 28 0
23 40 0
24 18 0
24 27 0
24 41 0
25 20 0
25 32 0
25 42 0
26 20 0
26 33 0
26 43 0
27 24 0
27 28 0
27 45 0
28 23 0
28 27 0
28 44 0
29 21 0
29 31 0
29 46 0
30 22 0
30 31 0
30 47 0
31 2 0
31 29 0
31 30 0
32 0 0
32 25 0
32 34 0
33 26 0
33 34 0
33 48 0
34 1 0
34 32 0
34 33 0
35 9 0
36 10 0
37 12 0
38 21 0
39 22 0
40 23 0
41 24 0
42 25 0
43 26 0
44 28 0
45 27 0
46 29 0
47 30 0
48 33 0
GraphDataEnd
GraphEnd
NodeEnd
NodeStart
EPTNodeID: 15
AnchorID: 22264
TreeNodeGraphID: 45
Level: 5
SimplifiedLevel: 0
EditOperation: 0 43 0 5 9
AccumulatedOpsCount: 2
AccumulatedOp: 0 1 0 7 5
AccumulatedOp: 0 43 0 5 9
ChildrenCount: 0
ChildIndices:
CompletedDBGraphIDsCount: 1
CompletedDBGraphID: 10938
GraphStart
GraphDataStart
ID: 45
NumNodes: 49
NumEdges: 108
NodeLabels
5 5 5 2 2 2 2 2 3 4 4 4 4 4 4 4 4 4 4 4 4 4 4 4 4 4 4 4 4 4 4 4 4 4 4 5 5 5 5 5 5 5 5 9 5 5 5 7 5 
Edges
0 32 0
1 34 0
2 31 0
3 11 0
3 12 0
4 13 0
5 14 0
6 15 0
7 16 0
8 13 0
8 14 0
8 20 0
9 10 0
9 11 0
9 13 0
9 35 0
10 9 0
10 12 0
10 14 0
10 36 0
11 3 0
11 9 0
11 15 0
11 16 0
12 3 0
12 10 0
12 17 0
12 37 0
13 4 0
13 8 0
13 9 0
14 5 0
14 8 0
14 10 0
15 6 0
15 11 0
15 18 0
16 7 0
16 11 0
16 19 0
17 12 0
17 21 0
17 22 0
18 15 0
18 19 0
18 24 0
19 16 0
19 18 0
19 23 0
20 8 0
20 25 0
20 26 0
21 17 0
21 29 0
21 38 0
22 17 0
22 30 0
22 39 0
23 19 0
23 28 0
23 40 0
24 18 0
24 27 0
24 41 0
25 20 0
25 32 0
25 42 0
26 20 0
26 33 0
26 43 0
27 24 0
27 28 0
27 45 0
28 23 0
28 27 0
28 44 0
29 21 0
29 31 0
29 46 0
30 22 0
30 31 0
30 47 0
31 2 0
31 29 0
31 30 0
32 0 0
32 25 0
32 34 0
33 26 0
33 34 0
33 48 0
34 1 0
34 32 0
34 33 0
35 9 0
36 10 0
37 12 0
38 21 0
39 22 0
40 23 0
41 24 0
42 25 0
43 26 0
44 28 0
45 27 0
46 29 0
47 30 0
48 33 0
GraphDataEnd
GraphEnd
NodeEnd
NodeStart
EPTNodeID: 16
AnchorID: 22264
TreeNodeGraphID: 48
Level: 5
SimplifiedLevel: 0
EditOperation: 0 38 0 5 7
AccumulatedOpsCount: 3
AccumulatedOp: 0 1 0 7 8
AccumulatedOp: 0 46 0 5 7
AccumulatedOp: 0 38 0 5 7
ChildrenCount: 0
ChildIndices:
CompletedDBGraphIDsCount: 1
CompletedDBGraphID: 19305
GraphStart
GraphDataStart
ID: 48
NumNodes: 49
NumEdges: 108
NodeLabels
5 8 5 2 2 2 2 2 3 4 4 4 4 4 4 4 4 4 4 4 4 4 4 4 4 4 4 4 4 4 4 4 4 4 4 5 5 5 7 5 5 5 5 5 5 5 7 5 5 
Edges
0 32 0
1 34 0
2 31 0
3 11 0
3 12 0
4 13 0
5 14 0
6 15 0
7 16 0
8 13 0
8 14 0
8 20 0
9 10 0
9 11 0
9 13 0
9 35 0
10 9 0
10 12 0
10 14 0
10 36 0
11 3 0
11 9 0
11 15 0
11 16 0
12 3 0
12 10 0
12 17 0
12 37 0
13 4 0
13 8 0
13 9 0
14 5 0
14 8 0
14 10 0
15 6 0
15 11 0
15 18 0
16 7 0
16 11 0
16 19 0
17 12 0
17 21 0
17 22 0
18 15 0
18 19 0
18 24 0
19 16 0
19 18 0
19 23 0
20 8 0
20 25 0
20 26 0
21 17 0
21 29 0
21 38 0
22 17 0
22 30 0
22 39 0
23 19 0
23 28 0
23 40 0
24 18 0
24 27 0
24 41 0
25 20 0
25 32 0
25 42 0
26 20 0
26 33 0
26 43 0
27 24 0
27 28 0
27 45 0
28 23 0
28 27 0
28 44 0
29 21 0
29 31 0
29 46 0
30 22 0
30 31 0
30 47 0
31 2 0
31 29 0
31 30 0
32 0 0
32 25 0
32 34 0
33 26 0
33 34 0
33 48 0
34 1 0
34 32 0
34 33 0
35 9 0
36 10 0
37 12 0
38 21 0
39 22 0
40 23 0
41 24 0
42 25 0
43 26 0
44 28 0
45 27 0
46 29 0
47 30 0
48 33 0
GraphDataEnd
GraphEnd
NodeEnd
NodeStart
EPTNodeID: 17
AnchorID: 22264
TreeNodeGraphID: 49
Level: 2
SimplifiedLevel: 0
EditOperation: 0 2 0 1 7
AccumulatedOpsCount: 1
AccumulatedOp: 0 2 0 1 7
ChildrenCount: 2
ChildIndices: 18 19
CompletedDBGraphIDsCount: 0
GraphStart
GraphDataStart
ID: 49
NumNodes: 49
NumEdges: 108
NodeLabels
5 7 7 2 2 2 2 2 3 4 4 4 4 4 4 4 4 4 4 4 4 4 4 4 4 4 4 4 4 4 4 4 4 4 4 5 5 5 5 5 5 5 5 5 5 5 5 5 5 
Edges
0 32 0
1 34 0
2 31 0
3 11 0
3 12 0
4 13 0
5 14 0
6 15 0
7 16 0
8 13 0
8 14 0
8 20 0
9 10 0
9 11 0
9 13 0
9 35 0
10 9 0
10 12 0
10 14 0
10 36 0
11 3 0
11 9 0
11 15 0
11 16 0
12 3 0
12 10 0
12 17 0
12 37 0
13 4 0
13 8 0
13 9 0
14 5 0
14 8 0
14 10 0
15 6 0
15 11 0
15 18 0
16 7 0
16 11 0
16 19 0
17 12 0
17 21 0
17 22 0
18 15 0
18 19 0
18 24 0
19 16 0
19 18 0
19 23 0
20 8 0
20 25 0
20 26 0
21 17 0
21 29 0
21 38 0
22 17 0
22 30 0
22 39 0
23 19 0
23 28 0
23 40 0
24 18 0
24 27 0
24 41 0
25 20 0
25 32 0
25 42 0
26 20 0
26 33 0
26 43 0
27 24 0
27 28 0
27 45 0
28 23 0
28 27 0
28 44 0
29 21 0
29 31 0
29 46 0
30 22 0
30 31 0
30 47 0
31 2 0
31 29 0
31 30 0
32 0 0
32 25 0
32 34 0
33 26 0
33 34 0
33 48 0
34 1 0
34 32 0
34 33 0
35 9 0
36 10 0
37 12 0
38 21 0
39 22 0
40 23 0
41 24 0
42 25 0
43 26 0
44 28 0
45 27 0
46 29 0
47 30 0
48 33 0
GraphDataEnd
GraphEnd
NodeEnd
NodeStart
EPTNodeID: 18
AnchorID: 22264
TreeNodeGraphID: 50
Level: 3
SimplifiedLevel: 0
EditOperation: 0 43 0 5 7
AccumulatedOpsCount: 1
AccumulatedOp: 0 43 0 5 7
ChildrenCount: 0
ChildIndices:
CompletedDBGraphIDsCount: 1
CompletedDBGraphID: 14163
GraphStart
GraphDataStart
ID: 50
NumNodes: 49
NumEdges: 108
NodeLabels
5 7 7 2 2 2 2 2 3 4 4 4 4 4 4 4 4 4 4 4 4 4 4 4 4 4 4 4 4 4 4 4 4 4 4 5 5 5 5 5 5 5 5 7 5 5 5 5 5 
Edges
0 32 0
1 34 0
2 31 0
3 11 0
3 12 0
4 13 0
5 14 0
6 15 0
7 16 0
8 13 0
8 14 0
8 20 0
9 10 0
9 11 0
9 13 0
9 35 0
10 9 0
10 12 0
10 14 0
10 36 0
11 3 0
11 9 0
11 15 0
11 16 0
12 3 0
12 10 0
12 17 0
12 37 0
13 4 0
13 8 0
13 9 0
14 5 0
14 8 0
14 10 0
15 6 0
15 11 0
15 18 0
16 7 0
16 11 0
16 19 0
17 12 0
17 21 0
17 22 0
18 15 0
18 19 0
18 24 0
19 16 0
19 18 0
19 23 0
20 8 0
20 25 0
20 26 0
21 17 0
21 29 0
21 38 0
22 17 0
22 30 0
22 39 0
23 19 0
23 28 0
23 40 0
24 18 0
24 27 0
24 41 0
25 20 0
25 32 0
25 42 0
26 20 0
26 33 0
26 43 0
27 24 0
27 28 0
27 45 0
28 23 0
28 27 0
28 44 0
29 21 0
29 31 0
29 46 0
30 22 0
30 31 0
30 47 0
31 2 0
31 29 0
31 30 0
32 0 0
32 25 0
32 34 0
33 26 0
33 34 0
33 48 0
34 1 0
34 32 0
34 33 0
35 9 0
36 10 0
37 12 0
38 21 0
39 22 0
40 23 0
41 24 0
42 25 0
43 26 0
44 28 0
45 27 0
46 29 0
47 30 0
48 33 0
GraphDataEnd
GraphEnd
NodeEnd
NodeStart
EPTNodeID: 19
AnchorID: 22264
TreeNodeGraphID: 52
Level: 4
SimplifiedLevel: 0
EditOperation: 0 43 0 5 8
AccumulatedOpsCount: 2
AccumulatedOp: 0 1 0 7 5
AccumulatedOp: 0 43 0 5 8
ChildrenCount: 0
ChildIndices:
CompletedDBGraphIDsCount: 1
CompletedDBGraphID: 12035
GraphStart
GraphDataStart
ID: 52
NumNodes: 49
NumEdges: 108
NodeLabels
5 5 7 2 2 2 2 2 3 4 4 4 4 4 4 4 4 4 4 4 4 4 4 4 4 4 4 4 4 4 4 4 4 4 4 5 5 5 5 5 5 5 5 8 5 5 5 5 5 
Edges
0 32 0
1 34 0
2 31 0
3 11 0
3 12 0
4 13 0
5 14 0
6 15 0
7 16 0
8 13 0
8 14 0
8 20 0
9 10 0
9 11 0
9 13 0
9 35 0
10 9 0
10 12 0
10 14 0
10 36 0
11 3 0
11 9 0
11 15 0
11 16 0
12 3 0
12 10 0
12 17 0
12 37 0
13 4 0
13 8 0
13 9 0
14 5 0
14 8 0
14 10 0
15 6 0
15 11 0
15 18 0
16 7 0
16 11 0
16 19 0
17 12 0
17 21 0
17 22 0
18 15 0
18 19 0
18 24 0
19 16 0
19 18 0
19 23 0
20 8 0
20 25 0
20 26 0
21 17 0
21 29 0
21 38 0
22 17 0
22 30 0
22 39 0
23 19 0
23 28 0
23 40 0
24 18 0
24 27 0
24 41 0
25 20 0
25 32 0
25 42 0
26 20 0
26 33 0
26 43 0
27 24 0
27 28 0
27 45 0
28 23 0
28 27 0
28 44 0
29 21 0
29 31 0
29 46 0
30 22 0
30 31 0
30 47 0
31 2 0
31 29 0
31 30 0
32 0 0
32 25 0
32 34 0
33 26 0
33 34 0
33 48 0
34 1 0
34 32 0
34 33 0
35 9 0
36 10 0
37 12 0
38 21 0
39 22 0
40 23 0
41 24 0
42 25 0
43 26 0
44 28 0
45 27 0
46 29 0
47 30 0
48 33 0
GraphDataEnd
GraphEnd
NodeEnd
NodeStart
EPTNodeID: 20
AnchorID: 22264
TreeNodeGraphID: 55
Level: 4
SimplifiedLevel: 0
EditOperation: 0 42 0 5 8
AccumulatedOpsCount: 3
AccumulatedOp: 0 1 0 7 5
AccumulatedOp: 0 2 0 1 8
AccumulatedOp: 0 42 0 5 8
ChildrenCount: 0
ChildIndices:
CompletedDBGraphIDsCount: 1
CompletedDBGraphID: 4999
GraphStart
GraphDataStart
ID: 55
NumNodes: 49
NumEdges: 108
NodeLabels
5 5 8 2 2 2 2 2 3 4 4 4 4 4 4 4 4 4 4 4 4 4 4 4 4 4 4 4 4 4 4 4 4 4 4 5 5 5 5 5 5 5 8 5 5 5 5 5 5 
Edges
0 32 0
1 34 0
2 31 0
3 11 0
3 12 0
4 13 0
5 14 0
6 15 0
7 16 0
8 13 0
8 14 0
8 20 0
9 10 0
9 11 0
9 13 0
9 35 0
10 9 0
10 12 0
10 14 0
10 36 0
11 3 0
11 9 0
11 15 0
11 16 0
12 3 0
12 10 0
12 17 0
12 37 0
13 4 0
13 8 0
13 9 0
14 5 0
14 8 0
14 10 0
15 6 0
15 11 0
15 18 0
16 7 0
16 11 0
16 19 0
17 12 0
17 21 0
17 22 0
18 15 0
18 19 0
18 24 0
19 16 0
19 18 0
19 23 0
20 8 0
20 25 0
20 26 0
21 17 0
21 29 0
21 38 0
22 17 0
22 30 0
22 39 0
23 19 0
23 28 0
23 40 0
24 18 0
24 27 0
24 41 0
25 20 0
25 32 0
25 42 0
26 20 0
26 33 0
26 43 0
27 24 0
27 28 0
27 45 0
28 23 0
28 27 0
28 44 0
29 21 0
29 31 0
29 46 0
30 22 0
30 31 0
30 47 0
31 2 0
31 29 0
31 30 0
32 0 0
32 25 0
32 34 0
33 26 0
33 34 0
33 48 0
34 1 0
34 32 0
34 33 0
35 9 0
36 10 0
37 12 0
38 21 0
39 22 0
40 23 0
41 24 0
42 25 0
43 26 0
44 28 0
45 27 0
46 29 0
47 30 0
48 33 0
GraphDataEnd
GraphEnd
NodeEnd
NodeStart
EPTNodeID: 21
AnchorID: 22264
TreeNodeGraphID: 57
Level: 3
SimplifiedLevel: 0
EditOperation: 0 42 0 5 7
AccumulatedOpsCount: 2
AccumulatedOp: 0 2 0 1 8
AccumulatedOp: 0 42 0 5 7
ChildrenCount: 0
ChildIndices:
CompletedDBGraphIDsCount: 1
CompletedDBGraphID: 10353
GraphStart
GraphDataStart
ID: 57
NumNodes: 49
NumEdges: 108
NodeLabels
5 7 8 2 2 2 2 2 3 4 4 4 4 4 4 4 4 4 4 4 4 4 4 4 4 4 4 4 4 4 4 4 4 4 4 5 5 5 5 5 5 5 7 5 5 5 5 5 5 
Edges
0 32 0
1 34 0
2 31 0
3 11 0
3 12 0
4 13 0
5 14 0
6 15 0
7 16 0
8 13 0
8 14 0
8 20 0
9 10 0
9 11 0
9 13 0
9 35 0
10 9 0
10 12 0
10 14 0
10 36 0
11 3 0
11 9 0
11 15 0
11 16 0
12 3 0
12 10 0
12 17 0
12 37 0
13 4 0
13 8 0
13 9 0
14 5 0
14 8 0
14 10 0
15 6 0
15 11 0
15 18 0
16 7 0
16 11 0
16 19 0
17 12 0
17 21 0
17 22 0
18 15 0
18 19 0
18 24 0
19 16 0
19 18 0
19 23 0
20 8 0
20 25 0
20 26 0
21 17 0
21 29 0
21 38 0
22 17 0
22 30 0
22 39 0
23 19 0
23 28 0
23 40 0
24 18 0
24 27 0
24 41 0
25 20 0
25 32 0
25 42 0
26 20 0
26 33 0
26 43 0
27 24 0
27 28 0
27 45 0
28 23 0
28 27 0
28 44 0
29 21 0
29 31 0
29 46 0
30 22 0
30 31 0
30 47 0
31 2 0
31 29 0
31 30 0
32 0 0
32 25 0
32 34 0
33 26 0
33 34 0
33 48 0
34 1 0
34 32 0
34 33 0
35 9 0
36 10 0
37 12 0
38 21 0
39 22 0
40 23 0
41 24 0
42 25 0
43 26 0
44 28 0
45 27 0
46 29 0
47 30 0
48 33 0
GraphDataEnd
GraphEnd
NodeEnd
NodeStart
EPTNodeID: 22
AnchorID: 22264
TreeNodeGraphID: 59
Level: 2
SimplifiedLevel: 0
EditOperation: 2 50 0 0 5
AccumulatedOpsCount: 2
AccumulatedOp: 2 51 0 0 5
AccumulatedOp: 2 50 0 0 5
ChildrenCount: 2
ChildIndices: 23 24
CompletedDBGraphIDsCount: 0
GraphStart
GraphDataStart
ID: 59
NumNodes: 51
NumEdges: 108
NodeLabels
7 7 1 2 2 2 2 2 3 4 4 4 4 4 4 4 4 4 4 4 4 4 4 4 4 4 4 4 4 4 4 4 4 4 4 5 5 5 5 5 5 5 5 5 5 5 5 5 5 5 5 
Edges
0 32 0
1 34 0
2 31 0
3 11 0
3 12 0
4 13 0
5 14 0
6 15 0
7 16 0
8 13 0
8 14 0
8 20 0
9 10 0
9 11 0
9 13 0
9 35 0
10 9 0
10 12 0
10 14 0
10 36 0
11 3 0
11 9 0
11 15 0
11 16 0
12 3 0
12 10 0
12 17 0
12 37 0
13 4 0
13 8 0
13 9 0
14 5 0
14 8 0
14 10 0
15 6 0
15 11 0
15 18 0
16 7 0
16 11 0
16 19 0
17 12 0
17 21 0
17 22 0
18 15 0
18 19 0
18 24 0
19 16 0
19 18 0
19 23 0
20 8 0
20 25 0
20 26 0
21 17 0
21 29 0
21 38 0
22 17 0
22 30 0
22 39 0
23 19 0
23 28 0
23 40 0
24 18 0
24 27 0
24 41 0
25 20 0
25 32 0
25 42 0
26 20 0
26 33 0
26 43 0
27 24 0
27 28 0
27 45 0
28 23 0
28 27 0
28 44 0
29 21 0
29 31 0
29 46 0
30 22 0
30 31 0
30 47 0
31 2 0
31 29 0
31 30 0
32 0 0
32 25 0
32 34 0
33 26 0
33 34 0
33 48 0
34 1 0
34 32 0
34 33 0
35 9 0
36 10 0
37 12 0
38 21 0
39 22 0
40 23 0
41 24 0
42 25 0
43 26 0
44 28 0
45 27 0
46 29 0
47 30 0
48 33 0
GraphDataEnd
GraphEnd
NodeEnd
NodeStart
EPTNodeID: 23
AnchorID: 22264
TreeNodeGraphID: 64
Level: 7
SimplifiedLevel: 0
EditOperation: 5 1 50 0 0
AccumulatedOpsCount: 5
AccumulatedOp: 0 1 0 7 4
AccumulatedOp: 5 1 51 0 0
AccumulatedOp: 2 49 0 0 5
AccumulatedOp: 5 1 49 0 0
AccumulatedOp: 5 1 50 0 0
ChildrenCount: 0
ChildIndices:
CompletedDBGraphIDsCount: 1
CompletedDBGraphID: 11192
GraphStart
GraphDataStart
ID: 64
NumNodes: 52
NumEdges: 114
NodeLabels
7 4 1 2 2 2 2 2 3 4 4 4 4 4 4 4 4 4 4 4 4 4 4 4 4 4 4 4 4 4 4 4 4 4 4 5 5 5 5 5 5 5 5 5 5 5 5 5 5 5 5 5 
Edges
0 32 0
1 34 0
1 51 0
1 49 0
1 50 0
2 31 0
3 11 0
3 12 0
4 13 0
5 14 0
6 15 0
7 16 0
8 13 0
8 14 0
8 20 0
9 10 0
9 11 0
9 13 0
9 35 0
10 9 0
10 12 0
10 14 0
10 36 0
11 3 0
11 9 0
11 15 0
11 16 0
12 3 0
12 10 0
12 17 0
12 37 0
13 4 0
13 8 0
13 9 0
14 5 0
14 8 0
14 10 0
15 6 0
15 11 0
15 18 0
16 7 0
16 11 0
16 19 0
17 12 0
17 21 0
17 22 0
18 15 0
18 19 0
18 24 0
19 16 0
19 18 0
19 23 0
20 8 0
20 25 0
20 26 0
21 17 0
21 29 0
21 38 0
22 17 0
22 30 0
22 39 0
23 19 0
23 28 0
23 40 0
24 18 0
24 27 0
24 41 0
25 20 0
25 32 0
25 42 0
26 20 0
26 33 0
26 43 0
27 24 0
27 28 0
27 45 0
28 23 0
28 27 0
28 44 0
29 21 0
29 31 0
29 46 0
30 22 0
30 31 0
30 47 0
31 2 0
31 29 0
31 30 0
32 0 0
32 25 0
32 34 0
33 26 0
33 34 0
33 48 0
34 1 0
34 32 0
34 33 0
35 9 0
36 10 0
37 12 0
38 21 0
39 22 0
40 23 0
41 24 0
42 25 0
43 26 0
44 28 0
45 27 0
46 29 0
47 30 0
48 33 0
49 1 0
50 1 0
51 1 0
GraphDataEnd
GraphEnd
NodeEnd
NodeStart
EPTNodeID: 24
AnchorID: 22264
TreeNodeGraphID: 75
Level: 13
SimplifiedLevel: 0
EditOperation: 5 49 51 0 0
AccumulatedOpsCount: 11
AccumulatedOp: 0 0 0 7 2
AccumulatedOp: 0 39 0 5 7
AccumulatedOp: 0 47 0 5 7
AccumulatedOp: 2 52 0 0 5
AccumulatedOp: 0 1 0 7 5
AccumulatedOp: 0 2 0 1 5
AccumulatedOp: 2 49 0 0 4
AccumulatedOp: 5 49 52 0 0
AccumulatedOp: 5 49 50 0 0
AccumulatedOp: 5 0 49 0 0
AccumulatedOp: 5 49 51 0 0
ChildrenCount: 0
ChildIndices:
CompletedDBGraphIDsCount: 1
CompletedDBGraphID: 11103
GraphStart
GraphDataStart
ID: 75
NumNodes: 53
NumEdges: 116
NodeLabels
2 5 5 2 2 2 2 2 3 4 4 4 4 4 4 4 4 4 4 4 4 4 4 4 4 4 4 4 4 4 4 4 4 4 4 5 5 5 5 7 5 5 5 5 5 5 5 7 5 4 5 5 5 
Edges
0 32 0
0 49 0
1 34 0
2 31 0
3 11 0
3 12 0
4 13 0
5 14 0
6 15 0
7 16 0
8 13 0
8 14 0
8 20 0
9 10 0
9 11 0
9 13 0
9 35 0
10 9 0
10 12 0
10 14 0
10 36 0
11 3 0
11 9 0
11 15 0
11 16 0
12 3 0
12 10 0
12 17 0
12 37 0
13 4 0
13 8 0
13 9 0
14 5 0
14 8 0
14 10 0
15 6 0
15 11 0
15 18 0
16 7 0
16 11 0
16 19 0
17 12 0
17 21 0
17 22 0
18 15 0
18 19 0
18 24 0
19 16 0
19 18 0
19 23 0
20 8 0
20 25 0
20 26 0
21 17 0
21 29 0
21 38 0
22 17 0
22 30 0
22 39 0
23 19 0
23 28 0
23 40 0
24 18 0
24 27 0
24 41 0
25 20 0
25 32 0
25 42 0
26 20 0
26 33 0
26 43 0
27 24 0
27 28 0
27 45 0
28 23 0
28 27 0
28 44 0
29 21 0
29 31 0
29 46 0
30 22 0
30 31 0
30 47 0
31 2 0
31 29 0
31 30 0
32 0 0
32 25 0
32 34 0
33 26 0
33 34 0
33 48 0
34 1 0
34 32 0
34 33 0
35 9 0
36 10 0
37 12 0
38 21 0
39 22 0
40 23 0
41 24 0
42 25 0
43 26 0
44 28 0
45 27 0
46 29 0
47 30 0
48 33 0
49 52 0
49 50 0
49 0 0
49 51 0
50 49 0
51 49 0
52 49 0
GraphDataEnd
GraphEnd
NodeEnd
END_EPT
