BEGIN_EPT
AnchorID: 16653  # ID of the anchor node
RootIndex: 0  # Index of the root node in tree_nodes
NodeCount: 18  # Total number of nodes in the EPT
NodeStart
EPTNodeID: 0
AnchorID: 16653
TreeNodeGraphID: 0
Level: 0
SimplifiedLevel: 0
EditOperation: -1 0 -1 0 0
AccumulatedOpsCount: 0
ChildrenCount: 4
ChildIndices: 1 13 16 17
CompletedDBGraphIDsCount: 3
CompletedDBGraphID: 2684
CompletedDBGraphID: 2424
CompletedDBGraphID: 14199
GraphStart
GraphDataStart
ID: 0
NumNodes: 77
NumEdges: 162
NodeLabels
2 2 2 2 2 2 2 3 4 4 4 4 4 4 4 4 4 4 4 4 4 4 4 4 4 4 4 4 4 4 4 4 4 4 4 4 4 4 4 4 5 5 5 5 5 5 5 5 5 5 5 5 5 5 5 5 5 5 5 5 5 5 5 5 5 5 5 5 5 5 5 5 5 5 5 5 5 
Edges
0 14 0
0 25 0
1 16 0
2 25 0
3 31 0
3 37 0
4 35 0
4 38 0
5 33 0
5 67 0
6 36 0
6 39 0
7 12 0
7 22 0
7 57 0
8 11 0
8 13 0
8 23 0
8 40 0
9 10 0
9 15 0
9 24 0
9 41 0
10 9 0
10 12 0
10 16 0
11 8 0
11 12 0
11 42 0
11 43 0
12 7 0
12 10 0
12 11 0
13 8 0
13 16 0
13 44 0
13 45 0
14 0 0
14 17 0
14 18 0
14 46 0
15 9 0
15 22 0
15 25 0
16 1 0
16 10 0
16 13 0
17 14 0
17 19 0
17 47 0
17 48 0
18 14 0
18 20 0
18 49 0
18 50 0
19 17 0
19 21 0
19 51 0
19 52 0
20 18 0
20 21 0
20 53 0
20 54 0
21 19 0
21 20 0
21 55 0
21 56 0
22 7 0
22 15 0
22 26 0
23 8 0
23 27 0
23 28 0
24 9 0
24 29 0
24 30 0
25 0 0
25 2 0
25 15 0
26 22 0
26 58 0
26 59 0
26 60 0
27 23 0
27 31 0
27 61 0
28 23 0
28 32 0
28 62 0
29 24 0
29 33 0
29 63 0
30 24 0
30 34 0
30 64 0
31 3 0
31 27 0
31 35 0
32 28 0
32 35 0
32 65 0
33 5 0
33 29 0
33 36 0
34 30 0
34 36 0
34 66 0
35 4 0
35 31 0
35 32 0
36 6 0
36 33 0
36 34 0
37 3 0
37 68 0
37 69 0
37 70 0
38 4 0
38 71 0
38 72 0
38 73 0
39 6 0
39 74 0
39 75 0
39 76 0
40 8 0
41 9 0
42 11 0
43 11 0
44 13 0
45 13 0
46 14 0
47 17 0
48 17 0
49 18 0
50 18 0
51 19 0
52 19 0
53 20 0
54 20 0
55 21 0
56 21 0
57 7 0
58 26 0
59 26 0
60 26 0
61 27 0
62 28 0
63 29 0
64 30 0
65 32 0
66 34 0
67 5 0
68 37 0
69 37 0
70 37 0
71 38 0
72 38 0
73 38 0
74 39 0
75 39 0
76 39 0
GraphDataEnd
GraphEnd
NodeEnd
NodeStart
EPTNodeID: 1
AnchorID: 16653
TreeNodeGraphID: 1
Level: 1
SimplifiedLevel: 0
EditOperation: 4 5 67 0 0
AccumulatedOpsCount: 1
AccumulatedOp: 4 5 67 0 0
ChildrenCount: 3
ChildIndices: 2 9 12
CompletedDBGraphIDsCount: 0
GraphStart
GraphDataStart
ID: 1
NumNodes: 77
NumEdges: 160
NodeLabels
2 2 2 2 2 2 2 3 4 4 4 4 4 4 4 4 4 4 4 4 4 4 4 4 4 4 4 4 4 4 4 4 4 4 4 4 4 4 4 4 5 5 5 5 5 5 5 5 5 5 5 5 5 5 5 5 5 5 5 5 5 5 5 5 5 5 5 5 5 5 5 5 5 5 5 5 5 
Edges
0 14 0
0 25 0
1 16 0
2 25 0
3 31 0
3 37 0
4 35 0
4 38 0
5 33 0
6 36 0
6 39 0
7 12 0
7 22 0
7 57 0
8 11 0
8 13 0
8 23 0
8 40 0
9 10 0
9 15 0
9 24 0
9 41 0
10 9 0
10 12 0
10 16 0
11 8 0
11 12 0
11 42 0
11 43 0
12 7 0
12 10 0
12 11 0
13 8 0
13 16 0
13 44 0
13 45 0
14 0 0
14 17 0
14 18 0
14 46 0
15 9 0
15 22 0
15 25 0
16 1 0
16 10 0
16 13 0
17 14 0
17 19 0
17 47 0
17 48 0
18 14 0
18 20 0
18 49 0
18 50 0
19 17 0
19 21 0
19 51 0
19 52 0
20 18 0
20 21 0
20 53 0
20 54 0
21 19 0
21 20 0
21 55 0
21 56 0
22 7 0
22 15 0
22 26 0
23 8 0
23 27 0
23 28 0
24 9 0
24 29 0
24 30 0
25 0 0
25 2 0
25 15 0
26 22 0
26 58 0
26 59 0
26 60 0
27 23 0
27 31 0
27 61 0
28 23 0
28 32 0
28 62 0
29 24 0
29 33 0
29 63 0
30 24 0
30 34 0
30 64 0
31 3 0
31 27 0
31 35 0
32 28 0
32 35 0
32 65 0
33 5 0
33 29 0
33 36 0
34 30 0
34 36 0
34 66 0
35 4 0
35 31 0
35 32 0
36 6 0
36 33 0
36 34 0
37 3 0
37 68 0
37 69 0
37 70 0
38 4 0
38 71 0
38 72 0
38 73 0
39 6 0
39 74 0
39 75 0
39 76 0
40 8 0
41 9 0
42 11 0
43 11 0
44 13 0
45 13 0
46 14 0
47 17 0
48 17 0
49 18 0
50 18 0
51 19 0
52 19 0
53 20 0
54 20 0
55 21 0
56 21 0
57 7 0
58 26 0
59 26 0
60 26 0
61 27 0
62 28 0
63 29 0
64 30 0
65 32 0
66 34 0
68 37 0
69 37 0
70 37 0
71 38 0
72 38 0
73 38 0
74 39 0
75 39 0
76 39 0
GraphDataEnd
GraphEnd
NodeEnd
NodeStart
EPTNodeID: 2
AnchorID: 16653
TreeNodeGraphID: 2
Level: 2
SimplifiedLevel: 0
EditOperation: 1 67 0 5 0
AccumulatedOpsCount: 1
AccumulatedOp: 1 67 0 5 0
ChildrenCount: 4
ChildIndices: 3 6 7 8
CompletedDBGraphIDsCount: 0
GraphStart
GraphDataStart
ID: 2
NumNodes: 76
NumEdges: 160
NodeLabels
2 2 2 2 2 2 2 3 4 4 4 4 4 4 4 4 4 4 4 4 4 4 4 4 4 4 4 4 4 4 4 4 4 4 4 4 4 4 4 4 5 5 5 5 5 5 5 5 5 5 5 5 5 5 5 5 5 5 5 5 5 5 5 5 5 5 5 5 5 5 5 5 5 5 5 5 
Edges
0 14 0
0 25 0
1 16 0
2 25 0
3 31 0
3 37 0
4 35 0
4 38 0
5 33 0
6 36 0
6 39 0
7 12 0
7 22 0
7 57 0
8 11 0
8 13 0
8 23 0
8 40 0
9 10 0
9 15 0
9 24 0
9 41 0
10 9 0
10 12 0
10 16 0
11 8 0
11 12 0
11 42 0
11 43 0
12 7 0
12 10 0
12 11 0
13 8 0
13 16 0
13 44 0
13 45 0
14 0 0
14 17 0
14 18 0
14 46 0
15 9 0
15 22 0
15 25 0
16 1 0
16 10 0
16 13 0
17 14 0
17 19 0
17 47 0
17 48 0
18 14 0
18 20 0
18 49 0
18 50 0
19 17 0
19 21 0
19 51 0
19 52 0
20 18 0
20 21 0
20 53 0
20 54 0
21 19 0
21 20 0
21 55 0
21 56 0
22 7 0
22 15 0
22 26 0
23 8 0
23 27 0
23 28 0
24 9 0
24 29 0
24 30 0
25 0 0
25 2 0
25 15 0
26 22 0
26 58 0
26 59 0
26 60 0
27 23 0
27 31 0
27 61 0
28 23 0
28 32 0
28 62 0
29 24 0
29 33 0
29 63 0
30 24 0
30 34 0
30 64 0
31 3 0
31 27 0
31 35 0
32 28 0
32 35 0
32 65 0
33 5 0
33 29 0
33 36 0
34 30 0
34 36 0
34 66 0
35 4 0
35 31 0
35 32 0
36 6 0
36 33 0
36 34 0
37 3 0
37 67 0
37 68 0
37 69 0
38 4 0
38 70 0
38 71 0
38 72 0
39 6 0
39 73 0
39 74 0
39 75 0
40 8 0
41 9 0
42 11 0
43 11 0
44 13 0
45 13 0
46 14 0
47 17 0
48 17 0
49 18 0
50 18 0
51 19 0
52 19 0
53 20 0
54 20 0
55 21 0
56 21 0
57 7 0
58 26 0
59 26 0
60 26 0
61 27 0
62 28 0
63 29 0
64 30 0
65 32 0
66 34 0
67 37 0
68 37 0
69 37 0
70 38 0
71 38 0
72 38 0
73 39 0
74 39 0
75 39 0
GraphDataEnd
GraphEnd
NodeEnd
NodeStart
EPTNodeID: 3
AnchorID: 16653
TreeNodeGraphID: 3
Level: 3
SimplifiedLevel: 0
EditOperation: 0 5 0 2 5
AccumulatedOpsCount: 1
AccumulatedOp: 0 5 0 2 5
ChildrenCount: 2
ChildIndices: 4 5
CompletedDBGraphIDsCount: 0
GraphStart
GraphDataStart
ID: 3
NumNodes: 76
NumEdges: 160
NodeLabels
2 2 2 2 2 5 2 3 4 4 4 4 4 4 4 4 4 4 4 4 4 4 4 4 4 4 4 4 4 4 4 4 4 4 4 4 4 4 4 4 5 5 5 5 5 5 5 5 5 5 5 5 5 5 5 5 5 5 5 5 5 5 5 5 5 5 5 5 5 5 5 5 5 5 5 5 
Edges
0 14 0
0 25 0
1 16 0
2 25 0
3 31 0
3 37 0
4 35 0
4 38 0
5 33 0
6 36 0
6 39 0
7 12 0
7 22 0
7 57 0
8 11 0
8 13 0
8 23 0
8 40 0
9 10 0
9 15 0
9 24 0
9 41 0
10 9 0
10 12 0
10 16 0
11 8 0
11 12 0
11 42 0
11 43 0
12 7 0
12 10 0
12 11 0
13 8 0
13 16 0
13 44 0
13 45 0
14 0 0
14 17 0
14 18 0
14 46 0
15 9 0
15 22 0
15 25 0
16 1 0
16 10 0
16 13 0
17 14 0
17 19 0
17 47 0
17 48 0
18 14 0
18 20 0
18 49 0
18 50 0
19 17 0
19 21 0
19 51 0
19 52 0
20 18 0
20 21 0
20 53 0
20 54 0
21 19 0
21 20 0
21 55 0
21 56 0
22 7 0
22 15 0
22 26 0
23 8 0
23 27 0
23 28 0
24 9 0
24 29 0
24 30 0
25 0 0
25 2 0
25 15 0
26 22 0
26 58 0
26 59 0
26 60 0
27 23 0
27 31 0
27 61 0
28 23 0
28 32 0
28 62 0
29 24 0
29 33 0
29 63 0
30 24 0
30 34 0
30 64 0
31 3 0
31 27 0
31 35 0
32 28 0
32 35 0
32 65 0
33 5 0
33 29 0
33 36 0
34 30 0
34 36 0
34 66 0
35 4 0
35 31 0
35 32 0
36 6 0
36 33 0
36 34 0
37 3 0
37 67 0
37 68 0
37 69 0
38 4 0
38 70 0
38 71 0
38 72 0
39 6 0
39 73 0
39 74 0
39 75 0
40 8 0
41 9 0
42 11 0
43 11 0
44 13 0
45 13 0
46 14 0
47 17 0
48 17 0
49 18 0
50 18 0
51 19 0
52 19 0
53 20 0
54 20 0
55 21 0
56 21 0
57 7 0
58 26 0
59 26 0
60 26 0
61 27 0
62 28 0
63 29 0
64 30 0
65 32 0
66 34 0
67 37 0
68 37 0
69 37 0
70 38 0
71 38 0
72 38 0
73 39 0
74 39 0
75 39 0
GraphDataEnd
GraphEnd
NodeEnd
NodeStart
EPTNodeID: 4
AnchorID: 16653
TreeNodeGraphID: 12
Level: 12
SimplifiedLevel: 0
EditOperation: 5 17 21 0 0
AccumulatedOpsCount: 9
AccumulatedOp: 4 19 52 0 0
AccumulatedOp: 0 6 0 2 6
AccumulatedOp: 4 19 21 0 0
AccumulatedOp: 1 52 0 5 0
AccumulatedOp: 4 17 19 0 0
AccumulatedOp: 4 19 51 0 0
AccumulatedOp: 1 19 0 4 0
AccumulatedOp: 1 51 0 5 0
AccumulatedOp: 5 17 21 0 0
ChildrenCount: 0
ChildIndices:
CompletedDBGraphIDsCount: 4
CompletedDBGraphID: 8973
CompletedDBGraphID: 9309
CompletedDBGraphID: 18341
CompletedDBGraphID: 13360
GraphStart
GraphDataStart
ID: 12
NumNodes: 73
NumEdges: 154
NodeLabels
2 2 2 2 2 5 6 3 4 4 4 4 4 4 4 4 4 4 4 4 4 4 4 4 4 4 4 4 4 4 4 4 4 4 4 4 4 4 4 5 5 5 5 5 5 5 5 5 5 5 5 5 5 5 5 5 5 5 5 5 5 5 5 5 5 5 5 5 5 5 5 5 5 
Edges
0 14 0
0 24 0
1 16 0
2 24 0
3 30 0
3 36 0
4 34 0
4 37 0
5 32 0
6 35 0
6 38 0
7 12 0
7 21 0
7 54 0
8 11 0
8 13 0
8 22 0
8 39 0
9 10 0
9 15 0
9 23 0
9 40 0
10 9 0
10 12 0
10 16 0
11 8 0
11 12 0
11 41 0
11 42 0
12 7 0
12 10 0
12 11 0
13 8 0
13 16 0
13 43 0
13 44 0
14 0 0
14 17 0
14 18 0
14 45 0
15 9 0
15 21 0
15 24 0
16 1 0
16 10 0
16 13 0
17 14 0
17 46 0
17 47 0
17 20 0
18 14 0
18 19 0
18 48 0
18 49 0
19 18 0
19 20 0
19 50 0
19 51 0
20 19 0
20 52 0
20 53 0
20 17 0
21 7 0
21 15 0
21 25 0
22 8 0
22 26 0
22 27 0
23 9 0
23 28 0
23 29 0
24 0 0
24 2 0
24 15 0
25 21 0
25 55 0
25 56 0
25 57 0
26 22 0
26 30 0
26 58 0
27 22 0
27 31 0
27 59 0
28 23 0
28 32 0
28 60 0
29 23 0
29 33 0
29 61 0
30 3 0
30 26 0
30 34 0
31 27 0
31 34 0
31 62 0
32 5 0
32 28 0
32 35 0
33 29 0
33 35 0
33 63 0
34 4 0
34 30 0
34 31 0
35 6 0
35 32 0
35 33 0
36 3 0
36 64 0
36 65 0
36 66 0
37 4 0
37 67 0
37 68 0
37 69 0
38 6 0
38 70 0
38 71 0
38 72 0
39 8 0
40 9 0
41 11 0
42 11 0
43 13 0
44 13 0
45 14 0
46 17 0
47 17 0
48 18 0
49 18 0
50 19 0
51 19 0
52 20 0
53 20 0
54 7 0
55 25 0
56 25 0
57 25 0
58 26 0
59 27 0
60 28 0
61 29 0
62 31 0
63 33 0
64 36 0
65 36 0
66 36 0
67 37 0
68 37 0
69 37 0
70 38 0
71 38 0
72 38 0
GraphDataEnd
GraphEnd
NodeEnd
NodeStart
EPTNodeID: 5
AnchorID: 16653
TreeNodeGraphID: 19
Level: 10
SimplifiedLevel: 0
EditOperation: 1 76 0 5 0
AccumulatedOpsCount: 7
AccumulatedOp: 0 39 0 4 5
AccumulatedOp: 4 39 74 0 0
AccumulatedOp: 1 74 0 5 0
AccumulatedOp: 4 39 75 0 0
AccumulatedOp: 1 75 0 5 0
AccumulatedOp: 4 39 76 0 0
AccumulatedOp: 1 76 0 5 0
ChildrenCount: 0
ChildIndices:
CompletedDBGraphIDsCount: 4
CompletedDBGraphID: 18456
CompletedDBGraphID: 13881
CompletedDBGraphID: 11438
CompletedDBGraphID: 17231
GraphStart
GraphDataStart
ID: 19
NumNodes: 73
NumEdges: 154
NodeLabels
2 2 2 2 2 5 2 3 4 4 4 4 4 4 4 4 4 4 4 4 4 4 4 4 4 4 4 4 4 4 4 4 4 4 4 4 4 4 4 5 5 5 5 5 5 5 5 5 5 5 5 5 5 5 5 5 5 5 5 5 5 5 5 5 5 5 5 5 5 5 5 5 5 
Edges
0 14 0
0 25 0
1 16 0
2 25 0
3 31 0
3 37 0
4 35 0
4 38 0
5 33 0
6 36 0
6 39 0
7 12 0
7 22 0
7 57 0
8 11 0
8 13 0
8 23 0
8 40 0
9 10 0
9 15 0
9 24 0
9 41 0
10 9 0
10 12 0
10 16 0
11 8 0
11 12 0
11 42 0
11 43 0
12 7 0
12 10 0
12 11 0
13 8 0
13 16 0
13 44 0
13 45 0
14 0 0
14 17 0
14 18 0
14 46 0
15 9 0
15 22 0
15 25 0
16 1 0
16 10 0
16 13 0
17 14 0
17 19 0
17 47 0
17 48 0
18 14 0
18 20 0
18 49 0
18 50 0
19 17 0
19 21 0
19 51 0
19 52 0
20 18 0
20 21 0
20 53 0
20 54 0
21 19 0
21 20 0
21 55 0
21 56 0
22 7 0
22 15 0
22 26 0
23 8 0
23 27 0
23 28 0
24 9 0
24 29 0
24 30 0
25 0 0
25 2 0
25 15 0
26 22 0
26 58 0
26 59 0
26 60 0
27 23 0
27 31 0
27 61 0
28 23 0
28 32 0
28 62 0
29 24 0
29 33 0
29 63 0
30 24 0
30 34 0
30 64 0
31 3 0
31 27 0
31 35 0
32 28 0
32 35 0
32 65 0
33 5 0
33 29 0
33 36 0
34 30 0
34 36 0
34 66 0
35 4 0
35 31 0
35 32 0
36 6 0
36 33 0
36 34 0
37 3 0
37 67 0
37 68 0
37 69 0
38 4 0
38 70 0
38 71 0
38 72 0
39 6 0
40 8 0
41 9 0
42 11 0
43 11 0
44 13 0
45 13 0
46 14 0
47 17 0
48 17 0
49 18 0
50 18 0
51 19 0
52 19 0
53 20 0
54 20 0
55 21 0
56 21 0
57 7 0
58 26 0
59 26 0
60 26 0
61 27 0
62 28 0
63 29 0
64 30 0
65 32 0
66 34 0
67 37 0
68 37 0
69 37 0
70 38 0
71 38 0
72 38 0
GraphDataEnd
GraphEnd
NodeEnd
NodeStart
EPTNodeID: 6
AnchorID: 16653
TreeNodeGraphID: 29
Level: 12
SimplifiedLevel: 0
EditOperation: 5 19 29 0 0
AccumulatedOpsCount: 10
AccumulatedOp: 4 19 52 0 0
AccumulatedOp: 1 52 0 5 0
AccumulatedOp: 5 19 36 0 0
AccumulatedOp: 5 6 33 0 0
AccumulatedOp: 4 19 21 0 0
AccumulatedOp: 4 6 36 0 0
AccumulatedOp: 4 17 19 0 0
AccumulatedOp: 4 29 33 0 0
AccumulatedOp: 5 17 21 0 0
AccumulatedOp: 5 19 29 0 0
ChildrenCount: 0
ChildIndices:
CompletedDBGraphIDsCount: 4
CompletedDBGraphID: 21631
CompletedDBGraphID: 16458
CompletedDBGraphID: 21783
CompletedDBGraphID: 2984
GraphStart
GraphDataStart
ID: 29
NumNodes: 75
NumEdges: 158
NodeLabels
2 2 2 2 2 2 2 3 4 4 4 4 4 4 4 4 4 4 4 4 4 4 4 4 4 4 4 4 4 4 4 4 4 4 4 4 4 4 4 4 5 5 5 5 5 5 5 5 5 5 5 5 5 5 5 5 5 5 5 5 5 5 5 5 5 5 5 5 5 5 5 5 5 5 5 
Edges
0 14 0
0 25 0
1 16 0
2 25 0
3 31 0
3 37 0
4 35 0
4 38 0
5 33 0
6 39 0
6 33 0
7 12 0
7 22 0
7 56 0
8 11 0
8 13 0
8 23 0
8 40 0
9 10 0
9 15 0
9 24 0
9 41 0
10 9 0
10 12 0
10 16 0
11 8 0
11 12 0
11 42 0
11 43 0
12 7 0
12 10 0
12 11 0
13 8 0
13 16 0
13 44 0
13 45 0
14 0 0
14 17 0
14 18 0
14 46 0
15 9 0
15 22 0
15 25 0
16 1 0
16 10 0
16 13 0
17 14 0
17 47 0
17 48 0
17 21 0
18 14 0
18 20 0
18 49 0
18 50 0
19 51 0
19 36 0
19 29 0
20 18 0
20 21 0
20 52 0
20 53 0
21 20 0
21 54 0
21 55 0
21 17 0
22 7 0
22 15 0
22 26 0
23 8 0
23 27 0
23 28 0
24 9 0
24 29 0
24 30 0
25 0 0
25 2 0
25 15 0
26 22 0
26 57 0
26 58 0
26 59 0
27 23 0
27 31 0
27 60 0
28 23 0
28 32 0
28 61 0
29 24 0
29 62 0
29 19 0
30 24 0
30 34 0
30 63 0
31 3 0
31 27 0
31 35 0
32 28 0
32 35 0
32 64 0
33 5 0
33 36 0
33 6 0
34 30 0
34 36 0
34 65 0
35 4 0
35 31 0
35 32 0
36 33 0
36 34 0
36 19 0
37 3 0
37 66 0
37 67 0
37 68 0
38 4 0
38 69 0
38 70 0
38 71 0
39 6 0
39 72 0
39 73 0
39 74 0
40 8 0
41 9 0
42 11 0
43 11 0
44 13 0
45 13 0
46 14 0
47 17 0
48 17 0
49 18 0
50 18 0
51 19 0
52 20 0
53 20 0
54 21 0
55 21 0
56 7 0
57 26 0
58 26 0
59 26 0
60 27 0
61 28 0
62 29 0
63 30 0
64 32 0
65 34 0
66 37 0
67 37 0
68 37 0
69 38 0
70 38 0
71 38 0
72 39 0
73 39 0
74 39 0
GraphDataEnd
GraphEnd
NodeEnd
NodeStart
EPTNodeID: 7
AnchorID: 16653
TreeNodeGraphID: 36
Level: 9
SimplifiedLevel: 0
EditOperation: 5 3 34 0 0
AccumulatedOpsCount: 7
AccumulatedOp: 4 34 66 0 0
AccumulatedOp: 0 4 0 2 5
AccumulatedOp: 5 5 38 0 0
AccumulatedOp: 4 4 38 0 0
AccumulatedOp: 4 3 31 0 0
AccumulatedOp: 5 31 66 0 0
AccumulatedOp: 5 3 34 0 0
ChildrenCount: 0
ChildIndices:
CompletedDBGraphIDsCount: 4
CompletedDBGraphID: 20522
CompletedDBGraphID: 15412
CompletedDBGraphID: 21661
CompletedDBGraphID: 507
GraphStart
GraphDataStart
ID: 36
NumNodes: 76
NumEdges: 160
NodeLabels
2 2 2 2 5 2 2 3 4 4 4 4 4 4 4 4 4 4 4 4 4 4 4 4 4 4 4 4 4 4 4 4 4 4 4 4 4 4 4 4 5 5 5 5 5 5 5 5 5 5 5 5 5 5 5 5 5 5 5 5 5 5 5 5 5 5 5 5 5 5 5 5 5 5 5 5 
Edges
0 14 0
0 25 0
1 16 0
2 25 0
3 37 0
3 34 0
4 35 0
5 33 0
5 38 0
6 36 0
6 39 0
7 12 0
7 22 0
7 57 0
8 11 0
8 13 0
8 23 0
8 40 0
9 10 0
9 15 0
9 24 0
9 41 0
10 9 0
10 12 0
10 16 0
11 8 0
11 12 0
11 42 0
11 43 0
12 7 0
12 10 0
12 11 0
13 8 0
13 16 0
13 44 0
13 45 0
14 0 0
14 17 0
14 18 0
14 46 0
15 9 0
15 22 0
15 25 0
16 1 0
16 10 0
16 13 0
17 14 0
17 19 0
17 47 0
17 48 0
18 14 0
18 20 0
18 49 0
18 50 0
19 17 0
19 21 0
19 51 0
19 52 0
20 18 0
20 21 0
20 53 0
20 54 0
21 19 0
21 20 0
21 55 0
21 56 0
22 7 0
22 15 0
22 26 0
23 8 0
23 27 0
23 28 0
24 9 0
24 29 0
24 30 0
25 0 0
25 2 0
25 15 0
26 22 0
26 58 0
26 59 0
26 60 0
27 23 0
27 31 0
27 61 0
28 23 0
28 32 0
28 62 0
29 24 0
29 33 0
29 63 0
30 24 0
30 34 0
30 64 0
31 27 0
31 35 0
31 66 0
32 28 0
32 35 0
32 65 0
33 5 0
33 29 0
33 36 0
34 30 0
34 36 0
34 3 0
35 4 0
35 31 0
35 32 0
36 6 0
36 33 0
36 34 0
37 3 0
37 67 0
37 68 0
37 69 0
38 70 0
38 71 0
38 72 0
38 5 0
39 6 0
39 73 0
39 74 0
39 75 0
40 8 0
41 9 0
42 11 0
43 11 0
44 13 0
45 13 0
46 14 0
47 17 0
48 17 0
49 18 0
50 18 0
51 19 0
52 19 0
53 20 0
54 20 0
55 21 0
56 21 0
57 7 0
58 26 0
59 26 0
60 26 0
61 27 0
62 28 0
63 29 0
64 30 0
65 32 0
66 31 0
67 37 0
68 37 0
69 37 0
70 38 0
71 38 0
72 38 0
73 39 0
74 39 0
75 39 0
GraphDataEnd
GraphEnd
NodeEnd
NodeStart
EPTNodeID: 8
AnchorID: 16653
TreeNodeGraphID: 41
Level: 7
SimplifiedLevel: 0
EditOperation: 4 6 39 0 0
AccumulatedOpsCount: 5
AccumulatedOp: 0 6 0 2 5
AccumulatedOp: 5 33 39 0 0
AccumulatedOp: 4 5 33 0 0
AccumulatedOp: 1 5 0 2 0
AccumulatedOp: 4 6 39 0 0
ChildrenCount: 0
ChildIndices:
CompletedDBGraphIDsCount: 4
CompletedDBGraphID: 14313
CompletedDBGraphID: 532
CompletedDBGraphID: 17452
CompletedDBGraphID: 18272
GraphStart
GraphDataStart
ID: 41
NumNodes: 75
NumEdges: 158
NodeLabels
2 2 2 2 2 5 3 4 4 4 4 4 4 4 4 4 4 4 4 4 4 4 4 4 4 4 4 4 4 4 4 4 4 4 4 4 4 4 4 5 5 5 5 5 5 5 5 5 5 5 5 5 5 5 5 5 5 5 5 5 5 5 5 5 5 5 5 5 5 5 5 5 5 5 5 
Edges
0 13 0
0 24 0
1 15 0
2 24 0
3 30 0
3 36 0
4 34 0
4 37 0
5 35 0
6 11 0
6 21 0
6 56 0
7 10 0
7 12 0
7 22 0
7 39 0
8 9 0
8 14 0
8 23 0
8 40 0
9 8 0
9 11 0
9 15 0
10 7 0
10 11 0
10 41 0
10 42 0
11 6 0
11 9 0
11 10 0
12 7 0
12 15 0
12 43 0
12 44 0
13 0 0
13 16 0
13 17 0
13 45 0
14 8 0
14 21 0
14 24 0
15 1 0
15 9 0
15 12 0
16 13 0
16 18 0
16 46 0
16 47 0
17 13 0
17 19 0
17 48 0
17 49 0
18 16 0
18 20 0
18 50 0
18 51 0
19 17 0
19 20 0
19 52 0
19 53 0
20 18 0
20 19 0
20 54 0
20 55 0
21 6 0
21 14 0
21 25 0
22 7 0
22 26 0
22 27 0
23 8 0
23 28 0
23 29 0
24 0 0
24 2 0
24 14 0
25 21 0
25 57 0
25 58 0
25 59 0
26 22 0
26 30 0
26 60 0
27 22 0
27 31 0
27 61 0
28 23 0
28 32 0
28 62 0
29 23 0
29 33 0
29 63 0
30 3 0
30 26 0
30 34 0
31 27 0
31 34 0
31 64 0
32 28 0
32 35 0
32 38 0
33 29 0
33 35 0
33 65 0
34 4 0
34 30 0
34 31 0
35 5 0
35 32 0
35 33 0
36 3 0
36 66 0
36 67 0
36 68 0
37 4 0
37 69 0
37 70 0
37 71 0
38 72 0
38 73 0
38 74 0
38 32 0
39 7 0
40 8 0
41 10 0
42 10 0
43 12 0
44 12 0
45 13 0
46 16 0
47 16 0
48 17 0
49 17 0
50 18 0
51 18 0
52 19 0
53 19 0
54 20 0
55 20 0
56 6 0
57 25 0
58 25 0
59 25 0
60 26 0
61 27 0
62 28 0
63 29 0
64 31 0
65 33 0
66 36 0
67 36 0
68 36 0
69 37 0
70 37 0
71 37 0
72 38 0
73 38 0
74 38 0
GraphDataEnd
GraphEnd
NodeEnd
NodeStart
EPTNodeID: 9
AnchorID: 16653
TreeNodeGraphID: 42
Level: 2
SimplifiedLevel: 0
EditOperation: 4 19 21 0 0
AccumulatedOpsCount: 1
AccumulatedOp: 4 19 21 0 0
ChildrenCount: 2
ChildIndices: 10 11
CompletedDBGraphIDsCount: 0
GraphStart
GraphDataStart
ID: 42
NumNodes: 77
NumEdges: 158
NodeLabels
2 2 2 2 2 2 2 3 4 4 4 4 4 4 4 4 4 4 4 4 4 4 4 4 4 4 4 4 4 4 4 4 4 4 4 4 4 4 4 4 5 5 5 5 5 5 5 5 5 5 5 5 5 5 5 5 5 5 5 5 5 5 5 5 5 5 5 5 5 5 5 5 5 5 5 5 5 
Edges
0 14 0
0 25 0
1 16 0
2 25 0
3 31 0
3 37 0
4 35 0
4 38 0
5 33 0
6 36 0
6 39 0
7 12 0
7 22 0
7 57 0
8 11 0
8 13 0
8 23 0
8 40 0
9 10 0
9 15 0
9 24 0
9 41 0
10 9 0
10 12 0
10 16 0
11 8 0
11 12 0
11 42 0
11 43 0
12 7 0
12 10 0
12 11 0
13 8 0
13 16 0
13 44 0
13 45 0
14 0 0
14 17 0
14 18 0
14 46 0
15 9 0
15 22 0
15 25 0
16 1 0
16 10 0
16 13 0
17 14 0
17 19 0
17 47 0
17 48 0
18 14 0
18 20 0
18 49 0
18 50 0
19 17 0
19 51 0
19 52 0
20 18 0
20 21 0
20 53 0
20 54 0
21 20 0
21 55 0
21 56 0
22 7 0
22 15 0
22 26 0
23 8 0
23 27 0
23 28 0
24 9 0
24 29 0
24 30 0
25 0 0
25 2 0
25 15 0
26 22 0
26 58 0
26 59 0
26 60 0
27 23 0
27 31 0
27 61 0
28 23 0
28 32 0
28 62 0
29 24 0
29 33 0
29 63 0
30 24 0
30 34 0
30 64 0
31 3 0
31 27 0
31 35 0
32 28 0
32 35 0
32 65 0
33 5 0
33 29 0
33 36 0
34 30 0
34 36 0
34 66 0
35 4 0
35 31 0
35 32 0
36 6 0
36 33 0
36 34 0
37 3 0
37 68 0
37 69 0
37 70 0
38 4 0
38 71 0
38 72 0
38 73 0
39 6 0
39 74 0
39 75 0
39 76 0
40 8 0
41 9 0
42 11 0
43 11 0
44 13 0
45 13 0
46 14 0
47 17 0
48 17 0
49 18 0
50 18 0
51 19 0
52 19 0
53 20 0
54 20 0
55 21 0
56 21 0
57 7 0
58 26 0
59 26 0
60 26 0
61 27 0
62 28 0
63 29 0
64 30 0
65 32 0
66 34 0
68 37 0
69 37 0
70 37 0
71 38 0
72 38 0
73 38 0
74 39 0
75 39 0
76 39 0
GraphDataEnd
GraphEnd
NodeEnd
NodeStart
EPTNodeID: 10
AnchorID: 16653
TreeNodeGraphID: 48
Level: 8
SimplifiedLevel: 0
EditOperation: 5 21 67 0 0
AccumulatedOpsCount: 6
AccumulatedOp: 4 20 21 0 0
AccumulatedOp: 0 5 0 2 5
AccumulatedOp: 0 64 0 5 2
AccumulatedOp: 5 19 20 0 0
AccumulatedOp: 5 21 64 0 0
AccumulatedOp: 5 21 67 0 0
ChildrenCount: 0
ChildIndices:
CompletedDBGraphIDsCount: 4
CompletedDBGraphID: 17201
CompletedDBGraphID: 3293
CompletedDBGraphID: 9033
CompletedDBGraphID: 6178
GraphStart
GraphDataStart
ID: 48
NumNodes: 77
NumEdges: 162
NodeLabels
2 2 2 2 2 5 2 3 4 4 4 4 4 4 4 4 4 4 4 4 4 4 4 4 4 4 4 4 4 4 4 4 4 4 4 4 4 4 4 4 5 5 5 5 5 5 5 5 5 5 5 5 5 5 5 5 5 5 5 5 5 5 5 5 2 5 5 5 5 5 5 5 5 5 5 5 5 
Edges
0 14 0
0 25 0
1 16 0
2 25 0
3 31 0
3 37 0
4 35 0
4 38 0
5 33 0
6 36 0
6 39 0
7 12 0
7 22 0
7 57 0
8 11 0
8 13 0
8 23 0
8 40 0
9 10 0
9 15 0
9 24 0
9 41 0
10 9 0
10 12 0
10 16 0
11 8 0
11 12 0
11 42 0
11 43 0
12 7 0
12 10 0
12 11 0
13 8 0
13 16 0
13 44 0
13 45 0
14 0 0
14 17 0
14 18 0
14 46 0
15 9 0
15 22 0
15 25 0
16 1 0
16 10 0
16 13 0
17 14 0
17 19 0
17 47 0
17 48 0
18 14 0
18 20 0
18 49 0
18 50 0
19 17 0
19 51 0
19 52 0
19 20 0
20 18 0
20 53 0
20 54 0
20 19 0
21 55 0
21 56 0
21 64 0
21 67 0
22 7 0
22 15 0
22 26 0
23 8 0
23 27 0
23 28 0
24 9 0
24 29 0
24 30 0
25 0 0
25 2 0
25 15 0
26 22 0
26 58 0
26 59 0
26 60 0
27 23 0
27 31 0
27 61 0
28 23 0
28 32 0
28 62 0
29 24 0
29 33 0
29 63 0
30 24 0
30 34 0
30 64 0
31 3 0
31 27 0
31 35 0
32 28 0
32 35 0
32 65 0
33 5 0
33 29 0
33 36 0
34 30 0
34 36 0
34 66 0
35 4 0
35 31 0
35 32 0
36 6 0
36 33 0
36 34 0
37 3 0
37 68 0
37 69 0
37 70 0
38 4 0
38 71 0
38 72 0
38 73 0
39 6 0
39 74 0
39 75 0
39 76 0
40 8 0
41 9 0
42 11 0
43 11 0
44 13 0
45 13 0
46 14 0
47 17 0
48 17 0
49 18 0
50 18 0
51 19 0
52 19 0
53 20 0
54 20 0
55 21 0
56 21 0
57 7 0
58 26 0
59 26 0
60 26 0
61 27 0
62 28 0
63 29 0
64 30 0
64 21 0
65 32 0
66 34 0
67 21 0
68 37 0
69 37 0
70 37 0
71 38 0
72 38 0
73 38 0
74 39 0
75 39 0
76 39 0
GraphDataEnd
GraphEnd
NodeEnd
NodeStart
EPTNodeID: 11
AnchorID: 16653
TreeNodeGraphID: 54
Level: 8
SimplifiedLevel: 0
EditOperation: 5 19 39 0 0
AccumulatedOpsCount: 6
AccumulatedOp: 4 6 39 0 0
AccumulatedOp: 4 17 19 0 0
AccumulatedOp: 5 5 19 0 0
AccumulatedOp: 5 6 67 0 0
AccumulatedOp: 5 17 21 0 0
AccumulatedOp: 5 19 39 0 0
ChildrenCount: 0
ChildIndices:
CompletedDBGraphIDsCount: 4
CompletedDBGraphID: 369
CompletedDBGraphID: 15095
CompletedDBGraphID: 16993
CompletedDBGraphID: 13376
GraphStart
GraphDataStart
ID: 54
NumNodes: 77
NumEdges: 162
NodeLabels
2 2 2 2 2 2 2 3 4 4 4 4 4 4 4 4 4 4 4 4 4 4 4 4 4 4 4 4 4 4 4 4 4 4 4 4 4 4 4 4 5 5 5 5 5 5 5 5 5 5 5 5 5 5 5 5 5 5 5 5 5 5 5 5 5 5 5 5 5 5 5 5 5 5 5 5 5 
Edges
0 14 0
0 25 0
1 16 0
2 25 0
3 31 0
3 37 0
4 35 0
4 38 0
5 33 0
5 19 0
6 36 0
6 67 0
7 12 0
7 22 0
7 57 0
8 11 0
8 13 0
8 23 0
8 40 0
9 10 0
9 15 0
9 24 0
9 41 0
10 9 0
10 12 0
10 16 0
11 8 0
11 12 0
11 42 0
11 43 0
12 7 0
12 10 0
12 11 0
13 8 0
13 16 0
13 44 0
13 45 0
14 0 0
14 17 0
14 18 0
14 46 0
15 9 0
15 22 0
15 25 0
16 1 0
16 10 0
16 13 0
17 14 0
17 47 0
17 48 0
17 21 0
18 14 0
18 20 0
18 49 0
18 50 0
19 51 0
19 52 0
19 5 0
19 39 0
20 18 0
20 21 0
20 53 0
20 54 0
21 20 0
21 55 0
21 56 0
21 17 0
22 7 0
22 15 0
22 26 0
23 8 0
23 27 0
23 28 0
24 9 0
24 29 0
24 30 0
25 0 0
25 2 0
25 15 0
26 22 0
26 58 0
26 59 0
26 60 0
27 23 0
27 31 0
27 61 0
28 23 0
28 32 0
28 62 0
29 24 0
29 33 0
29 63 0
30 24 0
30 34 0
30 64 0
31 3 0
31 27 0
31 35 0
32 28 0
32 35 0
32 65 0
33 5 0
33 29 0
33 36 0
34 30 0
34 36 0
34 66 0
35 4 0
35 31 0
35 32 0
36 6 0
36 33 0
36 34 0
37 3 0
37 68 0
37 69 0
37 70 0
38 4 0
38 71 0
38 72 0
38 73 0
39 74 0
39 75 0
39 76 0
39 19 0
40 8 0
41 9 0
42 11 0
43 11 0
44 13 0
45 13 0
46 14 0
47 17 0
48 17 0
49 18 0
50 18 0
51 19 0
52 19 0
53 20 0
54 20 0
55 21 0
56 21 0
57 7 0
58 26 0
59 26 0
60 26 0
61 27 0
62 28 0
63 29 0
64 30 0
65 32 0
66 34 0
67 6 0
68 37 0
69 37 0
70 37 0
71 38 0
72 38 0
73 38 0
74 39 0
75 39 0
76 39 0
GraphDataEnd
GraphEnd
NodeEnd
NodeStart
EPTNodeID: 12
AnchorID: 16653
TreeNodeGraphID: 57
Level: 4
SimplifiedLevel: 0
EditOperation: 5 6 67 0 0
AccumulatedOpsCount: 3
AccumulatedOp: 4 6 39 0 0
AccumulatedOp: 5 5 39 0 0
AccumulatedOp: 5 6 67 0 0
ChildrenCount: 0
ChildIndices:
CompletedDBGraphIDsCount: 4
CompletedDBGraphID: 21315
CompletedDBGraphID: 16684
CompletedDBGraphID: 10287
CompletedDBGraphID: 16083
GraphStart
GraphDataStart
ID: 57
NumNodes: 77
NumEdges: 162
NodeLabels
2 2 2 2 2 2 2 3 4 4 4 4 4 4 4 4 4 4 4 4 4 4 4 4 4 4 4 4 4 4 4 4 4 4 4 4 4 4 4 4 5 5 5 5 5 5 5 5 5 5 5 5 5 5 5 5 5 5 5 5 5 5 5 5 5 5 5 5 5 5 5 5 5 5 5 5 5 
Edges
0 14 0
0 25 0
1 16 0
2 25 0
3 31 0
3 37 0
4 35 0
4 38 0
5 33 0
5 39 0
6 36 0
6 67 0
7 12 0
7 22 0
7 57 0
8 11 0
8 13 0
8 23 0
8 40 0
9 10 0
9 15 0
9 24 0
9 41 0
10 9 0
10 12 0
10 16 0
11 8 0
11 12 0
11 42 0
11 43 0
12 7 0
12 10 0
12 11 0
13 8 0
13 16 0
13 44 0
13 45 0
14 0 0
14 17 0
14 18 0
14 46 0
15 9 0
15 22 0
15 25 0
16 1 0
16 10 0
16 13 0
17 14 0
17 19 0
17 47 0
17 48 0
18 14 0
18 20 0
18 49 0
18 50 0
19 17 0
19 21 0
19 51 0
19 52 0
20 18 0
20 21 0
20 53 0
20 54 0
21 19 0
21 20 0
21 55 0
21 56 0
22 7 0
22 15 0
22 26 0
23 8 0
23 27 0
23 28 0
24 9 0
24 29 0
24 30 0
25 0 0
25 2 0
25 15 0
26 22 0
26 58 0
26 59 0
26 60 0
27 23 0
27 31 0
27 61 0
28 23 0
28 32 0
28 62 0
29 24 0
29 33 0
29 63 0
30 24 0
30 34 0
30 64 0
31 3 0
31 27 0
31 35 0
32 28 0
32 35 0
32 65 0
33 5 0
33 29 0
33 36 0
34 30 0
34 36 0
34 66 0
35 4 0
35 31 0
35 32 0
36 6 0
36 33 0
36 34 0
37 3 0
37 68 0
37 69 0
37 70 0
38 4 0
38 71 0
38 72 0
38 73 0
39 74 0
39 75 0
39 76 0
39 5 0
40 8 0
41 9 0
42 11 0
43 11 0
44 13 0
45 13 0
46 14 0
47 17 0
48 17 0
49 18 0
50 18 0
51 19 0
52 19 0
53 20 0
54 20 0
55 21 0
56 21 0
57 7 0
58 26 0
59 26 0
60 26 0
61 27 0
62 28 0
63 29 0
64 30 0
65 32 0
66 34 0
67 6 0
68 37 0
69 37 0
70 37 0
71 38 0
72 38 0
73 38 0
74 39 0
75 39 0
76 39 0
GraphDataEnd
GraphEnd
NodeEnd
NodeStart
EPTNodeID: 13
AnchorID: 16653
TreeNodeGraphID: 64
Level: 7
SimplifiedLevel: 0
EditOperation: 5 19 20 0 0
AccumulatedOpsCount: 7
AccumulatedOp: 4 19 21 0 0
AccumulatedOp: 4 20 21 0 0
AccumulatedOp: 4 21 55 0 0
AccumulatedOp: 4 21 56 0 0
AccumulatedOp: 1 21 0 4 0
AccumulatedOp: 1 56 0 5 0
AccumulatedOp: 5 19 20 0 0
ChildrenCount: 2
ChildIndices: 14 15
CompletedDBGraphIDsCount: 0
GraphStart
GraphDataStart
ID: 64
NumNodes: 75
NumEdges: 156
NodeLabels
2 2 2 2 2 2 2 3 4 4 4 4 4 4 4 4 4 4 4 4 4 4 4 4 4 4 4 4 4 4 4 4 4 4 4 4 4 4 4 5 5 5 5 5 5 5 5 5 5 5 5 5 5 5 5 5 5 5 5 5 5 5 5 5 5 5 5 5 5 5 5 5 5 5 5 
Edges
0 14 0
0 24 0
1 16 0
2 24 0
3 30 0
3 36 0
4 34 0
4 37 0
5 32 0
5 65 0
6 35 0
6 38 0
7 12 0
7 21 0
7 55 0
8 11 0
8 13 0
8 22 0
8 39 0
9 10 0
9 15 0
9 23 0
9 40 0
10 9 0
10 12 0
10 16 0
11 8 0
11 12 0
11 41 0
11 42 0
12 7 0
12 10 0
12 11 0
13 8 0
13 16 0
13 43 0
13 44 0
14 0 0
14 17 0
14 18 0
14 45 0
15 9 0
15 21 0
15 24 0
16 1 0
16 10 0
16 13 0
17 14 0
17 19 0
17 46 0
17 47 0
18 14 0
18 20 0
18 48 0
18 49 0
19 17 0
19 50 0
19 51 0
19 20 0
20 18 0
20 52 0
20 53 0
20 19 0
21 7 0
21 15 0
21 25 0
22 8 0
22 26 0
22 27 0
23 9 0
23 28 0
23 29 0
24 0 0
24 2 0
24 15 0
25 21 0
25 56 0
25 57 0
25 58 0
26 22 0
26 30 0
26 59 0
27 22 0
27 31 0
27 60 0
28 23 0
28 32 0
28 61 0
29 23 0
29 33 0
29 62 0
30 3 0
30 26 0
30 34 0
31 27 0
31 34 0
31 63 0
32 5 0
32 28 0
32 35 0
33 29 0
33 35 0
33 64 0
34 4 0
34 30 0
34 31 0
35 6 0
35 32 0
35 33 0
36 3 0
36 66 0
36 67 0
36 68 0
37 4 0
37 69 0
37 70 0
37 71 0
38 6 0
38 72 0
38 73 0
38 74 0
39 8 0
40 9 0
41 11 0
42 11 0
43 13 0
44 13 0
45 14 0
46 17 0
47 17 0
48 18 0
49 18 0
50 19 0
51 19 0
52 20 0
53 20 0
55 7 0
56 25 0
57 25 0
58 25 0
59 26 0
60 27 0
61 28 0
62 29 0
63 31 0
64 33 0
65 5 0
66 36 0
67 36 0
68 36 0
69 37 0
70 37 0
71 37 0
72 38 0
73 38 0
74 38 0
GraphDataEnd
GraphEnd
NodeEnd
NodeStart
EPTNodeID: 14
AnchorID: 16653
TreeNodeGraphID: 65
Level: 8
SimplifiedLevel: 0
EditOperation: 1 55 0 5 0
AccumulatedOpsCount: 1
AccumulatedOp: 1 55 0 5 0
ChildrenCount: 0
ChildIndices:
CompletedDBGraphIDsCount: 4
CompletedDBGraphID: 9889
CompletedDBGraphID: 13353
CompletedDBGraphID: 6859
CompletedDBGraphID: 8687
GraphStart
GraphDataStart
ID: 65
NumNodes: 74
NumEdges: 156
NodeLabels
2 2 2 2 2 2 2 3 4 4 4 4 4 4 4 4 4 4 4 4 4 4 4 4 4 4 4 4 4 4 4 4 4 4 4 4 4 4 4 5 5 5 5 5 5 5 5 5 5 5 5 5 5 5 5 5 5 5 5 5 5 5 5 5 5 5 5 5 5 5 5 5 5 5 
Edges
0 14 0
0 24 0
1 16 0
2 24 0
3 30 0
3 36 0
4 34 0
4 37 0
5 32 0
5 64 0
6 35 0
6 38 0
7 12 0
7 21 0
7 54 0
8 11 0
8 13 0
8 22 0
8 39 0
9 10 0
9 15 0
9 23 0
9 40 0
10 9 0
10 12 0
10 16 0
11 8 0
11 12 0
11 41 0
11 42 0
12 7 0
12 10 0
12 11 0
13 8 0
13 16 0
13 43 0
13 44 0
14 0 0
14 17 0
14 18 0
14 45 0
15 9 0
15 21 0
15 24 0
16 1 0
16 10 0
16 13 0
17 14 0
17 19 0
17 46 0
17 47 0
18 14 0
18 20 0
18 48 0
18 49 0
19 17 0
19 50 0
19 51 0
19 20 0
20 18 0
20 52 0
20 53 0
20 19 0
21 7 0
21 15 0
21 25 0
22 8 0
22 26 0
22 27 0
23 9 0
23 28 0
23 29 0
24 0 0
24 2 0
24 15 0
25 21 0
25 55 0
25 56 0
25 57 0
26 22 0
26 30 0
26 58 0
27 22 0
27 31 0
27 59 0
28 23 0
28 32 0
28 60 0
29 23 0
29 33 0
29 61 0
30 3 0
30 26 0
30 34 0
31 27 0
31 34 0
31 62 0
32 5 0
32 28 0
32 35 0
33 29 0
33 35 0
33 63 0
34 4 0
34 30 0
34 31 0
35 6 0
35 32 0
35 33 0
36 3 0
36 65 0
36 66 0
36 67 0
37 4 0
37 68 0
37 69 0
37 70 0
38 6 0
38 71 0
38 72 0
38 73 0
39 8 0
40 9 0
41 11 0
42 11 0
43 13 0
44 13 0
45 14 0
46 17 0
47 17 0
48 18 0
49 18 0
50 19 0
51 19 0
52 20 0
53 20 0
54 7 0
55 25 0
56 25 0
57 25 0
58 26 0
59 27 0
60 28 0
61 29 0
62 31 0
63 33 0
64 5 0
65 36 0
66 36 0
67 36 0
68 37 0
69 37 0
70 37 0
71 38 0
72 38 0
73 38 0
GraphDataEnd
GraphEnd
NodeEnd
NodeStart
EPTNodeID: 15
AnchorID: 16653
TreeNodeGraphID: 70
Level: 12
SimplifiedLevel: 0
EditOperation: 1 64 0 5 0
AccumulatedOpsCount: 5
AccumulatedOp: 4 9 24 0 0
AccumulatedOp: 5 24 55 0 0
AccumulatedOp: 5 9 30 0 0
AccumulatedOp: 4 30 64 0 0
AccumulatedOp: 1 64 0 5 0
ChildrenCount: 0
ChildIndices:
CompletedDBGraphIDsCount: 4
CompletedDBGraphID: 7511
CompletedDBGraphID: 12171
CompletedDBGraphID: 5639
CompletedDBGraphID: 16799
GraphStart
GraphDataStart
ID: 70
NumNodes: 74
NumEdges: 156
NodeLabels
2 2 2 2 2 2 2 3 4 4 4 4 4 4 4 4 4 4 4 4 4 4 4 4 4 4 4 4 4 4 4 4 4 4 4 4 4 4 4 5 5 5 5 5 5 5 5 5 5 5 5 5 5 5 5 5 5 5 5 5 5 5 5 5 5 5 5 5 5 5 5 5 5 5 
Edges
0 14 0
0 24 0
1 16 0
2 24 0
3 30 0
3 36 0
4 34 0
4 37 0
5 32 0
5 64 0
6 35 0
6 38 0
7 12 0
7 21 0
7 55 0
8 11 0
8 13 0
8 22 0
8 39 0
9 10 0
9 15 0
9 40 0
9 29 0
10 9 0
10 12 0
10 16 0
11 8 0
11 12 0
11 41 0
11 42 0
12 7 0
12 10 0
12 11 0
13 8 0
13 16 0
13 43 0
13 44 0
14 0 0
14 17 0
14 18 0
14 45 0
15 9 0
15 21 0
15 24 0
16 1 0
16 10 0
16 13 0
17 14 0
17 19 0
17 46 0
17 47 0
18 14 0
18 20 0
18 48 0
18 49 0
19 17 0
19 50 0
19 51 0
19 20 0
20 18 0
20 52 0
20 53 0
20 19 0
21 7 0
21 15 0
21 25 0
22 8 0
22 26 0
22 27 0
23 28 0
23 29 0
23 54 0
24 0 0
24 2 0
24 15 0
25 21 0
25 56 0
25 57 0
25 58 0
26 22 0
26 30 0
26 59 0
27 22 0
27 31 0
27 60 0
28 23 0
28 32 0
28 61 0
29 23 0
29 33 0
29 9 0
30 3 0
30 26 0
30 34 0
31 27 0
31 34 0
31 62 0
32 5 0
32 28 0
32 35 0
33 29 0
33 35 0
33 63 0
34 4 0
34 30 0
34 31 0
35 6 0
35 32 0
35 33 0
36 3 0
36 65 0
36 66 0
36 67 0
37 4 0
37 68 0
37 69 0
37 70 0
38 6 0
38 71 0
38 72 0
38 73 0
39 8 0
40 9 0
41 11 0
42 11 0
43 13 0
44 13 0
45 14 0
46 17 0
47 17 0
48 18 0
49 18 0
50 19 0
51 19 0
52 20 0
53 20 0
54 23 0
55 7 0
56 25 0
57 25 0
58 25 0
59 26 0
60 27 0
61 28 0
62 31 0
63 33 0
64 5 0
65 36 0
66 36 0
67 36 0
68 37 0
69 37 0
70 37 0
71 38 0
72 38 0
73 38 0
GraphDataEnd
GraphEnd
NodeEnd
NodeStart
EPTNodeID: 16
AnchorID: 16653
TreeNodeGraphID: 79
Level: 9
SimplifiedLevel: 0
EditOperation: 5 67 78 0 0
AccumulatedOpsCount: 9
AccumulatedOp: 4 6 39 0 0
AccumulatedOp: 0 67 0 5 4
AccumulatedOp: 2 77 0 0 5
AccumulatedOp: 2 78 0 0 5
AccumulatedOp: 2 79 0 0 5
AccumulatedOp: 5 6 77 0 0
AccumulatedOp: 5 67 79 0 0
AccumulatedOp: 5 39 67 0 0
AccumulatedOp: 5 67 78 0 0
ChildrenCount: 0
ChildIndices:
CompletedDBGraphIDsCount: 4
CompletedDBGraphID: 12668
CompletedDBGraphID: 14248
CompletedDBGraphID: 6287
CompletedDBGraphID: 14475
GraphStart
GraphDataStart
ID: 79
NumNodes: 80
NumEdges: 168
NodeLabels
2 2 2 2 2 2 2 3 4 4 4 4 4 4 4 4 4 4 4 4 4 4 4 4 4 4 4 4 4 4 4 4 4 4 4 4 4 4 4 4 5 5 5 5 5 5 5 5 5 5 5 5 5 5 5 5 5 5 5 5 5 5 5 5 5 5 5 4 5 5 5 5 5 5 5 5 5 5 5 5 
Edges
0 14 0
0 25 0
1 16 0
2 25 0
3 31 0
3 37 0
4 35 0
4 38 0
5 33 0
5 67 0
6 36 0
6 77 0
7 12 0
7 22 0
7 57 0
8 11 0
8 13 0
8 23 0
8 40 0
9 10 0
9 15 0
9 24 0
9 41 0
10 9 0
10 12 0
10 16 0
11 8 0
11 12 0
11 42 0
11 43 0
12 7 0
12 10 0
12 11 0
13 8 0
13 16 0
13 44 0
13 45 0
14 0 0
14 17 0
14 18 0
14 46 0
15 9 0
15 22 0
15 25 0
16 1 0
16 10 0
16 13 0
17 14 0
17 19 0
17 47 0
17 48 0
18 14 0
18 20 0
18 49 0
18 50 0
19 17 0
19 21 0
19 51 0
19 52 0
20 18 0
20 21 0
20 53 0
20 54 0
21 19 0
21 20 0
21 55 0
21 56 0
22 7 0
22 15 0
22 26 0
23 8 0
23 27 0
23 28 0
24 9 0
24 29 0
24 30 0
25 0 0
25 2 0
25 15 0
26 22 0
26 58 0
26 59 0
26 60 0
27 23 0
27 31 0
27 61 0
28 23 0
28 32 0
28 62 0
29 24 0
29 33 0
29 63 0
30 24 0
30 34 0
30 64 0
31 3 0
31 27 0
31 35 0
32 28 0
32 35 0
32 65 0
33 5 0
33 29 0
33 36 0
34 30 0
34 36 0
34 66 0
35 4 0
35 31 0
35 32 0
36 6 0
36 33 0
36 34 0
37 3 0
37 68 0
37 69 0
37 70 0
38 4 0
38 71 0
38 72 0
38 73 0
39 74 0
39 75 0
39 76 0
39 67 0
40 8 0
41 9 0
42 11 0
43 11 0
44 13 0
45 13 0
46 14 0
47 17 0
48 17 0
49 18 0
50 18 0
51 19 0
52 19 0
53 20 0
54 20 0
55 21 0
56 21 0
57 7 0
58 26 0
59 26 0
60 26 0
61 27 0
62 28 0
63 29 0
64 30 0
65 32 0
66 34 0
67 5 0
67 79 0
67 39 0
67 78 0
68 37 0
69 37 0
70 37 0
71 38 0
72 38 0
73 38 0
74 39 0
75 39 0
76 39 0
77 6 0
78 67 0
79 67 0
GraphDataEnd
GraphEnd
NodeEnd
NodeStart
EPTNodeID: 17
AnchorID: 16653
TreeNodeGraphID: 86
Level: 7
SimplifiedLevel: 0
EditOperation: 5 5 29 0 0
AccumulatedOpsCount: 7
AccumulatedOp: 4 29 33 0 0
AccumulatedOp: 5 33 34 0 0
AccumulatedOp: 0 5 0 2 4
AccumulatedOp: 2 77 0 0 2
AccumulatedOp: 4 34 36 0 0
AccumulatedOp: 5 36 77 0 0
AccumulatedOp: 5 5 29 0 0
ChildrenCount: 0
ChildIndices:
CompletedDBGraphIDsCount: 4
CompletedDBGraphID: 858
CompletedDBGraphID: 9030
CompletedDBGraphID: 15914
CompletedDBGraphID: 10730
GraphStart
GraphDataStart
ID: 86
NumNodes: 78
NumEdges: 164
NodeLabels
2 2 2 2 2 4 2 3 4 4 4 4 4 4 4 4 4 4 4 4 4 4 4 4 4 4 4 4 4 4 4 4 4 4 4 4 4 4 4 4 5 5 5 5 5 5 5 5 5 5 5 5 5 5 5 5 5 5 5 5 5 5 5 5 5 5 5 5 5 5 5 5 5 5 5 5 5 2 
Edges
0 14 0
0 25 0
1 16 0
2 25 0
3 31 0
3 37 0
4 35 0
4 38 0
5 33 0
5 67 0
5 29 0
6 36 0
6 39 0
7 12 0
7 22 0
7 57 0
8 11 0
8 13 0
8 23 0
8 40 0
9 10 0
9 15 0
9 24 0
9 41 0
10 9 0
10 12 0
10 16 0
11 8 0
11 12 0
11 42 0
11 43 0
12 7 0
12 10 0
12 11 0
13 8 0
13 16 0
13 44 0
13 45 0
14 0 0
14 17 0
14 18 0
14 46 0
15 9 0
15 22 0
15 25 0
16 1 0
16 10 0
16 13 0
17 14 0
17 19 0
17 47 0
17 48 0
18 14 0
18 20 0
18 49 0
18 50 0
19 17 0
19 21 0
19 51 0
19 52 0
20 18 0
20 21 0
20 53 0
20 54 0
21 19 0
21 20 0
21 55 0
21 56 0
22 7 0
22 15 0
22 26 0
23 8 0
23 27 0
23 28 0
24 9 0
24 29 0
24 30 0
25 0 0
25 2 0
25 15 0
26 22 0
26 58 0
26 59 0
26 60 0
27 23 0
27 31 0
27 61 0
28 23 0
28 32 0
28 62 0
29 24 0
29 63 0
29 5 0
30 24 0
30 34 0
30 64 0
31 3 0
31 27 0
31 35 0
32 28 0
32 35 0
32 65 0
33 5 0
33 36 0
33 34 0
34 30 0
34 66 0
34 33 0
35 4 0
35 31 0
35 32 0
36 6 0
36 33 0
36 77 0
37 3 0
37 68 0
37 69 0
37 70 0
38 4 0
38 71 0
38 72 0
38 73 0
39 6 0
39 74 0
39 75 0
39 76 0
40 8 0
41 9 0
42 11 0
43 11 0
44 13 0
45 13 0
46 14 0
47 17 0
48 17 0
49 18 0
50 18 0
51 19 0
52 19 0
53 20 0
54 20 0
55 21 0
56 21 0
57 7 0
58 26 0
59 26 0
60 26 0
61 27 0
62 28 0
63 29 0
64 30 0
65 32 0
66 34 0
67 5 0
68 37 0
69 37 0
70 37 0
71 38 0
72 38 0
73 38 0
74 39 0
75 39 0
76 39 0
77 36 0
GraphDataEnd
GraphEnd
NodeEnd
END_EPT
