BEGIN_EPT
AnchorID: 12357  # ID of the anchor node
RootIndex: 0  # Index of the root node in tree_nodes
NodeCount: 19  # Total number of nodes in the EPT
NodeStart
EPTNodeID: 0
AnchorID: 12357
TreeNodeGraphID: 0
Level: 0
SimplifiedLevel: 0
EditOperation: -1 0 -1 0 0
AccumulatedOpsCount: 0
ChildrenCount: 5
ChildIndices: 1 9 14 15 18
CompletedDBGraphIDsCount: 0
GraphStart
GraphDataStart
ID: 0
NumNodes: 56
NumEdges: 118
NodeLabels
6 2 2 2 2 3 3 3 4 4 4 4 4 4 4 4 4 4 4 4 4 4 4 4 4 4 4 4 4 4 4 4 4 5 5 5 5 5 5 5 5 5 5 5 5 5 5 5 5 5 5 5 5 5 5 5 
Edges
0 11 0
0 16 0
1 19 0
1 30 0
2 22 0
2 31 0
3 23 0
4 29 0
4 32 0
5 8 0
5 9 0
5 11 0
6 7 0
6 8 0
7 6 0
7 11 0
8 5 0
8 6 0
8 10 0
9 5 0
9 12 0
9 13 0
10 8 0
10 14 0
10 15 0
11 0 0
11 5 0
11 7 0
12 9 0
12 17 0
12 33 0
13 9 0
13 18 0
13 34 0
14 10 0
14 20 0
14 35 0
15 10 0
15 21 0
15 36 0
16 0 0
16 23 0
16 37 0
16 38 0
17 12 0
17 19 0
17 39 0
18 13 0
18 19 0
18 40 0
19 1 0
19 17 0
19 18 0
20 14 0
20 22 0
20 41 0
21 15 0
21 22 0
21 42 0
22 2 0
22 20 0
22 21 0
23 3 0
23 16 0
23 24 0
24 23 0
24 25 0
24 26 0
25 24 0
25 27 0
25 43 0
26 24 0
26 28 0
26 44 0
27 25 0
27 29 0
27 45 0
28 26 0
28 29 0
28 46 0
29 4 0
29 27 0
29 28 0
30 1 0
30 47 0
30 48 0
30 49 0
31 2 0
31 50 0
31 51 0
31 52 0
32 4 0
32 53 0
32 54 0
32 55 0
33 12 0
34 13 0
35 14 0
36 15 0
37 16 0
38 16 0
39 17 0
40 18 0
41 20 0
42 21 0
43 25 0
44 26 0
45 27 0
46 28 0
47 30 0
48 30 0
49 30 0
50 31 0
51 31 0
52 31 0
53 32 0
54 32 0
55 32 0
GraphDataEnd
GraphEnd
NodeEnd
NodeStart
EPTNodeID: 1
AnchorID: 12357
TreeNodeGraphID: 1
Level: 1
SimplifiedLevel: 0
EditOperation: 4 2 31 0 0
AccumulatedOpsCount: 1
AccumulatedOp: 4 2 31 0 0
ChildrenCount: 3
ChildIndices: 2 7 8
CompletedDBGraphIDsCount: 0
GraphStart
GraphDataStart
ID: 1
NumNodes: 56
NumEdges: 116
NodeLabels
6 2 2 2 2 3 3 3 4 4 4 4 4 4 4 4 4 4 4 4 4 4 4 4 4 4 4 4 4 4 4 4 4 5 5 5 5 5 5 5 5 5 5 5 5 5 5 5 5 5 5 5 5 5 5 5 
Edges
0 11 0
0 16 0
1 19 0
1 30 0
2 22 0
3 23 0
4 29 0
4 32 0
5 8 0
5 9 0
5 11 0
6 7 0
6 8 0
7 6 0
7 11 0
8 5 0
8 6 0
8 10 0
9 5 0
9 12 0
9 13 0
10 8 0
10 14 0
10 15 0
11 0 0
11 5 0
11 7 0
12 9 0
12 17 0
12 33 0
13 9 0
13 18 0
13 34 0
14 10 0
14 20 0
14 35 0
15 10 0
15 21 0
15 36 0
16 0 0
16 23 0
16 37 0
16 38 0
17 12 0
17 19 0
17 39 0
18 13 0
18 19 0
18 40 0
19 1 0
19 17 0
19 18 0
20 14 0
20 22 0
20 41 0
21 15 0
21 22 0
21 42 0
22 2 0
22 20 0
22 21 0
23 3 0
23 16 0
23 24 0
24 23 0
24 25 0
24 26 0
25 24 0
25 27 0
25 43 0
26 24 0
26 28 0
26 44 0
27 25 0
27 29 0
27 45 0
28 26 0
28 29 0
28 46 0
29 4 0
29 27 0
29 28 0
30 1 0
30 47 0
30 48 0
30 49 0
31 50 0
31 51 0
31 52 0
32 4 0
32 53 0
32 54 0
32 55 0
33 12 0
34 13 0
35 14 0
36 15 0
37 16 0
38 16 0
39 17 0
40 18 0
41 20 0
42 21 0
43 25 0
44 26 0
45 27 0
46 28 0
47 30 0
48 30 0
49 30 0
50 31 0
51 31 0
52 31 0
53 32 0
54 32 0
55 32 0
GraphDataEnd
GraphEnd
NodeEnd
NodeStart
EPTNodeID: 2
AnchorID: 12357
TreeNodeGraphID: 3
Level: 3
SimplifiedLevel: 0
EditOperation: 1 52 0 5 0
AccumulatedOpsCount: 2
AccumulatedOp: 4 31 52 0 0
AccumulatedOp: 1 52 0 5 0
ChildrenCount: 2
ChildIndices: 3 6
CompletedDBGraphIDsCount: 0
GraphStart
GraphDataStart
ID: 3
NumNodes: 55
NumEdges: 114
NodeLabels
6 2 2 2 2 3 3 3 4 4 4 4 4 4 4 4 4 4 4 4 4 4 4 4 4 4 4 4 4 4 4 4 4 5 5 5 5 5 5 5 5 5 5 5 5 5 5 5 5 5 5 5 5 5 5 
Edges
0 11 0
0 16 0
1 19 0
1 30 0
2 22 0
3 23 0
4 29 0
4 32 0
5 8 0
5 9 0
5 11 0
6 7 0
6 8 0
7 6 0
7 11 0
8 5 0
8 6 0
8 10 0
9 5 0
9 12 0
9 13 0
10 8 0
10 14 0
10 15 0
11 0 0
11 5 0
11 7 0
12 9 0
12 17 0
12 33 0
13 9 0
13 18 0
13 34 0
14 10 0
14 20 0
14 35 0
15 10 0
15 21 0
15 36 0
16 0 0
16 23 0
16 37 0
16 38 0
17 12 0
17 19 0
17 39 0
18 13 0
18 19 0
18 40 0
19 1 0
19 17 0
19 18 0
20 14 0
20 22 0
20 41 0
21 15 0
21 22 0
21 42 0
22 2 0
22 20 0
22 21 0
23 3 0
23 16 0
23 24 0
24 23 0
24 25 0
24 26 0
25 24 0
25 27 0
25 43 0
26 24 0
26 28 0
26 44 0
27 25 0
27 29 0
27 45 0
28 26 0
28 29 0
28 46 0
29 4 0
29 27 0
29 28 0
30 1 0
30 47 0
30 48 0
30 49 0
31 50 0
31 51 0
32 4 0
32 52 0
32 53 0
32 54 0
33 12 0
34 13 0
35 14 0
36 15 0
37 16 0
38 16 0
39 17 0
40 18 0
41 20 0
42 21 0
43 25 0
44 26 0
45 27 0
46 28 0
47 30 0
48 30 0
49 30 0
50 31 0
51 31 0
52 32 0
53 32 0
54 32 0
GraphDataEnd
GraphEnd
NodeEnd
NodeStart
EPTNodeID: 3
AnchorID: 12357
TreeNodeGraphID: 4
Level: 4
SimplifiedLevel: 0
EditOperation: 0 2 0 2 5
AccumulatedOpsCount: 1
AccumulatedOp: 0 2 0 2 5
ChildrenCount: 2
ChildIndices: 4 5
CompletedDBGraphIDsCount: 0
GraphStart
GraphDataStart
ID: 4
NumNodes: 55
NumEdges: 114
NodeLabels
6 2 5 2 2 3 3 3 4 4 4 4 4 4 4 4 4 4 4 4 4 4 4 4 4 4 4 4 4 4 4 4 4 5 5 5 5 5 5 5 5 5 5 5 5 5 5 5 5 5 5 5 5 5 5 
Edges
0 11 0
0 16 0
1 19 0
1 30 0
2 22 0
3 23 0
4 29 0
4 32 0
5 8 0
5 9 0
5 11 0
6 7 0
6 8 0
7 6 0
7 11 0
8 5 0
8 6 0
8 10 0
9 5 0
9 12 0
9 13 0
10 8 0
10 14 0
10 15 0
11 0 0
11 5 0
11 7 0
12 9 0
12 17 0
12 33 0
13 9 0
13 18 0
13 34 0
14 10 0
14 20 0
14 35 0
15 10 0
15 21 0
15 36 0
16 0 0
16 23 0
16 37 0
16 38 0
17 12 0
17 19 0
17 39 0
18 13 0
18 19 0
18 40 0
19 1 0
19 17 0
19 18 0
20 14 0
20 22 0
20 41 0
21 15 0
21 22 0
21 42 0
22 2 0
22 20 0
22 21 0
23 3 0
23 16 0
23 24 0
24 23 0
24 25 0
24 26 0
25 24 0
25 27 0
25 43 0
26 24 0
26 28 0
26 44 0
27 25 0
27 29 0
27 45 0
28 26 0
28 29 0
28 46 0
29 4 0
29 27 0
29 28 0
30 1 0
30 47 0
30 48 0
30 49 0
31 50 0
31 51 0
32 4 0
32 52 0
32 53 0
32 54 0
33 12 0
34 13 0
35 14 0
36 15 0
37 16 0
38 16 0
39 17 0
40 18 0
41 20 0
42 21 0
43 25 0
44 26 0
45 27 0
46 28 0
47 30 0
48 30 0
49 30 0
50 31 0
51 31 0
52 32 0
53 32 0
54 32 0
GraphDataEnd
GraphEnd
NodeEnd
NodeStart
EPTNodeID: 4
AnchorID: 12357
TreeNodeGraphID: 9
Level: 9
SimplifiedLevel: 0
EditOperation: 1 50 0 5 0
AccumulatedOpsCount: 5
AccumulatedOp: 4 31 51 0 0
AccumulatedOp: 1 51 0 5 0
AccumulatedOp: 4 31 50 0 0
AccumulatedOp: 1 31 0 4 0
AccumulatedOp: 1 50 0 5 0
ChildrenCount: 0
ChildIndices:
CompletedDBGraphIDsCount: 1
CompletedDBGraphID: 10276
GraphStart
GraphDataStart
ID: 9
NumNodes: 52
NumEdges: 110
NodeLabels
6 2 5 2 2 3 3 3 4 4 4 4 4 4 4 4 4 4 4 4 4 4 4 4 4 4 4 4 4 4 4 4 5 5 5 5 5 5 5 5 5 5 5 5 5 5 5 5 5 5 5 5 
Edges
0 11 0
0 16 0
1 19 0
1 30 0
2 22 0
3 23 0
4 29 0
4 31 0
5 8 0
5 9 0
5 11 0
6 7 0
6 8 0
7 6 0
7 11 0
8 5 0
8 6 0
8 10 0
9 5 0
9 12 0
9 13 0
10 8 0
10 14 0
10 15 0
11 0 0
11 5 0
11 7 0
12 9 0
12 17 0
12 32 0
13 9 0
13 18 0
13 33 0
14 10 0
14 20 0
14 34 0
15 10 0
15 21 0
15 35 0
16 0 0
16 23 0
16 36 0
16 37 0
17 12 0
17 19 0
17 38 0
18 13 0
18 19 0
18 39 0
19 1 0
19 17 0
19 18 0
20 14 0
20 22 0
20 40 0
21 15 0
21 22 0
21 41 0
22 2 0
22 20 0
22 21 0
23 3 0
23 16 0
23 24 0
24 23 0
24 25 0
24 26 0
25 24 0
25 27 0
25 42 0
26 24 0
26 28 0
26 43 0
27 25 0
27 29 0
27 44 0
28 26 0
28 29 0
28 45 0
29 4 0
29 27 0
29 28 0
30 1 0
30 46 0
30 47 0
30 48 0
31 4 0
31 49 0
31 50 0
31 51 0
32 12 0
33 13 0
34 14 0
35 15 0
36 16 0
37 16 0
38 17 0
39 18 0
40 20 0
41 21 0
42 25 0
43 26 0
44 27 0
45 28 0
46 30 0
47 30 0
48 30 0
49 31 0
50 31 0
51 31 0
GraphDataEnd
GraphEnd
NodeEnd
NodeStart
EPTNodeID: 5
AnchorID: 12357
TreeNodeGraphID: 12
Level: 7
SimplifiedLevel: 0
EditOperation: 5 8 31 0 0
AccumulatedOpsCount: 3
AccumulatedOp: 5 10 31 0 0
AccumulatedOp: 4 8 10 0 0
AccumulatedOp: 5 8 31 0 0
ChildrenCount: 0
ChildIndices:
CompletedDBGraphIDsCount: 1
CompletedDBGraphID: 10517
GraphStart
GraphDataStart
ID: 12
NumNodes: 55
NumEdges: 116
NodeLabels
6 2 5 2 2 3 3 3 4 4 4 4 4 4 4 4 4 4 4 4 4 4 4 4 4 4 4 4 4 4 4 4 4 5 5 5 5 5 5 5 5 5 5 5 5 5 5 5 5 5 5 5 5 5 5 
Edges
0 11 0
0 16 0
1 19 0
1 30 0
2 22 0
3 23 0
4 29 0
4 32 0
5 8 0
5 9 0
5 11 0
6 7 0
6 8 0
7 6 0
7 11 0
8 5 0
8 6 0
8 31 0
9 5 0
9 12 0
9 13 0
10 14 0
10 15 0
10 31 0
11 0 0
11 5 0
11 7 0
12 9 0
12 17 0
12 33 0
13 9 0
13 18 0
13 34 0
14 10 0
14 20 0
14 35 0
15 10 0
15 21 0
15 36 0
16 0 0
16 23 0
16 37 0
16 38 0
17 12 0
17 19 0
17 39 0
18 13 0
18 19 0
18 40 0
19 1 0
19 17 0
19 18 0
20 14 0
20 22 0
20 41 0
21 15 0
21 22 0
21 42 0
22 2 0
22 20 0
22 21 0
23 3 0
23 16 0
23 24 0
24 23 0
24 25 0
24 26 0
25 24 0
25 27 0
25 43 0
26 24 0
26 28 0
26 44 0
27 25 0
27 29 0
27 45 0
28 26 0
28 29 0
28 46 0
29 4 0
29 27 0
29 28 0
30 1 0
30 47 0
30 48 0
30 49 0
31 50 0
31 51 0
31 10 0
31 8 0
32 4 0
32 52 0
32 53 0
32 54 0
33 12 0
34 13 0
35 14 0
36 15 0
37 16 0
38 16 0
39 17 0
40 18 0
41 20 0
42 21 0
43 25 0
44 26 0
45 27 0
46 28 0
47 30 0
48 30 0
49 30 0
50 31 0
51 31 0
52 32 0
53 32 0
54 32 0
GraphDataEnd
GraphEnd
NodeEnd
NodeStart
EPTNodeID: 6
AnchorID: 12357
TreeNodeGraphID: 18
Level: 9
SimplifiedLevel: 0
EditOperation: 1 31 0 4 0
AccumulatedOpsCount: 6
AccumulatedOp: 4 31 50 0 0
AccumulatedOp: 0 2 0 2 7
AccumulatedOp: 1 50 0 5 0
AccumulatedOp: 4 31 51 0 0
AccumulatedOp: 1 51 0 5 0
AccumulatedOp: 1 31 0 4 0
ChildrenCount: 0
ChildIndices:
CompletedDBGraphIDsCount: 1
CompletedDBGraphID: 22644
GraphStart
GraphDataStart
ID: 18
NumNodes: 52
NumEdges: 110
NodeLabels
6 2 7 2 2 3 3 3 4 4 4 4 4 4 4 4 4 4 4 4 4 4 4 4 4 4 4 4 4 4 4 4 5 5 5 5 5 5 5 5 5 5 5 5 5 5 5 5 5 5 5 5 
Edges
0 11 0
0 16 0
1 19 0
1 30 0
2 22 0
3 23 0
4 29 0
4 31 0
5 8 0
5 9 0
5 11 0
6 7 0
6 8 0
7 6 0
7 11 0
8 5 0
8 6 0
8 10 0
9 5 0
9 12 0
9 13 0
10 8 0
10 14 0
10 15 0
11 0 0
11 5 0
11 7 0
12 9 0
12 17 0
12 32 0
13 9 0
13 18 0
13 33 0
14 10 0
14 20 0
14 34 0
15 10 0
15 21 0
15 35 0
16 0 0
16 23 0
16 36 0
16 37 0
17 12 0
17 19 0
17 38 0
18 13 0
18 19 0
18 39 0
19 1 0
19 17 0
19 18 0
20 14 0
20 22 0
20 40 0
21 15 0
21 22 0
21 41 0
22 2 0
22 20 0
22 21 0
23 3 0
23 16 0
23 24 0
24 23 0
24 25 0
24 26 0
25 24 0
25 27 0
25 42 0
26 24 0
26 28 0
26 43 0
27 25 0
27 29 0
27 44 0
28 26 0
28 29 0
28 45 0
29 4 0
29 27 0
29 28 0
30 1 0
30 46 0
30 47 0
30 48 0
31 4 0
31 49 0
31 50 0
31 51 0
32 12 0
33 13 0
34 14 0
35 15 0
36 16 0
37 16 0
38 17 0
39 18 0
40 20 0
41 21 0
42 25 0
43 26 0
44 27 0
45 28 0
46 30 0
47 30 0
48 30 0
49 31 0
50 31 0
51 31 0
GraphDataEnd
GraphEnd
NodeEnd
NodeStart
EPTNodeID: 7
AnchorID: 12357
TreeNodeGraphID: 21
Level: 4
SimplifiedLevel: 0
EditOperation: 1 2 0 2 0
AccumulatedOpsCount: 3
AccumulatedOp: 5 22 31 0 0
AccumulatedOp: 4 2 22 0 0
AccumulatedOp: 1 2 0 2 0
ChildrenCount: 0
ChildIndices:
CompletedDBGraphIDsCount: 1
CompletedDBGraphID: 13578
GraphStart
GraphDataStart
ID: 21
NumNodes: 55
NumEdges: 116
NodeLabels
6 2 2 2 3 3 3 4 4 4 4 4 4 4 4 4 4 4 4 4 4 4 4 4 4 4 4 4 4 4 4 4 5 5 5 5 5 5 5 5 5 5 5 5 5 5 5 5 5 5 5 5 5 5 5 
Edges
0 10 0
0 15 0
1 18 0
1 29 0
2 22 0
3 28 0
3 31 0
4 7 0
4 8 0
4 10 0
5 6 0
5 7 0
6 5 0
6 10 0
7 4 0
7 5 0
7 9 0
8 4 0
8 11 0
8 12 0
9 7 0
9 13 0
9 14 0
10 0 0
10 4 0
10 6 0
11 8 0
11 16 0
11 32 0
12 8 0
12 17 0
12 33 0
13 9 0
13 19 0
13 34 0
14 9 0
14 20 0
14 35 0
15 0 0
15 22 0
15 36 0
15 37 0
16 11 0
16 18 0
16 38 0
17 12 0
17 18 0
17 39 0
18 1 0
18 16 0
18 17 0
19 13 0
19 21 0
19 40 0
20 14 0
20 21 0
20 41 0
21 19 0
21 20 0
21 30 0
22 2 0
22 15 0
22 23 0
23 22 0
23 24 0
23 25 0
24 23 0
24 26 0
24 42 0
25 23 0
25 27 0
25 43 0
26 24 0
26 28 0
26 44 0
27 25 0
27 28 0
27 45 0
28 3 0
28 26 0
28 27 0
29 1 0
29 46 0
29 47 0
29 48 0
30 49 0
30 50 0
30 51 0
30 21 0
31 3 0
31 52 0
31 53 0
31 54 0
32 11 0
33 12 0
34 13 0
35 14 0
36 15 0
37 15 0
38 16 0
39 17 0
40 19 0
41 20 0
42 24 0
43 25 0
44 26 0
45 27 0
46 29 0
47 29 0
48 29 0
49 30 0
50 30 0
51 30 0
52 31 0
53 31 0
54 31 0
GraphDataEnd
GraphEnd
NodeEnd
NodeStart
EPTNodeID: 8
AnchorID: 12357
TreeNodeGraphID: 30
Level: 10
SimplifiedLevel: 0
EditOperation: 5 55 56 0 0
AccumulatedOpsCount: 9
AccumulatedOp: 5 30 31 0 0
AccumulatedOp: 0 2 0 2 8
AccumulatedOp: 0 45 0 5 2
AccumulatedOp: 5 45 55 0 0
AccumulatedOp: 0 55 0 5 4
AccumulatedOp: 4 30 49 0 0
AccumulatedOp: 5 49 55 0 0
AccumulatedOp: 2 56 0 0 5
AccumulatedOp: 5 55 56 0 0
ChildrenCount: 0
ChildIndices:
CompletedDBGraphIDsCount: 1
CompletedDBGraphID: 15654
GraphStart
GraphDataStart
ID: 30
NumNodes: 57
NumEdges: 122
NodeLabels
6 2 8 2 2 3 3 3 4 4 4 4 4 4 4 4 4 4 4 4 4 4 4 4 4 4 4 4 4 4 4 4 4 5 5 5 5 5 5 5 5 5 5 5 5 2 5 5 5 5 5 5 5 5 5 4 5 
Edges
0 11 0
0 16 0
1 19 0
1 30 0
2 22 0
3 23 0
4 29 0
4 32 0
5 8 0
5 9 0
5 11 0
6 7 0
6 8 0
7 6 0
7 11 0
8 5 0
8 6 0
8 10 0
9 5 0
9 12 0
9 13 0
10 8 0
10 14 0
10 15 0
11 0 0
11 5 0
11 7 0
12 9 0
12 17 0
12 33 0
13 9 0
13 18 0
13 34 0
14 10 0
14 20 0
14 35 0
15 10 0
15 21 0
15 36 0
16 0 0
16 23 0
16 37 0
16 38 0
17 12 0
17 19 0
17 39 0
18 13 0
18 19 0
18 40 0
19 1 0
19 17 0
19 18 0
20 14 0
20 22 0
20 41 0
21 15 0
21 22 0
21 42 0
22 2 0
22 20 0
22 21 0
23 3 0
23 16 0
23 24 0
24 23 0
24 25 0
24 26 0
25 24 0
25 27 0
25 43 0
26 24 0
26 28 0
26 44 0
27 25 0
27 29 0
27 45 0
28 26 0
28 29 0
28 46 0
29 4 0
29 27 0
29 28 0
30 1 0
30 47 0
30 48 0
30 31 0
31 50 0
31 51 0
31 52 0
31 30 0
32 4 0
32 53 0
32 54 0
32 55 0
33 12 0
34 13 0
35 14 0
36 15 0
37 16 0
38 16 0
39 17 0
40 18 0
41 20 0
42 21 0
43 25 0
44 26 0
45 27 0
45 55 0
46 28 0
47 30 0
48 30 0
49 55 0
50 31 0
51 31 0
52 31 0
53 32 0
54 32 0
55 32 0
55 45 0
55 49 0
55 56 0
56 55 0
GraphDataEnd
GraphEnd
NodeEnd
NodeStart
EPTNodeID: 9
AnchorID: 12357
TreeNodeGraphID: 31
Level: 1
SimplifiedLevel: 0
EditOperation: 4 1 19 0 0
AccumulatedOpsCount: 1
AccumulatedOp: 4 1 19 0 0
ChildrenCount: 2
ChildIndices: 10 13
CompletedDBGraphIDsCount: 0
GraphStart
GraphDataStart
ID: 31
NumNodes: 56
NumEdges: 116
NodeLabels
6 2 2 2 2 3 3 3 4 4 4 4 4 4 4 4 4 4 4 4 4 4 4 4 4 4 4 4 4 4 4 4 4 5 5 5 5 5 5 5 5 5 5 5 5 5 5 5 5 5 5 5 5 5 5 5 
Edges
0 11 0
0 16 0
1 30 0
2 22 0
2 31 0
3 23 0
4 29 0
4 32 0
5 8 0
5 9 0
5 11 0
6 7 0
6 8 0
7 6 0
7 11 0
8 5 0
8 6 0
8 10 0
9 5 0
9 12 0
9 13 0
10 8 0
10 14 0
10 15 0
11 0 0
11 5 0
11 7 0
12 9 0
12 17 0
12 33 0
13 9 0
13 18 0
13 34 0
14 10 0
14 20 0
14 35 0
15 10 0
15 21 0
15 36 0
16 0 0
16 23 0
16 37 0
16 38 0
17 12 0
17 19 0
17 39 0
18 13 0
18 19 0
18 40 0
19 17 0
19 18 0
20 14 0
20 22 0
20 41 0
21 15 0
21 22 0
21 42 0
22 2 0
22 20 0
22 21 0
23 3 0
23 16 0
23 24 0
24 23 0
24 25 0
24 26 0
25 24 0
25 27 0
25 43 0
26 24 0
26 28 0
26 44 0
27 25 0
27 29 0
27 45 0
28 26 0
28 29 0
28 46 0
29 4 0
29 27 0
29 28 0
30 1 0
30 47 0
30 48 0
30 49 0
31 2 0
31 50 0
31 51 0
31 52 0
32 4 0
32 53 0
32 54 0
32 55 0
33 12 0
34 13 0
35 14 0
36 15 0
37 16 0
38 16 0
39 17 0
40 18 0
41 20 0
42 21 0
43 25 0
44 26 0
45 27 0
46 28 0
47 30 0
48 30 0
49 30 0
50 31 0
51 31 0
52 31 0
53 32 0
54 32 0
55 32 0
GraphDataEnd
GraphEnd
NodeEnd
NodeStart
EPTNodeID: 10
AnchorID: 12357
TreeNodeGraphID: 33
Level: 3
SimplifiedLevel: 0
EditOperation: 5 1 20 0 0
AccumulatedOpsCount: 2
AccumulatedOp: 4 20 41 0 0
AccumulatedOp: 5 1 20 0 0
ChildrenCount: 2
ChildIndices: 11 12
CompletedDBGraphIDsCount: 0
GraphStart
GraphDataStart
ID: 33
NumNodes: 56
NumEdges: 116
NodeLabels
6 2 2 2 2 3 3 3 4 4 4 4 4 4 4 4 4 4 4 4 4 4 4 4 4 4 4 4 4 4 4 4 4 5 5 5 5 5 5 5 5 5 5 5 5 5 5 5 5 5 5 5 5 5 5 5 
Edges
0 11 0
0 16 0
1 30 0
1 20 0
2 22 0
2 31 0
3 23 0
4 29 0
4 32 0
5 8 0
5 9 0
5 11 0
6 7 0
6 8 0
7 6 0
7 11 0
8 5 0
8 6 0
8 10 0
9 5 0
9 12 0
9 13 0
10 8 0
10 14 0
10 15 0
11 0 0
11 5 0
11 7 0
12 9 0
12 17 0
12 33 0
13 9 0
13 18 0
13 34 0
14 10 0
14 20 0
14 35 0
15 10 0
15 21 0
15 36 0
16 0 0
16 23 0
16 37 0
16 38 0
17 12 0
17 19 0
17 39 0
18 13 0
18 19 0
18 40 0
19 17 0
19 18 0
20 14 0
20 22 0
20 1 0
21 15 0
21 22 0
21 42 0
22 2 0
22 20 0
22 21 0
23 3 0
23 16 0
23 24 0
24 23 0
24 25 0
24 26 0
25 24 0
25 27 0
25 43 0
26 24 0
26 28 0
26 44 0
27 25 0
27 29 0
27 45 0
28 26 0
28 29 0
28 46 0
29 4 0
29 27 0
29 28 0
30 1 0
30 47 0
30 48 0
30 49 0
31 2 0
31 50 0
31 51 0
31 52 0
32 4 0
32 53 0
32 54 0
32 55 0
33 12 0
34 13 0
35 14 0
36 15 0
37 16 0
38 16 0
39 17 0
40 18 0
42 21 0
43 25 0
44 26 0
45 27 0
46 28 0
47 30 0
48 30 0
49 30 0
50 31 0
51 31 0
52 31 0
53 32 0
54 32 0
55 32 0
GraphDataEnd
GraphEnd
NodeEnd
NodeStart
EPTNodeID: 11
AnchorID: 12357
TreeNodeGraphID: 34
Level: 4
SimplifiedLevel: 0
EditOperation: 5 19 41 0 0
AccumulatedOpsCount: 1
AccumulatedOp: 5 19 41 0 0
ChildrenCount: 0
ChildIndices:
CompletedDBGraphIDsCount: 1
CompletedDBGraphID: 17439
GraphStart
GraphDataStart
ID: 34
NumNodes: 56
NumEdges: 118
NodeLabels
6 2 2 2 2 3 3 3 4 4 4 4 4 4 4 4 4 4 4 4 4 4 4 4 4 4 4 4 4 4 4 4 4 5 5 5 5 5 5 5 5 5 5 5 5 5 5 5 5 5 5 5 5 5 5 5 
Edges
0 11 0
0 16 0
1 30 0
1 20 0
2 22 0
2 31 0
3 23 0
4 29 0
4 32 0
5 8 0
5 9 0
5 11 0
6 7 0
6 8 0
7 6 0
7 11 0
8 5 0
8 6 0
8 10 0
9 5 0
9 12 0
9 13 0
10 8 0
10 14 0
10 15 0
11 0 0
11 5 0
11 7 0
12 9 0
12 17 0
12 33 0
13 9 0
13 18 0
13 34 0
14 10 0
14 20 0
14 35 0
15 10 0
15 21 0
15 36 0
16 0 0
16 23 0
16 37 0
16 38 0
17 12 0
17 19 0
17 39 0
18 13 0
18 19 0
18 40 0
19 17 0
19 18 0
19 41 0
20 14 0
20 22 0
20 1 0
21 15 0
21 22 0
21 42 0
22 2 0
22 20 0
22 21 0
23 3 0
23 16 0
23 24 0
24 23 0
24 25 0
24 26 0
25 24 0
25 27 0
25 43 0
26 24 0
26 28 0
26 44 0
27 25 0
27 29 0
27 45 0
28 26 0
28 29 0
28 46 0
29 4 0
29 27 0
29 28 0
30 1 0
30 47 0
30 48 0
30 49 0
31 2 0
31 50 0
31 51 0
31 52 0
32 4 0
32 53 0
32 54 0
32 55 0
33 12 0
34 13 0
35 14 0
36 15 0
37 16 0
38 16 0
39 17 0
40 18 0
41 19 0
42 21 0
43 25 0
44 26 0
45 27 0
46 28 0
47 30 0
48 30 0
49 30 0
50 31 0
51 31 0
52 31 0
53 32 0
54 32 0
55 32 0
GraphDataEnd
GraphEnd
NodeEnd
NodeStart
EPTNodeID: 12
AnchorID: 12357
TreeNodeGraphID: 41
Level: 10
SimplifiedLevel: 0
EditOperation: 5 56 58 0 0
AccumulatedOpsCount: 7
AccumulatedOp: 2 56 0 0 4
AccumulatedOp: 2 57 0 0 5
AccumulatedOp: 2 58 0 0 5
AccumulatedOp: 5 19 56 0 0
AccumulatedOp: 5 56 57 0 0
AccumulatedOp: 5 41 56 0 0
AccumulatedOp: 5 56 58 0 0
ChildrenCount: 0
ChildIndices:
CompletedDBGraphIDsCount: 1
CompletedDBGraphID: 4677
GraphStart
GraphDataStart
ID: 41
NumNodes: 59
NumEdges: 124
NodeLabels
6 2 2 2 2 3 3 3 4 4 4 4 4 4 4 4 4 4 4 4 4 4 4 4 4 4 4 4 4 4 4 4 4 5 5 5 5 5 5 5 5 5 5 5 5 5 5 5 5 5 5 5 5 5 5 5 4 5 5 
Edges
0 11 0
0 16 0
1 30 0
1 20 0
2 22 0
2 31 0
3 23 0
4 29 0
4 32 0
5 8 0
5 9 0
5 11 0
6 7 0
6 8 0
7 6 0
7 11 0
8 5 0
8 6 0
8 10 0
9 5 0
9 12 0
9 13 0
10 8 0
10 14 0
10 15 0
11 0 0
11 5 0
11 7 0
12 9 0
12 17 0
12 33 0
13 9 0
13 18 0
13 34 0
14 10 0
14 20 0
14 35 0
15 10 0
15 21 0
15 36 0
16 0 0
16 23 0
16 37 0
16 38 0
17 12 0
17 19 0
17 39 0
18 13 0
18 19 0
18 40 0
19 17 0
19 18 0
19 56 0
20 14 0
20 22 0
20 1 0
21 15 0
21 22 0
21 42 0
22 2 0
22 20 0
22 21 0
23 3 0
23 16 0
23 24 0
24 23 0
24 25 0
24 26 0
25 24 0
25 27 0
25 43 0
26 24 0
26 28 0
26 44 0
27 25 0
27 29 0
27 45 0
28 26 0
28 29 0
28 46 0
29 4 0
29 27 0
29 28 0
30 1 0
30 47 0
30 48 0
30 49 0
31 2 0
31 50 0
31 51 0
31 52 0
32 4 0
32 53 0
32 54 0
32 55 0
33 12 0
34 13 0
35 14 0
36 15 0
37 16 0
38 16 0
39 17 0
40 18 0
41 56 0
42 21 0
43 25 0
44 26 0
45 27 0
46 28 0
47 30 0
48 30 0
49 30 0
50 31 0
51 31 0
52 31 0
53 32 0
54 32 0
55 32 0
56 19 0
56 57 0
56 41 0
56 58 0
57 56 0
58 56 0
GraphDataEnd
GraphEnd
NodeEnd
NodeStart
EPTNodeID: 13
AnchorID: 12357
TreeNodeGraphID: 51
Level: 11
SimplifiedLevel: 0
EditOperation: 5 1 25 0 0
AccumulatedOpsCount: 10
AccumulatedOp: 2 57 0 0 5
AccumulatedOp: 0 44 0 5 3
AccumulatedOp: 5 44 57 0 0
AccumulatedOp: 2 56 0 0 7
AccumulatedOp: 4 23 24 0 0
AccumulatedOp: 5 23 44 0 0
AccumulatedOp: 5 24 43 0 0
AccumulatedOp: 4 25 43 0 0
AccumulatedOp: 5 19 56 0 0
AccumulatedOp: 5 1 25 0 0
ChildrenCount: 0
ChildIndices:
CompletedDBGraphIDsCount: 1
CompletedDBGraphID: 21609
GraphStart
GraphDataStart
ID: 51
NumNodes: 58
NumEdges: 122
NodeLabels
6 2 2 2 2 3 3 3 4 4 4 4 4 4 4 4 4 4 4 4 4 4 4 4 4 4 4 4 4 4 4 4 4 5 5 5 5 5 5 5 5 5 5 5 3 5 5 5 5 5 5 5 5 5 5 5 7 5 
Edges
0 11 0
0 16 0
1 30 0
1 25 0
2 22 0
2 31 0
3 23 0
4 29 0
4 32 0
5 8 0
5 9 0
5 11 0
6 7 0
6 8 0
7 6 0
7 11 0
8 5 0
8 6 0
8 10 0
9 5 0
9 12 0
9 13 0
10 8 0
10 14 0
10 15 0
11 0 0
11 5 0
11 7 0
12 9 0
12 17 0
12 33 0
13 9 0
13 18 0
13 34 0
14 10 0
14 20 0
14 35 0
15 10 0
15 21 0
15 36 0
16 0 0
16 23 0
16 37 0
16 38 0
17 12 0
17 19 0
17 39 0
18 13 0
18 19 0
18 40 0
19 17 0
19 18 0
19 56 0
20 14 0
20 22 0
20 41 0
21 15 0
21 22 0
21 42 0
22 2 0
22 20 0
22 21 0
23 3 0
23 16 0
23 44 0
24 25 0
24 26 0
24 43 0
25 24 0
25 27 0
25 1 0
26 24 0
26 28 0
26 44 0
27 25 0
27 29 0
27 45 0
28 26 0
28 29 0
28 46 0
29 4 0
29 27 0
29 28 0
30 1 0
30 47 0
30 48 0
30 49 0
31 2 0
31 50 0
31 51 0
31 52 0
32 4 0
32 53 0
32 54 0
32 55 0
33 12 0
34 13 0
35 14 0
36 15 0
37 16 0
38 16 0
39 17 0
40 18 0
41 20 0
42 21 0
43 24 0
44 26 0
44 57 0
44 23 0
45 27 0
46 28 0
47 30 0
48 30 0
49 30 0
50 31 0
51 31 0
52 31 0
53 32 0
54 32 0
55 32 0
56 19 0
57 44 0
GraphDataEnd
GraphEnd
NodeEnd
NodeStart
EPTNodeID: 14
AnchorID: 12357
TreeNodeGraphID: 64
Level: 13
SimplifiedLevel: 0
EditOperation: 5 10 50 0 0
AccumulatedOpsCount: 13
AccumulatedOp: 4 31 50 0 0
AccumulatedOp: 0 34 0 5 2
AccumulatedOp: 2 58 0 0 5
AccumulatedOp: 2 56 0 0 4
AccumulatedOp: 2 57 0 0 5
AccumulatedOp: 2 59 0 0 5
AccumulatedOp: 5 56 59 0 0
AccumulatedOp: 4 8 10 0 0
AccumulatedOp: 5 56 58 0 0
AccumulatedOp: 5 34 56 0 0
AccumulatedOp: 5 8 31 0 0
AccumulatedOp: 5 56 57 0 0
AccumulatedOp: 5 10 50 0 0
ChildrenCount: 0
ChildIndices:
CompletedDBGraphIDsCount: 1
CompletedDBGraphID: 6608
GraphStart
GraphDataStart
ID: 64
NumNodes: 60
NumEdges: 126
NodeLabels
6 2 2 2 2 3 3 3 4 4 4 4 4 4 4 4 4 4 4 4 4 4 4 4 4 4 4 4 4 4 4 4 4 5 2 5 5 5 5 5 5 5 5 5 5 5 5 5 5 5 5 5 5 5 5 5 4 5 5 5 
Edges
0 11 0
0 16 0
1 19 0
1 30 0
2 22 0
2 31 0
3 23 0
4 29 0
4 32 0
5 8 0
5 9 0
5 11 0
6 7 0
6 8 0
7 6 0
7 11 0
8 5 0
8 6 0
8 31 0
9 5 0
9 12 0
9 13 0
10 14 0
10 15 0
10 50 0
11 0 0
11 5 0
11 7 0
12 9 0
12 17 0
12 33 0
13 9 0
13 18 0
13 34 0
14 10 0
14 20 0
14 35 0
15 10 0
15 21 0
15 36 0
16 0 0
16 23 0
16 37 0
16 38 0
17 12 0
17 19 0
17 39 0
18 13 0
18 19 0
18 40 0
19 1 0
19 17 0
19 18 0
20 14 0
20 22 0
20 41 0
21 15 0
21 22 0
21 42 0
22 2 0
22 20 0
22 21 0
23 3 0
23 16 0
23 24 0
24 23 0
24 25 0
24 26 0
25 24 0
25 27 0
25 43 0
26 24 0
26 28 0
26 44 0
27 25 0
27 29 0
27 45 0
28 26 0
28 29 0
28 46 0
29 4 0
29 27 0
29 28 0
30 1 0
30 47 0
30 48 0
30 49 0
31 2 0
31 51 0
31 52 0
31 8 0
32 4 0
32 53 0
32 54 0
32 55 0
33 12 0
34 13 0
34 56 0
35 14 0
36 15 0
37 16 0
38 16 0
39 17 0
40 18 0
41 20 0
42 21 0
43 25 0
44 26 0
45 27 0
46 28 0
47 30 0
48 30 0
49 30 0
50 10 0
51 31 0
52 31 0
53 32 0
54 32 0
55 32 0
56 59 0
56 58 0
56 34 0
56 57 0
57 56 0
58 56 0
59 56 0
GraphDataEnd
GraphEnd
NodeEnd
NodeStart
EPTNodeID: 15
AnchorID: 12357
TreeNodeGraphID: 72
Level: 8
SimplifiedLevel: 0
EditOperation: 1 55 0 5 0
AccumulatedOpsCount: 8
AccumulatedOp: 4 4 32 0 0
AccumulatedOp: 0 4 0 2 7
AccumulatedOp: 4 32 53 0 0
AccumulatedOp: 4 32 54 0 0
AccumulatedOp: 1 54 0 5 0
AccumulatedOp: 4 32 55 0 0
AccumulatedOp: 1 32 0 4 0
AccumulatedOp: 1 55 0 5 0
ChildrenCount: 2
ChildIndices: 16 17
CompletedDBGraphIDsCount: 0
GraphStart
GraphDataStart
ID: 72
NumNodes: 53
NumEdges: 110
NodeLabels
6 2 2 2 7 3 3 3 4 4 4 4 4 4 4 4 4 4 4 4 4 4 4 4 4 4 4 4 4 4 4 4 5 5 5 5 5 5 5 5 5 5 5 5 5 5 5 5 5 5 5 5 5 
Edges
0 11 0
0 16 0
1 19 0
1 30 0
2 22 0
2 31 0
3 23 0
4 29 0
5 8 0
5 9 0
5 11 0
6 7 0
6 8 0
7 6 0
7 11 0
8 5 0
8 6 0
8 10 0
9 5 0
9 12 0
9 13 0
10 8 0
10 14 0
10 15 0
11 0 0
11 5 0
11 7 0
12 9 0
12 17 0
12 32 0
13 9 0
13 18 0
13 33 0
14 10 0
14 20 0
14 34 0
15 10 0
15 21 0
15 35 0
16 0 0
16 23 0
16 36 0
16 37 0
17 12 0
17 19 0
17 38 0
18 13 0
18 19 0
18 39 0
19 1 0
19 17 0
19 18 0
20 14 0
20 22 0
20 40 0
21 15 0
21 22 0
21 41 0
22 2 0
22 20 0
22 21 0
23 3 0
23 16 0
23 24 0
24 23 0
24 25 0
24 26 0
25 24 0
25 27 0
25 42 0
26 24 0
26 28 0
26 43 0
27 25 0
27 29 0
27 44 0
28 26 0
28 29 0
28 45 0
29 4 0
29 27 0
29 28 0
30 1 0
30 46 0
30 47 0
30 48 0
31 2 0
31 49 0
31 50 0
31 51 0
32 12 0
33 13 0
34 14 0
35 15 0
36 16 0
37 16 0
38 17 0
39 18 0
40 20 0
41 21 0
42 25 0
43 26 0
44 27 0
45 28 0
46 30 0
47 30 0
48 30 0
49 31 0
50 31 0
51 31 0
GraphDataEnd
GraphEnd
NodeEnd
NodeStart
EPTNodeID: 16
AnchorID: 12357
TreeNodeGraphID: 76
Level: 12
SimplifiedLevel: 0
EditOperation: 5 6 9 0 0
AccumulatedOpsCount: 4
AccumulatedOp: 0 6 0 3 4
AccumulatedOp: 4 5 9 0 0
AccumulatedOp: 5 7 53 0 0
AccumulatedOp: 5 6 9 0 0
ChildrenCount: 0
ChildIndices:
CompletedDBGraphIDsCount: 1
CompletedDBGraphID: 16034
GraphStart
GraphDataStart
ID: 76
NumNodes: 53
NumEdges: 112
NodeLabels
6 2 2 2 7 3 4 3 4 4 4 4 4 4 4 4 4 4 4 4 4 4 4 4 4 4 4 4 4 4 4 4 5 5 5 5 5 5 5 5 5 5 5 5 5 5 5 5 5 5 5 5 5 
Edges
0 11 0
0 16 0
1 19 0
1 30 0
2 22 0
2 31 0
3 23 0
4 29 0
5 8 0
5 11 0
6 7 0
6 8 0
6 9 0
7 6 0
7 11 0
7 52 0
8 5 0
8 6 0
8 10 0
9 12 0
9 13 0
9 6 0
10 8 0
10 14 0
10 15 0
11 0 0
11 5 0
11 7 0
12 9 0
12 17 0
12 32 0
13 9 0
13 18 0
13 33 0
14 10 0
14 20 0
14 34 0
15 10 0
15 21 0
15 35 0
16 0 0
16 23 0
16 36 0
16 37 0
17 12 0
17 19 0
17 38 0
18 13 0
18 19 0
18 39 0
19 1 0
19 17 0
19 18 0
20 14 0
20 22 0
20 40 0
21 15 0
21 22 0
21 41 0
22 2 0
22 20 0
22 21 0
23 3 0
23 16 0
23 24 0
24 23 0
24 25 0
24 26 0
25 24 0
25 27 0
25 42 0
26 24 0
26 28 0
26 43 0
27 25 0
27 29 0
27 44 0
28 26 0
28 29 0
28 45 0
29 4 0
29 27 0
29 28 0
30 1 0
30 46 0
30 47 0
30 48 0
31 2 0
31 49 0
31 50 0
31 51 0
32 12 0
33 13 0
34 14 0
35 15 0
36 16 0
37 16 0
38 17 0
39 18 0
40 20 0
41 21 0
42 25 0
43 26 0
44 27 0
45 28 0
46 30 0
47 30 0
48 30 0
49 31 0
50 31 0
51 31 0
52 7 0
GraphDataEnd
GraphEnd
NodeEnd
NodeStart
EPTNodeID: 17
AnchorID: 12357
TreeNodeGraphID: 77
Level: 9
SimplifiedLevel: 0
EditOperation: 1 53 0 5 0
AccumulatedOpsCount: 1
AccumulatedOp: 1 53 0 5 0
ChildrenCount: 0
ChildIndices:
CompletedDBGraphIDsCount: 1
CompletedDBGraphID: 4666
GraphStart
GraphDataStart
ID: 77
NumNodes: 52
NumEdges: 110
NodeLabels
6 2 2 2 7 3 3 3 4 4 4 4 4 4 4 4 4 4 4 4 4 4 4 4 4 4 4 4 4 4 4 4 5 5 5 5 5 5 5 5 5 5 5 5 5 5 5 5 5 5 5 5 
Edges
0 11 0
0 16 0
1 19 0
1 30 0
2 22 0
2 31 0
3 23 0
4 29 0
5 8 0
5 9 0
5 11 0
6 7 0
6 8 0
7 6 0
7 11 0
8 5 0
8 6 0
8 10 0
9 5 0
9 12 0
9 13 0
10 8 0
10 14 0
10 15 0
11 0 0
11 5 0
11 7 0
12 9 0
12 17 0
12 32 0
13 9 0
13 18 0
13 33 0
14 10 0
14 20 0
14 34 0
15 10 0
15 21 0
15 35 0
16 0 0
16 23 0
16 36 0
16 37 0
17 12 0
17 19 0
17 38 0
18 13 0
18 19 0
18 39 0
19 1 0
19 17 0
19 18 0
20 14 0
20 22 0
20 40 0
21 15 0
21 22 0
21 41 0
22 2 0
22 20 0
22 21 0
23 3 0
23 16 0
23 24 0
24 23 0
24 25 0
24 26 0
25 24 0
25 27 0
25 42 0
26 24 0
26 28 0
26 43 0
27 25 0
27 29 0
27 44 0
28 26 0
28 29 0
28 45 0
29 4 0
29 27 0
29 28 0
30 1 0
30 46 0
30 47 0
30 48 0
31 2 0
31 49 0
31 50 0
31 51 0
32 12 0
33 13 0
34 14 0
35 15 0
36 16 0
37 16 0
38 17 0
39 18 0
40 20 0
41 21 0
42 25 0
43 26 0
44 27 0
45 28 0
46 30 0
47 30 0
48 30 0
49 31 0
50 31 0
51 31 0
GraphDataEnd
GraphEnd
NodeEnd
NodeStart
EPTNodeID: 18
AnchorID: 12357
TreeNodeGraphID: 86
Level: 9
SimplifiedLevel: 0
EditOperation: 1 30 0 4 0
AccumulatedOpsCount: 9
AccumulatedOp: 4 30 49 0 0
AccumulatedOp: 0 1 0 2 7
AccumulatedOp: 1 49 0 5 0
AccumulatedOp: 4 1 30 0 0
AccumulatedOp: 4 30 47 0 0
AccumulatedOp: 1 47 0 5 0
AccumulatedOp: 4 30 48 0 0
AccumulatedOp: 1 48 0 5 0
AccumulatedOp: 1 30 0 4 0
ChildrenCount: 0
ChildIndices:
CompletedDBGraphIDsCount: 1
CompletedDBGraphID: 20353
GraphStart
GraphDataStart
ID: 86
NumNodes: 52
NumEdges: 110
NodeLabels
6 7 2 2 2 3 3 3 4 4 4 4 4 4 4 4 4 4 4 4 4 4 4 4 4 4 4 4 4 4 4 4 5 5 5 5 5 5 5 5 5 5 5 5 5 5 5 5 5 5 5 5 
Edges
0 11 0
0 16 0
1 19 0
2 22 0
2 30 0
3 23 0
4 29 0
4 31 0
5 8 0
5 9 0
5 11 0
6 7 0
6 8 0
7 6 0
7 11 0
8 5 0
8 6 0
8 10 0
9 5 0
9 12 0
9 13 0
10 8 0
10 14 0
10 15 0
11 0 0
11 5 0
11 7 0
12 9 0
12 17 0
12 32 0
13 9 0
13 18 0
13 33 0
14 10 0
14 20 0
14 34 0
15 10 0
15 21 0
15 35 0
16 0 0
16 23 0
16 36 0
16 37 0
17 12 0
17 19 0
17 38 0
18 13 0
18 19 0
18 39 0
19 1 0
19 17 0
19 18 0
20 14 0
20 22 0
20 40 0
21 15 0
21 22 0
21 41 0
22 2 0
22 20 0
22 21 0
23 3 0
23 16 0
23 24 0
24 23 0
24 25 0
24 26 0
25 24 0
25 27 0
25 42 0
26 24 0
26 28 0
26 43 0
27 25 0
27 29 0
27 44 0
28 26 0
28 29 0
28 45 0
29 4 0
29 27 0
29 28 0
30 2 0
30 46 0
30 47 0
30 48 0
31 4 0
31 49 0
31 50 0
31 51 0
32 12 0
33 13 0
34 14 0
35 15 0
36 16 0
37 16 0
38 17 0
39 18 0
40 20 0
41 21 0
42 25 0
43 26 0
44 27 0
45 28 0
46 30 0
47 30 0
48 30 0
49 31 0
50 31 0
51 31 0
GraphDataEnd
GraphEnd
NodeEnd
END_EPT
