BEGIN_EPT
AnchorID: 2379  # ID of the anchor node
RootIndex: 0  # Index of the root node in tree_nodes
NodeCount: 4  # Total number of nodes in the EPT
NodeStart
EPTNodeID: 0
AnchorID: 2379
TreeNodeGraphID: 0
Level: 0
SimplifiedLevel: 0
EditOperation: -1 0 -1 0 0
AccumulatedOpsCount: 0
ChildrenCount: 1
ChildIndices: 1
CompletedDBGraphIDsCount: 0
GraphStart
GraphDataStart
ID: 0
NumNodes: 59
NumEdges: 124
NodeLabels
6 2 2 3 3 3 3 4 4 4 4 4 4 4 4 4 4 4 4 4 4 4 4 4 4 4 4 4 4 4 4 4 4 5 5 5 5 5 5 5 5 5 5 5 5 5 5 5 5 5 5 5 5 5 5 5 5 5 5 
Edges
0 15 0
1 13 0
2 27 0
2 31 0
3 7 0
3 10 0
3 15 0
4 12 0
4 13 0
4 38 0
5 15 0
5 22 0
5 42 0
6 23 0
6 30 0
7 3 0
7 8 0
7 33 0
7 34 0
8 7 0
8 11 0
8 13 0
9 11 0
9 12 0
9 14 0
10 3 0
10 16 0
10 35 0
10 36 0
11 8 0
11 9 0
11 37 0
12 4 0
12 9 0
12 18 0
13 1 0
13 4 0
13 8 0
14 9 0
14 17 0
14 39 0
15 0 0
15 3 0
15 5 0
16 10 0
16 21 0
16 23 0
17 14 0
17 19 0
17 20 0
18 12 0
18 19 0
18 40 0
19 17 0
19 18 0
19 41 0
20 17 0
20 43 0
20 44 0
20 45 0
21 16 0
21 24 0
21 46 0
22 5 0
22 25 0
22 26 0
23 6 0
23 16 0
23 47 0
24 21 0
24 30 0
24 50 0
25 22 0
25 28 0
25 48 0
26 22 0
26 29 0
26 49 0
27 2 0
27 28 0
27 29 0
28 25 0
28 27 0
28 51 0
29 26 0
29 27 0
29 52 0
30 6 0
30 24 0
30 53 0
31 2 0
31 32 0
31 54 0
31 55 0
32 31 0
32 56 0
32 57 0
32 58 0
33 7 0
34 7 0
35 10 0
36 10 0
37 11 0
38 4 0
39 14 0
40 18 0
41 19 0
42 5 0
43 20 0
44 20 0
45 20 0
46 21 0
47 23 0
48 25 0
49 26 0
50 24 0
51 28 0
52 29 0
53 30 0
54 31 0
55 31 0
56 32 0
57 32 0
58 32 0
GraphDataEnd
GraphEnd
NodeEnd
NodeStart
EPTNodeID: 1
AnchorID: 2379
TreeNodeGraphID: 6
Level: 6
SimplifiedLevel: 0
EditOperation: 1 58 0 5 0
AccumulatedOpsCount: 6
AccumulatedOp: 0 32 0 4 5
AccumulatedOp: 4 32 56 0 0
AccumulatedOp: 4 32 57 0 0
AccumulatedOp: 1 57 0 5 0
AccumulatedOp: 4 32 58 0 0
AccumulatedOp: 1 58 0 5 0
ChildrenCount: 2
ChildIndices: 2 3
CompletedDBGraphIDsCount: 0
GraphStart
GraphDataStart
ID: 6
NumNodes: 57
NumEdges: 118
NodeLabels
6 2 2 3 3 3 3 4 4 4 4 4 4 4 4 4 4 4 4 4 4 4 4 4 4 4 4 4 4 4 4 4 5 5 5 5 5 5 5 5 5 5 5 5 5 5 5 5 5 5 5 5 5 5 5 5 5 
Edges
0 15 0
1 13 0
2 27 0
2 31 0
3 7 0
3 10 0
3 15 0
4 12 0
4 13 0
4 38 0
5 15 0
5 22 0
5 42 0
6 23 0
6 30 0
7 3 0
7 8 0
7 33 0
7 34 0
8 7 0
8 11 0
8 13 0
9 11 0
9 12 0
9 14 0
10 3 0
10 16 0
10 35 0
10 36 0
11 8 0
11 9 0
11 37 0
12 4 0
12 9 0
12 18 0
13 1 0
13 4 0
13 8 0
14 9 0
14 17 0
14 39 0
15 0 0
15 3 0
15 5 0
16 10 0
16 21 0
16 23 0
17 14 0
17 19 0
17 20 0
18 12 0
18 19 0
18 40 0
19 17 0
19 18 0
19 41 0
20 17 0
20 43 0
20 44 0
20 45 0
21 16 0
21 24 0
21 46 0
22 5 0
22 25 0
22 26 0
23 6 0
23 16 0
23 47 0
24 21 0
24 30 0
24 50 0
25 22 0
25 28 0
25 48 0
26 22 0
26 29 0
26 49 0
27 2 0
27 28 0
27 29 0
28 25 0
28 27 0
28 51 0
29 26 0
29 27 0
29 52 0
30 6 0
30 24 0
30 53 0
31 2 0
31 32 0
31 54 0
31 55 0
32 31 0
33 7 0
34 7 0
35 10 0
36 10 0
37 11 0
38 4 0
39 14 0
40 18 0
41 19 0
42 5 0
43 20 0
44 20 0
45 20 0
46 21 0
47 23 0
48 25 0
49 26 0
50 24 0
51 28 0
52 29 0
53 30 0
54 31 0
55 31 0
GraphDataEnd
GraphEnd
NodeEnd
NodeStart
EPTNodeID: 2
AnchorID: 2379
TreeNodeGraphID: 7
Level: 7
SimplifiedLevel: 0
EditOperation: 1 56 0 5 0
AccumulatedOpsCount: 1
AccumulatedOp: 1 56 0 5 0
ChildrenCount: 0
ChildIndices:
CompletedDBGraphIDsCount: 1
CompletedDBGraphID: 2686
GraphStart
GraphDataStart
ID: 7
NumNodes: 56
NumEdges: 118
NodeLabels
6 2 2 3 3 3 3 4 4 4 4 4 4 4 4 4 4 4 4 4 4 4 4 4 4 4 4 4 4 4 4 4 5 5 5 5 5 5 5 5 5 5 5 5 5 5 5 5 5 5 5 5 5 5 5 5 
Edges
0 15 0
1 13 0
2 27 0
2 31 0
3 7 0
3 10 0
3 15 0
4 12 0
4 13 0
4 38 0
5 15 0
5 22 0
5 42 0
6 23 0
6 30 0
7 3 0
7 8 0
7 33 0
7 34 0
8 7 0
8 11 0
8 13 0
9 11 0
9 12 0
9 14 0
10 3 0
10 16 0
10 35 0
10 36 0
11 8 0
11 9 0
11 37 0
12 4 0
12 9 0
12 18 0
13 1 0
13 4 0
13 8 0
14 9 0
14 17 0
14 39 0
15 0 0
15 3 0
15 5 0
16 10 0
16 21 0
16 23 0
17 14 0
17 19 0
17 20 0
18 12 0
18 19 0
18 40 0
19 17 0
19 18 0
19 41 0
20 17 0
20 43 0
20 44 0
20 45 0
21 16 0
21 24 0
21 46 0
22 5 0
22 25 0
22 26 0
23 6 0
23 16 0
23 47 0
24 21 0
24 30 0
24 50 0
25 22 0
25 28 0
25 48 0
26 22 0
26 29 0
26 49 0
27 2 0
27 28 0
27 29 0
28 25 0
28 27 0
28 51 0
29 26 0
29 27 0
29 52 0
30 6 0
30 24 0
30 53 0
31 2 0
31 32 0
31 54 0
31 55 0
32 31 0
33 7 0
34 7 0
35 10 0
36 10 0
37 11 0
38 4 0
39 14 0
40 18 0
41 19 0
42 5 0
43 20 0
44 20 0
45 20 0
46 21 0
47 23 0
48 25 0
49 26 0
50 24 0
51 28 0
52 29 0
53 30 0
54 31 0
55 31 0
GraphDataEnd
GraphEnd
NodeEnd
NodeStart
EPTNodeID: 3
AnchorID: 2379
TreeNodeGraphID: 9
Level: 8
SimplifiedLevel: 0
EditOperation: 5 6 56 0 0
AccumulatedOpsCount: 2
AccumulatedOp: 0 6 0 3 4
AccumulatedOp: 5 6 56 0 0
ChildrenCount: 0
ChildIndices:
CompletedDBGraphIDsCount: 1
CompletedDBGraphID: 21759
GraphStart
GraphDataStart
ID: 9
NumNodes: 57
NumEdges: 120
NodeLabels
6 2 2 3 3 3 4 4 4 4 4 4 4 4 4 4 4 4 4 4 4 4 4 4 4 4 4 4 4 4 4 4 5 5 5 5 5 5 5 5 5 5 5 5 5 5 5 5 5 5 5 5 5 5 5 5 5 
Edges
0 15 0
1 13 0
2 27 0
2 31 0
3 7 0
3 10 0
3 15 0
4 12 0
4 13 0
4 38 0
5 15 0
5 22 0
5 42 0
6 23 0
6 30 0
6 56 0
7 3 0
7 8 0
7 33 0
7 34 0
8 7 0
8 11 0
8 13 0
9 11 0
9 12 0
9 14 0
10 3 0
10 16 0
10 35 0
10 36 0
11 8 0
11 9 0
11 37 0
12 4 0
12 9 0
12 18 0
13 1 0
13 4 0
13 8 0
14 9 0
14 17 0
14 39 0
15 0 0
15 3 0
15 5 0
16 10 0
16 21 0
16 23 0
17 14 0
17 19 0
17 20 0
18 12 0
18 19 0
18 40 0
19 17 0
19 18 0
19 41 0
20 17 0
20 43 0
20 44 0
20 45 0
21 16 0
21 24 0
21 46 0
22 5 0
22 25 0
22 26 0
23 6 0
23 16 0
23 47 0
24 21 0
24 30 0
24 50 0
25 22 0
25 28 0
25 48 0
26 22 0
26 29 0
26 49 0
27 2 0
27 28 0
27 29 0
28 25 0
28 27 0
28 51 0
29 26 0
29 27 0
29 52 0
30 6 0
30 24 0
30 53 0
31 2 0
31 32 0
31 54 0
31 55 0
32 31 0
33 7 0
34 7 0
35 10 0
36 10 0
37 11 0
38 4 0
39 14 0
40 18 0
41 19 0
42 5 0
43 20 0
44 20 0
45 20 0
46 21 0
47 23 0
48 25 0
49 26 0
50 24 0
51 28 0
52 29 0
53 30 0
54 31 0
55 31 0
56 6 0
GraphDataEnd
GraphEnd
NodeEnd
END_EPT
