BEGIN_EPT
AnchorID: 16555  # ID of the anchor node
RootIndex: 0  # Index of the root node in tree_nodes
NodeCount: 1  # Total number of nodes in the EPT
NodeStart
EPTNodeID: 0
AnchorID: 16555
TreeNodeGraphID: 0
Level: 0
SimplifiedLevel: 0
EditOperation: -1 0 -1 0 0
AccumulatedOpsCount: 0
ChildrenCount: 0
ChildIndices:
CompletedDBGraphIDsCount: 0
GraphStart
GraphDataStart
ID: 0
NumNodes: 76
NumEdges: 160
NodeLabels
6 2 2 2 2 2 2 2 3 3 3 4 4 4 4 4 4 4 4 4 4 4 4 4 4 4 4 4 4 4 4 4 4 4 4 4 4 4 4 5 5 5 5 5 5 5 5 5 5 5 5 5 5 5 5 5 5 5 5 5 5 5 5 5 5 5 5 5 5 5 5 5 5 5 5 5 
Edges
0 1 0
0 2 0
0 8 0
0 23 0
1 0 0
2 0 0
3 18 0
4 28 0
4 37 0
5 32 0
5 38 0
6 33 0
6 36 0
7 35 0
7 36 0
8 0 0
8 11 0
8 17 0
9 18 0
9 19 0
9 20 0
10 21 0
10 22 0
10 24 0
11 8 0
11 12 0
11 13 0
11 39 0
12 11 0
12 14 0
12 40 0
12 41 0
13 11 0
13 15 0
13 42 0
13 43 0
14 12 0
14 16 0
14 46 0
14 47 0
15 13 0
15 16 0
15 44 0
15 45 0
16 14 0
16 15 0
16 48 0
16 49 0
17 8 0
17 18 0
17 50 0
17 51 0
18 3 0
18 9 0
18 17 0
19 9 0
19 22 0
19 52 0
19 53 0
20 9 0
20 21 0
20 54 0
20 55 0
21 10 0
21 20 0
21 56 0
21 57 0
22 10 0
22 19 0
22 58 0
22 59 0
23 0 0
23 25 0
23 26 0
24 10 0
24 27 0
24 60 0
24 61 0
25 23 0
25 28 0
25 62 0
26 23 0
26 29 0
26 63 0
27 24 0
27 30 0
27 31 0
28 4 0
28 25 0
28 32 0
29 26 0
29 32 0
29 64 0
30 27 0
30 33 0
30 65 0
31 27 0
31 34 0
31 66 0
32 5 0
32 28 0
32 29 0
33 6 0
33 30 0
33 35 0
34 31 0
34 35 0
34 67 0
35 7 0
35 33 0
35 34 0
36 6 0
36 7 0
36 68 0
36 69 0
37 4 0
37 70 0
37 71 0
37 72 0
38 5 0
38 73 0
38 74 0
38 75 0
39 11 0
40 12 0
41 12 0
42 13 0
43 13 0
44 15 0
45 15 0
46 14 0
47 14 0
48 16 0
49 16 0
50 17 0
51 17 0
52 19 0
53 19 0
54 20 0
55 20 0
56 21 0
57 21 0
58 22 0
59 22 0
60 24 0
61 24 0
62 25 0
63 26 0
64 29 0
65 30 0
66 31 0
67 34 0
68 36 0
69 36 0
70 37 0
71 37 0
72 37 0
73 38 0
74 38 0
75 38 0
GraphDataEnd
GraphEnd
NodeEnd
END_EPT
