BEGIN_EPT
AnchorID: 6161  # ID of the anchor node
RootIndex: 0  # Index of the root node in tree_nodes
NodeCount: 9  # Total number of nodes in the EPT
NodeStart
EPTNodeID: 0
AnchorID: 6161
TreeNodeGraphID: 0
Level: 0
SimplifiedLevel: 0
EditOperation: -1 0 -1 0 0
AccumulatedOpsCount: 0
ChildrenCount: 2
ChildIndices: 1 8
CompletedDBGraphIDsCount: 0
GraphStart
GraphDataStart
ID: 0
NumNodes: 56
NumEdges: 118
NodeLabels
7 7 6 2 2 2 3 3 3 4 4 4 4 4 4 4 4 4 4 4 4 4 4 4 4 4 4 4 4 4 4 4 4 5 5 5 5 5 5 5 5 5 5 5 5 5 5 5 5 5 5 5 5 5 5 5 
Edges
0 27 0
1 29 0
2 4 0
2 5 0
2 8 0
2 19 0
3 13 0
4 2 0
5 2 0
6 9 0
6 10 0
6 13 0
7 11 0
7 12 0
7 14 0
8 2 0
8 15 0
8 18 0
9 6 0
9 12 0
9 35 0
9 36 0
10 6 0
10 11 0
10 33 0
10 34 0
11 7 0
11 10 0
11 37 0
11 38 0
12 7 0
12 9 0
12 39 0
12 40 0
13 3 0
13 6 0
13 15 0
14 7 0
14 16 0
14 17 0
15 8 0
15 13 0
15 41 0
15 42 0
16 14 0
16 20 0
16 43 0
17 14 0
17 21 0
17 44 0
18 8 0
18 22 0
18 23 0
19 2 0
19 25 0
19 26 0
20 16 0
20 24 0
20 45 0
21 17 0
21 24 0
21 46 0
22 18 0
22 27 0
22 47 0
23 18 0
23 28 0
23 48 0
24 20 0
24 21 0
24 49 0
25 19 0
25 30 0
25 50 0
26 19 0
26 31 0
26 51 0
27 0 0
27 22 0
27 29 0
28 23 0
28 29 0
28 52 0
29 1 0
29 27 0
29 28 0
30 25 0
30 32 0
30 53 0
31 26 0
31 32 0
31 54 0
32 30 0
32 31 0
32 55 0
33 10 0
34 10 0
35 9 0
36 9 0
37 11 0
38 11 0
39 12 0
40 12 0
41 15 0
42 15 0
43 16 0
44 17 0
45 20 0
46 21 0
47 22 0
48 23 0
49 24 0
50 25 0
51 26 0
52 28 0
53 30 0
54 31 0
55 32 0
GraphDataEnd
GraphEnd
NodeEnd
NodeStart
EPTNodeID: 1
AnchorID: 6161
TreeNodeGraphID: 2
Level: 2
SimplifiedLevel: 0
EditOperation: 2 57 0 0 5
AccumulatedOpsCount: 2
AccumulatedOp: 2 58 0 0 5
AccumulatedOp: 2 57 0 0 5
ChildrenCount: 2
ChildIndices: 2 7
CompletedDBGraphIDsCount: 0
GraphStart
GraphDataStart
ID: 2
NumNodes: 58
NumEdges: 118
NodeLabels
7 7 6 2 2 2 3 3 3 4 4 4 4 4 4 4 4 4 4 4 4 4 4 4 4 4 4 4 4 4 4 4 4 5 5 5 5 5 5 5 5 5 5 5 5 5 5 5 5 5 5 5 5 5 5 5 5 5 
Edges
0 27 0
1 29 0
2 4 0
2 5 0
2 8 0
2 19 0
3 13 0
4 2 0
5 2 0
6 9 0
6 10 0
6 13 0
7 11 0
7 12 0
7 14 0
8 2 0
8 15 0
8 18 0
9 6 0
9 12 0
9 35 0
9 36 0
10 6 0
10 11 0
10 33 0
10 34 0
11 7 0
11 10 0
11 37 0
11 38 0
12 7 0
12 9 0
12 39 0
12 40 0
13 3 0
13 6 0
13 15 0
14 7 0
14 16 0
14 17 0
15 8 0
15 13 0
15 41 0
15 42 0
16 14 0
16 20 0
16 43 0
17 14 0
17 21 0
17 44 0
18 8 0
18 22 0
18 23 0
19 2 0
19 25 0
19 26 0
20 16 0
20 24 0
20 45 0
21 17 0
21 24 0
21 46 0
22 18 0
22 27 0
22 47 0
23 18 0
23 28 0
23 48 0
24 20 0
24 21 0
24 49 0
25 19 0
25 30 0
25 50 0
26 19 0
26 31 0
26 51 0
27 0 0
27 22 0
27 29 0
28 23 0
28 29 0
28 52 0
29 1 0
29 27 0
29 28 0
30 25 0
30 32 0
30 53 0
31 26 0
31 32 0
31 54 0
32 30 0
32 31 0
32 55 0
33 10 0
34 10 0
35 9 0
36 9 0
37 11 0
38 11 0
39 12 0
40 12 0
41 15 0
42 15 0
43 16 0
44 17 0
45 20 0
46 21 0
47 22 0
48 23 0
49 24 0
50 25 0
51 26 0
52 28 0
53 30 0
54 31 0
55 32 0
GraphDataEnd
GraphEnd
NodeEnd
NodeStart
EPTNodeID: 2
AnchorID: 6161
TreeNodeGraphID: 3
Level: 3
SimplifiedLevel: 0
EditOperation: 2 56 0 0 5
AccumulatedOpsCount: 1
AccumulatedOp: 2 56 0 0 5
ChildrenCount: 2
ChildIndices: 3 6
CompletedDBGraphIDsCount: 0
GraphStart
GraphDataStart
ID: 3
NumNodes: 59
NumEdges: 118
NodeLabels
7 7 6 2 2 2 3 3 3 4 4 4 4 4 4 4 4 4 4 4 4 4 4 4 4 4 4 4 4 4 4 4 4 5 5 5 5 5 5 5 5 5 5 5 5 5 5 5 5 5 5 5 5 5 5 5 5 5 5 
Edges
0 27 0
1 29 0
2 4 0
2 5 0
2 8 0
2 19 0
3 13 0
4 2 0
5 2 0
6 9 0
6 10 0
6 13 0
7 11 0
7 12 0
7 14 0
8 2 0
8 15 0
8 18 0
9 6 0
9 12 0
9 35 0
9 36 0
10 6 0
10 11 0
10 33 0
10 34 0
11 7 0
11 10 0
11 37 0
11 38 0
12 7 0
12 9 0
12 39 0
12 40 0
13 3 0
13 6 0
13 15 0
14 7 0
14 16 0
14 17 0
15 8 0
15 13 0
15 41 0
15 42 0
16 14 0
16 20 0
16 43 0
17 14 0
17 21 0
17 44 0
18 8 0
18 22 0
18 23 0
19 2 0
19 25 0
19 26 0
20 16 0
20 24 0
20 45 0
21 17 0
21 24 0
21 46 0
22 18 0
22 27 0
22 47 0
23 18 0
23 28 0
23 48 0
24 20 0
24 21 0
24 49 0
25 19 0
25 30 0
25 50 0
26 19 0
26 31 0
26 51 0
27 0 0
27 22 0
27 29 0
28 23 0
28 29 0
28 52 0
29 1 0
29 27 0
29 28 0
30 25 0
30 32 0
30 53 0
31 26 0
31 32 0
31 54 0
32 30 0
32 31 0
32 55 0
33 10 0
34 10 0
35 9 0
36 9 0
37 11 0
38 11 0
39 12 0
40 12 0
41 15 0
42 15 0
43 16 0
44 17 0
45 20 0
46 21 0
47 22 0
48 23 0
49 24 0
50 25 0
51 26 0
52 28 0
53 30 0
54 31 0
55 32 0
GraphDataEnd
GraphEnd
NodeEnd
NodeStart
EPTNodeID: 3
AnchorID: 6161
TreeNodeGraphID: 4
Level: 4
SimplifiedLevel: 0
EditOperation: 0 0 0 7 5
AccumulatedOpsCount: 1
AccumulatedOp: 0 0 0 7 5
ChildrenCount: 2
ChildIndices: 4 5
CompletedDBGraphIDsCount: 0
GraphStart
GraphDataStart
ID: 4
NumNodes: 59
NumEdges: 118
NodeLabels
5 7 6 2 2 2 3 3 3 4 4 4 4 4 4 4 4 4 4 4 4 4 4 4 4 4 4 4 4 4 4 4 4 5 5 5 5 5 5 5 5 5 5 5 5 5 5 5 5 5 5 5 5 5 5 5 5 5 5 
Edges
0 27 0
1 29 0
2 4 0
2 5 0
2 8 0
2 19 0
3 13 0
4 2 0
5 2 0
6 9 0
6 10 0
6 13 0
7 11 0
7 12 0
7 14 0
8 2 0
8 15 0
8 18 0
9 6 0
9 12 0
9 35 0
9 36 0
10 6 0
10 11 0
10 33 0
10 34 0
11 7 0
11 10 0
11 37 0
11 38 0
12 7 0
12 9 0
12 39 0
12 40 0
13 3 0
13 6 0
13 15 0
14 7 0
14 16 0
14 17 0
15 8 0
15 13 0
15 41 0
15 42 0
16 14 0
16 20 0
16 43 0
17 14 0
17 21 0
17 44 0
18 8 0
18 22 0
18 23 0
19 2 0
19 25 0
19 26 0
20 16 0
20 24 0
20 45 0
21 17 0
21 24 0
21 46 0
22 18 0
22 27 0
22 47 0
23 18 0
23 28 0
23 48 0
24 20 0
24 21 0
24 49 0
25 19 0
25 30 0
25 50 0
26 19 0
26 31 0
26 51 0
27 0 0
27 22 0
27 29 0
28 23 0
28 29 0
28 52 0
29 1 0
29 27 0
29 28 0
30 25 0
30 32 0
30 53 0
31 26 0
31 32 0
31 54 0
32 30 0
32 31 0
32 55 0
33 10 0
34 10 0
35 9 0
36 9 0
37 11 0
38 11 0
39 12 0
40 12 0
41 15 0
42 15 0
43 16 0
44 17 0
45 20 0
46 21 0
47 22 0
48 23 0
49 24 0
50 25 0
51 26 0
52 28 0
53 30 0
54 31 0
55 32 0
GraphDataEnd
GraphEnd
NodeEnd
NodeStart
EPTNodeID: 4
AnchorID: 6161
TreeNodeGraphID: 10
Level: 10
SimplifiedLevel: 0
EditOperation: 5 55 58 0 0
AccumulatedOpsCount: 6
AccumulatedOp: 0 1 0 7 5
AccumulatedOp: 0 47 0 5 1
AccumulatedOp: 5 55 57 0 0
AccumulatedOp: 0 55 0 5 4
AccumulatedOp: 5 55 56 0 0
AccumulatedOp: 5 55 58 0 0
ChildrenCount: 0
ChildIndices:
CompletedDBGraphIDsCount: 1
CompletedDBGraphID: 14735
GraphStart
GraphDataStart
ID: 10
NumNodes: 59
NumEdges: 124
NodeLabels
5 5 6 2 2 2 3 3 3 4 4 4 4 4 4 4 4 4 4 4 4 4 4 4 4 4 4 4 4 4 4 4 4 5 5 5 5 5 5 5 5 5 5 5 5 5 5 1 5 5 5 5 5 5 5 4 5 5 5 
Edges
0 27 0
1 29 0
2 4 0
2 5 0
2 8 0
2 19 0
3 13 0
4 2 0
5 2 0
6 9 0
6 10 0
6 13 0
7 11 0
7 12 0
7 14 0
8 2 0
8 15 0
8 18 0
9 6 0
9 12 0
9 35 0
9 36 0
10 6 0
10 11 0
10 33 0
10 34 0
11 7 0
11 10 0
11 37 0
11 38 0
12 7 0
12 9 0
12 39 0
12 40 0
13 3 0
13 6 0
13 15 0
14 7 0
14 16 0
14 17 0
15 8 0
15 13 0
15 41 0
15 42 0
16 14 0
16 20 0
16 43 0
17 14 0
17 21 0
17 44 0
18 8 0
18 22 0
18 23 0
19 2 0
19 25 0
19 26 0
20 16 0
20 24 0
20 45 0
21 17 0
21 24 0
21 46 0
22 18 0
22 27 0
22 47 0
23 18 0
23 28 0
23 48 0
24 20 0
24 21 0
24 49 0
25 19 0
25 30 0
25 50 0
26 19 0
26 31 0
26 51 0
27 0 0
27 22 0
27 29 0
28 23 0
28 29 0
28 52 0
29 1 0
29 27 0
29 28 0
30 25 0
30 32 0
30 53 0
31 26 0
31 32 0
31 54 0
32 30 0
32 31 0
32 55 0
33 10 0
34 10 0
35 9 0
36 9 0
37 11 0
38 11 0
39 12 0
40 12 0
41 15 0
42 15 0
43 16 0
44 17 0
45 20 0
46 21 0
47 22 0
48 23 0
49 24 0
50 25 0
51 26 0
52 28 0
53 30 0
54 31 0
55 32 0
55 57 0
55 56 0
55 58 0
56 55 0
57 55 0
58 55 0
GraphDataEnd
GraphEnd
NodeEnd
NodeStart
EPTNodeID: 5
AnchorID: 6161
TreeNodeGraphID: 16
Level: 10
SimplifiedLevel: 0
EditOperation: 5 1 57 0 0
AccumulatedOpsCount: 6
AccumulatedOp: 0 1 0 7 4
AccumulatedOp: 0 46 0 5 7
AccumulatedOp: 5 1 58 0 0
AccumulatedOp: 0 55 0 5 1
AccumulatedOp: 5 1 56 0 0
AccumulatedOp: 5 1 57 0 0
ChildrenCount: 0
ChildIndices:
CompletedDBGraphIDsCount: 1
CompletedDBGraphID: 21976
GraphStart
GraphDataStart
ID: 16
NumNodes: 59
NumEdges: 124
NodeLabels
5 4 6 2 2 2 3 3 3 4 4 4 4 4 4 4 4 4 4 4 4 4 4 4 4 4 4 4 4 4 4 4 4 5 5 5 5 5 5 5 5 5 5 5 5 5 7 5 5 5 5 5 5 5 5 1 5 5 5 
Edges
0 27 0
1 29 0
1 58 0
1 56 0
1 57 0
2 4 0
2 5 0
2 8 0
2 19 0
3 13 0
4 2 0
5 2 0
6 9 0
6 10 0
6 13 0
7 11 0
7 12 0
7 14 0
8 2 0
8 15 0
8 18 0
9 6 0
9 12 0
9 35 0
9 36 0
10 6 0
10 11 0
10 33 0
10 34 0
11 7 0
11 10 0
11 37 0
11 38 0
12 7 0
12 9 0
12 39 0
12 40 0
13 3 0
13 6 0
13 15 0
14 7 0
14 16 0
14 17 0
15 8 0
15 13 0
15 41 0
15 42 0
16 14 0
16 20 0
16 43 0
17 14 0
17 21 0
17 44 0
18 8 0
18 22 0
18 23 0
19 2 0
19 25 0
19 26 0
20 16 0
20 24 0
20 45 0
21 17 0
21 24 0
21 46 0
22 18 0
22 27 0
22 47 0
23 18 0
23 28 0
23 48 0
24 20 0
24 21 0
24 49 0
25 19 0
25 30 0
25 50 0
26 19 0
26 31 0
26 51 0
27 0 0
27 22 0
27 29 0
28 23 0
28 29 0
28 52 0
29 1 0
29 27 0
29 28 0
30 25 0
30 32 0
30 53 0
31 26 0
31 32 0
31 54 0
32 30 0
32 31 0
32 55 0
33 10 0
34 10 0
35 9 0
36 9 0
37 11 0
38 11 0
39 12 0
40 12 0
41 15 0
42 15 0
43 16 0
44 17 0
45 20 0
46 21 0
47 22 0
48 23 0
49 24 0
50 25 0
51 26 0
52 28 0
53 30 0
54 31 0
55 32 0
56 1 0
57 1 0
58 1 0
GraphDataEnd
GraphEnd
NodeEnd
NodeStart
EPTNodeID: 6
AnchorID: 6161
TreeNodeGraphID: 23
Level: 10
SimplifiedLevel: 0
EditOperation: 5 55 58 0 0
AccumulatedOpsCount: 7
AccumulatedOp: 0 1 0 7 5
AccumulatedOp: 5 55 56 0 0
AccumulatedOp: 0 0 0 7 8
AccumulatedOp: 0 46 0 5 7
AccumulatedOp: 5 55 57 0 0
AccumulatedOp: 0 55 0 5 4
AccumulatedOp: 5 55 58 0 0
ChildrenCount: 0
ChildIndices:
CompletedDBGraphIDsCount: 1
CompletedDBGraphID: 12528
GraphStart
GraphDataStart
ID: 23
NumNodes: 59
NumEdges: 124
NodeLabels
8 5 6 2 2 2 3 3 3 4 4 4 4 4 4 4 4 4 4 4 4 4 4 4 4 4 4 4 4 4 4 4 4 5 5 5 5 5 5 5 5 5 5 5 5 5 7 5 5 5 5 5 5 5 5 4 5 5 5 
Edges
0 27 0
1 29 0
2 4 0
2 5 0
2 8 0
2 19 0
3 13 0
4 2 0
5 2 0
6 9 0
6 10 0
6 13 0
7 11 0
7 12 0
7 14 0
8 2 0
8 15 0
8 18 0
9 6 0
9 12 0
9 35 0
9 36 0
10 6 0
10 11 0
10 33 0
10 34 0
11 7 0
11 10 0
11 37 0
11 38 0
12 7 0
12 9 0
12 39 0
12 40 0
13 3 0
13 6 0
13 15 0
14 7 0
14 16 0
14 17 0
15 8 0
15 13 0
15 41 0
15 42 0
16 14 0
16 20 0
16 43 0
17 14 0
17 21 0
17 44 0
18 8 0
18 22 0
18 23 0
19 2 0
19 25 0
19 26 0
20 16 0
20 24 0
20 45 0
21 17 0
21 24 0
21 46 0
22 18 0
22 27 0
22 47 0
23 18 0
23 28 0
23 48 0
24 20 0
24 21 0
24 49 0
25 19 0
25 30 0
25 50 0
26 19 0
26 31 0
26 51 0
27 0 0
27 22 0
27 29 0
28 23 0
28 29 0
28 52 0
29 1 0
29 27 0
29 28 0
30 25 0
30 32 0
30 53 0
31 26 0
31 32 0
31 54 0
32 30 0
32 31 0
32 55 0
33 10 0
34 10 0
35 9 0
36 9 0
37 11 0
38 11 0
39 12 0
40 12 0
41 15 0
42 15 0
43 16 0
44 17 0
45 20 0
46 21 0
47 22 0
48 23 0
49 24 0
50 25 0
51 26 0
52 28 0
53 30 0
54 31 0
55 32 0
55 56 0
55 57 0
55 58 0
56 55 0
57 55 0
58 55 0
GraphDataEnd
GraphEnd
NodeEnd
NodeStart
EPTNodeID: 7
AnchorID: 6161
TreeNodeGraphID: 30
Level: 9
SimplifiedLevel: 0
EditOperation: 5 56 57 0 0
AccumulatedOpsCount: 7
AccumulatedOp: 0 49 0 5 1
AccumulatedOp: 2 56 0 0 4
AccumulatedOp: 4 8 18 0 0
AccumulatedOp: 5 8 56 0 0
AccumulatedOp: 5 56 58 0 0
AccumulatedOp: 5 18 56 0 0
AccumulatedOp: 5 56 57 0 0
ChildrenCount: 0
ChildIndices:
CompletedDBGraphIDsCount: 1
CompletedDBGraphID: 17813
GraphStart
GraphDataStart
ID: 30
NumNodes: 59
NumEdges: 124
NodeLabels
7 7 6 2 2 2 3 3 3 4 4 4 4 4 4 4 4 4 4 4 4 4 4 4 4 4 4 4 4 4 4 4 4 5 5 5 5 5 5 5 5 5 5 5 5 5 5 5 5 1 5 5 5 5 5 5 4 5 5 
Edges
0 27 0
1 29 0
2 4 0
2 5 0
2 8 0
2 19 0
3 13 0
4 2 0
5 2 0
6 9 0
6 10 0
6 13 0
7 11 0
7 12 0
7 14 0
8 2 0
8 15 0
8 56 0
9 6 0
9 12 0
9 35 0
9 36 0
10 6 0
10 11 0
10 33 0
10 34 0
11 7 0
11 10 0
11 37 0
11 38 0
12 7 0
12 9 0
12 39 0
12 40 0
13 3 0
13 6 0
13 15 0
14 7 0
14 16 0
14 17 0
15 8 0
15 13 0
15 41 0
15 42 0
16 14 0
16 20 0
16 43 0
17 14 0
17 21 0
17 44 0
18 22 0
18 23 0
18 56 0
19 2 0
19 25 0
19 26 0
20 16 0
20 24 0
20 45 0
21 17 0
21 24 0
21 46 0
22 18 0
22 27 0
22 47 0
23 18 0
23 28 0
23 48 0
24 20 0
24 21 0
24 49 0
25 19 0
25 30 0
25 50 0
26 19 0
26 31 0
26 51 0
27 0 0
27 22 0
27 29 0
28 23 0
28 29 0
28 52 0
29 1 0
29 27 0
29 28 0
30 25 0
30 32 0
30 53 0
31 26 0
31 32 0
31 54 0
32 30 0
32 31 0
32 55 0
33 10 0
34 10 0
35 9 0
36 9 0
37 11 0
38 11 0
39 12 0
40 12 0
41 15 0
42 15 0
43 16 0
44 17 0
45 20 0
46 21 0
47 22 0
48 23 0
49 24 0
50 25 0
51 26 0
52 28 0
53 30 0
54 31 0
55 32 0
56 8 0
56 58 0
56 18 0
56 57 0
57 56 0
58 56 0
GraphDataEnd
GraphEnd
NodeEnd
NodeStart
EPTNodeID: 8
AnchorID: 6161
TreeNodeGraphID: 37
Level: 7
SimplifiedLevel: 0
EditOperation: 5 0 56 0 0
AccumulatedOpsCount: 7
AccumulatedOp: 0 0 0 7 4
AccumulatedOp: 2 56 0 0 1
AccumulatedOp: 2 57 0 0 1
AccumulatedOp: 5 0 57 0 0
AccumulatedOp: 2 58 0 0 1
AccumulatedOp: 5 0 58 0 0
AccumulatedOp: 5 0 56 0 0
ChildrenCount: 0
ChildIndices:
CompletedDBGraphIDsCount: 1
CompletedDBGraphID: 5281
GraphStart
GraphDataStart
ID: 37
NumNodes: 59
NumEdges: 124
NodeLabels
4 7 6 2 2 2 3 3 3 4 4 4 4 4 4 4 4 4 4 4 4 4 4 4 4 4 4 4 4 4 4 4 4 5 5 5 5 5 5 5 5 5 5 5 5 5 5 5 5 5 5 5 5 5 5 5 1 1 1 
Edges
0 27 0
0 57 0
0 58 0
0 56 0
1 29 0
2 4 0
2 5 0
2 8 0
2 19 0
3 13 0
4 2 0
5 2 0
6 9 0
6 10 0
6 13 0
7 11 0
7 12 0
7 14 0
8 2 0
8 15 0
8 18 0
9 6 0
9 12 0
9 35 0
9 36 0
10 6 0
10 11 0
10 33 0
10 34 0
11 7 0
11 10 0
11 37 0
11 38 0
12 7 0
12 9 0
12 39 0
12 40 0
13 3 0
13 6 0
13 15 0
14 7 0
14 16 0
14 17 0
15 8 0
15 13 0
15 41 0
15 42 0
16 14 0
16 20 0
16 43 0
17 14 0
17 21 0
17 44 0
18 8 0
18 22 0
18 23 0
19 2 0
19 25 0
19 26 0
20 16 0
20 24 0
20 45 0
21 17 0
21 24 0
21 46 0
22 18 0
22 27 0
22 47 0
23 18 0
23 28 0
23 48 0
24 20 0
24 21 0
24 49 0
25 19 0
25 30 0
25 50 0
26 19 0
26 31 0
26 51 0
27 0 0
27 22 0
27 29 0
28 23 0
28 29 0
28 52 0
29 1 0
29 27 0
29 28 0
30 25 0
30 32 0
30 53 0
31 26 0
31 32 0
31 54 0
32 30 0
32 31 0
32 55 0
33 10 0
34 10 0
35 9 0
36 9 0
37 11 0
38 11 0
39 12 0
40 12 0
41 15 0
42 15 0
43 16 0
44 17 0
45 20 0
46 21 0
47 22 0
48 23 0
49 24 0
50 25 0
51 26 0
52 28 0
53 30 0
54 31 0
55 32 0
56 0 0
57 0 0
58 0 0
GraphDataEnd
GraphEnd
NodeEnd
END_EPT
