BEGIN_EPT
AnchorID: 12639  # ID of the anchor node
RootIndex: 0  # Index of the root node in tree_nodes
NodeCount: 32  # Total number of nodes in the EPT
NodeStart
EPTNodeID: 0
AnchorID: 12639
TreeNodeGraphID: 0
Level: 0
SimplifiedLevel: 0
EditOperation: -1 0 -1 0 0
AccumulatedOpsCount: 0
ChildrenCount: 5
ChildIndices: 1 21 29 30 31
CompletedDBGraphIDsCount: 0
GraphStart
GraphDataStart
ID: 0
NumNodes: 68
NumEdges: 142
NodeLabels
7 2 2 2 2 2 3 4 4 4 4 4 4 4 4 4 4 4 4 4 4 4 4 4 4 4 4 4 4 4 4 4 4 4 4 4 5 5 5 5 5 5 5 5 5 5 5 5 5 5 5 5 5 5 5 5 5 5 5 5 5 5 5 5 5 5 5 5 
Edges
0 30 0
1 13 0
2 19 0
2 29 0
3 19 0
4 24 0
4 34 0
5 26 0
5 35 0
6 10 0
6 16 0
6 42 0
7 8 0
7 12 0
7 15 0
7 36 0
8 7 0
8 10 0
8 37 0
8 38 0
9 10 0
9 11 0
9 13 0
10 6 0
10 8 0
10 9 0
11 9 0
11 14 0
11 17 0
11 39 0
12 7 0
12 13 0
12 40 0
12 41 0
13 1 0
13 9 0
13 12 0
14 11 0
14 16 0
14 19 0
15 7 0
15 18 0
15 20 0
16 6 0
16 14 0
16 21 0
17 11 0
17 22 0
17 23 0
18 15 0
18 24 0
18 43 0
19 2 0
19 3 0
19 14 0
20 15 0
20 25 0
20 44 0
21 16 0
21 45 0
21 46 0
21 47 0
22 17 0
22 27 0
22 48 0
23 17 0
23 28 0
23 49 0
24 4 0
24 18 0
24 26 0
25 20 0
25 26 0
25 50 0
26 5 0
26 24 0
26 25 0
27 22 0
27 30 0
27 51 0
28 23 0
28 30 0
28 52 0
29 2 0
29 31 0
29 32 0
29 53 0
30 0 0
30 27 0
30 28 0
31 29 0
31 33 0
31 54 0
31 55 0
32 29 0
32 56 0
32 57 0
32 58 0
33 31 0
33 59 0
33 60 0
33 61 0
34 4 0
34 62 0
34 63 0
34 64 0
35 5 0
35 65 0
35 66 0
35 67 0
36 7 0
37 8 0
38 8 0
39 11 0
40 12 0
41 12 0
42 6 0
43 18 0
44 20 0
45 21 0
46 21 0
47 21 0
48 22 0
49 23 0
50 25 0
51 27 0
52 28 0
53 29 0
54 31 0
55 31 0
56 32 0
57 32 0
58 32 0
59 33 0
60 33 0
61 33 0
62 34 0
63 34 0
64 34 0
65 35 0
66 35 0
67 35 0
GraphDataEnd
GraphEnd
NodeEnd
NodeStart
EPTNodeID: 1
AnchorID: 12639
TreeNodeGraphID: 1
Level: 1
SimplifiedLevel: 0
EditOperation: 0 0 0 7 5
AccumulatedOpsCount: 1
AccumulatedOp: 0 0 0 7 5
ChildrenCount: 7
ChildIndices: 2 7 14 17 18 19 20
CompletedDBGraphIDsCount: 0
GraphStart
GraphDataStart
ID: 1
NumNodes: 68
NumEdges: 142
NodeLabels
5 2 2 2 2 2 3 4 4 4 4 4 4 4 4 4 4 4 4 4 4 4 4 4 4 4 4 4 4 4 4 4 4 4 4 4 5 5 5 5 5 5 5 5 5 5 5 5 5 5 5 5 5 5 5 5 5 5 5 5 5 5 5 5 5 5 5 5 
Edges
0 30 0
1 13 0
2 19 0
2 29 0
3 19 0
4 24 0
4 34 0
5 26 0
5 35 0
6 10 0
6 16 0
6 42 0
7 8 0
7 12 0
7 15 0
7 36 0
8 7 0
8 10 0
8 37 0
8 38 0
9 10 0
9 11 0
9 13 0
10 6 0
10 8 0
10 9 0
11 9 0
11 14 0
11 17 0
11 39 0
12 7 0
12 13 0
12 40 0
12 41 0
13 1 0
13 9 0
13 12 0
14 11 0
14 16 0
14 19 0
15 7 0
15 18 0
15 20 0
16 6 0
16 14 0
16 21 0
17 11 0
17 22 0
17 23 0
18 15 0
18 24 0
18 43 0
19 2 0
19 3 0
19 14 0
20 15 0
20 25 0
20 44 0
21 16 0
21 45 0
21 46 0
21 47 0
22 17 0
22 27 0
22 48 0
23 17 0
23 28 0
23 49 0
24 4 0
24 18 0
24 26 0
25 20 0
25 26 0
25 50 0
26 5 0
26 24 0
26 25 0
27 22 0
27 30 0
27 51 0
28 23 0
28 30 0
28 52 0
29 2 0
29 31 0
29 32 0
29 53 0
30 0 0
30 27 0
30 28 0
31 29 0
31 33 0
31 54 0
31 55 0
32 29 0
32 56 0
32 57 0
32 58 0
33 31 0
33 59 0
33 60 0
33 61 0
34 4 0
34 62 0
34 63 0
34 64 0
35 5 0
35 65 0
35 66 0
35 67 0
36 7 0
37 8 0
38 8 0
39 11 0
40 12 0
41 12 0
42 6 0
43 18 0
44 20 0
45 21 0
46 21 0
47 21 0
48 22 0
49 23 0
50 25 0
51 27 0
52 28 0
53 29 0
54 31 0
55 31 0
56 32 0
57 32 0
58 32 0
59 33 0
60 33 0
61 33 0
62 34 0
63 34 0
64 34 0
65 35 0
66 35 0
67 35 0
GraphDataEnd
GraphEnd
NodeEnd
NodeStart
EPTNodeID: 2
AnchorID: 12639
TreeNodeGraphID: 5
Level: 5
SimplifiedLevel: 0
EditOperation: 5 31 32 0 0
AccumulatedOpsCount: 4
AccumulatedOp: 5 29 55 0 0
AccumulatedOp: 4 29 32 0 0
AccumulatedOp: 4 31 55 0 0
AccumulatedOp: 5 31 32 0 0
ChildrenCount: 4
ChildIndices: 3 4 5 6
CompletedDBGraphIDsCount: 0
GraphStart
GraphDataStart
ID: 5
NumNodes: 68
NumEdges: 142
NodeLabels
5 2 2 2 2 2 3 4 4 4 4 4 4 4 4 4 4 4 4 4 4 4 4 4 4 4 4 4 4 4 4 4 4 4 4 4 5 5 5 5 5 5 5 5 5 5 5 5 5 5 5 5 5 5 5 5 5 5 5 5 5 5 5 5 5 5 5 5 
Edges
0 30 0
1 13 0
2 19 0
2 29 0
3 19 0
4 24 0
4 34 0
5 26 0
5 35 0
6 10 0
6 16 0
6 42 0
7 8 0
7 12 0
7 15 0
7 36 0
8 7 0
8 10 0
8 37 0
8 38 0
9 10 0
9 11 0
9 13 0
10 6 0
10 8 0
10 9 0
11 9 0
11 14 0
11 17 0
11 39 0
12 7 0
12 13 0
12 40 0
12 41 0
13 1 0
13 9 0
13 12 0
14 11 0
14 16 0
14 19 0
15 7 0
15 18 0
15 20 0
16 6 0
16 14 0
16 21 0
17 11 0
17 22 0
17 23 0
18 15 0
18 24 0
18 43 0
19 2 0
19 3 0
19 14 0
20 15 0
20 25 0
20 44 0
21 16 0
21 45 0
21 46 0
21 47 0
22 17 0
22 27 0
22 48 0
23 17 0
23 28 0
23 49 0
24 4 0
24 18 0
24 26 0
25 20 0
25 26 0
25 50 0
26 5 0
26 24 0
26 25 0
27 22 0
27 30 0
27 51 0
28 23 0
28 30 0
28 52 0
29 2 0
29 31 0
29 53 0
29 55 0
30 0 0
30 27 0
30 28 0
31 29 0
31 33 0
31 54 0
31 32 0
32 56 0
32 57 0
32 58 0
32 31 0
33 31 0
33 59 0
33 60 0
33 61 0
34 4 0
34 62 0
34 63 0
34 64 0
35 5 0
35 65 0
35 66 0
35 67 0
36 7 0
37 8 0
38 8 0
39 11 0
40 12 0
41 12 0
42 6 0
43 18 0
44 20 0
45 21 0
46 21 0
47 21 0
48 22 0
49 23 0
50 25 0
51 27 0
52 28 0
53 29 0
54 31 0
55 29 0
56 32 0
57 32 0
58 32 0
59 33 0
60 33 0
61 33 0
62 34 0
63 34 0
64 34 0
65 35 0
66 35 0
67 35 0
GraphDataEnd
GraphEnd
NodeEnd
NodeStart
EPTNodeID: 3
AnchorID: 12639
TreeNodeGraphID: 6
Level: 6
SimplifiedLevel: 0
EditOperation: 0 48 0 5 7
AccumulatedOpsCount: 1
AccumulatedOp: 0 48 0 5 7
ChildrenCount: 0
ChildIndices:
CompletedDBGraphIDsCount: 4
CompletedDBGraphID: 14383
CompletedDBGraphID: 17629
CompletedDBGraphID: 7452
CompletedDBGraphID: 11542
GraphStart
GraphDataStart
ID: 6
NumNodes: 68
NumEdges: 142
NodeLabels
5 2 2 2 2 2 3 4 4 4 4 4 4 4 4 4 4 4 4 4 4 4 4 4 4 4 4 4 4 4 4 4 4 4 4 4 5 5 5 5 5 5 5 5 5 5 5 5 7 5 5 5 5 5 5 5 5 5 5 5 5 5 5 5 5 5 5 5 
Edges
0 30 0
1 13 0
2 19 0
2 29 0
3 19 0
4 24 0
4 34 0
5 26 0
5 35 0
6 10 0
6 16 0
6 42 0
7 8 0
7 12 0
7 15 0
7 36 0
8 7 0
8 10 0
8 37 0
8 38 0
9 10 0
9 11 0
9 13 0
10 6 0
10 8 0
10 9 0
11 9 0
11 14 0
11 17 0
11 39 0
12 7 0
12 13 0
12 40 0
12 41 0
13 1 0
13 9 0
13 12 0
14 11 0
14 16 0
14 19 0
15 7 0
15 18 0
15 20 0
16 6 0
16 14 0
16 21 0
17 11 0
17 22 0
17 23 0
18 15 0
18 24 0
18 43 0
19 2 0
19 3 0
19 14 0
20 15 0
20 25 0
20 44 0
21 16 0
21 45 0
21 46 0
21 47 0
22 17 0
22 27 0
22 48 0
23 17 0
23 28 0
23 49 0
24 4 0
24 18 0
24 26 0
25 20 0
25 26 0
25 50 0
26 5 0
26 24 0
26 25 0
27 22 0
27 30 0
27 51 0
28 23 0
28 30 0
28 52 0
29 2 0
29 31 0
29 53 0
29 55 0
30 0 0
30 27 0
30 28 0
31 29 0
31 33 0
31 54 0
31 32 0
32 56 0
32 57 0
32 58 0
32 31 0
33 31 0
33 59 0
33 60 0
33 61 0
34 4 0
34 62 0
34 63 0
34 64 0
35 5 0
35 65 0
35 66 0
35 67 0
36 7 0
37 8 0
38 8 0
39 11 0
40 12 0
41 12 0
42 6 0
43 18 0
44 20 0
45 21 0
46 21 0
47 21 0
48 22 0
49 23 0
50 25 0
51 27 0
52 28 0
53 29 0
54 31 0
55 29 0
56 32 0
57 32 0
58 32 0
59 33 0
60 33 0
61 33 0
62 34 0
63 34 0
64 34 0
65 35 0
66 35 0
67 35 0
GraphDataEnd
GraphEnd
NodeEnd
NodeStart
EPTNodeID: 4
AnchorID: 12639
TreeNodeGraphID: 7
Level: 6
SimplifiedLevel: 0
EditOperation: 0 51 0 5 7
AccumulatedOpsCount: 1
AccumulatedOp: 0 51 0 5 7
ChildrenCount: 0
ChildIndices:
CompletedDBGraphIDsCount: 4
CompletedDBGraphID: 20115
CompletedDBGraphID: 4227
CompletedDBGraphID: 14682
CompletedDBGraphID: 4752
GraphStart
GraphDataStart
ID: 7
NumNodes: 68
NumEdges: 142
NodeLabels
5 2 2 2 2 2 3 4 4 4 4 4 4 4 4 4 4 4 4 4 4 4 4 4 4 4 4 4 4 4 4 4 4 4 4 4 5 5 5 5 5 5 5 5 5 5 5 5 5 5 5 7 5 5 5 5 5 5 5 5 5 5 5 5 5 5 5 5 
Edges
0 30 0
1 13 0
2 19 0
2 29 0
3 19 0
4 24 0
4 34 0
5 26 0
5 35 0
6 10 0
6 16 0
6 42 0
7 8 0
7 12 0
7 15 0
7 36 0
8 7 0
8 10 0
8 37 0
8 38 0
9 10 0
9 11 0
9 13 0
10 6 0
10 8 0
10 9 0
11 9 0
11 14 0
11 17 0
11 39 0
12 7 0
12 13 0
12 40 0
12 41 0
13 1 0
13 9 0
13 12 0
14 11 0
14 16 0
14 19 0
15 7 0
15 18 0
15 20 0
16 6 0
16 14 0
16 21 0
17 11 0
17 22 0
17 23 0
18 15 0
18 24 0
18 43 0
19 2 0
19 3 0
19 14 0
20 15 0
20 25 0
20 44 0
21 16 0
21 45 0
21 46 0
21 47 0
22 17 0
22 27 0
22 48 0
23 17 0
23 28 0
23 49 0
24 4 0
24 18 0
24 26 0
25 20 0
25 26 0
25 50 0
26 5 0
26 24 0
26 25 0
27 22 0
27 30 0
27 51 0
28 23 0
28 30 0
28 52 0
29 2 0
29 31 0
29 53 0
29 55 0
30 0 0
30 27 0
30 28 0
31 29 0
31 33 0
31 54 0
31 32 0
32 56 0
32 57 0
32 58 0
32 31 0
33 31 0
33 59 0
33 60 0
33 61 0
34 4 0
34 62 0
34 63 0
34 64 0
35 5 0
35 65 0
35 66 0
35 67 0
36 7 0
37 8 0
38 8 0
39 11 0
40 12 0
41 12 0
42 6 0
43 18 0
44 20 0
45 21 0
46 21 0
47 21 0
48 22 0
49 23 0
50 25 0
51 27 0
52 28 0
53 29 0
54 31 0
55 29 0
56 32 0
57 32 0
58 32 0
59 33 0
60 33 0
61 33 0
62 34 0
63 34 0
64 34 0
65 35 0
66 35 0
67 35 0
GraphDataEnd
GraphEnd
NodeEnd
NodeStart
EPTNodeID: 5
AnchorID: 12639
TreeNodeGraphID: 8
Level: 6
SimplifiedLevel: 0
EditOperation: 0 51 0 5 1
AccumulatedOpsCount: 1
AccumulatedOp: 0 51 0 5 1
ChildrenCount: 0
ChildIndices:
CompletedDBGraphIDsCount: 4
CompletedDBGraphID: 14952
CompletedDBGraphID: 17069
CompletedDBGraphID: 12480
CompletedDBGraphID: 6659
GraphStart
GraphDataStart
ID: 8
NumNodes: 68
NumEdges: 142
NodeLabels
5 2 2 2 2 2 3 4 4 4 4 4 4 4 4 4 4 4 4 4 4 4 4 4 4 4 4 4 4 4 4 4 4 4 4 4 5 5 5 5 5 5 5 5 5 5 5 5 5 5 5 1 5 5 5 5 5 5 5 5 5 5 5 5 5 5 5 5 
Edges
0 30 0
1 13 0
2 19 0
2 29 0
3 19 0
4 24 0
4 34 0
5 26 0
5 35 0
6 10 0
6 16 0
6 42 0
7 8 0
7 12 0
7 15 0
7 36 0
8 7 0
8 10 0
8 37 0
8 38 0
9 10 0
9 11 0
9 13 0
10 6 0
10 8 0
10 9 0
11 9 0
11 14 0
11 17 0
11 39 0
12 7 0
12 13 0
12 40 0
12 41 0
13 1 0
13 9 0
13 12 0
14 11 0
14 16 0
14 19 0
15 7 0
15 18 0
15 20 0
16 6 0
16 14 0
16 21 0
17 11 0
17 22 0
17 23 0
18 15 0
18 24 0
18 43 0
19 2 0
19 3 0
19 14 0
20 15 0
20 25 0
20 44 0
21 16 0
21 45 0
21 46 0
21 47 0
22 17 0
22 27 0
22 48 0
23 17 0
23 28 0
23 49 0
24 4 0
24 18 0
24 26 0
25 20 0
25 26 0
25 50 0
26 5 0
26 24 0
26 25 0
27 22 0
27 30 0
27 51 0
28 23 0
28 30 0
28 52 0
29 2 0
29 31 0
29 53 0
29 55 0
30 0 0
30 27 0
30 28 0
31 29 0
31 33 0
31 54 0
31 32 0
32 56 0
32 57 0
32 58 0
32 31 0
33 31 0
33 59 0
33 60 0
33 61 0
34 4 0
34 62 0
34 63 0
34 64 0
35 5 0
35 65 0
35 66 0
35 67 0
36 7 0
37 8 0
38 8 0
39 11 0
40 12 0
41 12 0
42 6 0
43 18 0
44 20 0
45 21 0
46 21 0
47 21 0
48 22 0
49 23 0
50 25 0
51 27 0
52 28 0
53 29 0
54 31 0
55 29 0
56 32 0
57 32 0
58 32 0
59 33 0
60 33 0
61 33 0
62 34 0
63 34 0
64 34 0
65 35 0
66 35 0
67 35 0
GraphDataEnd
GraphEnd
NodeEnd
NodeStart
EPTNodeID: 6
AnchorID: 12639
TreeNodeGraphID: 9
Level: 6
SimplifiedLevel: 0
EditOperation: 0 48 0 5 1
AccumulatedOpsCount: 1
AccumulatedOp: 0 48 0 5 1
ChildrenCount: 0
ChildIndices:
CompletedDBGraphIDsCount: 4
CompletedDBGraphID: 16588
CompletedDBGraphID: 20624
CompletedDBGraphID: 2151
CompletedDBGraphID: 9883
GraphStart
GraphDataStart
ID: 9
NumNodes: 68
NumEdges: 142
NodeLabels
5 2 2 2 2 2 3 4 4 4 4 4 4 4 4 4 4 4 4 4 4 4 4 4 4 4 4 4 4 4 4 4 4 4 4 4 5 5 5 5 5 5 5 5 5 5 5 5 1 5 5 5 5 5 5 5 5 5 5 5 5 5 5 5 5 5 5 5 
Edges
0 30 0
1 13 0
2 19 0
2 29 0
3 19 0
4 24 0
4 34 0
5 26 0
5 35 0
6 10 0
6 16 0
6 42 0
7 8 0
7 12 0
7 15 0
7 36 0
8 7 0
8 10 0
8 37 0
8 38 0
9 10 0
9 11 0
9 13 0
10 6 0
10 8 0
10 9 0
11 9 0
11 14 0
11 17 0
11 39 0
12 7 0
12 13 0
12 40 0
12 41 0
13 1 0
13 9 0
13 12 0
14 11 0
14 16 0
14 19 0
15 7 0
15 18 0
15 20 0
16 6 0
16 14 0
16 21 0
17 11 0
17 22 0
17 23 0
18 15 0
18 24 0
18 43 0
19 2 0
19 3 0
19 14 0
20 15 0
20 25 0
20 44 0
21 16 0
21 45 0
21 46 0
21 47 0
22 17 0
22 27 0
22 48 0
23 17 0
23 28 0
23 49 0
24 4 0
24 18 0
24 26 0
25 20 0
25 26 0
25 50 0
26 5 0
26 24 0
26 25 0
27 22 0
27 30 0
27 51 0
28 23 0
28 30 0
28 52 0
29 2 0
29 31 0
29 53 0
29 55 0
30 0 0
30 27 0
30 28 0
31 29 0
31 33 0
31 54 0
31 32 0
32 56 0
32 57 0
32 58 0
32 31 0
33 31 0
33 59 0
33 60 0
33 61 0
34 4 0
34 62 0
34 63 0
34 64 0
35 5 0
35 65 0
35 66 0
35 67 0
36 7 0
37 8 0
38 8 0
39 11 0
40 12 0
41 12 0
42 6 0
43 18 0
44 20 0
45 21 0
46 21 0
47 21 0
48 22 0
49 23 0
50 25 0
51 27 0
52 28 0
53 29 0
54 31 0
55 29 0
56 32 0
57 32 0
58 32 0
59 33 0
60 33 0
61 33 0
62 34 0
63 34 0
64 34 0
65 35 0
66 35 0
67 35 0
GraphDataEnd
GraphEnd
NodeEnd
NodeStart
EPTNodeID: 7
AnchorID: 12639
TreeNodeGraphID: 10
Level: 2
SimplifiedLevel: 0
EditOperation: 2 68 0 0 5
AccumulatedOpsCount: 1
AccumulatedOp: 2 68 0 0 5
ChildrenCount: 3
ChildIndices: 8 10 13
CompletedDBGraphIDsCount: 0
GraphStart
GraphDataStart
ID: 10
NumNodes: 69
NumEdges: 142
NodeLabels
5 2 2 2 2 2 3 4 4 4 4 4 4 4 4 4 4 4 4 4 4 4 4 4 4 4 4 4 4 4 4 4 4 4 4 4 5 5 5 5 5 5 5 5 5 5 5 5 5 5 5 5 5 5 5 5 5 5 5 5 5 5 5 5 5 5 5 5 5 
Edges
0 30 0
1 13 0
2 19 0
2 29 0
3 19 0
4 24 0
4 34 0
5 26 0
5 35 0
6 10 0
6 16 0
6 42 0
7 8 0
7 12 0
7 15 0
7 36 0
8 7 0
8 10 0
8 37 0
8 38 0
9 10 0
9 11 0
9 13 0
10 6 0
10 8 0
10 9 0
11 9 0
11 14 0
11 17 0
11 39 0
12 7 0
12 13 0
12 40 0
12 41 0
13 1 0
13 9 0
13 12 0
14 11 0
14 16 0
14 19 0
15 7 0
15 18 0
15 20 0
16 6 0
16 14 0
16 21 0
17 11 0
17 22 0
17 23 0
18 15 0
18 24 0
18 43 0
19 2 0
19 3 0
19 14 0
20 15 0
20 25 0
20 44 0
21 16 0
21 45 0
21 46 0
21 47 0
22 17 0
22 27 0
22 48 0
23 17 0
23 28 0
23 49 0
24 4 0
24 18 0
24 26 0
25 20 0
25 26 0
25 50 0
26 5 0
26 24 0
26 25 0
27 22 0
27 30 0
27 51 0
28 23 0
28 30 0
28 52 0
29 2 0
29 31 0
29 32 0
29 53 0
30 0 0
30 27 0
30 28 0
31 29 0
31 33 0
31 54 0
31 55 0
32 29 0
32 56 0
32 57 0
32 58 0
33 31 0
33 59 0
33 60 0
33 61 0
34 4 0
34 62 0
34 63 0
34 64 0
35 5 0
35 65 0
35 66 0
35 67 0
36 7 0
37 8 0
38 8 0
39 11 0
40 12 0
41 12 0
42 6 0
43 18 0
44 20 0
45 21 0
46 21 0
47 21 0
48 22 0
49 23 0
50 25 0
51 27 0
52 28 0
53 29 0
54 31 0
55 31 0
56 32 0
57 32 0
58 32 0
59 33 0
60 33 0
61 33 0
62 34 0
63 34 0
64 34 0
65 35 0
66 35 0
67 35 0
GraphDataEnd
GraphEnd
NodeEnd
NodeStart
EPTNodeID: 8
AnchorID: 12639
TreeNodeGraphID: 14
Level: 6
SimplifiedLevel: 0
EditOperation: 5 33 48 0 0
AccumulatedOpsCount: 4
AccumulatedOp: 5 31 68 0 0
AccumulatedOp: 4 31 33 0 0
AccumulatedOp: 0 48 0 5 2
AccumulatedOp: 5 33 48 0 0
ChildrenCount: 1
ChildIndices: 9
CompletedDBGraphIDsCount: 4
CompletedDBGraphID: 17723
CompletedDBGraphID: 4516
CompletedDBGraphID: 15662
CompletedDBGraphID: 19283
GraphStart
GraphDataStart
ID: 14
NumNodes: 69
NumEdges: 144
NodeLabels
5 2 2 2 2 2 3 4 4 4 4 4 4 4 4 4 4 4 4 4 4 4 4 4 4 4 4 4 4 4 4 4 4 4 4 4 5 5 5 5 5 5 5 5 5 5 5 5 2 5 5 5 5 5 5 5 5 5 5 5 5 5 5 5 5 5 5 5 5 
Edges
0 30 0
1 13 0
2 19 0
2 29 0
3 19 0
4 24 0
4 34 0
5 26 0
5 35 0
6 10 0
6 16 0
6 42 0
7 8 0
7 12 0
7 15 0
7 36 0
8 7 0
8 10 0
8 37 0
8 38 0
9 10 0
9 11 0
9 13 0
10 6 0
10 8 0
10 9 0
11 9 0
11 14 0
11 17 0
11 39 0
12 7 0
12 13 0
12 40 0
12 41 0
13 1 0
13 9 0
13 12 0
14 11 0
14 16 0
14 19 0
15 7 0
15 18 0
15 20 0
16 6 0
16 14 0
16 21 0
17 11 0
17 22 0
17 23 0
18 15 0
18 24 0
18 43 0
19 2 0
19 3 0
19 14 0
20 15 0
20 25 0
20 44 0
21 16 0
21 45 0
21 46 0
21 47 0
22 17 0
22 27 0
22 48 0
23 17 0
23 28 0
23 49 0
24 4 0
24 18 0
24 26 0
25 20 0
25 26 0
25 50 0
26 5 0
26 24 0
26 25 0
27 22 0
27 30 0
27 51 0
28 23 0
28 30 0
28 52 0
29 2 0
29 31 0
29 32 0
29 53 0
30 0 0
30 27 0
30 28 0
31 29 0
31 54 0
31 55 0
31 68 0
32 29 0
32 56 0
32 57 0
32 58 0
33 59 0
33 60 0
33 61 0
33 48 0
34 4 0
34 62 0
34 63 0
34 64 0
35 5 0
35 65 0
35 66 0
35 67 0
36 7 0
37 8 0
38 8 0
39 11 0
40 12 0
41 12 0
42 6 0
43 18 0
44 20 0
45 21 0
46 21 0
47 21 0
48 22 0
48 33 0
49 23 0
50 25 0
51 27 0
52 28 0
53 29 0
54 31 0
55 31 0
56 32 0
57 32 0
58 32 0
59 33 0
60 33 0
61 33 0
62 34 0
63 34 0
64 34 0
65 35 0
66 35 0
67 35 0
68 31 0
GraphDataEnd
GraphEnd
NodeEnd
NodeStart
EPTNodeID: 9
AnchorID: 12639
TreeNodeGraphID: 15
Level: 7
SimplifiedLevel: 0
EditOperation: 0 52 0 5 8
AccumulatedOpsCount: 1
AccumulatedOp: 0 52 0 5 8
ChildrenCount: 0
ChildIndices:
CompletedDBGraphIDsCount: 4
CompletedDBGraphID: 21532
CompletedDBGraphID: 13546
CompletedDBGraphID: 19484
CompletedDBGraphID: 20896
GraphStart
GraphDataStart
ID: 15
NumNodes: 69
NumEdges: 144
NodeLabels
5 2 2 2 2 2 3 4 4 4 4 4 4 4 4 4 4 4 4 4 4 4 4 4 4 4 4 4 4 4 4 4 4 4 4 4 5 5 5 5 5 5 5 5 5 5 5 5 2 5 5 5 8 5 5 5 5 5 5 5 5 5 5 5 5 5 5 5 5 
Edges
0 30 0
1 13 0
2 19 0
2 29 0
3 19 0
4 24 0
4 34 0
5 26 0
5 35 0
6 10 0
6 16 0
6 42 0
7 8 0
7 12 0
7 15 0
7 36 0
8 7 0
8 10 0
8 37 0
8 38 0
9 10 0
9 11 0
9 13 0
10 6 0
10 8 0
10 9 0
11 9 0
11 14 0
11 17 0
11 39 0
12 7 0
12 13 0
12 40 0
12 41 0
13 1 0
13 9 0
13 12 0
14 11 0
14 16 0
14 19 0
15 7 0
15 18 0
15 20 0
16 6 0
16 14 0
16 21 0
17 11 0
17 22 0
17 23 0
18 15 0
18 24 0
18 43 0
19 2 0
19 3 0
19 14 0
20 15 0
20 25 0
20 44 0
21 16 0
21 45 0
21 46 0
21 47 0
22 17 0
22 27 0
22 48 0
23 17 0
23 28 0
23 49 0
24 4 0
24 18 0
24 26 0
25 20 0
25 26 0
25 50 0
26 5 0
26 24 0
26 25 0
27 22 0
27 30 0
27 51 0
28 23 0
28 30 0
28 52 0
29 2 0
29 31 0
29 32 0
29 53 0
30 0 0
30 27 0
30 28 0
31 29 0
31 54 0
31 55 0
31 68 0
32 29 0
32 56 0
32 57 0
32 58 0
33 59 0
33 60 0
33 61 0
33 48 0
34 4 0
34 62 0
34 63 0
34 64 0
35 5 0
35 65 0
35 66 0
35 67 0
36 7 0
37 8 0
38 8 0
39 11 0
40 12 0
41 12 0
42 6 0
43 18 0
44 20 0
45 21 0
46 21 0
47 21 0
48 22 0
48 33 0
49 23 0
50 25 0
51 27 0
52 28 0
53 29 0
54 31 0
55 31 0
56 32 0
57 32 0
58 32 0
59 33 0
60 33 0
61 33 0
62 34 0
63 34 0
64 34 0
65 35 0
66 35 0
67 35 0
68 31 0
GraphDataEnd
GraphEnd
NodeEnd
NodeStart
EPTNodeID: 10
AnchorID: 12639
TreeNodeGraphID: 16
Level: 3
SimplifiedLevel: 0
EditOperation: 5 52 68 0 0
AccumulatedOpsCount: 1
AccumulatedOp: 5 52 68 0 0
ChildrenCount: 2
ChildIndices: 11 12
CompletedDBGraphIDsCount: 0
GraphStart
GraphDataStart
ID: 16
NumNodes: 69
NumEdges: 144
NodeLabels
5 2 2 2 2 2 3 4 4 4 4 4 4 4 4 4 4 4 4 4 4 4 4 4 4 4 4 4 4 4 4 4 4 4 4 4 5 5 5 5 5 5 5 5 5 5 5 5 5 5 5 5 5 5 5 5 5 5 5 5 5 5 5 5 5 5 5 5 5 
Edges
0 30 0
1 13 0
2 19 0
2 29 0
3 19 0
4 24 0
4 34 0
5 26 0
5 35 0
6 10 0
6 16 0
6 42 0
7 8 0
7 12 0
7 15 0
7 36 0
8 7 0
8 10 0
8 37 0
8 38 0
9 10 0
9 11 0
9 13 0
10 6 0
10 8 0
10 9 0
11 9 0
11 14 0
11 17 0
11 39 0
12 7 0
12 13 0
12 40 0
12 41 0
13 1 0
13 9 0
13 12 0
14 11 0
14 16 0
14 19 0
15 7 0
15 18 0
15 20 0
16 6 0
16 14 0
16 21 0
17 11 0
17 22 0
17 23 0
18 15 0
18 24 0
18 43 0
19 2 0
19 3 0
19 14 0
20 15 0
20 25 0
20 44 0
21 16 0
21 45 0
21 46 0
21 47 0
22 17 0
22 27 0
22 48 0
23 17 0
23 28 0
23 49 0
24 4 0
24 18 0
24 26 0
25 20 0
25 26 0
25 50 0
26 5 0
26 24 0
26 25 0
27 22 0
27 30 0
27 51 0
28 23 0
28 30 0
28 52 0
29 2 0
29 31 0
29 32 0
29 53 0
30 0 0
30 27 0
30 28 0
31 29 0
31 33 0
31 54 0
31 55 0
32 29 0
32 56 0
32 57 0
32 58 0
33 31 0
33 59 0
33 60 0
33 61 0
34 4 0
34 62 0
34 63 0
34 64 0
35 5 0
35 65 0
35 66 0
35 67 0
36 7 0
37 8 0
38 8 0
39 11 0
40 12 0
41 12 0
42 6 0
43 18 0
44 20 0
45 21 0
46 21 0
47 21 0
48 22 0
49 23 0
50 25 0
51 27 0
52 28 0
52 68 0
53 29 0
54 31 0
55 31 0
56 32 0
57 32 0
58 32 0
59 33 0
60 33 0
61 33 0
62 34 0
63 34 0
64 34 0
65 35 0
66 35 0
67 35 0
68 52 0
GraphDataEnd
GraphEnd
NodeEnd
NodeStart
EPTNodeID: 11
AnchorID: 12639
TreeNodeGraphID: 17
Level: 4
SimplifiedLevel: 0
EditOperation: 0 52 0 5 2
AccumulatedOpsCount: 1
AccumulatedOp: 0 52 0 5 2
ChildrenCount: 0
ChildIndices:
CompletedDBGraphIDsCount: 1
CompletedDBGraphID: 19021
GraphStart
GraphDataStart
ID: 17
NumNodes: 69
NumEdges: 144
NodeLabels
5 2 2 2 2 2 3 4 4 4 4 4 4 4 4 4 4 4 4 4 4 4 4 4 4 4 4 4 4 4 4 4 4 4 4 4 5 5 5 5 5 5 5 5 5 5 5 5 5 5 5 5 2 5 5 5 5 5 5 5 5 5 5 5 5 5 5 5 5 
Edges
0 30 0
1 13 0
2 19 0
2 29 0
3 19 0
4 24 0
4 34 0
5 26 0
5 35 0
6 10 0
6 16 0
6 42 0
7 8 0
7 12 0
7 15 0
7 36 0
8 7 0
8 10 0
8 37 0
8 38 0
9 10 0
9 11 0
9 13 0
10 6 0
10 8 0
10 9 0
11 9 0
11 14 0
11 17 0
11 39 0
12 7 0
12 13 0
12 40 0
12 41 0
13 1 0
13 9 0
13 12 0
14 11 0
14 16 0
14 19 0
15 7 0
15 18 0
15 20 0
16 6 0
16 14 0
16 21 0
17 11 0
17 22 0
17 23 0
18 15 0
18 24 0
18 43 0
19 2 0
19 3 0
19 14 0
20 15 0
20 25 0
20 44 0
21 16 0
21 45 0
21 46 0
21 47 0
22 17 0
22 27 0
22 48 0
23 17 0
23 28 0
23 49 0
24 4 0
24 18 0
24 26 0
25 20 0
25 26 0
25 50 0
26 5 0
26 24 0
26 25 0
27 22 0
27 30 0
27 51 0
28 23 0
28 30 0
28 52 0
29 2 0
29 31 0
29 32 0
29 53 0
30 0 0
30 27 0
30 28 0
31 29 0
31 33 0
31 54 0
31 55 0
32 29 0
32 56 0
32 57 0
32 58 0
33 31 0
33 59 0
33 60 0
33 61 0
34 4 0
34 62 0
34 63 0
34 64 0
35 5 0
35 65 0
35 66 0
35 67 0
36 7 0
37 8 0
38 8 0
39 11 0
40 12 0
41 12 0
42 6 0
43 18 0
44 20 0
45 21 0
46 21 0
47 21 0
48 22 0
49 23 0
50 25 0
51 27 0
52 28 0
52 68 0
53 29 0
54 31 0
55 31 0
56 32 0
57 32 0
58 32 0
59 33 0
60 33 0
61 33 0
62 34 0
63 34 0
64 34 0
65 35 0
66 35 0
67 35 0
68 52 0
GraphDataEnd
GraphEnd
NodeEnd
NodeStart
EPTNodeID: 12
AnchorID: 12639
TreeNodeGraphID: 22
Level: 8
SimplifiedLevel: 0
EditOperation: 5 52 70 0 0
AccumulatedOpsCount: 5
AccumulatedOp: 2 69 0 0 5
AccumulatedOp: 0 52 0 5 4
AccumulatedOp: 5 52 69 0 0
AccumulatedOp: 2 70 0 0 5
AccumulatedOp: 5 52 70 0 0
ChildrenCount: 0
ChildIndices:
CompletedDBGraphIDsCount: 1
CompletedDBGraphID: 15343
GraphStart
GraphDataStart
ID: 22
NumNodes: 71
NumEdges: 148
NodeLabels
5 2 2 2 2 2 3 4 4 4 4 4 4 4 4 4 4 4 4 4 4 4 4 4 4 4 4 4 4 4 4 4 4 4 4 4 5 5 5 5 5 5 5 5 5 5 5 5 5 5 5 5 4 5 5 5 5 5 5 5 5 5 5 5 5 5 5 5 5 5 5 
Edges
0 30 0
1 13 0
2 19 0
2 29 0
3 19 0
4 24 0
4 34 0
5 26 0
5 35 0
6 10 0
6 16 0
6 42 0
7 8 0
7 12 0
7 15 0
7 36 0
8 7 0
8 10 0
8 37 0
8 38 0
9 10 0
9 11 0
9 13 0
10 6 0
10 8 0
10 9 0
11 9 0
11 14 0
11 17 0
11 39 0
12 7 0
12 13 0
12 40 0
12 41 0
13 1 0
13 9 0
13 12 0
14 11 0
14 16 0
14 19 0
15 7 0
15 18 0
15 20 0
16 6 0
16 14 0
16 21 0
17 11 0
17 22 0
17 23 0
18 15 0
18 24 0
18 43 0
19 2 0
19 3 0
19 14 0
20 15 0
20 25 0
20 44 0
21 16 0
21 45 0
21 46 0
21 47 0
22 17 0
22 27 0
22 48 0
23 17 0
23 28 0
23 49 0
24 4 0
24 18 0
24 26 0
25 20 0
25 26 0
25 50 0
26 5 0
26 24 0
26 25 0
27 22 0
27 30 0
27 51 0
28 23 0
28 30 0
28 52 0
29 2 0
29 31 0
29 32 0
29 53 0
30 0 0
30 27 0
30 28 0
31 29 0
31 33 0
31 54 0
31 55 0
32 29 0
32 56 0
32 57 0
32 58 0
33 31 0
33 59 0
33 60 0
33 61 0
34 4 0
34 62 0
34 63 0
34 64 0
35 5 0
35 65 0
35 66 0
35 67 0
36 7 0
37 8 0
38 8 0
39 11 0
40 12 0
41 12 0
42 6 0
43 18 0
44 20 0
45 21 0
46 21 0
47 21 0
48 22 0
49 23 0
50 25 0
51 27 0
52 28 0
52 68 0
52 69 0
52 70 0
53 29 0
54 31 0
55 31 0
56 32 0
57 32 0
58 32 0
59 33 0
60 33 0
61 33 0
62 34 0
63 34 0
64 34 0
65 35 0
66 35 0
67 35 0
68 52 0
69 52 0
70 52 0
GraphDataEnd
GraphEnd
NodeEnd
NodeStart
EPTNodeID: 13
AnchorID: 12639
TreeNodeGraphID: 28
Level: 8
SimplifiedLevel: 0
EditOperation: 5 49 70 0 0
AccumulatedOpsCount: 6
AccumulatedOp: 2 69 0 0 5
AccumulatedOp: 0 49 0 5 4
AccumulatedOp: 2 70 0 0 5
AccumulatedOp: 5 49 68 0 0
AccumulatedOp: 5 49 69 0 0
AccumulatedOp: 5 49 70 0 0
ChildrenCount: 0
ChildIndices:
CompletedDBGraphIDsCount: 1
CompletedDBGraphID: 13437
GraphStart
GraphDataStart
ID: 28
NumNodes: 71
NumEdges: 148
NodeLabels
5 2 2 2 2 2 3 4 4 4 4 4 4 4 4 4 4 4 4 4 4 4 4 4 4 4 4 4 4 4 4 4 4 4 4 4 5 5 5 5 5 5 5 5 5 5 5 5 5 4 5 5 5 5 5 5 5 5 5 5 5 5 5 5 5 5 5 5 5 5 5 
Edges
0 30 0
1 13 0
2 19 0
2 29 0
3 19 0
4 24 0
4 34 0
5 26 0
5 35 0
6 10 0
6 16 0
6 42 0
7 8 0
7 12 0
7 15 0
7 36 0
8 7 0
8 10 0
8 37 0
8 38 0
9 10 0
9 11 0
9 13 0
10 6 0
10 8 0
10 9 0
11 9 0
11 14 0
11 17 0
11 39 0
12 7 0
12 13 0
12 40 0
12 41 0
13 1 0
13 9 0
13 12 0
14 11 0
14 16 0
14 19 0
15 7 0
15 18 0
15 20 0
16 6 0
16 14 0
16 21 0
17 11 0
17 22 0
17 23 0
18 15 0
18 24 0
18 43 0
19 2 0
19 3 0
19 14 0
20 15 0
20 25 0
20 44 0
21 16 0
21 45 0
21 46 0
21 47 0
22 17 0
22 27 0
22 48 0
23 17 0
23 28 0
23 49 0
24 4 0
24 18 0
24 26 0
25 20 0
25 26 0
25 50 0
26 5 0
26 24 0
26 25 0
27 22 0
27 30 0
27 51 0
28 23 0
28 30 0
28 52 0
29 2 0
29 31 0
29 32 0
29 53 0
30 0 0
30 27 0
30 28 0
31 29 0
31 33 0
31 54 0
31 55 0
32 29 0
32 56 0
32 57 0
32 58 0
33 31 0
33 59 0
33 60 0
33 61 0
34 4 0
34 62 0
34 63 0
34 64 0
35 5 0
35 65 0
35 66 0
35 67 0
36 7 0
37 8 0
38 8 0
39 11 0
40 12 0
41 12 0
42 6 0
43 18 0
44 20 0
45 21 0
46 21 0
47 21 0
48 22 0
49 23 0
49 68 0
49 69 0
49 70 0
50 25 0
51 27 0
52 28 0
53 29 0
54 31 0
55 31 0
56 32 0
57 32 0
58 32 0
59 33 0
60 33 0
61 33 0
62 34 0
63 34 0
64 34 0
65 35 0
66 35 0
67 35 0
68 49 0
69 49 0
70 49 0
GraphDataEnd
GraphEnd
NodeEnd
NodeStart
EPTNodeID: 14
AnchorID: 12639
TreeNodeGraphID: 35
Level: 8
SimplifiedLevel: 0
EditOperation: 1 60 0 5 0
AccumulatedOpsCount: 7
AccumulatedOp: 4 33 59 0 0
AccumulatedOp: 0 33 0 4 5
AccumulatedOp: 4 33 61 0 0
AccumulatedOp: 1 59 0 5 0
AccumulatedOp: 1 61 0 5 0
AccumulatedOp: 4 33 60 0 0
AccumulatedOp: 1 60 0 5 0
ChildrenCount: 2
ChildIndices: 15 16
CompletedDBGraphIDsCount: 0
GraphStart
GraphDataStart
ID: 35
NumNodes: 65
NumEdges: 136
NodeLabels
5 2 2 2 2 2 3 4 4 4 4 4 4 4 4 4 4 4 4 4 4 4 4 4 4 4 4 4 4 4 4 4 4 5 4 4 5 5 5 5 5 5 5 5 5 5 5 5 5 5 5 5 5 5 5 5 5 5 5 5 5 5 5 5 5 
Edges
0 30 0
1 13 0
2 19 0
2 29 0
3 19 0
4 24 0
4 34 0
5 26 0
5 35 0
6 10 0
6 16 0
6 42 0
7 8 0
7 12 0
7 15 0
7 36 0
8 7 0
8 10 0
8 37 0
8 38 0
9 10 0
9 11 0
9 13 0
10 6 0
10 8 0
10 9 0
11 9 0
11 14 0
11 17 0
11 39 0
12 7 0
12 13 0
12 40 0
12 41 0
13 1 0
13 9 0
13 12 0
14 11 0
14 16 0
14 19 0
15 7 0
15 18 0
15 20 0
16 6 0
16 14 0
16 21 0
17 11 0
17 22 0
17 23 0
18 15 0
18 24 0
18 43 0
19 2 0
19 3 0
19 14 0
20 15 0
20 25 0
20 44 0
21 16 0
21 45 0
21 46 0
21 47 0
22 17 0
22 27 0
22 48 0
23 17 0
23 28 0
23 49 0
24 4 0
24 18 0
24 26 0
25 20 0
25 26 0
25 50 0
26 5 0
26 24 0
26 25 0
27 22 0
27 30 0
27 51 0
28 23 0
28 30 0
28 52 0
29 2 0
29 31 0
29 32 0
29 53 0
30 0 0
30 27 0
30 28 0
31 29 0
31 33 0
31 54 0
31 55 0
32 29 0
32 56 0
32 57 0
32 58 0
33 31 0
34 4 0
34 59 0
34 60 0
34 61 0
35 5 0
35 62 0
35 63 0
35 64 0
36 7 0
37 8 0
38 8 0
39 11 0
40 12 0
41 12 0
42 6 0
43 18 0
44 20 0
45 21 0
46 21 0
47 21 0
48 22 0
49 23 0
50 25 0
51 27 0
52 28 0
53 29 0
54 31 0
55 31 0
56 32 0
57 32 0
58 32 0
59 34 0
60 34 0
61 34 0
62 35 0
63 35 0
64 35 0
GraphDataEnd
GraphEnd
NodeEnd
NodeStart
EPTNodeID: 15
AnchorID: 12639
TreeNodeGraphID: 36
Level: 9
SimplifiedLevel: 0
EditOperation: 0 48 0 5 8
AccumulatedOpsCount: 1
AccumulatedOp: 0 48 0 5 8
ChildrenCount: 0
ChildIndices:
CompletedDBGraphIDsCount: 4
CompletedDBGraphID: 18571
CompletedDBGraphID: 17126
CompletedDBGraphID: 13097
CompletedDBGraphID: 8345
GraphStart
GraphDataStart
ID: 36
NumNodes: 65
NumEdges: 136
NodeLabels
5 2 2 2 2 2 3 4 4 4 4 4 4 4 4 4 4 4 4 4 4 4 4 4 4 4 4 4 4 4 4 4 4 5 4 4 5 5 5 5 5 5 5 5 5 5 5 5 8 5 5 5 5 5 5 5 5 5 5 5 5 5 5 5 5 
Edges
0 30 0
1 13 0
2 19 0
2 29 0
3 19 0
4 24 0
4 34 0
5 26 0
5 35 0
6 10 0
6 16 0
6 42 0
7 8 0
7 12 0
7 15 0
7 36 0
8 7 0
8 10 0
8 37 0
8 38 0
9 10 0
9 11 0
9 13 0
10 6 0
10 8 0
10 9 0
11 9 0
11 14 0
11 17 0
11 39 0
12 7 0
12 13 0
12 40 0
12 41 0
13 1 0
13 9 0
13 12 0
14 11 0
14 16 0
14 19 0
15 7 0
15 18 0
15 20 0
16 6 0
16 14 0
16 21 0
17 11 0
17 22 0
17 23 0
18 15 0
18 24 0
18 43 0
19 2 0
19 3 0
19 14 0
20 15 0
20 25 0
20 44 0
21 16 0
21 45 0
21 46 0
21 47 0
22 17 0
22 27 0
22 48 0
23 17 0
23 28 0
23 49 0
24 4 0
24 18 0
24 26 0
25 20 0
25 26 0
25 50 0
26 5 0
26 24 0
26 25 0
27 22 0
27 30 0
27 51 0
28 23 0
28 30 0
28 52 0
29 2 0
29 31 0
29 32 0
29 53 0
30 0 0
30 27 0
30 28 0
31 29 0
31 33 0
31 54 0
31 55 0
32 29 0
32 56 0
32 57 0
32 58 0
33 31 0
34 4 0
34 59 0
34 60 0
34 61 0
35 5 0
35 62 0
35 63 0
35 64 0
36 7 0
37 8 0
38 8 0
39 11 0
40 12 0
41 12 0
42 6 0
43 18 0
44 20 0
45 21 0
46 21 0
47 21 0
48 22 0
49 23 0
50 25 0
51 27 0
52 28 0
53 29 0
54 31 0
55 31 0
56 32 0
57 32 0
58 32 0
59 34 0
60 34 0
61 34 0
62 35 0
63 35 0
64 35 0
GraphDataEnd
GraphEnd
NodeEnd
NodeStart
EPTNodeID: 16
AnchorID: 12639
TreeNodeGraphID: 42
Level: 14
SimplifiedLevel: 0
EditOperation: 5 17 35 0 0
AccumulatedOpsCount: 6
AccumulatedOp: 4 35 67 0 0
AccumulatedOp: 4 7 15 0 0
AccumulatedOp: 4 11 17 0 0
AccumulatedOp: 5 7 67 0 0
AccumulatedOp: 5 11 15 0 0
AccumulatedOp: 5 17 35 0 0
ChildrenCount: 0
ChildIndices:
CompletedDBGraphIDsCount: 2
CompletedDBGraphID: 17805
CompletedDBGraphID: 14975
GraphStart
GraphDataStart
ID: 42
NumNodes: 65
NumEdges: 136
NodeLabels
5 2 2 2 2 2 3 4 4 4 4 4 4 4 4 4 4 4 4 4 4 4 4 4 4 4 4 4 4 4 4 4 4 5 4 4 5 5 5 5 5 5 5 5 5 5 5 5 5 5 5 5 5 5 5 5 5 5 5 5 5 5 5 5 5 
Edges
0 30 0
1 13 0
2 19 0
2 29 0
3 19 0
4 24 0
4 34 0
5 26 0
5 35 0
6 10 0
6 16 0
6 42 0
7 8 0
7 12 0
7 36 0
7 64 0
8 7 0
8 10 0
8 37 0
8 38 0
9 10 0
9 11 0
9 13 0
10 6 0
10 8 0
10 9 0
11 9 0
11 14 0
11 39 0
11 15 0
12 7 0
12 13 0
12 40 0
12 41 0
13 1 0
13 9 0
13 12 0
14 11 0
14 16 0
14 19 0
15 18 0
15 20 0
15 11 0
16 6 0
16 14 0
16 21 0
17 22 0
17 23 0
17 35 0
18 15 0
18 24 0
18 43 0
19 2 0
19 3 0
19 14 0
20 15 0
20 25 0
20 44 0
21 16 0
21 45 0
21 46 0
21 47 0
22 17 0
22 27 0
22 48 0
23 17 0
23 28 0
23 49 0
24 4 0
24 18 0
24 26 0
25 20 0
25 26 0
25 50 0
26 5 0
26 24 0
26 25 0
27 22 0
27 30 0
27 51 0
28 23 0
28 30 0
28 52 0
29 2 0
29 31 0
29 32 0
29 53 0
30 0 0
30 27 0
30 28 0
31 29 0
31 33 0
31 54 0
31 55 0
32 29 0
32 56 0
32 57 0
32 58 0
33 31 0
34 4 0
34 59 0
34 60 0
34 61 0
35 5 0
35 62 0
35 63 0
35 17 0
36 7 0
37 8 0
38 8 0
39 11 0
40 12 0
41 12 0
42 6 0
43 18 0
44 20 0
45 21 0
46 21 0
47 21 0
48 22 0
49 23 0
50 25 0
51 27 0
52 28 0
53 29 0
54 31 0
55 31 0
56 32 0
57 32 0
58 32 0
59 34 0
60 34 0
61 34 0
62 35 0
63 35 0
64 7 0
GraphDataEnd
GraphEnd
NodeEnd
NodeStart
EPTNodeID: 17
AnchorID: 12639
TreeNodeGraphID: 43
Level: 2
SimplifiedLevel: 0
EditOperation: 0 48 0 5 1
AccumulatedOpsCount: 1
AccumulatedOp: 0 48 0 5 1
ChildrenCount: 0
ChildIndices:
CompletedDBGraphIDsCount: 1
CompletedDBGraphID: 17773
GraphStart
GraphDataStart
ID: 43
NumNodes: 68
NumEdges: 142
NodeLabels
5 2 2 2 2 2 3 4 4 4 4 4 4 4 4 4 4 4 4 4 4 4 4 4 4 4 4 4 4 4 4 4 4 4 4 4 5 5 5 5 5 5 5 5 5 5 5 5 1 5 5 5 5 5 5 5 5 5 5 5 5 5 5 5 5 5 5 5 
Edges
0 30 0
1 13 0
2 19 0
2 29 0
3 19 0
4 24 0
4 34 0
5 26 0
5 35 0
6 10 0
6 16 0
6 42 0
7 8 0
7 12 0
7 15 0
7 36 0
8 7 0
8 10 0
8 37 0
8 38 0
9 10 0
9 11 0
9 13 0
10 6 0
10 8 0
10 9 0
11 9 0
11 14 0
11 17 0
11 39 0
12 7 0
12 13 0
12 40 0
12 41 0
13 1 0
13 9 0
13 12 0
14 11 0
14 16 0
14 19 0
15 7 0
15 18 0
15 20 0
16 6 0
16 14 0
16 21 0
17 11 0
17 22 0
17 23 0
18 15 0
18 24 0
18 43 0
19 2 0
19 3 0
19 14 0
20 15 0
20 25 0
20 44 0
21 16 0
21 45 0
21 46 0
21 47 0
22 17 0
22 27 0
22 48 0
23 17 0
23 28 0
23 49 0
24 4 0
24 18 0
24 26 0
25 20 0
25 26 0
25 50 0
26 5 0
26 24 0
26 25 0
27 22 0
27 30 0
27 51 0
28 23 0
28 30 0
28 52 0
29 2 0
29 31 0
29 32 0
29 53 0
30 0 0
30 27 0
30 28 0
31 29 0
31 33 0
31 54 0
31 55 0
32 29 0
32 56 0
32 57 0
32 58 0
33 31 0
33 59 0
33 60 0
33 61 0
34 4 0
34 62 0
34 63 0
34 64 0
35 5 0
35 65 0
35 66 0
35 67 0
36 7 0
37 8 0
38 8 0
39 11 0
40 12 0
41 12 0
42 6 0
43 18 0
44 20 0
45 21 0
46 21 0
47 21 0
48 22 0
49 23 0
50 25 0
51 27 0
52 28 0
53 29 0
54 31 0
55 31 0
56 32 0
57 32 0
58 32 0
59 33 0
60 33 0
61 33 0
62 34 0
63 34 0
64 34 0
65 35 0
66 35 0
67 35 0
GraphDataEnd
GraphEnd
NodeEnd
NodeStart
EPTNodeID: 18
AnchorID: 12639
TreeNodeGraphID: 44
Level: 2
SimplifiedLevel: 0
EditOperation: 0 48 0 5 7
AccumulatedOpsCount: 1
AccumulatedOp: 0 48 0 5 7
ChildrenCount: 0
ChildIndices:
CompletedDBGraphIDsCount: 1
CompletedDBGraphID: 7832
GraphStart
GraphDataStart
ID: 44
NumNodes: 68
NumEdges: 142
NodeLabels
5 2 2 2 2 2 3 4 4 4 4 4 4 4 4 4 4 4 4 4 4 4 4 4 4 4 4 4 4 4 4 4 4 4 4 4 5 5 5 5 5 5 5 5 5 5 5 5 7 5 5 5 5 5 5 5 5 5 5 5 5 5 5 5 5 5 5 5 
Edges
0 30 0
1 13 0
2 19 0
2 29 0
3 19 0
4 24 0
4 34 0
5 26 0
5 35 0
6 10 0
6 16 0
6 42 0
7 8 0
7 12 0
7 15 0
7 36 0
8 7 0
8 10 0
8 37 0
8 38 0
9 10 0
9 11 0
9 13 0
10 6 0
10 8 0
10 9 0
11 9 0
11 14 0
11 17 0
11 39 0
12 7 0
12 13 0
12 40 0
12 41 0
13 1 0
13 9 0
13 12 0
14 11 0
14 16 0
14 19 0
15 7 0
15 18 0
15 20 0
16 6 0
16 14 0
16 21 0
17 11 0
17 22 0
17 23 0
18 15 0
18 24 0
18 43 0
19 2 0
19 3 0
19 14 0
20 15 0
20 25 0
20 44 0
21 16 0
21 45 0
21 46 0
21 47 0
22 17 0
22 27 0
22 48 0
23 17 0
23 28 0
23 49 0
24 4 0
24 18 0
24 26 0
25 20 0
25 26 0
25 50 0
26 5 0
26 24 0
26 25 0
27 22 0
27 30 0
27 51 0
28 23 0
28 30 0
28 52 0
29 2 0
29 31 0
29 32 0
29 53 0
30 0 0
30 27 0
30 28 0
31 29 0
31 33 0
31 54 0
31 55 0
32 29 0
32 56 0
32 57 0
32 58 0
33 31 0
33 59 0
33 60 0
33 61 0
34 4 0
34 62 0
34 63 0
34 64 0
35 5 0
35 65 0
35 66 0
35 67 0
36 7 0
37 8 0
38 8 0
39 11 0
40 12 0
41 12 0
42 6 0
43 18 0
44 20 0
45 21 0
46 21 0
47 21 0
48 22 0
49 23 0
50 25 0
51 27 0
52 28 0
53 29 0
54 31 0
55 31 0
56 32 0
57 32 0
58 32 0
59 33 0
60 33 0
61 33 0
62 34 0
63 34 0
64 34 0
65 35 0
66 35 0
67 35 0
GraphDataEnd
GraphEnd
NodeEnd
NodeStart
EPTNodeID: 19
AnchorID: 12639
TreeNodeGraphID: 45
Level: 2
SimplifiedLevel: 0
EditOperation: 0 51 0 5 7
AccumulatedOpsCount: 1
AccumulatedOp: 0 51 0 5 7
ChildrenCount: 0
ChildIndices:
CompletedDBGraphIDsCount: 1
CompletedDBGraphID: 5548
GraphStart
GraphDataStart
ID: 45
NumNodes: 68
NumEdges: 142
NodeLabels
5 2 2 2 2 2 3 4 4 4 4 4 4 4 4 4 4 4 4 4 4 4 4 4 4 4 4 4 4 4 4 4 4 4 4 4 5 5 5 5 5 5 5 5 5 5 5 5 5 5 5 7 5 5 5 5 5 5 5 5 5 5 5 5 5 5 5 5 
Edges
0 30 0
1 13 0
2 19 0
2 29 0
3 19 0
4 24 0
4 34 0
5 26 0
5 35 0
6 10 0
6 16 0
6 42 0
7 8 0
7 12 0
7 15 0
7 36 0
8 7 0
8 10 0
8 37 0
8 38 0
9 10 0
9 11 0
9 13 0
10 6 0
10 8 0
10 9 0
11 9 0
11 14 0
11 17 0
11 39 0
12 7 0
12 13 0
12 40 0
12 41 0
13 1 0
13 9 0
13 12 0
14 11 0
14 16 0
14 19 0
15 7 0
15 18 0
15 20 0
16 6 0
16 14 0
16 21 0
17 11 0
17 22 0
17 23 0
18 15 0
18 24 0
18 43 0
19 2 0
19 3 0
19 14 0
20 15 0
20 25 0
20 44 0
21 16 0
21 45 0
21 46 0
21 47 0
22 17 0
22 27 0
22 48 0
23 17 0
23 28 0
23 49 0
24 4 0
24 18 0
24 26 0
25 20 0
25 26 0
25 50 0
26 5 0
26 24 0
26 25 0
27 22 0
27 30 0
27 51 0
28 23 0
28 30 0
28 52 0
29 2 0
29 31 0
29 32 0
29 53 0
30 0 0
30 27 0
30 28 0
31 29 0
31 33 0
31 54 0
31 55 0
32 29 0
32 56 0
32 57 0
32 58 0
33 31 0
33 59 0
33 60 0
33 61 0
34 4 0
34 62 0
34 63 0
34 64 0
35 5 0
35 65 0
35 66 0
35 67 0
36 7 0
37 8 0
38 8 0
39 11 0
40 12 0
41 12 0
42 6 0
43 18 0
44 20 0
45 21 0
46 21 0
47 21 0
48 22 0
49 23 0
50 25 0
51 27 0
52 28 0
53 29 0
54 31 0
55 31 0
56 32 0
57 32 0
58 32 0
59 33 0
60 33 0
61 33 0
62 34 0
63 34 0
64 34 0
65 35 0
66 35 0
67 35 0
GraphDataEnd
GraphEnd
NodeEnd
NodeStart
EPTNodeID: 20
AnchorID: 12639
TreeNodeGraphID: 46
Level: 2
SimplifiedLevel: 0
EditOperation: 0 51 0 5 1
AccumulatedOpsCount: 1
AccumulatedOp: 0 51 0 5 1
ChildrenCount: 0
ChildIndices:
CompletedDBGraphIDsCount: 1
CompletedDBGraphID: 19674
GraphStart
GraphDataStart
ID: 46
NumNodes: 68
NumEdges: 142
NodeLabels
5 2 2 2 2 2 3 4 4 4 4 4 4 4 4 4 4 4 4 4 4 4 4 4 4 4 4 4 4 4 4 4 4 4 4 4 5 5 5 5 5 5 5 5 5 5 5 5 5 5 5 1 5 5 5 5 5 5 5 5 5 5 5 5 5 5 5 5 
Edges
0 30 0
1 13 0
2 19 0
2 29 0
3 19 0
4 24 0
4 34 0
5 26 0
5 35 0
6 10 0
6 16 0
6 42 0
7 8 0
7 12 0
7 15 0
7 36 0
8 7 0
8 10 0
8 37 0
8 38 0
9 10 0
9 11 0
9 13 0
10 6 0
10 8 0
10 9 0
11 9 0
11 14 0
11 17 0
11 39 0
12 7 0
12 13 0
12 40 0
12 41 0
13 1 0
13 9 0
13 12 0
14 11 0
14 16 0
14 19 0
15 7 0
15 18 0
15 20 0
16 6 0
16 14 0
16 21 0
17 11 0
17 22 0
17 23 0
18 15 0
18 24 0
18 43 0
19 2 0
19 3 0
19 14 0
20 15 0
20 25 0
20 44 0
21 16 0
21 45 0
21 46 0
21 47 0
22 17 0
22 27 0
22 48 0
23 17 0
23 28 0
23 49 0
24 4 0
24 18 0
24 26 0
25 20 0
25 26 0
25 50 0
26 5 0
26 24 0
26 25 0
27 22 0
27 30 0
27 51 0
28 23 0
28 30 0
28 52 0
29 2 0
29 31 0
29 32 0
29 53 0
30 0 0
30 27 0
30 28 0
31 29 0
31 33 0
31 54 0
31 55 0
32 29 0
32 56 0
32 57 0
32 58 0
33 31 0
33 59 0
33 60 0
33 61 0
34 4 0
34 62 0
34 63 0
34 64 0
35 5 0
35 65 0
35 66 0
35 67 0
36 7 0
37 8 0
38 8 0
39 11 0
40 12 0
41 12 0
42 6 0
43 18 0
44 20 0
45 21 0
46 21 0
47 21 0
48 22 0
49 23 0
50 25 0
51 27 0
52 28 0
53 29 0
54 31 0
55 31 0
56 32 0
57 32 0
58 32 0
59 33 0
60 33 0
61 33 0
62 34 0
63 34 0
64 34 0
65 35 0
66 35 0
67 35 0
GraphDataEnd
GraphEnd
NodeEnd
NodeStart
EPTNodeID: 21
AnchorID: 12639
TreeNodeGraphID: 47
Level: 1
SimplifiedLevel: 0
EditOperation: 2 68 0 0 5
AccumulatedOpsCount: 1
AccumulatedOp: 2 68 0 0 5
ChildrenCount: 2
ChildIndices: 22 28
CompletedDBGraphIDsCount: 0
GraphStart
GraphDataStart
ID: 47
NumNodes: 69
NumEdges: 142
NodeLabels
7 2 2 2 2 2 3 4 4 4 4 4 4 4 4 4 4 4 4 4 4 4 4 4 4 4 4 4 4 4 4 4 4 4 4 4 5 5 5 5 5 5 5 5 5 5 5 5 5 5 5 5 5 5 5 5 5 5 5 5 5 5 5 5 5 5 5 5 5 
Edges
0 30 0
1 13 0
2 19 0
2 29 0
3 19 0
4 24 0
4 34 0
5 26 0
5 35 0
6 10 0
6 16 0
6 42 0
7 8 0
7 12 0
7 15 0
7 36 0
8 7 0
8 10 0
8 37 0
8 38 0
9 10 0
9 11 0
9 13 0
10 6 0
10 8 0
10 9 0
11 9 0
11 14 0
11 17 0
11 39 0
12 7 0
12 13 0
12 40 0
12 41 0
13 1 0
13 9 0
13 12 0
14 11 0
14 16 0
14 19 0
15 7 0
15 18 0
15 20 0
16 6 0
16 14 0
16 21 0
17 11 0
17 22 0
17 23 0
18 15 0
18 24 0
18 43 0
19 2 0
19 3 0
19 14 0
20 15 0
20 25 0
20 44 0
21 16 0
21 45 0
21 46 0
21 47 0
22 17 0
22 27 0
22 48 0
23 17 0
23 28 0
23 49 0
24 4 0
24 18 0
24 26 0
25 20 0
25 26 0
25 50 0
26 5 0
26 24 0
26 25 0
27 22 0
27 30 0
27 51 0
28 23 0
28 30 0
28 52 0
29 2 0
29 31 0
29 32 0
29 53 0
30 0 0
30 27 0
30 28 0
31 29 0
31 33 0
31 54 0
31 55 0
32 29 0
32 56 0
32 57 0
32 58 0
33 31 0
33 59 0
33 60 0
33 61 0
34 4 0
34 62 0
34 63 0
34 64 0
35 5 0
35 65 0
35 66 0
35 67 0
36 7 0
37 8 0
38 8 0
39 11 0
40 12 0
41 12 0
42 6 0
43 18 0
44 20 0
45 21 0
46 21 0
47 21 0
48 22 0
49 23 0
50 25 0
51 27 0
52 28 0
53 29 0
54 31 0
55 31 0
56 32 0
57 32 0
58 32 0
59 33 0
60 33 0
61 33 0
62 34 0
63 34 0
64 34 0
65 35 0
66 35 0
67 35 0
GraphDataEnd
GraphEnd
NodeEnd
NodeStart
EPTNodeID: 22
AnchorID: 12639
TreeNodeGraphID: 49
Level: 3
SimplifiedLevel: 0
EditOperation: 4 31 33 0 0
AccumulatedOpsCount: 2
AccumulatedOp: 5 31 68 0 0
AccumulatedOp: 4 31 33 0 0
ChildrenCount: 2
ChildIndices: 23 27
CompletedDBGraphIDsCount: 0
GraphStart
GraphDataStart
ID: 49
NumNodes: 69
NumEdges: 142
NodeLabels
7 2 2 2 2 2 3 4 4 4 4 4 4 4 4 4 4 4 4 4 4 4 4 4 4 4 4 4 4 4 4 4 4 4 4 4 5 5 5 5 5 5 5 5 5 5 5 5 5 5 5 5 5 5 5 5 5 5 5 5 5 5 5 5 5 5 5 5 5 
Edges
0 30 0
1 13 0
2 19 0
2 29 0
3 19 0
4 24 0
4 34 0
5 26 0
5 35 0
6 10 0
6 16 0
6 42 0
7 8 0
7 12 0
7 15 0
7 36 0
8 7 0
8 10 0
8 37 0
8 38 0
9 10 0
9 11 0
9 13 0
10 6 0
10 8 0
10 9 0
11 9 0
11 14 0
11 17 0
11 39 0
12 7 0
12 13 0
12 40 0
12 41 0
13 1 0
13 9 0
13 12 0
14 11 0
14 16 0
14 19 0
15 7 0
15 18 0
15 20 0
16 6 0
16 14 0
16 21 0
17 11 0
17 22 0
17 23 0
18 15 0
18 24 0
18 43 0
19 2 0
19 3 0
19 14 0
20 15 0
20 25 0
20 44 0
21 16 0
21 45 0
21 46 0
21 47 0
22 17 0
22 27 0
22 48 0
23 17 0
23 28 0
23 49 0
24 4 0
24 18 0
24 26 0
25 20 0
25 26 0
25 50 0
26 5 0
26 24 0
26 25 0
27 22 0
27 30 0
27 51 0
28 23 0
28 30 0
28 52 0
29 2 0
29 31 0
29 32 0
29 53 0
30 0 0
30 27 0
30 28 0
31 29 0
31 54 0
31 55 0
31 68 0
32 29 0
32 56 0
32 57 0
32 58 0
33 59 0
33 60 0
33 61 0
34 4 0
34 62 0
34 63 0
34 64 0
35 5 0
35 65 0
35 66 0
35 67 0
36 7 0
37 8 0
38 8 0
39 11 0
40 12 0
41 12 0
42 6 0
43 18 0
44 20 0
45 21 0
46 21 0
47 21 0
48 22 0
49 23 0
50 25 0
51 27 0
52 28 0
53 29 0
54 31 0
55 31 0
56 32 0
57 32 0
58 32 0
59 33 0
60 33 0
61 33 0
62 34 0
63 34 0
64 34 0
65 35 0
66 35 0
67 35 0
68 31 0
GraphDataEnd
GraphEnd
NodeEnd
NodeStart
EPTNodeID: 23
AnchorID: 12639
TreeNodeGraphID: 51
Level: 5
SimplifiedLevel: 0
EditOperation: 2 69 0 0 5
AccumulatedOpsCount: 2
AccumulatedOp: 0 0 0 7 2
AccumulatedOp: 2 69 0 0 5
ChildrenCount: 2
ChildIndices: 24 26
CompletedDBGraphIDsCount: 0
GraphStart
GraphDataStart
ID: 51
NumNodes: 70
NumEdges: 142
NodeLabels
2 2 2 2 2 2 3 4 4 4 4 4 4 4 4 4 4 4 4 4 4 4 4 4 4 4 4 4 4 4 4 4 4 4 4 4 5 5 5 5 5 5 5 5 5 5 5 5 5 5 5 5 5 5 5 5 5 5 5 5 5 5 5 5 5 5 5 5 5 5 
Edges
0 30 0
1 13 0
2 19 0
2 29 0
3 19 0
4 24 0
4 34 0
5 26 0
5 35 0
6 10 0
6 16 0
6 42 0
7 8 0
7 12 0
7 15 0
7 36 0
8 7 0
8 10 0
8 37 0
8 38 0
9 10 0
9 11 0
9 13 0
10 6 0
10 8 0
10 9 0
11 9 0
11 14 0
11 17 0
11 39 0
12 7 0
12 13 0
12 40 0
12 41 0
13 1 0
13 9 0
13 12 0
14 11 0
14 16 0
14 19 0
15 7 0
15 18 0
15 20 0
16 6 0
16 14 0
16 21 0
17 11 0
17 22 0
17 23 0
18 15 0
18 24 0
18 43 0
19 2 0
19 3 0
19 14 0
20 15 0
20 25 0
20 44 0
21 16 0
21 45 0
21 46 0
21 47 0
22 17 0
22 27 0
22 48 0
23 17 0
23 28 0
23 49 0
24 4 0
24 18 0
24 26 0
25 20 0
25 26 0
25 50 0
26 5 0
26 24 0
26 25 0
27 22 0
27 30 0
27 51 0
28 23 0
28 30 0
28 52 0
29 2 0
29 31 0
29 32 0
29 53 0
30 0 0
30 27 0
30 28 0
31 29 0
31 54 0
31 55 0
31 68 0
32 29 0
32 56 0
32 57 0
32 58 0
33 59 0
33 60 0
33 61 0
34 4 0
34 62 0
34 63 0
34 64 0
35 5 0
35 65 0
35 66 0
35 67 0
36 7 0
37 8 0
38 8 0
39 11 0
40 12 0
41 12 0
42 6 0
43 18 0
44 20 0
45 21 0
46 21 0
47 21 0
48 22 0
49 23 0
50 25 0
51 27 0
52 28 0
53 29 0
54 31 0
55 31 0
56 32 0
57 32 0
58 32 0
59 33 0
60 33 0
61 33 0
62 34 0
63 34 0
64 34 0
65 35 0
66 35 0
67 35 0
68 31 0
GraphDataEnd
GraphEnd
NodeEnd
NodeStart
EPTNodeID: 24
AnchorID: 12639
TreeNodeGraphID: 54
Level: 8
SimplifiedLevel: 0
EditOperation: 5 33 51 0 0
AccumulatedOpsCount: 3
AccumulatedOp: 5 0 69 0 0
AccumulatedOp: 0 51 0 5 2
AccumulatedOp: 5 33 51 0 0
ChildrenCount: 1
ChildIndices: 25
CompletedDBGraphIDsCount: 4
CompletedDBGraphID: 9935
CompletedDBGraphID: 14420
CompletedDBGraphID: 2865
CompletedDBGraphID: 21807
GraphStart
GraphDataStart
ID: 54
NumNodes: 70
NumEdges: 146
NodeLabels
2 2 2 2 2 2 3 4 4 4 4 4 4 4 4 4 4 4 4 4 4 4 4 4 4 4 4 4 4 4 4 4 4 4 4 4 5 5 5 5 5 5 5 5 5 5 5 5 5 5 5 2 5 5 5 5 5 5 5 5 5 5 5 5 5 5 5 5 5 5 
Edges
0 30 0
0 69 0
1 13 0
2 19 0
2 29 0
3 19 0
4 24 0
4 34 0
5 26 0
5 35 0
6 10 0
6 16 0
6 42 0
7 8 0
7 12 0
7 15 0
7 36 0
8 7 0
8 10 0
8 37 0
8 38 0
9 10 0
9 11 0
9 13 0
10 6 0
10 8 0
10 9 0
11 9 0
11 14 0
11 17 0
11 39 0
12 7 0
12 13 0
12 40 0
12 41 0
13 1 0
13 9 0
13 12 0
14 11 0
14 16 0
14 19 0
15 7 0
15 18 0
15 20 0
16 6 0
16 14 0
16 21 0
17 11 0
17 22 0
17 23 0
18 15 0
18 24 0
18 43 0
19 2 0
19 3 0
19 14 0
20 15 0
20 25 0
20 44 0
21 16 0
21 45 0
21 46 0
21 47 0
22 17 0
22 27 0
22 48 0
23 17 0
23 28 0
23 49 0
24 4 0
24 18 0
24 26 0
25 20 0
25 26 0
25 50 0
26 5 0
26 24 0
26 25 0
27 22 0
27 30 0
27 51 0
28 23 0
28 30 0
28 52 0
29 2 0
29 31 0
29 32 0
29 53 0
30 0 0
30 27 0
30 28 0
31 29 0
31 54 0
31 55 0
31 68 0
32 29 0
32 56 0
32 57 0
32 58 0
33 59 0
33 60 0
33 61 0
33 51 0
34 4 0
34 62 0
34 63 0
34 64 0
35 5 0
35 65 0
35 66 0
35 67 0
36 7 0
37 8 0
38 8 0
39 11 0
40 12 0
41 12 0
42 6 0
43 18 0
44 20 0
45 21 0
46 21 0
47 21 0
48 22 0
49 23 0
50 25 0
51 27 0
51 33 0
52 28 0
53 29 0
54 31 0
55 31 0
56 32 0
57 32 0
58 32 0
59 33 0
60 33 0
61 33 0
62 34 0
63 34 0
64 34 0
65 35 0
66 35 0
67 35 0
68 31 0
69 0 0
GraphDataEnd
GraphEnd
NodeEnd
NodeStart
EPTNodeID: 25
AnchorID: 12639
TreeNodeGraphID: 55
Level: 9
SimplifiedLevel: 0
EditOperation: 0 52 0 5 8
AccumulatedOpsCount: 1
AccumulatedOp: 0 52 0 5 8
ChildrenCount: 0
ChildIndices:
CompletedDBGraphIDsCount: 4
CompletedDBGraphID: 21727
CompletedDBGraphID: 11566
CompletedDBGraphID: 14014
CompletedDBGraphID: 11366
GraphStart
GraphDataStart
ID: 55
NumNodes: 70
NumEdges: 146
NodeLabels
2 2 2 2 2 2 3 4 4 4 4 4 4 4 4 4 4 4 4 4 4 4 4 4 4 4 4 4 4 4 4 4 4 4 4 4 5 5 5 5 5 5 5 5 5 5 5 5 5 5 5 2 8 5 5 5 5 5 5 5 5 5 5 5 5 5 5 5 5 5 
Edges
0 30 0
0 69 0
1 13 0
2 19 0
2 29 0
3 19 0
4 24 0
4 34 0
5 26 0
5 35 0
6 10 0
6 16 0
6 42 0
7 8 0
7 12 0
7 15 0
7 36 0
8 7 0
8 10 0
8 37 0
8 38 0
9 10 0
9 11 0
9 13 0
10 6 0
10 8 0
10 9 0
11 9 0
11 14 0
11 17 0
11 39 0
12 7 0
12 13 0
12 40 0
12 41 0
13 1 0
13 9 0
13 12 0
14 11 0
14 16 0
14 19 0
15 7 0
15 18 0
15 20 0
16 6 0
16 14 0
16 21 0
17 11 0
17 22 0
17 23 0
18 15 0
18 24 0
18 43 0
19 2 0
19 3 0
19 14 0
20 15 0
20 25 0
20 44 0
21 16 0
21 45 0
21 46 0
21 47 0
22 17 0
22 27 0
22 48 0
23 17 0
23 28 0
23 49 0
24 4 0
24 18 0
24 26 0
25 20 0
25 26 0
25 50 0
26 5 0
26 24 0
26 25 0
27 22 0
27 30 0
27 51 0
28 23 0
28 30 0
28 52 0
29 2 0
29 31 0
29 32 0
29 53 0
30 0 0
30 27 0
30 28 0
31 29 0
31 54 0
31 55 0
31 68 0
32 29 0
32 56 0
32 57 0
32 58 0
33 59 0
33 60 0
33 61 0
33 51 0
34 4 0
34 62 0
34 63 0
34 64 0
35 5 0
35 65 0
35 66 0
35 67 0
36 7 0
37 8 0
38 8 0
39 11 0
40 12 0
41 12 0
42 6 0
43 18 0
44 20 0
45 21 0
46 21 0
47 21 0
48 22 0
49 23 0
50 25 0
51 27 0
51 33 0
52 28 0
53 29 0
54 31 0
55 31 0
56 32 0
57 32 0
58 32 0
59 33 0
60 33 0
61 33 0
62 34 0
63 34 0
64 34 0
65 35 0
66 35 0
67 35 0
68 31 0
69 0 0
GraphDataEnd
GraphEnd
NodeEnd
NodeStart
EPTNodeID: 26
AnchorID: 12639
TreeNodeGraphID: 58
Level: 8
SimplifiedLevel: 0
EditOperation: 5 0 33 0 0
AccumulatedOpsCount: 3
AccumulatedOp: 0 52 0 5 2
AccumulatedOp: 5 52 69 0 0
AccumulatedOp: 5 0 33 0 0
ChildrenCount: 0
ChildIndices:
CompletedDBGraphIDsCount: 4
CompletedDBGraphID: 3209
CompletedDBGraphID: 17924
CompletedDBGraphID: 12774
CompletedDBGraphID: 17496
GraphStart
GraphDataStart
ID: 58
NumNodes: 70
NumEdges: 146
NodeLabels
2 2 2 2 2 2 3 4 4 4 4 4 4 4 4 4 4 4 4 4 4 4 4 4 4 4 4 4 4 4 4 4 4 4 4 4 5 5 5 5 5 5 5 5 5 5 5 5 5 5 5 5 2 5 5 5 5 5 5 5 5 5 5 5 5 5 5 5 5 5 
Edges
0 30 0
0 33 0
1 13 0
2 19 0
2 29 0
3 19 0
4 24 0
4 34 0
5 26 0
5 35 0
6 10 0
6 16 0
6 42 0
7 8 0
7 12 0
7 15 0
7 36 0
8 7 0
8 10 0
8 37 0
8 38 0
9 10 0
9 11 0
9 13 0
10 6 0
10 8 0
10 9 0
11 9 0
11 14 0
11 17 0
11 39 0
12 7 0
12 13 0
12 40 0
12 41 0
13 1 0
13 9 0
13 12 0
14 11 0
14 16 0
14 19 0
15 7 0
15 18 0
15 20 0
16 6 0
16 14 0
16 21 0
17 11 0
17 22 0
17 23 0
18 15 0
18 24 0
18 43 0
19 2 0
19 3 0
19 14 0
20 15 0
20 25 0
20 44 0
21 16 0
21 45 0
21 46 0
21 47 0
22 17 0
22 27 0
22 48 0
23 17 0
23 28 0
23 49 0
24 4 0
24 18 0
24 26 0
25 20 0
25 26 0
25 50 0
26 5 0
26 24 0
26 25 0
27 22 0
27 30 0
27 51 0
28 23 0
28 30 0
28 52 0
29 2 0
29 31 0
29 32 0
29 53 0
30 0 0
30 27 0
30 28 0
31 29 0
31 54 0
31 55 0
31 68 0
32 29 0
32 56 0
32 57 0
32 58 0
33 59 0
33 60 0
33 61 0
33 0 0
34 4 0
34 62 0
34 63 0
34 64 0
35 5 0
35 65 0
35 66 0
35 67 0
36 7 0
37 8 0
38 8 0
39 11 0
40 12 0
41 12 0
42 6 0
43 18 0
44 20 0
45 21 0
46 21 0
47 21 0
48 22 0
49 23 0
50 25 0
51 27 0
52 28 0
52 69 0
53 29 0
54 31 0
55 31 0
56 32 0
57 32 0
58 32 0
59 33 0
60 33 0
61 33 0
62 34 0
63 34 0
64 34 0
65 35 0
66 35 0
67 35 0
68 31 0
69 52 0
GraphDataEnd
GraphEnd
NodeEnd
NodeStart
EPTNodeID: 27
AnchorID: 12639
TreeNodeGraphID: 60
Level: 5
SimplifiedLevel: 0
EditOperation: 0 0 0 7 6
AccumulatedOpsCount: 2
AccumulatedOp: 5 0 33 0 0
AccumulatedOp: 0 0 0 7 6
ChildrenCount: 0
ChildIndices:
CompletedDBGraphIDsCount: 4
CompletedDBGraphID: 18740
CompletedDBGraphID: 8038
CompletedDBGraphID: 12915
CompletedDBGraphID: 15408
GraphStart
GraphDataStart
ID: 60
NumNodes: 69
NumEdges: 144
NodeLabels
6 2 2 2 2 2 3 4 4 4 4 4 4 4 4 4 4 4 4 4 4 4 4 4 4 4 4 4 4 4 4 4 4 4 4 4 5 5 5 5 5 5 5 5 5 5 5 5 5 5 5 5 5 5 5 5 5 5 5 5 5 5 5 5 5 5 5 5 5 
Edges
0 30 0
0 33 0
1 13 0
2 19 0
2 29 0
3 19 0
4 24 0
4 34 0
5 26 0
5 35 0
6 10 0
6 16 0
6 42 0
7 8 0
7 12 0
7 15 0
7 36 0
8 7 0
8 10 0
8 37 0
8 38 0
9 10 0
9 11 0
9 13 0
10 6 0
10 8 0
10 9 0
11 9 0
11 14 0
11 17 0
11 39 0
12 7 0
12 13 0
12 40 0
12 41 0
13 1 0
13 9 0
13 12 0
14 11 0
14 16 0
14 19 0
15 7 0
15 18 0
15 20 0
16 6 0
16 14 0
16 21 0
17 11 0
17 22 0
17 23 0
18 15 0
18 24 0
18 43 0
19 2 0
19 3 0
19 14 0
20 15 0
20 25 0
20 44 0
21 16 0
21 45 0
21 46 0
21 47 0
22 17 0
22 27 0
22 48 0
23 17 0
23 28 0
23 49 0
24 4 0
24 18 0
24 26 0
25 20 0
25 26 0
25 50 0
26 5 0
26 24 0
26 25 0
27 22 0
27 30 0
27 51 0
28 23 0
28 30 0
28 52 0
29 2 0
29 31 0
29 32 0
29 53 0
30 0 0
30 27 0
30 28 0
31 29 0
31 54 0
31 55 0
31 68 0
32 29 0
32 56 0
32 57 0
32 58 0
33 59 0
33 60 0
33 61 0
33 0 0
34 4 0
34 62 0
34 63 0
34 64 0
35 5 0
35 65 0
35 66 0
35 67 0
36 7 0
37 8 0
38 8 0
39 11 0
40 12 0
41 12 0
42 6 0
43 18 0
44 20 0
45 21 0
46 21 0
47 21 0
48 22 0
49 23 0
50 25 0
51 27 0
52 28 0
53 29 0
54 31 0
55 31 0
56 32 0
57 32 0
58 32 0
59 33 0
60 33 0
61 33 0
62 34 0
63 34 0
64 34 0
65 35 0
66 35 0
67 35 0
68 31 0
GraphDataEnd
GraphEnd
NodeEnd
NodeStart
EPTNodeID: 28
AnchorID: 12639
TreeNodeGraphID: 66
Level: 7
SimplifiedLevel: 0
EditOperation: 5 0 70 0 0
AccumulatedOpsCount: 6
AccumulatedOp: 2 69 0 0 5
AccumulatedOp: 0 0 0 7 4
AccumulatedOp: 2 70 0 0 5
AccumulatedOp: 5 0 68 0 0
AccumulatedOp: 5 0 69 0 0
AccumulatedOp: 5 0 70 0 0
ChildrenCount: 0
ChildIndices:
CompletedDBGraphIDsCount: 1
CompletedDBGraphID: 11607
GraphStart
GraphDataStart
ID: 66
NumNodes: 71
NumEdges: 148
NodeLabels
4 2 2 2 2 2 3 4 4 4 4 4 4 4 4 4 4 4 4 4 4 4 4 4 4 4 4 4 4 4 4 4 4 4 4 4 5 5 5 5 5 5 5 5 5 5 5 5 5 5 5 5 5 5 5 5 5 5 5 5 5 5 5 5 5 5 5 5 5 5 5 
Edges
0 30 0
0 68 0
0 69 0
0 70 0
1 13 0
2 19 0
2 29 0
3 19 0
4 24 0
4 34 0
5 26 0
5 35 0
6 10 0
6 16 0
6 42 0
7 8 0
7 12 0
7 15 0
7 36 0
8 7 0
8 10 0
8 37 0
8 38 0
9 10 0
9 11 0
9 13 0
10 6 0
10 8 0
10 9 0
11 9 0
11 14 0
11 17 0
11 39 0
12 7 0
12 13 0
12 40 0
12 41 0
13 1 0
13 9 0
13 12 0
14 11 0
14 16 0
14 19 0
15 7 0
15 18 0
15 20 0
16 6 0
16 14 0
16 21 0
17 11 0
17 22 0
17 23 0
18 15 0
18 24 0
18 43 0
19 2 0
19 3 0
19 14 0
20 15 0
20 25 0
20 44 0
21 16 0
21 45 0
21 46 0
21 47 0
22 17 0
22 27 0
22 48 0
23 17 0
23 28 0
23 49 0
24 4 0
24 18 0
24 26 0
25 20 0
25 26 0
25 50 0
26 5 0
26 24 0
26 25 0
27 22 0
27 30 0
27 51 0
28 23 0
28 30 0
28 52 0
29 2 0
29 31 0
29 32 0
29 53 0
30 0 0
30 27 0
30 28 0
31 29 0
31 33 0
31 54 0
31 55 0
32 29 0
32 56 0
32 57 0
32 58 0
33 31 0
33 59 0
33 60 0
33 61 0
34 4 0
34 62 0
34 63 0
34 64 0
35 5 0
35 65 0
35 66 0
35 67 0
36 7 0
37 8 0
38 8 0
39 11 0
40 12 0
41 12 0
42 6 0
43 18 0
44 20 0
45 21 0
46 21 0
47 21 0
48 22 0
49 23 0
50 25 0
51 27 0
52 28 0
53 29 0
54 31 0
55 31 0
56 32 0
57 32 0
58 32 0
59 33 0
60 33 0
61 33 0
62 34 0
63 34 0
64 34 0
65 35 0
66 35 0
67 35 0
68 0 0
69 0 0
70 0 0
GraphDataEnd
GraphEnd
NodeEnd
NodeStart
EPTNodeID: 29
AnchorID: 12639
TreeNodeGraphID: 71
Level: 5
SimplifiedLevel: 0
EditOperation: 5 31 32 0 0
AccumulatedOpsCount: 5
AccumulatedOp: 4 29 32 0 0
AccumulatedOp: 0 0 0 7 1
AccumulatedOp: 4 31 55 0 0
AccumulatedOp: 5 29 55 0 0
AccumulatedOp: 5 31 32 0 0
ChildrenCount: 0
ChildIndices:
CompletedDBGraphIDsCount: 4
CompletedDBGraphID: 19275
CompletedDBGraphID: 3856
CompletedDBGraphID: 14495
CompletedDBGraphID: 9866
GraphStart
GraphDataStart
ID: 71
NumNodes: 68
NumEdges: 142
NodeLabels
1 2 2 2 2 2 3 4 4 4 4 4 4 4 4 4 4 4 4 4 4 4 4 4 4 4 4 4 4 4 4 4 4 4 4 4 5 5 5 5 5 5 5 5 5 5 5 5 5 5 5 5 5 5 5 5 5 5 5 5 5 5 5 5 5 5 5 5 
Edges
0 30 0
1 13 0
2 19 0
2 29 0
3 19 0
4 24 0
4 34 0
5 26 0
5 35 0
6 10 0
6 16 0
6 42 0
7 8 0
7 12 0
7 15 0
7 36 0
8 7 0
8 10 0
8 37 0
8 38 0
9 10 0
9 11 0
9 13 0
10 6 0
10 8 0
10 9 0
11 9 0
11 14 0
11 17 0
11 39 0
12 7 0
12 13 0
12 40 0
12 41 0
13 1 0
13 9 0
13 12 0
14 11 0
14 16 0
14 19 0
15 7 0
15 18 0
15 20 0
16 6 0
16 14 0
16 21 0
17 11 0
17 22 0
17 23 0
18 15 0
18 24 0
18 43 0
19 2 0
19 3 0
19 14 0
20 15 0
20 25 0
20 44 0
21 16 0
21 45 0
21 46 0
21 47 0
22 17 0
22 27 0
22 48 0
23 17 0
23 28 0
23 49 0
24 4 0
24 18 0
24 26 0
25 20 0
25 26 0
25 50 0
26 5 0
26 24 0
26 25 0
27 22 0
27 30 0
27 51 0
28 23 0
28 30 0
28 52 0
29 2 0
29 31 0
29 53 0
29 55 0
30 0 0
30 27 0
30 28 0
31 29 0
31 33 0
31 54 0
31 32 0
32 56 0
32 57 0
32 58 0
32 31 0
33 31 0
33 59 0
33 60 0
33 61 0
34 4 0
34 62 0
34 63 0
34 64 0
35 5 0
35 65 0
35 66 0
35 67 0
36 7 0
37 8 0
38 8 0
39 11 0
40 12 0
41 12 0
42 6 0
43 18 0
44 20 0
45 21 0
46 21 0
47 21 0
48 22 0
49 23 0
50 25 0
51 27 0
52 28 0
53 29 0
54 31 0
55 29 0
56 32 0
57 32 0
58 32 0
59 33 0
60 33 0
61 33 0
62 34 0
63 34 0
64 34 0
65 35 0
66 35 0
67 35 0
GraphDataEnd
GraphEnd
NodeEnd
NodeStart
EPTNodeID: 30
AnchorID: 12639
TreeNodeGraphID: 79
Level: 8
SimplifiedLevel: 0
EditOperation: 1 61 0 5 0
AccumulatedOpsCount: 8
AccumulatedOp: 4 33 60 0 0
AccumulatedOp: 0 0 0 7 8
AccumulatedOp: 0 33 0 4 5
AccumulatedOp: 1 60 0 5 0
AccumulatedOp: 4 33 59 0 0
AccumulatedOp: 1 59 0 5 0
AccumulatedOp: 4 33 61 0 0
AccumulatedOp: 1 61 0 5 0
ChildrenCount: 0
ChildIndices:
CompletedDBGraphIDsCount: 4
CompletedDBGraphID: 12060
CompletedDBGraphID: 21525
CompletedDBGraphID: 5527
CompletedDBGraphID: 4055
GraphStart
GraphDataStart
ID: 79
NumNodes: 65
NumEdges: 136
NodeLabels
8 2 2 2 2 2 3 4 4 4 4 4 4 4 4 4 4 4 4 4 4 4 4 4 4 4 4 4 4 4 4 4 4 5 4 4 5 5 5 5 5 5 5 5 5 5 5 5 5 5 5 5 5 5 5 5 5 5 5 5 5 5 5 5 5 
Edges
0 30 0
1 13 0
2 19 0
2 29 0
3 19 0
4 24 0
4 34 0
5 26 0
5 35 0
6 10 0
6 16 0
6 42 0
7 8 0
7 12 0
7 15 0
7 36 0
8 7 0
8 10 0
8 37 0
8 38 0
9 10 0
9 11 0
9 13 0
10 6 0
10 8 0
10 9 0
11 9 0
11 14 0
11 17 0
11 39 0
12 7 0
12 13 0
12 40 0
12 41 0
13 1 0
13 9 0
13 12 0
14 11 0
14 16 0
14 19 0
15 7 0
15 18 0
15 20 0
16 6 0
16 14 0
16 21 0
17 11 0
17 22 0
17 23 0
18 15 0
18 24 0
18 43 0
19 2 0
19 3 0
19 14 0
20 15 0
20 25 0
20 44 0
21 16 0
21 45 0
21 46 0
21 47 0
22 17 0
22 27 0
22 48 0
23 17 0
23 28 0
23 49 0
24 4 0
24 18 0
24 26 0
25 20 0
25 26 0
25 50 0
26 5 0
26 24 0
26 25 0
27 22 0
27 30 0
27 51 0
28 23 0
28 30 0
28 52 0
29 2 0
29 31 0
29 32 0
29 53 0
30 0 0
30 27 0
30 28 0
31 29 0
31 33 0
31 54 0
31 55 0
32 29 0
32 56 0
32 57 0
32 58 0
33 31 0
34 4 0
34 59 0
34 60 0
34 61 0
35 5 0
35 62 0
35 63 0
35 64 0
36 7 0
37 8 0
38 8 0
39 11 0
40 12 0
41 12 0
42 6 0
43 18 0
44 20 0
45 21 0
46 21 0
47 21 0
48 22 0
49 23 0
50 25 0
51 27 0
52 28 0
53 29 0
54 31 0
55 31 0
56 32 0
57 32 0
58 32 0
59 34 0
60 34 0
61 34 0
62 35 0
63 35 0
64 35 0
GraphDataEnd
GraphEnd
NodeEnd
NodeStart
EPTNodeID: 31
AnchorID: 12639
TreeNodeGraphID: 80
Level: 1
SimplifiedLevel: 0
EditOperation: 0 0 0 7 1
AccumulatedOpsCount: 1
AccumulatedOp: 0 0 0 7 1
ChildrenCount: 0
ChildIndices:
CompletedDBGraphIDsCount: 1
CompletedDBGraphID: 12966
GraphStart
GraphDataStart
ID: 80
NumNodes: 68
NumEdges: 142
NodeLabels
1 2 2 2 2 2 3 4 4 4 4 4 4 4 4 4 4 4 4 4 4 4 4 4 4 4 4 4 4 4 4 4 4 4 4 4 5 5 5 5 5 5 5 5 5 5 5 5 5 5 5 5 5 5 5 5 5 5 5 5 5 5 5 5 5 5 5 5 
Edges
0 30 0
1 13 0
2 19 0
2 29 0
3 19 0
4 24 0
4 34 0
5 26 0
5 35 0
6 10 0
6 16 0
6 42 0
7 8 0
7 12 0
7 15 0
7 36 0
8 7 0
8 10 0
8 37 0
8 38 0
9 10 0
9 11 0
9 13 0
10 6 0
10 8 0
10 9 0
11 9 0
11 14 0
11 17 0
11 39 0
12 7 0
12 13 0
12 40 0
12 41 0
13 1 0
13 9 0
13 12 0
14 11 0
14 16 0
14 19 0
15 7 0
15 18 0
15 20 0
16 6 0
16 14 0
16 21 0
17 11 0
17 22 0
17 23 0
18 15 0
18 24 0
18 43 0
19 2 0
19 3 0
19 14 0
20 15 0
20 25 0
20 44 0
21 16 0
21 45 0
21 46 0
21 47 0
22 17 0
22 27 0
22 48 0
23 17 0
23 28 0
23 49 0
24 4 0
24 18 0
24 26 0
25 20 0
25 26 0
25 50 0
26 5 0
26 24 0
26 25 0
27 22 0
27 30 0
27 51 0
28 23 0
28 30 0
28 52 0
29 2 0
29 31 0
29 32 0
29 53 0
30 0 0
30 27 0
30 28 0
31 29 0
31 33 0
31 54 0
31 55 0
32 29 0
32 56 0
32 57 0
32 58 0
33 31 0
33 59 0
33 60 0
33 61 0
34 4 0
34 62 0
34 63 0
34 64 0
35 5 0
35 65 0
35 66 0
35 67 0
36 7 0
37 8 0
38 8 0
39 11 0
40 12 0
41 12 0
42 6 0
43 18 0
44 20 0
45 21 0
46 21 0
47 21 0
48 22 0
49 23 0
50 25 0
51 27 0
52 28 0
53 29 0
54 31 0
55 31 0
56 32 0
57 32 0
58 32 0
59 33 0
60 33 0
61 33 0
62 34 0
63 34 0
64 34 0
65 35 0
66 35 0
67 35 0
GraphDataEnd
GraphEnd
NodeEnd
END_EPT
