BEGIN_EPT
AnchorID: 16517  # ID of the anchor node
RootIndex: 0  # Index of the root node in tree_nodes
NodeCount: 15  # Total number of nodes in the EPT
NodeStart
EPTNodeID: 0
AnchorID: 16517
TreeNodeGraphID: 0
Level: 0
SimplifiedLevel: 0
EditOperation: -1 0 -1 0 0
AccumulatedOpsCount: 0
ChildrenCount: 2
ChildIndices: 1 14
CompletedDBGraphIDsCount: 1
CompletedDBGraphID: 15272
GraphStart
GraphDataStart
ID: 0
NumNodes: 62
NumEdges: 132
NodeLabels
8 2 2 2 2 2 3 3 4 4 4 4 4 4 4 4 4 4 4 4 4 4 4 4 4 4 4 4 4 4 4 4 4 4 4 5 5 5 5 5 5 5 5 5 5 5 5 5 5 5 5 5 5 5 5 5 5 5 5 5 5 5 
Edges
0 23 0
1 14 0
2 24 0
2 28 0
3 20 0
4 26 0
4 28 0
5 29 0
5 34 0
6 11 0
6 18 0
6 46 0
7 20 0
7 27 0
7 52 0
8 9 0
8 10 0
8 15 0
8 16 0
9 8 0
9 11 0
9 35 0
9 36 0
10 8 0
10 14 0
10 37 0
10 38 0
11 6 0
11 9 0
11 12 0
12 11 0
12 13 0
12 14 0
13 12 0
13 17 0
13 19 0
13 39 0
14 1 0
14 10 0
14 12 0
15 8 0
15 40 0
15 41 0
15 42 0
16 8 0
16 43 0
16 44 0
16 45 0
17 13 0
17 18 0
17 20 0
18 6 0
18 17 0
18 21 0
19 13 0
19 22 0
19 23 0
20 3 0
20 7 0
20 17 0
21 18 0
21 47 0
21 48 0
21 49 0
22 19 0
22 24 0
22 50 0
23 0 0
23 19 0
23 25 0
24 2 0
24 22 0
24 26 0
25 23 0
25 26 0
25 51 0
26 4 0
26 24 0
26 25 0
27 7 0
27 29 0
27 30 0
28 2 0
28 4 0
28 53 0
28 54 0
29 5 0
29 27 0
29 31 0
30 27 0
30 32 0
30 55 0
31 29 0
31 33 0
31 56 0
32 30 0
32 33 0
32 57 0
33 31 0
33 32 0
33 58 0
34 5 0
34 59 0
34 60 0
34 61 0
35 9 0
36 9 0
37 10 0
38 10 0
39 13 0
40 15 0
41 15 0
42 15 0
43 16 0
44 16 0
45 16 0
46 6 0
47 21 0
48 21 0
49 21 0
50 22 0
51 25 0
52 7 0
53 28 0
54 28 0
55 30 0
56 31 0
57 32 0
58 33 0
59 34 0
60 34 0
61 34 0
GraphDataEnd
GraphEnd
NodeEnd
NodeStart
EPTNodeID: 1
AnchorID: 16517
TreeNodeGraphID: 1
Level: 1
SimplifiedLevel: 0
EditOperation: 4 4 28 0 0
AccumulatedOpsCount: 1
AccumulatedOp: 4 4 28 0 0
ChildrenCount: 3
ChildIndices: 2 10 13
CompletedDBGraphIDsCount: 0
GraphStart
GraphDataStart
ID: 1
NumNodes: 62
NumEdges: 130
NodeLabels
8 2 2 2 2 2 3 3 4 4 4 4 4 4 4 4 4 4 4 4 4 4 4 4 4 4 4 4 4 4 4 4 4 4 4 5 5 5 5 5 5 5 5 5 5 5 5 5 5 5 5 5 5 5 5 5 5 5 5 5 5 5 
Edges
0 23 0
1 14 0
2 24 0
2 28 0
3 20 0
4 26 0
5 29 0
5 34 0
6 11 0
6 18 0
6 46 0
7 20 0
7 27 0
7 52 0
8 9 0
8 10 0
8 15 0
8 16 0
9 8 0
9 11 0
9 35 0
9 36 0
10 8 0
10 14 0
10 37 0
10 38 0
11 6 0
11 9 0
11 12 0
12 11 0
12 13 0
12 14 0
13 12 0
13 17 0
13 19 0
13 39 0
14 1 0
14 10 0
14 12 0
15 8 0
15 40 0
15 41 0
15 42 0
16 8 0
16 43 0
16 44 0
16 45 0
17 13 0
17 18 0
17 20 0
18 6 0
18 17 0
18 21 0
19 13 0
19 22 0
19 23 0
20 3 0
20 7 0
20 17 0
21 18 0
21 47 0
21 48 0
21 49 0
22 19 0
22 24 0
22 50 0
23 0 0
23 19 0
23 25 0
24 2 0
24 22 0
24 26 0
25 23 0
25 26 0
25 51 0
26 4 0
26 24 0
26 25 0
27 7 0
27 29 0
27 30 0
28 2 0
28 53 0
28 54 0
29 5 0
29 27 0
29 31 0
30 27 0
30 32 0
30 55 0
31 29 0
31 33 0
31 56 0
32 30 0
32 33 0
32 57 0
33 31 0
33 32 0
33 58 0
34 5 0
34 59 0
34 60 0
34 61 0
35 9 0
36 9 0
37 10 0
38 10 0
39 13 0
40 15 0
41 15 0
42 15 0
43 16 0
44 16 0
45 16 0
46 6 0
47 21 0
48 21 0
49 21 0
50 22 0
51 25 0
52 7 0
53 28 0
54 28 0
55 30 0
56 31 0
57 32 0
58 33 0
59 34 0
60 34 0
61 34 0
GraphDataEnd
GraphEnd
NodeEnd
NodeStart
EPTNodeID: 2
AnchorID: 16517
TreeNodeGraphID: 2
Level: 2
SimplifiedLevel: 0
EditOperation: 0 0 0 8 5
AccumulatedOpsCount: 1
AccumulatedOp: 0 0 0 8 5
ChildrenCount: 2
ChildIndices: 3 7
CompletedDBGraphIDsCount: 0
GraphStart
GraphDataStart
ID: 2
NumNodes: 62
NumEdges: 130
NodeLabels
5 2 2 2 2 2 3 3 4 4 4 4 4 4 4 4 4 4 4 4 4 4 4 4 4 4 4 4 4 4 4 4 4 4 4 5 5 5 5 5 5 5 5 5 5 5 5 5 5 5 5 5 5 5 5 5 5 5 5 5 5 5 
Edges
0 23 0
1 14 0
2 24 0
2 28 0
3 20 0
4 26 0
5 29 0
5 34 0
6 11 0
6 18 0
6 46 0
7 20 0
7 27 0
7 52 0
8 9 0
8 10 0
8 15 0
8 16 0
9 8 0
9 11 0
9 35 0
9 36 0
10 8 0
10 14 0
10 37 0
10 38 0
11 6 0
11 9 0
11 12 0
12 11 0
12 13 0
12 14 0
13 12 0
13 17 0
13 19 0
13 39 0
14 1 0
14 10 0
14 12 0
15 8 0
15 40 0
15 41 0
15 42 0
16 8 0
16 43 0
16 44 0
16 45 0
17 13 0
17 18 0
17 20 0
18 6 0
18 17 0
18 21 0
19 13 0
19 22 0
19 23 0
20 3 0
20 7 0
20 17 0
21 18 0
21 47 0
21 48 0
21 49 0
22 19 0
22 24 0
22 50 0
23 0 0
23 19 0
23 25 0
24 2 0
24 22 0
24 26 0
25 23 0
25 26 0
25 51 0
26 4 0
26 24 0
26 25 0
27 7 0
27 29 0
27 30 0
28 2 0
28 53 0
28 54 0
29 5 0
29 27 0
29 31 0
30 27 0
30 32 0
30 55 0
31 29 0
31 33 0
31 56 0
32 30 0
32 33 0
32 57 0
33 31 0
33 32 0
33 58 0
34 5 0
34 59 0
34 60 0
34 61 0
35 9 0
36 9 0
37 10 0
38 10 0
39 13 0
40 15 0
41 15 0
42 15 0
43 16 0
44 16 0
45 16 0
46 6 0
47 21 0
48 21 0
49 21 0
50 22 0
51 25 0
52 7 0
53 28 0
54 28 0
55 30 0
56 31 0
57 32 0
58 33 0
59 34 0
60 34 0
61 34 0
GraphDataEnd
GraphEnd
NodeEnd
NodeStart
EPTNodeID: 3
AnchorID: 16517
TreeNodeGraphID: 3
Level: 3
SimplifiedLevel: 0
EditOperation: 0 51 0 5 8
AccumulatedOpsCount: 1
AccumulatedOp: 0 51 0 5 8
ChildrenCount: 3
ChildIndices: 4 5 6
CompletedDBGraphIDsCount: 0
GraphStart
GraphDataStart
ID: 3
NumNodes: 62
NumEdges: 130
NodeLabels
5 2 2 2 2 2 3 3 4 4 4 4 4 4 4 4 4 4 4 4 4 4 4 4 4 4 4 4 4 4 4 4 4 4 4 5 5 5 5 5 5 5 5 5 5 5 5 5 5 5 5 8 5 5 5 5 5 5 5 5 5 5 
Edges
0 23 0
1 14 0
2 24 0
2 28 0
3 20 0
4 26 0
5 29 0
5 34 0
6 11 0
6 18 0
6 46 0
7 20 0
7 27 0
7 52 0
8 9 0
8 10 0
8 15 0
8 16 0
9 8 0
9 11 0
9 35 0
9 36 0
10 8 0
10 14 0
10 37 0
10 38 0
11 6 0
11 9 0
11 12 0
12 11 0
12 13 0
12 14 0
13 12 0
13 17 0
13 19 0
13 39 0
14 1 0
14 10 0
14 12 0
15 8 0
15 40 0
15 41 0
15 42 0
16 8 0
16 43 0
16 44 0
16 45 0
17 13 0
17 18 0
17 20 0
18 6 0
18 17 0
18 21 0
19 13 0
19 22 0
19 23 0
20 3 0
20 7 0
20 17 0
21 18 0
21 47 0
21 48 0
21 49 0
22 19 0
22 24 0
22 50 0
23 0 0
23 19 0
23 25 0
24 2 0
24 22 0
24 26 0
25 23 0
25 26 0
25 51 0
26 4 0
26 24 0
26 25 0
27 7 0
27 29 0
27 30 0
28 2 0
28 53 0
28 54 0
29 5 0
29 27 0
29 31 0
30 27 0
30 32 0
30 55 0
31 29 0
31 33 0
31 56 0
32 30 0
32 33 0
32 57 0
33 31 0
33 32 0
33 58 0
34 5 0
34 59 0
34 60 0
34 61 0
35 9 0
36 9 0
37 10 0
38 10 0
39 13 0
40 15 0
41 15 0
42 15 0
43 16 0
44 16 0
45 16 0
46 6 0
47 21 0
48 21 0
49 21 0
50 22 0
51 25 0
52 7 0
53 28 0
54 28 0
55 30 0
56 31 0
57 32 0
58 33 0
59 34 0
60 34 0
61 34 0
GraphDataEnd
GraphEnd
NodeEnd
NodeStart
EPTNodeID: 4
AnchorID: 16517
TreeNodeGraphID: 10
Level: 10
SimplifiedLevel: 0
EditOperation: 5 30 34 0 0
AccumulatedOpsCount: 7
AccumulatedOp: 0 5 0 2 5
AccumulatedOp: 4 5 34 0 0
AccumulatedOp: 2 62 0 0 5
AccumulatedOp: 5 28 62 0 0
AccumulatedOp: 4 30 55 0 0
AccumulatedOp: 5 4 55 0 0
AccumulatedOp: 5 30 34 0 0
ChildrenCount: 0
ChildIndices:
CompletedDBGraphIDsCount: 2
CompletedDBGraphID: 9542
CompletedDBGraphID: 19919
GraphStart
GraphDataStart
ID: 10
NumNodes: 63
NumEdges: 132
NodeLabels
5 2 2 2 2 5 3 3 4 4 4 4 4 4 4 4 4 4 4 4 4 4 4 4 4 4 4 4 4 4 4 4 4 4 4 5 5 5 5 5 5 5 5 5 5 5 5 5 5 5 5 8 5 5 5 5 5 5 5 5 5 5 5 
Edges
0 23 0
1 14 0
2 24 0
2 28 0
3 20 0
4 26 0
4 55 0
5 29 0
6 11 0
6 18 0
6 46 0
7 20 0
7 27 0
7 52 0
8 9 0
8 10 0
8 15 0
8 16 0
9 8 0
9 11 0
9 35 0
9 36 0
10 8 0
10 14 0
10 37 0
10 38 0
11 6 0
11 9 0
11 12 0
12 11 0
12 13 0
12 14 0
13 12 0
13 17 0
13 19 0
13 39 0
14 1 0
14 10 0
14 12 0
15 8 0
15 40 0
15 41 0
15 42 0
16 8 0
16 43 0
16 44 0
16 45 0
17 13 0
17 18 0
17 20 0
18 6 0
18 17 0
18 21 0
19 13 0
19 22 0
19 23 0
20 3 0
20 7 0
20 17 0
21 18 0
21 47 0
21 48 0
21 49 0
22 19 0
22 24 0
22 50 0
23 0 0
23 19 0
23 25 0
24 2 0
24 22 0
24 26 0
25 23 0
25 26 0
25 51 0
26 4 0
26 24 0
26 25 0
27 7 0
27 29 0
27 30 0
28 2 0
28 53 0
28 54 0
28 62 0
29 5 0
29 27 0
29 31 0
30 27 0
30 32 0
30 34 0
31 29 0
31 33 0
31 56 0
32 30 0
32 33 0
32 57 0
33 31 0
33 32 0
33 58 0
34 59 0
34 60 0
34 61 0
34 30 0
35 9 0
36 9 0
37 10 0
38 10 0
39 13 0
40 15 0
41 15 0
42 15 0
43 16 0
44 16 0
45 16 0
46 6 0
47 21 0
48 21 0
49 21 0
50 22 0
51 25 0
52 7 0
53 28 0
54 28 0
55 4 0
56 31 0
57 32 0
58 33 0
59 34 0
60 34 0
61 34 0
62 28 0
GraphDataEnd
GraphEnd
NodeEnd
NodeStart
EPTNodeID: 5
AnchorID: 16517
TreeNodeGraphID: 20
Level: 13
SimplifiedLevel: 0
EditOperation: 5 62 66 0 0
AccumulatedOpsCount: 10
AccumulatedOp: 2 65 0 0 5
AccumulatedOp: 2 66 0 0 5
AccumulatedOp: 2 62 0 0 4
AccumulatedOp: 2 63 0 0 5
AccumulatedOp: 5 62 65 0 0
AccumulatedOp: 2 64 0 0 5
AccumulatedOp: 5 62 64 0 0
AccumulatedOp: 5 4 63 0 0
AccumulatedOp: 5 28 62 0 0
AccumulatedOp: 5 62 66 0 0
ChildrenCount: 0
ChildIndices:
CompletedDBGraphIDsCount: 2
CompletedDBGraphID: 22609
CompletedDBGraphID: 17429
GraphStart
GraphDataStart
ID: 20
NumNodes: 67
NumEdges: 140
NodeLabels
5 2 2 2 2 2 3 3 4 4 4 4 4 4 4 4 4 4 4 4 4 4 4 4 4 4 4 4 4 4 4 4 4 4 4 5 5 5 5 5 5 5 5 5 5 5 5 5 5 5 5 8 5 5 5 5 5 5 5 5 5 5 4 5 5 5 5 
Edges
0 23 0
1 14 0
2 24 0
2 28 0
3 20 0
4 26 0
4 63 0
5 29 0
5 34 0
6 11 0
6 18 0
6 46 0
7 20 0
7 27 0
7 52 0
8 9 0
8 10 0
8 15 0
8 16 0
9 8 0
9 11 0
9 35 0
9 36 0
10 8 0
10 14 0
10 37 0
10 38 0
11 6 0
11 9 0
11 12 0
12 11 0
12 13 0
12 14 0
13 12 0
13 17 0
13 19 0
13 39 0
14 1 0
14 10 0
14 12 0
15 8 0
15 40 0
15 41 0
15 42 0
16 8 0
16 43 0
16 44 0
16 45 0
17 13 0
17 18 0
17 20 0
18 6 0
18 17 0
18 21 0
19 13 0
19 22 0
19 23 0
20 3 0
20 7 0
20 17 0
21 18 0
21 47 0
21 48 0
21 49 0
22 19 0
22 24 0
22 50 0
23 0 0
23 19 0
23 25 0
24 2 0
24 22 0
24 26 0
25 23 0
25 26 0
25 51 0
26 4 0
26 24 0
26 25 0
27 7 0
27 29 0
27 30 0
28 2 0
28 53 0
28 54 0
28 62 0
29 5 0
29 27 0
29 31 0
30 27 0
30 32 0
30 55 0
31 29 0
31 33 0
31 56 0
32 30 0
32 33 0
32 57 0
33 31 0
33 32 0
33 58 0
34 5 0
34 59 0
34 60 0
34 61 0
35 9 0
36 9 0
37 10 0
38 10 0
39 13 0
40 15 0
41 15 0
42 15 0
43 16 0
44 16 0
45 16 0
46 6 0
47 21 0
48 21 0
49 21 0
50 22 0
51 25 0
52 7 0
53 28 0
54 28 0
55 30 0
56 31 0
57 32 0
58 33 0
59 34 0
60 34 0
61 34 0
62 65 0
62 64 0
62 28 0
62 66 0
63 4 0
64 62 0
65 62 0
66 62 0
GraphDataEnd
GraphEnd
NodeEnd
NodeStart
EPTNodeID: 6
AnchorID: 16517
TreeNodeGraphID: 29
Level: 12
SimplifiedLevel: 0
EditOperation: 5 8 43 0 0
AccumulatedOpsCount: 9
AccumulatedOp: 5 15 28 0 0
AccumulatedOp: 4 16 44 0 0
AccumulatedOp: 5 4 45 0 0
AccumulatedOp: 0 16 0 4 5
AccumulatedOp: 1 44 0 5 0
AccumulatedOp: 4 8 15 0 0
AccumulatedOp: 4 16 43 0 0
AccumulatedOp: 4 16 45 0 0
AccumulatedOp: 5 8 43 0 0
ChildrenCount: 0
ChildIndices:
CompletedDBGraphIDsCount: 2
CompletedDBGraphID: 12516
CompletedDBGraphID: 9199
GraphStart
GraphDataStart
ID: 29
NumNodes: 61
NumEdges: 128
NodeLabels
5 2 2 2 2 2 3 3 4 4 4 4 4 4 4 4 5 4 4 4 4 4 4 4 4 4 4 4 4 4 4 4 4 4 4 5 5 5 5 5 5 5 5 5 5 5 5 5 5 5 8 5 5 5 5 5 5 5 5 5 5 
Edges
0 23 0
1 14 0
2 24 0
2 28 0
3 20 0
4 26 0
4 44 0
5 29 0
5 34 0
6 11 0
6 18 0
6 45 0
7 20 0
7 27 0
7 51 0
8 9 0
8 10 0
8 16 0
8 43 0
9 8 0
9 11 0
9 35 0
9 36 0
10 8 0
10 14 0
10 37 0
10 38 0
11 6 0
11 9 0
11 12 0
12 11 0
12 13 0
12 14 0
13 12 0
13 17 0
13 19 0
13 39 0
14 1 0
14 10 0
14 12 0
15 40 0
15 41 0
15 42 0
15 28 0
16 8 0
17 13 0
17 18 0
17 20 0
18 6 0
18 17 0
18 21 0
19 13 0
19 22 0
19 23 0
20 3 0
20 7 0
20 17 0
21 18 0
21 46 0
21 47 0
21 48 0
22 19 0
22 24 0
22 49 0
23 0 0
23 19 0
23 25 0
24 2 0
24 22 0
24 26 0
25 23 0
25 26 0
25 50 0
26 4 0
26 24 0
26 25 0
27 7 0
27 29 0
27 30 0
28 2 0
28 52 0
28 53 0
28 15 0
29 5 0
29 27 0
29 31 0
30 27 0
30 32 0
30 54 0
31 29 0
31 33 0
31 55 0
32 30 0
32 33 0
32 56 0
33 31 0
33 32 0
33 57 0
34 5 0
34 58 0
34 59 0
34 60 0
35 9 0
36 9 0
37 10 0
38 10 0
39 13 0
40 15 0
41 15 0
42 15 0
43 8 0
44 4 0
45 6 0
46 21 0
47 21 0
48 21 0
49 22 0
50 25 0
51 7 0
52 28 0
53 28 0
54 30 0
55 31 0
56 32 0
57 33 0
58 34 0
59 34 0
60 34 0
GraphDataEnd
GraphEnd
NodeEnd
NodeStart
EPTNodeID: 7
AnchorID: 16517
TreeNodeGraphID: 33
Level: 6
SimplifiedLevel: 0
EditOperation: 1 53 0 5 0
AccumulatedOpsCount: 4
AccumulatedOp: 4 28 54 0 0
AccumulatedOp: 1 54 0 5 0
AccumulatedOp: 4 28 53 0 0
AccumulatedOp: 1 53 0 5 0
ChildrenCount: 2
ChildIndices: 8 9
CompletedDBGraphIDsCount: 0
GraphStart
GraphDataStart
ID: 33
NumNodes: 60
NumEdges: 126
NodeLabels
5 2 2 2 2 2 3 3 4 4 4 4 4 4 4 4 4 4 4 4 4 4 4 4 4 4 4 4 4 4 4 4 4 4 4 5 5 5 5 5 5 5 5 5 5 5 5 5 5 5 5 5 5 5 5 5 5 5 5 5 
Edges
0 23 0
1 14 0
2 24 0
2 28 0
3 20 0
4 26 0
5 29 0
5 34 0
6 11 0
6 18 0
6 46 0
7 20 0
7 27 0
7 52 0
8 9 0
8 10 0
8 15 0
8 16 0
9 8 0
9 11 0
9 35 0
9 36 0
10 8 0
10 14 0
10 37 0
10 38 0
11 6 0
11 9 0
11 12 0
12 11 0
12 13 0
12 14 0
13 12 0
13 17 0
13 19 0
13 39 0
14 1 0
14 10 0
14 12 0
15 8 0
15 40 0
15 41 0
15 42 0
16 8 0
16 43 0
16 44 0
16 45 0
17 13 0
17 18 0
17 20 0
18 6 0
18 17 0
18 21 0
19 13 0
19 22 0
19 23 0
20 3 0
20 7 0
20 17 0
21 18 0
21 47 0
21 48 0
21 49 0
22 19 0
22 24 0
22 50 0
23 0 0
23 19 0
23 25 0
24 2 0
24 22 0
24 26 0
25 23 0
25 26 0
25 51 0
26 4 0
26 24 0
26 25 0
27 7 0
27 29 0
27 30 0
28 2 0
29 5 0
29 27 0
29 31 0
30 27 0
30 32 0
30 53 0
31 29 0
31 33 0
31 54 0
32 30 0
32 33 0
32 55 0
33 31 0
33 32 0
33 56 0
34 5 0
34 57 0
34 58 0
34 59 0
35 9 0
36 9 0
37 10 0
38 10 0
39 13 0
40 15 0
41 15 0
42 15 0
43 16 0
44 16 0
45 16 0
46 6 0
47 21 0
48 21 0
49 21 0
50 22 0
51 25 0
52 7 0
53 30 0
54 31 0
55 32 0
56 33 0
57 34 0
58 34 0
59 34 0
GraphDataEnd
GraphEnd
NodeEnd
NodeStart
EPTNodeID: 8
AnchorID: 16517
TreeNodeGraphID: 37
Level: 10
SimplifiedLevel: 0
EditOperation: 1 28 0 4 0
AccumulatedOpsCount: 4
AccumulatedOp: 0 2 0 2 5
AccumulatedOp: 0 4 0 2 8
AccumulatedOp: 4 2 28 0 0
AccumulatedOp: 1 28 0 4 0
ChildrenCount: 0
ChildIndices:
CompletedDBGraphIDsCount: 2
CompletedDBGraphID: 688
CompletedDBGraphID: 19666
GraphStart
GraphDataStart
ID: 37
NumNodes: 59
NumEdges: 124
NodeLabels
5 2 5 2 8 2 3 3 4 4 4 4 4 4 4 4 4 4 4 4 4 4 4 4 4 4 4 4 4 4 4 4 4 4 5 5 5 5 5 5 5 5 5 5 5 5 5 5 5 5 5 5 5 5 5 5 5 5 5 
Edges
0 23 0
1 14 0
2 24 0
3 20 0
4 26 0
5 28 0
5 33 0
6 11 0
6 18 0
6 45 0
7 20 0
7 27 0
7 51 0
8 9 0
8 10 0
8 15 0
8 16 0
9 8 0
9 11 0
9 34 0
9 35 0
10 8 0
10 14 0
10 36 0
10 37 0
11 6 0
11 9 0
11 12 0
12 11 0
12 13 0
12 14 0
13 12 0
13 17 0
13 19 0
13 38 0
14 1 0
14 10 0
14 12 0
15 8 0
15 39 0
15 40 0
15 41 0
16 8 0
16 42 0
16 43 0
16 44 0
17 13 0
17 18 0
17 20 0
18 6 0
18 17 0
18 21 0
19 13 0
19 22 0
19 23 0
20 3 0
20 7 0
20 17 0
21 18 0
21 46 0
21 47 0
21 48 0
22 19 0
22 24 0
22 49 0
23 0 0
23 19 0
23 25 0
24 2 0
24 22 0
24 26 0
25 23 0
25 26 0
25 50 0
26 4 0
26 24 0
26 25 0
27 7 0
27 28 0
27 29 0
28 5 0
28 27 0
28 30 0
29 27 0
29 31 0
29 52 0
30 28 0
30 32 0
30 53 0
31 29 0
31 32 0
31 54 0
32 30 0
32 31 0
32 55 0
33 5 0
33 56 0
33 57 0
33 58 0
34 9 0
35 9 0
36 10 0
37 10 0
38 13 0
39 15 0
40 15 0
41 15 0
42 16 0
43 16 0
44 16 0
45 6 0
46 21 0
47 21 0
48 21 0
49 22 0
50 25 0
51 7 0
52 29 0
53 30 0
54 31 0
55 32 0
56 33 0
57 33 0
58 33 0
GraphDataEnd
GraphEnd
NodeEnd
NodeStart
EPTNodeID: 9
AnchorID: 16517
TreeNodeGraphID: 39
Level: 8
SimplifiedLevel: 0
EditOperation: 0 4 0 2 5
AccumulatedOpsCount: 2
AccumulatedOp: 0 28 0 4 5
AccumulatedOp: 0 4 0 2 5
ChildrenCount: 0
ChildIndices:
CompletedDBGraphIDsCount: 2
CompletedDBGraphID: 17033
CompletedDBGraphID: 4812
GraphStart
GraphDataStart
ID: 39
NumNodes: 60
NumEdges: 126
NodeLabels
5 2 2 2 5 2 3 3 4 4 4 4 4 4 4 4 4 4 4 4 4 4 4 4 4 4 4 4 5 4 4 4 4 4 4 5 5 5 5 5 5 5 5 5 5 5 5 5 5 5 5 5 5 5 5 5 5 5 5 5 
Edges
0 23 0
1 14 0
2 24 0
2 28 0
3 20 0
4 26 0
5 29 0
5 34 0
6 11 0
6 18 0
6 46 0
7 20 0
7 27 0
7 52 0
8 9 0
8 10 0
8 15 0
8 16 0
9 8 0
9 11 0
9 35 0
9 36 0
10 8 0
10 14 0
10 37 0
10 38 0
11 6 0
11 9 0
11 12 0
12 11 0
12 13 0
12 14 0
13 12 0
13 17 0
13 19 0
13 39 0
14 1 0
14 10 0
14 12 0
15 8 0
15 40 0
15 41 0
15 42 0
16 8 0
16 43 0
16 44 0
16 45 0
17 13 0
17 18 0
17 20 0
18 6 0
18 17 0
18 21 0
19 13 0
19 22 0
19 23 0
20 3 0
20 7 0
20 17 0
21 18 0
21 47 0
21 48 0
21 49 0
22 19 0
22 24 0
22 50 0
23 0 0
23 19 0
23 25 0
24 2 0
24 22 0
24 26 0
25 23 0
25 26 0
25 51 0
26 4 0
26 24 0
26 25 0
27 7 0
27 29 0
27 30 0
28 2 0
29 5 0
29 27 0
29 31 0
30 27 0
30 32 0
30 53 0
31 29 0
31 33 0
31 54 0
32 30 0
32 33 0
32 55 0
33 31 0
33 32 0
33 56 0
34 5 0
34 57 0
34 58 0
34 59 0
35 9 0
36 9 0
37 10 0
38 10 0
39 13 0
40 15 0
41 15 0
42 15 0
43 16 0
44 16 0
45 16 0
46 6 0
47 21 0
48 21 0
49 21 0
50 22 0
51 25 0
52 7 0
53 30 0
54 31 0
55 32 0
56 33 0
57 34 0
58 34 0
59 34 0
GraphDataEnd
GraphEnd
NodeEnd
NodeStart
EPTNodeID: 10
AnchorID: 16517
TreeNodeGraphID: 40
Level: 2
SimplifiedLevel: 0
EditOperation: 2 62 0 0 5
AccumulatedOpsCount: 1
AccumulatedOp: 2 62 0 0 5
ChildrenCount: 2
ChildIndices: 11 12
CompletedDBGraphIDsCount: 0
GraphStart
GraphDataStart
ID: 40
NumNodes: 63
NumEdges: 130
NodeLabels
8 2 2 2 2 2 3 3 4 4 4 4 4 4 4 4 4 4 4 4 4 4 4 4 4 4 4 4 4 4 4 4 4 4 4 5 5 5 5 5 5 5 5 5 5 5 5 5 5 5 5 5 5 5 5 5 5 5 5 5 5 5 5 
Edges
0 23 0
1 14 0
2 24 0
2 28 0
3 20 0
4 26 0
5 29 0
5 34 0
6 11 0
6 18 0
6 46 0
7 20 0
7 27 0
7 52 0
8 9 0
8 10 0
8 15 0
8 16 0
9 8 0
9 11 0
9 35 0
9 36 0
10 8 0
10 14 0
10 37 0
10 38 0
11 6 0
11 9 0
11 12 0
12 11 0
12 13 0
12 14 0
13 12 0
13 17 0
13 19 0
13 39 0
14 1 0
14 10 0
14 12 0
15 8 0
15 40 0
15 41 0
15 42 0
16 8 0
16 43 0
16 44 0
16 45 0
17 13 0
17 18 0
17 20 0
18 6 0
18 17 0
18 21 0
19 13 0
19 22 0
19 23 0
20 3 0
20 7 0
20 17 0
21 18 0
21 47 0
21 48 0
21 49 0
22 19 0
22 24 0
22 50 0
23 0 0
23 19 0
23 25 0
24 2 0
24 22 0
24 26 0
25 23 0
25 26 0
25 51 0
26 4 0
26 24 0
26 25 0
27 7 0
27 29 0
27 30 0
28 2 0
28 53 0
28 54 0
29 5 0
29 27 0
29 31 0
30 27 0
30 32 0
30 55 0
31 29 0
31 33 0
31 56 0
32 30 0
32 33 0
32 57 0
33 31 0
33 32 0
33 58 0
34 5 0
34 59 0
34 60 0
34 61 0
35 9 0
36 9 0
37 10 0
38 10 0
39 13 0
40 15 0
41 15 0
42 15 0
43 16 0
44 16 0
45 16 0
46 6 0
47 21 0
48 21 0
49 21 0
50 22 0
51 25 0
52 7 0
53 28 0
54 28 0
55 30 0
56 31 0
57 32 0
58 33 0
59 34 0
60 34 0
61 34 0
GraphDataEnd
GraphEnd
NodeEnd
NodeStart
EPTNodeID: 11
AnchorID: 16517
TreeNodeGraphID: 50
Level: 12
SimplifiedLevel: 0
EditOperation: 5 10 28 0 0
AccumulatedOpsCount: 10
AccumulatedOp: 0 4 0 2 5
AccumulatedOp: 0 0 0 8 2
AccumulatedOp: 5 9 28 0 0
AccumulatedOp: 0 2 0 2 5
AccumulatedOp: 4 8 10 0 0
AccumulatedOp: 4 2 28 0 0
AccumulatedOp: 5 0 8 0 0
AccumulatedOp: 4 8 9 0 0
AccumulatedOp: 5 8 62 0 0
AccumulatedOp: 5 10 28 0 0
ChildrenCount: 0
ChildIndices:
CompletedDBGraphIDsCount: 2
CompletedDBGraphID: 15029
CompletedDBGraphID: 4335
GraphStart
GraphDataStart
ID: 50
NumNodes: 63
NumEdges: 132
NodeLabels
2 2 5 2 5 2 3 3 4 4 4 4 4 4 4 4 4 4 4 4 4 4 4 4 4 4 4 4 4 4 4 4 4 4 4 5 5 5 5 5 5 5 5 5 5 5 5 5 5 5 5 5 5 5 5 5 5 5 5 5 5 5 5 
Edges
0 23 0
0 8 0
1 14 0
2 24 0
3 20 0
4 26 0
5 29 0
5 34 0
6 11 0
6 18 0
6 46 0
7 20 0
7 27 0
7 52 0
8 15 0
8 16 0
8 0 0
8 62 0
9 11 0
9 35 0
9 36 0
9 28 0
10 14 0
10 37 0
10 38 0
10 28 0
11 6 0
11 9 0
11 12 0
12 11 0
12 13 0
12 14 0
13 12 0
13 17 0
13 19 0
13 39 0
14 1 0
14 10 0
14 12 0
15 8 0
15 40 0
15 41 0
15 42 0
16 8 0
16 43 0
16 44 0
16 45 0
17 13 0
17 18 0
17 20 0
18 6 0
18 17 0
18 21 0
19 13 0
19 22 0
19 23 0
20 3 0
20 7 0
20 17 0
21 18 0
21 47 0
21 48 0
21 49 0
22 19 0
22 24 0
22 50 0
23 0 0
23 19 0
23 25 0
24 2 0
24 22 0
24 26 0
25 23 0
25 26 0
25 51 0
26 4 0
26 24 0
26 25 0
27 7 0
27 29 0
27 30 0
28 53 0
28 54 0
28 9 0
28 10 0
29 5 0
29 27 0
29 31 0
30 27 0
30 32 0
30 55 0
31 29 0
31 33 0
31 56 0
32 30 0
32 33 0
32 57 0
33 31 0
33 32 0
33 58 0
34 5 0
34 59 0
34 60 0
34 61 0
35 9 0
36 9 0
37 10 0
38 10 0
39 13 0
40 15 0
41 15 0
42 15 0
43 16 0
44 16 0
45 16 0
46 6 0
47 21 0
48 21 0
49 21 0
50 22 0
51 25 0
52 7 0
53 28 0
54 28 0
55 30 0
56 31 0
57 32 0
58 33 0
59 34 0
60 34 0
61 34 0
62 8 0
GraphDataEnd
GraphEnd
NodeEnd
NodeStart
EPTNodeID: 12
AnchorID: 16517
TreeNodeGraphID: 60
Level: 12
SimplifiedLevel: 0
EditOperation: 5 5 65 0 0
AccumulatedOpsCount: 10
AccumulatedOp: 0 5 0 2 4
AccumulatedOp: 2 63 0 0 5
AccumulatedOp: 2 64 0 0 5
AccumulatedOp: 2 65 0 0 5
AccumulatedOp: 5 4 34 0 0
AccumulatedOp: 4 5 34 0 0
AccumulatedOp: 5 5 63 0 0
AccumulatedOp: 5 28 62 0 0
AccumulatedOp: 5 5 64 0 0
AccumulatedOp: 5 5 65 0 0
ChildrenCount: 0
ChildIndices:
CompletedDBGraphIDsCount: 2
CompletedDBGraphID: 21327
CompletedDBGraphID: 17032
GraphStart
GraphDataStart
ID: 60
NumNodes: 66
NumEdges: 138
NodeLabels
8 2 2 2 2 4 3 3 4 4 4 4 4 4 4 4 4 4 4 4 4 4 4 4 4 4 4 4 4 4 4 4 4 4 4 5 5 5 5 5 5 5 5 5 5 5 5 5 5 5 5 5 5 5 5 5 5 5 5 5 5 5 5 5 5 5 
Edges
0 23 0
1 14 0
2 24 0
2 28 0
3 20 0
4 26 0
4 34 0
5 29 0
5 63 0
5 64 0
5 65 0
6 11 0
6 18 0
6 46 0
7 20 0
7 27 0
7 52 0
8 9 0
8 10 0
8 15 0
8 16 0
9 8 0
9 11 0
9 35 0
9 36 0
10 8 0
10 14 0
10 37 0
10 38 0
11 6 0
11 9 0
11 12 0
12 11 0
12 13 0
12 14 0
13 12 0
13 17 0
13 19 0
13 39 0
14 1 0
14 10 0
14 12 0
15 8 0
15 40 0
15 41 0
15 42 0
16 8 0
16 43 0
16 44 0
16 45 0
17 13 0
17 18 0
17 20 0
18 6 0
18 17 0
18 21 0
19 13 0
19 22 0
19 23 0
20 3 0
20 7 0
20 17 0
21 18 0
21 47 0
21 48 0
21 49 0
22 19 0
22 24 0
22 50 0
23 0 0
23 19 0
23 25 0
24 2 0
24 22 0
24 26 0
25 23 0
25 26 0
25 51 0
26 4 0
26 24 0
26 25 0
27 7 0
27 29 0
27 30 0
28 2 0
28 53 0
28 54 0
28 62 0
29 5 0
29 27 0
29 31 0
30 27 0
30 32 0
30 55 0
31 29 0
31 33 0
31 56 0
32 30 0
32 33 0
32 57 0
33 31 0
33 32 0
33 58 0
34 59 0
34 60 0
34 61 0
34 4 0
35 9 0
36 9 0
37 10 0
38 10 0
39 13 0
40 15 0
41 15 0
42 15 0
43 16 0
44 16 0
45 16 0
46 6 0
47 21 0
48 21 0
49 21 0
50 22 0
51 25 0
52 7 0
53 28 0
54 28 0
55 30 0
56 31 0
57 32 0
58 33 0
59 34 0
60 34 0
61 34 0
62 28 0
63 5 0
64 5 0
65 5 0
GraphDataEnd
GraphEnd
NodeEnd
NodeStart
EPTNodeID: 13
AnchorID: 16517
TreeNodeGraphID: 69
Level: 10
SimplifiedLevel: 0
EditOperation: 5 28 43 0 0
AccumulatedOpsCount: 9
AccumulatedOp: 4 16 44 0 0
AccumulatedOp: 0 16 0 4 5
AccumulatedOp: 4 8 15 0 0
AccumulatedOp: 4 16 43 0 0
AccumulatedOp: 5 8 44 0 0
AccumulatedOp: 4 16 45 0 0
AccumulatedOp: 1 45 0 5 0
AccumulatedOp: 5 4 15 0 0
AccumulatedOp: 5 28 43 0 0
ChildrenCount: 0
ChildIndices:
CompletedDBGraphIDsCount: 2
CompletedDBGraphID: 18237
CompletedDBGraphID: 14321
GraphStart
GraphDataStart
ID: 69
NumNodes: 61
NumEdges: 128
NodeLabels
8 2 2 2 2 2 3 3 4 4 4 4 4 4 4 4 5 4 4 4 4 4 4 4 4 4 4 4 4 4 4 4 4 4 4 5 5 5 5 5 5 5 5 5 5 5 5 5 5 5 5 5 5 5 5 5 5 5 5 5 5 
Edges
0 23 0
1 14 0
2 24 0
2 28 0
3 20 0
4 26 0
4 15 0
5 29 0
5 34 0
6 11 0
6 18 0
6 45 0
7 20 0
7 27 0
7 51 0
8 9 0
8 10 0
8 16 0
8 44 0
9 8 0
9 11 0
9 35 0
9 36 0
10 8 0
10 14 0
10 37 0
10 38 0
11 6 0
11 9 0
11 12 0
12 11 0
12 13 0
12 14 0
13 12 0
13 17 0
13 19 0
13 39 0
14 1 0
14 10 0
14 12 0
15 40 0
15 41 0
15 42 0
15 4 0
16 8 0
17 13 0
17 18 0
17 20 0
18 6 0
18 17 0
18 21 0
19 13 0
19 22 0
19 23 0
20 3 0
20 7 0
20 17 0
21 18 0
21 46 0
21 47 0
21 48 0
22 19 0
22 24 0
22 49 0
23 0 0
23 19 0
23 25 0
24 2 0
24 22 0
24 26 0
25 23 0
25 26 0
25 50 0
26 4 0
26 24 0
26 25 0
27 7 0
27 29 0
27 30 0
28 2 0
28 52 0
28 53 0
28 43 0
29 5 0
29 27 0
29 31 0
30 27 0
30 32 0
30 54 0
31 29 0
31 33 0
31 55 0
32 30 0
32 33 0
32 56 0
33 31 0
33 32 0
33 57 0
34 5 0
34 58 0
34 59 0
34 60 0
35 9 0
36 9 0
37 10 0
38 10 0
39 13 0
40 15 0
41 15 0
42 15 0
43 28 0
44 8 0
45 6 0
46 21 0
47 21 0
48 21 0
49 22 0
50 25 0
51 7 0
52 28 0
53 28 0
54 30 0
55 31 0
56 32 0
57 33 0
58 34 0
59 34 0
60 34 0
GraphDataEnd
GraphEnd
NodeEnd
NodeStart
EPTNodeID: 14
AnchorID: 16517
TreeNodeGraphID: 74
Level: 5
SimplifiedLevel: 0
EditOperation: 5 28 62 0 0
AccumulatedOpsCount: 5
AccumulatedOp: 0 0 0 8 5
AccumulatedOp: 0 2 0 2 5
AccumulatedOp: 2 62 0 0 5
AccumulatedOp: 4 2 28 0 0
AccumulatedOp: 5 28 62 0 0
ChildrenCount: 0
ChildIndices:
CompletedDBGraphIDsCount: 1
CompletedDBGraphID: 14749
GraphStart
GraphDataStart
ID: 74
NumNodes: 63
NumEdges: 132
NodeLabels
5 2 5 2 2 2 3 3 4 4 4 4 4 4 4 4 4 4 4 4 4 4 4 4 4 4 4 4 4 4 4 4 4 4 4 5 5 5 5 5 5 5 5 5 5 5 5 5 5 5 5 5 5 5 5 5 5 5 5 5 5 5 5 
Edges
0 23 0
1 14 0
2 24 0
3 20 0
4 26 0
4 28 0
5 29 0
5 34 0
6 11 0
6 18 0
6 46 0
7 20 0
7 27 0
7 52 0
8 9 0
8 10 0
8 15 0
8 16 0
9 8 0
9 11 0
9 35 0
9 36 0
10 8 0
10 14 0
10 37 0
10 38 0
11 6 0
11 9 0
11 12 0
12 11 0
12 13 0
12 14 0
13 12 0
13 17 0
13 19 0
13 39 0
14 1 0
14 10 0
14 12 0
15 8 0
15 40 0
15 41 0
15 42 0
16 8 0
16 43 0
16 44 0
16 45 0
17 13 0
17 18 0
17 20 0
18 6 0
18 17 0
18 21 0
19 13 0
19 22 0
19 23 0
20 3 0
20 7 0
20 17 0
21 18 0
21 47 0
21 48 0
21 49 0
22 19 0
22 24 0
22 50 0
23 0 0
23 19 0
23 25 0
24 2 0
24 22 0
24 26 0
25 23 0
25 26 0
25 51 0
26 4 0
26 24 0
26 25 0
27 7 0
27 29 0
27 30 0
28 4 0
28 53 0
28 54 0
28 62 0
29 5 0
29 27 0
29 31 0
30 27 0
30 32 0
30 55 0
31 29 0
31 33 0
31 56 0
32 30 0
32 33 0
32 57 0
33 31 0
33 32 0
33 58 0
34 5 0
34 59 0
34 60 0
34 61 0
35 9 0
36 9 0
37 10 0
38 10 0
39 13 0
40 15 0
41 15 0
42 15 0
43 16 0
44 16 0
45 16 0
46 6 0
47 21 0
48 21 0
49 21 0
50 22 0
51 25 0
52 7 0
53 28 0
54 28 0
55 30 0
56 31 0
57 32 0
58 33 0
59 34 0
60 34 0
61 34 0
62 28 0
GraphDataEnd
GraphEnd
NodeEnd
END_EPT
