BEGIN_EPT
AnchorID: 8583  # ID of the anchor node
RootIndex: 0  # Index of the root node in tree_nodes
NodeCount: 5  # Total number of nodes in the EPT
NodeStart
EPTNodeID: 0
AnchorID: 8583
TreeNodeGraphID: 0
Level: 0
SimplifiedLevel: 0
EditOperation: -1 0 -1 0 0
AccumulatedOpsCount: 0
ChildrenCount: 2
ChildIndices: 1 4
CompletedDBGraphIDsCount: 1
CompletedDBGraphID: 6753
GraphStart
GraphDataStart
ID: 0
NumNodes: 68
NumEdges: 142
NodeLabels
6 2 2 2 3 3 3 3 3 4 4 4 4 4 4 4 4 4 4 4 4 4 4 4 4 4 4 4 4 4 4 4 4 4 4 5 5 5 5 5 5 5 5 5 5 5 5 5 5 5 5 5 5 5 5 5 5 5 5 5 5 5 5 5 5 5 5 5 
Edges
0 15 0
0 18 0
1 9 0
1 13 0
2 25 0
3 32 0
3 33 0
4 12 0
4 14 0
4 15 0
5 6 0
5 14 0
6 5 0
6 15 0
7 16 0
7 17 0
7 46 0
8 25 0
8 27 0
8 58 0
9 1 0
9 10 0
9 12 0
9 35 0
10 9 0
10 11 0
10 36 0
10 37 0
11 10 0
11 13 0
11 38 0
11 39 0
12 4 0
12 9 0
12 40 0
12 41 0
13 1 0
13 11 0
13 42 0
13 43 0
14 4 0
14 5 0
14 16 0
15 0 0
15 4 0
15 6 0
16 7 0
16 14 0
16 44 0
16 45 0
17 7 0
17 19 0
17 20 0
18 0 0
18 25 0
18 47 0
18 48 0
19 17 0
19 21 0
19 24 0
20 17 0
20 23 0
20 49 0
21 19 0
21 22 0
21 50 0
22 21 0
22 23 0
22 26 0
23 20 0
23 22 0
23 51 0
24 19 0
24 52 0
24 53 0
24 54 0
25 2 0
25 8 0
25 18 0
26 22 0
26 55 0
26 56 0
26 57 0
27 8 0
27 28 0
27 29 0
28 27 0
28 30 0
28 59 0
29 27 0
29 31 0
29 60 0
30 28 0
30 32 0
30 61 0
31 29 0
31 32 0
31 62 0
32 3 0
32 30 0
32 31 0
33 3 0
33 34 0
33 63 0
33 64 0
34 33 0
34 65 0
34 66 0
34 67 0
35 9 0
36 10 0
37 10 0
38 11 0
39 11 0
40 12 0
41 12 0
42 13 0
43 13 0
44 16 0
45 16 0
46 7 0
47 18 0
48 18 0
49 20 0
50 21 0
51 23 0
52 24 0
53 24 0
54 24 0
55 26 0
56 26 0
57 26 0
58 8 0
59 28 0
60 29 0
61 30 0
62 31 0
63 33 0
64 33 0
65 34 0
66 34 0
67 34 0
GraphDataEnd
GraphEnd
NodeEnd
NodeStart
EPTNodeID: 1
AnchorID: 8583
TreeNodeGraphID: 2
Level: 2
SimplifiedLevel: 0
EditOperation: 5 32 33 0 0
AccumulatedOpsCount: 2
AccumulatedOp: 4 3 32 0 0
AccumulatedOp: 5 32 33 0 0
ChildrenCount: 2
ChildIndices: 2 3
CompletedDBGraphIDsCount: 0
GraphStart
GraphDataStart
ID: 2
NumNodes: 68
NumEdges: 142
NodeLabels
6 2 2 2 3 3 3 3 3 4 4 4 4 4 4 4 4 4 4 4 4 4 4 4 4 4 4 4 4 4 4 4 4 4 4 5 5 5 5 5 5 5 5 5 5 5 5 5 5 5 5 5 5 5 5 5 5 5 5 5 5 5 5 5 5 5 5 5 
Edges
0 15 0
0 18 0
1 9 0
1 13 0
2 25 0
3 33 0
4 12 0
4 14 0
4 15 0
5 6 0
5 14 0
6 5 0
6 15 0
7 16 0
7 17 0
7 46 0
8 25 0
8 27 0
8 58 0
9 1 0
9 10 0
9 12 0
9 35 0
10 9 0
10 11 0
10 36 0
10 37 0
11 10 0
11 13 0
11 38 0
11 39 0
12 4 0
12 9 0
12 40 0
12 41 0
13 1 0
13 11 0
13 42 0
13 43 0
14 4 0
14 5 0
14 16 0
15 0 0
15 4 0
15 6 0
16 7 0
16 14 0
16 44 0
16 45 0
17 7 0
17 19 0
17 20 0
18 0 0
18 25 0
18 47 0
18 48 0
19 17 0
19 21 0
19 24 0
20 17 0
20 23 0
20 49 0
21 19 0
21 22 0
21 50 0
22 21 0
22 23 0
22 26 0
23 20 0
23 22 0
23 51 0
24 19 0
24 52 0
24 53 0
24 54 0
25 2 0
25 8 0
25 18 0
26 22 0
26 55 0
26 56 0
26 57 0
27 8 0
27 28 0
27 29 0
28 27 0
28 30 0
28 59 0
29 27 0
29 31 0
29 60 0
30 28 0
30 32 0
30 61 0
31 29 0
31 32 0
31 62 0
32 30 0
32 31 0
32 33 0
33 3 0
33 34 0
33 63 0
33 64 0
33 32 0
34 33 0
34 65 0
34 66 0
34 67 0
35 9 0
36 10 0
37 10 0
38 11 0
39 11 0
40 12 0
41 12 0
42 13 0
43 13 0
44 16 0
45 16 0
46 7 0
47 18 0
48 18 0
49 20 0
50 21 0
51 23 0
52 24 0
53 24 0
54 24 0
55 26 0
56 26 0
57 26 0
58 8 0
59 28 0
60 29 0
61 30 0
62 31 0
63 33 0
64 33 0
65 34 0
66 34 0
67 34 0
GraphDataEnd
GraphEnd
NodeEnd
NodeStart
EPTNodeID: 2
AnchorID: 8583
TreeNodeGraphID: 6
Level: 6
SimplifiedLevel: 0
EditOperation: 1 63 0 5 0
AccumulatedOpsCount: 4
AccumulatedOp: 4 33 64 0 0
AccumulatedOp: 1 64 0 5 0
AccumulatedOp: 4 33 63 0 0
AccumulatedOp: 1 63 0 5 0
ChildrenCount: 0
ChildIndices:
CompletedDBGraphIDsCount: 2
CompletedDBGraphID: 6543
CompletedDBGraphID: 15378
GraphStart
GraphDataStart
ID: 6
NumNodes: 66
NumEdges: 138
NodeLabels
6 2 2 2 3 3 3 3 3 4 4 4 4 4 4 4 4 4 4 4 4 4 4 4 4 4 4 4 4 4 4 4 4 4 4 5 5 5 5 5 5 5 5 5 5 5 5 5 5 5 5 5 5 5 5 5 5 5 5 5 5 5 5 5 5 5 
Edges
0 15 0
0 18 0
1 9 0
1 13 0
2 25 0
3 33 0
4 12 0
4 14 0
4 15 0
5 6 0
5 14 0
6 5 0
6 15 0
7 16 0
7 17 0
7 46 0
8 25 0
8 27 0
8 58 0
9 1 0
9 10 0
9 12 0
9 35 0
10 9 0
10 11 0
10 36 0
10 37 0
11 10 0
11 13 0
11 38 0
11 39 0
12 4 0
12 9 0
12 40 0
12 41 0
13 1 0
13 11 0
13 42 0
13 43 0
14 4 0
14 5 0
14 16 0
15 0 0
15 4 0
15 6 0
16 7 0
16 14 0
16 44 0
16 45 0
17 7 0
17 19 0
17 20 0
18 0 0
18 25 0
18 47 0
18 48 0
19 17 0
19 21 0
19 24 0
20 17 0
20 23 0
20 49 0
21 19 0
21 22 0
21 50 0
22 21 0
22 23 0
22 26 0
23 20 0
23 22 0
23 51 0
24 19 0
24 52 0
24 53 0
24 54 0
25 2 0
25 8 0
25 18 0
26 22 0
26 55 0
26 56 0
26 57 0
27 8 0
27 28 0
27 29 0
28 27 0
28 30 0
28 59 0
29 27 0
29 31 0
29 60 0
30 28 0
30 32 0
30 61 0
31 29 0
31 32 0
31 62 0
32 30 0
32 31 0
32 33 0
33 3 0
33 34 0
33 32 0
34 33 0
34 63 0
34 64 0
34 65 0
35 9 0
36 10 0
37 10 0
38 11 0
39 11 0
40 12 0
41 12 0
42 13 0
43 13 0
44 16 0
45 16 0
46 7 0
47 18 0
48 18 0
49 20 0
50 21 0
51 23 0
52 24 0
53 24 0
54 24 0
55 26 0
56 26 0
57 26 0
58 8 0
59 28 0
60 29 0
61 30 0
62 31 0
63 34 0
64 34 0
65 34 0
GraphDataEnd
GraphEnd
NodeEnd
NodeStart
EPTNodeID: 3
AnchorID: 8583
TreeNodeGraphID: 8
Level: 4
SimplifiedLevel: 0
EditOperation: 1 3 0 2 0
AccumulatedOpsCount: 2
AccumulatedOp: 4 3 33 0 0
AccumulatedOp: 1 3 0 2 0
ChildrenCount: 0
ChildIndices:
CompletedDBGraphIDsCount: 2
CompletedDBGraphID: 16006
CompletedDBGraphID: 20634
GraphStart
GraphDataStart
ID: 8
NumNodes: 67
NumEdges: 140
NodeLabels
6 2 2 3 3 3 3 3 4 4 4 4 4 4 4 4 4 4 4 4 4 4 4 4 4 4 4 4 4 4 4 4 4 4 5 5 5 5 5 5 5 5 5 5 5 5 5 5 5 5 5 5 5 5 5 5 5 5 5 5 5 5 5 5 5 5 5 
Edges
0 14 0
0 17 0
1 8 0
1 12 0
2 24 0
3 11 0
3 13 0
3 14 0
4 5 0
4 13 0
5 4 0
5 14 0
6 15 0
6 16 0
6 45 0
7 24 0
7 26 0
7 57 0
8 1 0
8 9 0
8 11 0
8 34 0
9 8 0
9 10 0
9 35 0
9 36 0
10 9 0
10 12 0
10 37 0
10 38 0
11 3 0
11 8 0
11 39 0
11 40 0
12 1 0
12 10 0
12 41 0
12 42 0
13 3 0
13 4 0
13 15 0
14 0 0
14 3 0
14 5 0
15 6 0
15 13 0
15 43 0
15 44 0
16 6 0
16 18 0
16 19 0
17 0 0
17 24 0
17 46 0
17 47 0
18 16 0
18 20 0
18 23 0
19 16 0
19 22 0
19 48 0
20 18 0
20 21 0
20 49 0
21 20 0
21 22 0
21 25 0
22 19 0
22 21 0
22 50 0
23 18 0
23 51 0
23 52 0
23 53 0
24 2 0
24 7 0
24 17 0
25 21 0
25 54 0
25 55 0
25 56 0
26 7 0
26 27 0
26 28 0
27 26 0
27 29 0
27 58 0
28 26 0
28 30 0
28 59 0
29 27 0
29 31 0
29 60 0
30 28 0
30 31 0
30 61 0
31 29 0
31 30 0
31 32 0
32 33 0
32 62 0
32 63 0
32 31 0
33 32 0
33 64 0
33 65 0
33 66 0
34 8 0
35 9 0
36 9 0
37 10 0
38 10 0
39 11 0
40 11 0
41 12 0
42 12 0
43 15 0
44 15 0
45 6 0
46 17 0
47 17 0
48 19 0
49 20 0
50 22 0
51 23 0
52 23 0
53 23 0
54 25 0
55 25 0
56 25 0
57 7 0
58 27 0
59 28 0
60 29 0
61 30 0
62 32 0
63 32 0
64 33 0
65 33 0
66 33 0
GraphDataEnd
GraphEnd
NodeEnd
NodeStart
EPTNodeID: 4
AnchorID: 8583
TreeNodeGraphID: 21
Level: 13
SimplifiedLevel: 0
EditOperation: 5 8 17 0 0
AccumulatedOpsCount: 13
AccumulatedOp: 4 3 33 0 0
AccumulatedOp: 0 3 0 2 1
AccumulatedOp: 5 22 54 0 0
AccumulatedOp: 5 20 33 0 0
AccumulatedOp: 4 22 26 0 0
AccumulatedOp: 4 7 17 0 0
AccumulatedOp: 4 24 54 0 0
AccumulatedOp: 5 24 26 0 0
AccumulatedOp: 4 8 27 0 0
AccumulatedOp: 5 7 27 0 0
AccumulatedOp: 4 20 49 0 0
AccumulatedOp: 1 49 0 5 0
AccumulatedOp: 5 8 17 0 0
ChildrenCount: 0
ChildIndices:
CompletedDBGraphIDsCount: 2
CompletedDBGraphID: 22617
CompletedDBGraphID: 6073
GraphStart
GraphDataStart
ID: 21
NumNodes: 67
NumEdges: 140
NodeLabels
6 2 2 1 3 3 3 3 3 4 4 4 4 4 4 4 4 4 4 4 4 4 4 4 4 4 4 4 4 4 4 4 4 4 4 5 5 5 5 5 5 5 5 5 5 5 5 5 5 5 5 5 5 5 5 5 5 5 5 5 5 5 5 5 5 5 5 
Edges
0 15 0
0 18 0
1 9 0
1 13 0
2 25 0
3 32 0
4 12 0
4 14 0
4 15 0
5 6 0
5 14 0
6 5 0
6 15 0
7 16 0
7 46 0
7 27 0
8 25 0
8 57 0
8 17 0
9 1 0
9 10 0
9 12 0
9 35 0
10 9 0
10 11 0
10 36 0
10 37 0
11 10 0
11 13 0
11 38 0
11 39 0
12 4 0
12 9 0
12 40 0
12 41 0
13 1 0
13 11 0
13 42 0
13 43 0
14 4 0
14 5 0
14 16 0
15 0 0
15 4 0
15 6 0
16 7 0
16 14 0
16 44 0
16 45 0
17 19 0
17 20 0
17 8 0
18 0 0
18 25 0
18 47 0
18 48 0
19 17 0
19 21 0
19 24 0
20 17 0
20 23 0
20 33 0
21 19 0
21 22 0
21 49 0
22 21 0
22 23 0
22 53 0
23 20 0
23 22 0
23 50 0
24 19 0
24 51 0
24 52 0
24 26 0
25 2 0
25 8 0
25 18 0
26 54 0
26 55 0
26 56 0
26 24 0
27 28 0
27 29 0
27 7 0
28 27 0
28 30 0
28 58 0
29 27 0
29 31 0
29 59 0
30 28 0
30 32 0
30 60 0
31 29 0
31 32 0
31 61 0
32 3 0
32 30 0
32 31 0
33 34 0
33 62 0
33 63 0
33 20 0
34 33 0
34 64 0
34 65 0
34 66 0
35 9 0
36 10 0
37 10 0
38 11 0
39 11 0
40 12 0
41 12 0
42 13 0
43 13 0
44 16 0
45 16 0
46 7 0
47 18 0
48 18 0
49 21 0
50 23 0
51 24 0
52 24 0
53 22 0
54 26 0
55 26 0
56 26 0
57 8 0
58 28 0
59 29 0
60 30 0
61 31 0
62 33 0
63 33 0
64 34 0
65 34 0
66 34 0
GraphDataEnd
GraphEnd
NodeEnd
END_EPT
