BEGIN_EPT
AnchorID: 1130  # ID of the anchor node
RootIndex: 0  # Index of the root node in tree_nodes
NodeCount: 2  # Total number of nodes in the EPT
NodeStart
EPTNodeID: 0
AnchorID: 1130
TreeNodeGraphID: 0
Level: 0
SimplifiedLevel: 0
EditOperation: -1 0 -1 0 0
AccumulatedOpsCount: 0
ChildrenCount: 1
ChildIndices: 1
CompletedDBGraphIDsCount: 0
GraphStart
GraphDataStart
ID: 0
NumNodes: 68
NumEdges: 144
NodeLabels
6 1 1 2 2 2 3 3 3 3 3 4 4 4 4 4 4 4 4 4 4 4 4 4 4 4 4 4 4 4 4 4 4 4 4 4 4 4 4 4 4 5 5 5 5 5 5 5 5 5 5 5 5 5 5 5 5 5 5 5 5 5 5 5 5 5 5 5 
Edges
0 3 0
0 4 0
0 6 0
0 15 0
1 33 0
2 33 0
3 0 0
4 0 0
5 29 0
6 0 0
6 11 0
6 41 0
7 10 0
7 14 0
7 16 0
8 14 0
8 21 0
9 23 0
9 29 0
9 56 0
10 7 0
10 30 0
11 6 0
11 12 0
11 13 0
12 11 0
12 19 0
12 25 0
13 11 0
13 20 0
13 26 0
14 7 0
14 8 0
14 17 0
15 0 0
15 27 0
15 28 0
16 7 0
16 22 0
16 33 0
17 14 0
17 29 0
17 30 0
18 19 0
18 20 0
18 34 0
19 12 0
19 18 0
19 42 0
20 13 0
20 18 0
20 43 0
21 8 0
21 22 0
21 24 0
22 16 0
22 21 0
22 44 0
23 9 0
23 31 0
23 32 0
24 21 0
24 35 0
24 36 0
25 12 0
25 45 0
25 46 0
25 47 0
26 13 0
26 48 0
26 49 0
26 50 0
27 15 0
27 31 0
27 51 0
28 15 0
28 32 0
28 52 0
29 5 0
29 9 0
29 17 0
30 10 0
30 17 0
30 53 0
31 23 0
31 27 0
31 54 0
32 23 0
32 28 0
32 55 0
33 1 0
33 2 0
33 16 0
33 57 0
34 18 0
34 58 0
34 59 0
34 60 0
35 24 0
35 38 0
35 61 0
36 24 0
36 39 0
36 62 0
37 38 0
37 39 0
37 40 0
38 35 0
38 37 0
38 63 0
39 36 0
39 37 0
39 64 0
40 37 0
40 65 0
40 66 0
40 67 0
41 6 0
42 19 0
43 20 0
44 22 0
45 25 0
46 25 0
47 25 0
48 26 0
49 26 0
50 26 0
51 27 0
52 28 0
53 30 0
54 31 0
55 32 0
56 9 0
57 33 0
58 34 0
59 34 0
60 34 0
61 35 0
62 36 0
63 38 0
64 39 0
65 40 0
66 40 0
67 40 0
GraphDataEnd
GraphEnd
NodeEnd
NodeStart
EPTNodeID: 1
AnchorID: 1130
TreeNodeGraphID: 7
Level: 7
SimplifiedLevel: 0
EditOperation: 1 67 0 5 0
AccumulatedOpsCount: 7
AccumulatedOp: 0 40 0 4 5
AccumulatedOp: 4 40 65 0 0
AccumulatedOp: 1 65 0 5 0
AccumulatedOp: 4 40 66 0 0
AccumulatedOp: 1 66 0 5 0
AccumulatedOp: 4 40 67 0 0
AccumulatedOp: 1 67 0 5 0
ChildrenCount: 0
ChildIndices:
CompletedDBGraphIDsCount: 1
CompletedDBGraphID: 240
GraphStart
GraphDataStart
ID: 7
NumNodes: 65
NumEdges: 138
NodeLabels
6 1 1 2 2 2 3 3 3 3 3 4 4 4 4 4 4 4 4 4 4 4 4 4 4 4 4 4 4 4 4 4 4 4 4 4 4 4 4 4 5 5 5 5 5 5 5 5 5 5 5 5 5 5 5 5 5 5 5 5 5 5 5 5 5 
Edges
0 3 0
0 4 0
0 6 0
0 15 0
1 33 0
2 33 0
3 0 0
4 0 0
5 29 0
6 0 0
6 11 0
6 41 0
7 10 0
7 14 0
7 16 0
8 14 0
8 21 0
9 23 0
9 29 0
9 56 0
10 7 0
10 30 0
11 6 0
11 12 0
11 13 0
12 11 0
12 19 0
12 25 0
13 11 0
13 20 0
13 26 0
14 7 0
14 8 0
14 17 0
15 0 0
15 27 0
15 28 0
16 7 0
16 22 0
16 33 0
17 14 0
17 29 0
17 30 0
18 19 0
18 20 0
18 34 0
19 12 0
19 18 0
19 42 0
20 13 0
20 18 0
20 43 0
21 8 0
21 22 0
21 24 0
22 16 0
22 21 0
22 44 0
23 9 0
23 31 0
23 32 0
24 21 0
24 35 0
24 36 0
25 12 0
25 45 0
25 46 0
25 47 0
26 13 0
26 48 0
26 49 0
26 50 0
27 15 0
27 31 0
27 51 0
28 15 0
28 32 0
28 52 0
29 5 0
29 9 0
29 17 0
30 10 0
30 17 0
30 53 0
31 23 0
31 27 0
31 54 0
32 23 0
32 28 0
32 55 0
33 1 0
33 2 0
33 16 0
33 57 0
34 18 0
34 58 0
34 59 0
34 60 0
35 24 0
35 38 0
35 61 0
36 24 0
36 39 0
36 62 0
37 38 0
37 39 0
37 40 0
38 35 0
38 37 0
38 63 0
39 36 0
39 37 0
39 64 0
40 37 0
41 6 0
42 19 0
43 20 0
44 22 0
45 25 0
46 25 0
47 25 0
48 26 0
49 26 0
50 26 0
51 27 0
52 28 0
53 30 0
54 31 0
55 32 0
56 9 0
57 33 0
58 34 0
59 34 0
60 34 0
61 35 0
62 36 0
63 38 0
64 39 0
GraphDataEnd
GraphEnd
NodeEnd
END_EPT
