BEGIN_EPT
AnchorID: 17415  # ID of the anchor node
RootIndex: 0  # Index of the root node in tree_nodes
NodeCount: 15  # Total number of nodes in the EPT
NodeStart
EPTNodeID: 0
AnchorID: 17415
TreeNodeGraphID: 0
Level: 0
SimplifiedLevel: 0
EditOperation: -1 0 -1 0 0
AccumulatedOpsCount: 0
ChildrenCount: 3
ChildIndices: 1 13 14
CompletedDBGraphIDsCount: 1
CompletedDBGraphID: 5814
GraphStart
GraphDataStart
ID: 0
NumNodes: 49
NumEdges: 104
NodeLabels
7 7 6 2 2 2 2 2 3 3 4 4 4 4 4 4 4 4 4 4 4 4 4 4 4 4 4 4 4 4 4 4 4 5 5 5 5 5 5 5 5 5 5 5 5 5 5 5 5 
Edges
0 24 0
1 31 0
2 15 0
2 23 0
3 13 0
4 14 0
5 16 0
5 40 0
6 30 0
6 32 0
7 30 0
8 10 0
8 13 0
8 15 0
9 15 0
9 22 0
10 8 0
10 11 0
10 12 0
10 33 0
11 10 0
11 14 0
11 16 0
12 10 0
12 17 0
12 18 0
13 3 0
13 8 0
13 14 0
14 4 0
14 11 0
14 13 0
15 2 0
15 8 0
15 9 0
16 5 0
16 11 0
16 19 0
17 12 0
17 20 0
17 34 0
18 12 0
18 21 0
18 35 0
19 16 0
19 25 0
19 26 0
20 17 0
20 24 0
20 36 0
21 18 0
21 24 0
21 37 0
22 9 0
22 23 0
22 27 0
23 2 0
23 22 0
23 30 0
24 0 0
24 20 0
24 21 0
25 19 0
25 28 0
25 38 0
26 19 0
26 29 0
26 39 0
27 22 0
27 41 0
27 42 0
27 43 0
28 25 0
28 31 0
28 44 0
29 26 0
29 31 0
29 45 0
30 6 0
30 7 0
30 23 0
31 1 0
31 28 0
31 29 0
32 6 0
32 46 0
32 47 0
32 48 0
33 10 0
34 17 0
35 18 0
36 20 0
37 21 0
38 25 0
39 26 0
40 5 0
41 27 0
42 27 0
43 27 0
44 28 0
45 29 0
46 32 0
47 32 0
48 32 0
GraphDataEnd
GraphEnd
NodeEnd
NodeStart
EPTNodeID: 1
AnchorID: 17415
TreeNodeGraphID: 3
Level: 3
SimplifiedLevel: 0
EditOperation: 2 51 0 0 5
AccumulatedOpsCount: 3
AccumulatedOp: 2 49 0 0 5
AccumulatedOp: 2 50 0 0 5
AccumulatedOp: 2 51 0 0 5
ChildrenCount: 3
ChildIndices: 2 11 12
CompletedDBGraphIDsCount: 0
GraphStart
GraphDataStart
ID: 3
NumNodes: 52
NumEdges: 104
NodeLabels
7 7 6 2 2 2 2 2 3 3 4 4 4 4 4 4 4 4 4 4 4 4 4 4 4 4 4 4 4 4 4 4 4 5 5 5 5 5 5 5 5 5 5 5 5 5 5 5 5 5 5 5 
Edges
0 24 0
1 31 0
2 15 0
2 23 0
3 13 0
4 14 0
5 16 0
5 40 0
6 30 0
6 32 0
7 30 0
8 10 0
8 13 0
8 15 0
9 15 0
9 22 0
10 8 0
10 11 0
10 12 0
10 33 0
11 10 0
11 14 0
11 16 0
12 10 0
12 17 0
12 18 0
13 3 0
13 8 0
13 14 0
14 4 0
14 11 0
14 13 0
15 2 0
15 8 0
15 9 0
16 5 0
16 11 0
16 19 0
17 12 0
17 20 0
17 34 0
18 12 0
18 21 0
18 35 0
19 16 0
19 25 0
19 26 0
20 17 0
20 24 0
20 36 0
21 18 0
21 24 0
21 37 0
22 9 0
22 23 0
22 27 0
23 2 0
23 22 0
23 30 0
24 0 0
24 20 0
24 21 0
25 19 0
25 28 0
25 38 0
26 19 0
26 29 0
26 39 0
27 22 0
27 41 0
27 42 0
27 43 0
28 25 0
28 31 0
28 44 0
29 26 0
29 31 0
29 45 0
30 6 0
30 7 0
30 23 0
31 1 0
31 28 0
31 29 0
32 6 0
32 46 0
32 47 0
32 48 0
33 10 0
34 17 0
35 18 0
36 20 0
37 21 0
38 25 0
39 26 0
40 5 0
41 27 0
42 27 0
43 27 0
44 28 0
45 29 0
46 32 0
47 32 0
48 32 0
GraphDataEnd
GraphEnd
NodeEnd
NodeStart
EPTNodeID: 2
AnchorID: 17415
TreeNodeGraphID: 6
Level: 6
SimplifiedLevel: 0
EditOperation: 0 48 0 5 4
AccumulatedOpsCount: 3
AccumulatedOp: 5 48 51 0 0
AccumulatedOp: 5 48 50 0 0
AccumulatedOp: 0 48 0 5 4
ChildrenCount: 2
ChildIndices: 3 10
CompletedDBGraphIDsCount: 0
GraphStart
GraphDataStart
ID: 6
NumNodes: 52
NumEdges: 108
NodeLabels
7 7 6 2 2 2 2 2 3 3 4 4 4 4 4 4 4 4 4 4 4 4 4 4 4 4 4 4 4 4 4 4 4 5 5 5 5 5 5 5 5 5 5 5 5 5 5 5 4 5 5 5 
Edges
0 24 0
1 31 0
2 15 0
2 23 0
3 13 0
4 14 0
5 16 0
5 40 0
6 30 0
6 32 0
7 30 0
8 10 0
8 13 0
8 15 0
9 15 0
9 22 0
10 8 0
10 11 0
10 12 0
10 33 0
11 10 0
11 14 0
11 16 0
12 10 0
12 17 0
12 18 0
13 3 0
13 8 0
13 14 0
14 4 0
14 11 0
14 13 0
15 2 0
15 8 0
15 9 0
16 5 0
16 11 0
16 19 0
17 12 0
17 20 0
17 34 0
18 12 0
18 21 0
18 35 0
19 16 0
19 25 0
19 26 0
20 17 0
20 24 0
20 36 0
21 18 0
21 24 0
21 37 0
22 9 0
22 23 0
22 27 0
23 2 0
23 22 0
23 30 0
24 0 0
24 20 0
24 21 0
25 19 0
25 28 0
25 38 0
26 19 0
26 29 0
26 39 0
27 22 0
27 41 0
27 42 0
27 43 0
28 25 0
28 31 0
28 44 0
29 26 0
29 31 0
29 45 0
30 6 0
30 7 0
30 23 0
31 1 0
31 28 0
31 29 0
32 6 0
32 46 0
32 47 0
32 48 0
33 10 0
34 17 0
35 18 0
36 20 0
37 21 0
38 25 0
39 26 0
40 5 0
41 27 0
42 27 0
43 27 0
44 28 0
45 29 0
46 32 0
47 32 0
48 32 0
48 51 0
48 50 0
50 48 0
51 48 0
GraphDataEnd
GraphEnd
NodeEnd
NodeStart
EPTNodeID: 3
AnchorID: 17415
TreeNodeGraphID: 7
Level: 7
SimplifiedLevel: 0
EditOperation: 5 48 49 0 0
AccumulatedOpsCount: 1
AccumulatedOp: 5 48 49 0 0
ChildrenCount: 2
ChildIndices: 4 7
CompletedDBGraphIDsCount: 0
GraphStart
GraphDataStart
ID: 7
NumNodes: 52
NumEdges: 110
NodeLabels
7 7 6 2 2 2 2 2 3 3 4 4 4 4 4 4 4 4 4 4 4 4 4 4 4 4 4 4 4 4 4 4 4 5 5 5 5 5 5 5 5 5 5 5 5 5 5 5 4 5 5 5 
Edges
0 24 0
1 31 0
2 15 0
2 23 0
3 13 0
4 14 0
5 16 0
5 40 0
6 30 0
6 32 0
7 30 0
8 10 0
8 13 0
8 15 0
9 15 0
9 22 0
10 8 0
10 11 0
10 12 0
10 33 0
11 10 0
11 14 0
11 16 0
12 10 0
12 17 0
12 18 0
13 3 0
13 8 0
13 14 0
14 4 0
14 11 0
14 13 0
15 2 0
15 8 0
15 9 0
16 5 0
16 11 0
16 19 0
17 12 0
17 20 0
17 34 0
18 12 0
18 21 0
18 35 0
19 16 0
19 25 0
19 26 0
20 17 0
20 24 0
20 36 0
21 18 0
21 24 0
21 37 0
22 9 0
22 23 0
22 27 0
23 2 0
23 22 0
23 30 0
24 0 0
24 20 0
24 21 0
25 19 0
25 28 0
25 38 0
26 19 0
26 29 0
26 39 0
27 22 0
27 41 0
27 42 0
27 43 0
28 25 0
28 31 0
28 44 0
29 26 0
29 31 0
29 45 0
30 6 0
30 7 0
30 23 0
31 1 0
31 28 0
31 29 0
32 6 0
32 46 0
32 47 0
32 48 0
33 10 0
34 17 0
35 18 0
36 20 0
37 21 0
38 25 0
39 26 0
40 5 0
41 27 0
42 27 0
43 27 0
44 28 0
45 29 0
46 32 0
47 32 0
48 32 0
48 51 0
48 50 0
48 49 0
49 48 0
50 48 0
51 48 0
GraphDataEnd
GraphEnd
NodeEnd
NodeStart
EPTNodeID: 4
AnchorID: 17415
TreeNodeGraphID: 8
Level: 8
SimplifiedLevel: 0
EditOperation: 0 0 0 7 5
AccumulatedOpsCount: 1
AccumulatedOp: 0 0 0 7 5
ChildrenCount: 2
ChildIndices: 5 6
CompletedDBGraphIDsCount: 1
CompletedDBGraphID: 9568
GraphStart
GraphDataStart
ID: 8
NumNodes: 52
NumEdges: 110
NodeLabels
5 7 6 2 2 2 2 2 3 3 4 4 4 4 4 4 4 4 4 4 4 4 4 4 4 4 4 4 4 4 4 4 4 5 5 5 5 5 5 5 5 5 5 5 5 5 5 5 4 5 5 5 
Edges
0 24 0
1 31 0
2 15 0
2 23 0
3 13 0
4 14 0
5 16 0
5 40 0
6 30 0
6 32 0
7 30 0
8 10 0
8 13 0
8 15 0
9 15 0
9 22 0
10 8 0
10 11 0
10 12 0
10 33 0
11 10 0
11 14 0
11 16 0
12 10 0
12 17 0
12 18 0
13 3 0
13 8 0
13 14 0
14 4 0
14 11 0
14 13 0
15 2 0
15 8 0
15 9 0
16 5 0
16 11 0
16 19 0
17 12 0
17 20 0
17 34 0
18 12 0
18 21 0
18 35 0
19 16 0
19 25 0
19 26 0
20 17 0
20 24 0
20 36 0
21 18 0
21 24 0
21 37 0
22 9 0
22 23 0
22 27 0
23 2 0
23 22 0
23 30 0
24 0 0
24 20 0
24 21 0
25 19 0
25 28 0
25 38 0
26 19 0
26 29 0
26 39 0
27 22 0
27 41 0
27 42 0
27 43 0
28 25 0
28 31 0
28 44 0
29 26 0
29 31 0
29 45 0
30 6 0
30 7 0
30 23 0
31 1 0
31 28 0
31 29 0
32 6 0
32 46 0
32 47 0
32 48 0
33 10 0
34 17 0
35 18 0
36 20 0
37 21 0
38 25 0
39 26 0
40 5 0
41 27 0
42 27 0
43 27 0
44 28 0
45 29 0
46 32 0
47 32 0
48 32 0
48 51 0
48 50 0
48 49 0
49 48 0
50 48 0
51 48 0
GraphDataEnd
GraphEnd
NodeEnd
NodeStart
EPTNodeID: 5
AnchorID: 17415
TreeNodeGraphID: 9
Level: 9
SimplifiedLevel: 0
EditOperation: 0 1 0 7 5
AccumulatedOpsCount: 1
AccumulatedOp: 0 1 0 7 5
ChildrenCount: 0
ChildIndices:
CompletedDBGraphIDsCount: 2
CompletedDBGraphID: 11002
CompletedDBGraphID: 2956
GraphStart
GraphDataStart
ID: 9
NumNodes: 52
NumEdges: 110
NodeLabels
5 5 6 2 2 2 2 2 3 3 4 4 4 4 4 4 4 4 4 4 4 4 4 4 4 4 4 4 4 4 4 4 4 5 5 5 5 5 5 5 5 5 5 5 5 5 5 5 4 5 5 5 
Edges
0 24 0
1 31 0
2 15 0
2 23 0
3 13 0
4 14 0
5 16 0
5 40 0
6 30 0
6 32 0
7 30 0
8 10 0
8 13 0
8 15 0
9 15 0
9 22 0
10 8 0
10 11 0
10 12 0
10 33 0
11 10 0
11 14 0
11 16 0
12 10 0
12 17 0
12 18 0
13 3 0
13 8 0
13 14 0
14 4 0
14 11 0
14 13 0
15 2 0
15 8 0
15 9 0
16 5 0
16 11 0
16 19 0
17 12 0
17 20 0
17 34 0
18 12 0
18 21 0
18 35 0
19 16 0
19 25 0
19 26 0
20 17 0
20 24 0
20 36 0
21 18 0
21 24 0
21 37 0
22 9 0
22 23 0
22 27 0
23 2 0
23 22 0
23 30 0
24 0 0
24 20 0
24 21 0
25 19 0
25 28 0
25 38 0
26 19 0
26 29 0
26 39 0
27 22 0
27 41 0
27 42 0
27 43 0
28 25 0
28 31 0
28 44 0
29 26 0
29 31 0
29 45 0
30 6 0
30 7 0
30 23 0
31 1 0
31 28 0
31 29 0
32 6 0
32 46 0
32 47 0
32 48 0
33 10 0
34 17 0
35 18 0
36 20 0
37 21 0
38 25 0
39 26 0
40 5 0
41 27 0
42 27 0
43 27 0
44 28 0
45 29 0
46 32 0
47 32 0
48 32 0
48 51 0
48 50 0
48 49 0
49 48 0
50 48 0
51 48 0
GraphDataEnd
GraphEnd
NodeEnd
NodeStart
EPTNodeID: 6
AnchorID: 17415
TreeNodeGraphID: 11
Level: 10
SimplifiedLevel: 0
EditOperation: 0 36 0 5 8
AccumulatedOpsCount: 2
AccumulatedOp: 0 1 0 7 1
AccumulatedOp: 0 36 0 5 8
ChildrenCount: 0
ChildIndices:
CompletedDBGraphIDsCount: 2
CompletedDBGraphID: 3017
CompletedDBGraphID: 20875
GraphStart
GraphDataStart
ID: 11
NumNodes: 52
NumEdges: 110
NodeLabels
5 1 6 2 2 2 2 2 3 3 4 4 4 4 4 4 4 4 4 4 4 4 4 4 4 4 4 4 4 4 4 4 4 5 5 5 8 5 5 5 5 5 5 5 5 5 5 5 4 5 5 5 
Edges
0 24 0
1 31 0
2 15 0
2 23 0
3 13 0
4 14 0
5 16 0
5 40 0
6 30 0
6 32 0
7 30 0
8 10 0
8 13 0
8 15 0
9 15 0
9 22 0
10 8 0
10 11 0
10 12 0
10 33 0
11 10 0
11 14 0
11 16 0
12 10 0
12 17 0
12 18 0
13 3 0
13 8 0
13 14 0
14 4 0
14 11 0
14 13 0
15 2 0
15 8 0
15 9 0
16 5 0
16 11 0
16 19 0
17 12 0
17 20 0
17 34 0
18 12 0
18 21 0
18 35 0
19 16 0
19 25 0
19 26 0
20 17 0
20 24 0
20 36 0
21 18 0
21 24 0
21 37 0
22 9 0
22 23 0
22 27 0
23 2 0
23 22 0
23 30 0
24 0 0
24 20 0
24 21 0
25 19 0
25 28 0
25 38 0
26 19 0
26 29 0
26 39 0
27 22 0
27 41 0
27 42 0
27 43 0
28 25 0
28 31 0
28 44 0
29 26 0
29 31 0
29 45 0
30 6 0
30 7 0
30 23 0
31 1 0
31 28 0
31 29 0
32 6 0
32 46 0
32 47 0
32 48 0
33 10 0
34 17 0
35 18 0
36 20 0
37 21 0
38 25 0
39 26 0
40 5 0
41 27 0
42 27 0
43 27 0
44 28 0
45 29 0
46 32 0
47 32 0
48 32 0
48 51 0
48 50 0
48 49 0
49 48 0
50 48 0
51 48 0
GraphDataEnd
GraphEnd
NodeEnd
NodeStart
EPTNodeID: 7
AnchorID: 17415
TreeNodeGraphID: 12
Level: 8
SimplifiedLevel: 0
EditOperation: 0 0 0 7 1
AccumulatedOpsCount: 1
AccumulatedOp: 0 0 0 7 1
ChildrenCount: 2
ChildIndices: 8 9
CompletedDBGraphIDsCount: 0
GraphStart
GraphDataStart
ID: 12
NumNodes: 52
NumEdges: 110
NodeLabels
1 7 6 2 2 2 2 2 3 3 4 4 4 4 4 4 4 4 4 4 4 4 4 4 4 4 4 4 4 4 4 4 4 5 5 5 5 5 5 5 5 5 5 5 5 5 5 5 4 5 5 5 
Edges
0 24 0
1 31 0
2 15 0
2 23 0
3 13 0
4 14 0
5 16 0
5 40 0
6 30 0
6 32 0
7 30 0
8 10 0
8 13 0
8 15 0
9 15 0
9 22 0
10 8 0
10 11 0
10 12 0
10 33 0
11 10 0
11 14 0
11 16 0
12 10 0
12 17 0
12 18 0
13 3 0
13 8 0
13 14 0
14 4 0
14 11 0
14 13 0
15 2 0
15 8 0
15 9 0
16 5 0
16 11 0
16 19 0
17 12 0
17 20 0
17 34 0
18 12 0
18 21 0
18 35 0
19 16 0
19 25 0
19 26 0
20 17 0
20 24 0
20 36 0
21 18 0
21 24 0
21 37 0
22 9 0
22 23 0
22 27 0
23 2 0
23 22 0
23 30 0
24 0 0
24 20 0
24 21 0
25 19 0
25 28 0
25 38 0
26 19 0
26 29 0
26 39 0
27 22 0
27 41 0
27 42 0
27 43 0
28 25 0
28 31 0
28 44 0
29 26 0
29 31 0
29 45 0
30 6 0
30 7 0
30 23 0
31 1 0
31 28 0
31 29 0
32 6 0
32 46 0
32 47 0
32 48 0
33 10 0
34 17 0
35 18 0
36 20 0
37 21 0
38 25 0
39 26 0
40 5 0
41 27 0
42 27 0
43 27 0
44 28 0
45 29 0
46 32 0
47 32 0
48 32 0
48 51 0
48 50 0
48 49 0
49 48 0
50 48 0
51 48 0
GraphDataEnd
GraphEnd
NodeEnd
NodeStart
EPTNodeID: 8
AnchorID: 17415
TreeNodeGraphID: 13
Level: 9
SimplifiedLevel: 0
EditOperation: 0 1 0 7 5
AccumulatedOpsCount: 1
AccumulatedOp: 0 1 0 7 5
ChildrenCount: 0
ChildIndices:
CompletedDBGraphIDsCount: 2
CompletedDBGraphID: 11293
CompletedDBGraphID: 123
GraphStart
GraphDataStart
ID: 13
NumNodes: 52
NumEdges: 110
NodeLabels
1 5 6 2 2 2 2 2 3 3 4 4 4 4 4 4 4 4 4 4 4 4 4 4 4 4 4 4 4 4 4 4 4 5 5 5 5 5 5 5 5 5 5 5 5 5 5 5 4 5 5 5 
Edges
0 24 0
1 31 0
2 15 0
2 23 0
3 13 0
4 14 0
5 16 0
5 40 0
6 30 0
6 32 0
7 30 0
8 10 0
8 13 0
8 15 0
9 15 0
9 22 0
10 8 0
10 11 0
10 12 0
10 33 0
11 10 0
11 14 0
11 16 0
12 10 0
12 17 0
12 18 0
13 3 0
13 8 0
13 14 0
14 4 0
14 11 0
14 13 0
15 2 0
15 8 0
15 9 0
16 5 0
16 11 0
16 19 0
17 12 0
17 20 0
17 34 0
18 12 0
18 21 0
18 35 0
19 16 0
19 25 0
19 26 0
20 17 0
20 24 0
20 36 0
21 18 0
21 24 0
21 37 0
22 9 0
22 23 0
22 27 0
23 2 0
23 22 0
23 30 0
24 0 0
24 20 0
24 21 0
25 19 0
25 28 0
25 38 0
26 19 0
26 29 0
26 39 0
27 22 0
27 41 0
27 42 0
27 43 0
28 25 0
28 31 0
28 44 0
29 26 0
29 31 0
29 45 0
30 6 0
30 7 0
30 23 0
31 1 0
31 28 0
31 29 0
32 6 0
32 46 0
32 47 0
32 48 0
33 10 0
34 17 0
35 18 0
36 20 0
37 21 0
38 25 0
39 26 0
40 5 0
41 27 0
42 27 0
43 27 0
44 28 0
45 29 0
46 32 0
47 32 0
48 32 0
48 51 0
48 50 0
48 49 0
49 48 0
50 48 0
51 48 0
GraphDataEnd
GraphEnd
NodeEnd
NodeStart
EPTNodeID: 9
AnchorID: 17415
TreeNodeGraphID: 14
Level: 9
SimplifiedLevel: 0
EditOperation: 0 1 0 7 1
AccumulatedOpsCount: 1
AccumulatedOp: 0 1 0 7 1
ChildrenCount: 0
ChildIndices:
CompletedDBGraphIDsCount: 2
CompletedDBGraphID: 20607
CompletedDBGraphID: 14730
GraphStart
GraphDataStart
ID: 14
NumNodes: 52
NumEdges: 110
NodeLabels
1 1 6 2 2 2 2 2 3 3 4 4 4 4 4 4 4 4 4 4 4 4 4 4 4 4 4 4 4 4 4 4 4 5 5 5 5 5 5 5 5 5 5 5 5 5 5 5 4 5 5 5 
Edges
0 24 0
1 31 0
2 15 0
2 23 0
3 13 0
4 14 0
5 16 0
5 40 0
6 30 0
6 32 0
7 30 0
8 10 0
8 13 0
8 15 0
9 15 0
9 22 0
10 8 0
10 11 0
10 12 0
10 33 0
11 10 0
11 14 0
11 16 0
12 10 0
12 17 0
12 18 0
13 3 0
13 8 0
13 14 0
14 4 0
14 11 0
14 13 0
15 2 0
15 8 0
15 9 0
16 5 0
16 11 0
16 19 0
17 12 0
17 20 0
17 34 0
18 12 0
18 21 0
18 35 0
19 16 0
19 25 0
19 26 0
20 17 0
20 24 0
20 36 0
21 18 0
21 24 0
21 37 0
22 9 0
22 23 0
22 27 0
23 2 0
23 22 0
23 30 0
24 0 0
24 20 0
24 21 0
25 19 0
25 28 0
25 38 0
26 19 0
26 29 0
26 39 0
27 22 0
27 41 0
27 42 0
27 43 0
28 25 0
28 31 0
28 44 0
29 26 0
29 31 0
29 45 0
30 6 0
30 7 0
30 23 0
31 1 0
31 28 0
31 29 0
32 6 0
32 46 0
32 47 0
32 48 0
33 10 0
34 17 0
35 18 0
36 20 0
37 21 0
38 25 0
39 26 0
40 5 0
41 27 0
42 27 0
43 27 0
44 28 0
45 29 0
46 32 0
47 32 0
48 32 0
48 51 0
48 50 0
48 49 0
49 48 0
50 48 0
51 48 0
GraphDataEnd
GraphEnd
NodeEnd
NodeStart
EPTNodeID: 10
AnchorID: 17415
TreeNodeGraphID: 19
Level: 11
SimplifiedLevel: 0
EditOperation: 5 48 52 0 0
AccumulatedOpsCount: 5
AccumulatedOp: 0 1 0 7 5
AccumulatedOp: 0 0 0 7 2
AccumulatedOp: 2 52 0 0 5
AccumulatedOp: 5 0 49 0 0
AccumulatedOp: 5 48 52 0 0
ChildrenCount: 0
ChildIndices:
CompletedDBGraphIDsCount: 2
CompletedDBGraphID: 13962
CompletedDBGraphID: 17525
GraphStart
GraphDataStart
ID: 19
NumNodes: 53
NumEdges: 112
NodeLabels
2 5 6 2 2 2 2 2 3 3 4 4 4 4 4 4 4 4 4 4 4 4 4 4 4 4 4 4 4 4 4 4 4 5 5 5 5 5 5 5 5 5 5 5 5 5 5 5 4 5 5 5 5 
Edges
0 24 0
0 49 0
1 31 0
2 15 0
2 23 0
3 13 0
4 14 0
5 16 0
5 40 0
6 30 0
6 32 0
7 30 0
8 10 0
8 13 0
8 15 0
9 15 0
9 22 0
10 8 0
10 11 0
10 12 0
10 33 0
11 10 0
11 14 0
11 16 0
12 10 0
12 17 0
12 18 0
13 3 0
13 8 0
13 14 0
14 4 0
14 11 0
14 13 0
15 2 0
15 8 0
15 9 0
16 5 0
16 11 0
16 19 0
17 12 0
17 20 0
17 34 0
18 12 0
18 21 0
18 35 0
19 16 0
19 25 0
19 26 0
20 17 0
20 24 0
20 36 0
21 18 0
21 24 0
21 37 0
22 9 0
22 23 0
22 27 0
23 2 0
23 22 0
23 30 0
24 0 0
24 20 0
24 21 0
25 19 0
25 28 0
25 38 0
26 19 0
26 29 0
26 39 0
27 22 0
27 41 0
27 42 0
27 43 0
28 25 0
28 31 0
28 44 0
29 26 0
29 31 0
29 45 0
30 6 0
30 7 0
30 23 0
31 1 0
31 28 0
31 29 0
32 6 0
32 46 0
32 47 0
32 48 0
33 10 0
34 17 0
35 18 0
36 20 0
37 21 0
38 25 0
39 26 0
40 5 0
41 27 0
42 27 0
43 27 0
44 28 0
45 29 0
46 32 0
47 32 0
48 32 0
48 51 0
48 50 0
48 52 0
49 0 0
50 48 0
51 48 0
52 48 0
GraphDataEnd
GraphEnd
NodeEnd
NodeStart
EPTNodeID: 11
AnchorID: 17415
TreeNodeGraphID: 24
Level: 8
SimplifiedLevel: 0
EditOperation: 5 0 50 0 0
AccumulatedOpsCount: 5
AccumulatedOp: 0 1 0 7 5
AccumulatedOp: 0 0 0 7 4
AccumulatedOp: 5 0 51 0 0
AccumulatedOp: 5 0 49 0 0
AccumulatedOp: 5 0 50 0 0
ChildrenCount: 0
ChildIndices:
CompletedDBGraphIDsCount: 2
CompletedDBGraphID: 11881
CompletedDBGraphID: 21343
GraphStart
GraphDataStart
ID: 24
NumNodes: 52
NumEdges: 110
NodeLabels
4 5 6 2 2 2 2 2 3 3 4 4 4 4 4 4 4 4 4 4 4 4 4 4 4 4 4 4 4 4 4 4 4 5 5 5 5 5 5 5 5 5 5 5 5 5 5 5 5 5 5 5 
Edges
0 24 0
0 51 0
0 49 0
0 50 0
1 31 0
2 15 0
2 23 0
3 13 0
4 14 0
5 16 0
5 40 0
6 30 0
6 32 0
7 30 0
8 10 0
8 13 0
8 15 0
9 15 0
9 22 0
10 8 0
10 11 0
10 12 0
10 33 0
11 10 0
11 14 0
11 16 0
12 10 0
12 17 0
12 18 0
13 3 0
13 8 0
13 14 0
14 4 0
14 11 0
14 13 0
15 2 0
15 8 0
15 9 0
16 5 0
16 11 0
16 19 0
17 12 0
17 20 0
17 34 0
18 12 0
18 21 0
18 35 0
19 16 0
19 25 0
19 26 0
20 17 0
20 24 0
20 36 0
21 18 0
21 24 0
21 37 0
22 9 0
22 23 0
22 27 0
23 2 0
23 22 0
23 30 0
24 0 0
24 20 0
24 21 0
25 19 0
25 28 0
25 38 0
26 19 0
26 29 0
26 39 0
27 22 0
27 41 0
27 42 0
27 43 0
28 25 0
28 31 0
28 44 0
29 26 0
29 31 0
29 45 0
30 6 0
30 7 0
30 23 0
31 1 0
31 28 0
31 29 0
32 6 0
32 46 0
32 47 0
32 48 0
33 10 0
34 17 0
35 18 0
36 20 0
37 21 0
38 25 0
39 26 0
40 5 0
41 27 0
42 27 0
43 27 0
44 28 0
45 29 0
46 32 0
47 32 0
48 32 0
49 0 0
50 0 0
51 0 0
GraphDataEnd
GraphEnd
NodeEnd
NodeStart
EPTNodeID: 12
AnchorID: 17415
TreeNodeGraphID: 28
Level: 7
SimplifiedLevel: 0
EditOperation: 5 0 50 0 0
AccumulatedOpsCount: 4
AccumulatedOp: 5 0 49 0 0
AccumulatedOp: 0 0 0 7 4
AccumulatedOp: 5 0 51 0 0
AccumulatedOp: 5 0 50 0 0
ChildrenCount: 0
ChildIndices:
CompletedDBGraphIDsCount: 1
CompletedDBGraphID: 10172
GraphStart
GraphDataStart
ID: 28
NumNodes: 52
NumEdges: 110
NodeLabels
4 7 6 2 2 2 2 2 3 3 4 4 4 4 4 4 4 4 4 4 4 4 4 4 4 4 4 4 4 4 4 4 4 5 5 5 5 5 5 5 5 5 5 5 5 5 5 5 5 5 5 5 
Edges
0 24 0
0 49 0
0 51 0
0 50 0
1 31 0
2 15 0
2 23 0
3 13 0
4 14 0
5 16 0
5 40 0
6 30 0
6 32 0
7 30 0
8 10 0
8 13 0
8 15 0
9 15 0
9 22 0
10 8 0
10 11 0
10 12 0
10 33 0
11 10 0
11 14 0
11 16 0
12 10 0
12 17 0
12 18 0
13 3 0
13 8 0
13 14 0
14 4 0
14 11 0
14 13 0
15 2 0
15 8 0
15 9 0
16 5 0
16 11 0
16 19 0
17 12 0
17 20 0
17 34 0
18 12 0
18 21 0
18 35 0
19 16 0
19 25 0
19 26 0
20 17 0
20 24 0
20 36 0
21 18 0
21 24 0
21 37 0
22 9 0
22 23 0
22 27 0
23 2 0
23 22 0
23 30 0
24 0 0
24 20 0
24 21 0
25 19 0
25 28 0
25 38 0
26 19 0
26 29 0
26 39 0
27 22 0
27 41 0
27 42 0
27 43 0
28 25 0
28 31 0
28 44 0
29 26 0
29 31 0
29 45 0
30 6 0
30 7 0
30 23 0
31 1 0
31 28 0
31 29 0
32 6 0
32 46 0
32 47 0
32 48 0
33 10 0
34 17 0
35 18 0
36 20 0
37 21 0
38 25 0
39 26 0
40 5 0
41 27 0
42 27 0
43 27 0
44 28 0
45 29 0
46 32 0
47 32 0
48 32 0
49 0 0
50 0 0
51 0 0
GraphDataEnd
GraphEnd
NodeEnd
NodeStart
EPTNodeID: 13
AnchorID: 17415
TreeNodeGraphID: 30
Level: 2
SimplifiedLevel: 0
EditOperation: 0 37 0 5 7
AccumulatedOpsCount: 2
AccumulatedOp: 0 0 0 7 5
AccumulatedOp: 0 37 0 5 7
ChildrenCount: 0
ChildIndices:
CompletedDBGraphIDsCount: 2
CompletedDBGraphID: 9323
CompletedDBGraphID: 18395
GraphStart
GraphDataStart
ID: 30
NumNodes: 49
NumEdges: 104
NodeLabels
5 7 6 2 2 2 2 2 3 3 4 4 4 4 4 4 4 4 4 4 4 4 4 4 4 4 4 4 4 4 4 4 4 5 5 5 5 7 5 5 5 5 5 5 5 5 5 5 5 
Edges
0 24 0
1 31 0
2 15 0
2 23 0
3 13 0
4 14 0
5 16 0
5 40 0
6 30 0
6 32 0
7 30 0
8 10 0
8 13 0
8 15 0
9 15 0
9 22 0
10 8 0
10 11 0
10 12 0
10 33 0
11 10 0
11 14 0
11 16 0
12 10 0
12 17 0
12 18 0
13 3 0
13 8 0
13 14 0
14 4 0
14 11 0
14 13 0
15 2 0
15 8 0
15 9 0
16 5 0
16 11 0
16 19 0
17 12 0
17 20 0
17 34 0
18 12 0
18 21 0
18 35 0
19 16 0
19 25 0
19 26 0
20 17 0
20 24 0
20 36 0
21 18 0
21 24 0
21 37 0
22 9 0
22 23 0
22 27 0
23 2 0
23 22 0
23 30 0
24 0 0
24 20 0
24 21 0
25 19 0
25 28 0
25 38 0
26 19 0
26 29 0
26 39 0
27 22 0
27 41 0
27 42 0
27 43 0
28 25 0
28 31 0
28 44 0
29 26 0
29 31 0
29 45 0
30 6 0
30 7 0
30 23 0
31 1 0
31 28 0
31 29 0
32 6 0
32 46 0
32 47 0
32 48 0
33 10 0
34 17 0
35 18 0
36 20 0
37 21 0
38 25 0
39 26 0
40 5 0
41 27 0
42 27 0
43 27 0
44 28 0
45 29 0
46 32 0
47 32 0
48 32 0
GraphDataEnd
GraphEnd
NodeEnd
NodeStart
EPTNodeID: 14
AnchorID: 17415
TreeNodeGraphID: 31
Level: 1
SimplifiedLevel: 0
EditOperation: 0 0 0 7 1
AccumulatedOpsCount: 1
AccumulatedOp: 0 0 0 7 1
ChildrenCount: 0
ChildIndices:
CompletedDBGraphIDsCount: 2
CompletedDBGraphID: 12177
CompletedDBGraphID: 15958
GraphStart
GraphDataStart
ID: 31
NumNodes: 49
NumEdges: 104
NodeLabels
1 7 6 2 2 2 2 2 3 3 4 4 4 4 4 4 4 4 4 4 4 4 4 4 4 4 4 4 4 4 4 4 4 5 5 5 5 5 5 5 5 5 5 5 5 5 5 5 5 
Edges
0 24 0
1 31 0
2 15 0
2 23 0
3 13 0
4 14 0
5 16 0
5 40 0
6 30 0
6 32 0
7 30 0
8 10 0
8 13 0
8 15 0
9 15 0
9 22 0
10 8 0
10 11 0
10 12 0
10 33 0
11 10 0
11 14 0
11 16 0
12 10 0
12 17 0
12 18 0
13 3 0
13 8 0
13 14 0
14 4 0
14 11 0
14 13 0
15 2 0
15 8 0
15 9 0
16 5 0
16 11 0
16 19 0
17 12 0
17 20 0
17 34 0
18 12 0
18 21 0
18 35 0
19 16 0
19 25 0
19 26 0
20 17 0
20 24 0
20 36 0
21 18 0
21 24 0
21 37 0
22 9 0
22 23 0
22 27 0
23 2 0
23 22 0
23 30 0
24 0 0
24 20 0
24 21 0
25 19 0
25 28 0
25 38 0
26 19 0
26 29 0
26 39 0
27 22 0
27 41 0
27 42 0
27 43 0
28 25 0
28 31 0
28 44 0
29 26 0
29 31 0
29 45 0
30 6 0
30 7 0
30 23 0
31 1 0
31 28 0
31 29 0
32 6 0
32 46 0
32 47 0
32 48 0
33 10 0
34 17 0
35 18 0
36 20 0
37 21 0
38 25 0
39 26 0
40 5 0
41 27 0
42 27 0
43 27 0
44 28 0
45 29 0
46 32 0
47 32 0
48 32 0
GraphDataEnd
GraphEnd
NodeEnd
END_EPT
