BEGIN_EPT
AnchorID: 2418  # ID of the anchor node
RootIndex: 0  # Index of the root node in tree_nodes
NodeCount: 4  # Total number of nodes in the EPT
NodeStart
EPTNodeID: 0
AnchorID: 2418
TreeNodeGraphID: 0
Level: 0
SimplifiedLevel: 0
EditOperation: -1 0 -1 0 0
AccumulatedOpsCount: 0
ChildrenCount: 1
ChildIndices: 1
CompletedDBGraphIDsCount: 0
GraphStart
GraphDataStart
ID: 0
NumNodes: 60
NumEdges: 128
NodeLabels
6 1 1 2 2 2 2 3 3 3 3 3 4 4 4 4 4 4 4 4 4 4 4 4 4 4 4 4 4 4 4 4 4 4 4 4 4 5 5 5 5 5 5 5 5 5 5 5 5 5 5 5 5 5 5 5 5 5 5 5 
Edges
0 3 0
0 4 0
0 7 0
0 16 0
1 30 0
2 30 0
3 0 0
4 0 0
5 24 0
6 35 0
6 36 0
7 0 0
7 12 0
7 13 0
8 21 0
8 24 0
8 49 0
9 11 0
9 22 0
9 25 0
10 22 0
10 26 0
11 9 0
11 28 0
12 7 0
12 14 0
12 37 0
12 38 0
13 7 0
13 15 0
13 39 0
13 40 0
14 12 0
14 15 0
14 41 0
14 42 0
15 13 0
15 14 0
15 43 0
15 44 0
16 0 0
16 17 0
16 18 0
17 16 0
17 19 0
17 45 0
18 16 0
18 20 0
18 46 0
19 17 0
19 21 0
19 47 0
20 18 0
20 21 0
20 48 0
21 8 0
21 19 0
21 20 0
22 9 0
22 10 0
22 23 0
23 22 0
23 24 0
23 28 0
24 5 0
24 8 0
24 23 0
25 9 0
25 27 0
25 30 0
26 10 0
26 27 0
26 29 0
27 25 0
27 26 0
27 50 0
28 11 0
28 23 0
28 51 0
29 26 0
29 31 0
29 32 0
30 1 0
30 2 0
30 25 0
30 52 0
31 29 0
31 33 0
31 53 0
32 29 0
32 34 0
32 54 0
33 31 0
33 35 0
33 55 0
34 32 0
34 35 0
34 56 0
35 6 0
35 33 0
35 34 0
36 6 0
36 57 0
36 58 0
36 59 0
37 12 0
38 12 0
39 13 0
40 13 0
41 14 0
42 14 0
43 15 0
44 15 0
45 17 0
46 18 0
47 19 0
48 20 0
49 8 0
50 27 0
51 28 0
52 30 0
53 31 0
54 32 0
55 33 0
56 34 0
57 36 0
58 36 0
59 36 0
GraphDataEnd
GraphEnd
NodeEnd
NodeStart
EPTNodeID: 1
AnchorID: 2418
TreeNodeGraphID: 1
Level: 1
SimplifiedLevel: 0
EditOperation: 4 6 36 0 0
AccumulatedOpsCount: 1
AccumulatedOp: 4 6 36 0 0
ChildrenCount: 2
ChildIndices: 2 3
CompletedDBGraphIDsCount: 0
GraphStart
GraphDataStart
ID: 1
NumNodes: 60
NumEdges: 126
NodeLabels
6 1 1 2 2 2 2 3 3 3 3 3 4 4 4 4 4 4 4 4 4 4 4 4 4 4 4 4 4 4 4 4 4 4 4 4 4 5 5 5 5 5 5 5 5 5 5 5 5 5 5 5 5 5 5 5 5 5 5 5 
Edges
0 3 0
0 4 0
0 7 0
0 16 0
1 30 0
2 30 0
3 0 0
4 0 0
5 24 0
6 35 0
7 0 0
7 12 0
7 13 0
8 21 0
8 24 0
8 49 0
9 11 0
9 22 0
9 25 0
10 22 0
10 26 0
11 9 0
11 28 0
12 7 0
12 14 0
12 37 0
12 38 0
13 7 0
13 15 0
13 39 0
13 40 0
14 12 0
14 15 0
14 41 0
14 42 0
15 13 0
15 14 0
15 43 0
15 44 0
16 0 0
16 17 0
16 18 0
17 16 0
17 19 0
17 45 0
18 16 0
18 20 0
18 46 0
19 17 0
19 21 0
19 47 0
20 18 0
20 21 0
20 48 0
21 8 0
21 19 0
21 20 0
22 9 0
22 10 0
22 23 0
23 22 0
23 24 0
23 28 0
24 5 0
24 8 0
24 23 0
25 9 0
25 27 0
25 30 0
26 10 0
26 27 0
26 29 0
27 25 0
27 26 0
27 50 0
28 11 0
28 23 0
28 51 0
29 26 0
29 31 0
29 32 0
30 1 0
30 2 0
30 25 0
30 52 0
31 29 0
31 33 0
31 53 0
32 29 0
32 34 0
32 54 0
33 31 0
33 35 0
33 55 0
34 32 0
34 35 0
34 56 0
35 6 0
35 33 0
35 34 0
36 57 0
36 58 0
36 59 0
37 12 0
38 12 0
39 13 0
40 13 0
41 14 0
42 14 0
43 15 0
44 15 0
45 17 0
46 18 0
47 19 0
48 20 0
49 8 0
50 27 0
51 28 0
52 30 0
53 31 0
54 32 0
55 33 0
56 34 0
57 36 0
58 36 0
59 36 0
GraphDataEnd
GraphEnd
NodeEnd
NodeStart
EPTNodeID: 2
AnchorID: 2418
TreeNodeGraphID: 4
Level: 4
SimplifiedLevel: 0
EditOperation: 5 35 36 0 0
AccumulatedOpsCount: 3
AccumulatedOp: 4 6 35 0 0
AccumulatedOp: 1 6 0 2 0
AccumulatedOp: 5 35 36 0 0
ChildrenCount: 0
ChildIndices:
CompletedDBGraphIDsCount: 1
CompletedDBGraphID: 2550
GraphStart
GraphDataStart
ID: 4
NumNodes: 59
NumEdges: 126
NodeLabels
6 1 1 2 2 2 3 3 3 3 3 4 4 4 4 4 4 4 4 4 4 4 4 4 4 4 4 4 4 4 4 4 4 4 4 4 5 5 5 5 5 5 5 5 5 5 5 5 5 5 5 5 5 5 5 5 5 5 5 
Edges
0 3 0
0 4 0
0 6 0
0 15 0
1 29 0
2 29 0
3 0 0
4 0 0
5 23 0
6 0 0
6 11 0
6 12 0
7 20 0
7 23 0
7 48 0
8 10 0
8 21 0
8 24 0
9 21 0
9 25 0
10 8 0
10 27 0
11 6 0
11 13 0
11 36 0
11 37 0
12 6 0
12 14 0
12 38 0
12 39 0
13 11 0
13 14 0
13 40 0
13 41 0
14 12 0
14 13 0
14 42 0
14 43 0
15 0 0
15 16 0
15 17 0
16 15 0
16 18 0
16 44 0
17 15 0
17 19 0
17 45 0
18 16 0
18 20 0
18 46 0
19 17 0
19 20 0
19 47 0
20 7 0
20 18 0
20 19 0
21 8 0
21 9 0
21 22 0
22 21 0
22 23 0
22 27 0
23 5 0
23 7 0
23 22 0
24 8 0
24 26 0
24 29 0
25 9 0
25 26 0
25 28 0
26 24 0
26 25 0
26 49 0
27 10 0
27 22 0
27 50 0
28 25 0
28 30 0
28 31 0
29 1 0
29 2 0
29 24 0
29 51 0
30 28 0
30 32 0
30 52 0
31 28 0
31 33 0
31 53 0
32 30 0
32 34 0
32 54 0
33 31 0
33 34 0
33 55 0
34 32 0
34 33 0
34 35 0
35 56 0
35 57 0
35 58 0
35 34 0
36 11 0
37 11 0
38 12 0
39 12 0
40 13 0
41 13 0
42 14 0
43 14 0
44 16 0
45 17 0
46 18 0
47 19 0
48 7 0
49 26 0
50 27 0
51 29 0
52 30 0
53 31 0
54 32 0
55 33 0
56 35 0
57 35 0
58 35 0
GraphDataEnd
GraphEnd
NodeEnd
NodeStart
EPTNodeID: 3
AnchorID: 2418
TreeNodeGraphID: 13
Level: 10
SimplifiedLevel: 0
EditOperation: 5 59 61 0 0
AccumulatedOpsCount: 9
AccumulatedOp: 0 6 0 2 5
AccumulatedOp: 2 61 0 0 5
AccumulatedOp: 0 59 0 5 4
AccumulatedOp: 5 14 36 0 0
AccumulatedOp: 2 60 0 0 5
AccumulatedOp: 4 14 15 0 0
AccumulatedOp: 5 15 59 0 0
AccumulatedOp: 5 59 60 0 0
AccumulatedOp: 5 59 61 0 0
ChildrenCount: 0
ChildIndices:
CompletedDBGraphIDsCount: 1
CompletedDBGraphID: 17111
GraphStart
GraphDataStart
ID: 13
NumNodes: 62
NumEdges: 132
NodeLabels
6 1 1 2 2 2 5 3 3 3 3 3 4 4 4 4 4 4 4 4 4 4 4 4 4 4 4 4 4 4 4 4 4 4 4 4 4 5 5 5 5 5 5 5 5 5 5 5 5 5 5 5 5 5 5 5 5 5 5 4 5 5 
Edges
0 3 0
0 4 0
0 7 0
0 16 0
1 30 0
2 30 0
3 0 0
4 0 0
5 24 0
6 35 0
7 0 0
7 12 0
7 13 0
8 21 0
8 24 0
8 49 0
9 11 0
9 22 0
9 25 0
10 22 0
10 26 0
11 9 0
11 28 0
12 7 0
12 14 0
12 37 0
12 38 0
13 7 0
13 15 0
13 39 0
13 40 0
14 12 0
14 41 0
14 42 0
14 36 0
15 13 0
15 43 0
15 44 0
15 59 0
16 0 0
16 17 0
16 18 0
17 16 0
17 19 0
17 45 0
18 16 0
18 20 0
18 46 0
19 17 0
19 21 0
19 47 0
20 18 0
20 21 0
20 48 0
21 8 0
21 19 0
21 20 0
22 9 0
22 10 0
22 23 0
23 22 0
23 24 0
23 28 0
24 5 0
24 8 0
24 23 0
25 9 0
25 27 0
25 30 0
26 10 0
26 27 0
26 29 0
27 25 0
27 26 0
27 50 0
28 11 0
28 23 0
28 51 0
29 26 0
29 31 0
29 32 0
30 1 0
30 2 0
30 25 0
30 52 0
31 29 0
31 33 0
31 53 0
32 29 0
32 34 0
32 54 0
33 31 0
33 35 0
33 55 0
34 32 0
34 35 0
34 56 0
35 6 0
35 33 0
35 34 0
36 57 0
36 58 0
36 59 0
36 14 0
37 12 0
38 12 0
39 13 0
40 13 0
41 14 0
42 14 0
43 15 0
44 15 0
45 17 0
46 18 0
47 19 0
48 20 0
49 8 0
50 27 0
51 28 0
52 30 0
53 31 0
54 32 0
55 33 0
56 34 0
57 36 0
58 36 0
59 36 0
59 15 0
59 60 0
59 61 0
60 59 0
61 59 0
GraphDataEnd
GraphEnd
NodeEnd
END_EPT
