BEGIN_EPT
AnchorID: 13407  # ID of the anchor node
RootIndex: 0  # Index of the root node in tree_nodes
NodeCount: 1  # Total number of nodes in the EPT
NodeStart
EPTNodeID: 0
AnchorID: 13407
TreeNodeGraphID: 0
Level: 0
SimplifiedLevel: 0
EditOperation: -1 0 -1 0 0
AccumulatedOpsCount: 0
ChildrenCount: 0
ChildIndices:
CompletedDBGraphIDsCount: 0
GraphStart
GraphDataStart
ID: 0
NumNodes: 71
NumEdges: 146
NodeLabels
6 2 2 2 2 2 3 3 4 4 4 4 4 4 4 4 4 4 4 4 4 4 4 4 4 4 4 4 4 4 4 4 4 4 4 5 5 5 5 5 5 5 5 5 5 5 5 5 5 5 5 5 5 5 5 5 5 5 5 5 5 5 5 5 5 5 5 5 5 5 5 
Edges
0 13 0
0 20 0
1 12 0
1 30 0
2 14 0
3 25 0
3 33 0
4 31 0
4 34 0
5 30 0
6 8 0
6 9 0
6 10 0
7 11 0
7 14 0
7 15 0
8 6 0
8 11 0
8 35 0
8 36 0
9 6 0
9 16 0
9 17 0
9 37 0
10 6 0
10 18 0
10 19 0
10 38 0
11 7 0
11 8 0
11 39 0
11 40 0
12 1 0
12 13 0
12 14 0
12 41 0
13 0 0
13 12 0
13 21 0
13 42 0
14 2 0
14 7 0
14 12 0
15 7 0
15 20 0
15 22 0
16 9 0
16 43 0
16 44 0
16 45 0
17 9 0
17 46 0
17 47 0
17 48 0
18 10 0
18 49 0
18 50 0
18 51 0
19 10 0
19 52 0
19 53 0
19 54 0
20 0 0
20 15 0
20 23 0
21 13 0
21 26 0
21 27 0
22 15 0
22 24 0
22 55 0
23 20 0
23 25 0
23 56 0
24 22 0
24 25 0
24 57 0
25 3 0
25 23 0
25 24 0
26 21 0
26 28 0
26 58 0
27 21 0
27 29 0
27 59 0
28 26 0
28 31 0
28 60 0
29 27 0
29 31 0
29 61 0
30 1 0
30 5 0
30 32 0
31 4 0
31 28 0
31 29 0
32 30 0
32 62 0
32 63 0
32 64 0
33 3 0
33 65 0
33 66 0
33 67 0
34 4 0
34 68 0
34 69 0
34 70 0
35 8 0
36 8 0
37 9 0
38 10 0
39 11 0
40 11 0
41 12 0
42 13 0
43 16 0
44 16 0
45 16 0
46 17 0
47 17 0
48 17 0
49 18 0
50 18 0
51 18 0
52 19 0
53 19 0
54 19 0
55 22 0
56 23 0
57 24 0
58 26 0
59 27 0
60 28 0
61 29 0
62 32 0
63 32 0
64 32 0
65 33 0
66 33 0
67 33 0
68 34 0
69 34 0
70 34 0
GraphDataEnd
GraphEnd
NodeEnd
END_EPT
