BEGIN_EPT
AnchorID: 6392  # ID of the anchor node
RootIndex: 0  # Index of the root node in tree_nodes
NodeCount: 15  # Total number of nodes in the EPT
NodeStart
EPTNodeID: 0
AnchorID: 6392
TreeNodeGraphID: 0
Level: 0
SimplifiedLevel: 0
EditOperation: -1 0 -1 0 0
AccumulatedOpsCount: 0
ChildrenCount: 3
ChildIndices: 1 11 12
CompletedDBGraphIDsCount: 1
CompletedDBGraphID: 8778
GraphStart
GraphDataStart
ID: 0
NumNodes: 61
NumEdges: 128
NodeLabels
6 2 2 3 3 3 4 4 4 4 4 4 4 4 4 4 4 4 4 4 4 4 4 4 4 4 4 4 4 4 4 4 5 5 5 5 5 5 5 5 5 5 5 5 5 5 5 5 5 5 5 5 5 5 5 5 5 5 5 5 5 
Edges
0 11 0
0 17 0
1 18 0
2 19 0
3 17 0
3 19 0
3 48 0
4 18 0
4 20 0
4 49 0
5 30 0
5 31 0
6 7 0
6 8 0
6 9 0
6 32 0
7 6 0
7 13 0
7 14 0
7 15 0
8 6 0
8 10 0
8 33 0
8 34 0
9 6 0
9 11 0
9 35 0
9 36 0
10 8 0
10 12 0
10 37 0
10 38 0
11 0 0
11 9 0
11 12 0
12 10 0
12 11 0
12 16 0
13 7 0
13 39 0
13 40 0
13 41 0
14 7 0
14 42 0
14 43 0
14 44 0
15 7 0
15 45 0
15 46 0
15 47 0
16 12 0
16 17 0
16 18 0
17 0 0
17 3 0
17 16 0
18 1 0
18 4 0
18 16 0
19 2 0
19 3 0
19 21 0
20 4 0
20 22 0
20 23 0
21 19 0
21 25 0
21 26 0
22 20 0
22 24 0
22 27 0
23 20 0
23 28 0
23 50 0
24 22 0
24 29 0
24 51 0
25 21 0
25 30 0
25 55 0
26 21 0
26 31 0
26 56 0
27 22 0
27 52 0
27 53 0
27 54 0
28 23 0
28 29 0
28 57 0
29 24 0
29 28 0
29 58 0
30 5 0
30 25 0
30 59 0
31 5 0
31 26 0
31 60 0
32 6 0
33 8 0
34 8 0
35 9 0
36 9 0
37 10 0
38 10 0
39 13 0
40 13 0
41 13 0
42 14 0
43 14 0
44 14 0
45 15 0
46 15 0
47 15 0
48 3 0
49 4 0
50 23 0
51 24 0
52 27 0
53 27 0
54 27 0
55 25 0
56 26 0
57 28 0
58 29 0
59 30 0
60 31 0
GraphDataEnd
GraphEnd
NodeEnd
NodeStart
EPTNodeID: 1
AnchorID: 6392
TreeNodeGraphID: 1
Level: 1
SimplifiedLevel: 0
EditOperation: 4 22 27 0 0
AccumulatedOpsCount: 1
AccumulatedOp: 4 22 27 0 0
ChildrenCount: 3
ChildIndices: 2 9 10
CompletedDBGraphIDsCount: 0
GraphStart
GraphDataStart
ID: 1
NumNodes: 61
NumEdges: 126
NodeLabels
6 2 2 3 3 3 4 4 4 4 4 4 4 4 4 4 4 4 4 4 4 4 4 4 4 4 4 4 4 4 4 4 5 5 5 5 5 5 5 5 5 5 5 5 5 5 5 5 5 5 5 5 5 5 5 5 5 5 5 5 5 
Edges
0 11 0
0 17 0
1 18 0
2 19 0
3 17 0
3 19 0
3 48 0
4 18 0
4 20 0
4 49 0
5 30 0
5 31 0
6 7 0
6 8 0
6 9 0
6 32 0
7 6 0
7 13 0
7 14 0
7 15 0
8 6 0
8 10 0
8 33 0
8 34 0
9 6 0
9 11 0
9 35 0
9 36 0
10 8 0
10 12 0
10 37 0
10 38 0
11 0 0
11 9 0
11 12 0
12 10 0
12 11 0
12 16 0
13 7 0
13 39 0
13 40 0
13 41 0
14 7 0
14 42 0
14 43 0
14 44 0
15 7 0
15 45 0
15 46 0
15 47 0
16 12 0
16 17 0
16 18 0
17 0 0
17 3 0
17 16 0
18 1 0
18 4 0
18 16 0
19 2 0
19 3 0
19 21 0
20 4 0
20 22 0
20 23 0
21 19 0
21 25 0
21 26 0
22 20 0
22 24 0
23 20 0
23 28 0
23 50 0
24 22 0
24 29 0
24 51 0
25 21 0
25 30 0
25 55 0
26 21 0
26 31 0
26 56 0
27 52 0
27 53 0
27 54 0
28 23 0
28 29 0
28 57 0
29 24 0
29 28 0
29 58 0
30 5 0
30 25 0
30 59 0
31 5 0
31 26 0
31 60 0
32 6 0
33 8 0
34 8 0
35 9 0
36 9 0
37 10 0
38 10 0
39 13 0
40 13 0
41 13 0
42 14 0
43 14 0
44 14 0
45 15 0
46 15 0
47 15 0
48 3 0
49 4 0
50 23 0
51 24 0
52 27 0
53 27 0
54 27 0
55 25 0
56 26 0
57 28 0
58 29 0
59 30 0
60 31 0
GraphDataEnd
GraphEnd
NodeEnd
NodeStart
EPTNodeID: 2
AnchorID: 6392
TreeNodeGraphID: 2
Level: 2
SimplifiedLevel: 0
EditOperation: 4 5 30 0 0
AccumulatedOpsCount: 1
AccumulatedOp: 4 5 30 0 0
ChildrenCount: 2
ChildIndices: 3 8
CompletedDBGraphIDsCount: 0
GraphStart
GraphDataStart
ID: 2
NumNodes: 61
NumEdges: 124
NodeLabels
6 2 2 3 3 3 4 4 4 4 4 4 4 4 4 4 4 4 4 4 4 4 4 4 4 4 4 4 4 4 4 4 5 5 5 5 5 5 5 5 5 5 5 5 5 5 5 5 5 5 5 5 5 5 5 5 5 5 5 5 5 
Edges
0 11 0
0 17 0
1 18 0
2 19 0
3 17 0
3 19 0
3 48 0
4 18 0
4 20 0
4 49 0
5 31 0
6 7 0
6 8 0
6 9 0
6 32 0
7 6 0
7 13 0
7 14 0
7 15 0
8 6 0
8 10 0
8 33 0
8 34 0
9 6 0
9 11 0
9 35 0
9 36 0
10 8 0
10 12 0
10 37 0
10 38 0
11 0 0
11 9 0
11 12 0
12 10 0
12 11 0
12 16 0
13 7 0
13 39 0
13 40 0
13 41 0
14 7 0
14 42 0
14 43 0
14 44 0
15 7 0
15 45 0
15 46 0
15 47 0
16 12 0
16 17 0
16 18 0
17 0 0
17 3 0
17 16 0
18 1 0
18 4 0
18 16 0
19 2 0
19 3 0
19 21 0
20 4 0
20 22 0
20 23 0
21 19 0
21 25 0
21 26 0
22 20 0
22 24 0
23 20 0
23 28 0
23 50 0
24 22 0
24 29 0
24 51 0
25 21 0
25 30 0
25 55 0
26 21 0
26 31 0
26 56 0
27 52 0
27 53 0
27 54 0
28 23 0
28 29 0
28 57 0
29 24 0
29 28 0
29 58 0
30 25 0
30 59 0
31 5 0
31 26 0
31 60 0
32 6 0
33 8 0
34 8 0
35 9 0
36 9 0
37 10 0
38 10 0
39 13 0
40 13 0
41 13 0
42 14 0
43 14 0
44 14 0
45 15 0
46 15 0
47 15 0
48 3 0
49 4 0
50 23 0
51 24 0
52 27 0
53 27 0
54 27 0
55 25 0
56 26 0
57 28 0
58 29 0
59 30 0
60 31 0
GraphDataEnd
GraphEnd
NodeEnd
NodeStart
EPTNodeID: 3
AnchorID: 6392
TreeNodeGraphID: 3
Level: 3
SimplifiedLevel: 0
EditOperation: 5 30 31 0 0
AccumulatedOpsCount: 1
AccumulatedOp: 5 30 31 0 0
ChildrenCount: 2
ChildIndices: 4 7
CompletedDBGraphIDsCount: 0
GraphStart
GraphDataStart
ID: 3
NumNodes: 61
NumEdges: 126
NodeLabels
6 2 2 3 3 3 4 4 4 4 4 4 4 4 4 4 4 4 4 4 4 4 4 4 4 4 4 4 4 4 4 4 5 5 5 5 5 5 5 5 5 5 5 5 5 5 5 5 5 5 5 5 5 5 5 5 5 5 5 5 5 
Edges
0 11 0
0 17 0
1 18 0
2 19 0
3 17 0
3 19 0
3 48 0
4 18 0
4 20 0
4 49 0
5 31 0
6 7 0
6 8 0
6 9 0
6 32 0
7 6 0
7 13 0
7 14 0
7 15 0
8 6 0
8 10 0
8 33 0
8 34 0
9 6 0
9 11 0
9 35 0
9 36 0
10 8 0
10 12 0
10 37 0
10 38 0
11 0 0
11 9 0
11 12 0
12 10 0
12 11 0
12 16 0
13 7 0
13 39 0
13 40 0
13 41 0
14 7 0
14 42 0
14 43 0
14 44 0
15 7 0
15 45 0
15 46 0
15 47 0
16 12 0
16 17 0
16 18 0
17 0 0
17 3 0
17 16 0
18 1 0
18 4 0
18 16 0
19 2 0
19 3 0
19 21 0
20 4 0
20 22 0
20 23 0
21 19 0
21 25 0
21 26 0
22 20 0
22 24 0
23 20 0
23 28 0
23 50 0
24 22 0
24 29 0
24 51 0
25 21 0
25 30 0
25 55 0
26 21 0
26 31 0
26 56 0
27 52 0
27 53 0
27 54 0
28 23 0
28 29 0
28 57 0
29 24 0
29 28 0
29 58 0
30 25 0
30 59 0
30 31 0
31 5 0
31 26 0
31 60 0
31 30 0
32 6 0
33 8 0
34 8 0
35 9 0
36 9 0
37 10 0
38 10 0
39 13 0
40 13 0
41 13 0
42 14 0
43 14 0
44 14 0
45 15 0
46 15 0
47 15 0
48 3 0
49 4 0
50 23 0
51 24 0
52 27 0
53 27 0
54 27 0
55 25 0
56 26 0
57 28 0
58 29 0
59 30 0
60 31 0
GraphDataEnd
GraphEnd
NodeEnd
NodeStart
EPTNodeID: 4
AnchorID: 6392
TreeNodeGraphID: 6
Level: 6
SimplifiedLevel: 0
EditOperation: 5 24 27 0 0
AccumulatedOpsCount: 3
AccumulatedOp: 4 24 51 0 0
AccumulatedOp: 5 22 51 0 0
AccumulatedOp: 5 24 27 0 0
ChildrenCount: 2
ChildIndices: 5 6
CompletedDBGraphIDsCount: 0
GraphStart
GraphDataStart
ID: 6
NumNodes: 61
NumEdges: 128
NodeLabels
6 2 2 3 3 3 4 4 4 4 4 4 4 4 4 4 4 4 4 4 4 4 4 4 4 4 4 4 4 4 4 4 5 5 5 5 5 5 5 5 5 5 5 5 5 5 5 5 5 5 5 5 5 5 5 5 5 5 5 5 5 
Edges
0 11 0
0 17 0
1 18 0
2 19 0
3 17 0
3 19 0
3 48 0
4 18 0
4 20 0
4 49 0
5 31 0
6 7 0
6 8 0
6 9 0
6 32 0
7 6 0
7 13 0
7 14 0
7 15 0
8 6 0
8 10 0
8 33 0
8 34 0
9 6 0
9 11 0
9 35 0
9 36 0
10 8 0
10 12 0
10 37 0
10 38 0
11 0 0
11 9 0
11 12 0
12 10 0
12 11 0
12 16 0
13 7 0
13 39 0
13 40 0
13 41 0
14 7 0
14 42 0
14 43 0
14 44 0
15 7 0
15 45 0
15 46 0
15 47 0
16 12 0
16 17 0
16 18 0
17 0 0
17 3 0
17 16 0
18 1 0
18 4 0
18 16 0
19 2 0
19 3 0
19 21 0
20 4 0
20 22 0
20 23 0
21 19 0
21 25 0
21 26 0
22 20 0
22 24 0
22 51 0
23 20 0
23 28 0
23 50 0
24 22 0
24 29 0
24 27 0
25 21 0
25 30 0
25 55 0
26 21 0
26 31 0
26 56 0
27 52 0
27 53 0
27 54 0
27 24 0
28 23 0
28 29 0
28 57 0
29 24 0
29 28 0
29 58 0
30 25 0
30 59 0
30 31 0
31 5 0
31 26 0
31 60 0
31 30 0
32 6 0
33 8 0
34 8 0
35 9 0
36 9 0
37 10 0
38 10 0
39 13 0
40 13 0
41 13 0
42 14 0
43 14 0
44 14 0
45 15 0
46 15 0
47 15 0
48 3 0
49 4 0
50 23 0
51 22 0
52 27 0
53 27 0
54 27 0
55 25 0
56 26 0
57 28 0
58 29 0
59 30 0
60 31 0
GraphDataEnd
GraphEnd
NodeEnd
NodeStart
EPTNodeID: 5
AnchorID: 6392
TreeNodeGraphID: 8
Level: 8
SimplifiedLevel: 0
EditOperation: 5 5 26 0 0
AccumulatedOpsCount: 2
AccumulatedOp: 4 26 31 0 0
AccumulatedOp: 5 5 26 0 0
ChildrenCount: 0
ChildIndices:
CompletedDBGraphIDsCount: 2
CompletedDBGraphID: 5817
CompletedDBGraphID: 17049
GraphStart
GraphDataStart
ID: 8
NumNodes: 61
NumEdges: 128
NodeLabels
6 2 2 3 3 3 4 4 4 4 4 4 4 4 4 4 4 4 4 4 4 4 4 4 4 4 4 4 4 4 4 4 5 5 5 5 5 5 5 5 5 5 5 5 5 5 5 5 5 5 5 5 5 5 5 5 5 5 5 5 5 
Edges
0 11 0
0 17 0
1 18 0
2 19 0
3 17 0
3 19 0
3 48 0
4 18 0
4 20 0
4 49 0
5 31 0
5 26 0
6 7 0
6 8 0
6 9 0
6 32 0
7 6 0
7 13 0
7 14 0
7 15 0
8 6 0
8 10 0
8 33 0
8 34 0
9 6 0
9 11 0
9 35 0
9 36 0
10 8 0
10 12 0
10 37 0
10 38 0
11 0 0
11 9 0
11 12 0
12 10 0
12 11 0
12 16 0
13 7 0
13 39 0
13 40 0
13 41 0
14 7 0
14 42 0
14 43 0
14 44 0
15 7 0
15 45 0
15 46 0
15 47 0
16 12 0
16 17 0
16 18 0
17 0 0
17 3 0
17 16 0
18 1 0
18 4 0
18 16 0
19 2 0
19 3 0
19 21 0
20 4 0
20 22 0
20 23 0
21 19 0
21 25 0
21 26 0
22 20 0
22 24 0
22 51 0
23 20 0
23 28 0
23 50 0
24 22 0
24 29 0
24 27 0
25 21 0
25 30 0
25 55 0
26 21 0
26 56 0
26 5 0
27 52 0
27 53 0
27 54 0
27 24 0
28 23 0
28 29 0
28 57 0
29 24 0
29 28 0
29 58 0
30 25 0
30 59 0
30 31 0
31 5 0
31 60 0
31 30 0
32 6 0
33 8 0
34 8 0
35 9 0
36 9 0
37 10 0
38 10 0
39 13 0
40 13 0
41 13 0
42 14 0
43 14 0
44 14 0
45 15 0
46 15 0
47 15 0
48 3 0
49 4 0
50 23 0
51 22 0
52 27 0
53 27 0
54 27 0
55 25 0
56 26 0
57 28 0
58 29 0
59 30 0
60 31 0
GraphDataEnd
GraphEnd
NodeEnd
NodeStart
EPTNodeID: 6
AnchorID: 6392
TreeNodeGraphID: 13
Level: 11
SimplifiedLevel: 0
EditOperation: 1 5 0 3 0
AccumulatedOpsCount: 5
AccumulatedOp: 0 25 0 4 2
AccumulatedOp: 4 25 55 0 0
AccumulatedOp: 1 55 0 5 0
AccumulatedOp: 4 5 31 0 0
AccumulatedOp: 1 5 0 3 0
ChildrenCount: 0
ChildIndices:
CompletedDBGraphIDsCount: 2
CompletedDBGraphID: 12463
CompletedDBGraphID: 2726
GraphStart
GraphDataStart
ID: 13
NumNodes: 59
NumEdges: 124
NodeLabels
6 2 2 3 3 4 4 4 4 4 4 4 4 4 4 4 4 4 4 4 4 4 4 4 2 4 4 4 4 4 4 5 5 5 5 5 5 5 5 5 5 5 5 5 5 5 5 5 5 5 5 5 5 5 5 5 5 5 5 
Edges
0 10 0
0 16 0
1 17 0
2 18 0
3 16 0
3 18 0
3 47 0
4 17 0
4 19 0
4 48 0
5 6 0
5 7 0
5 8 0
5 31 0
6 5 0
6 12 0
6 13 0
6 14 0
7 5 0
7 9 0
7 32 0
7 33 0
8 5 0
8 10 0
8 34 0
8 35 0
9 7 0
9 11 0
9 36 0
9 37 0
10 0 0
10 8 0
10 11 0
11 9 0
11 10 0
11 15 0
12 6 0
12 38 0
12 39 0
12 40 0
13 6 0
13 41 0
13 42 0
13 43 0
14 6 0
14 44 0
14 45 0
14 46 0
15 11 0
15 16 0
15 17 0
16 0 0
16 3 0
16 15 0
17 1 0
17 4 0
17 15 0
18 2 0
18 3 0
18 20 0
19 4 0
19 21 0
19 22 0
20 18 0
20 24 0
20 25 0
21 19 0
21 23 0
21 50 0
22 19 0
22 27 0
22 49 0
23 21 0
23 28 0
23 26 0
24 20 0
24 29 0
25 20 0
25 30 0
25 54 0
26 51 0
26 52 0
26 53 0
26 23 0
27 22 0
27 28 0
27 55 0
28 23 0
28 27 0
28 56 0
29 24 0
29 57 0
29 30 0
30 25 0
30 58 0
30 29 0
31 5 0
32 7 0
33 7 0
34 8 0
35 8 0
36 9 0
37 9 0
38 12 0
39 12 0
40 12 0
41 13 0
42 13 0
43 13 0
44 14 0
45 14 0
46 14 0
47 3 0
48 4 0
49 22 0
50 21 0
51 26 0
52 26 0
53 26 0
54 25 0
55 27 0
56 28 0
57 29 0
58 30 0
GraphDataEnd
GraphEnd
NodeEnd
NodeStart
EPTNodeID: 7
AnchorID: 6392
TreeNodeGraphID: 21
Level: 11
SimplifiedLevel: 0
EditOperation: 5 22 55 0 0
AccumulatedOpsCount: 8
AccumulatedOp: 0 25 0 4 2
AccumulatedOp: 4 25 55 0 0
AccumulatedOp: 5 27 29 0 0
AccumulatedOp: 4 29 58 0 0
AccumulatedOp: 1 58 0 5 0
AccumulatedOp: 4 5 31 0 0
AccumulatedOp: 1 5 0 3 0
AccumulatedOp: 5 22 55 0 0
ChildrenCount: 0
ChildIndices:
CompletedDBGraphIDsCount: 2
CompletedDBGraphID: 11297
CompletedDBGraphID: 9718
GraphStart
GraphDataStart
ID: 21
NumNodes: 59
NumEdges: 124
NodeLabels
6 2 2 3 3 4 4 4 4 4 4 4 4 4 4 4 4 4 4 4 4 4 4 4 2 4 4 4 4 4 4 5 5 5 5 5 5 5 5 5 5 5 5 5 5 5 5 5 5 5 5 5 5 5 5 5 5 5 5 
Edges
0 10 0
0 16 0
1 17 0
2 18 0
3 16 0
3 18 0
3 47 0
4 17 0
4 19 0
4 48 0
5 6 0
5 7 0
5 8 0
5 31 0
6 5 0
6 12 0
6 13 0
6 14 0
7 5 0
7 9 0
7 32 0
7 33 0
8 5 0
8 10 0
8 34 0
8 35 0
9 7 0
9 11 0
9 36 0
9 37 0
10 0 0
10 8 0
10 11 0
11 9 0
11 10 0
11 15 0
12 6 0
12 38 0
12 39 0
12 40 0
13 6 0
13 41 0
13 42 0
13 43 0
14 6 0
14 44 0
14 45 0
14 46 0
15 11 0
15 16 0
15 17 0
16 0 0
16 3 0
16 15 0
17 1 0
17 4 0
17 15 0
18 2 0
18 3 0
18 20 0
19 4 0
19 21 0
19 22 0
20 18 0
20 24 0
20 25 0
21 19 0
21 23 0
21 54 0
22 19 0
22 27 0
22 49 0
23 21 0
23 28 0
23 50 0
24 20 0
24 29 0
25 20 0
25 30 0
25 55 0
26 51 0
26 52 0
26 53 0
26 28 0
27 22 0
27 28 0
27 56 0
28 23 0
28 27 0
28 26 0
29 24 0
29 57 0
29 30 0
30 25 0
30 58 0
30 29 0
31 5 0
32 7 0
33 7 0
34 8 0
35 8 0
36 9 0
37 9 0
38 12 0
39 12 0
40 12 0
41 13 0
42 13 0
43 13 0
44 14 0
45 14 0
46 14 0
47 3 0
48 4 0
49 22 0
50 23 0
51 26 0
52 26 0
53 26 0
54 21 0
55 25 0
56 27 0
57 29 0
58 30 0
GraphDataEnd
GraphEnd
NodeEnd
NodeStart
EPTNodeID: 8
AnchorID: 6392
TreeNodeGraphID: 32
Level: 13
SimplifiedLevel: 0
EditOperation: 5 25 26 0 0
AccumulatedOpsCount: 11
AccumulatedOp: 0 5 0 3 2
AccumulatedOp: 2 61 0 0 5
AccumulatedOp: 5 4 30 0 0
AccumulatedOp: 5 20 61 0 0
AccumulatedOp: 4 4 20 0 0
AccumulatedOp: 4 21 26 0 0
AccumulatedOp: 4 25 30 0 0
AccumulatedOp: 5 22 30 0 0
AccumulatedOp: 5 5 21 0 0
AccumulatedOp: 5 27 30 0 0
AccumulatedOp: 5 25 26 0 0
ChildrenCount: 0
ChildIndices:
CompletedDBGraphIDsCount: 4
CompletedDBGraphID: 4969
CompletedDBGraphID: 21332
CompletedDBGraphID: 21381
CompletedDBGraphID: 19155
GraphStart
GraphDataStart
ID: 32
NumNodes: 62
NumEdges: 130
NodeLabels
6 2 2 3 3 2 4 4 4 4 4 4 4 4 4 4 4 4 4 4 4 4 4 4 4 4 4 4 4 4 4 4 5 5 5 5 5 5 5 5 5 5 5 5 5 5 5 5 5 5 5 5 5 5 5 5 5 5 5 5 5 5 
Edges
0 11 0
0 17 0
1 18 0
2 19 0
3 17 0
3 19 0
3 48 0
4 18 0
4 49 0
4 30 0
5 31 0
5 21 0
6 7 0
6 8 0
6 9 0
6 32 0
7 6 0
7 13 0
7 14 0
7 15 0
8 6 0
8 10 0
8 33 0
8 34 0
9 6 0
9 11 0
9 35 0
9 36 0
10 8 0
10 12 0
10 37 0
10 38 0
11 0 0
11 9 0
11 12 0
12 10 0
12 11 0
12 16 0
13 7 0
13 39 0
13 40 0
13 41 0
14 7 0
14 42 0
14 43 0
14 44 0
15 7 0
15 45 0
15 46 0
15 47 0
16 12 0
16 17 0
16 18 0
17 0 0
17 3 0
17 16 0
18 1 0
18 4 0
18 16 0
19 2 0
19 3 0
19 21 0
20 22 0
20 23 0
20 61 0
21 19 0
21 25 0
21 5 0
22 20 0
22 24 0
22 30 0
23 20 0
23 28 0
23 50 0
24 22 0
24 29 0
24 51 0
25 21 0
25 55 0
25 26 0
26 31 0
26 56 0
26 25 0
27 52 0
27 53 0
27 54 0
27 30 0
28 23 0
28 29 0
28 57 0
29 24 0
29 28 0
29 58 0
30 59 0
30 4 0
30 22 0
30 27 0
31 5 0
31 26 0
31 60 0
32 6 0
33 8 0
34 8 0
35 9 0
36 9 0
37 10 0
38 10 0
39 13 0
40 13 0
41 13 0
42 14 0
43 14 0
44 14 0
45 15 0
46 15 0
47 15 0
48 3 0
49 4 0
50 23 0
51 24 0
52 27 0
53 27 0
54 27 0
55 25 0
56 26 0
57 28 0
58 29 0
59 30 0
60 31 0
61 20 0
GraphDataEnd
GraphEnd
NodeEnd
NodeStart
EPTNodeID: 9
AnchorID: 6392
TreeNodeGraphID: 39
Level: 8
SimplifiedLevel: 0
EditOperation: 5 5 59 0 0
AccumulatedOpsCount: 7
AccumulatedOp: 4 30 59 0 0
AccumulatedOp: 0 5 0 3 4
AccumulatedOp: 0 30 0 4 3
AccumulatedOp: 2 61 0 0 2
AccumulatedOp: 5 22 61 0 0
AccumulatedOp: 5 27 61 0 0
AccumulatedOp: 5 5 59 0 0
ChildrenCount: 0
ChildIndices:
CompletedDBGraphIDsCount: 2
CompletedDBGraphID: 20638
CompletedDBGraphID: 16346
GraphStart
GraphDataStart
ID: 39
NumNodes: 62
NumEdges: 130
NodeLabels
6 2 2 3 3 4 4 4 4 4 4 4 4 4 4 4 4 4 4 4 4 4 4 4 4 4 4 4 4 4 3 4 5 5 5 5 5 5 5 5 5 5 5 5 5 5 5 5 5 5 5 5 5 5 5 5 5 5 5 5 5 2 
Edges
0 11 0
0 17 0
1 18 0
2 19 0
3 17 0
3 19 0
3 48 0
4 18 0
4 20 0
4 49 0
5 30 0
5 31 0
5 59 0
6 7 0
6 8 0
6 9 0
6 32 0
7 6 0
7 13 0
7 14 0
7 15 0
8 6 0
8 10 0
8 33 0
8 34 0
9 6 0
9 11 0
9 35 0
9 36 0
10 8 0
10 12 0
10 37 0
10 38 0
11 0 0
11 9 0
11 12 0
12 10 0
12 11 0
12 16 0
13 7 0
13 39 0
13 40 0
13 41 0
14 7 0
14 42 0
14 43 0
14 44 0
15 7 0
15 45 0
15 46 0
15 47 0
16 12 0
16 17 0
16 18 0
17 0 0
17 3 0
17 16 0
18 1 0
18 4 0
18 16 0
19 2 0
19 3 0
19 21 0
20 4 0
20 22 0
20 23 0
21 19 0
21 25 0
21 26 0
22 20 0
22 24 0
22 61 0
23 20 0
23 28 0
23 50 0
24 22 0
24 29 0
24 51 0
25 21 0
25 30 0
25 55 0
26 21 0
26 31 0
26 56 0
27 52 0
27 53 0
27 54 0
27 61 0
28 23 0
28 29 0
28 57 0
29 24 0
29 28 0
29 58 0
30 5 0
30 25 0
31 5 0
31 26 0
31 60 0
32 6 0
33 8 0
34 8 0
35 9 0
36 9 0
37 10 0
38 10 0
39 13 0
40 13 0
41 13 0
42 14 0
43 14 0
44 14 0
45 15 0
46 15 0
47 15 0
48 3 0
49 4 0
50 23 0
51 24 0
52 27 0
53 27 0
54 27 0
55 25 0
56 26 0
57 28 0
58 29 0
59 5 0
60 31 0
61 22 0
61 27 0
GraphDataEnd
GraphEnd
NodeEnd
NodeStart
EPTNodeID: 10
AnchorID: 6392
TreeNodeGraphID: 42
Level: 4
SimplifiedLevel: 0
EditOperation: 5 27 28 0 0
AccumulatedOpsCount: 3
AccumulatedOp: 4 28 57 0 0
AccumulatedOp: 5 22 57 0 0
AccumulatedOp: 5 27 28 0 0
ChildrenCount: 0
ChildIndices:
CompletedDBGraphIDsCount: 2
CompletedDBGraphID: 8366
CompletedDBGraphID: 17713
GraphStart
GraphDataStart
ID: 42
NumNodes: 61
NumEdges: 128
NodeLabels
6 2 2 3 3 3 4 4 4 4 4 4 4 4 4 4 4 4 4 4 4 4 4 4 4 4 4 4 4 4 4 4 5 5 5 5 5 5 5 5 5 5 5 5 5 5 5 5 5 5 5 5 5 5 5 5 5 5 5 5 5 
Edges
0 11 0
0 17 0
1 18 0
2 19 0
3 17 0
3 19 0
3 48 0
4 18 0
4 20 0
4 49 0
5 30 0
5 31 0
6 7 0
6 8 0
6 9 0
6 32 0
7 6 0
7 13 0
7 14 0
7 15 0
8 6 0
8 10 0
8 33 0
8 34 0
9 6 0
9 11 0
9 35 0
9 36 0
10 8 0
10 12 0
10 37 0
10 38 0
11 0 0
11 9 0
11 12 0
12 10 0
12 11 0
12 16 0
13 7 0
13 39 0
13 40 0
13 41 0
14 7 0
14 42 0
14 43 0
14 44 0
15 7 0
15 45 0
15 46 0
15 47 0
16 12 0
16 17 0
16 18 0
17 0 0
17 3 0
17 16 0
18 1 0
18 4 0
18 16 0
19 2 0
19 3 0
19 21 0
20 4 0
20 22 0
20 23 0
21 19 0
21 25 0
21 26 0
22 20 0
22 24 0
22 57 0
23 20 0
23 28 0
23 50 0
24 22 0
24 29 0
24 51 0
25 21 0
25 30 0
25 55 0
26 21 0
26 31 0
26 56 0
27 52 0
27 53 0
27 54 0
27 28 0
28 23 0
28 29 0
28 27 0
29 24 0
29 28 0
29 58 0
30 5 0
30 25 0
30 59 0
31 5 0
31 26 0
31 60 0
32 6 0
33 8 0
34 8 0
35 9 0
36 9 0
37 10 0
38 10 0
39 13 0
40 13 0
41 13 0
42 14 0
43 14 0
44 14 0
45 15 0
46 15 0
47 15 0
48 3 0
49 4 0
50 23 0
51 24 0
52 27 0
53 27 0
54 27 0
55 25 0
56 26 0
57 22 0
58 29 0
59 30 0
60 31 0
GraphDataEnd
GraphEnd
NodeEnd
NodeStart
EPTNodeID: 11
AnchorID: 6392
TreeNodeGraphID: 49
Level: 7
SimplifiedLevel: 0
EditOperation: 5 30 31 0 0
AccumulatedOpsCount: 7
AccumulatedOp: 4 5 30 0 0
AccumulatedOp: 4 25 55 0 0
AccumulatedOp: 0 25 0 4 2
AccumulatedOp: 4 5 31 0 0
AccumulatedOp: 1 5 0 3 0
AccumulatedOp: 1 55 0 5 0
AccumulatedOp: 5 30 31 0 0
ChildrenCount: 0
ChildIndices:
CompletedDBGraphIDsCount: 2
CompletedDBGraphID: 9344
CompletedDBGraphID: 286
GraphStart
GraphDataStart
ID: 49
NumNodes: 59
NumEdges: 124
NodeLabels
6 2 2 3 3 4 4 4 4 4 4 4 4 4 4 4 4 4 4 4 4 4 4 4 2 4 4 4 4 4 4 5 5 5 5 5 5 5 5 5 5 5 5 5 5 5 5 5 5 5 5 5 5 5 5 5 5 5 5 
Edges
0 10 0
0 16 0
1 17 0
2 18 0
3 16 0
3 18 0
3 47 0
4 17 0
4 19 0
4 48 0
5 6 0
5 7 0
5 8 0
5 31 0
6 5 0
6 12 0
6 13 0
6 14 0
7 5 0
7 9 0
7 32 0
7 33 0
8 5 0
8 10 0
8 34 0
8 35 0
9 7 0
9 11 0
9 36 0
9 37 0
10 0 0
10 8 0
10 11 0
11 9 0
11 10 0
11 15 0
12 6 0
12 38 0
12 39 0
12 40 0
13 6 0
13 41 0
13 42 0
13 43 0
14 6 0
14 44 0
14 45 0
14 46 0
15 11 0
15 16 0
15 17 0
16 0 0
16 3 0
16 15 0
17 1 0
17 4 0
17 15 0
18 2 0
18 3 0
18 20 0
19 4 0
19 21 0
19 22 0
20 18 0
20 24 0
20 25 0
21 19 0
21 23 0
21 26 0
22 19 0
22 27 0
22 49 0
23 21 0
23 28 0
23 50 0
24 20 0
24 29 0
25 20 0
25 30 0
25 54 0
26 21 0
26 51 0
26 52 0
26 53 0
27 22 0
27 28 0
27 55 0
28 23 0
28 27 0
28 56 0
29 24 0
29 57 0
29 30 0
30 25 0
30 58 0
30 29 0
31 5 0
32 7 0
33 7 0
34 8 0
35 8 0
36 9 0
37 9 0
38 12 0
39 12 0
40 12 0
41 13 0
42 13 0
43 13 0
44 14 0
45 14 0
46 14 0
47 3 0
48 4 0
49 22 0
50 23 0
51 26 0
52 26 0
53 26 0
54 25 0
55 27 0
56 28 0
57 29 0
58 30 0
GraphDataEnd
GraphEnd
NodeEnd
NodeStart
EPTNodeID: 12
AnchorID: 6392
TreeNodeGraphID: 56
Level: 7
SimplifiedLevel: 0
EditOperation: 5 4 27 0 0
AccumulatedOpsCount: 7
AccumulatedOp: 4 4 20 0 0
AccumulatedOp: 0 5 0 3 4
AccumulatedOp: 0 20 0 4 2
AccumulatedOp: 4 27 54 0 0
AccumulatedOp: 1 54 0 5 0
AccumulatedOp: 4 28 29 0 0
AccumulatedOp: 5 4 27 0 0
ChildrenCount: 2
ChildIndices: 13 14
CompletedDBGraphIDsCount: 0
GraphStart
GraphDataStart
ID: 56
NumNodes: 60
NumEdges: 124
NodeLabels
6 2 2 3 3 4 4 4 4 4 4 4 4 4 4 4 4 4 4 4 2 4 4 4 4 4 4 4 4 4 4 4 5 5 5 5 5 5 5 5 5 5 5 5 5 5 5 5 5 5 5 5 5 5 5 5 5 5 5 5 
Edges
0 11 0
0 17 0
1 18 0
2 19 0
3 17 0
3 19 0
3 48 0
4 18 0
4 49 0
4 27 0
5 30 0
5 31 0
6 7 0
6 8 0
6 9 0
6 32 0
7 6 0
7 13 0
7 14 0
7 15 0
8 6 0
8 10 0
8 33 0
8 34 0
9 6 0
9 11 0
9 35 0
9 36 0
10 8 0
10 12 0
10 37 0
10 38 0
11 0 0
11 9 0
11 12 0
12 10 0
12 11 0
12 16 0
13 7 0
13 39 0
13 40 0
13 41 0
14 7 0
14 42 0
14 43 0
14 44 0
15 7 0
15 45 0
15 46 0
15 47 0
16 12 0
16 17 0
16 18 0
17 0 0
17 3 0
17 16 0
18 1 0
18 4 0
18 16 0
19 2 0
19 3 0
19 21 0
20 22 0
20 23 0
21 19 0
21 25 0
21 26 0
22 20 0
22 24 0
22 27 0
23 20 0
23 28 0
23 50 0
24 22 0
24 29 0
24 51 0
25 21 0
25 30 0
25 54 0
26 21 0
26 31 0
26 55 0
27 22 0
27 52 0
27 53 0
27 4 0
28 23 0
28 56 0
29 24 0
29 57 0
30 5 0
30 25 0
30 58 0
31 5 0
31 26 0
31 59 0
32 6 0
33 8 0
34 8 0
35 9 0
36 9 0
37 10 0
38 10 0
39 13 0
40 13 0
41 13 0
42 14 0
43 14 0
44 14 0
45 15 0
46 15 0
47 15 0
48 3 0
49 4 0
50 23 0
51 24 0
52 27 0
53 27 0
54 25 0
55 26 0
56 28 0
57 29 0
58 30 0
59 31 0
GraphDataEnd
GraphEnd
NodeEnd
NodeStart
EPTNodeID: 13
AnchorID: 6392
TreeNodeGraphID: 61
Level: 12
SimplifiedLevel: 0
EditOperation: 1 28 0 4 0
AccumulatedOpsCount: 5
AccumulatedOp: 5 23 29 0 0
AccumulatedOp: 4 23 28 0 0
AccumulatedOp: 5 5 57 0 0
AccumulatedOp: 4 28 57 0 0
AccumulatedOp: 1 28 0 4 0
ChildrenCount: 0
ChildIndices:
CompletedDBGraphIDsCount: 2
CompletedDBGraphID: 22111
CompletedDBGraphID: 14154
GraphStart
GraphDataStart
ID: 61
NumNodes: 59
NumEdges: 124
NodeLabels
6 2 2 3 3 4 4 4 4 4 4 4 4 4 4 4 4 4 4 4 2 4 4 4 4 4 4 4 4 4 4 5 5 5 5 5 5 5 5 5 5 5 5 5 5 5 5 5 5 5 5 5 5 5 5 5 5 5 5 
Edges
0 11 0
0 17 0
1 18 0
2 19 0
3 17 0
3 19 0
3 47 0
4 18 0
4 48 0
4 27 0
5 29 0
5 30 0
5 55 0
6 7 0
6 8 0
6 9 0
6 31 0
7 6 0
7 13 0
7 14 0
7 15 0
8 6 0
8 10 0
8 32 0
8 33 0
9 6 0
9 11 0
9 34 0
9 35 0
10 8 0
10 12 0
10 36 0
10 37 0
11 0 0
11 9 0
11 12 0
12 10 0
12 11 0
12 16 0
13 7 0
13 38 0
13 39 0
13 40 0
14 7 0
14 41 0
14 42 0
14 43 0
15 7 0
15 44 0
15 45 0
15 46 0
16 12 0
16 17 0
16 18 0
17 0 0
17 3 0
17 16 0
18 1 0
18 4 0
18 16 0
19 2 0
19 3 0
19 21 0
20 22 0
20 23 0
21 19 0
21 25 0
21 26 0
22 20 0
22 24 0
22 27 0
23 20 0
23 49 0
23 28 0
24 22 0
24 28 0
24 50 0
25 21 0
25 29 0
25 53 0
26 21 0
26 30 0
26 54 0
27 22 0
27 51 0
27 52 0
27 4 0
28 24 0
28 56 0
28 23 0
29 5 0
29 25 0
29 57 0
30 5 0
30 26 0
30 58 0
31 6 0
32 8 0
33 8 0
34 9 0
35 9 0
36 10 0
37 10 0
38 13 0
39 13 0
40 13 0
41 14 0
42 14 0
43 14 0
44 15 0
45 15 0
46 15 0
47 3 0
48 4 0
49 23 0
50 24 0
51 27 0
52 27 0
53 25 0
54 26 0
55 5 0
56 28 0
57 29 0
58 30 0
GraphDataEnd
GraphEnd
NodeEnd
NodeStart
EPTNodeID: 14
AnchorID: 6392
TreeNodeGraphID: 67
Level: 13
SimplifiedLevel: 0
EditOperation: 5 24 28 0 0
AccumulatedOpsCount: 6
AccumulatedOp: 4 24 29 0 0
AccumulatedOp: 4 29 58 0 0
AccumulatedOp: 1 29 0 4 0
AccumulatedOp: 0 60 0 5 7
AccumulatedOp: 5 5 58 0 0
AccumulatedOp: 5 24 28 0 0
ChildrenCount: 0
ChildIndices:
CompletedDBGraphIDsCount: 2
CompletedDBGraphID: 21244
CompletedDBGraphID: 21606
GraphStart
GraphDataStart
ID: 67
NumNodes: 59
NumEdges: 124
NodeLabels
6 2 2 3 3 4 4 4 4 4 4 4 4 4 4 4 4 4 4 4 2 4 4 4 4 4 4 4 4 4 4 5 5 5 5 5 5 5 5 5 5 5 5 5 5 5 5 5 5 5 5 5 5 5 5 5 5 5 7 
Edges
0 11 0
0 17 0
1 18 0
2 19 0
3 17 0
3 19 0
3 47 0
4 18 0
4 48 0
4 27 0
5 29 0
5 30 0
5 56 0
6 7 0
6 8 0
6 9 0
6 31 0
7 6 0
7 13 0
7 14 0
7 15 0
8 6 0
8 10 0
8 32 0
8 33 0
9 6 0
9 11 0
9 34 0
9 35 0
10 8 0
10 12 0
10 36 0
10 37 0
11 0 0
11 9 0
11 12 0
12 10 0
12 11 0
12 16 0
13 7 0
13 38 0
13 39 0
13 40 0
14 7 0
14 41 0
14 42 0
14 43 0
15 7 0
15 44 0
15 45 0
15 46 0
16 12 0
16 17 0
16 18 0
17 0 0
17 3 0
17 16 0
18 1 0
18 4 0
18 16 0
19 2 0
19 3 0
19 21 0
20 22 0
20 23 0
21 19 0
21 25 0
21 26 0
22 20 0
22 24 0
22 27 0
23 20 0
23 28 0
23 49 0
24 22 0
24 50 0
24 28 0
25 21 0
25 29 0
25 53 0
26 21 0
26 30 0
26 54 0
27 22 0
27 51 0
27 52 0
27 4 0
28 23 0
28 55 0
28 24 0
29 5 0
29 25 0
29 57 0
30 5 0
30 26 0
30 58 0
31 6 0
32 8 0
33 8 0
34 9 0
35 9 0
36 10 0
37 10 0
38 13 0
39 13 0
40 13 0
41 14 0
42 14 0
43 14 0
44 15 0
45 15 0
46 15 0
47 3 0
48 4 0
49 23 0
50 24 0
51 27 0
52 27 0
53 25 0
54 26 0
55 28 0
56 5 0
57 29 0
58 30 0
GraphDataEnd
GraphEnd
NodeEnd
END_EPT
