BEGIN_EPT
AnchorID: 6135  # ID of the anchor node
RootIndex: 0  # Index of the root node in tree_nodes
NodeCount: 5  # Total number of nodes in the EPT
NodeStart
EPTNodeID: 0
AnchorID: 6135
TreeNodeGraphID: 0
Level: 0
SimplifiedLevel: 0
EditOperation: -1 0 -1 0 0
AccumulatedOpsCount: 0
ChildrenCount: 1
ChildIndices: 1
CompletedDBGraphIDsCount: 0
GraphStart
GraphDataStart
ID: 0
NumNodes: 66
NumEdges: 140
NodeLabels
1 1 1 2 2 3 3 3 4 4 4 4 4 4 4 4 4 4 4 4 4 4 4 4 4 4 4 4 4 4 4 4 4 4 4 4 4 4 5 5 5 5 5 5 5 5 5 5 5 5 5 5 5 5 5 5 5 5 5 5 5 5 5 5 5 5 
Edges
0 27 0
1 27 0
2 27 0
3 17 0
4 18 0
5 8 0
5 9 0
5 12 0
6 10 0
6 11 0
6 14 0
7 13 0
7 17 0
7 18 0
8 5 0
8 11 0
8 40 0
8 41 0
9 5 0
9 10 0
9 38 0
9 39 0
10 6 0
10 9 0
10 42 0
10 43 0
11 6 0
11 8 0
11 44 0
11 45 0
12 5 0
12 13 0
12 46 0
12 47 0
13 7 0
13 12 0
13 48 0
13 49 0
14 6 0
14 19 0
14 20 0
15 16 0
15 17 0
15 50 0
15 51 0
16 15 0
16 18 0
16 21 0
17 3 0
17 7 0
17 15 0
18 4 0
18 7 0
18 16 0
19 14 0
19 22 0
19 52 0
20 14 0
20 23 0
20 53 0
21 16 0
21 25 0
21 26 0
22 19 0
22 24 0
22 27 0
23 20 0
23 24 0
23 54 0
24 22 0
24 23 0
24 55 0
25 21 0
25 28 0
25 30 0
26 21 0
26 29 0
26 31 0
27 0 0
27 1 0
27 2 0
27 22 0
28 25 0
28 33 0
28 57 0
29 26 0
29 32 0
29 56 0
30 25 0
30 35 0
30 59 0
31 26 0
31 34 0
31 58 0
32 29 0
32 36 0
32 61 0
33 28 0
33 37 0
33 60 0
34 31 0
34 36 0
34 63 0
35 30 0
35 37 0
35 62 0
36 32 0
36 34 0
36 64 0
37 33 0
37 35 0
37 65 0
38 9 0
39 9 0
40 8 0
41 8 0
42 10 0
43 10 0
44 11 0
45 11 0
46 12 0
47 12 0
48 13 0
49 13 0
50 15 0
51 15 0
52 19 0
53 20 0
54 23 0
55 24 0
56 29 0
57 28 0
58 31 0
59 30 0
60 33 0
61 32 0
62 35 0
63 34 0
64 36 0
65 37 0
GraphDataEnd
GraphEnd
NodeEnd
NodeStart
EPTNodeID: 1
AnchorID: 6135
TreeNodeGraphID: 6
Level: 6
SimplifiedLevel: 0
EditOperation: 1 1 0 1 0
AccumulatedOpsCount: 6
AccumulatedOp: 4 2 27 0 0
AccumulatedOp: 4 0 27 0 0
AccumulatedOp: 1 0 0 1 0
AccumulatedOp: 1 2 0 1 0
AccumulatedOp: 4 1 27 0 0
AccumulatedOp: 1 1 0 1 0
ChildrenCount: 2
ChildIndices: 2 4
CompletedDBGraphIDsCount: 0
GraphStart
GraphDataStart
ID: 6
NumNodes: 63
NumEdges: 134
NodeLabels
2 2 3 3 3 4 4 4 4 4 4 4 4 4 4 4 4 4 4 4 4 4 4 4 4 4 4 4 4 4 4 4 4 4 4 5 5 5 5 5 5 5 5 5 5 5 5 5 5 5 5 5 5 5 5 5 5 5 5 5 5 5 5 
Edges
0 14 0
1 15 0
2 5 0
2 6 0
2 9 0
3 7 0
3 8 0
3 11 0
4 10 0
4 14 0
4 15 0
5 2 0
5 8 0
5 37 0
5 38 0
6 2 0
6 7 0
6 35 0
6 36 0
7 3 0
7 6 0
7 39 0
7 40 0
8 3 0
8 5 0
8 41 0
8 42 0
9 2 0
9 10 0
9 43 0
9 44 0
10 4 0
10 9 0
10 45 0
10 46 0
11 3 0
11 16 0
11 17 0
12 13 0
12 14 0
12 47 0
12 48 0
13 12 0
13 15 0
13 18 0
14 0 0
14 4 0
14 12 0
15 1 0
15 4 0
15 13 0
16 11 0
16 19 0
16 49 0
17 11 0
17 20 0
17 50 0
18 13 0
18 22 0
18 23 0
19 16 0
19 21 0
19 24 0
20 17 0
20 21 0
20 51 0
21 19 0
21 20 0
21 52 0
22 18 0
22 25 0
22 27 0
23 18 0
23 26 0
23 28 0
24 19 0
25 22 0
25 30 0
25 54 0
26 23 0
26 29 0
26 53 0
27 22 0
27 32 0
27 56 0
28 23 0
28 31 0
28 55 0
29 26 0
29 33 0
29 58 0
30 25 0
30 34 0
30 57 0
31 28 0
31 33 0
31 60 0
32 27 0
32 34 0
32 59 0
33 29 0
33 31 0
33 61 0
34 30 0
34 32 0
34 62 0
35 6 0
36 6 0
37 5 0
38 5 0
39 7 0
40 7 0
41 8 0
42 8 0
43 9 0
44 9 0
45 10 0
46 10 0
47 12 0
48 12 0
49 16 0
50 17 0
51 20 0
52 21 0
53 26 0
54 25 0
55 28 0
56 27 0
57 30 0
58 29 0
59 32 0
60 31 0
61 33 0
62 34 0
GraphDataEnd
GraphEnd
NodeEnd
NodeStart
EPTNodeID: 2
AnchorID: 6135
TreeNodeGraphID: 7
Level: 7
SimplifiedLevel: 0
EditOperation: 0 27 0 4 5
AccumulatedOpsCount: 1
AccumulatedOp: 0 27 0 4 5
ChildrenCount: 1
ChildIndices: 3
CompletedDBGraphIDsCount: 1
CompletedDBGraphID: 16808
GraphStart
GraphDataStart
ID: 7
NumNodes: 63
NumEdges: 134
NodeLabels
2 2 3 3 3 4 4 4 4 4 4 4 4 4 4 4 4 4 4 4 4 4 4 4 5 4 4 4 4 4 4 4 4 4 4 5 5 5 5 5 5 5 5 5 5 5 5 5 5 5 5 5 5 5 5 5 5 5 5 5 5 5 5 
Edges
0 14 0
1 15 0
2 5 0
2 6 0
2 9 0
3 7 0
3 8 0
3 11 0
4 10 0
4 14 0
4 15 0
5 2 0
5 8 0
5 37 0
5 38 0
6 2 0
6 7 0
6 35 0
6 36 0
7 3 0
7 6 0
7 39 0
7 40 0
8 3 0
8 5 0
8 41 0
8 42 0
9 2 0
9 10 0
9 43 0
9 44 0
10 4 0
10 9 0
10 45 0
10 46 0
11 3 0
11 16 0
11 17 0
12 13 0
12 14 0
12 47 0
12 48 0
13 12 0
13 15 0
13 18 0
14 0 0
14 4 0
14 12 0
15 1 0
15 4 0
15 13 0
16 11 0
16 19 0
16 49 0
17 11 0
17 20 0
17 50 0
18 13 0
18 22 0
18 23 0
19 16 0
19 21 0
19 24 0
20 17 0
20 21 0
20 51 0
21 19 0
21 20 0
21 52 0
22 18 0
22 25 0
22 27 0
23 18 0
23 26 0
23 28 0
24 19 0
25 22 0
25 30 0
25 54 0
26 23 0
26 29 0
26 53 0
27 22 0
27 32 0
27 56 0
28 23 0
28 31 0
28 55 0
29 26 0
29 33 0
29 58 0
30 25 0
30 34 0
30 57 0
31 28 0
31 33 0
31 60 0
32 27 0
32 34 0
32 59 0
33 29 0
33 31 0
33 61 0
34 30 0
34 32 0
34 62 0
35 6 0
36 6 0
37 5 0
38 5 0
39 7 0
40 7 0
41 8 0
42 8 0
43 9 0
44 9 0
45 10 0
46 10 0
47 12 0
48 12 0
49 16 0
50 17 0
51 20 0
52 21 0
53 26 0
54 25 0
55 28 0
56 27 0
57 30 0
58 29 0
59 32 0
60 31 0
61 33 0
62 34 0
GraphDataEnd
GraphEnd
NodeEnd
NodeStart
EPTNodeID: 3
AnchorID: 6135
TreeNodeGraphID: 8
Level: 8
SimplifiedLevel: 0
EditOperation: 0 55 0 5 1
AccumulatedOpsCount: 1
AccumulatedOp: 0 55 0 5 1
ChildrenCount: 0
ChildIndices:
CompletedDBGraphIDsCount: 1
CompletedDBGraphID: 11399
GraphStart
GraphDataStart
ID: 8
NumNodes: 63
NumEdges: 134
NodeLabels
2 2 3 3 3 4 4 4 4 4 4 4 4 4 4 4 4 4 4 4 4 4 4 4 5 4 4 4 4 4 4 4 4 4 4 5 5 5 5 5 5 5 5 5 5 5 5 5 5 5 5 5 1 5 5 5 5 5 5 5 5 5 5 
Edges
0 14 0
1 15 0
2 5 0
2 6 0
2 9 0
3 7 0
3 8 0
3 11 0
4 10 0
4 14 0
4 15 0
5 2 0
5 8 0
5 37 0
5 38 0
6 2 0
6 7 0
6 35 0
6 36 0
7 3 0
7 6 0
7 39 0
7 40 0
8 3 0
8 5 0
8 41 0
8 42 0
9 2 0
9 10 0
9 43 0
9 44 0
10 4 0
10 9 0
10 45 0
10 46 0
11 3 0
11 16 0
11 17 0
12 13 0
12 14 0
12 47 0
12 48 0
13 12 0
13 15 0
13 18 0
14 0 0
14 4 0
14 12 0
15 1 0
15 4 0
15 13 0
16 11 0
16 19 0
16 49 0
17 11 0
17 20 0
17 50 0
18 13 0
18 22 0
18 23 0
19 16 0
19 21 0
19 24 0
20 17 0
20 21 0
20 51 0
21 19 0
21 20 0
21 52 0
22 18 0
22 25 0
22 27 0
23 18 0
23 26 0
23 28 0
24 19 0
25 22 0
25 30 0
25 54 0
26 23 0
26 29 0
26 53 0
27 22 0
27 32 0
27 56 0
28 23 0
28 31 0
28 55 0
29 26 0
29 33 0
29 58 0
30 25 0
30 34 0
30 57 0
31 28 0
31 33 0
31 60 0
32 27 0
32 34 0
32 59 0
33 29 0
33 31 0
33 61 0
34 30 0
34 32 0
34 62 0
35 6 0
36 6 0
37 5 0
38 5 0
39 7 0
40 7 0
41 8 0
42 8 0
43 9 0
44 9 0
45 10 0
46 10 0
47 12 0
48 12 0
49 16 0
50 17 0
51 20 0
52 21 0
53 26 0
54 25 0
55 28 0
56 27 0
57 30 0
58 29 0
59 32 0
60 31 0
61 33 0
62 34 0
GraphDataEnd
GraphEnd
NodeEnd
NodeStart
EPTNodeID: 4
AnchorID: 6135
TreeNodeGraphID: 9
Level: 7
SimplifiedLevel: 0
EditOperation: 0 27 0 4 7
AccumulatedOpsCount: 1
AccumulatedOp: 0 27 0 4 7
ChildrenCount: 0
ChildIndices:
CompletedDBGraphIDsCount: 1
CompletedDBGraphID: 5385
GraphStart
GraphDataStart
ID: 9
NumNodes: 63
NumEdges: 134
NodeLabels
2 2 3 3 3 4 4 4 4 4 4 4 4 4 4 4 4 4 4 4 4 4 4 4 7 4 4 4 4 4 4 4 4 4 4 5 5 5 5 5 5 5 5 5 5 5 5 5 5 5 5 5 5 5 5 5 5 5 5 5 5 5 5 
Edges
0 14 0
1 15 0
2 5 0
2 6 0
2 9 0
3 7 0
3 8 0
3 11 0
4 10 0
4 14 0
4 15 0
5 2 0
5 8 0
5 37 0
5 38 0
6 2 0
6 7 0
6 35 0
6 36 0
7 3 0
7 6 0
7 39 0
7 40 0
8 3 0
8 5 0
8 41 0
8 42 0
9 2 0
9 10 0
9 43 0
9 44 0
10 4 0
10 9 0
10 45 0
10 46 0
11 3 0
11 16 0
11 17 0
12 13 0
12 14 0
12 47 0
12 48 0
13 12 0
13 15 0
13 18 0
14 0 0
14 4 0
14 12 0
15 1 0
15 4 0
15 13 0
16 11 0
16 19 0
16 49 0
17 11 0
17 20 0
17 50 0
18 13 0
18 22 0
18 23 0
19 16 0
19 21 0
19 24 0
20 17 0
20 21 0
20 51 0
21 19 0
21 20 0
21 52 0
22 18 0
22 25 0
22 27 0
23 18 0
23 26 0
23 28 0
24 19 0
25 22 0
25 30 0
25 54 0
26 23 0
26 29 0
26 53 0
27 22 0
27 32 0
27 56 0
28 23 0
28 31 0
28 55 0
29 26 0
29 33 0
29 58 0
30 25 0
30 34 0
30 57 0
31 28 0
31 33 0
31 60 0
32 27 0
32 34 0
32 59 0
33 29 0
33 31 0
33 61 0
34 30 0
34 32 0
34 62 0
35 6 0
36 6 0
37 5 0
38 5 0
39 7 0
40 7 0
41 8 0
42 8 0
43 9 0
44 9 0
45 10 0
46 10 0
47 12 0
48 12 0
49 16 0
50 17 0
51 20 0
52 21 0
53 26 0
54 25 0
55 28 0
56 27 0
57 30 0
58 29 0
59 32 0
60 31 0
61 33 0
62 34 0
GraphDataEnd
GraphEnd
NodeEnd
END_EPT
