BEGIN_EPT
AnchorID: 6652  # ID of the anchor node
RootIndex: 0  # Index of the root node in tree_nodes
NodeCount: 4  # Total number of nodes in the EPT
NodeStart
EPTNodeID: 0
AnchorID: 6652
TreeNodeGraphID: 0
Level: 0
SimplifiedLevel: 0
EditOperation: -1 0 -1 0 0
AccumulatedOpsCount: 0
ChildrenCount: 1
ChildIndices: 1
CompletedDBGraphIDsCount: 0
GraphStart
GraphDataStart
ID: 0
NumNodes: 56
NumEdges: 122
NodeLabels
7 6 2 2 2 2 3 3 3 4 4 4 4 4 4 4 4 4 4 4 4 4 4 4 4 4 4 4 4 4 4 4 4 4 5 5 5 5 5 5 5 5 5 5 5 5 5 5 5 5 5 5 5 5 5 5 
Edges
0 33 0
1 14 0
1 24 0
2 6 0
2 11 0
3 12 0
4 13 0
5 31 0
5 32 0
6 2 0
6 10 0
6 15 0
7 12 0
7 13 0
7 16 0
8 22 0
8 27 0
8 28 0
9 10 0
9 11 0
9 12 0
9 34 0
10 6 0
10 9 0
10 14 0
10 35 0
11 2 0
11 9 0
11 13 0
11 36 0
12 3 0
12 7 0
12 9 0
13 4 0
13 7 0
13 11 0
14 1 0
14 10 0
14 17 0
15 6 0
15 20 0
15 21 0
16 7 0
16 18 0
16 19 0
17 14 0
17 23 0
17 37 0
18 16 0
18 25 0
18 38 0
19 16 0
19 26 0
19 39 0
20 15 0
20 29 0
20 40 0
21 15 0
21 30 0
21 41 0
22 8 0
22 25 0
22 26 0
23 17 0
23 24 0
23 42 0
24 1 0
24 23 0
24 43 0
25 18 0
25 22 0
25 44 0
26 19 0
26 22 0
26 45 0
27 8 0
27 32 0
27 46 0
27 47 0
28 8 0
28 31 0
28 48 0
28 49 0
29 20 0
29 33 0
29 50 0
30 21 0
30 33 0
30 51 0
31 5 0
31 28 0
31 52 0
31 53 0
32 5 0
32 27 0
32 54 0
32 55 0
33 0 0
33 29 0
33 30 0
34 9 0
35 10 0
36 11 0
37 17 0
38 18 0
39 19 0
40 20 0
41 21 0
42 23 0
43 24 0
44 25 0
45 26 0
46 27 0
47 27 0
48 28 0
49 28 0
50 29 0
51 30 0
52 31 0
53 31 0
54 32 0
55 32 0
GraphDataEnd
GraphEnd
NodeEnd
NodeStart
EPTNodeID: 1
AnchorID: 6652
TreeNodeGraphID: 1
Level: 1
SimplifiedLevel: 0
EditOperation: 0 0 0 7 5
AccumulatedOpsCount: 1
AccumulatedOp: 0 0 0 7 5
ChildrenCount: 2
ChildIndices: 2 3
CompletedDBGraphIDsCount: 0
GraphStart
GraphDataStart
ID: 1
NumNodes: 56
NumEdges: 122
NodeLabels
5 6 2 2 2 2 3 3 3 4 4 4 4 4 4 4 4 4 4 4 4 4 4 4 4 4 4 4 4 4 4 4 4 4 5 5 5 5 5 5 5 5 5 5 5 5 5 5 5 5 5 5 5 5 5 5 
Edges
0 33 0
1 14 0
1 24 0
2 6 0
2 11 0
3 12 0
4 13 0
5 31 0
5 32 0
6 2 0
6 10 0
6 15 0
7 12 0
7 13 0
7 16 0
8 22 0
8 27 0
8 28 0
9 10 0
9 11 0
9 12 0
9 34 0
10 6 0
10 9 0
10 14 0
10 35 0
11 2 0
11 9 0
11 13 0
11 36 0
12 3 0
12 7 0
12 9 0
13 4 0
13 7 0
13 11 0
14 1 0
14 10 0
14 17 0
15 6 0
15 20 0
15 21 0
16 7 0
16 18 0
16 19 0
17 14 0
17 23 0
17 37 0
18 16 0
18 25 0
18 38 0
19 16 0
19 26 0
19 39 0
20 15 0
20 29 0
20 40 0
21 15 0
21 30 0
21 41 0
22 8 0
22 25 0
22 26 0
23 17 0
23 24 0
23 42 0
24 1 0
24 23 0
24 43 0
25 18 0
25 22 0
25 44 0
26 19 0
26 22 0
26 45 0
27 8 0
27 32 0
27 46 0
27 47 0
28 8 0
28 31 0
28 48 0
28 49 0
29 20 0
29 33 0
29 50 0
30 21 0
30 33 0
30 51 0
31 5 0
31 28 0
31 52 0
31 53 0
32 5 0
32 27 0
32 54 0
32 55 0
33 0 0
33 29 0
33 30 0
34 9 0
35 10 0
36 11 0
37 17 0
38 18 0
39 19 0
40 20 0
41 21 0
42 23 0
43 24 0
44 25 0
45 26 0
46 27 0
47 27 0
48 28 0
49 28 0
50 29 0
51 30 0
52 31 0
53 31 0
54 32 0
55 32 0
GraphDataEnd
GraphEnd
NodeEnd
NodeStart
EPTNodeID: 2
AnchorID: 6652
TreeNodeGraphID: 2
Level: 2
SimplifiedLevel: 0
EditOperation: 0 1 0 6 2
AccumulatedOpsCount: 1
AccumulatedOp: 0 1 0 6 2
ChildrenCount: 0
ChildIndices:
CompletedDBGraphIDsCount: 1
CompletedDBGraphID: 14862
GraphStart
GraphDataStart
ID: 2
NumNodes: 56
NumEdges: 122
NodeLabels
5 2 2 2 2 2 3 3 3 4 4 4 4 4 4 4 4 4 4 4 4 4 4 4 4 4 4 4 4 4 4 4 4 4 5 5 5 5 5 5 5 5 5 5 5 5 5 5 5 5 5 5 5 5 5 5 
Edges
0 33 0
1 14 0
1 24 0
2 6 0
2 11 0
3 12 0
4 13 0
5 31 0
5 32 0
6 2 0
6 10 0
6 15 0
7 12 0
7 13 0
7 16 0
8 22 0
8 27 0
8 28 0
9 10 0
9 11 0
9 12 0
9 34 0
10 6 0
10 9 0
10 14 0
10 35 0
11 2 0
11 9 0
11 13 0
11 36 0
12 3 0
12 7 0
12 9 0
13 4 0
13 7 0
13 11 0
14 1 0
14 10 0
14 17 0
15 6 0
15 20 0
15 21 0
16 7 0
16 18 0
16 19 0
17 14 0
17 23 0
17 37 0
18 16 0
18 25 0
18 38 0
19 16 0
19 26 0
19 39 0
20 15 0
20 29 0
20 40 0
21 15 0
21 30 0
21 41 0
22 8 0
22 25 0
22 26 0
23 17 0
23 24 0
23 42 0
24 1 0
24 23 0
24 43 0
25 18 0
25 22 0
25 44 0
26 19 0
26 22 0
26 45 0
27 8 0
27 32 0
27 46 0
27 47 0
28 8 0
28 31 0
28 48 0
28 49 0
29 20 0
29 33 0
29 50 0
30 21 0
30 33 0
30 51 0
31 5 0
31 28 0
31 52 0
31 53 0
32 5 0
32 27 0
32 54 0
32 55 0
33 0 0
33 29 0
33 30 0
34 9 0
35 10 0
36 11 0
37 17 0
38 18 0
39 19 0
40 20 0
41 21 0
42 23 0
43 24 0
44 25 0
45 26 0
46 27 0
47 27 0
48 28 0
49 28 0
50 29 0
51 30 0
52 31 0
53 31 0
54 32 0
55 32 0
GraphDataEnd
GraphEnd
NodeEnd
NodeStart
EPTNodeID: 3
AnchorID: 6652
TreeNodeGraphID: 9
Level: 8
SimplifiedLevel: 0
EditOperation: 5 23 56 0 0
AccumulatedOpsCount: 7
AccumulatedOp: 0 1 0 6 4
AccumulatedOp: 2 56 0 0 3
AccumulatedOp: 4 23 24 0 0
AccumulatedOp: 2 57 0 0 5
AccumulatedOp: 5 1 57 0 0
AccumulatedOp: 5 24 56 0 0
AccumulatedOp: 5 23 56 0 0
ChildrenCount: 0
ChildIndices:
CompletedDBGraphIDsCount: 1
CompletedDBGraphID: 14272
GraphStart
GraphDataStart
ID: 9
NumNodes: 58
NumEdges: 126
NodeLabels
5 4 2 2 2 2 3 3 3 4 4 4 4 4 4 4 4 4 4 4 4 4 4 4 4 4 4 4 4 4 4 4 4 4 5 5 5 5 5 5 5 5 5 5 5 5 5 5 5 5 5 5 5 5 5 5 3 5 
Edges
0 33 0
1 14 0
1 24 0
1 57 0
2 6 0
2 11 0
3 12 0
4 13 0
5 31 0
5 32 0
6 2 0
6 10 0
6 15 0
7 12 0
7 13 0
7 16 0
8 22 0
8 27 0
8 28 0
9 10 0
9 11 0
9 12 0
9 34 0
10 6 0
10 9 0
10 14 0
10 35 0
11 2 0
11 9 0
11 13 0
11 36 0
12 3 0
12 7 0
12 9 0
13 4 0
13 7 0
13 11 0
14 1 0
14 10 0
14 17 0
15 6 0
15 20 0
15 21 0
16 7 0
16 18 0
16 19 0
17 14 0
17 23 0
17 37 0
18 16 0
18 25 0
18 38 0
19 16 0
19 26 0
19 39 0
20 15 0
20 29 0
20 40 0
21 15 0
21 30 0
21 41 0
22 8 0
22 25 0
22 26 0
23 17 0
23 42 0
23 56 0
24 1 0
24 43 0
24 56 0
25 18 0
25 22 0
25 44 0
26 19 0
26 22 0
26 45 0
27 8 0
27 32 0
27 46 0
27 47 0
28 8 0
28 31 0
28 48 0
28 49 0
29 20 0
29 33 0
29 50 0
30 21 0
30 33 0
30 51 0
31 5 0
31 28 0
31 52 0
31 53 0
32 5 0
32 27 0
32 54 0
32 55 0
33 0 0
33 29 0
33 30 0
34 9 0
35 10 0
36 11 0
37 17 0
38 18 0
39 19 0
40 20 0
41 21 0
42 23 0
43 24 0
44 25 0
45 26 0
46 27 0
47 27 0
48 28 0
49 28 0
50 29 0
51 30 0
52 31 0
53 31 0
54 32 0
55 32 0
56 24 0
56 23 0
57 1 0
GraphDataEnd
GraphEnd
NodeEnd
END_EPT
