BEGIN_EPT
AnchorID: 3031  # ID of the anchor node
RootIndex: 0  # Index of the root node in tree_nodes
NodeCount: 5  # Total number of nodes in the EPT
NodeStart
EPTNodeID: 0
AnchorID: 3031
TreeNodeGraphID: 0
Level: 0
SimplifiedLevel: 0
EditOperation: -1 0 -1 0 0
AccumulatedOpsCount: 0
ChildrenCount: 1
ChildIndices: 1
CompletedDBGraphIDsCount: 1
CompletedDBGraphID: 17715
GraphStart
GraphDataStart
ID: 0
NumNodes: 65
NumEdges: 136
NodeLabels
6 2 2 2 2 2 2 3 3 4 4 4 4 4 4 4 4 4 4 4 4 4 4 4 4 4 4 4 4 4 4 4 4 4 4 4 4 5 5 5 5 5 5 5 5 5 5 5 5 5 5 5 5 5 5 5 5 5 5 5 5 5 5 5 5 
Edges
0 15 0
0 24 0
1 14 0
1 44 0
2 12 0
3 13 0
4 27 0
4 33 0
5 32 0
5 34 0
6 32 0
7 9 0
7 13 0
7 15 0
8 15 0
8 23 0
9 7 0
9 10 0
9 11 0
9 37 0
10 9 0
10 12 0
10 14 0
11 9 0
11 16 0
11 17 0
12 2 0
12 10 0
12 13 0
13 3 0
13 7 0
13 12 0
14 1 0
14 10 0
14 18 0
15 0 0
15 7 0
15 8 0
16 11 0
16 19 0
16 38 0
17 11 0
17 20 0
17 39 0
18 14 0
18 22 0
18 25 0
19 16 0
19 21 0
19 40 0
20 17 0
20 21 0
20 41 0
21 19 0
21 20 0
21 28 0
22 18 0
22 26 0
22 42 0
23 8 0
23 24 0
23 30 0
24 0 0
24 23 0
24 32 0
25 18 0
25 29 0
25 43 0
26 22 0
26 27 0
26 31 0
27 4 0
27 26 0
27 29 0
28 21 0
28 45 0
28 46 0
28 47 0
29 25 0
29 27 0
29 48 0
30 23 0
30 49 0
30 50 0
30 51 0
31 26 0
31 52 0
31 53 0
31 54 0
32 5 0
32 6 0
32 24 0
33 4 0
33 35 0
33 55 0
33 56 0
34 5 0
34 36 0
34 57 0
34 58 0
35 33 0
35 59 0
35 60 0
35 61 0
36 34 0
36 62 0
36 63 0
36 64 0
37 9 0
38 16 0
39 17 0
40 19 0
41 20 0
42 22 0
43 25 0
44 1 0
45 28 0
46 28 0
47 28 0
48 29 0
49 30 0
50 30 0
51 30 0
52 31 0
53 31 0
54 31 0
55 33 0
56 33 0
57 34 0
58 34 0
59 35 0
60 35 0
61 35 0
62 36 0
63 36 0
64 36 0
GraphDataEnd
GraphEnd
NodeEnd
NodeStart
EPTNodeID: 1
AnchorID: 3031
TreeNodeGraphID: 1
Level: 1
SimplifiedLevel: 0
EditOperation: 4 26 31 0 0
AccumulatedOpsCount: 1
AccumulatedOp: 4 26 31 0 0
ChildrenCount: 2
ChildIndices: 2 4
CompletedDBGraphIDsCount: 0
GraphStart
GraphDataStart
ID: 1
NumNodes: 65
NumEdges: 134
NodeLabels
6 2 2 2 2 2 2 3 3 4 4 4 4 4 4 4 4 4 4 4 4 4 4 4 4 4 4 4 4 4 4 4 4 4 4 4 4 5 5 5 5 5 5 5 5 5 5 5 5 5 5 5 5 5 5 5 5 5 5 5 5 5 5 5 5 
Edges
0 15 0
0 24 0
1 14 0
1 44 0
2 12 0
3 13 0
4 27 0
4 33 0
5 32 0
5 34 0
6 32 0
7 9 0
7 13 0
7 15 0
8 15 0
8 23 0
9 7 0
9 10 0
9 11 0
9 37 0
10 9 0
10 12 0
10 14 0
11 9 0
11 16 0
11 17 0
12 2 0
12 10 0
12 13 0
13 3 0
13 7 0
13 12 0
14 1 0
14 10 0
14 18 0
15 0 0
15 7 0
15 8 0
16 11 0
16 19 0
16 38 0
17 11 0
17 20 0
17 39 0
18 14 0
18 22 0
18 25 0
19 16 0
19 21 0
19 40 0
20 17 0
20 21 0
20 41 0
21 19 0
21 20 0
21 28 0
22 18 0
22 26 0
22 42 0
23 8 0
23 24 0
23 30 0
24 0 0
24 23 0
24 32 0
25 18 0
25 29 0
25 43 0
26 22 0
26 27 0
27 4 0
27 26 0
27 29 0
28 21 0
28 45 0
28 46 0
28 47 0
29 25 0
29 27 0
29 48 0
30 23 0
30 49 0
30 50 0
30 51 0
31 52 0
31 53 0
31 54 0
32 5 0
32 6 0
32 24 0
33 4 0
33 35 0
33 55 0
33 56 0
34 5 0
34 36 0
34 57 0
34 58 0
35 33 0
35 59 0
35 60 0
35 61 0
36 34 0
36 62 0
36 63 0
36 64 0
37 9 0
38 16 0
39 17 0
40 19 0
41 20 0
42 22 0
43 25 0
44 1 0
45 28 0
46 28 0
47 28 0
48 29 0
49 30 0
50 30 0
51 30 0
52 31 0
53 31 0
54 31 0
55 33 0
56 33 0
57 34 0
58 34 0
59 35 0
60 35 0
61 35 0
62 36 0
63 36 0
64 36 0
GraphDataEnd
GraphEnd
NodeEnd
NodeStart
EPTNodeID: 2
AnchorID: 3031
TreeNodeGraphID: 4
Level: 4
SimplifiedLevel: 0
EditOperation: 5 26 43 0 0
AccumulatedOpsCount: 3
AccumulatedOp: 4 25 43 0 0
AccumulatedOp: 5 25 31 0 0
AccumulatedOp: 5 26 43 0 0
ChildrenCount: 1
ChildIndices: 3
CompletedDBGraphIDsCount: 2
CompletedDBGraphID: 14060
CompletedDBGraphID: 20748
GraphStart
GraphDataStart
ID: 4
NumNodes: 65
NumEdges: 136
NodeLabels
6 2 2 2 2 2 2 3 3 4 4 4 4 4 4 4 4 4 4 4 4 4 4 4 4 4 4 4 4 4 4 4 4 4 4 4 4 5 5 5 5 5 5 5 5 5 5 5 5 5 5 5 5 5 5 5 5 5 5 5 5 5 5 5 5 
Edges
0 15 0
0 24 0
1 14 0
1 44 0
2 12 0
3 13 0
4 27 0
4 33 0
5 32 0
5 34 0
6 32 0
7 9 0
7 13 0
7 15 0
8 15 0
8 23 0
9 7 0
9 10 0
9 11 0
9 37 0
10 9 0
10 12 0
10 14 0
11 9 0
11 16 0
11 17 0
12 2 0
12 10 0
12 13 0
13 3 0
13 7 0
13 12 0
14 1 0
14 10 0
14 18 0
15 0 0
15 7 0
15 8 0
16 11 0
16 19 0
16 38 0
17 11 0
17 20 0
17 39 0
18 14 0
18 22 0
18 25 0
19 16 0
19 21 0
19 40 0
20 17 0
20 21 0
20 41 0
21 19 0
21 20 0
21 28 0
22 18 0
22 26 0
22 42 0
23 8 0
23 24 0
23 30 0
24 0 0
24 23 0
24 32 0
25 18 0
25 29 0
25 31 0
26 22 0
26 27 0
26 43 0
27 4 0
27 26 0
27 29 0
28 21 0
28 45 0
28 46 0
28 47 0
29 25 0
29 27 0
29 48 0
30 23 0
30 49 0
30 50 0
30 51 0
31 52 0
31 53 0
31 54 0
31 25 0
32 5 0
32 6 0
32 24 0
33 4 0
33 35 0
33 55 0
33 56 0
34 5 0
34 36 0
34 57 0
34 58 0
35 33 0
35 59 0
35 60 0
35 61 0
36 34 0
36 62 0
36 63 0
36 64 0
37 9 0
38 16 0
39 17 0
40 19 0
41 20 0
42 22 0
43 26 0
44 1 0
45 28 0
46 28 0
47 28 0
48 29 0
49 30 0
50 30 0
51 30 0
52 31 0
53 31 0
54 31 0
55 33 0
56 33 0
57 34 0
58 34 0
59 35 0
60 35 0
61 35 0
62 36 0
63 36 0
64 36 0
GraphDataEnd
GraphEnd
NodeEnd
NodeStart
EPTNodeID: 3
AnchorID: 3031
TreeNodeGraphID: 8
Level: 8
SimplifiedLevel: 0
EditOperation: 5 28 65 0 0
AccumulatedOpsCount: 4
AccumulatedOp: 2 65 0 0 2
AccumulatedOp: 4 21 28 0 0
AccumulatedOp: 5 21 65 0 0
AccumulatedOp: 5 28 65 0 0
ChildrenCount: 0
ChildIndices:
CompletedDBGraphIDsCount: 2
CompletedDBGraphID: 15624
CompletedDBGraphID: 19943
GraphStart
GraphDataStart
ID: 8
NumNodes: 66
NumEdges: 138
NodeLabels
6 2 2 2 2 2 2 3 3 4 4 4 4 4 4 4 4 4 4 4 4 4 4 4 4 4 4 4 4 4 4 4 4 4 4 4 4 5 5 5 5 5 5 5 5 5 5 5 5 5 5 5 5 5 5 5 5 5 5 5 5 5 5 5 5 2 
Edges
0 15 0
0 24 0
1 14 0
1 44 0
2 12 0
3 13 0
4 27 0
4 33 0
5 32 0
5 34 0
6 32 0
7 9 0
7 13 0
7 15 0
8 15 0
8 23 0
9 7 0
9 10 0
9 11 0
9 37 0
10 9 0
10 12 0
10 14 0
11 9 0
11 16 0
11 17 0
12 2 0
12 10 0
12 13 0
13 3 0
13 7 0
13 12 0
14 1 0
14 10 0
14 18 0
15 0 0
15 7 0
15 8 0
16 11 0
16 19 0
16 38 0
17 11 0
17 20 0
17 39 0
18 14 0
18 22 0
18 25 0
19 16 0
19 21 0
19 40 0
20 17 0
20 21 0
20 41 0
21 19 0
21 20 0
21 65 0
22 18 0
22 26 0
22 42 0
23 8 0
23 24 0
23 30 0
24 0 0
24 23 0
24 32 0
25 18 0
25 29 0
25 31 0
26 22 0
26 27 0
26 43 0
27 4 0
27 26 0
27 29 0
28 45 0
28 46 0
28 47 0
28 65 0
29 25 0
29 27 0
29 48 0
30 23 0
30 49 0
30 50 0
30 51 0
31 52 0
31 53 0
31 54 0
31 25 0
32 5 0
32 6 0
32 24 0
33 4 0
33 35 0
33 55 0
33 56 0
34 5 0
34 36 0
34 57 0
34 58 0
35 33 0
35 59 0
35 60 0
35 61 0
36 34 0
36 62 0
36 63 0
36 64 0
37 9 0
38 16 0
39 17 0
40 19 0
41 20 0
42 22 0
43 26 0
44 1 0
45 28 0
46 28 0
47 28 0
48 29 0
49 30 0
50 30 0
51 30 0
52 31 0
53 31 0
54 31 0
55 33 0
56 33 0
57 34 0
58 34 0
59 35 0
60 35 0
61 35 0
62 36 0
63 36 0
64 36 0
65 21 0
65 28 0
GraphDataEnd
GraphEnd
NodeEnd
NodeStart
EPTNodeID: 4
AnchorID: 3031
TreeNodeGraphID: 18
Level: 11
SimplifiedLevel: 0
EditOperation: 5 26 42 0 0
AccumulatedOpsCount: 10
AccumulatedOp: 0 28 0 4 1
AccumulatedOp: 4 28 47 0 0
AccumulatedOp: 5 22 31 0 0
AccumulatedOp: 1 47 0 5 0
AccumulatedOp: 4 28 46 0 0
AccumulatedOp: 1 46 0 5 0
AccumulatedOp: 4 22 42 0 0
AccumulatedOp: 4 28 45 0 0
AccumulatedOp: 1 45 0 5 0
AccumulatedOp: 5 26 42 0 0
ChildrenCount: 0
ChildIndices:
CompletedDBGraphIDsCount: 2
CompletedDBGraphID: 7778
CompletedDBGraphID: 22685
GraphStart
GraphDataStart
ID: 18
NumNodes: 62
NumEdges: 130
NodeLabels
6 2 2 2 2 2 2 3 3 4 4 4 4 4 4 4 4 4 4 4 4 4 4 4 4 4 4 4 1 4 4 4 4 4 4 4 4 5 5 5 5 5 5 5 5 5 5 5 5 5 5 5 5 5 5 5 5 5 5 5 5 5 
Edges
0 15 0
0 24 0
1 14 0
1 44 0
2 12 0
3 13 0
4 27 0
4 33 0
5 32 0
5 34 0
6 32 0
7 9 0
7 13 0
7 15 0
8 15 0
8 23 0
9 7 0
9 10 0
9 11 0
9 37 0
10 9 0
10 12 0
10 14 0
11 9 0
11 16 0
11 17 0
12 2 0
12 10 0
12 13 0
13 3 0
13 7 0
13 12 0
14 1 0
14 10 0
14 18 0
15 0 0
15 7 0
15 8 0
16 11 0
16 19 0
16 38 0
17 11 0
17 20 0
17 39 0
18 14 0
18 22 0
18 25 0
19 16 0
19 21 0
19 40 0
20 17 0
20 21 0
20 41 0
21 19 0
21 20 0
21 28 0
22 18 0
22 26 0
22 31 0
23 8 0
23 24 0
23 30 0
24 0 0
24 23 0
24 32 0
25 18 0
25 29 0
25 43 0
26 22 0
26 27 0
26 42 0
27 4 0
27 26 0
27 29 0
28 21 0
29 25 0
29 27 0
29 45 0
30 23 0
30 46 0
30 47 0
30 48 0
31 49 0
31 50 0
31 51 0
31 22 0
32 5 0
32 6 0
32 24 0
33 4 0
33 35 0
33 52 0
33 53 0
34 5 0
34 36 0
34 54 0
34 55 0
35 33 0
35 56 0
35 57 0
35 58 0
36 34 0
36 59 0
36 60 0
36 61 0
37 9 0
38 16 0
39 17 0
40 19 0
41 20 0
42 26 0
43 25 0
44 1 0
45 29 0
46 30 0
47 30 0
48 30 0
49 31 0
50 31 0
51 31 0
52 33 0
53 33 0
54 34 0
55 34 0
56 35 0
57 35 0
58 35 0
59 36 0
60 36 0
61 36 0
GraphDataEnd
GraphEnd
NodeEnd
END_EPT
