BEGIN_EPT
AnchorID: 14603  # ID of the anchor node
RootIndex: 0  # Index of the root node in tree_nodes
NodeCount: 15  # Total number of nodes in the EPT
NodeStart
EPTNodeID: 0
AnchorID: 14603
TreeNodeGraphID: 0
Level: 0
SimplifiedLevel: 0
EditOperation: -1 0 -1 0 0
AccumulatedOpsCount: 0
ChildrenCount: 1
ChildIndices: 1
CompletedDBGraphIDsCount: 0
GraphStart
GraphDataStart
ID: 0
NumNodes: 62
NumEdges: 130
NodeLabels
6 2 2 2 2 2 2 3 3 3 3 4 4 4 4 4 4 4 4 4 4 4 4 4 4 4 4 4 4 4 4 4 4 4 4 4 5 5 5 5 5 5 5 5 5 5 5 5 5 5 5 5 5 5 5 5 5 5 5 5 5 5 
Edges
0 14 0
0 17 0
1 18 0
1 22 0
2 18 0
3 19 0
4 20 0
5 23 0
5 33 0
6 29 0
6 35 0
7 13 0
7 15 0
7 18 0
8 17 0
8 20 0
8 42 0
9 19 0
9 21 0
9 43 0
10 31 0
10 34 0
11 12 0
11 14 0
11 16 0
12 11 0
12 13 0
12 36 0
12 37 0
13 7 0
13 12 0
13 38 0
13 39 0
14 0 0
14 11 0
14 15 0
15 7 0
15 14 0
15 40 0
15 41 0
16 11 0
16 17 0
16 19 0
17 0 0
17 8 0
17 16 0
18 1 0
18 2 0
18 7 0
19 3 0
19 9 0
19 16 0
20 4 0
20 8 0
20 24 0
21 9 0
21 23 0
21 25 0
22 1 0
22 26 0
22 44 0
22 45 0
23 5 0
23 21 0
23 27 0
24 20 0
24 30 0
24 31 0
25 21 0
25 28 0
25 46 0
26 22 0
26 47 0
26 48 0
26 49 0
27 23 0
27 29 0
27 50 0
28 25 0
28 29 0
28 51 0
29 6 0
29 27 0
29 28 0
30 24 0
30 32 0
30 52 0
31 10 0
31 24 0
31 53 0
32 30 0
32 34 0
32 54 0
33 5 0
33 55 0
33 56 0
33 57 0
34 10 0
34 32 0
34 58 0
35 6 0
35 59 0
35 60 0
35 61 0
36 12 0
37 12 0
38 13 0
39 13 0
40 15 0
41 15 0
42 8 0
43 9 0
44 22 0
45 22 0
46 25 0
47 26 0
48 26 0
49 26 0
50 27 0
51 28 0
52 30 0
53 31 0
54 32 0
55 33 0
56 33 0
57 33 0
58 34 0
59 35 0
60 35 0
61 35 0
GraphDataEnd
GraphEnd
NodeEnd
NodeStart
EPTNodeID: 1
AnchorID: 14603
TreeNodeGraphID: 1
Level: 1
SimplifiedLevel: 0
EditOperation: 0 10 0 3 4
AccumulatedOpsCount: 1
AccumulatedOp: 0 10 0 3 4
ChildrenCount: 4
ChildIndices: 2 10 13 14
CompletedDBGraphIDsCount: 0
GraphStart
GraphDataStart
ID: 1
NumNodes: 62
NumEdges: 130
NodeLabels
6 2 2 2 2 2 2 3 3 3 4 4 4 4 4 4 4 4 4 4 4 4 4 4 4 4 4 4 4 4 4 4 4 4 4 4 5 5 5 5 5 5 5 5 5 5 5 5 5 5 5 5 5 5 5 5 5 5 5 5 5 5 
Edges
0 14 0
0 17 0
1 18 0
1 22 0
2 18 0
3 19 0
4 20 0
5 23 0
5 33 0
6 29 0
6 35 0
7 13 0
7 15 0
7 18 0
8 17 0
8 20 0
8 42 0
9 19 0
9 21 0
9 43 0
10 31 0
10 34 0
11 12 0
11 14 0
11 16 0
12 11 0
12 13 0
12 36 0
12 37 0
13 7 0
13 12 0
13 38 0
13 39 0
14 0 0
14 11 0
14 15 0
15 7 0
15 14 0
15 40 0
15 41 0
16 11 0
16 17 0
16 19 0
17 0 0
17 8 0
17 16 0
18 1 0
18 2 0
18 7 0
19 3 0
19 9 0
19 16 0
20 4 0
20 8 0
20 24 0
21 9 0
21 23 0
21 25 0
22 1 0
22 26 0
22 44 0
22 45 0
23 5 0
23 21 0
23 27 0
24 20 0
24 30 0
24 31 0
25 21 0
25 28 0
25 46 0
26 22 0
26 47 0
26 48 0
26 49 0
27 23 0
27 29 0
27 50 0
28 25 0
28 29 0
28 51 0
29 6 0
29 27 0
29 28 0
30 24 0
30 32 0
30 52 0
31 10 0
31 24 0
31 53 0
32 30 0
32 34 0
32 54 0
33 5 0
33 55 0
33 56 0
33 57 0
34 10 0
34 32 0
34 58 0
35 6 0
35 59 0
35 60 0
35 61 0
36 12 0
37 12 0
38 13 0
39 13 0
40 15 0
41 15 0
42 8 0
43 9 0
44 22 0
45 22 0
46 25 0
47 26 0
48 26 0
49 26 0
50 27 0
51 28 0
52 30 0
53 31 0
54 32 0
55 33 0
56 33 0
57 33 0
58 34 0
59 35 0
60 35 0
61 35 0
GraphDataEnd
GraphEnd
NodeEnd
NodeStart
EPTNodeID: 2
AnchorID: 14603
TreeNodeGraphID: 3
Level: 3
SimplifiedLevel: 0
EditOperation: 0 6 0 2 5
AccumulatedOpsCount: 2
AccumulatedOp: 4 6 35 0 0
AccumulatedOp: 0 6 0 2 5
ChildrenCount: 2
ChildIndices: 3 9
CompletedDBGraphIDsCount: 0
GraphStart
GraphDataStart
ID: 3
NumNodes: 62
NumEdges: 128
NodeLabels
6 2 2 2 2 2 5 3 3 3 4 4 4 4 4 4 4 4 4 4 4 4 4 4 4 4 4 4 4 4 4 4 4 4 4 4 5 5 5 5 5 5 5 5 5 5 5 5 5 5 5 5 5 5 5 5 5 5 5 5 5 5 
Edges
0 14 0
0 17 0
1 18 0
1 22 0
2 18 0
3 19 0
4 20 0
5 23 0
5 33 0
6 29 0
7 13 0
7 15 0
7 18 0
8 17 0
8 20 0
8 42 0
9 19 0
9 21 0
9 43 0
10 31 0
10 34 0
11 12 0
11 14 0
11 16 0
12 11 0
12 13 0
12 36 0
12 37 0
13 7 0
13 12 0
13 38 0
13 39 0
14 0 0
14 11 0
14 15 0
15 7 0
15 14 0
15 40 0
15 41 0
16 11 0
16 17 0
16 19 0
17 0 0
17 8 0
17 16 0
18 1 0
18 2 0
18 7 0
19 3 0
19 9 0
19 16 0
20 4 0
20 8 0
20 24 0
21 9 0
21 23 0
21 25 0
22 1 0
22 26 0
22 44 0
22 45 0
23 5 0
23 21 0
23 27 0
24 20 0
24 30 0
24 31 0
25 21 0
25 28 0
25 46 0
26 22 0
26 47 0
26 48 0
26 49 0
27 23 0
27 29 0
27 50 0
28 25 0
28 29 0
28 51 0
29 6 0
29 27 0
29 28 0
30 24 0
30 32 0
30 52 0
31 10 0
31 24 0
31 53 0
32 30 0
32 34 0
32 54 0
33 5 0
33 55 0
33 56 0
33 57 0
34 10 0
34 32 0
34 58 0
35 59 0
35 60 0
35 61 0
36 12 0
37 12 0
38 13 0
39 13 0
40 15 0
41 15 0
42 8 0
43 9 0
44 22 0
45 22 0
46 25 0
47 26 0
48 26 0
49 26 0
50 27 0
51 28 0
52 30 0
53 31 0
54 32 0
55 33 0
56 33 0
57 33 0
58 34 0
59 35 0
60 35 0
61 35 0
GraphDataEnd
GraphEnd
NodeEnd
NodeStart
EPTNodeID: 3
AnchorID: 14603
TreeNodeGraphID: 4
Level: 4
SimplifiedLevel: 0
EditOperation: 0 51 0 5 7
AccumulatedOpsCount: 1
AccumulatedOp: 0 51 0 5 7
ChildrenCount: 2
ChildIndices: 4 8
CompletedDBGraphIDsCount: 0
GraphStart
GraphDataStart
ID: 4
NumNodes: 62
NumEdges: 128
NodeLabels
6 2 2 2 2 2 5 3 3 3 4 4 4 4 4 4 4 4 4 4 4 4 4 4 4 4 4 4 4 4 4 4 4 4 4 4 5 5 5 5 5 5 5 5 5 5 5 5 5 5 5 7 5 5 5 5 5 5 5 5 5 5 
Edges
0 14 0
0 17 0
1 18 0
1 22 0
2 18 0
3 19 0
4 20 0
5 23 0
5 33 0
6 29 0
7 13 0
7 15 0
7 18 0
8 17 0
8 20 0
8 42 0
9 19 0
9 21 0
9 43 0
10 31 0
10 34 0
11 12 0
11 14 0
11 16 0
12 11 0
12 13 0
12 36 0
12 37 0
13 7 0
13 12 0
13 38 0
13 39 0
14 0 0
14 11 0
14 15 0
15 7 0
15 14 0
15 40 0
15 41 0
16 11 0
16 17 0
16 19 0
17 0 0
17 8 0
17 16 0
18 1 0
18 2 0
18 7 0
19 3 0
19 9 0
19 16 0
20 4 0
20 8 0
20 24 0
21 9 0
21 23 0
21 25 0
22 1 0
22 26 0
22 44 0
22 45 0
23 5 0
23 21 0
23 27 0
24 20 0
24 30 0
24 31 0
25 21 0
25 28 0
25 46 0
26 22 0
26 47 0
26 48 0
26 49 0
27 23 0
27 29 0
27 50 0
28 25 0
28 29 0
28 51 0
29 6 0
29 27 0
29 28 0
30 24 0
30 32 0
30 52 0
31 10 0
31 24 0
31 53 0
32 30 0
32 34 0
32 54 0
33 5 0
33 55 0
33 56 0
33 57 0
34 10 0
34 32 0
34 58 0
35 59 0
35 60 0
35 61 0
36 12 0
37 12 0
38 13 0
39 13 0
40 15 0
41 15 0
42 8 0
43 9 0
44 22 0
45 22 0
46 25 0
47 26 0
48 26 0
49 26 0
50 27 0
51 28 0
52 30 0
53 31 0
54 32 0
55 33 0
56 33 0
57 33 0
58 34 0
59 35 0
60 35 0
61 35 0
GraphDataEnd
GraphEnd
NodeEnd
NodeStart
EPTNodeID: 4
AnchorID: 14603
TreeNodeGraphID: 11
Level: 11
SimplifiedLevel: 0
EditOperation: 1 35 0 4 0
AccumulatedOpsCount: 7
AccumulatedOp: 4 35 59 0 0
AccumulatedOp: 5 10 59 0 0
AccumulatedOp: 4 35 60 0 0
AccumulatedOp: 1 60 0 5 0
AccumulatedOp: 4 35 61 0 0
AccumulatedOp: 1 61 0 5 0
AccumulatedOp: 1 35 0 4 0
ChildrenCount: 3
ChildIndices: 5 6 7
CompletedDBGraphIDsCount: 1
CompletedDBGraphID: 1556
GraphStart
GraphDataStart
ID: 11
NumNodes: 59
NumEdges: 124
NodeLabels
6 2 2 2 2 2 5 3 3 3 4 4 4 4 4 4 4 4 4 4 4 4 4 4 4 4 4 4 4 4 4 4 4 4 4 5 5 5 5 5 5 5 5 5 5 5 5 5 5 5 7 5 5 5 5 5 5 5 5 
Edges
0 14 0
0 17 0
1 18 0
1 22 0
2 18 0
3 19 0
4 20 0
5 23 0
5 33 0
6 29 0
7 13 0
7 15 0
7 18 0
8 17 0
8 20 0
8 41 0
9 19 0
9 21 0
9 42 0
10 31 0
10 34 0
10 58 0
11 12 0
11 14 0
11 16 0
12 11 0
12 13 0
12 35 0
12 36 0
13 7 0
13 12 0
13 37 0
13 38 0
14 0 0
14 11 0
14 15 0
15 7 0
15 14 0
15 39 0
15 40 0
16 11 0
16 17 0
16 19 0
17 0 0
17 8 0
17 16 0
18 1 0
18 2 0
18 7 0
19 3 0
19 9 0
19 16 0
20 4 0
20 8 0
20 24 0
21 9 0
21 23 0
21 25 0
22 1 0
22 26 0
22 43 0
22 44 0
23 5 0
23 21 0
23 27 0
24 20 0
24 30 0
24 31 0
25 21 0
25 28 0
25 45 0
26 22 0
26 46 0
26 47 0
26 48 0
27 23 0
27 29 0
27 49 0
28 25 0
28 29 0
28 50 0
29 6 0
29 27 0
29 28 0
30 24 0
30 32 0
30 51 0
31 10 0
31 24 0
31 52 0
32 30 0
32 34 0
32 53 0
33 5 0
33 54 0
33 55 0
33 56 0
34 10 0
34 32 0
34 57 0
35 12 0
36 12 0
37 13 0
38 13 0
39 15 0
40 15 0
41 8 0
42 9 0
43 22 0
44 22 0
45 25 0
46 26 0
47 26 0
48 26 0
49 27 0
50 28 0
51 30 0
52 31 0
53 32 0
54 33 0
55 33 0
56 33 0
57 34 0
58 10 0
GraphDataEnd
GraphEnd
NodeEnd
NodeStart
EPTNodeID: 5
AnchorID: 14603
TreeNodeGraphID: 12
Level: 12
SimplifiedLevel: 0
EditOperation: 0 52 0 5 1
AccumulatedOpsCount: 1
AccumulatedOp: 0 52 0 5 1
ChildrenCount: 0
ChildIndices:
CompletedDBGraphIDsCount: 1
CompletedDBGraphID: 19669
GraphStart
GraphDataStart
ID: 12
NumNodes: 59
NumEdges: 124
NodeLabels
6 2 2 2 2 2 5 3 3 3 4 4 4 4 4 4 4 4 4 4 4 4 4 4 4 4 4 4 4 4 4 4 4 4 4 5 5 5 5 5 5 5 5 5 5 5 5 5 5 5 7 1 5 5 5 5 5 5 5 
Edges
0 14 0
0 17 0
1 18 0
1 22 0
2 18 0
3 19 0
4 20 0
5 23 0
5 33 0
6 29 0
7 13 0
7 15 0
7 18 0
8 17 0
8 20 0
8 41 0
9 19 0
9 21 0
9 42 0
10 31 0
10 34 0
10 58 0
11 12 0
11 14 0
11 16 0
12 11 0
12 13 0
12 35 0
12 36 0
13 7 0
13 12 0
13 37 0
13 38 0
14 0 0
14 11 0
14 15 0
15 7 0
15 14 0
15 39 0
15 40 0
16 11 0
16 17 0
16 19 0
17 0 0
17 8 0
17 16 0
18 1 0
18 2 0
18 7 0
19 3 0
19 9 0
19 16 0
20 4 0
20 8 0
20 24 0
21 9 0
21 23 0
21 25 0
22 1 0
22 26 0
22 43 0
22 44 0
23 5 0
23 21 0
23 27 0
24 20 0
24 30 0
24 31 0
25 21 0
25 28 0
25 45 0
26 22 0
26 46 0
26 47 0
26 48 0
27 23 0
27 29 0
27 49 0
28 25 0
28 29 0
28 50 0
29 6 0
29 27 0
29 28 0
30 24 0
30 32 0
30 51 0
31 10 0
31 24 0
31 52 0
32 30 0
32 34 0
32 53 0
33 5 0
33 54 0
33 55 0
33 56 0
34 10 0
34 32 0
34 57 0
35 12 0
36 12 0
37 13 0
38 13 0
39 15 0
40 15 0
41 8 0
42 9 0
43 22 0
44 22 0
45 25 0
46 26 0
47 26 0
48 26 0
49 27 0
50 28 0
51 30 0
52 31 0
53 32 0
54 33 0
55 33 0
56 33 0
57 34 0
58 10 0
GraphDataEnd
GraphEnd
NodeEnd
NodeStart
EPTNodeID: 6
AnchorID: 14603
TreeNodeGraphID: 13
Level: 12
SimplifiedLevel: 0
EditOperation: 0 54 0 5 1
AccumulatedOpsCount: 1
AccumulatedOp: 0 54 0 5 1
ChildrenCount: 0
ChildIndices:
CompletedDBGraphIDsCount: 1
CompletedDBGraphID: 10153
GraphStart
GraphDataStart
ID: 13
NumNodes: 59
NumEdges: 124
NodeLabels
6 2 2 2 2 2 5 3 3 3 4 4 4 4 4 4 4 4 4 4 4 4 4 4 4 4 4 4 4 4 4 4 4 4 4 5 5 5 5 5 5 5 5 5 5 5 5 5 5 5 7 5 5 1 5 5 5 5 5 
Edges
0 14 0
0 17 0
1 18 0
1 22 0
2 18 0
3 19 0
4 20 0
5 23 0
5 33 0
6 29 0
7 13 0
7 15 0
7 18 0
8 17 0
8 20 0
8 41 0
9 19 0
9 21 0
9 42 0
10 31 0
10 34 0
10 58 0
11 12 0
11 14 0
11 16 0
12 11 0
12 13 0
12 35 0
12 36 0
13 7 0
13 12 0
13 37 0
13 38 0
14 0 0
14 11 0
14 15 0
15 7 0
15 14 0
15 39 0
15 40 0
16 11 0
16 17 0
16 19 0
17 0 0
17 8 0
17 16 0
18 1 0
18 2 0
18 7 0
19 3 0
19 9 0
19 16 0
20 4 0
20 8 0
20 24 0
21 9 0
21 23 0
21 25 0
22 1 0
22 26 0
22 43 0
22 44 0
23 5 0
23 21 0
23 27 0
24 20 0
24 30 0
24 31 0
25 21 0
25 28 0
25 45 0
26 22 0
26 46 0
26 47 0
26 48 0
27 23 0
27 29 0
27 49 0
28 25 0
28 29 0
28 50 0
29 6 0
29 27 0
29 28 0
30 24 0
30 32 0
30 51 0
31 10 0
31 24 0
31 52 0
32 30 0
32 34 0
32 53 0
33 5 0
33 54 0
33 55 0
33 56 0
34 10 0
34 32 0
34 57 0
35 12 0
36 12 0
37 13 0
38 13 0
39 15 0
40 15 0
41 8 0
42 9 0
43 22 0
44 22 0
45 25 0
46 26 0
47 26 0
48 26 0
49 27 0
50 28 0
51 30 0
52 31 0
53 32 0
54 33 0
55 33 0
56 33 0
57 34 0
58 10 0
GraphDataEnd
GraphEnd
NodeEnd
NodeStart
EPTNodeID: 7
AnchorID: 14603
TreeNodeGraphID: 14
Level: 12
SimplifiedLevel: 0
EditOperation: 0 58 0 5 1
AccumulatedOpsCount: 1
AccumulatedOp: 0 58 0 5 1
ChildrenCount: 0
ChildIndices:
CompletedDBGraphIDsCount: 1
CompletedDBGraphID: 2899
GraphStart
GraphDataStart
ID: 14
NumNodes: 59
NumEdges: 124
NodeLabels
6 2 2 2 2 2 5 3 3 3 4 4 4 4 4 4 4 4 4 4 4 4 4 4 4 4 4 4 4 4 4 4 4 4 4 5 5 5 5 5 5 5 5 5 5 5 5 5 5 5 7 5 5 5 5 5 5 1 5 
Edges
0 14 0
0 17 0
1 18 0
1 22 0
2 18 0
3 19 0
4 20 0
5 23 0
5 33 0
6 29 0
7 13 0
7 15 0
7 18 0
8 17 0
8 20 0
8 41 0
9 19 0
9 21 0
9 42 0
10 31 0
10 34 0
10 58 0
11 12 0
11 14 0
11 16 0
12 11 0
12 13 0
12 35 0
12 36 0
13 7 0
13 12 0
13 37 0
13 38 0
14 0 0
14 11 0
14 15 0
15 7 0
15 14 0
15 39 0
15 40 0
16 11 0
16 17 0
16 19 0
17 0 0
17 8 0
17 16 0
18 1 0
18 2 0
18 7 0
19 3 0
19 9 0
19 16 0
20 4 0
20 8 0
20 24 0
21 9 0
21 23 0
21 25 0
22 1 0
22 26 0
22 43 0
22 44 0
23 5 0
23 21 0
23 27 0
24 20 0
24 30 0
24 31 0
25 21 0
25 28 0
25 45 0
26 22 0
26 46 0
26 47 0
26 48 0
27 23 0
27 29 0
27 49 0
28 25 0
28 29 0
28 50 0
29 6 0
29 27 0
29 28 0
30 24 0
30 32 0
30 51 0
31 10 0
31 24 0
31 52 0
32 30 0
32 34 0
32 53 0
33 5 0
33 54 0
33 55 0
33 56 0
34 10 0
34 32 0
34 57 0
35 12 0
36 12 0
37 13 0
38 13 0
39 15 0
40 15 0
41 8 0
42 9 0
43 22 0
44 22 0
45 25 0
46 26 0
47 26 0
48 26 0
49 27 0
50 28 0
51 30 0
52 31 0
53 32 0
54 33 0
55 33 0
56 33 0
57 34 0
58 10 0
GraphDataEnd
GraphEnd
NodeEnd
NodeStart
EPTNodeID: 8
AnchorID: 14603
TreeNodeGraphID: 17
Level: 7
SimplifiedLevel: 0
EditOperation: 5 10 58 0 0
AccumulatedOpsCount: 3
AccumulatedOp: 4 34 58 0 0
AccumulatedOp: 5 34 35 0 0
AccumulatedOp: 5 10 58 0 0
ChildrenCount: 0
ChildIndices:
CompletedDBGraphIDsCount: 1
CompletedDBGraphID: 2091
GraphStart
GraphDataStart
ID: 17
NumNodes: 62
NumEdges: 130
NodeLabels
6 2 2 2 2 2 5 3 3 3 4 4 4 4 4 4 4 4 4 4 4 4 4 4 4 4 4 4 4 4 4 4 4 4 4 4 5 5 5 5 5 5 5 5 5 5 5 5 5 5 5 7 5 5 5 5 5 5 5 5 5 5 
Edges
0 14 0
0 17 0
1 18 0
1 22 0
2 18 0
3 19 0
4 20 0
5 23 0
5 33 0
6 29 0
7 13 0
7 15 0
7 18 0
8 17 0
8 20 0
8 42 0
9 19 0
9 21 0
9 43 0
10 31 0
10 34 0
10 58 0
11 12 0
11 14 0
11 16 0
12 11 0
12 13 0
12 36 0
12 37 0
13 7 0
13 12 0
13 38 0
13 39 0
14 0 0
14 11 0
14 15 0
15 7 0
15 14 0
15 40 0
15 41 0
16 11 0
16 17 0
16 19 0
17 0 0
17 8 0
17 16 0
18 1 0
18 2 0
18 7 0
19 3 0
19 9 0
19 16 0
20 4 0
20 8 0
20 24 0
21 9 0
21 23 0
21 25 0
22 1 0
22 26 0
22 44 0
22 45 0
23 5 0
23 21 0
23 27 0
24 20 0
24 30 0
24 31 0
25 21 0
25 28 0
25 46 0
26 22 0
26 47 0
26 48 0
26 49 0
27 23 0
27 29 0
27 50 0
28 25 0
28 29 0
28 51 0
29 6 0
29 27 0
29 28 0
30 24 0
30 32 0
30 52 0
31 10 0
31 24 0
31 53 0
32 30 0
32 34 0
32 54 0
33 5 0
33 55 0
33 56 0
33 57 0
34 10 0
34 32 0
34 35 0
35 59 0
35 60 0
35 61 0
35 34 0
36 12 0
37 12 0
38 13 0
39 13 0
40 15 0
41 15 0
42 8 0
43 9 0
44 22 0
45 22 0
46 25 0
47 26 0
48 26 0
49 26 0
50 27 0
51 28 0
52 30 0
53 31 0
54 32 0
55 33 0
56 33 0
57 33 0
58 10 0
59 35 0
60 35 0
61 35 0
GraphDataEnd
GraphEnd
NodeEnd
NodeStart
EPTNodeID: 9
AnchorID: 14603
TreeNodeGraphID: 22
Level: 8
SimplifiedLevel: 0
EditOperation: 5 35 51 0 0
AccumulatedOpsCount: 5
AccumulatedOp: 0 58 0 5 1
AccumulatedOp: 2 62 0 0 5
AccumulatedOp: 5 10 62 0 0
AccumulatedOp: 0 51 0 5 2
AccumulatedOp: 5 35 51 0 0
ChildrenCount: 0
ChildIndices:
CompletedDBGraphIDsCount: 1
CompletedDBGraphID: 2470
GraphStart
GraphDataStart
ID: 22
NumNodes: 63
NumEdges: 132
NodeLabels
6 2 2 2 2 2 5 3 3 3 4 4 4 4 4 4 4 4 4 4 4 4 4 4 4 4 4 4 4 4 4 4 4 4 4 4 5 5 5 5 5 5 5 5 5 5 5 5 5 5 5 2 5 5 5 5 5 5 1 5 5 5 5 
Edges
0 14 0
0 17 0
1 18 0
1 22 0
2 18 0
3 19 0
4 20 0
5 23 0
5 33 0
6 29 0
7 13 0
7 15 0
7 18 0
8 17 0
8 20 0
8 42 0
9 19 0
9 21 0
9 43 0
10 31 0
10 34 0
10 62 0
11 12 0
11 14 0
11 16 0
12 11 0
12 13 0
12 36 0
12 37 0
13 7 0
13 12 0
13 38 0
13 39 0
14 0 0
14 11 0
14 15 0
15 7 0
15 14 0
15 40 0
15 41 0
16 11 0
16 17 0
16 19 0
17 0 0
17 8 0
17 16 0
18 1 0
18 2 0
18 7 0
19 3 0
19 9 0
19 16 0
20 4 0
20 8 0
20 24 0
21 9 0
21 23 0
21 25 0
22 1 0
22 26 0
22 44 0
22 45 0
23 5 0
23 21 0
23 27 0
24 20 0
24 30 0
24 31 0
25 21 0
25 28 0
25 46 0
26 22 0
26 47 0
26 48 0
26 49 0
27 23 0
27 29 0
27 50 0
28 25 0
28 29 0
28 51 0
29 6 0
29 27 0
29 28 0
30 24 0
30 32 0
30 52 0
31 10 0
31 24 0
31 53 0
32 30 0
32 34 0
32 54 0
33 5 0
33 55 0
33 56 0
33 57 0
34 10 0
34 32 0
34 58 0
35 59 0
35 60 0
35 61 0
35 51 0
36 12 0
37 12 0
38 13 0
39 13 0
40 15 0
41 15 0
42 8 0
43 9 0
44 22 0
45 22 0
46 25 0
47 26 0
48 26 0
49 26 0
50 27 0
51 28 0
51 35 0
52 30 0
53 31 0
54 32 0
55 33 0
56 33 0
57 33 0
58 34 0
59 35 0
60 35 0
61 35 0
62 10 0
GraphDataEnd
GraphEnd
NodeEnd
NodeStart
EPTNodeID: 10
AnchorID: 14603
TreeNodeGraphID: 24
Level: 3
SimplifiedLevel: 0
EditOperation: 5 10 62 0 0
AccumulatedOpsCount: 2
AccumulatedOp: 2 62 0 0 5
AccumulatedOp: 5 10 62 0 0
ChildrenCount: 2
ChildIndices: 11 12
CompletedDBGraphIDsCount: 1
CompletedDBGraphID: 6372
GraphStart
GraphDataStart
ID: 24
NumNodes: 63
NumEdges: 132
NodeLabels
6 2 2 2 2 2 2 3 3 3 4 4 4 4 4 4 4 4 4 4 4 4 4 4 4 4 4 4 4 4 4 4 4 4 4 4 5 5 5 5 5 5 5 5 5 5 5 5 5 5 5 5 5 5 5 5 5 5 5 5 5 5 5 
Edges
0 14 0
0 17 0
1 18 0
1 22 0
2 18 0
3 19 0
4 20 0
5 23 0
5 33 0
6 29 0
6 35 0
7 13 0
7 15 0
7 18 0
8 17 0
8 20 0
8 42 0
9 19 0
9 21 0
9 43 0
10 31 0
10 34 0
10 62 0
11 12 0
11 14 0
11 16 0
12 11 0
12 13 0
12 36 0
12 37 0
13 7 0
13 12 0
13 38 0
13 39 0
14 0 0
14 11 0
14 15 0
15 7 0
15 14 0
15 40 0
15 41 0
16 11 0
16 17 0
16 19 0
17 0 0
17 8 0
17 16 0
18 1 0
18 2 0
18 7 0
19 3 0
19 9 0
19 16 0
20 4 0
20 8 0
20 24 0
21 9 0
21 23 0
21 25 0
22 1 0
22 26 0
22 44 0
22 45 0
23 5 0
23 21 0
23 27 0
24 20 0
24 30 0
24 31 0
25 21 0
25 28 0
25 46 0
26 22 0
26 47 0
26 48 0
26 49 0
27 23 0
27 29 0
27 50 0
28 25 0
28 29 0
28 51 0
29 6 0
29 27 0
29 28 0
30 24 0
30 32 0
30 52 0
31 10 0
31 24 0
31 53 0
32 30 0
32 34 0
32 54 0
33 5 0
33 55 0
33 56 0
33 57 0
34 10 0
34 32 0
34 58 0
35 6 0
35 59 0
35 60 0
35 61 0
36 12 0
37 12 0
38 13 0
39 13 0
40 15 0
41 15 0
42 8 0
43 9 0
44 22 0
45 22 0
46 25 0
47 26 0
48 26 0
49 26 0
50 27 0
51 28 0
52 30 0
53 31 0
54 32 0
55 33 0
56 33 0
57 33 0
58 34 0
59 35 0
60 35 0
61 35 0
62 10 0
GraphDataEnd
GraphEnd
NodeEnd
NodeStart
EPTNodeID: 11
AnchorID: 14603
TreeNodeGraphID: 25
Level: 4
SimplifiedLevel: 0
EditOperation: 0 58 0 5 1
AccumulatedOpsCount: 1
AccumulatedOp: 0 58 0 5 1
ChildrenCount: 0
ChildIndices:
CompletedDBGraphIDsCount: 1
CompletedDBGraphID: 19392
GraphStart
GraphDataStart
ID: 25
NumNodes: 63
NumEdges: 132
NodeLabels
6 2 2 2 2 2 2 3 3 3 4 4 4 4 4 4 4 4 4 4 4 4 4 4 4 4 4 4 4 4 4 4 4 4 4 4 5 5 5 5 5 5 5 5 5 5 5 5 5 5 5 5 5 5 5 5 5 5 1 5 5 5 5 
Edges
0 14 0
0 17 0
1 18 0
1 22 0
2 18 0
3 19 0
4 20 0
5 23 0
5 33 0
6 29 0
6 35 0
7 13 0
7 15 0
7 18 0
8 17 0
8 20 0
8 42 0
9 19 0
9 21 0
9 43 0
10 31 0
10 34 0
10 62 0
11 12 0
11 14 0
11 16 0
12 11 0
12 13 0
12 36 0
12 37 0
13 7 0
13 12 0
13 38 0
13 39 0
14 0 0
14 11 0
14 15 0
15 7 0
15 14 0
15 40 0
15 41 0
16 11 0
16 17 0
16 19 0
17 0 0
17 8 0
17 16 0
18 1 0
18 2 0
18 7 0
19 3 0
19 9 0
19 16 0
20 4 0
20 8 0
20 24 0
21 9 0
21 23 0
21 25 0
22 1 0
22 26 0
22 44 0
22 45 0
23 5 0
23 21 0
23 27 0
24 20 0
24 30 0
24 31 0
25 21 0
25 28 0
25 46 0
26 22 0
26 47 0
26 48 0
26 49 0
27 23 0
27 29 0
27 50 0
28 25 0
28 29 0
28 51 0
29 6 0
29 27 0
29 28 0
30 24 0
30 32 0
30 52 0
31 10 0
31 24 0
31 53 0
32 30 0
32 34 0
32 54 0
33 5 0
33 55 0
33 56 0
33 57 0
34 10 0
34 32 0
34 58 0
35 6 0
35 59 0
35 60 0
35 61 0
36 12 0
37 12 0
38 13 0
39 13 0
40 15 0
41 15 0
42 8 0
43 9 0
44 22 0
45 22 0
46 25 0
47 26 0
48 26 0
49 26 0
50 27 0
51 28 0
52 30 0
53 31 0
54 32 0
55 33 0
56 33 0
57 33 0
58 34 0
59 35 0
60 35 0
61 35 0
62 10 0
GraphDataEnd
GraphEnd
NodeEnd
NodeStart
EPTNodeID: 12
AnchorID: 14603
TreeNodeGraphID: 26
Level: 4
SimplifiedLevel: 0
EditOperation: 0 58 0 5 7
AccumulatedOpsCount: 1
AccumulatedOp: 0 58 0 5 7
ChildrenCount: 0
ChildIndices:
CompletedDBGraphIDsCount: 1
CompletedDBGraphID: 2075
GraphStart
GraphDataStart
ID: 26
NumNodes: 63
NumEdges: 132
NodeLabels
6 2 2 2 2 2 2 3 3 3 4 4 4 4 4 4 4 4 4 4 4 4 4 4 4 4 4 4 4 4 4 4 4 4 4 4 5 5 5 5 5 5 5 5 5 5 5 5 5 5 5 5 5 5 5 5 5 5 7 5 5 5 5 
Edges
0 14 0
0 17 0
1 18 0
1 22 0
2 18 0
3 19 0
4 20 0
5 23 0
5 33 0
6 29 0
6 35 0
7 13 0
7 15 0
7 18 0
8 17 0
8 20 0
8 42 0
9 19 0
9 21 0
9 43 0
10 31 0
10 34 0
10 62 0
11 12 0
11 14 0
11 16 0
12 11 0
12 13 0
12 36 0
12 37 0
13 7 0
13 12 0
13 38 0
13 39 0
14 0 0
14 11 0
14 15 0
15 7 0
15 14 0
15 40 0
15 41 0
16 11 0
16 17 0
16 19 0
17 0 0
17 8 0
17 16 0
18 1 0
18 2 0
18 7 0
19 3 0
19 9 0
19 16 0
20 4 0
20 8 0
20 24 0
21 9 0
21 23 0
21 25 0
22 1 0
22 26 0
22 44 0
22 45 0
23 5 0
23 21 0
23 27 0
24 20 0
24 30 0
24 31 0
25 21 0
25 28 0
25 46 0
26 22 0
26 47 0
26 48 0
26 49 0
27 23 0
27 29 0
27 50 0
28 25 0
28 29 0
28 51 0
29 6 0
29 27 0
29 28 0
30 24 0
30 32 0
30 52 0
31 10 0
31 24 0
31 53 0
32 30 0
32 34 0
32 54 0
33 5 0
33 55 0
33 56 0
33 57 0
34 10 0
34 32 0
34 58 0
35 6 0
35 59 0
35 60 0
35 61 0
36 12 0
37 12 0
38 13 0
39 13 0
40 15 0
41 15 0
42 8 0
43 9 0
44 22 0
45 22 0
46 25 0
47 26 0
48 26 0
49 26 0
50 27 0
51 28 0
52 30 0
53 31 0
54 32 0
55 33 0
56 33 0
57 33 0
58 34 0
59 35 0
60 35 0
61 35 0
62 10 0
GraphDataEnd
GraphEnd
NodeEnd
NodeStart
EPTNodeID: 13
AnchorID: 14603
TreeNodeGraphID: 32
Level: 7
SimplifiedLevel: 0
EditOperation: 5 10 62 0 0
AccumulatedOpsCount: 6
AccumulatedOp: 5 6 28 0 0
AccumulatedOp: 2 62 0 0 1
AccumulatedOp: 4 6 29 0 0
AccumulatedOp: 4 28 51 0 0
AccumulatedOp: 5 29 51 0 0
AccumulatedOp: 5 10 62 0 0
ChildrenCount: 0
ChildIndices:
CompletedDBGraphIDsCount: 1
CompletedDBGraphID: 3138
GraphStart
GraphDataStart
ID: 32
NumNodes: 63
NumEdges: 132
NodeLabels
6 2 2 2 2 2 2 3 3 3 4 4 4 4 4 4 4 4 4 4 4 4 4 4 4 4 4 4 4 4 4 4 4 4 4 4 5 5 5 5 5 5 5 5 5 5 5 5 5 5 5 5 5 5 5 5 5 5 5 5 5 5 1 
Edges
0 14 0
0 17 0
1 18 0
1 22 0
2 18 0
3 19 0
4 20 0
5 23 0
5 33 0
6 35 0
6 28 0
7 13 0
7 15 0
7 18 0
8 17 0
8 20 0
8 42 0
9 19 0
9 21 0
9 43 0
10 31 0
10 34 0
10 62 0
11 12 0
11 14 0
11 16 0
12 11 0
12 13 0
12 36 0
12 37 0
13 7 0
13 12 0
13 38 0
13 39 0
14 0 0
14 11 0
14 15 0
15 7 0
15 14 0
15 40 0
15 41 0
16 11 0
16 17 0
16 19 0
17 0 0
17 8 0
17 16 0
18 1 0
18 2 0
18 7 0
19 3 0
19 9 0
19 16 0
20 4 0
20 8 0
20 24 0
21 9 0
21 23 0
21 25 0
22 1 0
22 26 0
22 44 0
22 45 0
23 5 0
23 21 0
23 27 0
24 20 0
24 30 0
24 31 0
25 21 0
25 28 0
25 46 0
26 22 0
26 47 0
26 48 0
26 49 0
27 23 0
27 29 0
27 50 0
28 25 0
28 29 0
28 6 0
29 27 0
29 28 0
29 51 0
30 24 0
30 32 0
30 52 0
31 10 0
31 24 0
31 53 0
32 30 0
32 34 0
32 54 0
33 5 0
33 55 0
33 56 0
33 57 0
34 10 0
34 32 0
34 58 0
35 6 0
35 59 0
35 60 0
35 61 0
36 12 0
37 12 0
38 13 0
39 13 0
40 15 0
41 15 0
42 8 0
43 9 0
44 22 0
45 22 0
46 25 0
47 26 0
48 26 0
49 26 0
50 27 0
51 29 0
52 30 0
53 31 0
54 32 0
55 33 0
56 33 0
57 33 0
58 34 0
59 35 0
60 35 0
61 35 0
62 10 0
GraphDataEnd
GraphEnd
NodeEnd
NodeStart
EPTNodeID: 14
AnchorID: 14603
TreeNodeGraphID: 42
Level: 11
SimplifiedLevel: 0
EditOperation: 5 10 65 0 0
AccumulatedOpsCount: 10
AccumulatedOp: 4 20 24 0 0
AccumulatedOp: 2 62 0 0 4
AccumulatedOp: 2 63 0 0 5
AccumulatedOp: 2 64 0 0 5
AccumulatedOp: 5 62 64 0 0
AccumulatedOp: 5 24 62 0 0
AccumulatedOp: 2 65 0 0 5
AccumulatedOp: 5 20 62 0 0
AccumulatedOp: 5 62 63 0 0
AccumulatedOp: 5 10 65 0 0
ChildrenCount: 0
ChildIndices:
CompletedDBGraphIDsCount: 1
CompletedDBGraphID: 11009
GraphStart
GraphDataStart
ID: 42
NumNodes: 66
NumEdges: 138
NodeLabels
6 2 2 2 2 2 2 3 3 3 4 4 4 4 4 4 4 4 4 4 4 4 4 4 4 4 4 4 4 4 4 4 4 4 4 4 5 5 5 5 5 5 5 5 5 5 5 5 5 5 5 5 5 5 5 5 5 5 5 5 5 5 4 5 5 5 
Edges
0 14 0
0 17 0
1 18 0
1 22 0
2 18 0
3 19 0
4 20 0
5 23 0
5 33 0
6 29 0
6 35 0
7 13 0
7 15 0
7 18 0
8 17 0
8 20 0
8 42 0
9 19 0
9 21 0
9 43 0
10 31 0
10 34 0
10 65 0
11 12 0
11 14 0
11 16 0
12 11 0
12 13 0
12 36 0
12 37 0
13 7 0
13 12 0
13 38 0
13 39 0
14 0 0
14 11 0
14 15 0
15 7 0
15 14 0
15 40 0
15 41 0
16 11 0
16 17 0
16 19 0
17 0 0
17 8 0
17 16 0
18 1 0
18 2 0
18 7 0
19 3 0
19 9 0
19 16 0
20 4 0
20 8 0
20 62 0
21 9 0
21 23 0
21 25 0
22 1 0
22 26 0
22 44 0
22 45 0
23 5 0
23 21 0
23 27 0
24 30 0
24 31 0
24 62 0
25 21 0
25 28 0
25 46 0
26 22 0
26 47 0
26 48 0
26 49 0
27 23 0
27 29 0
27 50 0
28 25 0
28 29 0
28 51 0
29 6 0
29 27 0
29 28 0
30 24 0
30 32 0
30 52 0
31 10 0
31 24 0
31 53 0
32 30 0
32 34 0
32 54 0
33 5 0
33 55 0
33 56 0
33 57 0
34 10 0
34 32 0
34 58 0
35 6 0
35 59 0
35 60 0
35 61 0
36 12 0
37 12 0
38 13 0
39 13 0
40 15 0
41 15 0
42 8 0
43 9 0
44 22 0
45 22 0
46 25 0
47 26 0
48 26 0
49 26 0
50 27 0
51 28 0
52 30 0
53 31 0
54 32 0
55 33 0
56 33 0
57 33 0
58 34 0
59 35 0
60 35 0
61 35 0
62 64 0
62 24 0
62 20 0
62 63 0
63 62 0
64 62 0
65 10 0
GraphDataEnd
GraphEnd
NodeEnd
END_EPT
