BEGIN_EPT
AnchorID: 16002  # ID of the anchor node
RootIndex: 0  # Index of the root node in tree_nodes
NodeCount: 34  # Total number of nodes in the EPT
NodeStart
EPTNodeID: 0
AnchorID: 16002
TreeNodeGraphID: 0
Level: 0
SimplifiedLevel: 0
EditOperation: -1 0 -1 0 0
AccumulatedOpsCount: 0
ChildrenCount: 6
ChildIndices: 1 16 23 26 31 33
CompletedDBGraphIDsCount: 0
GraphStart
GraphDataStart
ID: 0
NumNodes: 59
NumEdges: 124
NodeLabels
6 2 2 2 2 3 3 3 3 4 4 4 4 4 4 4 4 4 4 4 4 4 4 4 4 4 4 4 4 4 4 4 4 4 4 5 5 5 5 5 5 5 5 5 5 5 5 5 5 5 5 5 5 5 5 5 5 5 5 
Edges
0 12 0
0 18 0
1 13 0
1 31 0
2 25 0
3 32 0
3 33 0
4 32 0
5 9 0
5 11 0
5 12 0
6 7 0
6 9 0
7 6 0
7 12 0
8 23 0
8 25 0
8 46 0
9 5 0
9 6 0
9 10 0
10 9 0
10 13 0
10 14 0
11 5 0
11 15 0
11 16 0
12 0 0
12 5 0
12 7 0
13 1 0
13 10 0
13 17 0
14 10 0
14 19 0
14 35 0
15 11 0
15 20 0
15 36 0
16 11 0
16 21 0
16 37 0
17 13 0
17 22 0
17 40 0
18 0 0
18 25 0
18 38 0
18 39 0
19 14 0
19 22 0
19 41 0
20 15 0
20 24 0
20 42 0
21 16 0
21 24 0
21 43 0
22 17 0
22 19 0
22 44 0
23 8 0
23 26 0
23 28 0
24 20 0
24 21 0
24 45 0
25 2 0
25 8 0
25 18 0
26 23 0
26 27 0
26 47 0
27 26 0
27 29 0
27 32 0
28 23 0
28 30 0
28 48 0
29 27 0
29 30 0
29 49 0
30 28 0
30 29 0
30 50 0
31 1 0
31 51 0
31 52 0
31 53 0
32 3 0
32 4 0
32 27 0
33 3 0
33 34 0
33 54 0
33 55 0
34 33 0
34 56 0
34 57 0
34 58 0
35 14 0
36 15 0
37 16 0
38 18 0
39 18 0
40 17 0
41 19 0
42 20 0
43 21 0
44 22 0
45 24 0
46 8 0
47 26 0
48 28 0
49 29 0
50 30 0
51 31 0
52 31 0
53 31 0
54 33 0
55 33 0
56 34 0
57 34 0
58 34 0
GraphDataEnd
GraphEnd
NodeEnd
NodeStart
EPTNodeID: 1
AnchorID: 16002
TreeNodeGraphID: 2
Level: 2
SimplifiedLevel: 0
EditOperation: 1 4 0 2 0
AccumulatedOpsCount: 2
AccumulatedOp: 4 4 32 0 0
AccumulatedOp: 1 4 0 2 0
ChildrenCount: 4
ChildIndices: 2 9 12 15
CompletedDBGraphIDsCount: 0
GraphStart
GraphDataStart
ID: 2
NumNodes: 58
NumEdges: 122
NodeLabels
6 2 2 2 3 3 3 3 4 4 4 4 4 4 4 4 4 4 4 4 4 4 4 4 4 4 4 4 4 4 4 4 4 4 5 5 5 5 5 5 5 5 5 5 5 5 5 5 5 5 5 5 5 5 5 5 5 5 
Edges
0 11 0
0 17 0
1 12 0
1 30 0
2 24 0
3 31 0
3 32 0
4 8 0
4 10 0
4 11 0
5 6 0
5 8 0
6 5 0
6 11 0
7 22 0
7 24 0
7 45 0
8 4 0
8 5 0
8 9 0
9 8 0
9 12 0
9 13 0
10 4 0
10 14 0
10 15 0
11 0 0
11 4 0
11 6 0
12 1 0
12 9 0
12 16 0
13 9 0
13 18 0
13 34 0
14 10 0
14 19 0
14 35 0
15 10 0
15 20 0
15 36 0
16 12 0
16 21 0
16 39 0
17 0 0
17 24 0
17 37 0
17 38 0
18 13 0
18 21 0
18 40 0
19 14 0
19 23 0
19 41 0
20 15 0
20 23 0
20 42 0
21 16 0
21 18 0
21 43 0
22 7 0
22 25 0
22 27 0
23 19 0
23 20 0
23 44 0
24 2 0
24 7 0
24 17 0
25 22 0
25 26 0
25 46 0
26 25 0
26 28 0
26 31 0
27 22 0
27 29 0
27 47 0
28 26 0
28 29 0
28 48 0
29 27 0
29 28 0
29 49 0
30 1 0
30 50 0
30 51 0
30 52 0
31 3 0
31 26 0
32 3 0
32 33 0
32 53 0
32 54 0
33 32 0
33 55 0
33 56 0
33 57 0
34 13 0
35 14 0
36 15 0
37 17 0
38 17 0
39 16 0
40 18 0
41 19 0
42 20 0
43 21 0
44 23 0
45 7 0
46 25 0
47 27 0
48 28 0
49 29 0
50 30 0
51 30 0
52 30 0
53 32 0
54 32 0
55 33 0
56 33 0
57 33 0
GraphDataEnd
GraphEnd
NodeEnd
NodeStart
EPTNodeID: 2
AnchorID: 16002
TreeNodeGraphID: 4
Level: 4
SimplifiedLevel: 0
EditOperation: 0 32 0 4 5
AccumulatedOpsCount: 2
AccumulatedOp: 4 3 32 0 0
AccumulatedOp: 0 32 0 4 5
ChildrenCount: 2
ChildIndices: 3 6
CompletedDBGraphIDsCount: 0
GraphStart
GraphDataStart
ID: 4
NumNodes: 58
NumEdges: 120
NodeLabels
6 2 2 2 3 3 3 3 4 4 4 4 4 4 4 4 4 4 4 4 4 4 4 4 4 4 4 4 4 4 4 5 4 4 5 5 5 5 5 5 5 5 5 5 5 5 5 5 5 5 5 5 5 5 5 5 5 5 
Edges
0 11 0
0 17 0
1 12 0
1 30 0
2 24 0
3 32 0
4 8 0
4 10 0
4 11 0
5 6 0
5 8 0
6 5 0
6 11 0
7 22 0
7 24 0
7 45 0
8 4 0
8 5 0
8 9 0
9 8 0
9 12 0
9 13 0
10 4 0
10 14 0
10 15 0
11 0 0
11 4 0
11 6 0
12 1 0
12 9 0
12 16 0
13 9 0
13 18 0
13 34 0
14 10 0
14 19 0
14 35 0
15 10 0
15 20 0
15 36 0
16 12 0
16 21 0
16 39 0
17 0 0
17 24 0
17 37 0
17 38 0
18 13 0
18 21 0
18 40 0
19 14 0
19 23 0
19 41 0
20 15 0
20 23 0
20 42 0
21 16 0
21 18 0
21 43 0
22 7 0
22 25 0
22 27 0
23 19 0
23 20 0
23 44 0
24 2 0
24 7 0
24 17 0
25 22 0
25 26 0
25 46 0
26 25 0
26 28 0
26 31 0
27 22 0
27 29 0
27 47 0
28 26 0
28 29 0
28 48 0
29 27 0
29 28 0
29 49 0
30 1 0
30 50 0
30 51 0
30 52 0
31 26 0
32 3 0
32 33 0
32 53 0
32 54 0
33 32 0
33 55 0
33 56 0
33 57 0
34 13 0
35 14 0
36 15 0
37 17 0
38 17 0
39 16 0
40 18 0
41 19 0
42 20 0
43 21 0
44 23 0
45 7 0
46 25 0
47 27 0
48 28 0
49 29 0
50 30 0
51 30 0
52 30 0
53 32 0
54 32 0
55 33 0
56 33 0
57 33 0
GraphDataEnd
GraphEnd
NodeEnd
NodeStart
EPTNodeID: 3
AnchorID: 16002
TreeNodeGraphID: 8
Level: 8
SimplifiedLevel: 0
EditOperation: 5 3 29 0 0
AccumulatedOpsCount: 4
AccumulatedOp: 4 29 49 0 0
AccumulatedOp: 1 49 0 5 0
AccumulatedOp: 4 1 13 0 0
AccumulatedOp: 5 3 29 0 0
ChildrenCount: 2
ChildIndices: 4 5
CompletedDBGraphIDsCount: 0
GraphStart
GraphDataStart
ID: 8
NumNodes: 57
NumEdges: 118
NodeLabels
6 2 2 2 3 3 3 3 4 4 4 4 4 4 4 4 4 4 4 4 4 4 4 4 4 4 4 4 4 4 4 5 4 4 5 5 5 5 5 5 5 5 5 5 5 5 5 5 5 5 5 5 5 5 5 5 5 
Edges
0 11 0
0 17 0
1 30 0
2 24 0
3 32 0
3 28 0
4 8 0
4 10 0
4 11 0
5 6 0
5 8 0
6 5 0
6 11 0
7 22 0
7 24 0
7 45 0
8 4 0
8 5 0
8 9 0
9 8 0
9 12 0
9 13 0
10 4 0
10 14 0
10 15 0
11 0 0
11 4 0
11 6 0
12 9 0
12 16 0
13 9 0
13 18 0
13 34 0
14 10 0
14 19 0
14 35 0
15 10 0
15 20 0
15 36 0
16 12 0
16 21 0
16 39 0
17 0 0
17 24 0
17 37 0
17 38 0
18 13 0
18 21 0
18 40 0
19 14 0
19 23 0
19 41 0
20 15 0
20 23 0
20 42 0
21 16 0
21 18 0
21 43 0
22 7 0
22 25 0
22 27 0
23 19 0
23 20 0
23 44 0
24 2 0
24 7 0
24 17 0
25 22 0
25 26 0
25 46 0
26 25 0
26 28 0
26 31 0
27 22 0
27 29 0
27 47 0
28 26 0
28 29 0
28 3 0
29 27 0
29 28 0
29 48 0
30 1 0
30 49 0
30 50 0
30 51 0
31 26 0
32 3 0
32 33 0
32 52 0
32 53 0
33 32 0
33 54 0
33 55 0
33 56 0
34 13 0
35 14 0
36 15 0
37 17 0
38 17 0
39 16 0
40 18 0
41 19 0
42 20 0
43 21 0
44 23 0
45 7 0
46 25 0
47 27 0
48 29 0
49 30 0
50 30 0
51 30 0
52 32 0
53 32 0
54 33 0
55 33 0
56 33 0
GraphDataEnd
GraphEnd
NodeEnd
NodeStart
EPTNodeID: 4
AnchorID: 16002
TreeNodeGraphID: 14
Level: 14
SimplifiedLevel: 0
EditOperation: 5 7 13 0 0
AccumulatedOpsCount: 6
AccumulatedOp: 0 6 0 3 2
AccumulatedOp: 5 1 24 0 0
AccumulatedOp: 4 6 7 0 0
AccumulatedOp: 4 24 45 0 0
AccumulatedOp: 1 45 0 5 0
AccumulatedOp: 5 7 13 0 0
ChildrenCount: 0
ChildIndices:
CompletedDBGraphIDsCount: 1
CompletedDBGraphID: 14933
GraphStart
GraphDataStart
ID: 14
NumNodes: 56
NumEdges: 118
NodeLabels
6 2 2 2 3 2 3 3 4 4 4 4 4 4 4 4 4 4 4 4 4 4 4 4 4 4 4 4 4 4 4 5 4 4 5 5 5 5 5 5 5 5 5 5 5 5 5 5 5 5 5 5 5 5 5 5 
Edges
0 11 0
0 17 0
1 30 0
1 23 0
2 24 0
3 32 0
3 28 0
4 8 0
4 10 0
4 11 0
5 8 0
6 11 0
6 12 0
7 22 0
7 24 0
7 44 0
8 4 0
8 5 0
8 9 0
9 8 0
9 12 0
9 13 0
10 4 0
10 14 0
10 15 0
11 0 0
11 4 0
11 6 0
12 9 0
12 16 0
12 6 0
13 9 0
13 18 0
13 34 0
14 10 0
14 19 0
14 35 0
15 10 0
15 20 0
15 36 0
16 12 0
16 21 0
16 39 0
17 0 0
17 24 0
17 37 0
17 38 0
18 13 0
18 21 0
18 40 0
19 14 0
19 23 0
19 41 0
20 15 0
20 23 0
20 42 0
21 16 0
21 18 0
21 43 0
22 7 0
22 25 0
22 27 0
23 19 0
23 20 0
23 1 0
24 2 0
24 7 0
24 17 0
25 22 0
25 26 0
25 45 0
26 25 0
26 28 0
26 31 0
27 22 0
27 29 0
27 46 0
28 26 0
28 29 0
28 3 0
29 27 0
29 28 0
29 47 0
30 1 0
30 48 0
30 49 0
30 50 0
31 26 0
32 3 0
32 33 0
32 51 0
32 52 0
33 32 0
33 53 0
33 54 0
33 55 0
34 13 0
35 14 0
36 15 0
37 17 0
38 17 0
39 16 0
40 18 0
41 19 0
42 20 0
43 21 0
44 7 0
45 25 0
46 27 0
47 29 0
48 30 0
49 30 0
50 30 0
51 32 0
52 32 0
53 33 0
54 33 0
55 33 0
GraphDataEnd
GraphEnd
NodeEnd
NodeStart
EPTNodeID: 5
AnchorID: 16002
TreeNodeGraphID: 18
Level: 12
SimplifiedLevel: 0
EditOperation: 5 13 44 0 0
AccumulatedOpsCount: 4
AccumulatedOp: 5 1 22 0 0
AccumulatedOp: 0 45 0 5 7
AccumulatedOp: 4 22 44 0 0
AccumulatedOp: 5 13 44 0 0
ChildrenCount: 0
ChildIndices:
CompletedDBGraphIDsCount: 1
CompletedDBGraphID: 11526
GraphStart
GraphDataStart
ID: 18
NumNodes: 57
NumEdges: 120
NodeLabels
6 2 2 2 3 3 3 3 4 4 4 4 4 4 4 4 4 4 4 4 4 4 4 4 4 4 4 4 4 4 4 5 4 4 5 5 5 5 5 5 5 5 5 5 7 5 5 5 5 5 5 5 5 5 5 5 5 
Edges
0 11 0
0 17 0
1 30 0
1 21 0
2 24 0
3 32 0
3 28 0
4 8 0
4 10 0
4 11 0
5 6 0
5 8 0
6 5 0
6 11 0
7 22 0
7 24 0
7 45 0
8 4 0
8 5 0
8 9 0
9 8 0
9 12 0
9 13 0
10 4 0
10 14 0
10 15 0
11 0 0
11 4 0
11 6 0
12 9 0
12 16 0
12 43 0
13 9 0
13 18 0
13 34 0
14 10 0
14 19 0
14 35 0
15 10 0
15 20 0
15 36 0
16 12 0
16 21 0
16 39 0
17 0 0
17 24 0
17 37 0
17 38 0
18 13 0
18 21 0
18 40 0
19 14 0
19 23 0
19 41 0
20 15 0
20 23 0
20 42 0
21 16 0
21 18 0
21 1 0
22 7 0
22 25 0
22 27 0
23 19 0
23 20 0
23 44 0
24 2 0
24 7 0
24 17 0
25 22 0
25 26 0
25 46 0
26 25 0
26 28 0
26 31 0
27 22 0
27 29 0
27 47 0
28 26 0
28 29 0
28 3 0
29 27 0
29 28 0
29 48 0
30 1 0
30 49 0
30 50 0
30 51 0
31 26 0
32 3 0
32 33 0
32 52 0
32 53 0
33 32 0
33 54 0
33 55 0
33 56 0
34 13 0
35 14 0
36 15 0
37 17 0
38 17 0
39 16 0
40 18 0
41 19 0
42 20 0
43 12 0
44 23 0
45 7 0
46 25 0
47 27 0
48 29 0
49 30 0
50 30 0
51 30 0
52 32 0
53 32 0
54 33 0
55 33 0
56 33 0
GraphDataEnd
GraphEnd
NodeEnd
NodeStart
EPTNodeID: 6
AnchorID: 16002
TreeNodeGraphID: 19
Level: 5
SimplifiedLevel: 0
EditOperation: 4 33 34 0 0
AccumulatedOpsCount: 1
AccumulatedOp: 4 33 34 0 0
ChildrenCount: 2
ChildIndices: 7 8
CompletedDBGraphIDsCount: 0
GraphStart
GraphDataStart
ID: 19
NumNodes: 58
NumEdges: 118
NodeLabels
6 2 2 2 3 3 3 3 4 4 4 4 4 4 4 4 4 4 4 4 4 4 4 4 4 4 4 4 4 4 4 5 4 4 5 5 5 5 5 5 5 5 5 5 5 5 5 5 5 5 5 5 5 5 5 5 5 5 
Edges
0 11 0
0 17 0
1 12 0
1 30 0
2 24 0
3 32 0
4 8 0
4 10 0
4 11 0
5 6 0
5 8 0
6 5 0
6 11 0
7 22 0
7 24 0
7 45 0
8 4 0
8 5 0
8 9 0
9 8 0
9 12 0
9 13 0
10 4 0
10 14 0
10 15 0
11 0 0
11 4 0
11 6 0
12 1 0
12 9 0
12 16 0
13 9 0
13 18 0
13 34 0
14 10 0
14 19 0
14 35 0
15 10 0
15 20 0
15 36 0
16 12 0
16 21 0
16 39 0
17 0 0
17 24 0
17 37 0
17 38 0
18 13 0
18 21 0
18 40 0
19 14 0
19 23 0
19 41 0
20 15 0
20 23 0
20 42 0
21 16 0
21 18 0
21 43 0
22 7 0
22 25 0
22 27 0
23 19 0
23 20 0
23 44 0
24 2 0
24 7 0
24 17 0
25 22 0
25 26 0
25 46 0
26 25 0
26 28 0
26 31 0
27 22 0
27 29 0
27 47 0
28 26 0
28 29 0
28 48 0
29 27 0
29 28 0
29 49 0
30 1 0
30 50 0
30 51 0
30 52 0
31 26 0
32 3 0
32 53 0
32 54 0
33 55 0
33 56 0
33 57 0
34 13 0
35 14 0
36 15 0
37 17 0
38 17 0
39 16 0
40 18 0
41 19 0
42 20 0
43 21 0
44 23 0
45 7 0
46 25 0
47 27 0
48 28 0
49 29 0
50 30 0
51 30 0
52 30 0
53 32 0
54 32 0
55 33 0
56 33 0
57 33 0
GraphDataEnd
GraphEnd
NodeEnd
NodeStart
EPTNodeID: 7
AnchorID: 16002
TreeNodeGraphID: 26
Level: 12
SimplifiedLevel: 0
EditOperation: 5 11 33 0 0
AccumulatedOpsCount: 7
AccumulatedOp: 4 5 11 0 0
AccumulatedOp: 0 49 0 5 2
AccumulatedOp: 5 34 49 0 0
AccumulatedOp: 4 3 33 0 0
AccumulatedOp: 1 3 0 2 0
AccumulatedOp: 5 5 33 0 0
AccumulatedOp: 5 11 33 0 0
ChildrenCount: 0
ChildIndices:
CompletedDBGraphIDsCount: 1
CompletedDBGraphID: 2500
GraphStart
GraphDataStart
ID: 26
NumNodes: 57
NumEdges: 120
NodeLabels
6 2 2 3 3 3 3 4 4 4 4 4 4 4 4 4 4 4 4 4 4 4 4 4 4 4 4 4 4 4 5 4 4 5 5 5 5 5 5 5 5 5 5 5 5 5 5 2 5 5 5 5 5 5 5 5 5 
Edges
0 10 0
0 16 0
1 11 0
1 29 0
2 23 0
3 7 0
3 10 0
3 31 0
4 5 0
4 7 0
5 4 0
5 10 0
6 21 0
6 23 0
6 44 0
7 3 0
7 4 0
7 8 0
8 7 0
8 11 0
8 12 0
9 13 0
9 14 0
9 31 0
10 0 0
10 3 0
10 5 0
11 1 0
11 8 0
11 15 0
12 8 0
12 17 0
12 33 0
13 9 0
13 18 0
13 34 0
14 9 0
14 19 0
14 35 0
15 11 0
15 20 0
15 38 0
16 0 0
16 23 0
16 36 0
16 37 0
17 12 0
17 20 0
17 39 0
18 13 0
18 22 0
18 40 0
19 14 0
19 22 0
19 41 0
20 15 0
20 17 0
20 42 0
21 6 0
21 24 0
21 26 0
22 18 0
22 19 0
22 43 0
23 2 0
23 6 0
23 16 0
24 21 0
24 25 0
24 45 0
25 24 0
25 27 0
25 30 0
26 21 0
26 28 0
26 46 0
27 25 0
27 28 0
27 47 0
28 26 0
28 27 0
28 48 0
29 1 0
29 49 0
29 50 0
29 51 0
30 25 0
31 52 0
31 53 0
31 3 0
31 9 0
32 54 0
32 55 0
32 56 0
32 47 0
33 12 0
34 13 0
35 14 0
36 16 0
37 16 0
38 15 0
39 17 0
40 18 0
41 19 0
42 20 0
43 22 0
44 6 0
45 24 0
46 26 0
47 27 0
47 32 0
48 28 0
49 29 0
50 29 0
51 29 0
52 31 0
53 31 0
54 32 0
55 32 0
56 32 0
GraphDataEnd
GraphEnd
NodeEnd
NodeStart
EPTNodeID: 8
AnchorID: 16002
TreeNodeGraphID: 33
Level: 12
SimplifiedLevel: 0
EditOperation: 5 26 34 0 0
AccumulatedOpsCount: 7
AccumulatedOp: 4 26 47 0 0
AccumulatedOp: 0 3 0 2 5
AccumulatedOp: 1 47 0 5 0
AccumulatedOp: 5 28 33 0 0
AccumulatedOp: 4 28 48 0 0
AccumulatedOp: 1 48 0 5 0
AccumulatedOp: 5 26 34 0 0
ChildrenCount: 0
ChildIndices:
CompletedDBGraphIDsCount: 1
CompletedDBGraphID: 18556
GraphStart
GraphDataStart
ID: 33
NumNodes: 56
NumEdges: 118
NodeLabels
6 2 2 5 3 3 3 3 4 4 4 4 4 4 4 4 4 4 4 4 4 4 4 4 4 4 4 4 4 4 4 5 4 4 5 5 5 5 5 5 5 5 5 5 5 5 5 5 5 5 5 5 5 5 5 5 
Edges
0 11 0
0 17 0
1 12 0
1 30 0
2 24 0
3 32 0
4 8 0
4 10 0
4 11 0
5 6 0
5 8 0
6 5 0
6 11 0
7 22 0
7 24 0
7 45 0
8 4 0
8 5 0
8 9 0
9 8 0
9 12 0
9 13 0
10 4 0
10 14 0
10 15 0
11 0 0
11 4 0
11 6 0
12 1 0
12 9 0
12 16 0
13 9 0
13 18 0
13 34 0
14 10 0
14 19 0
14 35 0
15 10 0
15 20 0
15 36 0
16 12 0
16 21 0
16 39 0
17 0 0
17 24 0
17 37 0
17 38 0
18 13 0
18 21 0
18 40 0
19 14 0
19 23 0
19 41 0
20 15 0
20 23 0
20 42 0
21 16 0
21 18 0
21 43 0
22 7 0
22 25 0
22 27 0
23 19 0
23 20 0
23 44 0
24 2 0
24 7 0
24 17 0
25 22 0
25 26 0
25 33 0
26 25 0
26 28 0
26 31 0
27 22 0
27 29 0
27 32 0
28 26 0
28 29 0
28 46 0
29 27 0
29 28 0
29 47 0
30 1 0
30 48 0
30 49 0
30 50 0
31 26 0
32 3 0
32 51 0
32 52 0
32 27 0
33 53 0
33 54 0
33 55 0
33 25 0
34 13 0
35 14 0
36 15 0
37 17 0
38 17 0
39 16 0
40 18 0
41 19 0
42 20 0
43 21 0
44 23 0
45 7 0
46 28 0
47 29 0
48 30 0
49 30 0
50 30 0
51 32 0
52 32 0
53 33 0
54 33 0
55 33 0
GraphDataEnd
GraphEnd
NodeEnd
NodeStart
EPTNodeID: 9
AnchorID: 16002
TreeNodeGraphID: 34
Level: 3
SimplifiedLevel: 0
EditOperation: 4 33 34 0 0
AccumulatedOpsCount: 1
AccumulatedOp: 4 33 34 0 0
ChildrenCount: 2
ChildIndices: 10 11
CompletedDBGraphIDsCount: 0
GraphStart
GraphDataStart
ID: 34
NumNodes: 58
NumEdges: 120
NodeLabels
6 2 2 2 3 3 3 3 4 4 4 4 4 4 4 4 4 4 4 4 4 4 4 4 4 4 4 4 4 4 4 4 4 4 5 5 5 5 5 5 5 5 5 5 5 5 5 5 5 5 5 5 5 5 5 5 5 5 
Edges
0 11 0
0 17 0
1 12 0
1 30 0
2 24 0
3 31 0
3 32 0
4 8 0
4 10 0
4 11 0
5 6 0
5 8 0
6 5 0
6 11 0
7 22 0
7 24 0
7 45 0
8 4 0
8 5 0
8 9 0
9 8 0
9 12 0
9 13 0
10 4 0
10 14 0
10 15 0
11 0 0
11 4 0
11 6 0
12 1 0
12 9 0
12 16 0
13 9 0
13 18 0
13 34 0
14 10 0
14 19 0
14 35 0
15 10 0
15 20 0
15 36 0
16 12 0
16 21 0
16 39 0
17 0 0
17 24 0
17 37 0
17 38 0
18 13 0
18 21 0
18 40 0
19 14 0
19 23 0
19 41 0
20 15 0
20 23 0
20 42 0
21 16 0
21 18 0
21 43 0
22 7 0
22 25 0
22 27 0
23 19 0
23 20 0
23 44 0
24 2 0
24 7 0
24 17 0
25 22 0
25 26 0
25 46 0
26 25 0
26 28 0
26 31 0
27 22 0
27 29 0
27 47 0
28 26 0
28 29 0
28 48 0
29 27 0
29 28 0
29 49 0
30 1 0
30 50 0
30 51 0
30 52 0
31 3 0
31 26 0
32 3 0
32 53 0
32 54 0
33 55 0
33 56 0
33 57 0
34 13 0
35 14 0
36 15 0
37 17 0
38 17 0
39 16 0
40 18 0
41 19 0
42 20 0
43 21 0
44 23 0
45 7 0
46 25 0
47 27 0
48 28 0
49 29 0
50 30 0
51 30 0
52 30 0
53 32 0
54 32 0
55 33 0
56 33 0
57 33 0
GraphDataEnd
GraphEnd
NodeEnd
NodeStart
EPTNodeID: 10
AnchorID: 16002
TreeNodeGraphID: 41
Level: 10
SimplifiedLevel: 0
EditOperation: 5 33 47 0 0
AccumulatedOpsCount: 7
AccumulatedOp: 5 23 32 0 0
AccumulatedOp: 5 34 45 0 0
AccumulatedOp: 0 26 0 4 5
AccumulatedOp: 0 45 0 5 2
AccumulatedOp: 4 23 26 0 0
AccumulatedOp: 4 26 47 0 0
AccumulatedOp: 5 33 47 0 0
ChildrenCount: 0
ChildIndices:
CompletedDBGraphIDsCount: 1
CompletedDBGraphID: 15028
GraphStart
GraphDataStart
ID: 41
NumNodes: 58
NumEdges: 122
NodeLabels
6 2 2 2 3 3 3 3 4 4 4 4 4 4 4 4 4 4 4 4 4 4 4 4 4 5 4 4 4 4 4 4 4 4 5 5 5 5 5 5 5 5 5 5 2 5 5 5 5 5 5 5 5 5 5 5 5 5 
Edges
0 11 0
0 17 0
1 12 0
1 30 0
2 24 0
3 31 0
3 32 0
4 8 0
4 10 0
4 11 0
5 6 0
5 8 0
6 5 0
6 11 0
7 22 0
7 24 0
7 45 0
8 4 0
8 5 0
8 9 0
9 8 0
9 12 0
9 13 0
10 4 0
10 14 0
10 15 0
11 0 0
11 4 0
11 6 0
12 1 0
12 9 0
12 16 0
13 9 0
13 18 0
13 34 0
14 10 0
14 19 0
14 35 0
15 10 0
15 20 0
15 36 0
16 12 0
16 21 0
16 39 0
17 0 0
17 24 0
17 37 0
17 38 0
18 13 0
18 21 0
18 40 0
19 14 0
19 23 0
19 41 0
20 15 0
20 23 0
20 42 0
21 16 0
21 18 0
21 43 0
22 7 0
22 27 0
22 31 0
23 19 0
23 20 0
23 44 0
24 2 0
24 7 0
24 17 0
25 26 0
26 25 0
26 28 0
26 31 0
27 22 0
27 29 0
27 47 0
28 26 0
28 29 0
28 48 0
29 27 0
29 28 0
29 49 0
30 1 0
30 50 0
30 51 0
30 52 0
31 3 0
31 26 0
31 22 0
32 3 0
32 53 0
32 54 0
32 46 0
33 55 0
33 56 0
33 57 0
33 44 0
34 13 0
35 14 0
36 15 0
37 17 0
38 17 0
39 16 0
40 18 0
41 19 0
42 20 0
43 21 0
44 23 0
44 33 0
45 7 0
46 32 0
47 27 0
48 28 0
49 29 0
50 30 0
51 30 0
52 30 0
53 32 0
54 32 0
55 33 0
56 33 0
57 33 0
GraphDataEnd
GraphEnd
NodeEnd
NodeStart
EPTNodeID: 11
AnchorID: 16002
TreeNodeGraphID: 49
Level: 11
SimplifiedLevel: 0
EditOperation: 5 30 32 0 0
AccumulatedOpsCount: 8
AccumulatedOp: 4 24 45 0 0
AccumulatedOp: 5 33 45 0 0
AccumulatedOp: 0 29 0 4 5
AccumulatedOp: 4 29 49 0 0
AccumulatedOp: 1 49 0 5 0
AccumulatedOp: 5 24 34 0 0
AccumulatedOp: 4 29 30 0 0
AccumulatedOp: 5 30 32 0 0
ChildrenCount: 0
ChildIndices:
CompletedDBGraphIDsCount: 1
CompletedDBGraphID: 17075
GraphStart
GraphDataStart
ID: 49
NumNodes: 57
NumEdges: 120
NodeLabels
6 2 2 2 3 3 3 3 4 4 4 4 4 4 4 4 4 4 4 4 4 4 4 4 4 4 4 4 5 4 4 4 4 4 5 5 5 5 5 5 5 5 5 5 5 5 5 5 5 5 5 5 5 5 5 5 5 
Edges
0 11 0
0 17 0
1 12 0
1 30 0
2 24 0
3 31 0
3 32 0
4 8 0
4 10 0
4 11 0
5 6 0
5 8 0
6 5 0
6 11 0
7 22 0
7 24 0
7 45 0
8 4 0
8 5 0
8 9 0
9 8 0
9 12 0
9 13 0
10 4 0
10 14 0
10 15 0
11 0 0
11 4 0
11 6 0
12 1 0
12 9 0
12 16 0
13 9 0
13 18 0
13 34 0
14 10 0
14 19 0
14 35 0
15 10 0
15 20 0
15 36 0
16 12 0
16 21 0
16 39 0
17 0 0
17 24 0
17 37 0
17 38 0
18 13 0
18 21 0
18 40 0
19 14 0
19 23 0
19 41 0
20 15 0
20 23 0
20 42 0
21 16 0
21 18 0
21 43 0
22 7 0
22 25 0
22 27 0
23 19 0
23 20 0
23 33 0
24 2 0
24 7 0
24 17 0
25 22 0
25 26 0
25 46 0
26 25 0
26 28 0
26 31 0
27 22 0
27 29 0
27 47 0
28 26 0
29 27 0
29 48 0
29 31 0
30 1 0
30 49 0
30 50 0
30 51 0
31 3 0
31 26 0
31 29 0
32 3 0
32 52 0
32 53 0
32 44 0
33 54 0
33 55 0
33 56 0
33 23 0
34 13 0
35 14 0
36 15 0
37 17 0
38 17 0
39 16 0
40 18 0
41 19 0
42 20 0
43 21 0
44 32 0
45 7 0
46 25 0
47 27 0
48 29 0
49 30 0
50 30 0
51 30 0
52 32 0
53 32 0
54 33 0
55 33 0
56 33 0
GraphDataEnd
GraphEnd
NodeEnd
NodeStart
EPTNodeID: 12
AnchorID: 16002
TreeNodeGraphID: 54
Level: 7
SimplifiedLevel: 0
EditOperation: 4 23 26 0 0
AccumulatedOpsCount: 5
AccumulatedOp: 4 26 47 0 0
AccumulatedOp: 0 26 0 4 5
AccumulatedOp: 5 23 32 0 0
AccumulatedOp: 1 47 0 5 0
AccumulatedOp: 4 23 26 0 0
ChildrenCount: 2
ChildIndices: 13 14
CompletedDBGraphIDsCount: 0
GraphStart
GraphDataStart
ID: 54
NumNodes: 57
NumEdges: 120
NodeLabels
6 2 2 2 3 3 3 3 4 4 4 4 4 4 4 4 4 4 4 4 4 4 4 4 4 5 4 4 4 4 4 4 4 4 5 5 5 5 5 5 5 5 5 5 5 5 5 5 5 5 5 5 5 5 5 5 5 
Edges
0 11 0
0 17 0
1 12 0
1 30 0
2 24 0
3 31 0
3 32 0
4 8 0
4 10 0
4 11 0
5 6 0
5 8 0
6 5 0
6 11 0
7 22 0
7 24 0
7 45 0
8 4 0
8 5 0
8 9 0
9 8 0
9 12 0
9 13 0
10 4 0
10 14 0
10 15 0
11 0 0
11 4 0
11 6 0
12 1 0
12 9 0
12 16 0
13 9 0
13 18 0
13 34 0
14 10 0
14 19 0
14 35 0
15 10 0
15 20 0
15 36 0
16 12 0
16 21 0
16 39 0
17 0 0
17 24 0
17 37 0
17 38 0
18 13 0
18 21 0
18 40 0
19 14 0
19 23 0
19 41 0
20 15 0
20 23 0
20 42 0
21 16 0
21 18 0
21 43 0
22 7 0
22 27 0
22 31 0
23 19 0
23 20 0
23 44 0
24 2 0
24 7 0
24 17 0
25 26 0
26 25 0
26 28 0
26 31 0
27 22 0
27 29 0
27 46 0
28 26 0
28 29 0
28 47 0
29 27 0
29 28 0
29 48 0
30 1 0
30 49 0
30 50 0
30 51 0
31 3 0
31 26 0
31 22 0
32 3 0
32 33 0
32 52 0
32 53 0
33 32 0
33 54 0
33 55 0
33 56 0
34 13 0
35 14 0
36 15 0
37 17 0
38 17 0
39 16 0
40 18 0
41 19 0
42 20 0
43 21 0
44 23 0
45 7 0
46 27 0
47 28 0
48 29 0
49 30 0
50 30 0
51 30 0
52 32 0
53 32 0
54 33 0
55 33 0
56 33 0
GraphDataEnd
GraphEnd
NodeEnd
NodeStart
EPTNodeID: 13
AnchorID: 16002
TreeNodeGraphID: 61
Level: 14
SimplifiedLevel: 0
EditOperation: 5 7 13 0 0
AccumulatedOpsCount: 7
AccumulatedOp: 0 6 0 3 2
AccumulatedOp: 5 1 24 0 0
AccumulatedOp: 4 1 13 0 0
AccumulatedOp: 4 6 7 0 0
AccumulatedOp: 4 24 45 0 0
AccumulatedOp: 1 45 0 5 0
AccumulatedOp: 5 7 13 0 0
ChildrenCount: 0
ChildIndices:
CompletedDBGraphIDsCount: 1
CompletedDBGraphID: 21347
GraphStart
GraphDataStart
ID: 61
NumNodes: 56
NumEdges: 118
NodeLabels
6 2 2 2 3 2 3 3 4 4 4 4 4 4 4 4 4 4 4 4 4 4 4 4 4 5 4 4 4 4 4 4 4 4 5 5 5 5 5 5 5 5 5 5 5 5 5 5 5 5 5 5 5 5 5 5 
Edges
0 11 0
0 17 0
1 30 0
1 23 0
2 24 0
3 31 0
3 32 0
4 8 0
4 10 0
4 11 0
5 8 0
6 11 0
6 12 0
7 22 0
7 24 0
7 44 0
8 4 0
8 5 0
8 9 0
9 8 0
9 12 0
9 13 0
10 4 0
10 14 0
10 15 0
11 0 0
11 4 0
11 6 0
12 9 0
12 16 0
12 6 0
13 9 0
13 18 0
13 34 0
14 10 0
14 19 0
14 35 0
15 10 0
15 20 0
15 36 0
16 12 0
16 21 0
16 39 0
17 0 0
17 24 0
17 37 0
17 38 0
18 13 0
18 21 0
18 40 0
19 14 0
19 23 0
19 41 0
20 15 0
20 23 0
20 42 0
21 16 0
21 18 0
21 43 0
22 7 0
22 27 0
22 31 0
23 19 0
23 20 0
23 1 0
24 2 0
24 7 0
24 17 0
25 26 0
26 25 0
26 28 0
26 31 0
27 22 0
27 29 0
27 45 0
28 26 0
28 29 0
28 46 0
29 27 0
29 28 0
29 47 0
30 1 0
30 48 0
30 49 0
30 50 0
31 3 0
31 26 0
31 22 0
32 3 0
32 33 0
32 51 0
32 52 0
33 32 0
33 53 0
33 54 0
33 55 0
34 13 0
35 14 0
36 15 0
37 17 0
38 17 0
39 16 0
40 18 0
41 19 0
42 20 0
43 21 0
44 7 0
45 27 0
46 28 0
47 29 0
48 30 0
49 30 0
50 30 0
51 32 0
52 32 0
53 33 0
54 33 0
55 33 0
GraphDataEnd
GraphEnd
NodeEnd
NodeStart
EPTNodeID: 14
AnchorID: 16002
TreeNodeGraphID: 66
Level: 12
SimplifiedLevel: 0
EditOperation: 4 9 10 0 0
AccumulatedOpsCount: 5
AccumulatedOp: 0 45 0 5 7
AccumulatedOp: 5 10 41 0 0
AccumulatedOp: 4 19 41 0 0
AccumulatedOp: 5 9 19 0 0
AccumulatedOp: 4 9 10 0 0
ChildrenCount: 0
ChildIndices:
CompletedDBGraphIDsCount: 1
CompletedDBGraphID: 13871
GraphStart
GraphDataStart
ID: 66
NumNodes: 57
NumEdges: 120
NodeLabels
6 2 2 2 3 3 3 3 4 4 4 4 4 4 4 4 4 4 4 4 4 4 4 4 4 5 4 4 4 4 4 4 4 4 5 5 5 5 5 5 5 5 5 5 7 5 5 5 5 5 5 5 5 5 5 5 5 
Edges
0 11 0
0 17 0
1 12 0
1 30 0
2 24 0
3 31 0
3 32 0
4 8 0
4 10 0
4 11 0
5 6 0
5 8 0
6 5 0
6 11 0
7 22 0
7 24 0
7 45 0
8 4 0
8 5 0
8 18 0
9 12 0
9 13 0
9 40 0
10 4 0
10 14 0
10 15 0
11 0 0
11 4 0
11 6 0
12 1 0
12 9 0
12 16 0
13 9 0
13 18 0
13 34 0
14 10 0
14 19 0
14 35 0
15 10 0
15 20 0
15 36 0
16 12 0
16 21 0
16 39 0
17 0 0
17 24 0
17 37 0
17 38 0
18 13 0
18 21 0
18 8 0
19 14 0
19 23 0
19 41 0
20 15 0
20 23 0
20 42 0
21 16 0
21 18 0
21 43 0
22 7 0
22 27 0
22 31 0
23 19 0
23 20 0
23 44 0
24 2 0
24 7 0
24 17 0
25 26 0
26 25 0
26 28 0
26 31 0
27 22 0
27 29 0
27 46 0
28 26 0
28 29 0
28 47 0
29 27 0
29 28 0
29 48 0
30 1 0
30 49 0
30 50 0
30 51 0
31 3 0
31 26 0
31 22 0
32 3 0
32 33 0
32 52 0
32 53 0
33 32 0
33 54 0
33 55 0
33 56 0
34 13 0
35 14 0
36 15 0
37 17 0
38 17 0
39 16 0
40 9 0
41 19 0
42 20 0
43 21 0
44 23 0
45 7 0
46 27 0
47 28 0
48 29 0
49 30 0
50 30 0
51 30 0
52 32 0
53 32 0
54 33 0
55 33 0
56 33 0
GraphDataEnd
GraphEnd
NodeEnd
NodeStart
EPTNodeID: 15
AnchorID: 16002
TreeNodeGraphID: 78
Level: 14
SimplifiedLevel: 0
EditOperation: 4 23 28 0 0
AccumulatedOpsCount: 12
AccumulatedOp: 4 22 44 0 0
AccumulatedOp: 4 8 23 0 0
AccumulatedOp: 0 1 0 2 5
AccumulatedOp: 0 23 0 4 5
AccumulatedOp: 0 3 0 2 4
AccumulatedOp: 5 26 31 0 0
AccumulatedOp: 5 3 28 0 0
AccumulatedOp: 4 1 31 0 0
AccumulatedOp: 0 22 0 4 3
AccumulatedOp: 5 8 32 0 0
AccumulatedOp: 1 44 0 5 0
AccumulatedOp: 4 23 28 0 0
ChildrenCount: 0
ChildIndices:
CompletedDBGraphIDsCount: 1
CompletedDBGraphID: 18381
GraphStart
GraphDataStart
ID: 78
NumNodes: 57
NumEdges: 120
NodeLabels
6 5 2 4 3 3 3 3 4 4 4 4 4 4 4 4 4 4 4 4 4 3 5 4 4 4 4 4 4 4 4 4 4 4 5 5 5 5 5 5 5 5 5 5 5 5 5 5 5 5 5 5 5 5 5 5 5 
Edges
0 11 0
0 17 0
1 12 0
2 24 0
3 31 0
3 32 0
3 27 0
4 8 0
4 10 0
4 11 0
5 6 0
5 8 0
6 5 0
6 11 0
7 24 0
7 44 0
7 31 0
8 4 0
8 5 0
8 9 0
9 8 0
9 12 0
9 13 0
10 4 0
10 14 0
10 15 0
11 0 0
11 4 0
11 6 0
12 1 0
12 9 0
12 16 0
13 9 0
13 18 0
13 34 0
14 10 0
14 19 0
14 35 0
15 10 0
15 20 0
15 36 0
16 12 0
16 21 0
16 39 0
17 0 0
17 24 0
17 37 0
17 38 0
18 13 0
18 21 0
18 40 0
19 14 0
19 23 0
19 41 0
20 15 0
20 23 0
20 42 0
21 16 0
21 18 0
22 25 0
23 19 0
23 20 0
23 43 0
24 2 0
24 7 0
24 17 0
25 22 0
25 26 0
25 45 0
25 30 0
26 25 0
26 28 0
26 31 0
27 29 0
27 46 0
27 3 0
28 26 0
28 29 0
28 47 0
29 27 0
29 28 0
29 48 0
30 49 0
30 50 0
30 51 0
30 25 0
31 3 0
31 26 0
31 7 0
32 3 0
32 33 0
32 52 0
32 53 0
33 32 0
33 54 0
33 55 0
33 56 0
34 13 0
35 14 0
36 15 0
37 17 0
38 17 0
39 16 0
40 18 0
41 19 0
42 20 0
43 23 0
44 7 0
45 25 0
46 27 0
47 28 0
48 29 0
49 30 0
50 30 0
51 30 0
52 32 0
53 32 0
54 33 0
55 33 0
56 33 0
GraphDataEnd
GraphEnd
NodeEnd
NodeStart
EPTNodeID: 16
AnchorID: 16002
TreeNodeGraphID: 82
Level: 4
SimplifiedLevel: 0
EditOperation: 5 32 33 0 0
AccumulatedOpsCount: 4
AccumulatedOp: 4 33 34 0 0
AccumulatedOp: 0 3 0 2 5
AccumulatedOp: 4 3 32 0 0
AccumulatedOp: 5 32 33 0 0
ChildrenCount: 2
ChildIndices: 17 20
CompletedDBGraphIDsCount: 0
GraphStart
GraphDataStart
ID: 82
NumNodes: 59
NumEdges: 122
NodeLabels
6 2 2 5 2 3 3 3 3 4 4 4 4 4 4 4 4 4 4 4 4 4 4 4 4 4 4 4 4 4 4 4 4 4 4 5 5 5 5 5 5 5 5 5 5 5 5 5 5 5 5 5 5 5 5 5 5 5 5 
Edges
0 12 0
0 18 0
1 13 0
1 31 0
2 25 0
3 33 0
4 32 0
5 9 0
5 11 0
5 12 0
6 7 0
6 9 0
7 6 0
7 12 0
8 23 0
8 25 0
8 46 0
9 5 0
9 6 0
9 10 0
10 9 0
10 13 0
10 14 0
11 5 0
11 15 0
11 16 0
12 0 0
12 5 0
12 7 0
13 1 0
13 10 0
13 17 0
14 10 0
14 19 0
14 35 0
15 11 0
15 20 0
15 36 0
16 11 0
16 21 0
16 37 0
17 13 0
17 22 0
17 40 0
18 0 0
18 25 0
18 38 0
18 39 0
19 14 0
19 22 0
19 41 0
20 15 0
20 24 0
20 42 0
21 16 0
21 24 0
21 43 0
22 17 0
22 19 0
22 44 0
23 8 0
23 26 0
23 28 0
24 20 0
24 21 0
24 45 0
25 2 0
25 8 0
25 18 0
26 23 0
26 27 0
26 47 0
27 26 0
27 29 0
27 32 0
28 23 0
28 30 0
28 48 0
29 27 0
29 30 0
29 49 0
30 28 0
30 29 0
30 50 0
31 1 0
31 51 0
31 52 0
31 53 0
32 4 0
32 27 0
32 33 0
33 3 0
33 54 0
33 55 0
33 32 0
34 56 0
34 57 0
34 58 0
35 14 0
36 15 0
37 16 0
38 18 0
39 18 0
40 17 0
41 19 0
42 20 0
43 21 0
44 22 0
45 24 0
46 8 0
47 26 0
48 28 0
49 29 0
50 30 0
51 31 0
52 31 0
53 31 0
54 33 0
55 33 0
56 34 0
57 34 0
58 34 0
GraphDataEnd
GraphEnd
NodeEnd
NodeStart
EPTNodeID: 17
AnchorID: 16002
TreeNodeGraphID: 84
Level: 6
SimplifiedLevel: 0
EditOperation: 5 9 31 0 0
AccumulatedOpsCount: 2
AccumulatedOp: 4 9 10 0 0
AccumulatedOp: 5 9 31 0 0
ChildrenCount: 2
ChildIndices: 18 19
CompletedDBGraphIDsCount: 0
GraphStart
GraphDataStart
ID: 84
NumNodes: 59
NumEdges: 122
NodeLabels
6 2 2 5 2 3 3 3 3 4 4 4 4 4 4 4 4 4 4 4 4 4 4 4 4 4 4 4 4 4 4 4 4 4 4 5 5 5 5 5 5 5 5 5 5 5 5 5 5 5 5 5 5 5 5 5 5 5 5 
Edges
0 12 0
0 18 0
1 13 0
1 31 0
2 25 0
3 33 0
4 32 0
5 9 0
5 11 0
5 12 0
6 7 0
6 9 0
7 6 0
7 12 0
8 23 0
8 25 0
8 46 0
9 5 0
9 6 0
9 31 0
10 13 0
10 14 0
11 5 0
11 15 0
11 16 0
12 0 0
12 5 0
12 7 0
13 1 0
13 10 0
13 17 0
14 10 0
14 19 0
14 35 0
15 11 0
15 20 0
15 36 0
16 11 0
16 21 0
16 37 0
17 13 0
17 22 0
17 40 0
18 0 0
18 25 0
18 38 0
18 39 0
19 14 0
19 22 0
19 41 0
20 15 0
20 24 0
20 42 0
21 16 0
21 24 0
21 43 0
22 17 0
22 19 0
22 44 0
23 8 0
23 26 0
23 28 0
24 20 0
24 21 0
24 45 0
25 2 0
25 8 0
25 18 0
26 23 0
26 27 0
26 47 0
27 26 0
27 29 0
27 32 0
28 23 0
28 30 0
28 48 0
29 27 0
29 30 0
29 49 0
30 28 0
30 29 0
30 50 0
31 1 0
31 51 0
31 52 0
31 53 0
31 9 0
32 4 0
32 27 0
32 33 0
33 3 0
33 54 0
33 55 0
33 32 0
34 56 0
34 57 0
34 58 0
35 14 0
36 15 0
37 16 0
38 18 0
39 18 0
40 17 0
41 19 0
42 20 0
43 21 0
44 22 0
45 24 0
46 8 0
47 26 0
48 28 0
49 29 0
50 30 0
51 31 0
52 31 0
53 31 0
54 33 0
55 33 0
56 34 0
57 34 0
58 34 0
GraphDataEnd
GraphEnd
NodeEnd
NodeStart
EPTNodeID: 18
AnchorID: 16002
TreeNodeGraphID: 87
Level: 9
SimplifiedLevel: 0
EditOperation: 5 10 34 0 0
AccumulatedOpsCount: 3
AccumulatedOp: 4 31 51 0 0
AccumulatedOp: 1 51 0 5 0
AccumulatedOp: 5 10 34 0 0
ChildrenCount: 0
ChildIndices:
CompletedDBGraphIDsCount: 1
CompletedDBGraphID: 8195
GraphStart
GraphDataStart
ID: 87
NumNodes: 58
NumEdges: 122
NodeLabels
6 2 2 5 2 3 3 3 3 4 4 4 4 4 4 4 4 4 4 4 4 4 4 4 4 4 4 4 4 4 4 4 4 4 4 5 5 5 5 5 5 5 5 5 5 5 5 5 5 5 5 5 5 5 5 5 5 5 
Edges
0 12 0
0 18 0
1 13 0
1 31 0
2 25 0
3 33 0
4 32 0
5 9 0
5 11 0
5 12 0
6 7 0
6 9 0
7 6 0
7 12 0
8 23 0
8 25 0
8 46 0
9 5 0
9 6 0
9 31 0
10 13 0
10 14 0
10 34 0
11 5 0
11 15 0
11 16 0
12 0 0
12 5 0
12 7 0
13 1 0
13 10 0
13 17 0
14 10 0
14 19 0
14 35 0
15 11 0
15 20 0
15 36 0
16 11 0
16 21 0
16 37 0
17 13 0
17 22 0
17 40 0
18 0 0
18 25 0
18 38 0
18 39 0
19 14 0
19 22 0
19 41 0
20 15 0
20 24 0
20 42 0
21 16 0
21 24 0
21 43 0
22 17 0
22 19 0
22 44 0
23 8 0
23 26 0
23 28 0
24 20 0
24 21 0
24 45 0
25 2 0
25 8 0
25 18 0
26 23 0
26 27 0
26 47 0
27 26 0
27 29 0
27 32 0
28 23 0
28 30 0
28 48 0
29 27 0
29 30 0
29 49 0
30 28 0
30 29 0
30 50 0
31 1 0
31 51 0
31 52 0
31 9 0
32 4 0
32 27 0
32 33 0
33 3 0
33 53 0
33 54 0
33 32 0
34 55 0
34 56 0
34 57 0
34 10 0
35 14 0
36 15 0
37 16 0
38 18 0
39 18 0
40 17 0
41 19 0
42 20 0
43 21 0
44 22 0
45 24 0
46 8 0
47 26 0
48 28 0
49 29 0
50 30 0
51 31 0
52 31 0
53 33 0
54 33 0
55 34 0
56 34 0
57 34 0
GraphDataEnd
GraphEnd
NodeEnd
NodeStart
EPTNodeID: 19
AnchorID: 16002
TreeNodeGraphID: 93
Level: 12
SimplifiedLevel: 0
EditOperation: 5 10 52 0 0
AccumulatedOpsCount: 6
AccumulatedOp: 5 1 44 0 0
AccumulatedOp: 0 1 0 2 3
AccumulatedOp: 4 31 52 0 0
AccumulatedOp: 4 22 44 0 0
AccumulatedOp: 5 22 34 0 0
AccumulatedOp: 5 10 52 0 0
ChildrenCount: 0
ChildIndices:
CompletedDBGraphIDsCount: 1
CompletedDBGraphID: 11455
GraphStart
GraphDataStart
ID: 93
NumNodes: 59
NumEdges: 124
NodeLabels
6 3 2 5 2 3 3 3 3 4 4 4 4 4 4 4 4 4 4 4 4 4 4 4 4 4 4 4 4 4 4 4 4 4 4 5 5 5 5 5 5 5 5 5 5 5 5 5 5 5 5 5 5 5 5 5 5 5 5 
Edges
0 12 0
0 18 0
1 13 0
1 31 0
1 44 0
2 25 0
3 33 0
4 32 0
5 9 0
5 11 0
5 12 0
6 7 0
6 9 0
7 6 0
7 12 0
8 23 0
8 25 0
8 46 0
9 5 0
9 6 0
9 31 0
10 13 0
10 14 0
10 52 0
11 5 0
11 15 0
11 16 0
12 0 0
12 5 0
12 7 0
13 1 0
13 10 0
13 17 0
14 10 0
14 19 0
14 35 0
15 11 0
15 20 0
15 36 0
16 11 0
16 21 0
16 37 0
17 13 0
17 22 0
17 40 0
18 0 0
18 25 0
18 38 0
18 39 0
19 14 0
19 22 0
19 41 0
20 15 0
20 24 0
20 42 0
21 16 0
21 24 0
21 43 0
22 17 0
22 19 0
22 34 0
23 8 0
23 26 0
23 28 0
24 20 0
24 21 0
24 45 0
25 2 0
25 8 0
25 18 0
26 23 0
26 27 0
26 47 0
27 26 0
27 29 0
27 32 0
28 23 0
28 30 0
28 48 0
29 27 0
29 30 0
29 49 0
30 28 0
30 29 0
30 50 0
31 1 0
31 51 0
31 53 0
31 9 0
32 4 0
32 27 0
32 33 0
33 3 0
33 54 0
33 55 0
33 32 0
34 56 0
34 57 0
34 58 0
34 22 0
35 14 0
36 15 0
37 16 0
38 18 0
39 18 0
40 17 0
41 19 0
42 20 0
43 21 0
44 1 0
45 24 0
46 8 0
47 26 0
48 28 0
49 29 0
50 30 0
51 31 0
52 10 0
53 31 0
54 33 0
55 33 0
56 34 0
57 34 0
58 34 0
GraphDataEnd
GraphEnd
NodeEnd
NodeStart
EPTNodeID: 20
AnchorID: 16002
TreeNodeGraphID: 94
Level: 5
SimplifiedLevel: 0
EditOperation: 0 45 0 5 2
AccumulatedOpsCount: 1
AccumulatedOp: 0 45 0 5 2
ChildrenCount: 2
ChildIndices: 21 22
CompletedDBGraphIDsCount: 0
GraphStart
GraphDataStart
ID: 94
NumNodes: 59
NumEdges: 122
NodeLabels
6 2 2 5 2 3 3 3 3 4 4 4 4 4 4 4 4 4 4 4 4 4 4 4 4 4 4 4 4 4 4 4 4 4 4 5 5 5 5 5 5 5 5 5 5 2 5 5 5 5 5 5 5 5 5 5 5 5 5 
Edges
0 12 0
0 18 0
1 13 0
1 31 0
2 25 0
3 33 0
4 32 0
5 9 0
5 11 0
5 12 0
6 7 0
6 9 0
7 6 0
7 12 0
8 23 0
8 25 0
8 46 0
9 5 0
9 6 0
9 10 0
10 9 0
10 13 0
10 14 0
11 5 0
11 15 0
11 16 0
12 0 0
12 5 0
12 7 0
13 1 0
13 10 0
13 17 0
14 10 0
14 19 0
14 35 0
15 11 0
15 20 0
15 36 0
16 11 0
16 21 0
16 37 0
17 13 0
17 22 0
17 40 0
18 0 0
18 25 0
18 38 0
18 39 0
19 14 0
19 22 0
19 41 0
20 15 0
20 24 0
20 42 0
21 16 0
21 24 0
21 43 0
22 17 0
22 19 0
22 44 0
23 8 0
23 26 0
23 28 0
24 20 0
24 21 0
24 45 0
25 2 0
25 8 0
25 18 0
26 23 0
26 27 0
26 47 0
27 26 0
27 29 0
27 32 0
28 23 0
28 30 0
28 48 0
29 27 0
29 30 0
29 49 0
30 28 0
30 29 0
30 50 0
31 1 0
31 51 0
31 52 0
31 53 0
32 4 0
32 27 0
32 33 0
33 3 0
33 54 0
33 55 0
33 32 0
34 56 0
34 57 0
34 58 0
35 14 0
36 15 0
37 16 0
38 18 0
39 18 0
40 17 0
41 19 0
42 20 0
43 21 0
44 22 0
45 24 0
46 8 0
47 26 0
48 28 0
49 29 0
50 30 0
51 31 0
52 31 0
53 31 0
54 33 0
55 33 0
56 34 0
57 34 0
58 34 0
GraphDataEnd
GraphEnd
NodeEnd
NodeStart
EPTNodeID: 21
AnchorID: 16002
TreeNodeGraphID: 100
Level: 11
SimplifiedLevel: 0
EditOperation: 5 19 34 0 0
AccumulatedOpsCount: 6
AccumulatedOp: 4 1 31 0 0
AccumulatedOp: 0 1 0 2 5
AccumulatedOp: 4 19 41 0 0
AccumulatedOp: 1 41 0 5 0
AccumulatedOp: 5 31 45 0 0
AccumulatedOp: 5 19 34 0 0
ChildrenCount: 0
ChildIndices:
CompletedDBGraphIDsCount: 1
CompletedDBGraphID: 4203
GraphStart
GraphDataStart
ID: 100
NumNodes: 58
NumEdges: 122
NodeLabels
6 5 2 5 2 3 3 3 3 4 4 4 4 4 4 4 4 4 4 4 4 4 4 4 4 4 4 4 4 4 4 4 4 4 4 5 5 5 5 5 5 5 5 5 2 5 5 5 5 5 5 5 5 5 5 5 5 5 
Edges
0 12 0
0 18 0
1 13 0
2 25 0
3 33 0
4 32 0
5 9 0
5 11 0
5 12 0
6 7 0
6 9 0
7 6 0
7 12 0
8 23 0
8 25 0
8 45 0
9 5 0
9 6 0
9 10 0
10 9 0
10 13 0
10 14 0
11 5 0
11 15 0
11 16 0
12 0 0
12 5 0
12 7 0
13 1 0
13 10 0
13 17 0
14 10 0
14 19 0
14 35 0
15 11 0
15 20 0
15 36 0
16 11 0
16 21 0
16 37 0
17 13 0
17 22 0
17 40 0
18 0 0
18 25 0
18 38 0
18 39 0
19 14 0
19 22 0
19 34 0
20 15 0
20 24 0
20 41 0
21 16 0
21 24 0
21 42 0
22 17 0
22 19 0
22 43 0
23 8 0
23 26 0
23 28 0
24 20 0
24 21 0
24 44 0
25 2 0
25 8 0
25 18 0
26 23 0
26 27 0
26 46 0
27 26 0
27 29 0
27 32 0
28 23 0
28 30 0
28 47 0
29 27 0
29 30 0
29 48 0
30 28 0
30 29 0
30 49 0
31 50 0
31 51 0
31 52 0
31 44 0
32 4 0
32 27 0
32 33 0
33 3 0
33 53 0
33 54 0
33 32 0
34 55 0
34 56 0
34 57 0
34 19 0
35 14 0
36 15 0
37 16 0
38 18 0
39 18 0
40 17 0
41 20 0
42 21 0
43 22 0
44 24 0
44 31 0
45 8 0
46 26 0
47 28 0
48 29 0
49 30 0
50 31 0
51 31 0
52 31 0
53 33 0
54 33 0
55 34 0
56 34 0
57 34 0
GraphDataEnd
GraphEnd
NodeEnd
NodeStart
EPTNodeID: 22
AnchorID: 16002
TreeNodeGraphID: 101
Level: 6
SimplifiedLevel: 0
EditOperation: 5 34 45 0 0
AccumulatedOpsCount: 1
AccumulatedOp: 5 34 45 0 0
ChildrenCount: 0
ChildIndices:
CompletedDBGraphIDsCount: 1
CompletedDBGraphID: 17192
GraphStart
GraphDataStart
ID: 101
NumNodes: 59
NumEdges: 124
NodeLabels
6 2 2 5 2 3 3 3 3 4 4 4 4 4 4 4 4 4 4 4 4 4 4 4 4 4 4 4 4 4 4 4 4 4 4 5 5 5 5 5 5 5 5 5 5 2 5 5 5 5 5 5 5 5 5 5 5 5 5 
Edges
0 12 0
0 18 0
1 13 0
1 31 0
2 25 0
3 33 0
4 32 0
5 9 0
5 11 0
5 12 0
6 7 0
6 9 0
7 6 0
7 12 0
8 23 0
8 25 0
8 46 0
9 5 0
9 6 0
9 10 0
10 9 0
10 13 0
10 14 0
11 5 0
11 15 0
11 16 0
12 0 0
12 5 0
12 7 0
13 1 0
13 10 0
13 17 0
14 10 0
14 19 0
14 35 0
15 11 0
15 20 0
15 36 0
16 11 0
16 21 0
16 37 0
17 13 0
17 22 0
17 40 0
18 0 0
18 25 0
18 38 0
18 39 0
19 14 0
19 22 0
19 41 0
20 15 0
20 24 0
20 42 0
21 16 0
21 24 0
21 43 0
22 17 0
22 19 0
22 44 0
23 8 0
23 26 0
23 28 0
24 20 0
24 21 0
24 45 0
25 2 0
25 8 0
25 18 0
26 23 0
26 27 0
26 47 0
27 26 0
27 29 0
27 32 0
28 23 0
28 30 0
28 48 0
29 27 0
29 30 0
29 49 0
30 28 0
30 29 0
30 50 0
31 1 0
31 51 0
31 52 0
31 53 0
32 4 0
32 27 0
32 33 0
33 3 0
33 54 0
33 55 0
33 32 0
34 56 0
34 57 0
34 58 0
34 45 0
35 14 0
36 15 0
37 16 0
38 18 0
39 18 0
40 17 0
41 19 0
42 20 0
43 21 0
44 22 0
45 24 0
45 34 0
46 8 0
47 26 0
48 28 0
49 29 0
50 30 0
51 31 0
52 31 0
53 31 0
54 33 0
55 33 0
56 34 0
57 34 0
58 34 0
GraphDataEnd
GraphEnd
NodeEnd
NodeStart
EPTNodeID: 23
AnchorID: 16002
TreeNodeGraphID: 105
Level: 4
SimplifiedLevel: 0
EditOperation: 4 27 32 0 0
AccumulatedOpsCount: 4
AccumulatedOp: 0 3 0 2 5
AccumulatedOp: 4 3 33 0 0
AccumulatedOp: 0 4 0 2 5
AccumulatedOp: 4 27 32 0 0
ChildrenCount: 2
ChildIndices: 24 25
CompletedDBGraphIDsCount: 0
GraphStart
GraphDataStart
ID: 105
NumNodes: 59
NumEdges: 120
NodeLabels
6 2 2 5 5 3 3 3 3 4 4 4 4 4 4 4 4 4 4 4 4 4 4 4 4 4 4 4 4 4 4 4 4 4 4 5 5 5 5 5 5 5 5 5 5 5 5 5 5 5 5 5 5 5 5 5 5 5 5 
Edges
0 12 0
0 18 0
1 13 0
1 31 0
2 25 0
3 32 0
4 32 0
5 9 0
5 11 0
5 12 0
6 7 0
6 9 0
7 6 0
7 12 0
8 23 0
8 25 0
8 46 0
9 5 0
9 6 0
9 10 0
10 9 0
10 13 0
10 14 0
11 5 0
11 15 0
11 16 0
12 0 0
12 5 0
12 7 0
13 1 0
13 10 0
13 17 0
14 10 0
14 19 0
14 35 0
15 11 0
15 20 0
15 36 0
16 11 0
16 21 0
16 37 0
17 13 0
17 22 0
17 40 0
18 0 0
18 25 0
18 38 0
18 39 0
19 14 0
19 22 0
19 41 0
20 15 0
20 24 0
20 42 0
21 16 0
21 24 0
21 43 0
22 17 0
22 19 0
22 44 0
23 8 0
23 26 0
23 28 0
24 20 0
24 21 0
24 45 0
25 2 0
25 8 0
25 18 0
26 23 0
26 27 0
26 47 0
27 26 0
27 29 0
28 23 0
28 30 0
28 48 0
29 27 0
29 30 0
29 49 0
30 28 0
30 29 0
30 50 0
31 1 0
31 51 0
31 52 0
31 53 0
32 3 0
32 4 0
33 34 0
33 54 0
33 55 0
34 33 0
34 56 0
34 57 0
34 58 0
35 14 0
36 15 0
37 16 0
38 18 0
39 18 0
40 17 0
41 19 0
42 20 0
43 21 0
44 22 0
45 24 0
46 8 0
47 26 0
48 28 0
49 29 0
50 30 0
51 31 0
52 31 0
53 31 0
54 33 0
55 33 0
56 34 0
57 34 0
58 34 0
GraphDataEnd
GraphEnd
NodeEnd
NodeStart
EPTNodeID: 24
AnchorID: 16002
TreeNodeGraphID: 112
Level: 11
SimplifiedLevel: 0
EditOperation: 5 11 32 0 0
AccumulatedOpsCount: 7
AccumulatedOp: 2 59 0 0 5
AccumulatedOp: 0 49 0 5 2
AccumulatedOp: 4 5 11 0 0
AccumulatedOp: 5 27 59 0 0
AccumulatedOp: 5 33 49 0 0
AccumulatedOp: 5 5 32 0 0
AccumulatedOp: 5 11 32 0 0
ChildrenCount: 0
ChildIndices:
CompletedDBGraphIDsCount: 1
CompletedDBGraphID: 721
GraphStart
GraphDataStart
ID: 112
NumNodes: 60
NumEdges: 126
NodeLabels
6 2 2 5 5 3 3 3 3 4 4 4 4 4 4 4 4 4 4 4 4 4 4 4 4 4 4 4 4 4 4 4 4 4 4 5 5 5 5 5 5 5 5 5 5 5 5 5 5 2 5 5 5 5 5 5 5 5 5 5 
Edges
0 12 0
0 18 0
1 13 0
1 31 0
2 25 0
3 32 0
4 32 0
5 9 0
5 12 0
5 32 0
6 7 0
6 9 0
7 6 0
7 12 0
8 23 0
8 25 0
8 46 0
9 5 0
9 6 0
9 10 0
10 9 0
10 13 0
10 14 0
11 15 0
11 16 0
11 32 0
12 0 0
12 5 0
12 7 0
13 1 0
13 10 0
13 17 0
14 10 0
14 19 0
14 35 0
15 11 0
15 20 0
15 36 0
16 11 0
16 21 0
16 37 0
17 13 0
17 22 0
17 40 0
18 0 0
18 25 0
18 38 0
18 39 0
19 14 0
19 22 0
19 41 0
20 15 0
20 24 0
20 42 0
21 16 0
21 24 0
21 43 0
22 17 0
22 19 0
22 44 0
23 8 0
23 26 0
23 28 0
24 20 0
24 21 0
24 45 0
25 2 0
25 8 0
25 18 0
26 23 0
26 27 0
26 47 0
27 26 0
27 29 0
27 59 0
28 23 0
28 30 0
28 48 0
29 27 0
29 30 0
29 49 0
30 28 0
30 29 0
30 50 0
31 1 0
31 51 0
31 52 0
31 53 0
32 3 0
32 4 0
32 5 0
32 11 0
33 34 0
33 54 0
33 55 0
33 49 0
34 33 0
34 56 0
34 57 0
34 58 0
35 14 0
36 15 0
37 16 0
38 18 0
39 18 0
40 17 0
41 19 0
42 20 0
43 21 0
44 22 0
45 24 0
46 8 0
47 26 0
48 28 0
49 29 0
49 33 0
50 30 0
51 31 0
52 31 0
53 31 0
54 33 0
55 33 0
56 34 0
57 34 0
58 34 0
59 27 0
GraphDataEnd
GraphEnd
NodeEnd
NodeStart
EPTNodeID: 25
AnchorID: 16002
TreeNodeGraphID: 118
Level: 10
SimplifiedLevel: 0
EditOperation: 5 32 47 0 0
AccumulatedOpsCount: 6
AccumulatedOp: 4 24 45 0 0
AccumulatedOp: 4 26 47 0 0
AccumulatedOp: 5 26 33 0 0
AccumulatedOp: 5 24 32 0 0
AccumulatedOp: 5 27 45 0 0
AccumulatedOp: 5 32 47 0 0
ChildrenCount: 0
ChildIndices:
CompletedDBGraphIDsCount: 1
CompletedDBGraphID: 921
GraphStart
GraphDataStart
ID: 118
NumNodes: 59
NumEdges: 124
NodeLabels
6 2 2 5 5 3 3 3 3 4 4 4 4 4 4 4 4 4 4 4 4 4 4 4 4 4 4 4 4 4 4 4 4 4 4 5 5 5 5 5 5 5 5 5 5 5 5 5 5 5 5 5 5 5 5 5 5 5 5 
Edges
0 12 0
0 18 0
1 13 0
1 31 0
2 25 0
3 32 0
4 32 0
5 9 0
5 11 0
5 12 0
6 7 0
6 9 0
7 6 0
7 12 0
8 23 0
8 25 0
8 46 0
9 5 0
9 6 0
9 10 0
10 9 0
10 13 0
10 14 0
11 5 0
11 15 0
11 16 0
12 0 0
12 5 0
12 7 0
13 1 0
13 10 0
13 17 0
14 10 0
14 19 0
14 35 0
15 11 0
15 20 0
15 36 0
16 11 0
16 21 0
16 37 0
17 13 0
17 22 0
17 40 0
18 0 0
18 25 0
18 38 0
18 39 0
19 14 0
19 22 0
19 41 0
20 15 0
20 24 0
20 42 0
21 16 0
21 24 0
21 43 0
22 17 0
22 19 0
22 44 0
23 8 0
23 26 0
23 28 0
24 20 0
24 21 0
24 32 0
25 2 0
25 8 0
25 18 0
26 23 0
26 27 0
26 33 0
27 26 0
27 29 0
27 45 0
28 23 0
28 30 0
28 48 0
29 27 0
29 30 0
29 49 0
30 28 0
30 29 0
30 50 0
31 1 0
31 51 0
31 52 0
31 53 0
32 3 0
32 4 0
32 24 0
32 47 0
33 34 0
33 54 0
33 55 0
33 26 0
34 33 0
34 56 0
34 57 0
34 58 0
35 14 0
36 15 0
37 16 0
38 18 0
39 18 0
40 17 0
41 19 0
42 20 0
43 21 0
44 22 0
45 27 0
46 8 0
47 32 0
48 28 0
49 29 0
50 30 0
51 31 0
52 31 0
53 31 0
54 33 0
55 33 0
56 34 0
57 34 0
58 34 0
GraphDataEnd
GraphEnd
NodeEnd
NodeStart
EPTNodeID: 26
AnchorID: 16002
TreeNodeGraphID: 121
Level: 3
SimplifiedLevel: 0
EditOperation: 5 9 31 0 0
AccumulatedOpsCount: 3
AccumulatedOp: 4 9 10 0 0
AccumulatedOp: 4 31 53 0 0
AccumulatedOp: 5 9 31 0 0
ChildrenCount: 2
ChildIndices: 27 30
CompletedDBGraphIDsCount: 0
GraphStart
GraphDataStart
ID: 121
NumNodes: 59
NumEdges: 122
NodeLabels
6 2 2 2 2 3 3 3 3 4 4 4 4 4 4 4 4 4 4 4 4 4 4 4 4 4 4 4 4 4 4 4 4 4 4 5 5 5 5 5 5 5 5 5 5 5 5 5 5 5 5 5 5 5 5 5 5 5 5 
Edges
0 12 0
0 18 0
1 13 0
1 31 0
2 25 0
3 32 0
3 33 0
4 32 0
5 9 0
5 11 0
5 12 0
6 7 0
6 9 0
7 6 0
7 12 0
8 23 0
8 25 0
8 46 0
9 5 0
9 6 0
9 31 0
10 13 0
10 14 0
11 5 0
11 15 0
11 16 0
12 0 0
12 5 0
12 7 0
13 1 0
13 10 0
13 17 0
14 10 0
14 19 0
14 35 0
15 11 0
15 20 0
15 36 0
16 11 0
16 21 0
16 37 0
17 13 0
17 22 0
17 40 0
18 0 0
18 25 0
18 38 0
18 39 0
19 14 0
19 22 0
19 41 0
20 15 0
20 24 0
20 42 0
21 16 0
21 24 0
21 43 0
22 17 0
22 19 0
22 44 0
23 8 0
23 26 0
23 28 0
24 20 0
24 21 0
24 45 0
25 2 0
25 8 0
25 18 0
26 23 0
26 27 0
26 47 0
27 26 0
27 29 0
27 32 0
28 23 0
28 30 0
28 48 0
29 27 0
29 30 0
29 49 0
30 28 0
30 29 0
30 50 0
31 1 0
31 51 0
31 52 0
31 9 0
32 3 0
32 4 0
32 27 0
33 3 0
33 34 0
33 54 0
33 55 0
34 33 0
34 56 0
34 57 0
34 58 0
35 14 0
36 15 0
37 16 0
38 18 0
39 18 0
40 17 0
41 19 0
42 20 0
43 21 0
44 22 0
45 24 0
46 8 0
47 26 0
48 28 0
49 29 0
50 30 0
51 31 0
52 31 0
54 33 0
55 33 0
56 34 0
57 34 0
58 34 0
GraphDataEnd
GraphEnd
NodeEnd
NodeStart
EPTNodeID: 27
AnchorID: 16002
TreeNodeGraphID: 123
Level: 5
SimplifiedLevel: 0
EditOperation: 5 1 53 0 0
AccumulatedOpsCount: 2
AccumulatedOp: 0 1 0 2 3
AccumulatedOp: 5 1 53 0 0
ChildrenCount: 2
ChildIndices: 28 29
CompletedDBGraphIDsCount: 0
GraphStart
GraphDataStart
ID: 123
NumNodes: 59
NumEdges: 124
NodeLabels
6 3 2 2 2 3 3 3 3 4 4 4 4 4 4 4 4 4 4 4 4 4 4 4 4 4 4 4 4 4 4 4 4 4 4 5 5 5 5 5 5 5 5 5 5 5 5 5 5 5 5 5 5 5 5 5 5 5 5 
Edges
0 12 0
0 18 0
1 13 0
1 31 0
1 53 0
2 25 0
3 32 0
3 33 0
4 32 0
5 9 0
5 11 0
5 12 0
6 7 0
6 9 0
7 6 0
7 12 0
8 23 0
8 25 0
8 46 0
9 5 0
9 6 0
9 31 0
10 13 0
10 14 0
11 5 0
11 15 0
11 16 0
12 0 0
12 5 0
12 7 0
13 1 0
13 10 0
13 17 0
14 10 0
14 19 0
14 35 0
15 11 0
15 20 0
15 36 0
16 11 0
16 21 0
16 37 0
17 13 0
17 22 0
17 40 0
18 0 0
18 25 0
18 38 0
18 39 0
19 14 0
19 22 0
19 41 0
20 15 0
20 24 0
20 42 0
21 16 0
21 24 0
21 43 0
22 17 0
22 19 0
22 44 0
23 8 0
23 26 0
23 28 0
24 20 0
24 21 0
24 45 0
25 2 0
25 8 0
25 18 0
26 23 0
26 27 0
26 47 0
27 26 0
27 29 0
27 32 0
28 23 0
28 30 0
28 48 0
29 27 0
29 30 0
29 49 0
30 28 0
30 29 0
30 50 0
31 1 0
31 51 0
31 52 0
31 9 0
32 3 0
32 4 0
32 27 0
33 3 0
33 34 0
33 54 0
33 55 0
34 33 0
34 56 0
34 57 0
34 58 0
35 14 0
36 15 0
37 16 0
38 18 0
39 18 0
40 17 0
41 19 0
42 20 0
43 21 0
44 22 0
45 24 0
46 8 0
47 26 0
48 28 0
49 29 0
50 30 0
51 31 0
52 31 0
53 1 0
54 33 0
55 33 0
56 34 0
57 34 0
58 34 0
GraphDataEnd
GraphEnd
NodeEnd
NodeStart
EPTNodeID: 28
AnchorID: 16002
TreeNodeGraphID: 126
Level: 8
SimplifiedLevel: 0
EditOperation: 5 10 59 0 0
AccumulatedOpsCount: 3
AccumulatedOp: 0 44 0 5 7
AccumulatedOp: 2 59 0 0 5
AccumulatedOp: 5 10 59 0 0
ChildrenCount: 0
ChildIndices:
CompletedDBGraphIDsCount: 1
CompletedDBGraphID: 9859
GraphStart
GraphDataStart
ID: 126
NumNodes: 60
NumEdges: 126
NodeLabels
6 3 2 2 2 3 3 3 3 4 4 4 4 4 4 4 4 4 4 4 4 4 4 4 4 4 4 4 4 4 4 4 4 4 4 5 5 5 5 5 5 5 5 5 7 5 5 5 5 5 5 5 5 5 5 5 5 5 5 5 
Edges
0 12 0
0 18 0
1 13 0
1 31 0
1 53 0
2 25 0
3 32 0
3 33 0
4 32 0
5 9 0
5 11 0
5 12 0
6 7 0
6 9 0
7 6 0
7 12 0
8 23 0
8 25 0
8 46 0
9 5 0
9 6 0
9 31 0
10 13 0
10 14 0
10 59 0
11 5 0
11 15 0
11 16 0
12 0 0
12 5 0
12 7 0
13 1 0
13 10 0
13 17 0
14 10 0
14 19 0
14 35 0
15 11 0
15 20 0
15 36 0
16 11 0
16 21 0
16 37 0
17 13 0
17 22 0
17 40 0
18 0 0
18 25 0
18 38 0
18 39 0
19 14 0
19 22 0
19 41 0
20 15 0
20 24 0
20 42 0
21 16 0
21 24 0
21 43 0
22 17 0
22 19 0
22 44 0
23 8 0
23 26 0
23 28 0
24 20 0
24 21 0
24 45 0
25 2 0
25 8 0
25 18 0
26 23 0
26 27 0
26 47 0
27 26 0
27 29 0
27 32 0
28 23 0
28 30 0
28 48 0
29 27 0
29 30 0
29 49 0
30 28 0
30 29 0
30 50 0
31 1 0
31 51 0
31 52 0
31 9 0
32 3 0
32 4 0
32 27 0
33 3 0
33 34 0
33 54 0
33 55 0
34 33 0
34 56 0
34 57 0
34 58 0
35 14 0
36 15 0
37 16 0
38 18 0
39 18 0
40 17 0
41 19 0
42 20 0
43 21 0
44 22 0
45 24 0
46 8 0
47 26 0
48 28 0
49 29 0
50 30 0
51 31 0
52 31 0
53 1 0
54 33 0
55 33 0
56 34 0
57 34 0
58 34 0
59 10 0
GraphDataEnd
GraphEnd
NodeEnd
NodeStart
EPTNodeID: 29
AnchorID: 16002
TreeNodeGraphID: 128
Level: 7
SimplifiedLevel: 0
EditOperation: 5 10 59 0 0
AccumulatedOpsCount: 2
AccumulatedOp: 2 59 0 0 7
AccumulatedOp: 5 10 59 0 0
ChildrenCount: 0
ChildIndices:
CompletedDBGraphIDsCount: 1
CompletedDBGraphID: 2175
GraphStart
GraphDataStart
ID: 128
NumNodes: 60
NumEdges: 126
NodeLabels
6 3 2 2 2 3 3 3 3 4 4 4 4 4 4 4 4 4 4 4 4 4 4 4 4 4 4 4 4 4 4 4 4 4 4 5 5 5 5 5 5 5 5 5 5 5 5 5 5 5 5 5 5 5 5 5 5 5 5 7 
Edges
0 12 0
0 18 0
1 13 0
1 31 0
1 53 0
2 25 0
3 32 0
3 33 0
4 32 0
5 9 0
5 11 0
5 12 0
6 7 0
6 9 0
7 6 0
7 12 0
8 23 0
8 25 0
8 46 0
9 5 0
9 6 0
9 31 0
10 13 0
10 14 0
10 59 0
11 5 0
11 15 0
11 16 0
12 0 0
12 5 0
12 7 0
13 1 0
13 10 0
13 17 0
14 10 0
14 19 0
14 35 0
15 11 0
15 20 0
15 36 0
16 11 0
16 21 0
16 37 0
17 13 0
17 22 0
17 40 0
18 0 0
18 25 0
18 38 0
18 39 0
19 14 0
19 22 0
19 41 0
20 15 0
20 24 0
20 42 0
21 16 0
21 24 0
21 43 0
22 17 0
22 19 0
22 44 0
23 8 0
23 26 0
23 28 0
24 20 0
24 21 0
24 45 0
25 2 0
25 8 0
25 18 0
26 23 0
26 27 0
26 47 0
27 26 0
27 29 0
27 32 0
28 23 0
28 30 0
28 48 0
29 27 0
29 30 0
29 49 0
30 28 0
30 29 0
30 50 0
31 1 0
31 51 0
31 52 0
31 9 0
32 3 0
32 4 0
32 27 0
33 3 0
33 34 0
33 54 0
33 55 0
34 33 0
34 56 0
34 57 0
34 58 0
35 14 0
36 15 0
37 16 0
38 18 0
39 18 0
40 17 0
41 19 0
42 20 0
43 21 0
44 22 0
45 24 0
46 8 0
47 26 0
48 28 0
49 29 0
50 30 0
51 31 0
52 31 0
53 1 0
54 33 0
55 33 0
56 34 0
57 34 0
58 34 0
59 10 0
GraphDataEnd
GraphEnd
NodeEnd
NodeStart
EPTNodeID: 30
AnchorID: 16002
TreeNodeGraphID: 129
Level: 4
SimplifiedLevel: 0
EditOperation: 5 10 53 0 0
AccumulatedOpsCount: 1
AccumulatedOp: 5 10 53 0 0
ChildrenCount: 0
ChildIndices:
CompletedDBGraphIDsCount: 1
CompletedDBGraphID: 15167
GraphStart
GraphDataStart
ID: 129
NumNodes: 59
NumEdges: 124
NodeLabels
6 2 2 2 2 3 3 3 3 4 4 4 4 4 4 4 4 4 4 4 4 4 4 4 4 4 4 4 4 4 4 4 4 4 4 5 5 5 5 5 5 5 5 5 5 5 5 5 5 5 5 5 5 5 5 5 5 5 5 
Edges
0 12 0
0 18 0
1 13 0
1 31 0
2 25 0
3 32 0
3 33 0
4 32 0
5 9 0
5 11 0
5 12 0
6 7 0
6 9 0
7 6 0
7 12 0
8 23 0
8 25 0
8 46 0
9 5 0
9 6 0
9 31 0
10 13 0
10 14 0
10 53 0
11 5 0
11 15 0
11 16 0
12 0 0
12 5 0
12 7 0
13 1 0
13 10 0
13 17 0
14 10 0
14 19 0
14 35 0
15 11 0
15 20 0
15 36 0
16 11 0
16 21 0
16 37 0
17 13 0
17 22 0
17 40 0
18 0 0
18 25 0
18 38 0
18 39 0
19 14 0
19 22 0
19 41 0
20 15 0
20 24 0
20 42 0
21 16 0
21 24 0
21 43 0
22 17 0
22 19 0
22 44 0
23 8 0
23 26 0
23 28 0
24 20 0
24 21 0
24 45 0
25 2 0
25 8 0
25 18 0
26 23 0
26 27 0
26 47 0
27 26 0
27 29 0
27 32 0
28 23 0
28 30 0
28 48 0
29 27 0
29 30 0
29 49 0
30 28 0
30 29 0
30 50 0
31 1 0
31 51 0
31 52 0
31 9 0
32 3 0
32 4 0
32 27 0
33 3 0
33 34 0
33 54 0
33 55 0
34 33 0
34 56 0
34 57 0
34 58 0
35 14 0
36 15 0
37 16 0
38 18 0
39 18 0
40 17 0
41 19 0
42 20 0
43 21 0
44 22 0
45 24 0
46 8 0
47 26 0
48 28 0
49 29 0
50 30 0
51 31 0
52 31 0
53 10 0
54 33 0
55 33 0
56 34 0
57 34 0
58 34 0
GraphDataEnd
GraphEnd
NodeEnd
NodeStart
EPTNodeID: 31
AnchorID: 16002
TreeNodeGraphID: 133
Level: 4
SimplifiedLevel: 0
EditOperation: 5 29 32 0 0
AccumulatedOpsCount: 4
AccumulatedOp: 4 29 49 0 0
AccumulatedOp: 5 27 49 0 0
AccumulatedOp: 4 27 32 0 0
AccumulatedOp: 5 29 32 0 0
ChildrenCount: 1
ChildIndices: 32
CompletedDBGraphIDsCount: 1
CompletedDBGraphID: 19126
GraphStart
GraphDataStart
ID: 133
NumNodes: 59
NumEdges: 124
NodeLabels
6 2 2 2 2 3 3 3 3 4 4 4 4 4 4 4 4 4 4 4 4 4 4 4 4 4 4 4 4 4 4 4 4 4 4 5 5 5 5 5 5 5 5 5 5 5 5 5 5 5 5 5 5 5 5 5 5 5 5 
Edges
0 12 0
0 18 0
1 13 0
1 31 0
2 25 0
3 32 0
3 33 0
4 32 0
5 9 0
5 11 0
5 12 0
6 7 0
6 9 0
7 6 0
7 12 0
8 23 0
8 25 0
8 46 0
9 5 0
9 6 0
9 10 0
10 9 0
10 13 0
10 14 0
11 5 0
11 15 0
11 16 0
12 0 0
12 5 0
12 7 0
13 1 0
13 10 0
13 17 0
14 10 0
14 19 0
14 35 0
15 11 0
15 20 0
15 36 0
16 11 0
16 21 0
16 37 0
17 13 0
17 22 0
17 40 0
18 0 0
18 25 0
18 38 0
18 39 0
19 14 0
19 22 0
19 41 0
20 15 0
20 24 0
20 42 0
21 16 0
21 24 0
21 43 0
22 17 0
22 19 0
22 44 0
23 8 0
23 26 0
23 28 0
24 20 0
24 21 0
24 45 0
25 2 0
25 8 0
25 18 0
26 23 0
26 27 0
26 47 0
27 26 0
27 29 0
27 49 0
28 23 0
28 30 0
28 48 0
29 27 0
29 30 0
29 32 0
30 28 0
30 29 0
30 50 0
31 1 0
31 51 0
31 52 0
31 53 0
32 3 0
32 4 0
32 29 0
33 3 0
33 34 0
33 54 0
33 55 0
34 33 0
34 56 0
34 57 0
34 58 0
35 14 0
36 15 0
37 16 0
38 18 0
39 18 0
40 17 0
41 19 0
42 20 0
43 21 0
44 22 0
45 24 0
46 8 0
47 26 0
48 28 0
49 27 0
50 30 0
51 31 0
52 31 0
53 31 0
54 33 0
55 33 0
56 34 0
57 34 0
58 34 0
GraphDataEnd
GraphEnd
NodeEnd
NodeStart
EPTNodeID: 32
AnchorID: 16002
TreeNodeGraphID: 137
Level: 8
SimplifiedLevel: 0
EditOperation: 1 1 0 2 0
AccumulatedOpsCount: 4
AccumulatedOp: 5 13 31 0 0
AccumulatedOp: 4 1 13 0 0
AccumulatedOp: 4 1 31 0 0
AccumulatedOp: 1 1 0 2 0
ChildrenCount: 0
ChildIndices:
CompletedDBGraphIDsCount: 1
CompletedDBGraphID: 7107
GraphStart
GraphDataStart
ID: 137
NumNodes: 58
NumEdges: 122
NodeLabels
6 2 2 2 3 3 3 3 4 4 4 4 4 4 4 4 4 4 4 4 4 4 4 4 4 4 4 4 4 4 4 4 4 4 5 5 5 5 5 5 5 5 5 5 5 5 5 5 5 5 5 5 5 5 5 5 5 5 
Edges
0 11 0
0 17 0
1 24 0
2 31 0
2 32 0
3 31 0
4 8 0
4 10 0
4 11 0
5 6 0
5 8 0
6 5 0
6 11 0
7 22 0
7 24 0
7 45 0
8 4 0
8 5 0
8 9 0
9 8 0
9 12 0
9 13 0
10 4 0
10 14 0
10 15 0
11 0 0
11 4 0
11 6 0
12 9 0
12 16 0
12 30 0
13 9 0
13 18 0
13 34 0
14 10 0
14 19 0
14 35 0
15 10 0
15 20 0
15 36 0
16 12 0
16 21 0
16 39 0
17 0 0
17 24 0
17 37 0
17 38 0
18 13 0
18 21 0
18 40 0
19 14 0
19 23 0
19 41 0
20 15 0
20 23 0
20 42 0
21 16 0
21 18 0
21 43 0
22 7 0
22 25 0
22 27 0
23 19 0
23 20 0
23 44 0
24 1 0
24 7 0
24 17 0
25 22 0
25 26 0
25 46 0
26 25 0
26 28 0
26 48 0
27 22 0
27 29 0
27 47 0
28 26 0
28 29 0
28 31 0
29 27 0
29 28 0
29 49 0
30 50 0
30 51 0
30 52 0
30 12 0
31 2 0
31 3 0
31 28 0
32 2 0
32 33 0
32 53 0
32 54 0
33 32 0
33 55 0
33 56 0
33 57 0
34 13 0
35 14 0
36 15 0
37 17 0
38 17 0
39 16 0
40 18 0
41 19 0
42 20 0
43 21 0
44 23 0
45 7 0
46 25 0
47 27 0
48 26 0
49 29 0
50 30 0
51 30 0
52 30 0
53 32 0
54 32 0
55 33 0
56 33 0
57 33 0
GraphDataEnd
GraphEnd
NodeEnd
NodeStart
EPTNodeID: 33
AnchorID: 16002
TreeNodeGraphID: 144
Level: 7
SimplifiedLevel: 0
EditOperation: 1 45 0 5 0
AccumulatedOpsCount: 7
AccumulatedOp: 4 1 13 0 0
AccumulatedOp: 0 17 0 4 3
AccumulatedOp: 5 1 24 0 0
AccumulatedOp: 5 13 40 0 0
AccumulatedOp: 4 17 40 0 0
AccumulatedOp: 4 24 45 0 0
AccumulatedOp: 1 45 0 5 0
ChildrenCount: 0
ChildIndices:
CompletedDBGraphIDsCount: 1
CompletedDBGraphID: 8756
GraphStart
GraphDataStart
ID: 144
NumNodes: 58
NumEdges: 122
NodeLabels
6 2 2 2 2 3 3 3 3 4 4 4 4 4 4 4 4 3 4 4 4 4 4 4 4 4 4 4 4 4 4 4 4 4 4 5 5 5 5 5 5 5 5 5 5 5 5 5 5 5 5 5 5 5 5 5 5 5 
Edges
0 12 0
0 18 0
1 31 0
1 24 0
2 25 0
3 32 0
3 33 0
4 32 0
5 9 0
5 11 0
5 12 0
6 7 0
6 9 0
7 6 0
7 12 0
8 23 0
8 25 0
8 45 0
9 5 0
9 6 0
9 10 0
10 9 0
10 13 0
10 14 0
11 5 0
11 15 0
11 16 0
12 0 0
12 5 0
12 7 0
13 10 0
13 17 0
13 40 0
14 10 0
14 19 0
14 35 0
15 11 0
15 20 0
15 36 0
16 11 0
16 21 0
16 37 0
17 13 0
17 22 0
18 0 0
18 25 0
18 38 0
18 39 0
19 14 0
19 22 0
19 41 0
20 15 0
20 24 0
20 42 0
21 16 0
21 24 0
21 43 0
22 17 0
22 19 0
22 44 0
23 8 0
23 26 0
23 28 0
24 20 0
24 21 0
24 1 0
25 2 0
25 8 0
25 18 0
26 23 0
26 27 0
26 46 0
27 26 0
27 29 0
27 32 0
28 23 0
28 30 0
28 47 0
29 27 0
29 30 0
29 48 0
30 28 0
30 29 0
30 49 0
31 1 0
31 50 0
31 51 0
31 52 0
32 3 0
32 4 0
32 27 0
33 3 0
33 34 0
33 53 0
33 54 0
34 33 0
34 55 0
34 56 0
34 57 0
35 14 0
36 15 0
37 16 0
38 18 0
39 18 0
40 13 0
41 19 0
42 20 0
43 21 0
44 22 0
45 8 0
46 26 0
47 28 0
48 29 0
49 30 0
50 31 0
51 31 0
52 31 0
53 33 0
54 33 0
55 34 0
56 34 0
57 34 0
GraphDataEnd
GraphEnd
NodeEnd
END_EPT
