BEGIN_EPT
AnchorID: 6648  # ID of the anchor node
RootIndex: 0  # Index of the root node in tree_nodes
NodeCount: 1  # Total number of nodes in the EPT
NodeStart
EPTNodeID: 0
AnchorID: 6648
TreeNodeGraphID: 0
Level: 0
SimplifiedLevel: 0
EditOperation: -1 0 -1 0 0
AccumulatedOpsCount: 0
ChildrenCount: 0
ChildIndices:
CompletedDBGraphIDsCount: 1
CompletedDBGraphID: 19197
GraphStart
GraphDataStart
ID: 0
NumNodes: 71
NumEdges: 150
NodeLabels
2 2 2 2 2 3 3 3 4 4 4 4 4 4 4 4 4 4 4 4 4 4 4 4 4 4 4 4 4 4 4 4 4 4 4 4 4 4 4 4 5 5 5 5 5 5 5 5 5 5 5 5 5 5 5 5 5 5 5 5 5 5 5 5 5 5 5 5 5 5 5 
Edges
0 12 0
1 22 0
1 28 0
2 18 0
2 29 0
3 27 0
3 37 0
4 30 0
5 8 0
5 12 0
5 13 0
6 8 0
6 10 0
6 41 0
7 30 0
7 31 0
7 58 0
8 5 0
8 6 0
8 9 0
8 40 0
9 8 0
9 14 0
9 15 0
10 6 0
10 11 0
10 16 0
11 10 0
11 12 0
11 17 0
12 0 0
12 5 0
12 11 0
13 5 0
13 19 0
13 20 0
14 9 0
14 18 0
14 42 0
15 9 0
15 21 0
15 43 0
16 10 0
16 23 0
16 44 0
17 11 0
17 24 0
17 45 0
18 2 0
18 14 0
18 22 0
19 13 0
19 25 0
19 46 0
20 13 0
20 26 0
20 47 0
21 15 0
21 22 0
21 48 0
22 1 0
22 18 0
22 21 0
23 16 0
23 24 0
23 49 0
24 17 0
24 23 0
24 50 0
25 19 0
25 27 0
25 51 0
26 20 0
26 27 0
26 52 0
27 3 0
27 25 0
27 26 0
28 1 0
28 30 0
28 53 0
28 54 0
29 2 0
29 55 0
29 56 0
29 57 0
30 4 0
30 7 0
30 28 0
31 7 0
31 34 0
31 35 0
32 33 0
32 34 0
32 38 0
33 32 0
33 36 0
33 39 0
34 31 0
34 32 0
34 59 0
35 31 0
35 36 0
35 60 0
36 33 0
36 35 0
36 61 0
37 3 0
37 62 0
37 63 0
37 64 0
38 32 0
38 65 0
38 66 0
38 67 0
39 33 0
39 68 0
39 69 0
39 70 0
40 8 0
41 6 0
42 14 0
43 15 0
44 16 0
45 17 0
46 19 0
47 20 0
48 21 0
49 23 0
50 24 0
51 25 0
52 26 0
53 28 0
54 28 0
55 29 0
56 29 0
57 29 0
58 7 0
59 34 0
60 35 0
61 36 0
62 37 0
63 37 0
64 37 0
65 38 0
66 38 0
67 38 0
68 39 0
69 39 0
70 39 0
GraphDataEnd
GraphEnd
NodeEnd
END_EPT
