BEGIN_EPT
AnchorID: 4689  # ID of the anchor node
RootIndex: 0  # Index of the root node in tree_nodes
NodeCount: 6  # Total number of nodes in the EPT
NodeStart
EPTNodeID: 0
AnchorID: 4689
TreeNodeGraphID: 0
Level: 0
SimplifiedLevel: 0
EditOperation: -1 0 -1 0 0
AccumulatedOpsCount: 0
ChildrenCount: 1
ChildIndices: 1
CompletedDBGraphIDsCount: 1
CompletedDBGraphID: 13890
GraphStart
GraphDataStart
ID: 0
NumNodes: 61
NumEdges: 126
NodeLabels
7 7 6 1 2 2 3 3 3 3 3 4 4 4 4 4 4 4 4 4 4 4 4 4 4 4 4 4 4 4 4 4 4 4 4 5 5 5 5 5 5 5 5 5 5 5 5 5 5 5 5 5 5 5 5 5 5 5 5 5 5 
Edges
0 22 0
1 27 0
2 17 0
2 21 0
3 33 0
4 18 0
5 24 0
6 13 0
6 16 0
6 17 0
7 11 0
7 18 0
7 43 0
8 9 0
8 13 0
9 8 0
9 17 0
10 24 0
10 28 0
10 54 0
11 7 0
11 12 0
11 13 0
11 35 0
12 11 0
12 14 0
12 15 0
12 36 0
13 6 0
13 8 0
13 11 0
14 12 0
14 37 0
14 38 0
14 39 0
15 12 0
15 40 0
15 41 0
15 42 0
16 6 0
16 19 0
16 44 0
16 45 0
17 2 0
17 6 0
17 9 0
18 4 0
18 7 0
18 20 0
19 16 0
19 46 0
19 47 0
19 48 0
20 18 0
20 22 0
20 23 0
21 2 0
21 24 0
21 49 0
21 50 0
22 0 0
22 20 0
22 25 0
23 20 0
23 26 0
23 51 0
24 5 0
24 10 0
24 21 0
25 22 0
25 27 0
25 52 0
26 23 0
26 27 0
26 53 0
27 1 0
27 25 0
27 26 0
28 10 0
28 29 0
28 30 0
29 28 0
29 31 0
29 32 0
30 28 0
30 33 0
30 55 0
31 29 0
31 34 0
31 56 0
32 29 0
32 57 0
32 58 0
32 59 0
33 3 0
33 30 0
33 34 0
34 31 0
34 33 0
34 60 0
35 11 0
36 12 0
37 14 0
38 14 0
39 14 0
40 15 0
41 15 0
42 15 0
43 7 0
44 16 0
45 16 0
46 19 0
47 19 0
48 19 0
49 21 0
50 21 0
51 23 0
52 25 0
53 26 0
54 10 0
55 30 0
56 31 0
57 32 0
58 32 0
59 32 0
60 34 0
GraphDataEnd
GraphEnd
NodeEnd
NodeStart
EPTNodeID: 1
AnchorID: 4689
TreeNodeGraphID: 1
Level: 1
SimplifiedLevel: 0
EditOperation: 0 3 0 1 5
AccumulatedOpsCount: 1
AccumulatedOp: 0 3 0 1 5
ChildrenCount: 2
ChildIndices: 2 5
CompletedDBGraphIDsCount: 0
GraphStart
GraphDataStart
ID: 1
NumNodes: 61
NumEdges: 126
NodeLabels
7 7 6 5 2 2 3 3 3 3 3 4 4 4 4 4 4 4 4 4 4 4 4 4 4 4 4 4 4 4 4 4 4 4 4 5 5 5 5 5 5 5 5 5 5 5 5 5 5 5 5 5 5 5 5 5 5 5 5 5 5 
Edges
0 22 0
1 27 0
2 17 0
2 21 0
3 33 0
4 18 0
5 24 0
6 13 0
6 16 0
6 17 0
7 11 0
7 18 0
7 43 0
8 9 0
8 13 0
9 8 0
9 17 0
10 24 0
10 28 0
10 54 0
11 7 0
11 12 0
11 13 0
11 35 0
12 11 0
12 14 0
12 15 0
12 36 0
13 6 0
13 8 0
13 11 0
14 12 0
14 37 0
14 38 0
14 39 0
15 12 0
15 40 0
15 41 0
15 42 0
16 6 0
16 19 0
16 44 0
16 45 0
17 2 0
17 6 0
17 9 0
18 4 0
18 7 0
18 20 0
19 16 0
19 46 0
19 47 0
19 48 0
20 18 0
20 22 0
20 23 0
21 2 0
21 24 0
21 49 0
21 50 0
22 0 0
22 20 0
22 25 0
23 20 0
23 26 0
23 51 0
24 5 0
24 10 0
24 21 0
25 22 0
25 27 0
25 52 0
26 23 0
26 27 0
26 53 0
27 1 0
27 25 0
27 26 0
28 10 0
28 29 0
28 30 0
29 28 0
29 31 0
29 32 0
30 28 0
30 33 0
30 55 0
31 29 0
31 34 0
31 56 0
32 29 0
32 57 0
32 58 0
32 59 0
33 3 0
33 30 0
33 34 0
34 31 0
34 33 0
34 60 0
35 11 0
36 12 0
37 14 0
38 14 0
39 14 0
40 15 0
41 15 0
42 15 0
43 7 0
44 16 0
45 16 0
46 19 0
47 19 0
48 19 0
49 21 0
50 21 0
51 23 0
52 25 0
53 26 0
54 10 0
55 30 0
56 31 0
57 32 0
58 32 0
59 32 0
60 34 0
GraphDataEnd
GraphEnd
NodeEnd
NodeStart
EPTNodeID: 2
AnchorID: 4689
TreeNodeGraphID: 4
Level: 4
SimplifiedLevel: 0
EditOperation: 2 63 0 0 5
AccumulatedOpsCount: 3
AccumulatedOp: 2 61 0 0 5
AccumulatedOp: 2 62 0 0 5
AccumulatedOp: 2 63 0 0 5
ChildrenCount: 2
ChildIndices: 3 4
CompletedDBGraphIDsCount: 0
GraphStart
GraphDataStart
ID: 4
NumNodes: 64
NumEdges: 126
NodeLabels
7 7 6 5 2 2 3 3 3 3 3 4 4 4 4 4 4 4 4 4 4 4 4 4 4 4 4 4 4 4 4 4 4 4 4 5 5 5 5 5 5 5 5 5 5 5 5 5 5 5 5 5 5 5 5 5 5 5 5 5 5 5 5 5 
Edges
0 22 0
1 27 0
2 17 0
2 21 0
3 33 0
4 18 0
5 24 0
6 13 0
6 16 0
6 17 0
7 11 0
7 18 0
7 43 0
8 9 0
8 13 0
9 8 0
9 17 0
10 24 0
10 28 0
10 54 0
11 7 0
11 12 0
11 13 0
11 35 0
12 11 0
12 14 0
12 15 0
12 36 0
13 6 0
13 8 0
13 11 0
14 12 0
14 37 0
14 38 0
14 39 0
15 12 0
15 40 0
15 41 0
15 42 0
16 6 0
16 19 0
16 44 0
16 45 0
17 2 0
17 6 0
17 9 0
18 4 0
18 7 0
18 20 0
19 16 0
19 46 0
19 47 0
19 48 0
20 18 0
20 22 0
20 23 0
21 2 0
21 24 0
21 49 0
21 50 0
22 0 0
22 20 0
22 25 0
23 20 0
23 26 0
23 51 0
24 5 0
24 10 0
24 21 0
25 22 0
25 27 0
25 52 0
26 23 0
26 27 0
26 53 0
27 1 0
27 25 0
27 26 0
28 10 0
28 29 0
28 30 0
29 28 0
29 31 0
29 32 0
30 28 0
30 33 0
30 55 0
31 29 0
31 34 0
31 56 0
32 29 0
32 57 0
32 58 0
32 59 0
33 3 0
33 30 0
33 34 0
34 31 0
34 33 0
34 60 0
35 11 0
36 12 0
37 14 0
38 14 0
39 14 0
40 15 0
41 15 0
42 15 0
43 7 0
44 16 0
45 16 0
46 19 0
47 19 0
48 19 0
49 21 0
50 21 0
51 23 0
52 25 0
53 26 0
54 10 0
55 30 0
56 31 0
57 32 0
58 32 0
59 32 0
60 34 0
GraphDataEnd
GraphEnd
NodeEnd
NodeStart
EPTNodeID: 3
AnchorID: 4689
TreeNodeGraphID: 10
Level: 10
SimplifiedLevel: 0
EditOperation: 5 60 62 0 0
AccumulatedOpsCount: 6
AccumulatedOp: 0 60 0 5 4
AccumulatedOp: 5 60 61 0 0
AccumulatedOp: 5 32 60 0 0
AccumulatedOp: 4 29 32 0 0
AccumulatedOp: 5 29 63 0 0
AccumulatedOp: 5 60 62 0 0
ChildrenCount: 0
ChildIndices:
CompletedDBGraphIDsCount: 2
CompletedDBGraphID: 4282
CompletedDBGraphID: 15843
GraphStart
GraphDataStart
ID: 10
NumNodes: 64
NumEdges: 132
NodeLabels
7 7 6 5 2 2 3 3 3 3 3 4 4 4 4 4 4 4 4 4 4 4 4 4 4 4 4 4 4 4 4 4 4 4 4 5 5 5 5 5 5 5 5 5 5 5 5 5 5 5 5 5 5 5 5 5 5 5 5 5 4 5 5 5 
Edges
0 22 0
1 27 0
2 17 0
2 21 0
3 33 0
4 18 0
5 24 0
6 13 0
6 16 0
6 17 0
7 11 0
7 18 0
7 43 0
8 9 0
8 13 0
9 8 0
9 17 0
10 24 0
10 28 0
10 54 0
11 7 0
11 12 0
11 13 0
11 35 0
12 11 0
12 14 0
12 15 0
12 36 0
13 6 0
13 8 0
13 11 0
14 12 0
14 37 0
14 38 0
14 39 0
15 12 0
15 40 0
15 41 0
15 42 0
16 6 0
16 19 0
16 44 0
16 45 0
17 2 0
17 6 0
17 9 0
18 4 0
18 7 0
18 20 0
19 16 0
19 46 0
19 47 0
19 48 0
20 18 0
20 22 0
20 23 0
21 2 0
21 24 0
21 49 0
21 50 0
22 0 0
22 20 0
22 25 0
23 20 0
23 26 0
23 51 0
24 5 0
24 10 0
24 21 0
25 22 0
25 27 0
25 52 0
26 23 0
26 27 0
26 53 0
27 1 0
27 25 0
27 26 0
28 10 0
28 29 0
28 30 0
29 28 0
29 31 0
29 63 0
30 28 0
30 33 0
30 55 0
31 29 0
31 34 0
31 56 0
32 57 0
32 58 0
32 59 0
32 60 0
33 3 0
33 30 0
33 34 0
34 31 0
34 33 0
34 60 0
35 11 0
36 12 0
37 14 0
38 14 0
39 14 0
40 15 0
41 15 0
42 15 0
43 7 0
44 16 0
45 16 0
46 19 0
47 19 0
48 19 0
49 21 0
50 21 0
51 23 0
52 25 0
53 26 0
54 10 0
55 30 0
56 31 0
57 32 0
58 32 0
59 32 0
60 34 0
60 61 0
60 32 0
60 62 0
61 60 0
62 60 0
63 29 0
GraphDataEnd
GraphEnd
NodeEnd
NodeStart
EPTNodeID: 4
AnchorID: 4689
TreeNodeGraphID: 16
Level: 10
SimplifiedLevel: 0
EditOperation: 5 59 63 0 0
AccumulatedOpsCount: 6
AccumulatedOp: 0 0 0 7 5
AccumulatedOp: 0 59 0 5 4
AccumulatedOp: 0 1 0 7 1
AccumulatedOp: 5 59 61 0 0
AccumulatedOp: 5 59 62 0 0
AccumulatedOp: 5 59 63 0 0
ChildrenCount: 0
ChildIndices:
CompletedDBGraphIDsCount: 2
CompletedDBGraphID: 8180
CompletedDBGraphID: 4721
GraphStart
GraphDataStart
ID: 16
NumNodes: 64
NumEdges: 132
NodeLabels
5 1 6 5 2 2 3 3 3 3 3 4 4 4 4 4 4 4 4 4 4 4 4 4 4 4 4 4 4 4 4 4 4 4 4 5 5 5 5 5 5 5 5 5 5 5 5 5 5 5 5 5 5 5 5 5 5 5 5 4 5 5 5 5 
Edges
0 22 0
1 27 0
2 17 0
2 21 0
3 33 0
4 18 0
5 24 0
6 13 0
6 16 0
6 17 0
7 11 0
7 18 0
7 43 0
8 9 0
8 13 0
9 8 0
9 17 0
10 24 0
10 28 0
10 54 0
11 7 0
11 12 0
11 13 0
11 35 0
12 11 0
12 14 0
12 15 0
12 36 0
13 6 0
13 8 0
13 11 0
14 12 0
14 37 0
14 38 0
14 39 0
15 12 0
15 40 0
15 41 0
15 42 0
16 6 0
16 19 0
16 44 0
16 45 0
17 2 0
17 6 0
17 9 0
18 4 0
18 7 0
18 20 0
19 16 0
19 46 0
19 47 0
19 48 0
20 18 0
20 22 0
20 23 0
21 2 0
21 24 0
21 49 0
21 50 0
22 0 0
22 20 0
22 25 0
23 20 0
23 26 0
23 51 0
24 5 0
24 10 0
24 21 0
25 22 0
25 27 0
25 52 0
26 23 0
26 27 0
26 53 0
27 1 0
27 25 0
27 26 0
28 10 0
28 29 0
28 30 0
29 28 0
29 31 0
29 32 0
30 28 0
30 33 0
30 55 0
31 29 0
31 34 0
31 56 0
32 29 0
32 57 0
32 58 0
32 59 0
33 3 0
33 30 0
33 34 0
34 31 0
34 33 0
34 60 0
35 11 0
36 12 0
37 14 0
38 14 0
39 14 0
40 15 0
41 15 0
42 15 0
43 7 0
44 16 0
45 16 0
46 19 0
47 19 0
48 19 0
49 21 0
50 21 0
51 23 0
52 25 0
53 26 0
54 10 0
55 30 0
56 31 0
57 32 0
58 32 0
59 32 0
59 61 0
59 62 0
59 63 0
60 34 0
61 59 0
62 59 0
63 59 0
GraphDataEnd
GraphEnd
NodeEnd
NodeStart
EPTNodeID: 5
AnchorID: 4689
TreeNodeGraphID: 28
Level: 13
SimplifiedLevel: 0
EditOperation: 5 14 23 0 0
AccumulatedOpsCount: 12
AccumulatedOp: 0 0 0 7 5
AccumulatedOp: 4 12 15 0 0
AccumulatedOp: 5 10 33 0 0
AccumulatedOp: 0 1 0 7 5
AccumulatedOp: 5 15 28 0 0
AccumulatedOp: 4 3 33 0 0
AccumulatedOp: 4 12 14 0 0
AccumulatedOp: 5 12 51 0 0
AccumulatedOp: 5 3 12 0 0
AccumulatedOp: 4 10 28 0 0
AccumulatedOp: 4 23 51 0 0
AccumulatedOp: 5 14 23 0 0
ChildrenCount: 0
ChildIndices:
CompletedDBGraphIDsCount: 2
CompletedDBGraphID: 17683
CompletedDBGraphID: 13686
GraphStart
GraphDataStart
ID: 28
NumNodes: 61
NumEdges: 126
NodeLabels
5 5 6 5 2 2 3 3 3 3 3 4 4 4 4 4 4 4 4 4 4 4 4 4 4 4 4 4 4 4 4 4 4 4 4 5 5 5 5 5 5 5 5 5 5 5 5 5 5 5 5 5 5 5 5 5 5 5 5 5 5 
Edges
0 22 0
1 27 0
2 17 0
2 21 0
3 12 0
4 18 0
5 24 0
6 13 0
6 16 0
6 17 0
7 11 0
7 18 0
7 43 0
8 9 0
8 13 0
9 8 0
9 17 0
10 24 0
10 54 0
10 33 0
11 7 0
11 12 0
11 13 0
11 35 0
12 11 0
12 36 0
12 51 0
12 3 0
13 6 0
13 8 0
13 11 0
14 37 0
14 38 0
14 39 0
14 23 0
15 40 0
15 41 0
15 42 0
15 28 0
16 6 0
16 19 0
16 44 0
16 45 0
17 2 0
17 6 0
17 9 0
18 4 0
18 7 0
18 20 0
19 16 0
19 46 0
19 47 0
19 48 0
20 18 0
20 22 0
20 23 0
21 2 0
21 24 0
21 49 0
21 50 0
22 0 0
22 20 0
22 25 0
23 20 0
23 26 0
23 14 0
24 5 0
24 10 0
24 21 0
25 22 0
25 27 0
25 52 0
26 23 0
26 27 0
26 53 0
27 1 0
27 25 0
27 26 0
28 29 0
28 30 0
28 15 0
29 28 0
29 31 0
29 32 0
30 28 0
30 33 0
30 55 0
31 29 0
31 34 0
31 56 0
32 29 0
32 57 0
32 58 0
32 59 0
33 30 0
33 34 0
33 10 0
34 31 0
34 33 0
34 60 0
35 11 0
36 12 0
37 14 0
38 14 0
39 14 0
40 15 0
41 15 0
42 15 0
43 7 0
44 16 0
45 16 0
46 19 0
47 19 0
48 19 0
49 21 0
50 21 0
51 12 0
52 25 0
53 26 0
54 10 0
55 30 0
56 31 0
57 32 0
58 32 0
59 32 0
60 34 0
GraphDataEnd
GraphEnd
NodeEnd
END_EPT
