BEGIN_EPT
AnchorID: 4316  # ID of the anchor node
RootIndex: 0  # Index of the root node in tree_nodes
NodeCount: 11  # Total number of nodes in the EPT
NodeStart
EPTNodeID: 0
AnchorID: 4316
TreeNodeGraphID: 0
Level: 0
SimplifiedLevel: 0
EditOperation: -1 0 -1 0 0
AccumulatedOpsCount: 0
ChildrenCount: 3
ChildIndices: 1 9 10
CompletedDBGraphIDsCount: 0
GraphStart
GraphDataStart
ID: 0
NumNodes: 64
NumEdges: 134
NodeLabels
1 1 1 2 2 2 2 2 3 4 4 4 4 4 4 4 4 4 4 4 4 4 4 4 4 4 4 4 4 4 4 4 4 4 4 4 5 5 5 5 5 5 5 5 5 5 5 5 5 5 5 5 5 5 5 5 5 5 5 5 5 5 5 5 
Edges
0 35 0
1 35 0
2 35 0
3 15 0
4 20 0
4 24 0
5 22 0
5 27 0
6 22 0
7 26 0
7 29 0
8 12 0
8 19 0
8 47 0
9 10 0
9 11 0
9 16 0
9 17 0
10 9 0
10 12 0
10 36 0
10 37 0
11 9 0
11 15 0
11 38 0
11 39 0
12 8 0
12 10 0
12 13 0
13 12 0
13 14 0
13 15 0
14 13 0
14 18 0
14 20 0
14 40 0
15 3 0
15 11 0
15 13 0
16 9 0
16 44 0
16 45 0
16 46 0
17 9 0
17 41 0
17 42 0
17 43 0
18 14 0
18 19 0
18 22 0
19 8 0
19 18 0
19 21 0
20 4 0
20 14 0
20 23 0
21 19 0
21 48 0
21 49 0
21 50 0
22 5 0
22 6 0
22 18 0
23 20 0
23 25 0
23 51 0
24 4 0
24 25 0
24 26 0
25 23 0
25 24 0
25 52 0
26 7 0
26 24 0
26 53 0
26 54 0
27 5 0
27 28 0
27 55 0
27 56 0
28 27 0
28 57 0
28 58 0
28 59 0
29 7 0
29 30 0
29 31 0
30 29 0
30 32 0
30 60 0
31 29 0
31 33 0
31 61 0
32 30 0
32 34 0
32 35 0
33 31 0
33 34 0
33 62 0
34 32 0
34 33 0
34 63 0
35 0 0
35 1 0
35 2 0
35 32 0
36 10 0
37 10 0
38 11 0
39 11 0
40 14 0
41 17 0
42 17 0
43 17 0
44 16 0
45 16 0
46 16 0
47 8 0
48 21 0
49 21 0
50 21 0
51 23 0
52 25 0
53 26 0
54 26 0
55 27 0
56 27 0
57 28 0
58 28 0
59 28 0
60 30 0
61 31 0
62 33 0
63 34 0
GraphDataEnd
GraphEnd
NodeEnd
NodeStart
EPTNodeID: 1
AnchorID: 4316
TreeNodeGraphID: 6
Level: 6
SimplifiedLevel: 0
EditOperation: 1 1 0 1 0
AccumulatedOpsCount: 6
AccumulatedOp: 4 2 35 0 0
AccumulatedOp: 1 2 0 1 0
AccumulatedOp: 4 0 35 0 0
AccumulatedOp: 1 0 0 1 0
AccumulatedOp: 4 1 35 0 0
AccumulatedOp: 1 1 0 1 0
ChildrenCount: 2
ChildIndices: 2 8
CompletedDBGraphIDsCount: 0
GraphStart
GraphDataStart
ID: 6
NumNodes: 61
NumEdges: 128
NodeLabels
2 2 2 2 2 3 4 4 4 4 4 4 4 4 4 4 4 4 4 4 4 4 4 4 4 4 4 4 4 4 4 4 4 5 5 5 5 5 5 5 5 5 5 5 5 5 5 5 5 5 5 5 5 5 5 5 5 5 5 5 5 
Edges
0 12 0
1 17 0
1 21 0
2 19 0
2 24 0
3 19 0
4 23 0
4 26 0
5 9 0
5 16 0
5 44 0
6 7 0
6 8 0
6 13 0
6 14 0
7 6 0
7 9 0
7 33 0
7 34 0
8 6 0
8 12 0
8 35 0
8 36 0
9 5 0
9 7 0
9 10 0
10 9 0
10 11 0
10 12 0
11 10 0
11 15 0
11 17 0
11 37 0
12 0 0
12 8 0
12 10 0
13 6 0
13 41 0
13 42 0
13 43 0
14 6 0
14 38 0
14 39 0
14 40 0
15 11 0
15 16 0
15 19 0
16 5 0
16 15 0
16 18 0
17 1 0
17 11 0
17 20 0
18 16 0
18 45 0
18 46 0
18 47 0
19 2 0
19 3 0
19 15 0
20 17 0
20 22 0
20 48 0
21 1 0
21 22 0
21 23 0
22 20 0
22 21 0
22 49 0
23 4 0
23 21 0
23 50 0
23 51 0
24 2 0
24 25 0
24 52 0
24 53 0
25 24 0
25 54 0
25 55 0
25 56 0
26 4 0
26 27 0
26 28 0
27 26 0
27 29 0
27 57 0
28 26 0
28 30 0
28 58 0
29 27 0
29 31 0
29 32 0
30 28 0
30 31 0
30 59 0
31 29 0
31 30 0
31 60 0
32 29 0
33 7 0
34 7 0
35 8 0
36 8 0
37 11 0
38 14 0
39 14 0
40 14 0
41 13 0
42 13 0
43 13 0
44 5 0
45 18 0
46 18 0
47 18 0
48 20 0
49 22 0
50 23 0
51 23 0
52 24 0
53 24 0
54 25 0
55 25 0
56 25 0
57 27 0
58 28 0
59 30 0
60 31 0
GraphDataEnd
GraphEnd
NodeEnd
NodeStart
EPTNodeID: 2
AnchorID: 4316
TreeNodeGraphID: 7
Level: 7
SimplifiedLevel: 0
EditOperation: 0 35 0 4 5
AccumulatedOpsCount: 1
AccumulatedOp: 0 35 0 4 5
ChildrenCount: 3
ChildIndices: 3 6 7
CompletedDBGraphIDsCount: 0
GraphStart
GraphDataStart
ID: 7
NumNodes: 61
NumEdges: 128
NodeLabels
2 2 2 2 2 3 4 4 4 4 4 4 4 4 4 4 4 4 4 4 4 4 4 4 4 4 4 4 4 4 4 4 5 5 5 5 5 5 5 5 5 5 5 5 5 5 5 5 5 5 5 5 5 5 5 5 5 5 5 5 5 
Edges
0 12 0
1 17 0
1 21 0
2 19 0
2 24 0
3 19 0
4 23 0
4 26 0
5 9 0
5 16 0
5 44 0
6 7 0
6 8 0
6 13 0
6 14 0
7 6 0
7 9 0
7 33 0
7 34 0
8 6 0
8 12 0
8 35 0
8 36 0
9 5 0
9 7 0
9 10 0
10 9 0
10 11 0
10 12 0
11 10 0
11 15 0
11 17 0
11 37 0
12 0 0
12 8 0
12 10 0
13 6 0
13 41 0
13 42 0
13 43 0
14 6 0
14 38 0
14 39 0
14 40 0
15 11 0
15 16 0
15 19 0
16 5 0
16 15 0
16 18 0
17 1 0
17 11 0
17 20 0
18 16 0
18 45 0
18 46 0
18 47 0
19 2 0
19 3 0
19 15 0
20 17 0
20 22 0
20 48 0
21 1 0
21 22 0
21 23 0
22 20 0
22 21 0
22 49 0
23 4 0
23 21 0
23 50 0
23 51 0
24 2 0
24 25 0
24 52 0
24 53 0
25 24 0
25 54 0
25 55 0
25 56 0
26 4 0
26 27 0
26 28 0
27 26 0
27 29 0
27 57 0
28 26 0
28 30 0
28 58 0
29 27 0
29 31 0
29 32 0
30 28 0
30 31 0
30 59 0
31 29 0
31 30 0
31 60 0
32 29 0
33 7 0
34 7 0
35 8 0
36 8 0
37 11 0
38 14 0
39 14 0
40 14 0
41 13 0
42 13 0
43 13 0
44 5 0
45 18 0
46 18 0
47 18 0
48 20 0
49 22 0
50 23 0
51 23 0
52 24 0
53 24 0
54 25 0
55 25 0
56 25 0
57 27 0
58 28 0
59 30 0
60 31 0
GraphDataEnd
GraphEnd
NodeEnd
NodeStart
EPTNodeID: 3
AnchorID: 4316
TreeNodeGraphID: 8
Level: 8
SimplifiedLevel: 0
EditOperation: 0 63 0 5 1
AccumulatedOpsCount: 1
AccumulatedOp: 0 63 0 5 1
ChildrenCount: 2
ChildIndices: 4 5
CompletedDBGraphIDsCount: 0
GraphStart
GraphDataStart
ID: 8
NumNodes: 61
NumEdges: 128
NodeLabels
2 2 2 2 2 3 4 4 4 4 4 4 4 4 4 4 4 4 4 4 4 4 4 4 4 4 4 4 4 4 4 4 5 5 5 5 5 5 5 5 5 5 5 5 5 5 5 5 5 5 5 5 5 5 5 5 5 5 5 5 1 
Edges
0 12 0
1 17 0
1 21 0
2 19 0
2 24 0
3 19 0
4 23 0
4 26 0
5 9 0
5 16 0
5 44 0
6 7 0
6 8 0
6 13 0
6 14 0
7 6 0
7 9 0
7 33 0
7 34 0
8 6 0
8 12 0
8 35 0
8 36 0
9 5 0
9 7 0
9 10 0
10 9 0
10 11 0
10 12 0
11 10 0
11 15 0
11 17 0
11 37 0
12 0 0
12 8 0
12 10 0
13 6 0
13 41 0
13 42 0
13 43 0
14 6 0
14 38 0
14 39 0
14 40 0
15 11 0
15 16 0
15 19 0
16 5 0
16 15 0
16 18 0
17 1 0
17 11 0
17 20 0
18 16 0
18 45 0
18 46 0
18 47 0
19 2 0
19 3 0
19 15 0
20 17 0
20 22 0
20 48 0
21 1 0
21 22 0
21 23 0
22 20 0
22 21 0
22 49 0
23 4 0
23 21 0
23 50 0
23 51 0
24 2 0
24 25 0
24 52 0
24 53 0
25 24 0
25 54 0
25 55 0
25 56 0
26 4 0
26 27 0
26 28 0
27 26 0
27 29 0
27 57 0
28 26 0
28 30 0
28 58 0
29 27 0
29 31 0
29 32 0
30 28 0
30 31 0
30 59 0
31 29 0
31 30 0
31 60 0
32 29 0
33 7 0
34 7 0
35 8 0
36 8 0
37 11 0
38 14 0
39 14 0
40 14 0
41 13 0
42 13 0
43 13 0
44 5 0
45 18 0
46 18 0
47 18 0
48 20 0
49 22 0
50 23 0
51 23 0
52 24 0
53 24 0
54 25 0
55 25 0
56 25 0
57 27 0
58 28 0
59 30 0
60 31 0
GraphDataEnd
GraphEnd
NodeEnd
NodeStart
EPTNodeID: 4
AnchorID: 4316
TreeNodeGraphID: 9
Level: 9
SimplifiedLevel: 0
EditOperation: 0 60 0 5 7
AccumulatedOpsCount: 1
AccumulatedOp: 0 60 0 5 7
ChildrenCount: 0
ChildIndices:
CompletedDBGraphIDsCount: 2
CompletedDBGraphID: 10016
CompletedDBGraphID: 7000
GraphStart
GraphDataStart
ID: 9
NumNodes: 61
NumEdges: 128
NodeLabels
2 2 2 2 2 3 4 4 4 4 4 4 4 4 4 4 4 4 4 4 4 4 4 4 4 4 4 4 4 4 4 4 5 5 5 5 5 5 5 5 5 5 5 5 5 5 5 5 5 5 5 5 5 5 5 5 5 7 5 5 1 
Edges
0 12 0
1 17 0
1 21 0
2 19 0
2 24 0
3 19 0
4 23 0
4 26 0
5 9 0
5 16 0
5 44 0
6 7 0
6 8 0
6 13 0
6 14 0
7 6 0
7 9 0
7 33 0
7 34 0
8 6 0
8 12 0
8 35 0
8 36 0
9 5 0
9 7 0
9 10 0
10 9 0
10 11 0
10 12 0
11 10 0
11 15 0
11 17 0
11 37 0
12 0 0
12 8 0
12 10 0
13 6 0
13 41 0
13 42 0
13 43 0
14 6 0
14 38 0
14 39 0
14 40 0
15 11 0
15 16 0
15 19 0
16 5 0
16 15 0
16 18 0
17 1 0
17 11 0
17 20 0
18 16 0
18 45 0
18 46 0
18 47 0
19 2 0
19 3 0
19 15 0
20 17 0
20 22 0
20 48 0
21 1 0
21 22 0
21 23 0
22 20 0
22 21 0
22 49 0
23 4 0
23 21 0
23 50 0
23 51 0
24 2 0
24 25 0
24 52 0
24 53 0
25 24 0
25 54 0
25 55 0
25 56 0
26 4 0
26 27 0
26 28 0
27 26 0
27 29 0
27 57 0
28 26 0
28 30 0
28 58 0
29 27 0
29 31 0
29 32 0
30 28 0
30 31 0
30 59 0
31 29 0
31 30 0
31 60 0
32 29 0
33 7 0
34 7 0
35 8 0
36 8 0
37 11 0
38 14 0
39 14 0
40 14 0
41 13 0
42 13 0
43 13 0
44 5 0
45 18 0
46 18 0
47 18 0
48 20 0
49 22 0
50 23 0
51 23 0
52 24 0
53 24 0
54 25 0
55 25 0
56 25 0
57 27 0
58 28 0
59 30 0
60 31 0
GraphDataEnd
GraphEnd
NodeEnd
NodeStart
EPTNodeID: 5
AnchorID: 4316
TreeNodeGraphID: 10
Level: 9
SimplifiedLevel: 0
EditOperation: 0 61 0 5 1
AccumulatedOpsCount: 1
AccumulatedOp: 0 61 0 5 1
ChildrenCount: 0
ChildIndices:
CompletedDBGraphIDsCount: 2
CompletedDBGraphID: 6825
CompletedDBGraphID: 900
GraphStart
GraphDataStart
ID: 10
NumNodes: 61
NumEdges: 128
NodeLabels
2 2 2 2 2 3 4 4 4 4 4 4 4 4 4 4 4 4 4 4 4 4 4 4 4 4 4 4 4 4 4 4 5 5 5 5 5 5 5 5 5 5 5 5 5 5 5 5 5 5 5 5 5 5 5 5 5 5 1 5 1 
Edges
0 12 0
1 17 0
1 21 0
2 19 0
2 24 0
3 19 0
4 23 0
4 26 0
5 9 0
5 16 0
5 44 0
6 7 0
6 8 0
6 13 0
6 14 0
7 6 0
7 9 0
7 33 0
7 34 0
8 6 0
8 12 0
8 35 0
8 36 0
9 5 0
9 7 0
9 10 0
10 9 0
10 11 0
10 12 0
11 10 0
11 15 0
11 17 0
11 37 0
12 0 0
12 8 0
12 10 0
13 6 0
13 41 0
13 42 0
13 43 0
14 6 0
14 38 0
14 39 0
14 40 0
15 11 0
15 16 0
15 19 0
16 5 0
16 15 0
16 18 0
17 1 0
17 11 0
17 20 0
18 16 0
18 45 0
18 46 0
18 47 0
19 2 0
19 3 0
19 15 0
20 17 0
20 22 0
20 48 0
21 1 0
21 22 0
21 23 0
22 20 0
22 21 0
22 49 0
23 4 0
23 21 0
23 50 0
23 51 0
24 2 0
24 25 0
24 52 0
24 53 0
25 24 0
25 54 0
25 55 0
25 56 0
26 4 0
26 27 0
26 28 0
27 26 0
27 29 0
27 57 0
28 26 0
28 30 0
28 58 0
29 27 0
29 31 0
29 32 0
30 28 0
30 31 0
30 59 0
31 29 0
31 30 0
31 60 0
32 29 0
33 7 0
34 7 0
35 8 0
36 8 0
37 11 0
38 14 0
39 14 0
40 14 0
41 13 0
42 13 0
43 13 0
44 5 0
45 18 0
46 18 0
47 18 0
48 20 0
49 22 0
50 23 0
51 23 0
52 24 0
53 24 0
54 25 0
55 25 0
56 25 0
57 27 0
58 28 0
59 30 0
60 31 0
GraphDataEnd
GraphEnd
NodeEnd
NodeStart
EPTNodeID: 6
AnchorID: 4316
TreeNodeGraphID: 11
Level: 8
SimplifiedLevel: 0
EditOperation: 0 60 0 5 8
AccumulatedOpsCount: 1
AccumulatedOp: 0 60 0 5 8
ChildrenCount: 0
ChildIndices:
CompletedDBGraphIDsCount: 2
CompletedDBGraphID: 20908
CompletedDBGraphID: 8571
GraphStart
GraphDataStart
ID: 11
NumNodes: 61
NumEdges: 128
NodeLabels
2 2 2 2 2 3 4 4 4 4 4 4 4 4 4 4 4 4 4 4 4 4 4 4 4 4 4 4 4 4 4 4 5 5 5 5 5 5 5 5 5 5 5 5 5 5 5 5 5 5 5 5 5 5 5 5 5 8 5 5 5 
Edges
0 12 0
1 17 0
1 21 0
2 19 0
2 24 0
3 19 0
4 23 0
4 26 0
5 9 0
5 16 0
5 44 0
6 7 0
6 8 0
6 13 0
6 14 0
7 6 0
7 9 0
7 33 0
7 34 0
8 6 0
8 12 0
8 35 0
8 36 0
9 5 0
9 7 0
9 10 0
10 9 0
10 11 0
10 12 0
11 10 0
11 15 0
11 17 0
11 37 0
12 0 0
12 8 0
12 10 0
13 6 0
13 41 0
13 42 0
13 43 0
14 6 0
14 38 0
14 39 0
14 40 0
15 11 0
15 16 0
15 19 0
16 5 0
16 15 0
16 18 0
17 1 0
17 11 0
17 20 0
18 16 0
18 45 0
18 46 0
18 47 0
19 2 0
19 3 0
19 15 0
20 17 0
20 22 0
20 48 0
21 1 0
21 22 0
21 23 0
22 20 0
22 21 0
22 49 0
23 4 0
23 21 0
23 50 0
23 51 0
24 2 0
24 25 0
24 52 0
24 53 0
25 24 0
25 54 0
25 55 0
25 56 0
26 4 0
26 27 0
26 28 0
27 26 0
27 29 0
27 57 0
28 26 0
28 30 0
28 58 0
29 27 0
29 31 0
29 32 0
30 28 0
30 31 0
30 59 0
31 29 0
31 30 0
31 60 0
32 29 0
33 7 0
34 7 0
35 8 0
36 8 0
37 11 0
38 14 0
39 14 0
40 14 0
41 13 0
42 13 0
43 13 0
44 5 0
45 18 0
46 18 0
47 18 0
48 20 0
49 22 0
50 23 0
51 23 0
52 24 0
53 24 0
54 25 0
55 25 0
56 25 0
57 27 0
58 28 0
59 30 0
60 31 0
GraphDataEnd
GraphEnd
NodeEnd
NodeStart
EPTNodeID: 7
AnchorID: 4316
TreeNodeGraphID: 12
Level: 8
SimplifiedLevel: 0
EditOperation: 0 63 0 5 8
AccumulatedOpsCount: 1
AccumulatedOp: 0 63 0 5 8
ChildrenCount: 0
ChildIndices:
CompletedDBGraphIDsCount: 1
CompletedDBGraphID: 12430
GraphStart
GraphDataStart
ID: 12
NumNodes: 61
NumEdges: 128
NodeLabels
2 2 2 2 2 3 4 4 4 4 4 4 4 4 4 4 4 4 4 4 4 4 4 4 4 4 4 4 4 4 4 4 5 5 5 5 5 5 5 5 5 5 5 5 5 5 5 5 5 5 5 5 5 5 5 5 5 5 5 5 8 
Edges
0 12 0
1 17 0
1 21 0
2 19 0
2 24 0
3 19 0
4 23 0
4 26 0
5 9 0
5 16 0
5 44 0
6 7 0
6 8 0
6 13 0
6 14 0
7 6 0
7 9 0
7 33 0
7 34 0
8 6 0
8 12 0
8 35 0
8 36 0
9 5 0
9 7 0
9 10 0
10 9 0
10 11 0
10 12 0
11 10 0
11 15 0
11 17 0
11 37 0
12 0 0
12 8 0
12 10 0
13 6 0
13 41 0
13 42 0
13 43 0
14 6 0
14 38 0
14 39 0
14 40 0
15 11 0
15 16 0
15 19 0
16 5 0
16 15 0
16 18 0
17 1 0
17 11 0
17 20 0
18 16 0
18 45 0
18 46 0
18 47 0
19 2 0
19 3 0
19 15 0
20 17 0
20 22 0
20 48 0
21 1 0
21 22 0
21 23 0
22 20 0
22 21 0
22 49 0
23 4 0
23 21 0
23 50 0
23 51 0
24 2 0
24 25 0
24 52 0
24 53 0
25 24 0
25 54 0
25 55 0
25 56 0
26 4 0
26 27 0
26 28 0
27 26 0
27 29 0
27 57 0
28 26 0
28 30 0
28 58 0
29 27 0
29 31 0
29 32 0
30 28 0
30 31 0
30 59 0
31 29 0
31 30 0
31 60 0
32 29 0
33 7 0
34 7 0
35 8 0
36 8 0
37 11 0
38 14 0
39 14 0
40 14 0
41 13 0
42 13 0
43 13 0
44 5 0
45 18 0
46 18 0
47 18 0
48 20 0
49 22 0
50 23 0
51 23 0
52 24 0
53 24 0
54 25 0
55 25 0
56 25 0
57 27 0
58 28 0
59 30 0
60 31 0
GraphDataEnd
GraphEnd
NodeEnd
NodeStart
EPTNodeID: 8
AnchorID: 4316
TreeNodeGraphID: 13
Level: 7
SimplifiedLevel: 0
EditOperation: 0 35 0 4 8
AccumulatedOpsCount: 1
AccumulatedOp: 0 35 0 4 8
ChildrenCount: 0
ChildIndices:
CompletedDBGraphIDsCount: 2
CompletedDBGraphID: 9958
CompletedDBGraphID: 10935
GraphStart
GraphDataStart
ID: 13
NumNodes: 61
NumEdges: 128
NodeLabels
2 2 2 2 2 3 4 4 4 4 4 4 4 4 4 4 4 4 4 4 4 4 4 4 4 4 4 4 4 4 4 4 8 5 5 5 5 5 5 5 5 5 5 5 5 5 5 5 5 5 5 5 5 5 5 5 5 5 5 5 5 
Edges
0 12 0
1 17 0
1 21 0
2 19 0
2 24 0
3 19 0
4 23 0
4 26 0
5 9 0
5 16 0
5 44 0
6 7 0
6 8 0
6 13 0
6 14 0
7 6 0
7 9 0
7 33 0
7 34 0
8 6 0
8 12 0
8 35 0
8 36 0
9 5 0
9 7 0
9 10 0
10 9 0
10 11 0
10 12 0
11 10 0
11 15 0
11 17 0
11 37 0
12 0 0
12 8 0
12 10 0
13 6 0
13 41 0
13 42 0
13 43 0
14 6 0
14 38 0
14 39 0
14 40 0
15 11 0
15 16 0
15 19 0
16 5 0
16 15 0
16 18 0
17 1 0
17 11 0
17 20 0
18 16 0
18 45 0
18 46 0
18 47 0
19 2 0
19 3 0
19 15 0
20 17 0
20 22 0
20 48 0
21 1 0
21 22 0
21 23 0
22 20 0
22 21 0
22 49 0
23 4 0
23 21 0
23 50 0
23 51 0
24 2 0
24 25 0
24 52 0
24 53 0
25 24 0
25 54 0
25 55 0
25 56 0
26 4 0
26 27 0
26 28 0
27 26 0
27 29 0
27 57 0
28 26 0
28 30 0
28 58 0
29 27 0
29 31 0
29 32 0
30 28 0
30 31 0
30 59 0
31 29 0
31 30 0
31 60 0
32 29 0
33 7 0
34 7 0
35 8 0
36 8 0
37 11 0
38 14 0
39 14 0
40 14 0
41 13 0
42 13 0
43 13 0
44 5 0
45 18 0
46 18 0
47 18 0
48 20 0
49 22 0
50 23 0
51 23 0
52 24 0
53 24 0
54 25 0
55 25 0
56 25 0
57 27 0
58 28 0
59 30 0
60 31 0
GraphDataEnd
GraphEnd
NodeEnd
NodeStart
EPTNodeID: 9
AnchorID: 4316
TreeNodeGraphID: 24
Level: 11
SimplifiedLevel: 0
EditOperation: 5 32 52 0 0
AccumulatedOpsCount: 11
AccumulatedOp: 0 63 0 5 1
AccumulatedOp: 0 0 0 1 5
AccumulatedOp: 4 25 52 0 0
AccumulatedOp: 0 1 0 1 5
AccumulatedOp: 0 2 0 1 5
AccumulatedOp: 0 4 0 2 6
AccumulatedOp: 5 25 26 0 0
AccumulatedOp: 5 24 35 0 0
AccumulatedOp: 4 24 26 0 0
AccumulatedOp: 4 32 35 0 0
AccumulatedOp: 5 32 52 0 0
ChildrenCount: 0
ChildIndices:
CompletedDBGraphIDsCount: 2
CompletedDBGraphID: 16616
CompletedDBGraphID: 19303
GraphStart
GraphDataStart
ID: 24
NumNodes: 64
NumEdges: 134
NodeLabels
5 5 5 2 6 2 2 2 3 4 4 4 4 4 4 4 4 4 4 4 4 4 4 4 4 4 4 4 4 4 4 4 4 4 4 4 5 5 5 5 5 5 5 5 5 5 5 5 5 5 5 5 5 5 5 5 5 5 5 5 5 5 5 1 
Edges
0 35 0
1 35 0
2 35 0
3 15 0
4 20 0
4 24 0
5 22 0
5 27 0
6 22 0
7 26 0
7 29 0
8 12 0
8 19 0
8 47 0
9 10 0
9 11 0
9 16 0
9 17 0
10 9 0
10 12 0
10 36 0
10 37 0
11 9 0
11 15 0
11 38 0
11 39 0
12 8 0
12 10 0
12 13 0
13 12 0
13 14 0
13 15 0
14 13 0
14 18 0
14 20 0
14 40 0
15 3 0
15 11 0
15 13 0
16 9 0
16 44 0
16 45 0
16 46 0
17 9 0
17 41 0
17 42 0
17 43 0
18 14 0
18 19 0
18 22 0
19 8 0
19 18 0
19 21 0
20 4 0
20 14 0
20 23 0
21 19 0
21 48 0
21 49 0
21 50 0
22 5 0
22 6 0
22 18 0
23 20 0
23 25 0
23 51 0
24 4 0
24 25 0
24 35 0
25 23 0
25 24 0
25 26 0
26 7 0
26 53 0
26 54 0
26 25 0
27 5 0
27 28 0
27 55 0
27 56 0
28 27 0
28 57 0
28 58 0
28 59 0
29 7 0
29 30 0
29 31 0
30 29 0
30 32 0
30 60 0
31 29 0
31 33 0
31 61 0
32 30 0
32 34 0
32 52 0
33 31 0
33 34 0
33 62 0
34 32 0
34 33 0
34 63 0
35 0 0
35 1 0
35 2 0
35 24 0
36 10 0
37 10 0
38 11 0
39 11 0
40 14 0
41 17 0
42 17 0
43 17 0
44 16 0
45 16 0
46 16 0
47 8 0
48 21 0
49 21 0
50 21 0
51 23 0
52 32 0
53 26 0
54 26 0
55 27 0
56 27 0
57 28 0
58 28 0
59 28 0
60 30 0
61 31 0
62 33 0
63 34 0
GraphDataEnd
GraphEnd
NodeEnd
NodeStart
EPTNodeID: 10
AnchorID: 4316
TreeNodeGraphID: 28
Level: 4
SimplifiedLevel: 0
EditOperation: 0 2 0 1 5
AccumulatedOpsCount: 4
AccumulatedOp: 0 0 0 1 5
AccumulatedOp: 0 63 0 5 7
AccumulatedOp: 0 1 0 1 5
AccumulatedOp: 0 2 0 1 5
ChildrenCount: 0
ChildIndices:
CompletedDBGraphIDsCount: 1
CompletedDBGraphID: 4933
GraphStart
GraphDataStart
ID: 28
NumNodes: 64
NumEdges: 134
NodeLabels
5 5 5 2 2 2 2 2 3 4 4 4 4 4 4 4 4 4 4 4 4 4 4 4 4 4 4 4 4 4 4 4 4 4 4 4 5 5 5 5 5 5 5 5 5 5 5 5 5 5 5 5 5 5 5 5 5 5 5 5 5 5 5 7 
Edges
0 35 0
1 35 0
2 35 0
3 15 0
4 20 0
4 24 0
5 22 0
5 27 0
6 22 0
7 26 0
7 29 0
8 12 0
8 19 0
8 47 0
9 10 0
9 11 0
9 16 0
9 17 0
10 9 0
10 12 0
10 36 0
10 37 0
11 9 0
11 15 0
11 38 0
11 39 0
12 8 0
12 10 0
12 13 0
13 12 0
13 14 0
13 15 0
14 13 0
14 18 0
14 20 0
14 40 0
15 3 0
15 11 0
15 13 0
16 9 0
16 44 0
16 45 0
16 46 0
17 9 0
17 41 0
17 42 0
17 43 0
18 14 0
18 19 0
18 22 0
19 8 0
19 18 0
19 21 0
20 4 0
20 14 0
20 23 0
21 19 0
21 48 0
21 49 0
21 50 0
22 5 0
22 6 0
22 18 0
23 20 0
23 25 0
23 51 0
24 4 0
24 25 0
24 26 0
25 23 0
25 24 0
25 52 0
26 7 0
26 24 0
26 53 0
26 54 0
27 5 0
27 28 0
27 55 0
27 56 0
28 27 0
28 57 0
28 58 0
28 59 0
29 7 0
29 30 0
29 31 0
30 29 0
30 32 0
30 60 0
31 29 0
31 33 0
31 61 0
32 30 0
32 34 0
32 35 0
33 31 0
33 34 0
33 62 0
34 32 0
34 33 0
34 63 0
35 0 0
35 1 0
35 2 0
35 32 0
36 10 0
37 10 0
38 11 0
39 11 0
40 14 0
41 17 0
42 17 0
43 17 0
44 16 0
45 16 0
46 16 0
47 8 0
48 21 0
49 21 0
50 21 0
51 23 0
52 25 0
53 26 0
54 26 0
55 27 0
56 27 0
57 28 0
58 28 0
59 28 0
60 30 0
61 31 0
62 33 0
63 34 0
GraphDataEnd
GraphEnd
NodeEnd
END_EPT
