BEGIN_EPT
AnchorID: 6282  # ID of the anchor node
RootIndex: 0  # Index of the root node in tree_nodes
NodeCount: 10  # Total number of nodes in the EPT
NodeStart
EPTNodeID: 0
AnchorID: 6282
TreeNodeGraphID: 0
Level: 0
SimplifiedLevel: 0
EditOperation: -1 0 -1 0 0
AccumulatedOpsCount: 0
ChildrenCount: 2
ChildIndices: 1 9
CompletedDBGraphIDsCount: 1
CompletedDBGraphID: 21281
GraphStart
GraphDataStart
ID: 0
NumNodes: 64
NumEdges: 134
NodeLabels
2 2 2 2 3 4 4 4 4 4 4 4 4 4 4 4 4 4 4 4 4 4 4 4 4 4 4 4 4 4 4 5 5 5 5 5 5 5 5 5 5 5 5 5 5 5 5 5 5 5 5 5 5 5 5 5 5 5 5 5 5 5 5 5 
Edges
0 15 0
0 22 0
1 11 0
2 22 0
3 28 0
3 29 0
4 8 0
4 18 0
4 47 0
5 6 0
5 7 0
5 12 0
5 13 0
6 5 0
6 8 0
6 31 0
6 32 0
7 5 0
7 11 0
7 33 0
7 34 0
8 4 0
8 6 0
8 9 0
9 8 0
9 10 0
9 11 0
10 9 0
10 14 0
10 21 0
10 35 0
11 1 0
11 7 0
11 9 0
12 5 0
12 36 0
12 37 0
12 38 0
13 5 0
13 39 0
13 40 0
13 41 0
14 10 0
14 18 0
14 22 0
15 0 0
15 16 0
15 17 0
15 42 0
16 15 0
16 19 0
16 43 0
16 44 0
17 15 0
17 20 0
17 45 0
17 46 0
18 4 0
18 14 0
18 23 0
19 16 0
19 20 0
19 48 0
19 49 0
20 17 0
20 19 0
20 50 0
20 51 0
21 10 0
21 24 0
21 25 0
22 0 0
22 2 0
22 14 0
23 18 0
23 52 0
23 53 0
23 54 0
24 21 0
24 26 0
24 55 0
25 21 0
25 27 0
25 56 0
26 24 0
26 28 0
26 57 0
27 25 0
27 28 0
27 58 0
28 3 0
28 26 0
28 27 0
29 3 0
29 30 0
29 59 0
29 60 0
30 29 0
30 61 0
30 62 0
30 63 0
31 6 0
32 6 0
33 7 0
34 7 0
35 10 0
36 12 0
37 12 0
38 12 0
39 13 0
40 13 0
41 13 0
42 15 0
43 16 0
44 16 0
45 17 0
46 17 0
47 4 0
48 19 0
49 19 0
50 20 0
51 20 0
52 23 0
53 23 0
54 23 0
55 24 0
56 25 0
57 26 0
58 27 0
59 29 0
60 29 0
61 30 0
62 30 0
63 30 0
GraphDataEnd
GraphEnd
NodeEnd
NodeStart
EPTNodeID: 1
AnchorID: 6282
TreeNodeGraphID: 1
Level: 1
SimplifiedLevel: 0
EditOperation: 4 29 30 0 0
AccumulatedOpsCount: 1
AccumulatedOp: 4 29 30 0 0
ChildrenCount: 3
ChildIndices: 2 7 8
CompletedDBGraphIDsCount: 0
GraphStart
GraphDataStart
ID: 1
NumNodes: 64
NumEdges: 132
NodeLabels
2 2 2 2 3 4 4 4 4 4 4 4 4 4 4 4 4 4 4 4 4 4 4 4 4 4 4 4 4 4 4 5 5 5 5 5 5 5 5 5 5 5 5 5 5 5 5 5 5 5 5 5 5 5 5 5 5 5 5 5 5 5 5 5 
Edges
0 15 0
0 22 0
1 11 0
2 22 0
3 28 0
3 29 0
4 8 0
4 18 0
4 47 0
5 6 0
5 7 0
5 12 0
5 13 0
6 5 0
6 8 0
6 31 0
6 32 0
7 5 0
7 11 0
7 33 0
7 34 0
8 4 0
8 6 0
8 9 0
9 8 0
9 10 0
9 11 0
10 9 0
10 14 0
10 21 0
10 35 0
11 1 0
11 7 0
11 9 0
12 5 0
12 36 0
12 37 0
12 38 0
13 5 0
13 39 0
13 40 0
13 41 0
14 10 0
14 18 0
14 22 0
15 0 0
15 16 0
15 17 0
15 42 0
16 15 0
16 19 0
16 43 0
16 44 0
17 15 0
17 20 0
17 45 0
17 46 0
18 4 0
18 14 0
18 23 0
19 16 0
19 20 0
19 48 0
19 49 0
20 17 0
20 19 0
20 50 0
20 51 0
21 10 0
21 24 0
21 25 0
22 0 0
22 2 0
22 14 0
23 18 0
23 52 0
23 53 0
23 54 0
24 21 0
24 26 0
24 55 0
25 21 0
25 27 0
25 56 0
26 24 0
26 28 0
26 57 0
27 25 0
27 28 0
27 58 0
28 3 0
28 26 0
28 27 0
29 3 0
29 59 0
29 60 0
30 61 0
30 62 0
30 63 0
31 6 0
32 6 0
33 7 0
34 7 0
35 10 0
36 12 0
37 12 0
38 12 0
39 13 0
40 13 0
41 13 0
42 15 0
43 16 0
44 16 0
45 17 0
46 17 0
47 4 0
48 19 0
49 19 0
50 20 0
51 20 0
52 23 0
53 23 0
54 23 0
55 24 0
56 25 0
57 26 0
58 27 0
59 29 0
60 29 0
61 30 0
62 30 0
63 30 0
GraphDataEnd
GraphEnd
NodeEnd
NodeStart
EPTNodeID: 2
AnchorID: 6282
TreeNodeGraphID: 2
Level: 2
SimplifiedLevel: 0
EditOperation: 4 19 20 0 0
AccumulatedOpsCount: 1
AccumulatedOp: 4 19 20 0 0
ChildrenCount: 2
ChildIndices: 3 6
CompletedDBGraphIDsCount: 0
GraphStart
GraphDataStart
ID: 2
NumNodes: 64
NumEdges: 130
NodeLabels
2 2 2 2 3 4 4 4 4 4 4 4 4 4 4 4 4 4 4 4 4 4 4 4 4 4 4 4 4 4 4 5 5 5 5 5 5 5 5 5 5 5 5 5 5 5 5 5 5 5 5 5 5 5 5 5 5 5 5 5 5 5 5 5 
Edges
0 15 0
0 22 0
1 11 0
2 22 0
3 28 0
3 29 0
4 8 0
4 18 0
4 47 0
5 6 0
5 7 0
5 12 0
5 13 0
6 5 0
6 8 0
6 31 0
6 32 0
7 5 0
7 11 0
7 33 0
7 34 0
8 4 0
8 6 0
8 9 0
9 8 0
9 10 0
9 11 0
10 9 0
10 14 0
10 21 0
10 35 0
11 1 0
11 7 0
11 9 0
12 5 0
12 36 0
12 37 0
12 38 0
13 5 0
13 39 0
13 40 0
13 41 0
14 10 0
14 18 0
14 22 0
15 0 0
15 16 0
15 17 0
15 42 0
16 15 0
16 19 0
16 43 0
16 44 0
17 15 0
17 20 0
17 45 0
17 46 0
18 4 0
18 14 0
18 23 0
19 16 0
19 48 0
19 49 0
20 17 0
20 50 0
20 51 0
21 10 0
21 24 0
21 25 0
22 0 0
22 2 0
22 14 0
23 18 0
23 52 0
23 53 0
23 54 0
24 21 0
24 26 0
24 55 0
25 21 0
25 27 0
25 56 0
26 24 0
26 28 0
26 57 0
27 25 0
27 28 0
27 58 0
28 3 0
28 26 0
28 27 0
29 3 0
29 59 0
29 60 0
30 61 0
30 62 0
30 63 0
31 6 0
32 6 0
33 7 0
34 7 0
35 10 0
36 12 0
37 12 0
38 12 0
39 13 0
40 13 0
41 13 0
42 15 0
43 16 0
44 16 0
45 17 0
46 17 0
47 4 0
48 19 0
49 19 0
50 20 0
51 20 0
52 23 0
53 23 0
54 23 0
55 24 0
56 25 0
57 26 0
58 27 0
59 29 0
60 29 0
61 30 0
62 30 0
63 30 0
GraphDataEnd
GraphEnd
NodeEnd
NodeStart
EPTNodeID: 3
AnchorID: 6282
TreeNodeGraphID: 5
Level: 5
SimplifiedLevel: 0
EditOperation: 5 20 29 0 0
AccumulatedOpsCount: 3
AccumulatedOp: 4 3 29 0 0
AccumulatedOp: 5 19 29 0 0
AccumulatedOp: 5 20 29 0 0
ChildrenCount: 2
ChildIndices: 4 5
CompletedDBGraphIDsCount: 0
GraphStart
GraphDataStart
ID: 5
NumNodes: 64
NumEdges: 132
NodeLabels
2 2 2 2 3 4 4 4 4 4 4 4 4 4 4 4 4 4 4 4 4 4 4 4 4 4 4 4 4 4 4 5 5 5 5 5 5 5 5 5 5 5 5 5 5 5 5 5 5 5 5 5 5 5 5 5 5 5 5 5 5 5 5 5 
Edges
0 15 0
0 22 0
1 11 0
2 22 0
3 28 0
4 8 0
4 18 0
4 47 0
5 6 0
5 7 0
5 12 0
5 13 0
6 5 0
6 8 0
6 31 0
6 32 0
7 5 0
7 11 0
7 33 0
7 34 0
8 4 0
8 6 0
8 9 0
9 8 0
9 10 0
9 11 0
10 9 0
10 14 0
10 21 0
10 35 0
11 1 0
11 7 0
11 9 0
12 5 0
12 36 0
12 37 0
12 38 0
13 5 0
13 39 0
13 40 0
13 41 0
14 10 0
14 18 0
14 22 0
15 0 0
15 16 0
15 17 0
15 42 0
16 15 0
16 19 0
16 43 0
16 44 0
17 15 0
17 20 0
17 45 0
17 46 0
18 4 0
18 14 0
18 23 0
19 16 0
19 48 0
19 49 0
19 29 0
20 17 0
20 50 0
20 51 0
20 29 0
21 10 0
21 24 0
21 25 0
22 0 0
22 2 0
22 14 0
23 18 0
23 52 0
23 53 0
23 54 0
24 21 0
24 26 0
24 55 0
25 21 0
25 27 0
25 56 0
26 24 0
26 28 0
26 57 0
27 25 0
27 28 0
27 58 0
28 3 0
28 26 0
28 27 0
29 59 0
29 60 0
29 19 0
29 20 0
30 61 0
30 62 0
30 63 0
31 6 0
32 6 0
33 7 0
34 7 0
35 10 0
36 12 0
37 12 0
38 12 0
39 13 0
40 13 0
41 13 0
42 15 0
43 16 0
44 16 0
45 17 0
46 17 0
47 4 0
48 19 0
49 19 0
50 20 0
51 20 0
52 23 0
53 23 0
54 23 0
55 24 0
56 25 0
57 26 0
58 27 0
59 29 0
60 29 0
61 30 0
62 30 0
63 30 0
GraphDataEnd
GraphEnd
NodeEnd
NodeStart
EPTNodeID: 4
AnchorID: 6282
TreeNodeGraphID: 8
Level: 8
SimplifiedLevel: 0
EditOperation: 0 58 0 5 2
AccumulatedOpsCount: 3
AccumulatedOp: 5 30 58 0 0
AccumulatedOp: 0 3 0 2 5
AccumulatedOp: 0 58 0 5 2
ChildrenCount: 0
ChildIndices:
CompletedDBGraphIDsCount: 2
CompletedDBGraphID: 18028
CompletedDBGraphID: 21228
GraphStart
GraphDataStart
ID: 8
NumNodes: 64
NumEdges: 134
NodeLabels
2 2 2 5 3 4 4 4 4 4 4 4 4 4 4 4 4 4 4 4 4 4 4 4 4 4 4 4 4 4 4 5 5 5 5 5 5 5 5 5 5 5 5 5 5 5 5 5 5 5 5 5 5 5 5 5 5 5 2 5 5 5 5 5 
Edges
0 15 0
0 22 0
1 11 0
2 22 0
3 28 0
4 8 0
4 18 0
4 47 0
5 6 0
5 7 0
5 12 0
5 13 0
6 5 0
6 8 0
6 31 0
6 32 0
7 5 0
7 11 0
7 33 0
7 34 0
8 4 0
8 6 0
8 9 0
9 8 0
9 10 0
9 11 0
10 9 0
10 14 0
10 21 0
10 35 0
11 1 0
11 7 0
11 9 0
12 5 0
12 36 0
12 37 0
12 38 0
13 5 0
13 39 0
13 40 0
13 41 0
14 10 0
14 18 0
14 22 0
15 0 0
15 16 0
15 17 0
15 42 0
16 15 0
16 19 0
16 43 0
16 44 0
17 15 0
17 20 0
17 45 0
17 46 0
18 4 0
18 14 0
18 23 0
19 16 0
19 48 0
19 49 0
19 29 0
20 17 0
20 50 0
20 51 0
20 29 0
21 10 0
21 24 0
21 25 0
22 0 0
22 2 0
22 14 0
23 18 0
23 52 0
23 53 0
23 54 0
24 21 0
24 26 0
24 55 0
25 21 0
25 27 0
25 56 0
26 24 0
26 28 0
26 57 0
27 25 0
27 28 0
27 58 0
28 3 0
28 26 0
28 27 0
29 59 0
29 60 0
29 19 0
29 20 0
30 61 0
30 62 0
30 63 0
30 58 0
31 6 0
32 6 0
33 7 0
34 7 0
35 10 0
36 12 0
37 12 0
38 12 0
39 13 0
40 13 0
41 13 0
42 15 0
43 16 0
44 16 0
45 17 0
46 17 0
47 4 0
48 19 0
49 19 0
50 20 0
51 20 0
52 23 0
53 23 0
54 23 0
55 24 0
56 25 0
57 26 0
58 27 0
58 30 0
59 29 0
60 29 0
61 30 0
62 30 0
63 30 0
GraphDataEnd
GraphEnd
NodeEnd
NodeStart
EPTNodeID: 5
AnchorID: 6282
TreeNodeGraphID: 11
Level: 8
SimplifiedLevel: 0
EditOperation: 5 28 30 0 0
AccumulatedOpsCount: 3
AccumulatedOp: 4 3 28 0 0
AccumulatedOp: 1 3 0 2 0
AccumulatedOp: 5 28 30 0 0
ChildrenCount: 0
ChildIndices:
CompletedDBGraphIDsCount: 2
CompletedDBGraphID: 9608
CompletedDBGraphID: 2996
GraphStart
GraphDataStart
ID: 11
NumNodes: 63
NumEdges: 132
NodeLabels
2 2 2 3 4 4 4 4 4 4 4 4 4 4 4 4 4 4 4 4 4 4 4 4 4 4 4 4 4 4 5 5 5 5 5 5 5 5 5 5 5 5 5 5 5 5 5 5 5 5 5 5 5 5 5 5 5 5 5 5 5 5 5 
Edges
0 14 0
0 21 0
1 10 0
2 21 0
3 7 0
3 17 0
3 46 0
4 5 0
4 6 0
4 11 0
4 12 0
5 4 0
5 7 0
5 30 0
5 31 0
6 4 0
6 10 0
6 32 0
6 33 0
7 3 0
7 5 0
7 8 0
8 7 0
8 9 0
8 10 0
9 8 0
9 13 0
9 20 0
9 34 0
10 1 0
10 6 0
10 8 0
11 4 0
11 35 0
11 36 0
11 37 0
12 4 0
12 38 0
12 39 0
12 40 0
13 9 0
13 17 0
13 21 0
14 0 0
14 15 0
14 16 0
14 41 0
15 14 0
15 18 0
15 42 0
15 43 0
16 14 0
16 19 0
16 44 0
16 45 0
17 3 0
17 13 0
17 22 0
18 15 0
18 47 0
18 48 0
18 28 0
19 16 0
19 49 0
19 50 0
19 28 0
20 9 0
20 23 0
20 24 0
21 0 0
21 2 0
21 13 0
22 17 0
22 51 0
22 52 0
22 53 0
23 20 0
23 25 0
23 54 0
24 20 0
24 26 0
24 55 0
25 23 0
25 27 0
25 56 0
26 24 0
26 27 0
26 57 0
27 25 0
27 26 0
27 29 0
28 58 0
28 59 0
28 18 0
28 19 0
29 60 0
29 61 0
29 62 0
29 27 0
30 5 0
31 5 0
32 6 0
33 6 0
34 9 0
35 11 0
36 11 0
37 11 0
38 12 0
39 12 0
40 12 0
41 14 0
42 15 0
43 15 0
44 16 0
45 16 0
46 3 0
47 18 0
48 18 0
49 19 0
50 19 0
51 22 0
52 22 0
53 22 0
54 23 0
55 24 0
56 25 0
57 26 0
58 28 0
59 28 0
60 29 0
61 29 0
62 29 0
GraphDataEnd
GraphEnd
NodeEnd
NodeStart
EPTNodeID: 6
AnchorID: 6282
TreeNodeGraphID: 15
Level: 6
SimplifiedLevel: 0
EditOperation: 5 19 30 0 0
AccumulatedOpsCount: 4
AccumulatedOp: 5 20 30 0 0
AccumulatedOp: 5 29 63 0 0
AccumulatedOp: 4 30 63 0 0
AccumulatedOp: 5 19 30 0 0
ChildrenCount: 0
ChildIndices:
CompletedDBGraphIDsCount: 2
CompletedDBGraphID: 8121
CompletedDBGraphID: 2032
GraphStart
GraphDataStart
ID: 15
NumNodes: 64
NumEdges: 134
NodeLabels
2 2 2 2 3 4 4 4 4 4 4 4 4 4 4 4 4 4 4 4 4 4 4 4 4 4 4 4 4 4 4 5 5 5 5 5 5 5 5 5 5 5 5 5 5 5 5 5 5 5 5 5 5 5 5 5 5 5 5 5 5 5 5 5 
Edges
0 15 0
0 22 0
1 11 0
2 22 0
3 28 0
3 29 0
4 8 0
4 18 0
4 47 0
5 6 0
5 7 0
5 12 0
5 13 0
6 5 0
6 8 0
6 31 0
6 32 0
7 5 0
7 11 0
7 33 0
7 34 0
8 4 0
8 6 0
8 9 0
9 8 0
9 10 0
9 11 0
10 9 0
10 14 0
10 21 0
10 35 0
11 1 0
11 7 0
11 9 0
12 5 0
12 36 0
12 37 0
12 38 0
13 5 0
13 39 0
13 40 0
13 41 0
14 10 0
14 18 0
14 22 0
15 0 0
15 16 0
15 17 0
15 42 0
16 15 0
16 19 0
16 43 0
16 44 0
17 15 0
17 20 0
17 45 0
17 46 0
18 4 0
18 14 0
18 23 0
19 16 0
19 48 0
19 49 0
19 30 0
20 17 0
20 50 0
20 51 0
20 30 0
21 10 0
21 24 0
21 25 0
22 0 0
22 2 0
22 14 0
23 18 0
23 52 0
23 53 0
23 54 0
24 21 0
24 26 0
24 55 0
25 21 0
25 27 0
25 56 0
26 24 0
26 28 0
26 57 0
27 25 0
27 28 0
27 58 0
28 3 0
28 26 0
28 27 0
29 3 0
29 59 0
29 60 0
29 63 0
30 61 0
30 62 0
30 20 0
30 19 0
31 6 0
32 6 0
33 7 0
34 7 0
35 10 0
36 12 0
37 12 0
38 12 0
39 13 0
40 13 0
41 13 0
42 15 0
43 16 0
44 16 0
45 17 0
46 17 0
47 4 0
48 19 0
49 19 0
50 20 0
51 20 0
52 23 0
53 23 0
54 23 0
55 24 0
56 25 0
57 26 0
58 27 0
59 29 0
60 29 0
61 30 0
62 30 0
63 29 0
GraphDataEnd
GraphEnd
NodeEnd
NodeStart
EPTNodeID: 7
AnchorID: 6282
TreeNodeGraphID: 19
Level: 5
SimplifiedLevel: 0
EditOperation: 5 3 30 0 0
AccumulatedOpsCount: 4
AccumulatedOp: 0 3 0 2 3
AccumulatedOp: 2 64 0 0 5
AccumulatedOp: 5 29 64 0 0
AccumulatedOp: 5 3 30 0 0
ChildrenCount: 0
ChildIndices:
CompletedDBGraphIDsCount: 2
CompletedDBGraphID: 18664
CompletedDBGraphID: 2188
GraphStart
GraphDataStart
ID: 19
NumNodes: 65
NumEdges: 136
NodeLabels
2 2 2 3 3 4 4 4 4 4 4 4 4 4 4 4 4 4 4 4 4 4 4 4 4 4 4 4 4 4 4 5 5 5 5 5 5 5 5 5 5 5 5 5 5 5 5 5 5 5 5 5 5 5 5 5 5 5 5 5 5 5 5 5 5 
Edges
0 15 0
0 22 0
1 11 0
2 22 0
3 28 0
3 29 0
3 30 0
4 8 0
4 18 0
4 47 0
5 6 0
5 7 0
5 12 0
5 13 0
6 5 0
6 8 0
6 31 0
6 32 0
7 5 0
7 11 0
7 33 0
7 34 0
8 4 0
8 6 0
8 9 0
9 8 0
9 10 0
9 11 0
10 9 0
10 14 0
10 21 0
10 35 0
11 1 0
11 7 0
11 9 0
12 5 0
12 36 0
12 37 0
12 38 0
13 5 0
13 39 0
13 40 0
13 41 0
14 10 0
14 18 0
14 22 0
15 0 0
15 16 0
15 17 0
15 42 0
16 15 0
16 19 0
16 43 0
16 44 0
17 15 0
17 20 0
17 45 0
17 46 0
18 4 0
18 14 0
18 23 0
19 16 0
19 20 0
19 48 0
19 49 0
20 17 0
20 19 0
20 50 0
20 51 0
21 10 0
21 24 0
21 25 0
22 0 0
22 2 0
22 14 0
23 18 0
23 52 0
23 53 0
23 54 0
24 21 0
24 26 0
24 55 0
25 21 0
25 27 0
25 56 0
26 24 0
26 28 0
26 57 0
27 25 0
27 28 0
27 58 0
28 3 0
28 26 0
28 27 0
29 3 0
29 59 0
29 60 0
29 64 0
30 61 0
30 62 0
30 63 0
30 3 0
31 6 0
32 6 0
33 7 0
34 7 0
35 10 0
36 12 0
37 12 0
38 12 0
39 13 0
40 13 0
41 13 0
42 15 0
43 16 0
44 16 0
45 17 0
46 17 0
47 4 0
48 19 0
49 19 0
50 20 0
51 20 0
52 23 0
53 23 0
54 23 0
55 24 0
56 25 0
57 26 0
58 27 0
59 29 0
60 29 0
61 30 0
62 30 0
63 30 0
64 29 0
GraphDataEnd
GraphEnd
NodeEnd
NodeStart
EPTNodeID: 8
AnchorID: 6282
TreeNodeGraphID: 27
Level: 9
SimplifiedLevel: 0
EditOperation: 1 60 0 5 0
AccumulatedOpsCount: 8
AccumulatedOp: 4 29 59 0 0
AccumulatedOp: 0 29 0 4 5
AccumulatedOp: 0 57 0 5 2
AccumulatedOp: 5 30 57 0 0
AccumulatedOp: 0 58 0 5 8
AccumulatedOp: 1 59 0 5 0
AccumulatedOp: 4 29 60 0 0
AccumulatedOp: 1 60 0 5 0
ChildrenCount: 0
ChildIndices:
CompletedDBGraphIDsCount: 2
CompletedDBGraphID: 12444
CompletedDBGraphID: 3741
GraphStart
GraphDataStart
ID: 27
NumNodes: 62
NumEdges: 130
NodeLabels
2 2 2 2 3 4 4 4 4 4 4 4 4 4 4 4 4 4 4 4 4 4 4 4 4 4 4 4 4 5 4 5 5 5 5 5 5 5 5 5 5 5 5 5 5 5 5 5 5 5 5 5 5 5 5 5 5 2 8 5 5 5 
Edges
0 15 0
0 22 0
1 11 0
2 22 0
3 28 0
3 29 0
4 8 0
4 18 0
4 47 0
5 6 0
5 7 0
5 12 0
5 13 0
6 5 0
6 8 0
6 31 0
6 32 0
7 5 0
7 11 0
7 33 0
7 34 0
8 4 0
8 6 0
8 9 0
9 8 0
9 10 0
9 11 0
10 9 0
10 14 0
10 21 0
10 35 0
11 1 0
11 7 0
11 9 0
12 5 0
12 36 0
12 37 0
12 38 0
13 5 0
13 39 0
13 40 0
13 41 0
14 10 0
14 18 0
14 22 0
15 0 0
15 16 0
15 17 0
15 42 0
16 15 0
16 19 0
16 43 0
16 44 0
17 15 0
17 20 0
17 45 0
17 46 0
18 4 0
18 14 0
18 23 0
19 16 0
19 20 0
19 48 0
19 49 0
20 17 0
20 19 0
20 50 0
20 51 0
21 10 0
21 24 0
21 25 0
22 0 0
22 2 0
22 14 0
23 18 0
23 52 0
23 53 0
23 54 0
24 21 0
24 26 0
24 55 0
25 21 0
25 27 0
25 56 0
26 24 0
26 28 0
26 57 0
27 25 0
27 28 0
27 58 0
28 3 0
28 26 0
28 27 0
29 3 0
30 59 0
30 60 0
30 61 0
30 57 0
31 6 0
32 6 0
33 7 0
34 7 0
35 10 0
36 12 0
37 12 0
38 12 0
39 13 0
40 13 0
41 13 0
42 15 0
43 16 0
44 16 0
45 17 0
46 17 0
47 4 0
48 19 0
49 19 0
50 20 0
51 20 0
52 23 0
53 23 0
54 23 0
55 24 0
56 25 0
57 26 0
57 30 0
58 27 0
59 30 0
60 30 0
61 30 0
GraphDataEnd
GraphEnd
NodeEnd
NodeStart
EPTNodeID: 9
AnchorID: 6282
TreeNodeGraphID: 31
Level: 4
SimplifiedLevel: 0
EditOperation: 5 28 29 0 0
AccumulatedOpsCount: 4
AccumulatedOp: 4 3 29 0 0
AccumulatedOp: 4 3 28 0 0
AccumulatedOp: 1 3 0 2 0
AccumulatedOp: 5 28 29 0 0
ChildrenCount: 0
ChildIndices:
CompletedDBGraphIDsCount: 2
CompletedDBGraphID: 7497
CompletedDBGraphID: 22310
GraphStart
GraphDataStart
ID: 31
NumNodes: 63
NumEdges: 132
NodeLabels
2 2 2 3 4 4 4 4 4 4 4 4 4 4 4 4 4 4 4 4 4 4 4 4 4 4 4 4 4 4 5 5 5 5 5 5 5 5 5 5 5 5 5 5 5 5 5 5 5 5 5 5 5 5 5 5 5 5 5 5 5 5 5 
Edges
0 14 0
0 21 0
1 10 0
2 21 0
3 7 0
3 17 0
3 46 0
4 5 0
4 6 0
4 11 0
4 12 0
5 4 0
5 7 0
5 30 0
5 31 0
6 4 0
6 10 0
6 32 0
6 33 0
7 3 0
7 5 0
7 8 0
8 7 0
8 9 0
8 10 0
9 8 0
9 13 0
9 20 0
9 34 0
10 1 0
10 6 0
10 8 0
11 4 0
11 35 0
11 36 0
11 37 0
12 4 0
12 38 0
12 39 0
12 40 0
13 9 0
13 17 0
13 21 0
14 0 0
14 15 0
14 16 0
14 41 0
15 14 0
15 18 0
15 42 0
15 43 0
16 14 0
16 19 0
16 44 0
16 45 0
17 3 0
17 13 0
17 22 0
18 15 0
18 19 0
18 47 0
18 48 0
19 16 0
19 18 0
19 49 0
19 50 0
20 9 0
20 23 0
20 24 0
21 0 0
21 2 0
21 13 0
22 17 0
22 51 0
22 52 0
22 53 0
23 20 0
23 25 0
23 54 0
24 20 0
24 26 0
24 55 0
25 23 0
25 27 0
25 56 0
26 24 0
26 27 0
26 57 0
27 25 0
27 26 0
27 28 0
28 29 0
28 58 0
28 59 0
28 27 0
29 28 0
29 60 0
29 61 0
29 62 0
30 5 0
31 5 0
32 6 0
33 6 0
34 9 0
35 11 0
36 11 0
37 11 0
38 12 0
39 12 0
40 12 0
41 14 0
42 15 0
43 15 0
44 16 0
45 16 0
46 3 0
47 18 0
48 18 0
49 19 0
50 19 0
51 22 0
52 22 0
53 22 0
54 23 0
55 24 0
56 25 0
57 26 0
58 28 0
59 28 0
60 29 0
61 29 0
62 29 0
GraphDataEnd
GraphEnd
NodeEnd
END_EPT
