BEGIN_EPT
AnchorID: 17383  # ID of the anchor node
RootIndex: 0  # Index of the root node in tree_nodes
NodeCount: 19  # Total number of nodes in the EPT
NodeStart
EPTNodeID: 0
AnchorID: 17383
TreeNodeGraphID: 0
Level: 0
SimplifiedLevel: 0
EditOperation: -1 0 -1 0 0
AccumulatedOpsCount: 0
ChildrenCount: 3
ChildIndices: 1 17 18
CompletedDBGraphIDsCount: 3
CompletedDBGraphID: 2528
CompletedDBGraphID: 1108
CompletedDBGraphID: 4197
GraphStart
GraphDataStart
ID: 0
NumNodes: 73
NumEdges: 152
NodeLabels
2 2 2 2 2 2 2 3 4 4 4 4 4 4 4 4 4 4 4 4 4 4 4 4 4 4 4 4 4 4 4 4 4 4 4 4 4 4 5 5 5 5 5 5 5 5 5 5 5 5 5 5 5 5 5 5 5 5 5 5 5 5 5 5 5 5 5 5 5 5 5 5 5 
Edges
0 14 0
1 21 0
1 31 0
2 21 0
3 25 0
3 35 0
4 28 0
4 36 0
5 27 0
5 63 0
6 30 0
6 37 0
7 11 0
7 17 0
7 44 0
8 9 0
8 13 0
8 16 0
8 38 0
9 8 0
9 11 0
9 39 0
9 40 0
10 11 0
10 12 0
10 14 0
11 7 0
11 9 0
11 10 0
12 10 0
12 15 0
12 18 0
12 41 0
13 8 0
13 14 0
13 42 0
13 43 0
14 0 0
14 10 0
14 13 0
15 12 0
15 17 0
15 21 0
16 8 0
16 19 0
16 20 0
17 7 0
17 15 0
17 22 0
18 12 0
18 23 0
18 24 0
19 16 0
19 25 0
19 45 0
20 16 0
20 26 0
20 46 0
21 1 0
21 2 0
21 15 0
22 17 0
22 47 0
22 48 0
22 49 0
23 18 0
23 27 0
23 50 0
24 18 0
24 29 0
24 51 0
25 3 0
25 19 0
25 28 0
26 20 0
26 28 0
26 52 0
27 5 0
27 23 0
27 30 0
28 4 0
28 25 0
28 26 0
29 24 0
29 30 0
29 53 0
30 6 0
30 27 0
30 29 0
31 1 0
31 32 0
31 54 0
31 55 0
32 31 0
32 33 0
32 34 0
32 56 0
33 32 0
33 60 0
33 61 0
33 62 0
34 32 0
34 57 0
34 58 0
34 59 0
35 3 0
35 64 0
35 65 0
35 66 0
36 4 0
36 67 0
36 68 0
36 69 0
37 6 0
37 70 0
37 71 0
37 72 0
38 8 0
39 9 0
40 9 0
41 12 0
42 13 0
43 13 0
44 7 0
45 19 0
46 20 0
47 22 0
48 22 0
49 22 0
50 23 0
51 24 0
52 26 0
53 29 0
54 31 0
55 31 0
56 32 0
57 34 0
58 34 0
59 34 0
60 33 0
61 33 0
62 33 0
63 5 0
64 35 0
65 35 0
66 35 0
67 36 0
68 36 0
69 36 0
70 37 0
71 37 0
72 37 0
GraphDataEnd
GraphEnd
NodeEnd
NodeStart
EPTNodeID: 1
AnchorID: 17383
TreeNodeGraphID: 1
Level: 1
SimplifiedLevel: 0
EditOperation: 4 5 63 0 0
AccumulatedOpsCount: 1
AccumulatedOp: 4 5 63 0 0
ChildrenCount: 4
ChildIndices: 2 11 13 14
CompletedDBGraphIDsCount: 0
GraphStart
GraphDataStart
ID: 1
NumNodes: 73
NumEdges: 150
NodeLabels
2 2 2 2 2 2 2 3 4 4 4 4 4 4 4 4 4 4 4 4 4 4 4 4 4 4 4 4 4 4 4 4 4 4 4 4 4 4 5 5 5 5 5 5 5 5 5 5 5 5 5 5 5 5 5 5 5 5 5 5 5 5 5 5 5 5 5 5 5 5 5 5 5 
Edges
0 14 0
1 21 0
1 31 0
2 21 0
3 25 0
3 35 0
4 28 0
4 36 0
5 27 0
6 30 0
6 37 0
7 11 0
7 17 0
7 44 0
8 9 0
8 13 0
8 16 0
8 38 0
9 8 0
9 11 0
9 39 0
9 40 0
10 11 0
10 12 0
10 14 0
11 7 0
11 9 0
11 10 0
12 10 0
12 15 0
12 18 0
12 41 0
13 8 0
13 14 0
13 42 0
13 43 0
14 0 0
14 10 0
14 13 0
15 12 0
15 17 0
15 21 0
16 8 0
16 19 0
16 20 0
17 7 0
17 15 0
17 22 0
18 12 0
18 23 0
18 24 0
19 16 0
19 25 0
19 45 0
20 16 0
20 26 0
20 46 0
21 1 0
21 2 0
21 15 0
22 17 0
22 47 0
22 48 0
22 49 0
23 18 0
23 27 0
23 50 0
24 18 0
24 29 0
24 51 0
25 3 0
25 19 0
25 28 0
26 20 0
26 28 0
26 52 0
27 5 0
27 23 0
27 30 0
28 4 0
28 25 0
28 26 0
29 24 0
29 30 0
29 53 0
30 6 0
30 27 0
30 29 0
31 1 0
31 32 0
31 54 0
31 55 0
32 31 0
32 33 0
32 34 0
32 56 0
33 32 0
33 60 0
33 61 0
33 62 0
34 32 0
34 57 0
34 58 0
34 59 0
35 3 0
35 64 0
35 65 0
35 66 0
36 4 0
36 67 0
36 68 0
36 69 0
37 6 0
37 70 0
37 71 0
37 72 0
38 8 0
39 9 0
40 9 0
41 12 0
42 13 0
43 13 0
44 7 0
45 19 0
46 20 0
47 22 0
48 22 0
49 22 0
50 23 0
51 24 0
52 26 0
53 29 0
54 31 0
55 31 0
56 32 0
57 34 0
58 34 0
59 34 0
60 33 0
61 33 0
62 33 0
64 35 0
65 35 0
66 35 0
67 36 0
68 36 0
69 36 0
70 37 0
71 37 0
72 37 0
GraphDataEnd
GraphEnd
NodeEnd
NodeStart
EPTNodeID: 2
AnchorID: 17383
TreeNodeGraphID: 2
Level: 2
SimplifiedLevel: 0
EditOperation: 4 6 37 0 0
AccumulatedOpsCount: 1
AccumulatedOp: 4 6 37 0 0
ChildrenCount: 3
ChildIndices: 3 7 10
CompletedDBGraphIDsCount: 0
GraphStart
GraphDataStart
ID: 2
NumNodes: 73
NumEdges: 148
NodeLabels
2 2 2 2 2 2 2 3 4 4 4 4 4 4 4 4 4 4 4 4 4 4 4 4 4 4 4 4 4 4 4 4 4 4 4 4 4 4 5 5 5 5 5 5 5 5 5 5 5 5 5 5 5 5 5 5 5 5 5 5 5 5 5 5 5 5 5 5 5 5 5 5 5 
Edges
0 14 0
1 21 0
1 31 0
2 21 0
3 25 0
3 35 0
4 28 0
4 36 0
5 27 0
6 30 0
7 11 0
7 17 0
7 44 0
8 9 0
8 13 0
8 16 0
8 38 0
9 8 0
9 11 0
9 39 0
9 40 0
10 11 0
10 12 0
10 14 0
11 7 0
11 9 0
11 10 0
12 10 0
12 15 0
12 18 0
12 41 0
13 8 0
13 14 0
13 42 0
13 43 0
14 0 0
14 10 0
14 13 0
15 12 0
15 17 0
15 21 0
16 8 0
16 19 0
16 20 0
17 7 0
17 15 0
17 22 0
18 12 0
18 23 0
18 24 0
19 16 0
19 25 0
19 45 0
20 16 0
20 26 0
20 46 0
21 1 0
21 2 0
21 15 0
22 17 0
22 47 0
22 48 0
22 49 0
23 18 0
23 27 0
23 50 0
24 18 0
24 29 0
24 51 0
25 3 0
25 19 0
25 28 0
26 20 0
26 28 0
26 52 0
27 5 0
27 23 0
27 30 0
28 4 0
28 25 0
28 26 0
29 24 0
29 30 0
29 53 0
30 6 0
30 27 0
30 29 0
31 1 0
31 32 0
31 54 0
31 55 0
32 31 0
32 33 0
32 34 0
32 56 0
33 32 0
33 60 0
33 61 0
33 62 0
34 32 0
34 57 0
34 58 0
34 59 0
35 3 0
35 64 0
35 65 0
35 66 0
36 4 0
36 67 0
36 68 0
36 69 0
37 70 0
37 71 0
37 72 0
38 8 0
39 9 0
40 9 0
41 12 0
42 13 0
43 13 0
44 7 0
45 19 0
46 20 0
47 22 0
48 22 0
49 22 0
50 23 0
51 24 0
52 26 0
53 29 0
54 31 0
55 31 0
56 32 0
57 34 0
58 34 0
59 34 0
60 33 0
61 33 0
62 33 0
64 35 0
65 35 0
66 35 0
67 36 0
68 36 0
69 36 0
70 37 0
71 37 0
72 37 0
GraphDataEnd
GraphEnd
NodeEnd
NodeStart
EPTNodeID: 3
AnchorID: 17383
TreeNodeGraphID: 4
Level: 4
SimplifiedLevel: 0
EditOperation: 1 63 0 5 0
AccumulatedOpsCount: 2
AccumulatedOp: 0 6 0 2 5
AccumulatedOp: 1 63 0 5 0
ChildrenCount: 3
ChildIndices: 4 5 6
CompletedDBGraphIDsCount: 0
GraphStart
GraphDataStart
ID: 4
NumNodes: 72
NumEdges: 148
NodeLabels
2 2 2 2 2 2 5 3 4 4 4 4 4 4 4 4 4 4 4 4 4 4 4 4 4 4 4 4 4 4 4 4 4 4 4 4 4 4 5 5 5 5 5 5 5 5 5 5 5 5 5 5 5 5 5 5 5 5 5 5 5 5 5 5 5 5 5 5 5 5 5 5 
Edges
0 14 0
1 21 0
1 31 0
2 21 0
3 25 0
3 35 0
4 28 0
4 36 0
5 27 0
6 30 0
7 11 0
7 17 0
7 44 0
8 9 0
8 13 0
8 16 0
8 38 0
9 8 0
9 11 0
9 39 0
9 40 0
10 11 0
10 12 0
10 14 0
11 7 0
11 9 0
11 10 0
12 10 0
12 15 0
12 18 0
12 41 0
13 8 0
13 14 0
13 42 0
13 43 0
14 0 0
14 10 0
14 13 0
15 12 0
15 17 0
15 21 0
16 8 0
16 19 0
16 20 0
17 7 0
17 15 0
17 22 0
18 12 0
18 23 0
18 24 0
19 16 0
19 25 0
19 45 0
20 16 0
20 26 0
20 46 0
21 1 0
21 2 0
21 15 0
22 17 0
22 47 0
22 48 0
22 49 0
23 18 0
23 27 0
23 50 0
24 18 0
24 29 0
24 51 0
25 3 0
25 19 0
25 28 0
26 20 0
26 28 0
26 52 0
27 5 0
27 23 0
27 30 0
28 4 0
28 25 0
28 26 0
29 24 0
29 30 0
29 53 0
30 6 0
30 27 0
30 29 0
31 1 0
31 32 0
31 54 0
31 55 0
32 31 0
32 33 0
32 34 0
32 56 0
33 32 0
33 60 0
33 61 0
33 62 0
34 32 0
34 57 0
34 58 0
34 59 0
35 3 0
35 63 0
35 64 0
35 65 0
36 4 0
36 66 0
36 67 0
36 68 0
37 69 0
37 70 0
37 71 0
38 8 0
39 9 0
40 9 0
41 12 0
42 13 0
43 13 0
44 7 0
45 19 0
46 20 0
47 22 0
48 22 0
49 22 0
50 23 0
51 24 0
52 26 0
53 29 0
54 31 0
55 31 0
56 32 0
57 34 0
58 34 0
59 34 0
60 33 0
61 33 0
62 33 0
63 35 0
64 35 0
65 35 0
66 36 0
67 36 0
68 36 0
69 37 0
70 37 0
71 37 0
GraphDataEnd
GraphEnd
NodeEnd
NodeStart
EPTNodeID: 4
AnchorID: 17383
TreeNodeGraphID: 7
Level: 7
SimplifiedLevel: 0
EditOperation: 0 51 0 5 2
AccumulatedOpsCount: 3
AccumulatedOp: 5 37 51 0 0
AccumulatedOp: 0 5 0 2 8
AccumulatedOp: 0 51 0 5 2
ChildrenCount: 0
ChildIndices:
CompletedDBGraphIDsCount: 4
CompletedDBGraphID: 6044
CompletedDBGraphID: 9287
CompletedDBGraphID: 15473
CompletedDBGraphID: 685
GraphStart
GraphDataStart
ID: 7
NumNodes: 72
NumEdges: 150
NodeLabels
2 2 2 2 2 8 5 3 4 4 4 4 4 4 4 4 4 4 4 4 4 4 4 4 4 4 4 4 4 4 4 4 4 4 4 4 4 4 5 5 5 5 5 5 5 5 5 5 5 5 5 2 5 5 5 5 5 5 5 5 5 5 5 5 5 5 5 5 5 5 5 5 
Edges
0 14 0
1 21 0
1 31 0
2 21 0
3 25 0
3 35 0
4 28 0
4 36 0
5 27 0
6 30 0
7 11 0
7 17 0
7 44 0
8 9 0
8 13 0
8 16 0
8 38 0
9 8 0
9 11 0
9 39 0
9 40 0
10 11 0
10 12 0
10 14 0
11 7 0
11 9 0
11 10 0
12 10 0
12 15 0
12 18 0
12 41 0
13 8 0
13 14 0
13 42 0
13 43 0
14 0 0
14 10 0
14 13 0
15 12 0
15 17 0
15 21 0
16 8 0
16 19 0
16 20 0
17 7 0
17 15 0
17 22 0
18 12 0
18 23 0
18 24 0
19 16 0
19 25 0
19 45 0
20 16 0
20 26 0
20 46 0
21 1 0
21 2 0
21 15 0
22 17 0
22 47 0
22 48 0
22 49 0
23 18 0
23 27 0
23 50 0
24 18 0
24 29 0
24 51 0
25 3 0
25 19 0
25 28 0
26 20 0
26 28 0
26 52 0
27 5 0
27 23 0
27 30 0
28 4 0
28 25 0
28 26 0
29 24 0
29 30 0
29 53 0
30 6 0
30 27 0
30 29 0
31 1 0
31 32 0
31 54 0
31 55 0
32 31 0
32 33 0
32 34 0
32 56 0
33 32 0
33 60 0
33 61 0
33 62 0
34 32 0
34 57 0
34 58 0
34 59 0
35 3 0
35 63 0
35 64 0
35 65 0
36 4 0
36 66 0
36 67 0
36 68 0
37 69 0
37 70 0
37 71 0
37 51 0
38 8 0
39 9 0
40 9 0
41 12 0
42 13 0
43 13 0
44 7 0
45 19 0
46 20 0
47 22 0
48 22 0
49 22 0
50 23 0
51 24 0
51 37 0
52 26 0
53 29 0
54 31 0
55 31 0
56 32 0
57 34 0
58 34 0
59 34 0
60 33 0
61 33 0
62 33 0
63 35 0
64 35 0
65 35 0
66 36 0
67 36 0
68 36 0
69 37 0
70 37 0
71 37 0
GraphDataEnd
GraphEnd
NodeEnd
NodeStart
EPTNodeID: 5
AnchorID: 17383
TreeNodeGraphID: 10
Level: 7
SimplifiedLevel: 0
EditOperation: 1 5 0 2 0
AccumulatedOpsCount: 3
AccumulatedOp: 5 27 37 0 0
AccumulatedOp: 4 5 27 0 0
AccumulatedOp: 1 5 0 2 0
ChildrenCount: 0
ChildIndices:
CompletedDBGraphIDsCount: 4
CompletedDBGraphID: 10547
CompletedDBGraphID: 281
CompletedDBGraphID: 616
CompletedDBGraphID: 15871
GraphStart
GraphDataStart
ID: 10
NumNodes: 71
NumEdges: 148
NodeLabels
2 2 2 2 2 5 3 4 4 4 4 4 4 4 4 4 4 4 4 4 4 4 4 4 4 4 4 4 4 4 4 4 4 4 4 4 4 5 5 5 5 5 5 5 5 5 5 5 5 5 5 5 5 5 5 5 5 5 5 5 5 5 5 5 5 5 5 5 5 5 5 
Edges
0 13 0
1 20 0
1 30 0
2 20 0
3 24 0
3 34 0
4 27 0
4 35 0
5 29 0
6 10 0
6 16 0
6 43 0
7 8 0
7 12 0
7 15 0
7 37 0
8 7 0
8 10 0
8 38 0
8 39 0
9 10 0
9 11 0
9 13 0
10 6 0
10 8 0
10 9 0
11 9 0
11 14 0
11 17 0
11 40 0
12 7 0
12 13 0
12 41 0
12 42 0
13 0 0
13 9 0
13 12 0
14 11 0
14 16 0
14 20 0
15 7 0
15 18 0
15 19 0
16 6 0
16 14 0
16 21 0
17 11 0
17 22 0
17 23 0
18 15 0
18 24 0
18 44 0
19 15 0
19 25 0
19 45 0
20 1 0
20 2 0
20 14 0
21 16 0
21 46 0
21 47 0
21 48 0
22 17 0
22 26 0
22 49 0
23 17 0
23 28 0
23 50 0
24 3 0
24 18 0
24 27 0
25 19 0
25 27 0
25 51 0
26 22 0
26 29 0
26 36 0
27 4 0
27 24 0
27 25 0
28 23 0
28 29 0
28 52 0
29 5 0
29 26 0
29 28 0
30 1 0
30 31 0
30 53 0
30 54 0
31 30 0
31 32 0
31 33 0
31 55 0
32 31 0
32 59 0
32 60 0
32 61 0
33 31 0
33 56 0
33 57 0
33 58 0
34 3 0
34 62 0
34 63 0
34 64 0
35 4 0
35 65 0
35 66 0
35 67 0
36 68 0
36 69 0
36 70 0
36 26 0
37 7 0
38 8 0
39 8 0
40 11 0
41 12 0
42 12 0
43 6 0
44 18 0
45 19 0
46 21 0
47 21 0
48 21 0
49 22 0
50 23 0
51 25 0
52 28 0
53 30 0
54 30 0
55 31 0
56 33 0
57 33 0
58 33 0
59 32 0
60 32 0
61 32 0
62 34 0
63 34 0
64 34 0
65 35 0
66 35 0
67 35 0
68 36 0
69 36 0
70 36 0
GraphDataEnd
GraphEnd
NodeEnd
NodeStart
EPTNodeID: 6
AnchorID: 17383
TreeNodeGraphID: 14
Level: 8
SimplifiedLevel: 0
EditOperation: 5 24 37 0 0
AccumulatedOpsCount: 4
AccumulatedOp: 0 5 0 2 5
AccumulatedOp: 4 24 51 0 0
AccumulatedOp: 1 51 0 5 0
AccumulatedOp: 5 24 37 0 0
ChildrenCount: 0
ChildIndices:
CompletedDBGraphIDsCount: 4
CompletedDBGraphID: 13525
CompletedDBGraphID: 9527
CompletedDBGraphID: 7039
CompletedDBGraphID: 6939
GraphStart
GraphDataStart
ID: 14
NumNodes: 71
NumEdges: 148
NodeLabels
2 2 2 2 2 5 5 3 4 4 4 4 4 4 4 4 4 4 4 4 4 4 4 4 4 4 4 4 4 4 4 4 4 4 4 4 4 4 5 5 5 5 5 5 5 5 5 5 5 5 5 5 5 5 5 5 5 5 5 5 5 5 5 5 5 5 5 5 5 5 5 
Edges
0 14 0
1 21 0
1 31 0
2 21 0
3 25 0
3 35 0
4 28 0
4 36 0
5 27 0
6 30 0
7 11 0
7 17 0
7 44 0
8 9 0
8 13 0
8 16 0
8 38 0
9 8 0
9 11 0
9 39 0
9 40 0
10 11 0
10 12 0
10 14 0
11 7 0
11 9 0
11 10 0
12 10 0
12 15 0
12 18 0
12 41 0
13 8 0
13 14 0
13 42 0
13 43 0
14 0 0
14 10 0
14 13 0
15 12 0
15 17 0
15 21 0
16 8 0
16 19 0
16 20 0
17 7 0
17 15 0
17 22 0
18 12 0
18 23 0
18 24 0
19 16 0
19 25 0
19 45 0
20 16 0
20 26 0
20 46 0
21 1 0
21 2 0
21 15 0
22 17 0
22 47 0
22 48 0
22 49 0
23 18 0
23 27 0
23 50 0
24 18 0
24 29 0
24 37 0
25 3 0
25 19 0
25 28 0
26 20 0
26 28 0
26 51 0
27 5 0
27 23 0
27 30 0
28 4 0
28 25 0
28 26 0
29 24 0
29 30 0
29 52 0
30 6 0
30 27 0
30 29 0
31 1 0
31 32 0
31 53 0
31 54 0
32 31 0
32 33 0
32 34 0
32 55 0
33 32 0
33 59 0
33 60 0
33 61 0
34 32 0
34 56 0
34 57 0
34 58 0
35 3 0
35 62 0
35 63 0
35 64 0
36 4 0
36 65 0
36 66 0
36 67 0
37 68 0
37 69 0
37 70 0
37 24 0
38 8 0
39 9 0
40 9 0
41 12 0
42 13 0
43 13 0
44 7 0
45 19 0
46 20 0
47 22 0
48 22 0
49 22 0
50 23 0
51 26 0
52 29 0
53 31 0
54 31 0
55 32 0
56 34 0
57 34 0
58 34 0
59 33 0
60 33 0
61 33 0
62 35 0
63 35 0
64 35 0
65 36 0
66 36 0
67 36 0
68 37 0
69 37 0
70 37 0
GraphDataEnd
GraphEnd
NodeEnd
NodeStart
EPTNodeID: 7
AnchorID: 17383
TreeNodeGraphID: 15
Level: 3
SimplifiedLevel: 0
EditOperation: 5 6 63 0 0
AccumulatedOpsCount: 1
AccumulatedOp: 5 6 63 0 0
ChildrenCount: 2
ChildIndices: 8 9
CompletedDBGraphIDsCount: 0
GraphStart
GraphDataStart
ID: 15
NumNodes: 73
NumEdges: 150
NodeLabels
2 2 2 2 2 2 2 3 4 4 4 4 4 4 4 4 4 4 4 4 4 4 4 4 4 4 4 4 4 4 4 4 4 4 4 4 4 4 5 5 5 5 5 5 5 5 5 5 5 5 5 5 5 5 5 5 5 5 5 5 5 5 5 5 5 5 5 5 5 5 5 5 5 
Edges
0 14 0
1 21 0
1 31 0
2 21 0
3 25 0
3 35 0
4 28 0
4 36 0
5 27 0
6 30 0
6 63 0
7 11 0
7 17 0
7 44 0
8 9 0
8 13 0
8 16 0
8 38 0
9 8 0
9 11 0
9 39 0
9 40 0
10 11 0
10 12 0
10 14 0
11 7 0
11 9 0
11 10 0
12 10 0
12 15 0
12 18 0
12 41 0
13 8 0
13 14 0
13 42 0
13 43 0
14 0 0
14 10 0
14 13 0
15 12 0
15 17 0
15 21 0
16 8 0
16 19 0
16 20 0
17 7 0
17 15 0
17 22 0
18 12 0
18 23 0
18 24 0
19 16 0
19 25 0
19 45 0
20 16 0
20 26 0
20 46 0
21 1 0
21 2 0
21 15 0
22 17 0
22 47 0
22 48 0
22 49 0
23 18 0
23 27 0
23 50 0
24 18 0
24 29 0
24 51 0
25 3 0
25 19 0
25 28 0
26 20 0
26 28 0
26 52 0
27 5 0
27 23 0
27 30 0
28 4 0
28 25 0
28 26 0
29 24 0
29 30 0
29 53 0
30 6 0
30 27 0
30 29 0
31 1 0
31 32 0
31 54 0
31 55 0
32 31 0
32 33 0
32 34 0
32 56 0
33 32 0
33 60 0
33 61 0
33 62 0
34 32 0
34 57 0
34 58 0
34 59 0
35 3 0
35 64 0
35 65 0
35 66 0
36 4 0
36 67 0
36 68 0
36 69 0
37 70 0
37 71 0
37 72 0
38 8 0
39 9 0
40 9 0
41 12 0
42 13 0
43 13 0
44 7 0
45 19 0
46 20 0
47 22 0
48 22 0
49 22 0
50 23 0
51 24 0
52 26 0
53 29 0
54 31 0
55 31 0
56 32 0
57 34 0
58 34 0
59 34 0
60 33 0
61 33 0
62 33 0
63 6 0
64 35 0
65 35 0
66 35 0
67 36 0
68 36 0
69 36 0
70 37 0
71 37 0
72 37 0
GraphDataEnd
GraphEnd
NodeEnd
NodeStart
EPTNodeID: 8
AnchorID: 17383
TreeNodeGraphID: 16
Level: 4
SimplifiedLevel: 0
EditOperation: 5 5 37 0 0
AccumulatedOpsCount: 1
AccumulatedOp: 5 5 37 0 0
ChildrenCount: 0
ChildIndices:
CompletedDBGraphIDsCount: 4
CompletedDBGraphID: 22233
CompletedDBGraphID: 7224
CompletedDBGraphID: 18323
CompletedDBGraphID: 16330
GraphStart
GraphDataStart
ID: 16
NumNodes: 73
NumEdges: 152
NodeLabels
2 2 2 2 2 2 2 3 4 4 4 4 4 4 4 4 4 4 4 4 4 4 4 4 4 4 4 4 4 4 4 4 4 4 4 4 4 4 5 5 5 5 5 5 5 5 5 5 5 5 5 5 5 5 5 5 5 5 5 5 5 5 5 5 5 5 5 5 5 5 5 5 5 
Edges
0 14 0
1 21 0
1 31 0
2 21 0
3 25 0
3 35 0
4 28 0
4 36 0
5 27 0
5 37 0
6 30 0
6 63 0
7 11 0
7 17 0
7 44 0
8 9 0
8 13 0
8 16 0
8 38 0
9 8 0
9 11 0
9 39 0
9 40 0
10 11 0
10 12 0
10 14 0
11 7 0
11 9 0
11 10 0
12 10 0
12 15 0
12 18 0
12 41 0
13 8 0
13 14 0
13 42 0
13 43 0
14 0 0
14 10 0
14 13 0
15 12 0
15 17 0
15 21 0
16 8 0
16 19 0
16 20 0
17 7 0
17 15 0
17 22 0
18 12 0
18 23 0
18 24 0
19 16 0
19 25 0
19 45 0
20 16 0
20 26 0
20 46 0
21 1 0
21 2 0
21 15 0
22 17 0
22 47 0
22 48 0
22 49 0
23 18 0
23 27 0
23 50 0
24 18 0
24 29 0
24 51 0
25 3 0
25 19 0
25 28 0
26 20 0
26 28 0
26 52 0
27 5 0
27 23 0
27 30 0
28 4 0
28 25 0
28 26 0
29 24 0
29 30 0
29 53 0
30 6 0
30 27 0
30 29 0
31 1 0
31 32 0
31 54 0
31 55 0
32 31 0
32 33 0
32 34 0
32 56 0
33 32 0
33 60 0
33 61 0
33 62 0
34 32 0
34 57 0
34 58 0
34 59 0
35 3 0
35 64 0
35 65 0
35 66 0
36 4 0
36 67 0
36 68 0
36 69 0
37 70 0
37 71 0
37 72 0
37 5 0
38 8 0
39 9 0
40 9 0
41 12 0
42 13 0
43 13 0
44 7 0
45 19 0
46 20 0
47 22 0
48 22 0
49 22 0
50 23 0
51 24 0
52 26 0
53 29 0
54 31 0
55 31 0
56 32 0
57 34 0
58 34 0
59 34 0
60 33 0
61 33 0
62 33 0
63 6 0
64 35 0
65 35 0
66 35 0
67 36 0
68 36 0
69 36 0
70 37 0
71 37 0
72 37 0
GraphDataEnd
GraphEnd
NodeEnd
NodeStart
EPTNodeID: 9
AnchorID: 17383
TreeNodeGraphID: 21
Level: 8
SimplifiedLevel: 0
EditOperation: 5 1 32 0 0
AccumulatedOpsCount: 5
AccumulatedOp: 4 1 31 0 0
AccumulatedOp: 5 5 31 0 0
AccumulatedOp: 5 31 37 0 0
AccumulatedOp: 4 31 32 0 0
AccumulatedOp: 5 1 32 0 0
ChildrenCount: 0
ChildIndices:
CompletedDBGraphIDsCount: 4
CompletedDBGraphID: 1260
CompletedDBGraphID: 13257
CompletedDBGraphID: 7275
CompletedDBGraphID: 5964
GraphStart
GraphDataStart
ID: 21
NumNodes: 73
NumEdges: 152
NodeLabels
2 2 2 2 2 2 2 3 4 4 4 4 4 4 4 4 4 4 4 4 4 4 4 4 4 4 4 4 4 4 4 4 4 4 4 4 4 4 5 5 5 5 5 5 5 5 5 5 5 5 5 5 5 5 5 5 5 5 5 5 5 5 5 5 5 5 5 5 5 5 5 5 5 
Edges
0 14 0
1 21 0
1 32 0
2 21 0
3 25 0
3 35 0
4 28 0
4 36 0
5 27 0
5 31 0
6 30 0
6 63 0
7 11 0
7 17 0
7 44 0
8 9 0
8 13 0
8 16 0
8 38 0
9 8 0
9 11 0
9 39 0
9 40 0
10 11 0
10 12 0
10 14 0
11 7 0
11 9 0
11 10 0
12 10 0
12 15 0
12 18 0
12 41 0
13 8 0
13 14 0
13 42 0
13 43 0
14 0 0
14 10 0
14 13 0
15 12 0
15 17 0
15 21 0
16 8 0
16 19 0
16 20 0
17 7 0
17 15 0
17 22 0
18 12 0
18 23 0
18 24 0
19 16 0
19 25 0
19 45 0
20 16 0
20 26 0
20 46 0
21 1 0
21 2 0
21 15 0
22 17 0
22 47 0
22 48 0
22 49 0
23 18 0
23 27 0
23 50 0
24 18 0
24 29 0
24 51 0
25 3 0
25 19 0
25 28 0
26 20 0
26 28 0
26 52 0
27 5 0
27 23 0
27 30 0
28 4 0
28 25 0
28 26 0
29 24 0
29 30 0
29 53 0
30 6 0
30 27 0
30 29 0
31 54 0
31 55 0
31 5 0
31 37 0
32 33 0
32 34 0
32 56 0
32 1 0
33 32 0
33 60 0
33 61 0
33 62 0
34 32 0
34 57 0
34 58 0
34 59 0
35 3 0
35 64 0
35 65 0
35 66 0
36 4 0
36 67 0
36 68 0
36 69 0
37 70 0
37 71 0
37 72 0
37 31 0
38 8 0
39 9 0
40 9 0
41 12 0
42 13 0
43 13 0
44 7 0
45 19 0
46 20 0
47 22 0
48 22 0
49 22 0
50 23 0
51 24 0
52 26 0
53 29 0
54 31 0
55 31 0
56 32 0
57 34 0
58 34 0
59 34 0
60 33 0
61 33 0
62 33 0
63 6 0
64 35 0
65 35 0
66 35 0
67 36 0
68 36 0
69 36 0
70 37 0
71 37 0
72 37 0
GraphDataEnd
GraphEnd
NodeEnd
NodeStart
EPTNodeID: 10
AnchorID: 17383
TreeNodeGraphID: 27
Level: 8
SimplifiedLevel: 0
EditOperation: 5 32 63 0 0
AccumulatedOpsCount: 6
AccumulatedOp: 5 5 37 0 0
AccumulatedOp: 5 6 55 0 0
AccumulatedOp: 4 31 55 0 0
AccumulatedOp: 4 32 33 0 0
AccumulatedOp: 5 31 33 0 0
AccumulatedOp: 5 32 63 0 0
ChildrenCount: 0
ChildIndices:
CompletedDBGraphIDsCount: 1
CompletedDBGraphID: 9499
GraphStart
GraphDataStart
ID: 27
NumNodes: 73
NumEdges: 152
NodeLabels
2 2 2 2 2 2 2 3 4 4 4 4 4 4 4 4 4 4 4 4 4 4 4 4 4 4 4 4 4 4 4 4 4 4 4 4 4 4 5 5 5 5 5 5 5 5 5 5 5 5 5 5 5 5 5 5 5 5 5 5 5 5 5 5 5 5 5 5 5 5 5 5 5 
Edges
0 14 0
1 21 0
1 31 0
2 21 0
3 25 0
3 35 0
4 28 0
4 36 0
5 27 0
5 37 0
6 30 0
6 55 0
7 11 0
7 17 0
7 44 0
8 9 0
8 13 0
8 16 0
8 38 0
9 8 0
9 11 0
9 39 0
9 40 0
10 11 0
10 12 0
10 14 0
11 7 0
11 9 0
11 10 0
12 10 0
12 15 0
12 18 0
12 41 0
13 8 0
13 14 0
13 42 0
13 43 0
14 0 0
14 10 0
14 13 0
15 12 0
15 17 0
15 21 0
16 8 0
16 19 0
16 20 0
17 7 0
17 15 0
17 22 0
18 12 0
18 23 0
18 24 0
19 16 0
19 25 0
19 45 0
20 16 0
20 26 0
20 46 0
21 1 0
21 2 0
21 15 0
22 17 0
22 47 0
22 48 0
22 49 0
23 18 0
23 27 0
23 50 0
24 18 0
24 29 0
24 51 0
25 3 0
25 19 0
25 28 0
26 20 0
26 28 0
26 52 0
27 5 0
27 23 0
27 30 0
28 4 0
28 25 0
28 26 0
29 24 0
29 30 0
29 53 0
30 6 0
30 27 0
30 29 0
31 1 0
31 32 0
31 54 0
31 33 0
32 31 0
32 34 0
32 56 0
32 63 0
33 60 0
33 61 0
33 62 0
33 31 0
34 32 0
34 57 0
34 58 0
34 59 0
35 3 0
35 64 0
35 65 0
35 66 0
36 4 0
36 67 0
36 68 0
36 69 0
37 70 0
37 71 0
37 72 0
37 5 0
38 8 0
39 9 0
40 9 0
41 12 0
42 13 0
43 13 0
44 7 0
45 19 0
46 20 0
47 22 0
48 22 0
49 22 0
50 23 0
51 24 0
52 26 0
53 29 0
54 31 0
55 6 0
56 32 0
57 34 0
58 34 0
59 34 0
60 33 0
61 33 0
62 33 0
63 32 0
64 35 0
65 35 0
66 35 0
67 36 0
68 36 0
69 36 0
70 37 0
71 37 0
72 37 0
GraphDataEnd
GraphEnd
NodeEnd
NodeStart
EPTNodeID: 11
AnchorID: 17383
TreeNodeGraphID: 30
Level: 4
SimplifiedLevel: 0
EditOperation: 0 6 0 2 6
AccumulatedOpsCount: 3
AccumulatedOp: 1 63 0 5 0
AccumulatedOp: 0 5 0 2 5
AccumulatedOp: 0 6 0 2 6
ChildrenCount: 1
ChildIndices: 12
CompletedDBGraphIDsCount: 4
CompletedDBGraphID: 15838
CompletedDBGraphID: 11182
CompletedDBGraphID: 18131
CompletedDBGraphID: 4748
GraphStart
GraphDataStart
ID: 30
NumNodes: 72
NumEdges: 150
NodeLabels
2 2 2 2 2 5 6 3 4 4 4 4 4 4 4 4 4 4 4 4 4 4 4 4 4 4 4 4 4 4 4 4 4 4 4 4 4 4 5 5 5 5 5 5 5 5 5 5 5 5 5 5 5 5 5 5 5 5 5 5 5 5 5 5 5 5 5 5 5 5 5 5 
Edges
0 14 0
1 21 0
1 31 0
2 21 0
3 25 0
3 35 0
4 28 0
4 36 0
5 27 0
6 30 0
6 37 0
7 11 0
7 17 0
7 44 0
8 9 0
8 13 0
8 16 0
8 38 0
9 8 0
9 11 0
9 39 0
9 40 0
10 11 0
10 12 0
10 14 0
11 7 0
11 9 0
11 10 0
12 10 0
12 15 0
12 18 0
12 41 0
13 8 0
13 14 0
13 42 0
13 43 0
14 0 0
14 10 0
14 13 0
15 12 0
15 17 0
15 21 0
16 8 0
16 19 0
16 20 0
17 7 0
17 15 0
17 22 0
18 12 0
18 23 0
18 24 0
19 16 0
19 25 0
19 45 0
20 16 0
20 26 0
20 46 0
21 1 0
21 2 0
21 15 0
22 17 0
22 47 0
22 48 0
22 49 0
23 18 0
23 27 0
23 50 0
24 18 0
24 29 0
24 51 0
25 3 0
25 19 0
25 28 0
26 20 0
26 28 0
26 52 0
27 5 0
27 23 0
27 30 0
28 4 0
28 25 0
28 26 0
29 24 0
29 30 0
29 53 0
30 6 0
30 27 0
30 29 0
31 1 0
31 32 0
31 54 0
31 55 0
32 31 0
32 33 0
32 34 0
32 56 0
33 32 0
33 60 0
33 61 0
33 62 0
34 32 0
34 57 0
34 58 0
34 59 0
35 3 0
35 63 0
35 64 0
35 65 0
36 4 0
36 66 0
36 67 0
36 68 0
37 6 0
37 69 0
37 70 0
37 71 0
38 8 0
39 9 0
40 9 0
41 12 0
42 13 0
43 13 0
44 7 0
45 19 0
46 20 0
47 22 0
48 22 0
49 22 0
50 23 0
51 24 0
52 26 0
53 29 0
54 31 0
55 31 0
56 32 0
57 34 0
58 34 0
59 34 0
60 33 0
61 33 0
62 33 0
63 35 0
64 35 0
65 35 0
66 36 0
67 36 0
68 36 0
69 37 0
70 37 0
71 37 0
GraphDataEnd
GraphEnd
NodeEnd
NodeStart
EPTNodeID: 12
AnchorID: 17383
TreeNodeGraphID: 34
Level: 8
SimplifiedLevel: 0
EditOperation: 5 32 55 0 0
AccumulatedOpsCount: 4
AccumulatedOp: 4 31 55 0 0
AccumulatedOp: 4 32 33 0 0
AccumulatedOp: 5 31 33 0 0
AccumulatedOp: 5 32 55 0 0
ChildrenCount: 0
ChildIndices:
CompletedDBGraphIDsCount: 1
CompletedDBGraphID: 11300
GraphStart
GraphDataStart
ID: 34
NumNodes: 72
NumEdges: 150
NodeLabels
2 2 2 2 2 5 6 3 4 4 4 4 4 4 4 4 4 4 4 4 4 4 4 4 4 4 4 4 4 4 4 4 4 4 4 4 4 4 5 5 5 5 5 5 5 5 5 5 5 5 5 5 5 5 5 5 5 5 5 5 5 5 5 5 5 5 5 5 5 5 5 5 
Edges
0 14 0
1 21 0
1 31 0
2 21 0
3 25 0
3 35 0
4 28 0
4 36 0
5 27 0
6 30 0
6 37 0
7 11 0
7 17 0
7 44 0
8 9 0
8 13 0
8 16 0
8 38 0
9 8 0
9 11 0
9 39 0
9 40 0
10 11 0
10 12 0
10 14 0
11 7 0
11 9 0
11 10 0
12 10 0
12 15 0
12 18 0
12 41 0
13 8 0
13 14 0
13 42 0
13 43 0
14 0 0
14 10 0
14 13 0
15 12 0
15 17 0
15 21 0
16 8 0
16 19 0
16 20 0
17 7 0
17 15 0
17 22 0
18 12 0
18 23 0
18 24 0
19 16 0
19 25 0
19 45 0
20 16 0
20 26 0
20 46 0
21 1 0
21 2 0
21 15 0
22 17 0
22 47 0
22 48 0
22 49 0
23 18 0
23 27 0
23 50 0
24 18 0
24 29 0
24 51 0
25 3 0
25 19 0
25 28 0
26 20 0
26 28 0
26 52 0
27 5 0
27 23 0
27 30 0
28 4 0
28 25 0
28 26 0
29 24 0
29 30 0
29 53 0
30 6 0
30 27 0
30 29 0
31 1 0
31 32 0
31 54 0
31 33 0
32 31 0
32 34 0
32 56 0
32 55 0
33 60 0
33 61 0
33 62 0
33 31 0
34 32 0
34 57 0
34 58 0
34 59 0
35 3 0
35 63 0
35 64 0
35 65 0
36 4 0
36 66 0
36 67 0
36 68 0
37 6 0
37 69 0
37 70 0
37 71 0
38 8 0
39 9 0
40 9 0
41 12 0
42 13 0
43 13 0
44 7 0
45 19 0
46 20 0
47 22 0
48 22 0
49 22 0
50 23 0
51 24 0
52 26 0
53 29 0
54 31 0
55 32 0
56 32 0
57 34 0
58 34 0
59 34 0
60 33 0
61 33 0
62 33 0
63 35 0
64 35 0
65 35 0
66 36 0
67 36 0
68 36 0
69 37 0
70 37 0
71 37 0
GraphDataEnd
GraphEnd
NodeEnd
NodeStart
EPTNodeID: 13
AnchorID: 17383
TreeNodeGraphID: 43
Level: 10
SimplifiedLevel: 0
EditOperation: 5 73 74 0 0
AccumulatedOpsCount: 9
AccumulatedOp: 0 5 0 2 5
AccumulatedOp: 0 51 0 5 2
AccumulatedOp: 2 75 0 0 5
AccumulatedOp: 2 73 0 0 4
AccumulatedOp: 5 73 75 0 0
AccumulatedOp: 5 51 73 0 0
AccumulatedOp: 2 74 0 0 5
AccumulatedOp: 5 63 73 0 0
AccumulatedOp: 5 73 74 0 0
ChildrenCount: 0
ChildIndices:
CompletedDBGraphIDsCount: 4
CompletedDBGraphID: 1185
CompletedDBGraphID: 22286
CompletedDBGraphID: 12679
CompletedDBGraphID: 6828
GraphStart
GraphDataStart
ID: 43
NumNodes: 76
NumEdges: 158
NodeLabels
2 2 2 2 2 5 2 3 4 4 4 4 4 4 4 4 4 4 4 4 4 4 4 4 4 4 4 4 4 4 4 4 4 4 4 4 4 4 5 5 5 5 5 5 5 5 5 5 5 5 5 2 5 5 5 5 5 5 5 5 5 5 5 5 5 5 5 5 5 5 5 5 5 4 5 5 
Edges
0 14 0
1 21 0
1 31 0
2 21 0
3 25 0
3 35 0
4 28 0
4 36 0
5 27 0
6 30 0
6 37 0
7 11 0
7 17 0
7 44 0
8 9 0
8 13 0
8 16 0
8 38 0
9 8 0
9 11 0
9 39 0
9 40 0
10 11 0
10 12 0
10 14 0
11 7 0
11 9 0
11 10 0
12 10 0
12 15 0
12 18 0
12 41 0
13 8 0
13 14 0
13 42 0
13 43 0
14 0 0
14 10 0
14 13 0
15 12 0
15 17 0
15 21 0
16 8 0
16 19 0
16 20 0
17 7 0
17 15 0
17 22 0
18 12 0
18 23 0
18 24 0
19 16 0
19 25 0
19 45 0
20 16 0
20 26 0
20 46 0
21 1 0
21 2 0
21 15 0
22 17 0
22 47 0
22 48 0
22 49 0
23 18 0
23 27 0
23 50 0
24 18 0
24 29 0
24 51 0
25 3 0
25 19 0
25 28 0
26 20 0
26 28 0
26 52 0
27 5 0
27 23 0
27 30 0
28 4 0
28 25 0
28 26 0
29 24 0
29 30 0
29 53 0
30 6 0
30 27 0
30 29 0
31 1 0
31 32 0
31 54 0
31 55 0
32 31 0
32 33 0
32 34 0
32 56 0
33 32 0
33 60 0
33 61 0
33 62 0
34 32 0
34 57 0
34 58 0
34 59 0
35 3 0
35 64 0
35 65 0
35 66 0
36 4 0
36 67 0
36 68 0
36 69 0
37 6 0
37 70 0
37 71 0
37 72 0
38 8 0
39 9 0
40 9 0
41 12 0
42 13 0
43 13 0
44 7 0
45 19 0
46 20 0
47 22 0
48 22 0
49 22 0
50 23 0
51 24 0
51 73 0
52 26 0
53 29 0
54 31 0
55 31 0
56 32 0
57 34 0
58 34 0
59 34 0
60 33 0
61 33 0
62 33 0
63 73 0
64 35 0
65 35 0
66 35 0
67 36 0
68 36 0
69 36 0
70 37 0
71 37 0
72 37 0
73 75 0
73 51 0
73 63 0
73 74 0
74 73 0
75 73 0
GraphDataEnd
GraphEnd
NodeEnd
NodeStart
EPTNodeID: 14
AnchorID: 17383
TreeNodeGraphID: 47
Level: 5
SimplifiedLevel: 0
EditOperation: 4 12 18 0 0
AccumulatedOpsCount: 4
AccumulatedOp: 4 5 27 0 0
AccumulatedOp: 1 5 0 2 0
AccumulatedOp: 5 12 27 0 0
AccumulatedOp: 4 12 18 0 0
ChildrenCount: 2
ChildIndices: 15 16
CompletedDBGraphIDsCount: 0
GraphStart
GraphDataStart
ID: 47
NumNodes: 72
NumEdges: 148
NodeLabels
2 2 2 2 2 2 3 4 4 4 4 4 4 4 4 4 4 4 4 4 4 4 4 4 4 4 4 4 4 4 4 4 4 4 4 4 4 5 5 5 5 5 5 5 5 5 5 5 5 5 5 5 5 5 5 5 5 5 5 5 5 5 5 5 5 5 5 5 5 5 5 5 
Edges
0 13 0
1 20 0
1 30 0
2 20 0
3 24 0
3 34 0
4 27 0
4 35 0
5 29 0
5 36 0
6 10 0
6 16 0
6 43 0
7 8 0
7 12 0
7 15 0
7 37 0
8 7 0
8 10 0
8 38 0
8 39 0
9 10 0
9 11 0
9 13 0
10 6 0
10 8 0
10 9 0
11 9 0
11 14 0
11 40 0
11 26 0
12 7 0
12 13 0
12 41 0
12 42 0
13 0 0
13 9 0
13 12 0
14 11 0
14 16 0
14 20 0
15 7 0
15 18 0
15 19 0
16 6 0
16 14 0
16 21 0
17 22 0
17 23 0
18 15 0
18 24 0
18 44 0
19 15 0
19 25 0
19 45 0
20 1 0
20 2 0
20 14 0
21 16 0
21 46 0
21 47 0
21 48 0
22 17 0
22 26 0
22 49 0
23 17 0
23 28 0
23 50 0
24 3 0
24 18 0
24 27 0
25 19 0
25 27 0
25 51 0
26 22 0
26 29 0
26 11 0
27 4 0
27 24 0
27 25 0
28 23 0
28 29 0
28 52 0
29 5 0
29 26 0
29 28 0
30 1 0
30 31 0
30 53 0
30 54 0
31 30 0
31 32 0
31 33 0
31 55 0
32 31 0
32 59 0
32 60 0
32 61 0
33 31 0
33 56 0
33 57 0
33 58 0
34 3 0
34 63 0
34 64 0
34 65 0
35 4 0
35 66 0
35 67 0
35 68 0
36 5 0
36 69 0
36 70 0
36 71 0
37 7 0
38 8 0
39 8 0
40 11 0
41 12 0
42 12 0
43 6 0
44 18 0
45 19 0
46 21 0
47 21 0
48 21 0
49 22 0
50 23 0
51 25 0
52 28 0
53 30 0
54 30 0
55 31 0
56 33 0
57 33 0
58 33 0
59 32 0
60 32 0
61 32 0
63 34 0
64 34 0
65 34 0
66 35 0
67 35 0
68 35 0
69 36 0
70 36 0
71 36 0
GraphDataEnd
GraphEnd
NodeEnd
NodeStart
EPTNodeID: 15
AnchorID: 17383
TreeNodeGraphID: 48
Level: 6
SimplifiedLevel: 0
EditOperation: 5 18 63 0 0
AccumulatedOpsCount: 1
AccumulatedOp: 5 18 63 0 0
ChildrenCount: 0
ChildIndices:
CompletedDBGraphIDsCount: 4
CompletedDBGraphID: 17903
CompletedDBGraphID: 480
CompletedDBGraphID: 552
CompletedDBGraphID: 9848
GraphStart
GraphDataStart
ID: 48
NumNodes: 72
NumEdges: 150
NodeLabels
2 2 2 2 2 2 3 4 4 4 4 4 4 4 4 4 4 4 4 4 4 4 4 4 4 4 4 4 4 4 4 4 4 4 4 4 4 5 5 5 5 5 5 5 5 5 5 5 5 5 5 5 5 5 5 5 5 5 5 5 5 5 5 5 5 5 5 5 5 5 5 5 
Edges
0 13 0
1 20 0
1 30 0
2 20 0
3 24 0
3 34 0
4 27 0
4 35 0
5 29 0
5 36 0
6 10 0
6 16 0
6 43 0
7 8 0
7 12 0
7 15 0
7 37 0
8 7 0
8 10 0
8 38 0
8 39 0
9 10 0
9 11 0
9 13 0
10 6 0
10 8 0
10 9 0
11 9 0
11 14 0
11 40 0
11 26 0
12 7 0
12 13 0
12 41 0
12 42 0
13 0 0
13 9 0
13 12 0
14 11 0
14 16 0
14 20 0
15 7 0
15 18 0
15 19 0
16 6 0
16 14 0
16 21 0
17 22 0
17 23 0
17 62 0
18 15 0
18 24 0
18 44 0
19 15 0
19 25 0
19 45 0
20 1 0
20 2 0
20 14 0
21 16 0
21 46 0
21 47 0
21 48 0
22 17 0
22 26 0
22 49 0
23 17 0
23 28 0
23 50 0
24 3 0
24 18 0
24 27 0
25 19 0
25 27 0
25 51 0
26 22 0
26 29 0
26 11 0
27 4 0
27 24 0
27 25 0
28 23 0
28 29 0
28 52 0
29 5 0
29 26 0
29 28 0
30 1 0
30 31 0
30 53 0
30 54 0
31 30 0
31 32 0
31 33 0
31 55 0
32 31 0
32 59 0
32 60 0
32 61 0
33 31 0
33 56 0
33 57 0
33 58 0
34 3 0
34 63 0
34 64 0
34 65 0
35 4 0
35 66 0
35 67 0
35 68 0
36 5 0
36 69 0
36 70 0
36 71 0
37 7 0
38 8 0
39 8 0
40 11 0
41 12 0
42 12 0
43 6 0
44 18 0
45 19 0
46 21 0
47 21 0
48 21 0
49 22 0
50 23 0
51 25 0
52 28 0
53 30 0
54 30 0
55 31 0
56 33 0
57 33 0
58 33 0
59 32 0
60 32 0
61 32 0
62 17 0
63 34 0
64 34 0
65 34 0
66 35 0
67 35 0
68 35 0
69 36 0
70 36 0
71 36 0
GraphDataEnd
GraphEnd
NodeEnd
NodeStart
EPTNodeID: 16
AnchorID: 17383
TreeNodeGraphID: 54
Level: 11
SimplifiedLevel: 0
EditOperation: 5 18 55 0 0
AccumulatedOpsCount: 6
AccumulatedOp: 5 31 34 0 0
AccumulatedOp: 0 55 0 5 8
AccumulatedOp: 5 32 63 0 0
AccumulatedOp: 4 32 34 0 0
AccumulatedOp: 4 31 55 0 0
AccumulatedOp: 5 18 55 0 0
ChildrenCount: 0
ChildIndices:
CompletedDBGraphIDsCount: 1
CompletedDBGraphID: 6745
GraphStart
GraphDataStart
ID: 54
NumNodes: 72
NumEdges: 150
NodeLabels
2 2 2 2 2 2 3 4 4 4 4 4 4 4 4 4 4 4 4 4 4 4 4 4 4 4 4 4 4 4 4 4 4 4 4 4 4 5 5 5 5 5 5 5 5 5 5 5 5 5 5 5 5 5 8 5 5 5 5 5 5 5 5 5 5 5 5 5 5 5 5 5 
Edges
0 13 0
1 20 0
1 30 0
2 20 0
3 24 0
3 34 0
4 27 0
4 35 0
5 29 0
5 36 0
6 10 0
6 16 0
6 43 0
7 8 0
7 12 0
7 15 0
7 37 0
8 7 0
8 10 0
8 38 0
8 39 0
9 10 0
9 11 0
9 13 0
10 6 0
10 8 0
10 9 0
11 9 0
11 14 0
11 40 0
11 26 0
12 7 0
12 13 0
12 41 0
12 42 0
13 0 0
13 9 0
13 12 0
14 11 0
14 16 0
14 20 0
15 7 0
15 18 0
15 19 0
16 6 0
16 14 0
16 21 0
17 22 0
17 23 0
17 54 0
18 15 0
18 24 0
18 44 0
19 15 0
19 25 0
19 45 0
20 1 0
20 2 0
20 14 0
21 16 0
21 46 0
21 47 0
21 48 0
22 17 0
22 26 0
22 49 0
23 17 0
23 28 0
23 50 0
24 3 0
24 18 0
24 27 0
25 19 0
25 27 0
25 51 0
26 22 0
26 29 0
26 11 0
27 4 0
27 24 0
27 25 0
28 23 0
28 29 0
28 52 0
29 5 0
29 26 0
29 28 0
30 1 0
30 31 0
30 53 0
30 33 0
31 30 0
31 32 0
31 55 0
31 62 0
32 31 0
32 59 0
32 60 0
32 61 0
33 56 0
33 57 0
33 58 0
33 30 0
34 3 0
34 63 0
34 64 0
34 65 0
35 4 0
35 66 0
35 67 0
35 68 0
36 5 0
36 69 0
36 70 0
36 71 0
37 7 0
38 8 0
39 8 0
40 11 0
41 12 0
42 12 0
43 6 0
44 18 0
45 19 0
46 21 0
47 21 0
48 21 0
49 22 0
50 23 0
51 25 0
52 28 0
53 30 0
54 17 0
55 31 0
56 33 0
57 33 0
58 33 0
59 32 0
60 32 0
61 32 0
62 31 0
63 34 0
64 34 0
65 34 0
66 35 0
67 35 0
68 35 0
69 36 0
70 36 0
71 36 0
GraphDataEnd
GraphEnd
NodeEnd
NodeStart
EPTNodeID: 17
AnchorID: 17383
TreeNodeGraphID: 63
Level: 9
SimplifiedLevel: 0
EditOperation: 5 63 75 0 0
AccumulatedOpsCount: 9
AccumulatedOp: 4 6 37 0 0
AccumulatedOp: 0 63 0 5 4
AccumulatedOp: 2 73 0 0 5
AccumulatedOp: 2 74 0 0 5
AccumulatedOp: 5 63 74 0 0
AccumulatedOp: 2 75 0 0 5
AccumulatedOp: 5 37 63 0 0
AccumulatedOp: 5 6 73 0 0
AccumulatedOp: 5 63 75 0 0
ChildrenCount: 0
ChildIndices:
CompletedDBGraphIDsCount: 4
CompletedDBGraphID: 10316
CompletedDBGraphID: 4991
CompletedDBGraphID: 15038
CompletedDBGraphID: 15523
GraphStart
GraphDataStart
ID: 63
NumNodes: 76
NumEdges: 158
NodeLabels
2 2 2 2 2 2 2 3 4 4 4 4 4 4 4 4 4 4 4 4 4 4 4 4 4 4 4 4 4 4 4 4 4 4 4 4 4 4 5 5 5 5 5 5 5 5 5 5 5 5 5 5 5 5 5 5 5 5 5 5 5 5 5 4 5 5 5 5 5 5 5 5 5 5 5 5 
Edges
0 14 0
1 21 0
1 31 0
2 21 0
3 25 0
3 35 0
4 28 0
4 36 0
5 27 0
5 63 0
6 30 0
6 73 0
7 11 0
7 17 0
7 44 0
8 9 0
8 13 0
8 16 0
8 38 0
9 8 0
9 11 0
9 39 0
9 40 0
10 11 0
10 12 0
10 14 0
11 7 0
11 9 0
11 10 0
12 10 0
12 15 0
12 18 0
12 41 0
13 8 0
13 14 0
13 42 0
13 43 0
14 0 0
14 10 0
14 13 0
15 12 0
15 17 0
15 21 0
16 8 0
16 19 0
16 20 0
17 7 0
17 15 0
17 22 0
18 12 0
18 23 0
18 24 0
19 16 0
19 25 0
19 45 0
20 16 0
20 26 0
20 46 0
21 1 0
21 2 0
21 15 0
22 17 0
22 47 0
22 48 0
22 49 0
23 18 0
23 27 0
23 50 0
24 18 0
24 29 0
24 51 0
25 3 0
25 19 0
25 28 0
26 20 0
26 28 0
26 52 0
27 5 0
27 23 0
27 30 0
28 4 0
28 25 0
28 26 0
29 24 0
29 30 0
29 53 0
30 6 0
30 27 0
30 29 0
31 1 0
31 32 0
31 54 0
31 55 0
32 31 0
32 33 0
32 34 0
32 56 0
33 32 0
33 60 0
33 61 0
33 62 0
34 32 0
34 57 0
34 58 0
34 59 0
35 3 0
35 64 0
35 65 0
35 66 0
36 4 0
36 67 0
36 68 0
36 69 0
37 70 0
37 71 0
37 72 0
37 63 0
38 8 0
39 9 0
40 9 0
41 12 0
42 13 0
43 13 0
44 7 0
45 19 0
46 20 0
47 22 0
48 22 0
49 22 0
50 23 0
51 24 0
52 26 0
53 29 0
54 31 0
55 31 0
56 32 0
57 34 0
58 34 0
59 34 0
60 33 0
61 33 0
62 33 0
63 5 0
63 74 0
63 37 0
63 75 0
64 35 0
65 35 0
66 35 0
67 36 0
68 36 0
69 36 0
70 37 0
71 37 0
72 37 0
73 6 0
74 63 0
75 63 0
GraphDataEnd
GraphEnd
NodeEnd
NodeStart
EPTNodeID: 18
AnchorID: 17383
TreeNodeGraphID: 67
Level: 4
SimplifiedLevel: 0
EditOperation: 5 32 55 0 0
AccumulatedOpsCount: 4
AccumulatedOp: 4 31 55 0 0
AccumulatedOp: 4 32 33 0 0
AccumulatedOp: 5 31 33 0 0
AccumulatedOp: 5 32 55 0 0
ChildrenCount: 0
ChildIndices:
CompletedDBGraphIDsCount: 1
CompletedDBGraphID: 3748
GraphStart
GraphDataStart
ID: 67
NumNodes: 73
NumEdges: 152
NodeLabels
2 2 2 2 2 2 2 3 4 4 4 4 4 4 4 4 4 4 4 4 4 4 4 4 4 4 4 4 4 4 4 4 4 4 4 4 4 4 5 5 5 5 5 5 5 5 5 5 5 5 5 5 5 5 5 5 5 5 5 5 5 5 5 5 5 5 5 5 5 5 5 5 5 
Edges
0 14 0
1 21 0
1 31 0
2 21 0
3 25 0
3 35 0
4 28 0
4 36 0
5 27 0
5 63 0
6 30 0
6 37 0
7 11 0
7 17 0
7 44 0
8 9 0
8 13 0
8 16 0
8 38 0
9 8 0
9 11 0
9 39 0
9 40 0
10 11 0
10 12 0
10 14 0
11 7 0
11 9 0
11 10 0
12 10 0
12 15 0
12 18 0
12 41 0
13 8 0
13 14 0
13 42 0
13 43 0
14 0 0
14 10 0
14 13 0
15 12 0
15 17 0
15 21 0
16 8 0
16 19 0
16 20 0
17 7 0
17 15 0
17 22 0
18 12 0
18 23 0
18 24 0
19 16 0
19 25 0
19 45 0
20 16 0
20 26 0
20 46 0
21 1 0
21 2 0
21 15 0
22 17 0
22 47 0
22 48 0
22 49 0
23 18 0
23 27 0
23 50 0
24 18 0
24 29 0
24 51 0
25 3 0
25 19 0
25 28 0
26 20 0
26 28 0
26 52 0
27 5 0
27 23 0
27 30 0
28 4 0
28 25 0
28 26 0
29 24 0
29 30 0
29 53 0
30 6 0
30 27 0
30 29 0
31 1 0
31 32 0
31 54 0
31 33 0
32 31 0
32 34 0
32 56 0
32 55 0
33 60 0
33 61 0
33 62 0
33 31 0
34 32 0
34 57 0
34 58 0
34 59 0
35 3 0
35 64 0
35 65 0
35 66 0
36 4 0
36 67 0
36 68 0
36 69 0
37 6 0
37 70 0
37 71 0
37 72 0
38 8 0
39 9 0
40 9 0
41 12 0
42 13 0
43 13 0
44 7 0
45 19 0
46 20 0
47 22 0
48 22 0
49 22 0
50 23 0
51 24 0
52 26 0
53 29 0
54 31 0
55 32 0
56 32 0
57 34 0
58 34 0
59 34 0
60 33 0
61 33 0
62 33 0
63 5 0
64 35 0
65 35 0
66 35 0
67 36 0
68 36 0
69 36 0
70 37 0
71 37 0
72 37 0
GraphDataEnd
GraphEnd
NodeEnd
END_EPT
