BEGIN_EPT
AnchorID: 5796  # ID of the anchor node
RootIndex: 0  # Index of the root node in tree_nodes
NodeCount: 20  # Total number of nodes in the EPT
NodeStart
EPTNodeID: 0
AnchorID: 5796
TreeNodeGraphID: 0
Level: 0
SimplifiedLevel: 0
EditOperation: -1 0 -1 0 0
AccumulatedOpsCount: 0
ChildrenCount: 3
ChildIndices: 1 14 19
CompletedDBGraphIDsCount: 2
CompletedDBGraphID: 4311
CompletedDBGraphID: 9299
GraphStart
GraphDataStart
ID: 0
NumNodes: 73
NumEdges: 154
NodeLabels
2 2 2 2 2 2 3 4 4 4 4 4 4 4 4 4 4 4 4 4 4 4 4 4 4 4 4 4 4 4 4 4 4 4 4 4 4 4 4 4 5 5 5 5 5 5 5 5 5 5 5 5 5 5 5 5 5 5 5 5 5 5 5 5 5 5 5 5 5 5 5 5 5 
Edges
0 13 0
1 21 0
1 30 0
2 21 0
3 24 0
3 32 0
4 26 0
4 31 0
5 27 0
5 33 0
6 10 0
6 16 0
6 46 0
7 8 0
7 12 0
7 15 0
7 40 0
8 7 0
8 10 0
8 41 0
8 42 0
9 10 0
9 11 0
9 13 0
10 6 0
10 8 0
10 9 0
11 9 0
11 14 0
11 17 0
11 43 0
12 7 0
12 13 0
12 44 0
12 45 0
13 0 0
13 9 0
13 12 0
14 11 0
14 16 0
14 21 0
15 7 0
15 18 0
15 19 0
16 6 0
16 14 0
16 20 0
17 11 0
17 22 0
17 23 0
18 15 0
18 24 0
18 47 0
19 15 0
19 25 0
19 48 0
20 16 0
20 49 0
20 50 0
20 51 0
21 1 0
21 2 0
21 14 0
22 17 0
22 26 0
22 52 0
23 17 0
23 28 0
23 53 0
24 3 0
24 18 0
24 27 0
25 19 0
25 27 0
25 54 0
26 4 0
26 22 0
26 29 0
27 5 0
27 24 0
27 25 0
28 23 0
28 29 0
28 55 0
29 26 0
29 28 0
29 56 0
30 1 0
30 57 0
30 58 0
30 59 0
31 4 0
31 34 0
31 60 0
31 61 0
32 3 0
32 62 0
32 63 0
32 64 0
33 5 0
33 65 0
33 66 0
33 67 0
34 31 0
34 35 0
34 36 0
35 34 0
35 37 0
35 68 0
36 34 0
36 38 0
36 69 0
37 35 0
37 39 0
37 70 0
38 36 0
38 39 0
38 71 0
39 37 0
39 38 0
39 72 0
40 7 0
41 8 0
42 8 0
43 11 0
44 12 0
45 12 0
46 6 0
47 18 0
48 19 0
49 20 0
50 20 0
51 20 0
52 22 0
53 23 0
54 25 0
55 28 0
56 29 0
57 30 0
58 30 0
59 30 0
60 31 0
61 31 0
62 32 0
63 32 0
64 32 0
65 33 0
66 33 0
67 33 0
68 35 0
69 36 0
70 37 0
71 38 0
72 39 0
GraphDataEnd
GraphEnd
NodeEnd
NodeStart
EPTNodeID: 1
AnchorID: 5796
TreeNodeGraphID: 1
Level: 1
SimplifiedLevel: 0
EditOperation: 4 4 31 0 0
AccumulatedOpsCount: 1
AccumulatedOp: 4 4 31 0 0
ChildrenCount: 2
ChildIndices: 2 13
CompletedDBGraphIDsCount: 0
GraphStart
GraphDataStart
ID: 1
NumNodes: 73
NumEdges: 152
NodeLabels
2 2 2 2 2 2 3 4 4 4 4 4 4 4 4 4 4 4 4 4 4 4 4 4 4 4 4 4 4 4 4 4 4 4 4 4 4 4 4 4 5 5 5 5 5 5 5 5 5 5 5 5 5 5 5 5 5 5 5 5 5 5 5 5 5 5 5 5 5 5 5 5 5 
Edges
0 13 0
1 21 0
1 30 0
2 21 0
3 24 0
3 32 0
4 26 0
5 27 0
5 33 0
6 10 0
6 16 0
6 46 0
7 8 0
7 12 0
7 15 0
7 40 0
8 7 0
8 10 0
8 41 0
8 42 0
9 10 0
9 11 0
9 13 0
10 6 0
10 8 0
10 9 0
11 9 0
11 14 0
11 17 0
11 43 0
12 7 0
12 13 0
12 44 0
12 45 0
13 0 0
13 9 0
13 12 0
14 11 0
14 16 0
14 21 0
15 7 0
15 18 0
15 19 0
16 6 0
16 14 0
16 20 0
17 11 0
17 22 0
17 23 0
18 15 0
18 24 0
18 47 0
19 15 0
19 25 0
19 48 0
20 16 0
20 49 0
20 50 0
20 51 0
21 1 0
21 2 0
21 14 0
22 17 0
22 26 0
22 52 0
23 17 0
23 28 0
23 53 0
24 3 0
24 18 0
24 27 0
25 19 0
25 27 0
25 54 0
26 4 0
26 22 0
26 29 0
27 5 0
27 24 0
27 25 0
28 23 0
28 29 0
28 55 0
29 26 0
29 28 0
29 56 0
30 1 0
30 57 0
30 58 0
30 59 0
31 34 0
31 60 0
31 61 0
32 3 0
32 62 0
32 63 0
32 64 0
33 5 0
33 65 0
33 66 0
33 67 0
34 31 0
34 35 0
34 36 0
35 34 0
35 37 0
35 68 0
36 34 0
36 38 0
36 69 0
37 35 0
37 39 0
37 70 0
38 36 0
38 39 0
38 71 0
39 37 0
39 38 0
39 72 0
40 7 0
41 8 0
42 8 0
43 11 0
44 12 0
45 12 0
46 6 0
47 18 0
48 19 0
49 20 0
50 20 0
51 20 0
52 22 0
53 23 0
54 25 0
55 28 0
56 29 0
57 30 0
58 30 0
59 30 0
60 31 0
61 31 0
62 32 0
63 32 0
64 32 0
65 33 0
66 33 0
67 33 0
68 35 0
69 36 0
70 37 0
71 38 0
72 39 0
GraphDataEnd
GraphEnd
NodeEnd
NodeStart
EPTNodeID: 2
AnchorID: 5796
TreeNodeGraphID: 2
Level: 2
SimplifiedLevel: 0
EditOperation: 5 30 31 0 0
AccumulatedOpsCount: 1
AccumulatedOp: 5 30 31 0 0
ChildrenCount: 3
ChildIndices: 3 10 12
CompletedDBGraphIDsCount: 0
GraphStart
GraphDataStart
ID: 2
NumNodes: 73
NumEdges: 154
NodeLabels
2 2 2 2 2 2 3 4 4 4 4 4 4 4 4 4 4 4 4 4 4 4 4 4 4 4 4 4 4 4 4 4 4 4 4 4 4 4 4 4 5 5 5 5 5 5 5 5 5 5 5 5 5 5 5 5 5 5 5 5 5 5 5 5 5 5 5 5 5 5 5 5 5 
Edges
0 13 0
1 21 0
1 30 0
2 21 0
3 24 0
3 32 0
4 26 0
5 27 0
5 33 0
6 10 0
6 16 0
6 46 0
7 8 0
7 12 0
7 15 0
7 40 0
8 7 0
8 10 0
8 41 0
8 42 0
9 10 0
9 11 0
9 13 0
10 6 0
10 8 0
10 9 0
11 9 0
11 14 0
11 17 0
11 43 0
12 7 0
12 13 0
12 44 0
12 45 0
13 0 0
13 9 0
13 12 0
14 11 0
14 16 0
14 21 0
15 7 0
15 18 0
15 19 0
16 6 0
16 14 0
16 20 0
17 11 0
17 22 0
17 23 0
18 15 0
18 24 0
18 47 0
19 15 0
19 25 0
19 48 0
20 16 0
20 49 0
20 50 0
20 51 0
21 1 0
21 2 0
21 14 0
22 17 0
22 26 0
22 52 0
23 17 0
23 28 0
23 53 0
24 3 0
24 18 0
24 27 0
25 19 0
25 27 0
25 54 0
26 4 0
26 22 0
26 29 0
27 5 0
27 24 0
27 25 0
28 23 0
28 29 0
28 55 0
29 26 0
29 28 0
29 56 0
30 1 0
30 57 0
30 58 0
30 59 0
30 31 0
31 34 0
31 60 0
31 61 0
31 30 0
32 3 0
32 62 0
32 63 0
32 64 0
33 5 0
33 65 0
33 66 0
33 67 0
34 31 0
34 35 0
34 36 0
35 34 0
35 37 0
35 68 0
36 34 0
36 38 0
36 69 0
37 35 0
37 39 0
37 70 0
38 36 0
38 39 0
38 71 0
39 37 0
39 38 0
39 72 0
40 7 0
41 8 0
42 8 0
43 11 0
44 12 0
45 12 0
46 6 0
47 18 0
48 19 0
49 20 0
50 20 0
51 20 0
52 22 0
53 23 0
54 25 0
55 28 0
56 29 0
57 30 0
58 30 0
59 30 0
60 31 0
61 31 0
62 32 0
63 32 0
64 32 0
65 33 0
66 33 0
67 33 0
68 35 0
69 36 0
70 37 0
71 38 0
72 39 0
GraphDataEnd
GraphEnd
NodeEnd
NodeStart
EPTNodeID: 3
AnchorID: 5796
TreeNodeGraphID: 3
Level: 3
SimplifiedLevel: 0
EditOperation: 0 4 0 2 5
AccumulatedOpsCount: 1
AccumulatedOp: 0 4 0 2 5
ChildrenCount: 2
ChildIndices: 4 7
CompletedDBGraphIDsCount: 0
GraphStart
GraphDataStart
ID: 3
NumNodes: 73
NumEdges: 154
NodeLabels
2 2 2 2 5 2 3 4 4 4 4 4 4 4 4 4 4 4 4 4 4 4 4 4 4 4 4 4 4 4 4 4 4 4 4 4 4 4 4 4 5 5 5 5 5 5 5 5 5 5 5 5 5 5 5 5 5 5 5 5 5 5 5 5 5 5 5 5 5 5 5 5 5 
Edges
0 13 0
1 21 0
1 30 0
2 21 0
3 24 0
3 32 0
4 26 0
5 27 0
5 33 0
6 10 0
6 16 0
6 46 0
7 8 0
7 12 0
7 15 0
7 40 0
8 7 0
8 10 0
8 41 0
8 42 0
9 10 0
9 11 0
9 13 0
10 6 0
10 8 0
10 9 0
11 9 0
11 14 0
11 17 0
11 43 0
12 7 0
12 13 0
12 44 0
12 45 0
13 0 0
13 9 0
13 12 0
14 11 0
14 16 0
14 21 0
15 7 0
15 18 0
15 19 0
16 6 0
16 14 0
16 20 0
17 11 0
17 22 0
17 23 0
18 15 0
18 24 0
18 47 0
19 15 0
19 25 0
19 48 0
20 16 0
20 49 0
20 50 0
20 51 0
21 1 0
21 2 0
21 14 0
22 17 0
22 26 0
22 52 0
23 17 0
23 28 0
23 53 0
24 3 0
24 18 0
24 27 0
25 19 0
25 27 0
25 54 0
26 4 0
26 22 0
26 29 0
27 5 0
27 24 0
27 25 0
28 23 0
28 29 0
28 55 0
29 26 0
29 28 0
29 56 0
30 1 0
30 57 0
30 58 0
30 59 0
30 31 0
31 34 0
31 60 0
31 61 0
31 30 0
32 3 0
32 62 0
32 63 0
32 64 0
33 5 0
33 65 0
33 66 0
33 67 0
34 31 0
34 35 0
34 36 0
35 34 0
35 37 0
35 68 0
36 34 0
36 38 0
36 69 0
37 35 0
37 39 0
37 70 0
38 36 0
38 39 0
38 71 0
39 37 0
39 38 0
39 72 0
40 7 0
41 8 0
42 8 0
43 11 0
44 12 0
45 12 0
46 6 0
47 18 0
48 19 0
49 20 0
50 20 0
51 20 0
52 22 0
53 23 0
54 25 0
55 28 0
56 29 0
57 30 0
58 30 0
59 30 0
60 31 0
61 31 0
62 32 0
63 32 0
64 32 0
65 33 0
66 33 0
67 33 0
68 35 0
69 36 0
70 37 0
71 38 0
72 39 0
GraphDataEnd
GraphEnd
NodeEnd
NodeStart
EPTNodeID: 4
AnchorID: 5796
TreeNodeGraphID: 5
Level: 5
SimplifiedLevel: 0
EditOperation: 1 59 0 5 0
AccumulatedOpsCount: 2
AccumulatedOp: 4 30 59 0 0
AccumulatedOp: 1 59 0 5 0
ChildrenCount: 2
ChildIndices: 5 6
CompletedDBGraphIDsCount: 0
GraphStart
GraphDataStart
ID: 5
NumNodes: 72
NumEdges: 152
NodeLabels
2 2 2 2 5 2 3 4 4 4 4 4 4 4 4 4 4 4 4 4 4 4 4 4 4 4 4 4 4 4 4 4 4 4 4 4 4 4 4 4 5 5 5 5 5 5 5 5 5 5 5 5 5 5 5 5 5 5 5 5 5 5 5 5 5 5 5 5 5 5 5 5 
Edges
0 13 0
1 21 0
1 30 0
2 21 0
3 24 0
3 32 0
4 26 0
5 27 0
5 33 0
6 10 0
6 16 0
6 46 0
7 8 0
7 12 0
7 15 0
7 40 0
8 7 0
8 10 0
8 41 0
8 42 0
9 10 0
9 11 0
9 13 0
10 6 0
10 8 0
10 9 0
11 9 0
11 14 0
11 17 0
11 43 0
12 7 0
12 13 0
12 44 0
12 45 0
13 0 0
13 9 0
13 12 0
14 11 0
14 16 0
14 21 0
15 7 0
15 18 0
15 19 0
16 6 0
16 14 0
16 20 0
17 11 0
17 22 0
17 23 0
18 15 0
18 24 0
18 47 0
19 15 0
19 25 0
19 48 0
20 16 0
20 49 0
20 50 0
20 51 0
21 1 0
21 2 0
21 14 0
22 17 0
22 26 0
22 52 0
23 17 0
23 28 0
23 53 0
24 3 0
24 18 0
24 27 0
25 19 0
25 27 0
25 54 0
26 4 0
26 22 0
26 29 0
27 5 0
27 24 0
27 25 0
28 23 0
28 29 0
28 55 0
29 26 0
29 28 0
29 56 0
30 1 0
30 57 0
30 58 0
30 31 0
31 34 0
31 59 0
31 60 0
31 30 0
32 3 0
32 61 0
32 62 0
32 63 0
33 5 0
33 64 0
33 65 0
33 66 0
34 31 0
34 35 0
34 36 0
35 34 0
35 37 0
35 67 0
36 34 0
36 38 0
36 68 0
37 35 0
37 39 0
37 69 0
38 36 0
38 39 0
38 70 0
39 37 0
39 38 0
39 71 0
40 7 0
41 8 0
42 8 0
43 11 0
44 12 0
45 12 0
46 6 0
47 18 0
48 19 0
49 20 0
50 20 0
51 20 0
52 22 0
53 23 0
54 25 0
55 28 0
56 29 0
57 30 0
58 30 0
59 31 0
60 31 0
61 32 0
62 32 0
63 32 0
64 33 0
65 33 0
66 33 0
67 35 0
68 36 0
69 37 0
70 38 0
71 39 0
GraphDataEnd
GraphEnd
NodeEnd
NodeStart
EPTNodeID: 5
AnchorID: 5796
TreeNodeGraphID: 6
Level: 6
SimplifiedLevel: 0
EditOperation: 0 56 0 5 1
AccumulatedOpsCount: 1
AccumulatedOp: 0 56 0 5 1
ChildrenCount: 0
ChildIndices:
CompletedDBGraphIDsCount: 4
CompletedDBGraphID: 3940
CompletedDBGraphID: 22076
CompletedDBGraphID: 5802
CompletedDBGraphID: 16691
GraphStart
GraphDataStart
ID: 6
NumNodes: 72
NumEdges: 152
NodeLabels
2 2 2 2 5 2 3 4 4 4 4 4 4 4 4 4 4 4 4 4 4 4 4 4 4 4 4 4 4 4 4 4 4 4 4 4 4 4 4 4 5 5 5 5 5 5 5 5 5 5 5 5 5 5 5 5 1 5 5 5 5 5 5 5 5 5 5 5 5 5 5 5 
Edges
0 13 0
1 21 0
1 30 0
2 21 0
3 24 0
3 32 0
4 26 0
5 27 0
5 33 0
6 10 0
6 16 0
6 46 0
7 8 0
7 12 0
7 15 0
7 40 0
8 7 0
8 10 0
8 41 0
8 42 0
9 10 0
9 11 0
9 13 0
10 6 0
10 8 0
10 9 0
11 9 0
11 14 0
11 17 0
11 43 0
12 7 0
12 13 0
12 44 0
12 45 0
13 0 0
13 9 0
13 12 0
14 11 0
14 16 0
14 21 0
15 7 0
15 18 0
15 19 0
16 6 0
16 14 0
16 20 0
17 11 0
17 22 0
17 23 0
18 15 0
18 24 0
18 47 0
19 15 0
19 25 0
19 48 0
20 16 0
20 49 0
20 50 0
20 51 0
21 1 0
21 2 0
21 14 0
22 17 0
22 26 0
22 52 0
23 17 0
23 28 0
23 53 0
24 3 0
24 18 0
24 27 0
25 19 0
25 27 0
25 54 0
26 4 0
26 22 0
26 29 0
27 5 0
27 24 0
27 25 0
28 23 0
28 29 0
28 55 0
29 26 0
29 28 0
29 56 0
30 1 0
30 57 0
30 58 0
30 31 0
31 34 0
31 59 0
31 60 0
31 30 0
32 3 0
32 61 0
32 62 0
32 63 0
33 5 0
33 64 0
33 65 0
33 66 0
34 31 0
34 35 0
34 36 0
35 34 0
35 37 0
35 67 0
36 34 0
36 38 0
36 68 0
37 35 0
37 39 0
37 69 0
38 36 0
38 39 0
38 70 0
39 37 0
39 38 0
39 71 0
40 7 0
41 8 0
42 8 0
43 11 0
44 12 0
45 12 0
46 6 0
47 18 0
48 19 0
49 20 0
50 20 0
51 20 0
52 22 0
53 23 0
54 25 0
55 28 0
56 29 0
57 30 0
58 30 0
59 31 0
60 31 0
61 32 0
62 32 0
63 32 0
64 33 0
65 33 0
66 33 0
67 35 0
68 36 0
69 37 0
70 38 0
71 39 0
GraphDataEnd
GraphEnd
NodeEnd
NodeStart
EPTNodeID: 6
AnchorID: 5796
TreeNodeGraphID: 7
Level: 6
SimplifiedLevel: 0
EditOperation: 0 52 0 5 1
AccumulatedOpsCount: 1
AccumulatedOp: 0 52 0 5 1
ChildrenCount: 0
ChildIndices:
CompletedDBGraphIDsCount: 4
CompletedDBGraphID: 20020
CompletedDBGraphID: 19814
CompletedDBGraphID: 9950
CompletedDBGraphID: 13168
GraphStart
GraphDataStart
ID: 7
NumNodes: 72
NumEdges: 152
NodeLabels
2 2 2 2 5 2 3 4 4 4 4 4 4 4 4 4 4 4 4 4 4 4 4 4 4 4 4 4 4 4 4 4 4 4 4 4 4 4 4 4 5 5 5 5 5 5 5 5 5 5 5 5 1 5 5 5 5 5 5 5 5 5 5 5 5 5 5 5 5 5 5 5 
Edges
0 13 0
1 21 0
1 30 0
2 21 0
3 24 0
3 32 0
4 26 0
5 27 0
5 33 0
6 10 0
6 16 0
6 46 0
7 8 0
7 12 0
7 15 0
7 40 0
8 7 0
8 10 0
8 41 0
8 42 0
9 10 0
9 11 0
9 13 0
10 6 0
10 8 0
10 9 0
11 9 0
11 14 0
11 17 0
11 43 0
12 7 0
12 13 0
12 44 0
12 45 0
13 0 0
13 9 0
13 12 0
14 11 0
14 16 0
14 21 0
15 7 0
15 18 0
15 19 0
16 6 0
16 14 0
16 20 0
17 11 0
17 22 0
17 23 0
18 15 0
18 24 0
18 47 0
19 15 0
19 25 0
19 48 0
20 16 0
20 49 0
20 50 0
20 51 0
21 1 0
21 2 0
21 14 0
22 17 0
22 26 0
22 52 0
23 17 0
23 28 0
23 53 0
24 3 0
24 18 0
24 27 0
25 19 0
25 27 0
25 54 0
26 4 0
26 22 0
26 29 0
27 5 0
27 24 0
27 25 0
28 23 0
28 29 0
28 55 0
29 26 0
29 28 0
29 56 0
30 1 0
30 57 0
30 58 0
30 31 0
31 34 0
31 59 0
31 60 0
31 30 0
32 3 0
32 61 0
32 62 0
32 63 0
33 5 0
33 64 0
33 65 0
33 66 0
34 31 0
34 35 0
34 36 0
35 34 0
35 37 0
35 67 0
36 34 0
36 38 0
36 68 0
37 35 0
37 39 0
37 69 0
38 36 0
38 39 0
38 70 0
39 37 0
39 38 0
39 71 0
40 7 0
41 8 0
42 8 0
43 11 0
44 12 0
45 12 0
46 6 0
47 18 0
48 19 0
49 20 0
50 20 0
51 20 0
52 22 0
53 23 0
54 25 0
55 28 0
56 29 0
57 30 0
58 30 0
59 31 0
60 31 0
61 32 0
62 32 0
63 32 0
64 33 0
65 33 0
66 33 0
67 35 0
68 36 0
69 37 0
70 38 0
71 39 0
GraphDataEnd
GraphEnd
NodeEnd
NodeStart
EPTNodeID: 7
AnchorID: 5796
TreeNodeGraphID: 10
Level: 6
SimplifiedLevel: 0
EditOperation: 4 30 58 0 0
AccumulatedOpsCount: 3
AccumulatedOp: 2 73 0 0 5
AccumulatedOp: 2 74 0 0 5
AccumulatedOp: 4 30 58 0 0
ChildrenCount: 2
ChildIndices: 8 9
CompletedDBGraphIDsCount: 0
GraphStart
GraphDataStart
ID: 10
NumNodes: 75
NumEdges: 152
NodeLabels
2 2 2 2 5 2 3 4 4 4 4 4 4 4 4 4 4 4 4 4 4 4 4 4 4 4 4 4 4 4 4 4 4 4 4 4 4 4 4 4 5 5 5 5 5 5 5 5 5 5 5 5 5 5 5 5 5 5 5 5 5 5 5 5 5 5 5 5 5 5 5 5 5 5 5 
Edges
0 13 0
1 21 0
1 30 0
2 21 0
3 24 0
3 32 0
4 26 0
5 27 0
5 33 0
6 10 0
6 16 0
6 46 0
7 8 0
7 12 0
7 15 0
7 40 0
8 7 0
8 10 0
8 41 0
8 42 0
9 10 0
9 11 0
9 13 0
10 6 0
10 8 0
10 9 0
11 9 0
11 14 0
11 17 0
11 43 0
12 7 0
12 13 0
12 44 0
12 45 0
13 0 0
13 9 0
13 12 0
14 11 0
14 16 0
14 21 0
15 7 0
15 18 0
15 19 0
16 6 0
16 14 0
16 20 0
17 11 0
17 22 0
17 23 0
18 15 0
18 24 0
18 47 0
19 15 0
19 25 0
19 48 0
20 16 0
20 49 0
20 50 0
20 51 0
21 1 0
21 2 0
21 14 0
22 17 0
22 26 0
22 52 0
23 17 0
23 28 0
23 53 0
24 3 0
24 18 0
24 27 0
25 19 0
25 27 0
25 54 0
26 4 0
26 22 0
26 29 0
27 5 0
27 24 0
27 25 0
28 23 0
28 29 0
28 55 0
29 26 0
29 28 0
29 56 0
30 1 0
30 57 0
30 59 0
30 31 0
31 34 0
31 60 0
31 61 0
31 30 0
32 3 0
32 62 0
32 63 0
32 64 0
33 5 0
33 65 0
33 66 0
33 67 0
34 31 0
34 35 0
34 36 0
35 34 0
35 37 0
35 68 0
36 34 0
36 38 0
36 69 0
37 35 0
37 39 0
37 70 0
38 36 0
38 39 0
38 71 0
39 37 0
39 38 0
39 72 0
40 7 0
41 8 0
42 8 0
43 11 0
44 12 0
45 12 0
46 6 0
47 18 0
48 19 0
49 20 0
50 20 0
51 20 0
52 22 0
53 23 0
54 25 0
55 28 0
56 29 0
57 30 0
59 30 0
60 31 0
61 31 0
62 32 0
63 32 0
64 32 0
65 33 0
66 33 0
67 33 0
68 35 0
69 36 0
70 37 0
71 38 0
72 39 0
GraphDataEnd
GraphEnd
NodeEnd
NodeStart
EPTNodeID: 8
AnchorID: 5796
TreeNodeGraphID: 14
Level: 10
SimplifiedLevel: 0
EditOperation: 5 53 58 0 0
AccumulatedOpsCount: 4
AccumulatedOp: 0 53 0 5 4
AccumulatedOp: 5 53 73 0 0
AccumulatedOp: 5 53 74 0 0
AccumulatedOp: 5 53 58 0 0
ChildrenCount: 0
ChildIndices:
CompletedDBGraphIDsCount: 4
CompletedDBGraphID: 7100
CompletedDBGraphID: 7978
CompletedDBGraphID: 11963
CompletedDBGraphID: 19519
GraphStart
GraphDataStart
ID: 14
NumNodes: 75
NumEdges: 158
NodeLabels
2 2 2 2 5 2 3 4 4 4 4 4 4 4 4 4 4 4 4 4 4 4 4 4 4 4 4 4 4 4 4 4 4 4 4 4 4 4 4 4 5 5 5 5 5 5 5 5 5 5 5 5 5 4 5 5 5 5 5 5 5 5 5 5 5 5 5 5 5 5 5 5 5 5 5 
Edges
0 13 0
1 21 0
1 30 0
2 21 0
3 24 0
3 32 0
4 26 0
5 27 0
5 33 0
6 10 0
6 16 0
6 46 0
7 8 0
7 12 0
7 15 0
7 40 0
8 7 0
8 10 0
8 41 0
8 42 0
9 10 0
9 11 0
9 13 0
10 6 0
10 8 0
10 9 0
11 9 0
11 14 0
11 17 0
11 43 0
12 7 0
12 13 0
12 44 0
12 45 0
13 0 0
13 9 0
13 12 0
14 11 0
14 16 0
14 21 0
15 7 0
15 18 0
15 19 0
16 6 0
16 14 0
16 20 0
17 11 0
17 22 0
17 23 0
18 15 0
18 24 0
18 47 0
19 15 0
19 25 0
19 48 0
20 16 0
20 49 0
20 50 0
20 51 0
21 1 0
21 2 0
21 14 0
22 17 0
22 26 0
22 52 0
23 17 0
23 28 0
23 53 0
24 3 0
24 18 0
24 27 0
25 19 0
25 27 0
25 54 0
26 4 0
26 22 0
26 29 0
27 5 0
27 24 0
27 25 0
28 23 0
28 29 0
28 55 0
29 26 0
29 28 0
29 56 0
30 1 0
30 57 0
30 59 0
30 31 0
31 34 0
31 60 0
31 61 0
31 30 0
32 3 0
32 62 0
32 63 0
32 64 0
33 5 0
33 65 0
33 66 0
33 67 0
34 31 0
34 35 0
34 36 0
35 34 0
35 37 0
35 68 0
36 34 0
36 38 0
36 69 0
37 35 0
37 39 0
37 70 0
38 36 0
38 39 0
38 71 0
39 37 0
39 38 0
39 72 0
40 7 0
41 8 0
42 8 0
43 11 0
44 12 0
45 12 0
46 6 0
47 18 0
48 19 0
49 20 0
50 20 0
51 20 0
52 22 0
53 23 0
53 73 0
53 74 0
53 58 0
54 25 0
55 28 0
56 29 0
57 30 0
58 53 0
59 30 0
60 31 0
61 31 0
62 32 0
63 32 0
64 32 0
65 33 0
66 33 0
67 33 0
68 35 0
69 36 0
70 37 0
71 38 0
72 39 0
73 53 0
74 53 0
GraphDataEnd
GraphEnd
NodeEnd
NodeStart
EPTNodeID: 9
AnchorID: 5796
TreeNodeGraphID: 18
Level: 10
SimplifiedLevel: 0
EditOperation: 5 56 58 0 0
AccumulatedOpsCount: 4
AccumulatedOp: 5 56 73 0 0
AccumulatedOp: 0 56 0 5 4
AccumulatedOp: 5 56 74 0 0
AccumulatedOp: 5 56 58 0 0
ChildrenCount: 0
ChildIndices:
CompletedDBGraphIDsCount: 3
CompletedDBGraphID: 4694
CompletedDBGraphID: 4674
CompletedDBGraphID: 9703
GraphStart
GraphDataStart
ID: 18
NumNodes: 75
NumEdges: 158
NodeLabels
2 2 2 2 5 2 3 4 4 4 4 4 4 4 4 4 4 4 4 4 4 4 4 4 4 4 4 4 4 4 4 4 4 4 4 4 4 4 4 4 5 5 5 5 5 5 5 5 5 5 5 5 5 5 5 5 4 5 5 5 5 5 5 5 5 5 5 5 5 5 5 5 5 5 5 
Edges
0 13 0
1 21 0
1 30 0
2 21 0
3 24 0
3 32 0
4 26 0
5 27 0
5 33 0
6 10 0
6 16 0
6 46 0
7 8 0
7 12 0
7 15 0
7 40 0
8 7 0
8 10 0
8 41 0
8 42 0
9 10 0
9 11 0
9 13 0
10 6 0
10 8 0
10 9 0
11 9 0
11 14 0
11 17 0
11 43 0
12 7 0
12 13 0
12 44 0
12 45 0
13 0 0
13 9 0
13 12 0
14 11 0
14 16 0
14 21 0
15 7 0
15 18 0
15 19 0
16 6 0
16 14 0
16 20 0
17 11 0
17 22 0
17 23 0
18 15 0
18 24 0
18 47 0
19 15 0
19 25 0
19 48 0
20 16 0
20 49 0
20 50 0
20 51 0
21 1 0
21 2 0
21 14 0
22 17 0
22 26 0
22 52 0
23 17 0
23 28 0
23 53 0
24 3 0
24 18 0
24 27 0
25 19 0
25 27 0
25 54 0
26 4 0
26 22 0
26 29 0
27 5 0
27 24 0
27 25 0
28 23 0
28 29 0
28 55 0
29 26 0
29 28 0
29 56 0
30 1 0
30 57 0
30 59 0
30 31 0
31 34 0
31 60 0
31 61 0
31 30 0
32 3 0
32 62 0
32 63 0
32 64 0
33 5 0
33 65 0
33 66 0
33 67 0
34 31 0
34 35 0
34 36 0
35 34 0
35 37 0
35 68 0
36 34 0
36 38 0
36 69 0
37 35 0
37 39 0
37 70 0
38 36 0
38 39 0
38 71 0
39 37 0
39 38 0
39 72 0
40 7 0
41 8 0
42 8 0
43 11 0
44 12 0
45 12 0
46 6 0
47 18 0
48 19 0
49 20 0
50 20 0
51 20 0
52 22 0
53 23 0
54 25 0
55 28 0
56 29 0
56 73 0
56 74 0
56 58 0
57 30 0
58 56 0
59 30 0
60 31 0
61 31 0
62 32 0
63 32 0
64 32 0
65 33 0
66 33 0
67 33 0
68 35 0
69 36 0
70 37 0
71 38 0
72 39 0
73 56 0
74 56 0
GraphDataEnd
GraphEnd
NodeEnd
NodeStart
EPTNodeID: 10
AnchorID: 5796
TreeNodeGraphID: 20
Level: 4
SimplifiedLevel: 0
EditOperation: 5 4 58 0 0
AccumulatedOpsCount: 2
AccumulatedOp: 4 30 58 0 0
AccumulatedOp: 5 4 58 0 0
ChildrenCount: 1
ChildIndices: 11
CompletedDBGraphIDsCount: 3
CompletedDBGraphID: 19618
CompletedDBGraphID: 6491
CompletedDBGraphID: 13130
GraphStart
GraphDataStart
ID: 20
NumNodes: 73
NumEdges: 154
NodeLabels
2 2 2 2 2 2 3 4 4 4 4 4 4 4 4 4 4 4 4 4 4 4 4 4 4 4 4 4 4 4 4 4 4 4 4 4 4 4 4 4 5 5 5 5 5 5 5 5 5 5 5 5 5 5 5 5 5 5 5 5 5 5 5 5 5 5 5 5 5 5 5 5 5 
Edges
0 13 0
1 21 0
1 30 0
2 21 0
3 24 0
3 32 0
4 26 0
4 58 0
5 27 0
5 33 0
6 10 0
6 16 0
6 46 0
7 8 0
7 12 0
7 15 0
7 40 0
8 7 0
8 10 0
8 41 0
8 42 0
9 10 0
9 11 0
9 13 0
10 6 0
10 8 0
10 9 0
11 9 0
11 14 0
11 17 0
11 43 0
12 7 0
12 13 0
12 44 0
12 45 0
13 0 0
13 9 0
13 12 0
14 11 0
14 16 0
14 21 0
15 7 0
15 18 0
15 19 0
16 6 0
16 14 0
16 20 0
17 11 0
17 22 0
17 23 0
18 15 0
18 24 0
18 47 0
19 15 0
19 25 0
19 48 0
20 16 0
20 49 0
20 50 0
20 51 0
21 1 0
21 2 0
21 14 0
22 17 0
22 26 0
22 52 0
23 17 0
23 28 0
23 53 0
24 3 0
24 18 0
24 27 0
25 19 0
25 27 0
25 54 0
26 4 0
26 22 0
26 29 0
27 5 0
27 24 0
27 25 0
28 23 0
28 29 0
28 55 0
29 26 0
29 28 0
29 56 0
30 1 0
30 57 0
30 59 0
30 31 0
31 34 0
31 60 0
31 61 0
31 30 0
32 3 0
32 62 0
32 63 0
32 64 0
33 5 0
33 65 0
33 66 0
33 67 0
34 31 0
34 35 0
34 36 0
35 34 0
35 37 0
35 68 0
36 34 0
36 38 0
36 69 0
37 35 0
37 39 0
37 70 0
38 36 0
38 39 0
38 71 0
39 37 0
39 38 0
39 72 0
40 7 0
41 8 0
42 8 0
43 11 0
44 12 0
45 12 0
46 6 0
47 18 0
48 19 0
49 20 0
50 20 0
51 20 0
52 22 0
53 23 0
54 25 0
55 28 0
56 29 0
57 30 0
58 4 0
59 30 0
60 31 0
61 31 0
62 32 0
63 32 0
64 32 0
65 33 0
66 33 0
67 33 0
68 35 0
69 36 0
70 37 0
71 38 0
72 39 0
GraphDataEnd
GraphEnd
NodeEnd
NodeStart
EPTNodeID: 11
AnchorID: 5796
TreeNodeGraphID: 25
Level: 9
SimplifiedLevel: 0
EditOperation: 5 4 73 0 0
AccumulatedOpsCount: 5
AccumulatedOp: 0 4 0 2 4
AccumulatedOp: 2 73 0 0 5
AccumulatedOp: 2 74 0 0 5
AccumulatedOp: 5 4 74 0 0
AccumulatedOp: 5 4 73 0 0
ChildrenCount: 0
ChildIndices:
CompletedDBGraphIDsCount: 4
CompletedDBGraphID: 11978
CompletedDBGraphID: 7225
CompletedDBGraphID: 17117
CompletedDBGraphID: 9145
GraphStart
GraphDataStart
ID: 25
NumNodes: 75
NumEdges: 158
NodeLabels
2 2 2 2 4 2 3 4 4 4 4 4 4 4 4 4 4 4 4 4 4 4 4 4 4 4 4 4 4 4 4 4 4 4 4 4 4 4 4 4 5 5 5 5 5 5 5 5 5 5 5 5 5 5 5 5 5 5 5 5 5 5 5 5 5 5 5 5 5 5 5 5 5 5 5 
Edges
0 13 0
1 21 0
1 30 0
2 21 0
3 24 0
3 32 0
4 26 0
4 58 0
4 74 0
4 73 0
5 27 0
5 33 0
6 10 0
6 16 0
6 46 0
7 8 0
7 12 0
7 15 0
7 40 0
8 7 0
8 10 0
8 41 0
8 42 0
9 10 0
9 11 0
9 13 0
10 6 0
10 8 0
10 9 0
11 9 0
11 14 0
11 17 0
11 43 0
12 7 0
12 13 0
12 44 0
12 45 0
13 0 0
13 9 0
13 12 0
14 11 0
14 16 0
14 21 0
15 7 0
15 18 0
15 19 0
16 6 0
16 14 0
16 20 0
17 11 0
17 22 0
17 23 0
18 15 0
18 24 0
18 47 0
19 15 0
19 25 0
19 48 0
20 16 0
20 49 0
20 50 0
20 51 0
21 1 0
21 2 0
21 14 0
22 17 0
22 26 0
22 52 0
23 17 0
23 28 0
23 53 0
24 3 0
24 18 0
24 27 0
25 19 0
25 27 0
25 54 0
26 4 0
26 22 0
26 29 0
27 5 0
27 24 0
27 25 0
28 23 0
28 29 0
28 55 0
29 26 0
29 28 0
29 56 0
30 1 0
30 57 0
30 59 0
30 31 0
31 34 0
31 60 0
31 61 0
31 30 0
32 3 0
32 62 0
32 63 0
32 64 0
33 5 0
33 65 0
33 66 0
33 67 0
34 31 0
34 35 0
34 36 0
35 34 0
35 37 0
35 68 0
36 34 0
36 38 0
36 69 0
37 35 0
37 39 0
37 70 0
38 36 0
38 39 0
38 71 0
39 37 0
39 38 0
39 72 0
40 7 0
41 8 0
42 8 0
43 11 0
44 12 0
45 12 0
46 6 0
47 18 0
48 19 0
49 20 0
50 20 0
51 20 0
52 22 0
53 23 0
54 25 0
55 28 0
56 29 0
57 30 0
58 4 0
59 30 0
60 31 0
61 31 0
62 32 0
63 32 0
64 32 0
65 33 0
66 33 0
67 33 0
68 35 0
69 36 0
70 37 0
71 38 0
72 39 0
73 4 0
74 4 0
GraphDataEnd
GraphEnd
NodeEnd
NodeStart
EPTNodeID: 12
AnchorID: 5796
TreeNodeGraphID: 28
Level: 5
SimplifiedLevel: 0
EditOperation: 0 4 0 2 1
AccumulatedOpsCount: 3
AccumulatedOp: 4 30 59 0 0
AccumulatedOp: 1 59 0 5 0
AccumulatedOp: 0 4 0 2 1
ChildrenCount: 0
ChildIndices:
CompletedDBGraphIDsCount: 4
CompletedDBGraphID: 11032
CompletedDBGraphID: 2639
CompletedDBGraphID: 425
CompletedDBGraphID: 7745
GraphStart
GraphDataStart
ID: 28
NumNodes: 72
NumEdges: 152
NodeLabels
2 2 2 2 1 2 3 4 4 4 4 4 4 4 4 4 4 4 4 4 4 4 4 4 4 4 4 4 4 4 4 4 4 4 4 4 4 4 4 4 5 5 5 5 5 5 5 5 5 5 5 5 5 5 5 5 5 5 5 5 5 5 5 5 5 5 5 5 5 5 5 5 
Edges
0 13 0
1 21 0
1 30 0
2 21 0
3 24 0
3 32 0
4 26 0
5 27 0
5 33 0
6 10 0
6 16 0
6 46 0
7 8 0
7 12 0
7 15 0
7 40 0
8 7 0
8 10 0
8 41 0
8 42 0
9 10 0
9 11 0
9 13 0
10 6 0
10 8 0
10 9 0
11 9 0
11 14 0
11 17 0
11 43 0
12 7 0
12 13 0
12 44 0
12 45 0
13 0 0
13 9 0
13 12 0
14 11 0
14 16 0
14 21 0
15 7 0
15 18 0
15 19 0
16 6 0
16 14 0
16 20 0
17 11 0
17 22 0
17 23 0
18 15 0
18 24 0
18 47 0
19 15 0
19 25 0
19 48 0
20 16 0
20 49 0
20 50 0
20 51 0
21 1 0
21 2 0
21 14 0
22 17 0
22 26 0
22 52 0
23 17 0
23 28 0
23 53 0
24 3 0
24 18 0
24 27 0
25 19 0
25 27 0
25 54 0
26 4 0
26 22 0
26 29 0
27 5 0
27 24 0
27 25 0
28 23 0
28 29 0
28 55 0
29 26 0
29 28 0
29 56 0
30 1 0
30 57 0
30 58 0
30 31 0
31 34 0
31 59 0
31 60 0
31 30 0
32 3 0
32 61 0
32 62 0
32 63 0
33 5 0
33 64 0
33 65 0
33 66 0
34 31 0
34 35 0
34 36 0
35 34 0
35 37 0
35 67 0
36 34 0
36 38 0
36 68 0
37 35 0
37 39 0
37 69 0
38 36 0
38 39 0
38 70 0
39 37 0
39 38 0
39 71 0
40 7 0
41 8 0
42 8 0
43 11 0
44 12 0
45 12 0
46 6 0
47 18 0
48 19 0
49 20 0
50 20 0
51 20 0
52 22 0
53 23 0
54 25 0
55 28 0
56 29 0
57 30 0
58 30 0
59 31 0
60 31 0
61 32 0
62 32 0
63 32 0
64 33 0
65 33 0
66 33 0
67 35 0
68 36 0
69 37 0
70 38 0
71 39 0
GraphDataEnd
GraphEnd
NodeEnd
NodeStart
EPTNodeID: 13
AnchorID: 5796
TreeNodeGraphID: 34
Level: 7
SimplifiedLevel: 0
EditOperation: 5 4 73 0 0
AccumulatedOpsCount: 6
AccumulatedOp: 2 73 0 0 5
AccumulatedOp: 0 56 0 5 2
AccumulatedOp: 5 30 56 0 0
AccumulatedOp: 4 1 30 0 0
AccumulatedOp: 5 1 31 0 0
AccumulatedOp: 5 4 73 0 0
ChildrenCount: 0
ChildIndices:
CompletedDBGraphIDsCount: 4
CompletedDBGraphID: 8920
CompletedDBGraphID: 1645
CompletedDBGraphID: 13949
CompletedDBGraphID: 5165
GraphStart
GraphDataStart
ID: 34
NumNodes: 74
NumEdges: 156
NodeLabels
2 2 2 2 2 2 3 4 4 4 4 4 4 4 4 4 4 4 4 4 4 4 4 4 4 4 4 4 4 4 4 4 4 4 4 4 4 4 4 4 5 5 5 5 5 5 5 5 5 5 5 5 5 5 5 5 2 5 5 5 5 5 5 5 5 5 5 5 5 5 5 5 5 5 
Edges
0 13 0
1 21 0
1 31 0
2 21 0
3 24 0
3 32 0
4 26 0
4 73 0
5 27 0
5 33 0
6 10 0
6 16 0
6 46 0
7 8 0
7 12 0
7 15 0
7 40 0
8 7 0
8 10 0
8 41 0
8 42 0
9 10 0
9 11 0
9 13 0
10 6 0
10 8 0
10 9 0
11 9 0
11 14 0
11 17 0
11 43 0
12 7 0
12 13 0
12 44 0
12 45 0
13 0 0
13 9 0
13 12 0
14 11 0
14 16 0
14 21 0
15 7 0
15 18 0
15 19 0
16 6 0
16 14 0
16 20 0
17 11 0
17 22 0
17 23 0
18 15 0
18 24 0
18 47 0
19 15 0
19 25 0
19 48 0
20 16 0
20 49 0
20 50 0
20 51 0
21 1 0
21 2 0
21 14 0
22 17 0
22 26 0
22 52 0
23 17 0
23 28 0
23 53 0
24 3 0
24 18 0
24 27 0
25 19 0
25 27 0
25 54 0
26 4 0
26 22 0
26 29 0
27 5 0
27 24 0
27 25 0
28 23 0
28 29 0
28 55 0
29 26 0
29 28 0
29 56 0
30 57 0
30 58 0
30 59 0
30 56 0
31 34 0
31 60 0
31 61 0
31 1 0
32 3 0
32 62 0
32 63 0
32 64 0
33 5 0
33 65 0
33 66 0
33 67 0
34 31 0
34 35 0
34 36 0
35 34 0
35 37 0
35 68 0
36 34 0
36 38 0
36 69 0
37 35 0
37 39 0
37 70 0
38 36 0
38 39 0
38 71 0
39 37 0
39 38 0
39 72 0
40 7 0
41 8 0
42 8 0
43 11 0
44 12 0
45 12 0
46 6 0
47 18 0
48 19 0
49 20 0
50 20 0
51 20 0
52 22 0
53 23 0
54 25 0
55 28 0
56 29 0
56 30 0
57 30 0
58 30 0
59 30 0
60 31 0
61 31 0
62 32 0
63 32 0
64 32 0
65 33 0
66 33 0
67 33 0
68 35 0
69 36 0
70 37 0
71 38 0
72 39 0
73 4 0
GraphDataEnd
GraphEnd
NodeEnd
NodeStart
EPTNodeID: 14
AnchorID: 5796
TreeNodeGraphID: 35
Level: 1
SimplifiedLevel: 0
EditOperation: 2 73 0 0 5
AccumulatedOpsCount: 1
AccumulatedOp: 2 73 0 0 5
ChildrenCount: 2
ChildIndices: 15 18
CompletedDBGraphIDsCount: 0
GraphStart
GraphDataStart
ID: 35
NumNodes: 74
NumEdges: 154
NodeLabels
2 2 2 2 2 2 3 4 4 4 4 4 4 4 4 4 4 4 4 4 4 4 4 4 4 4 4 4 4 4 4 4 4 4 4 4 4 4 4 4 5 5 5 5 5 5 5 5 5 5 5 5 5 5 5 5 5 5 5 5 5 5 5 5 5 5 5 5 5 5 5 5 5 5 
Edges
0 13 0
1 21 0
1 30 0
2 21 0
3 24 0
3 32 0
4 26 0
4 31 0
5 27 0
5 33 0
6 10 0
6 16 0
6 46 0
7 8 0
7 12 0
7 15 0
7 40 0
8 7 0
8 10 0
8 41 0
8 42 0
9 10 0
9 11 0
9 13 0
10 6 0
10 8 0
10 9 0
11 9 0
11 14 0
11 17 0
11 43 0
12 7 0
12 13 0
12 44 0
12 45 0
13 0 0
13 9 0
13 12 0
14 11 0
14 16 0
14 21 0
15 7 0
15 18 0
15 19 0
16 6 0
16 14 0
16 20 0
17 11 0
17 22 0
17 23 0
18 15 0
18 24 0
18 47 0
19 15 0
19 25 0
19 48 0
20 16 0
20 49 0
20 50 0
20 51 0
21 1 0
21 2 0
21 14 0
22 17 0
22 26 0
22 52 0
23 17 0
23 28 0
23 53 0
24 3 0
24 18 0
24 27 0
25 19 0
25 27 0
25 54 0
26 4 0
26 22 0
26 29 0
27 5 0
27 24 0
27 25 0
28 23 0
28 29 0
28 55 0
29 26 0
29 28 0
29 56 0
30 1 0
30 57 0
30 58 0
30 59 0
31 4 0
31 34 0
31 60 0
31 61 0
32 3 0
32 62 0
32 63 0
32 64 0
33 5 0
33 65 0
33 66 0
33 67 0
34 31 0
34 35 0
34 36 0
35 34 0
35 37 0
35 68 0
36 34 0
36 38 0
36 69 0
37 35 0
37 39 0
37 70 0
38 36 0
38 39 0
38 71 0
39 37 0
39 38 0
39 72 0
40 7 0
41 8 0
42 8 0
43 11 0
44 12 0
45 12 0
46 6 0
47 18 0
48 19 0
49 20 0
50 20 0
51 20 0
52 22 0
53 23 0
54 25 0
55 28 0
56 29 0
57 30 0
58 30 0
59 30 0
60 31 0
61 31 0
62 32 0
63 32 0
64 32 0
65 33 0
66 33 0
67 33 0
68 35 0
69 36 0
70 37 0
71 38 0
72 39 0
GraphDataEnd
GraphEnd
NodeEnd
NodeStart
EPTNodeID: 15
AnchorID: 5796
TreeNodeGraphID: 40
Level: 6
SimplifiedLevel: 0
EditOperation: 5 58 75 0 0
AccumulatedOpsCount: 5
AccumulatedOp: 0 58 0 5 4
AccumulatedOp: 2 74 0 0 5
AccumulatedOp: 2 75 0 0 5
AccumulatedOp: 5 58 74 0 0
AccumulatedOp: 5 58 75 0 0
ChildrenCount: 2
ChildIndices: 16 17
CompletedDBGraphIDsCount: 0
GraphStart
GraphDataStart
ID: 40
NumNodes: 76
NumEdges: 158
NodeLabels
2 2 2 2 2 2 3 4 4 4 4 4 4 4 4 4 4 4 4 4 4 4 4 4 4 4 4 4 4 4 4 4 4 4 4 4 4 4 4 4 5 5 5 5 5 5 5 5 5 5 5 5 5 5 5 5 5 5 4 5 5 5 5 5 5 5 5 5 5 5 5 5 5 5 5 5 
Edges
0 13 0
1 21 0
1 30 0
2 21 0
3 24 0
3 32 0
4 26 0
4 31 0
5 27 0
5 33 0
6 10 0
6 16 0
6 46 0
7 8 0
7 12 0
7 15 0
7 40 0
8 7 0
8 10 0
8 41 0
8 42 0
9 10 0
9 11 0
9 13 0
10 6 0
10 8 0
10 9 0
11 9 0
11 14 0
11 17 0
11 43 0
12 7 0
12 13 0
12 44 0
12 45 0
13 0 0
13 9 0
13 12 0
14 11 0
14 16 0
14 21 0
15 7 0
15 18 0
15 19 0
16 6 0
16 14 0
16 20 0
17 11 0
17 22 0
17 23 0
18 15 0
18 24 0
18 47 0
19 15 0
19 25 0
19 48 0
20 16 0
20 49 0
20 50 0
20 51 0
21 1 0
21 2 0
21 14 0
22 17 0
22 26 0
22 52 0
23 17 0
23 28 0
23 53 0
24 3 0
24 18 0
24 27 0
25 19 0
25 27 0
25 54 0
26 4 0
26 22 0
26 29 0
27 5 0
27 24 0
27 25 0
28 23 0
28 29 0
28 55 0
29 26 0
29 28 0
29 56 0
30 1 0
30 57 0
30 58 0
30 59 0
31 4 0
31 34 0
31 60 0
31 61 0
32 3 0
32 62 0
32 63 0
32 64 0
33 5 0
33 65 0
33 66 0
33 67 0
34 31 0
34 35 0
34 36 0
35 34 0
35 37 0
35 68 0
36 34 0
36 38 0
36 69 0
37 35 0
37 39 0
37 70 0
38 36 0
38 39 0
38 71 0
39 37 0
39 38 0
39 72 0
40 7 0
41 8 0
42 8 0
43 11 0
44 12 0
45 12 0
46 6 0
47 18 0
48 19 0
49 20 0
50 20 0
51 20 0
52 22 0
53 23 0
54 25 0
55 28 0
56 29 0
57 30 0
58 30 0
58 74 0
58 75 0
59 30 0
60 31 0
61 31 0
62 32 0
63 32 0
64 32 0
65 33 0
66 33 0
67 33 0
68 35 0
69 36 0
70 37 0
71 38 0
72 39 0
74 58 0
75 58 0
GraphDataEnd
GraphEnd
NodeEnd
NodeStart
EPTNodeID: 16
AnchorID: 5796
TreeNodeGraphID: 45
Level: 11
SimplifiedLevel: 0
EditOperation: 5 56 58 0 0
AccumulatedOpsCount: 5
AccumulatedOp: 4 11 17 0 0
AccumulatedOp: 5 11 29 0 0
AccumulatedOp: 4 29 56 0 0
AccumulatedOp: 5 17 73 0 0
AccumulatedOp: 5 56 58 0 0
ChildrenCount: 0
ChildIndices:
CompletedDBGraphIDsCount: 4
CompletedDBGraphID: 8310
CompletedDBGraphID: 5266
CompletedDBGraphID: 11158
CompletedDBGraphID: 15090
GraphStart
GraphDataStart
ID: 45
NumNodes: 76
NumEdges: 160
NodeLabels
2 2 2 2 2 2 3 4 4 4 4 4 4 4 4 4 4 4 4 4 4 4 4 4 4 4 4 4 4 4 4 4 4 4 4 4 4 4 4 4 5 5 5 5 5 5 5 5 5 5 5 5 5 5 5 5 5 5 4 5 5 5 5 5 5 5 5 5 5 5 5 5 5 5 5 5 
Edges
0 13 0
1 21 0
1 30 0
2 21 0
3 24 0
3 32 0
4 26 0
4 31 0
5 27 0
5 33 0
6 10 0
6 16 0
6 46 0
7 8 0
7 12 0
7 15 0
7 40 0
8 7 0
8 10 0
8 41 0
8 42 0
9 10 0
9 11 0
9 13 0
10 6 0
10 8 0
10 9 0
11 9 0
11 14 0
11 43 0
11 29 0
12 7 0
12 13 0
12 44 0
12 45 0
13 0 0
13 9 0
13 12 0
14 11 0
14 16 0
14 21 0
15 7 0
15 18 0
15 19 0
16 6 0
16 14 0
16 20 0
17 22 0
17 23 0
17 73 0
18 15 0
18 24 0
18 47 0
19 15 0
19 25 0
19 48 0
20 16 0
20 49 0
20 50 0
20 51 0
21 1 0
21 2 0
21 14 0
22 17 0
22 26 0
22 52 0
23 17 0
23 28 0
23 53 0
24 3 0
24 18 0
24 27 0
25 19 0
25 27 0
25 54 0
26 4 0
26 22 0
26 29 0
27 5 0
27 24 0
27 25 0
28 23 0
28 29 0
28 55 0
29 26 0
29 28 0
29 11 0
30 1 0
30 57 0
30 58 0
30 59 0
31 4 0
31 34 0
31 60 0
31 61 0
32 3 0
32 62 0
32 63 0
32 64 0
33 5 0
33 65 0
33 66 0
33 67 0
34 31 0
34 35 0
34 36 0
35 34 0
35 37 0
35 68 0
36 34 0
36 38 0
36 69 0
37 35 0
37 39 0
37 70 0
38 36 0
38 39 0
38 71 0
39 37 0
39 38 0
39 72 0
40 7 0
41 8 0
42 8 0
43 11 0
44 12 0
45 12 0
46 6 0
47 18 0
48 19 0
49 20 0
50 20 0
51 20 0
52 22 0
53 23 0
54 25 0
55 28 0
56 58 0
57 30 0
58 30 0
58 74 0
58 75 0
58 56 0
59 30 0
60 31 0
61 31 0
62 32 0
63 32 0
64 32 0
65 33 0
66 33 0
67 33 0
68 35 0
69 36 0
70 37 0
71 38 0
72 39 0
73 17 0
74 58 0
75 58 0
GraphDataEnd
GraphEnd
NodeEnd
NodeStart
EPTNodeID: 17
AnchorID: 5796
TreeNodeGraphID: 46
Level: 7
SimplifiedLevel: 0
EditOperation: 5 58 73 0 0
AccumulatedOpsCount: 1
AccumulatedOp: 5 58 73 0 0
ChildrenCount: 0
ChildIndices:
CompletedDBGraphIDsCount: 3
CompletedDBGraphID: 2907
CompletedDBGraphID: 14046
CompletedDBGraphID: 3829
GraphStart
GraphDataStart
ID: 46
NumNodes: 76
NumEdges: 160
NodeLabels
2 2 2 2 2 2 3 4 4 4 4 4 4 4 4 4 4 4 4 4 4 4 4 4 4 4 4 4 4 4 4 4 4 4 4 4 4 4 4 4 5 5 5 5 5 5 5 5 5 5 5 5 5 5 5 5 5 5 4 5 5 5 5 5 5 5 5 5 5 5 5 5 5 5 5 5 
Edges
0 13 0
1 21 0
1 30 0
2 21 0
3 24 0
3 32 0
4 26 0
4 31 0
5 27 0
5 33 0
6 10 0
6 16 0
6 46 0
7 8 0
7 12 0
7 15 0
7 40 0
8 7 0
8 10 0
8 41 0
8 42 0
9 10 0
9 11 0
9 13 0
10 6 0
10 8 0
10 9 0
11 9 0
11 14 0
11 17 0
11 43 0
12 7 0
12 13 0
12 44 0
12 45 0
13 0 0
13 9 0
13 12 0
14 11 0
14 16 0
14 21 0
15 7 0
15 18 0
15 19 0
16 6 0
16 14 0
16 20 0
17 11 0
17 22 0
17 23 0
18 15 0
18 24 0
18 47 0
19 15 0
19 25 0
19 48 0
20 16 0
20 49 0
20 50 0
20 51 0
21 1 0
21 2 0
21 14 0
22 17 0
22 26 0
22 52 0
23 17 0
23 28 0
23 53 0
24 3 0
24 18 0
24 27 0
25 19 0
25 27 0
25 54 0
26 4 0
26 22 0
26 29 0
27 5 0
27 24 0
27 25 0
28 23 0
28 29 0
28 55 0
29 26 0
29 28 0
29 56 0
30 1 0
30 57 0
30 58 0
30 59 0
31 4 0
31 34 0
31 60 0
31 61 0
32 3 0
32 62 0
32 63 0
32 64 0
33 5 0
33 65 0
33 66 0
33 67 0
34 31 0
34 35 0
34 36 0
35 34 0
35 37 0
35 68 0
36 34 0
36 38 0
36 69 0
37 35 0
37 39 0
37 70 0
38 36 0
38 39 0
38 71 0
39 37 0
39 38 0
39 72 0
40 7 0
41 8 0
42 8 0
43 11 0
44 12 0
45 12 0
46 6 0
47 18 0
48 19 0
49 20 0
50 20 0
51 20 0
52 22 0
53 23 0
54 25 0
55 28 0
56 29 0
57 30 0
58 30 0
58 74 0
58 75 0
58 73 0
59 30 0
60 31 0
61 31 0
62 32 0
63 32 0
64 32 0
65 33 0
66 33 0
67 33 0
68 35 0
69 36 0
70 37 0
71 38 0
72 39 0
73 58 0
74 58 0
75 58 0
GraphDataEnd
GraphEnd
NodeEnd
NodeStart
EPTNodeID: 18
AnchorID: 5796
TreeNodeGraphID: 52
Level: 7
SimplifiedLevel: 0
EditOperation: 5 56 59 0 0
AccumulatedOpsCount: 6
AccumulatedOp: 0 56 0 5 2
AccumulatedOp: 5 31 73 0 0
AccumulatedOp: 5 30 34 0 0
AccumulatedOp: 4 30 59 0 0
AccumulatedOp: 4 31 34 0 0
AccumulatedOp: 5 56 59 0 0
ChildrenCount: 0
ChildIndices:
CompletedDBGraphIDsCount: 4
CompletedDBGraphID: 21450
CompletedDBGraphID: 6401
CompletedDBGraphID: 19380
CompletedDBGraphID: 6307
GraphStart
GraphDataStart
ID: 52
NumNodes: 74
NumEdges: 156
NodeLabels
2 2 2 2 2 2 3 4 4 4 4 4 4 4 4 4 4 4 4 4 4 4 4 4 4 4 4 4 4 4 4 4 4 4 4 4 4 4 4 4 5 5 5 5 5 5 5 5 5 5 5 5 5 5 5 5 2 5 5 5 5 5 5 5 5 5 5 5 5 5 5 5 5 5 
Edges
0 13 0
1 21 0
1 30 0
2 21 0
3 24 0
3 32 0
4 26 0
4 31 0
5 27 0
5 33 0
6 10 0
6 16 0
6 46 0
7 8 0
7 12 0
7 15 0
7 40 0
8 7 0
8 10 0
8 41 0
8 42 0
9 10 0
9 11 0
9 13 0
10 6 0
10 8 0
10 9 0
11 9 0
11 14 0
11 17 0
11 43 0
12 7 0
12 13 0
12 44 0
12 45 0
13 0 0
13 9 0
13 12 0
14 11 0
14 16 0
14 21 0
15 7 0
15 18 0
15 19 0
16 6 0
16 14 0
16 20 0
17 11 0
17 22 0
17 23 0
18 15 0
18 24 0
18 47 0
19 15 0
19 25 0
19 48 0
20 16 0
20 49 0
20 50 0
20 51 0
21 1 0
21 2 0
21 14 0
22 17 0
22 26 0
22 52 0
23 17 0
23 28 0
23 53 0
24 3 0
24 18 0
24 27 0
25 19 0
25 27 0
25 54 0
26 4 0
26 22 0
26 29 0
27 5 0
27 24 0
27 25 0
28 23 0
28 29 0
28 55 0
29 26 0
29 28 0
29 56 0
30 1 0
30 57 0
30 58 0
30 34 0
31 4 0
31 60 0
31 61 0
31 73 0
32 3 0
32 62 0
32 63 0
32 64 0
33 5 0
33 65 0
33 66 0
33 67 0
34 35 0
34 36 0
34 30 0
35 34 0
35 37 0
35 68 0
36 34 0
36 38 0
36 69 0
37 35 0
37 39 0
37 70 0
38 36 0
38 39 0
38 71 0
39 37 0
39 38 0
39 72 0
40 7 0
41 8 0
42 8 0
43 11 0
44 12 0
45 12 0
46 6 0
47 18 0
48 19 0
49 20 0
50 20 0
51 20 0
52 22 0
53 23 0
54 25 0
55 28 0
56 29 0
56 59 0
57 30 0
58 30 0
59 56 0
60 31 0
61 31 0
62 32 0
63 32 0
64 32 0
65 33 0
66 33 0
67 33 0
68 35 0
69 36 0
70 37 0
71 38 0
72 39 0
73 31 0
GraphDataEnd
GraphEnd
NodeEnd
NodeStart
EPTNodeID: 19
AnchorID: 5796
TreeNodeGraphID: 61
Level: 9
SimplifiedLevel: 0
EditOperation: 5 26 74 0 0
AccumulatedOpsCount: 9
AccumulatedOp: 2 74 0 0 5
AccumulatedOp: 0 56 0 5 4
AccumulatedOp: 2 73 0 0 2
AccumulatedOp: 5 1 56 0 0
AccumulatedOp: 5 56 73 0 0
AccumulatedOp: 5 4 21 0 0
AccumulatedOp: 4 1 21 0 0
AccumulatedOp: 4 4 26 0 0
AccumulatedOp: 5 26 74 0 0
ChildrenCount: 0
ChildIndices:
CompletedDBGraphIDsCount: 4
CompletedDBGraphID: 3207
CompletedDBGraphID: 19313
CompletedDBGraphID: 3708
CompletedDBGraphID: 11283
GraphStart
GraphDataStart
ID: 61
NumNodes: 75
NumEdges: 158
NodeLabels
2 2 2 2 2 2 3 4 4 4 4 4 4 4 4 4 4 4 4 4 4 4 4 4 4 4 4 4 4 4 4 4 4 4 4 4 4 4 4 4 5 5 5 5 5 5 5 5 5 5 5 5 5 5 5 5 4 5 5 5 5 5 5 5 5 5 5 5 5 5 5 5 5 2 5 
Edges
0 13 0
1 30 0
1 56 0
2 21 0
3 24 0
3 32 0
4 31 0
4 21 0
5 27 0
5 33 0
6 10 0
6 16 0
6 46 0
7 8 0
7 12 0
7 15 0
7 40 0
8 7 0
8 10 0
8 41 0
8 42 0
9 10 0
9 11 0
9 13 0
10 6 0
10 8 0
10 9 0
11 9 0
11 14 0
11 17 0
11 43 0
12 7 0
12 13 0
12 44 0
12 45 0
13 0 0
13 9 0
13 12 0
14 11 0
14 16 0
14 21 0
15 7 0
15 18 0
15 19 0
16 6 0
16 14 0
16 20 0
17 11 0
17 22 0
17 23 0
18 15 0
18 24 0
18 47 0
19 15 0
19 25 0
19 48 0
20 16 0
20 49 0
20 50 0
20 51 0
21 2 0
21 14 0
21 4 0
22 17 0
22 26 0
22 52 0
23 17 0
23 28 0
23 53 0
24 3 0
24 18 0
24 27 0
25 19 0
25 27 0
25 54 0
26 22 0
26 29 0
26 74 0
27 5 0
27 24 0
27 25 0
28 23 0
28 29 0
28 55 0
29 26 0
29 28 0
29 56 0
30 1 0
30 57 0
30 58 0
30 59 0
31 4 0
31 34 0
31 60 0
31 61 0
32 3 0
32 62 0
32 63 0
32 64 0
33 5 0
33 65 0
33 66 0
33 67 0
34 31 0
34 35 0
34 36 0
35 34 0
35 37 0
35 68 0
36 34 0
36 38 0
36 69 0
37 35 0
37 39 0
37 70 0
38 36 0
38 39 0
38 71 0
39 37 0
39 38 0
39 72 0
40 7 0
41 8 0
42 8 0
43 11 0
44 12 0
45 12 0
46 6 0
47 18 0
48 19 0
49 20 0
50 20 0
51 20 0
52 22 0
53 23 0
54 25 0
55 28 0
56 29 0
56 1 0
56 73 0
57 30 0
58 30 0
59 30 0
60 31 0
61 31 0
62 32 0
63 32 0
64 32 0
65 33 0
66 33 0
67 33 0
68 35 0
69 36 0
70 37 0
71 38 0
72 39 0
73 56 0
74 26 0
GraphDataEnd
GraphEnd
NodeEnd
END_EPT
