BEGIN_EPT
AnchorID: 19833  # ID of the anchor node
RootIndex: 0  # Index of the root node in tree_nodes
NodeCount: 6  # Total number of nodes in the EPT
NodeStart
EPTNodeID: 0
AnchorID: 19833
TreeNodeGraphID: 0
Level: 0
SimplifiedLevel: 0
EditOperation: -1 0 -1 0 0
AccumulatedOpsCount: 0
ChildrenCount: 1
ChildIndices: 1
CompletedDBGraphIDsCount: 0
GraphStart
GraphDataStart
ID: 0
NumNodes: 70
NumEdges: 148
NodeLabels
3 3 3 3 3 4 4 4 4 4 4 4 4 4 4 4 4 4 4 4 4 4 4 4 4 4 4 4 4 4 4 4 4 4 4 5 5 5 5 5 5 5 5 5 5 5 5 5 5 5 5 5 5 5 5 5 5 5 5 5 5 5 5 5 5 5 5 5 5 5 
Edges
0 5 0
0 6 0
0 7 0
1 8 0
1 9 0
1 11 0
2 7 0
2 14 0
2 16 0
3 14 0
3 20 0
4 27 0
5 0 0
5 8 0
5 37 0
5 38 0
6 0 0
6 9 0
6 35 0
6 36 0
7 0 0
7 2 0
7 10 0
8 1 0
8 5 0
8 39 0
8 40 0
9 1 0
9 6 0
9 41 0
9 42 0
10 7 0
10 12 0
10 13 0
11 1 0
11 19 0
11 43 0
11 44 0
12 10 0
12 15 0
12 45 0
12 46 0
13 10 0
13 17 0
13 21 0
14 2 0
14 3 0
14 17 0
15 12 0
15 18 0
15 47 0
15 48 0
16 2 0
16 20 0
16 22 0
17 13 0
17 14 0
17 27 0
18 15 0
18 24 0
18 25 0
18 49 0
19 11 0
19 23 0
19 50 0
19 51 0
20 3 0
20 16 0
20 26 0
21 13 0
21 52 0
21 53 0
21 54 0
22 16 0
22 28 0
22 55 0
23 19 0
23 30 0
23 31 0
24 18 0
24 56 0
24 57 0
24 58 0
25 18 0
25 59 0
25 60 0
25 61 0
26 20 0
26 29 0
26 62 0
27 4 0
27 17 0
28 22 0
28 29 0
28 63 0
29 26 0
29 28 0
29 64 0
30 23 0
30 32 0
30 65 0
31 23 0
31 33 0
31 66 0
32 30 0
32 34 0
32 67 0
33 31 0
33 34 0
33 68 0
34 32 0
34 33 0
34 69 0
35 6 0
36 6 0
37 5 0
38 5 0
39 8 0
40 8 0
41 9 0
42 9 0
43 11 0
44 11 0
45 12 0
46 12 0
47 15 0
48 15 0
49 18 0
50 19 0
51 19 0
52 21 0
53 21 0
54 21 0
55 22 0
56 24 0
57 24 0
58 24 0
59 25 0
60 25 0
61 25 0
62 26 0
63 28 0
64 29 0
65 30 0
66 31 0
67 32 0
68 33 0
69 34 0
GraphDataEnd
GraphEnd
NodeEnd
NodeStart
EPTNodeID: 1
AnchorID: 19833
TreeNodeGraphID: 1
Level: 1
SimplifiedLevel: 0
EditOperation: 4 11 19 0 0
AccumulatedOpsCount: 1
AccumulatedOp: 4 11 19 0 0
ChildrenCount: 2
ChildIndices: 2 5
CompletedDBGraphIDsCount: 0
GraphStart
GraphDataStart
ID: 1
NumNodes: 70
NumEdges: 146
NodeLabels
3 3 3 3 3 4 4 4 4 4 4 4 4 4 4 4 4 4 4 4 4 4 4 4 4 4 4 4 4 4 4 4 4 4 4 5 5 5 5 5 5 5 5 5 5 5 5 5 5 5 5 5 5 5 5 5 5 5 5 5 5 5 5 5 5 5 5 5 5 5 
Edges
0 5 0
0 6 0
0 7 0
1 8 0
1 9 0
1 11 0
2 7 0
2 14 0
2 16 0
3 14 0
3 20 0
4 27 0
5 0 0
5 8 0
5 37 0
5 38 0
6 0 0
6 9 0
6 35 0
6 36 0
7 0 0
7 2 0
7 10 0
8 1 0
8 5 0
8 39 0
8 40 0
9 1 0
9 6 0
9 41 0
9 42 0
10 7 0
10 12 0
10 13 0
11 1 0
11 43 0
11 44 0
12 10 0
12 15 0
12 45 0
12 46 0
13 10 0
13 17 0
13 21 0
14 2 0
14 3 0
14 17 0
15 12 0
15 18 0
15 47 0
15 48 0
16 2 0
16 20 0
16 22 0
17 13 0
17 14 0
17 27 0
18 15 0
18 24 0
18 25 0
18 49 0
19 23 0
19 50 0
19 51 0
20 3 0
20 16 0
20 26 0
21 13 0
21 52 0
21 53 0
21 54 0
22 16 0
22 28 0
22 55 0
23 19 0
23 30 0
23 31 0
24 18 0
24 56 0
24 57 0
24 58 0
25 18 0
25 59 0
25 60 0
25 61 0
26 20 0
26 29 0
26 62 0
27 4 0
27 17 0
28 22 0
28 29 0
28 63 0
29 26 0
29 28 0
29 64 0
30 23 0
30 32 0
30 65 0
31 23 0
31 33 0
31 66 0
32 30 0
32 34 0
32 67 0
33 31 0
33 34 0
33 68 0
34 32 0
34 33 0
34 69 0
35 6 0
36 6 0
37 5 0
38 5 0
39 8 0
40 8 0
41 9 0
42 9 0
43 11 0
44 11 0
45 12 0
46 12 0
47 15 0
48 15 0
49 18 0
50 19 0
51 19 0
52 21 0
53 21 0
54 21 0
55 22 0
56 24 0
57 24 0
58 24 0
59 25 0
60 25 0
61 25 0
62 26 0
63 28 0
64 29 0
65 30 0
66 31 0
67 32 0
68 33 0
69 34 0
GraphDataEnd
GraphEnd
NodeEnd
NodeStart
EPTNodeID: 2
AnchorID: 19833
TreeNodeGraphID: 5
Level: 5
SimplifiedLevel: 0
EditOperation: 5 11 23 0 0
AccumulatedOpsCount: 4
AccumulatedOp: 2 70 0 0 5
AccumulatedOp: 4 19 23 0 0
AccumulatedOp: 5 19 70 0 0
AccumulatedOp: 5 11 23 0 0
ChildrenCount: 2
ChildIndices: 3 4
CompletedDBGraphIDsCount: 0
GraphStart
GraphDataStart
ID: 5
NumNodes: 71
NumEdges: 148
NodeLabels
3 3 3 3 3 4 4 4 4 4 4 4 4 4 4 4 4 4 4 4 4 4 4 4 4 4 4 4 4 4 4 4 4 4 4 5 5 5 5 5 5 5 5 5 5 5 5 5 5 5 5 5 5 5 5 5 5 5 5 5 5 5 5 5 5 5 5 5 5 5 5 
Edges
0 5 0
0 6 0
0 7 0
1 8 0
1 9 0
1 11 0
2 7 0
2 14 0
2 16 0
3 14 0
3 20 0
4 27 0
5 0 0
5 8 0
5 37 0
5 38 0
6 0 0
6 9 0
6 35 0
6 36 0
7 0 0
7 2 0
7 10 0
8 1 0
8 5 0
8 39 0
8 40 0
9 1 0
9 6 0
9 41 0
9 42 0
10 7 0
10 12 0
10 13 0
11 1 0
11 43 0
11 44 0
11 23 0
12 10 0
12 15 0
12 45 0
12 46 0
13 10 0
13 17 0
13 21 0
14 2 0
14 3 0
14 17 0
15 12 0
15 18 0
15 47 0
15 48 0
16 2 0
16 20 0
16 22 0
17 13 0
17 14 0
17 27 0
18 15 0
18 24 0
18 25 0
18 49 0
19 50 0
19 51 0
19 70 0
20 3 0
20 16 0
20 26 0
21 13 0
21 52 0
21 53 0
21 54 0
22 16 0
22 28 0
22 55 0
23 30 0
23 31 0
23 11 0
24 18 0
24 56 0
24 57 0
24 58 0
25 18 0
25 59 0
25 60 0
25 61 0
26 20 0
26 29 0
26 62 0
27 4 0
27 17 0
28 22 0
28 29 0
28 63 0
29 26 0
29 28 0
29 64 0
30 23 0
30 32 0
30 65 0
31 23 0
31 33 0
31 66 0
32 30 0
32 34 0
32 67 0
33 31 0
33 34 0
33 68 0
34 32 0
34 33 0
34 69 0
35 6 0
36 6 0
37 5 0
38 5 0
39 8 0
40 8 0
41 9 0
42 9 0
43 11 0
44 11 0
45 12 0
46 12 0
47 15 0
48 15 0
49 18 0
50 19 0
51 19 0
52 21 0
53 21 0
54 21 0
55 22 0
56 24 0
57 24 0
58 24 0
59 25 0
60 25 0
61 25 0
62 26 0
63 28 0
64 29 0
65 30 0
66 31 0
67 32 0
68 33 0
69 34 0
70 19 0
GraphDataEnd
GraphEnd
NodeEnd
NodeStart
EPTNodeID: 3
AnchorID: 19833
TreeNodeGraphID: 8
Level: 8
SimplifiedLevel: 0
EditOperation: 5 19 69 0 0
AccumulatedOpsCount: 3
AccumulatedOp: 0 68 0 5 1
AccumulatedOp: 0 69 0 5 2
AccumulatedOp: 5 19 69 0 0
ChildrenCount: 0
ChildIndices:
CompletedDBGraphIDsCount: 1
CompletedDBGraphID: 21802
GraphStart
GraphDataStart
ID: 8
NumNodes: 71
NumEdges: 150
NodeLabels
3 3 3 3 3 4 4 4 4 4 4 4 4 4 4 4 4 4 4 4 4 4 4 4 4 4 4 4 4 4 4 4 4 4 4 5 5 5 5 5 5 5 5 5 5 5 5 5 5 5 5 5 5 5 5 5 5 5 5 5 5 5 5 5 5 5 5 5 1 2 5 
Edges
0 5 0
0 6 0
0 7 0
1 8 0
1 9 0
1 11 0
2 7 0
2 14 0
2 16 0
3 14 0
3 20 0
4 27 0
5 0 0
5 8 0
5 37 0
5 38 0
6 0 0
6 9 0
6 35 0
6 36 0
7 0 0
7 2 0
7 10 0
8 1 0
8 5 0
8 39 0
8 40 0
9 1 0
9 6 0
9 41 0
9 42 0
10 7 0
10 12 0
10 13 0
11 1 0
11 43 0
11 44 0
11 23 0
12 10 0
12 15 0
12 45 0
12 46 0
13 10 0
13 17 0
13 21 0
14 2 0
14 3 0
14 17 0
15 12 0
15 18 0
15 47 0
15 48 0
16 2 0
16 20 0
16 22 0
17 13 0
17 14 0
17 27 0
18 15 0
18 24 0
18 25 0
18 49 0
19 50 0
19 51 0
19 70 0
19 69 0
20 3 0
20 16 0
20 26 0
21 13 0
21 52 0
21 53 0
21 54 0
22 16 0
22 28 0
22 55 0
23 30 0
23 31 0
23 11 0
24 18 0
24 56 0
24 57 0
24 58 0
25 18 0
25 59 0
25 60 0
25 61 0
26 20 0
26 29 0
26 62 0
27 4 0
27 17 0
28 22 0
28 29 0
28 63 0
29 26 0
29 28 0
29 64 0
30 23 0
30 32 0
30 65 0
31 23 0
31 33 0
31 66 0
32 30 0
32 34 0
32 67 0
33 31 0
33 34 0
33 68 0
34 32 0
34 33 0
34 69 0
35 6 0
36 6 0
37 5 0
38 5 0
39 8 0
40 8 0
41 9 0
42 9 0
43 11 0
44 11 0
45 12 0
46 12 0
47 15 0
48 15 0
49 18 0
50 19 0
51 19 0
52 21 0
53 21 0
54 21 0
55 22 0
56 24 0
57 24 0
58 24 0
59 25 0
60 25 0
61 25 0
62 26 0
63 28 0
64 29 0
65 30 0
66 31 0
67 32 0
68 33 0
69 34 0
69 19 0
70 19 0
GraphDataEnd
GraphEnd
NodeEnd
NodeStart
EPTNodeID: 4
AnchorID: 19833
TreeNodeGraphID: 11
Level: 8
SimplifiedLevel: 0
EditOperation: 5 19 66 0 0
AccumulatedOpsCount: 3
AccumulatedOp: 0 66 0 5 2
AccumulatedOp: 0 67 0 5 1
AccumulatedOp: 5 19 66 0 0
ChildrenCount: 0
ChildIndices:
CompletedDBGraphIDsCount: 1
CompletedDBGraphID: 19250
GraphStart
GraphDataStart
ID: 11
NumNodes: 71
NumEdges: 150
NodeLabels
3 3 3 3 3 4 4 4 4 4 4 4 4 4 4 4 4 4 4 4 4 4 4 4 4 4 4 4 4 4 4 4 4 4 4 5 5 5 5 5 5 5 5 5 5 5 5 5 5 5 5 5 5 5 5 5 5 5 5 5 5 5 5 5 5 5 2 1 5 5 5 
Edges
0 5 0
0 6 0
0 7 0
1 8 0
1 9 0
1 11 0
2 7 0
2 14 0
2 16 0
3 14 0
3 20 0
4 27 0
5 0 0
5 8 0
5 37 0
5 38 0
6 0 0
6 9 0
6 35 0
6 36 0
7 0 0
7 2 0
7 10 0
8 1 0
8 5 0
8 39 0
8 40 0
9 1 0
9 6 0
9 41 0
9 42 0
10 7 0
10 12 0
10 13 0
11 1 0
11 43 0
11 44 0
11 23 0
12 10 0
12 15 0
12 45 0
12 46 0
13 10 0
13 17 0
13 21 0
14 2 0
14 3 0
14 17 0
15 12 0
15 18 0
15 47 0
15 48 0
16 2 0
16 20 0
16 22 0
17 13 0
17 14 0
17 27 0
18 15 0
18 24 0
18 25 0
18 49 0
19 50 0
19 51 0
19 70 0
19 66 0
20 3 0
20 16 0
20 26 0
21 13 0
21 52 0
21 53 0
21 54 0
22 16 0
22 28 0
22 55 0
23 30 0
23 31 0
23 11 0
24 18 0
24 56 0
24 57 0
24 58 0
25 18 0
25 59 0
25 60 0
25 61 0
26 20 0
26 29 0
26 62 0
27 4 0
27 17 0
28 22 0
28 29 0
28 63 0
29 26 0
29 28 0
29 64 0
30 23 0
30 32 0
30 65 0
31 23 0
31 33 0
31 66 0
32 30 0
32 34 0
32 67 0
33 31 0
33 34 0
33 68 0
34 32 0
34 33 0
34 69 0
35 6 0
36 6 0
37 5 0
38 5 0
39 8 0
40 8 0
41 9 0
42 9 0
43 11 0
44 11 0
45 12 0
46 12 0
47 15 0
48 15 0
49 18 0
50 19 0
51 19 0
52 21 0
53 21 0
54 21 0
55 22 0
56 24 0
57 24 0
58 24 0
59 25 0
60 25 0
61 25 0
62 26 0
63 28 0
64 29 0
65 30 0
66 31 0
66 19 0
67 32 0
68 33 0
69 34 0
70 19 0
GraphDataEnd
GraphEnd
NodeEnd
NodeStart
EPTNodeID: 5
AnchorID: 19833
TreeNodeGraphID: 19
Level: 9
SimplifiedLevel: 0
EditOperation: 5 1 19 0 0
AccumulatedOpsCount: 8
AccumulatedOp: 0 69 0 5 1
AccumulatedOp: 4 11 44 0 0
AccumulatedOp: 1 44 0 5 0
AccumulatedOp: 4 11 43 0 0
AccumulatedOp: 1 43 0 5 0
AccumulatedOp: 4 1 11 0 0
AccumulatedOp: 1 11 0 4 0
AccumulatedOp: 5 1 19 0 0
ChildrenCount: 0
ChildIndices:
CompletedDBGraphIDsCount: 1
CompletedDBGraphID: 14076
GraphStart
GraphDataStart
ID: 19
NumNodes: 67
NumEdges: 142
NodeLabels
3 3 3 3 3 4 4 4 4 4 4 4 4 4 4 4 4 4 4 4 4 4 4 4 4 4 4 4 4 4 4 4 4 4 5 5 5 5 5 5 5 5 5 5 5 5 5 5 5 5 5 5 5 5 5 5 5 5 5 5 5 5 5 5 5 5 1 
Edges
0 5 0
0 6 0
0 7 0
1 8 0
1 9 0
1 18 0
2 7 0
2 13 0
2 15 0
3 13 0
3 19 0
4 26 0
5 0 0
5 8 0
5 36 0
5 37 0
6 0 0
6 9 0
6 34 0
6 35 0
7 0 0
7 2 0
7 10 0
8 1 0
8 5 0
8 38 0
8 39 0
9 1 0
9 6 0
9 40 0
9 41 0
10 7 0
10 11 0
10 12 0
11 10 0
11 14 0
11 42 0
11 43 0
12 10 0
12 16 0
12 20 0
13 2 0
13 3 0
13 16 0
14 11 0
14 17 0
14 44 0
14 45 0
15 2 0
15 19 0
15 21 0
16 12 0
16 13 0
16 26 0
17 14 0
17 23 0
17 24 0
17 46 0
18 22 0
18 47 0
18 48 0
18 1 0
19 3 0
19 15 0
19 25 0
20 12 0
20 49 0
20 50 0
20 51 0
21 15 0
21 27 0
21 52 0
22 18 0
22 29 0
22 30 0
23 17 0
23 53 0
23 54 0
23 55 0
24 17 0
24 56 0
24 57 0
24 58 0
25 19 0
25 28 0
25 59 0
26 4 0
26 16 0
27 21 0
27 28 0
27 60 0
28 25 0
28 27 0
28 61 0
29 22 0
29 31 0
29 62 0
30 22 0
30 32 0
30 63 0
31 29 0
31 33 0
31 64 0
32 30 0
32 33 0
32 65 0
33 31 0
33 32 0
33 66 0
34 6 0
35 6 0
36 5 0
37 5 0
38 8 0
39 8 0
40 9 0
41 9 0
42 11 0
43 11 0
44 14 0
45 14 0
46 17 0
47 18 0
48 18 0
49 20 0
50 20 0
51 20 0
52 21 0
53 23 0
54 23 0
55 23 0
56 24 0
57 24 0
58 24 0
59 25 0
60 27 0
61 28 0
62 29 0
63 30 0
64 31 0
65 32 0
66 33 0
GraphDataEnd
GraphEnd
NodeEnd
END_EPT
