BEGIN_EPT
AnchorID: 3637  # ID of the anchor node
RootIndex: 0  # Index of the root node in tree_nodes
NodeCount: 1  # Total number of nodes in the EPT
NodeStart
EPTNodeID: 0
AnchorID: 3637
TreeNodeGraphID: 0
Level: 0
SimplifiedLevel: 0
EditOperation: -1 0 -1 0 0
AccumulatedOpsCount: 0
ChildrenCount: 0
ChildIndices:
CompletedDBGraphIDsCount: 0
GraphStart
GraphDataStart
ID: 0
NumNodes: 69
NumEdges: 146
NodeLabels
2 2 3 3 3 4 4 4 4 4 4 4 4 4 4 4 4 4 4 4 4 4 4 4 4 4 4 4 4 4 4 4 4 4 4 4 5 5 5 5 5 5 5 5 5 5 5 5 5 5 5 5 5 5 5 5 5 5 5 5 5 5 5 5 5 5 5 5 5 
Edges
0 12 0
1 33 0
1 34 0
2 8 0
2 9 0
2 10 0
3 5 0
3 12 0
3 47 0
4 18 0
4 21 0
5 3 0
5 6 0
5 7 0
5 36 0
6 5 0
6 9 0
6 39 0
6 40 0
7 5 0
7 8 0
7 37 0
7 38 0
8 2 0
8 7 0
8 41 0
8 42 0
9 2 0
9 6 0
9 43 0
9 44 0
10 2 0
10 11 0
10 45 0
10 46 0
11 10 0
11 14 0
11 15 0
12 0 0
12 3 0
12 13 0
13 12 0
13 16 0
13 17 0
14 11 0
14 19 0
14 48 0
15 11 0
15 20 0
15 49 0
16 13 0
16 18 0
16 22 0
17 13 0
17 21 0
17 50 0
18 4 0
18 16 0
18 25 0
19 14 0
19 23 0
19 51 0
20 15 0
20 23 0
20 52 0
21 4 0
21 17 0
21 26 0
22 16 0
22 24 0
22 53 0
23 19 0
23 20 0
23 54 0
24 22 0
24 27 0
24 28 0
25 18 0
25 27 0
25 55 0
26 21 0
26 29 0
26 30 0
27 24 0
27 25 0
27 56 0
28 24 0
28 57 0
28 58 0
28 59 0
29 26 0
29 31 0
29 60 0
30 26 0
30 32 0
30 61 0
31 29 0
31 33 0
31 62 0
32 30 0
32 33 0
32 63 0
33 1 0
33 31 0
33 32 0
34 1 0
34 35 0
34 64 0
34 65 0
35 34 0
35 66 0
35 67 0
35 68 0
36 5 0
37 7 0
38 7 0
39 6 0
40 6 0
41 8 0
42 8 0
43 9 0
44 9 0
45 10 0
46 10 0
47 3 0
48 14 0
49 15 0
50 17 0
51 19 0
52 20 0
53 22 0
54 23 0
55 25 0
56 27 0
57 28 0
58 28 0
59 28 0
60 29 0
61 30 0
62 31 0
63 32 0
64 34 0
65 34 0
66 35 0
67 35 0
68 35 0
GraphDataEnd
GraphEnd
NodeEnd
END_EPT
