BEGIN_EPT
AnchorID: 18353  # ID of the anchor node
RootIndex: 0  # Index of the root node in tree_nodes
NodeCount: 7  # Total number of nodes in the EPT
NodeStart
EPTNodeID: 0
AnchorID: 18353
TreeNodeGraphID: 0
Level: 0
SimplifiedLevel: 0
EditOperation: -1 0 -1 0 0
AccumulatedOpsCount: 0
ChildrenCount: 4
ChildIndices: 1 4 5 6
CompletedDBGraphIDsCount: 1
CompletedDBGraphID: 2057
GraphStart
GraphDataStart
ID: 0
NumNodes: 73
NumEdges: 154
NodeLabels
2 2 2 2 3 3 4 4 4 4 4 4 4 4 4 4 4 4 4 4 4 4 4 4 4 4 4 4 4 4 4 4 4 4 4 4 4 4 4 5 5 5 5 5 5 5 5 5 5 5 5 5 5 5 5 5 5 5 5 5 5 5 5 5 5 5 5 5 5 5 5 5 5 
Edges
0 12 0
1 18 0
2 24 0
2 28 0
3 26 0
3 35 0
4 9 0
4 16 0
4 50 0
5 18 0
5 25 0
5 56 0
6 7 0
6 8 0
6 13 0
6 14 0
7 6 0
7 9 0
7 39 0
7 40 0
8 6 0
8 12 0
8 41 0
8 42 0
9 4 0
9 7 0
9 10 0
10 9 0
10 11 0
10 12 0
11 10 0
11 15 0
11 17 0
11 43 0
12 0 0
12 8 0
12 10 0
13 6 0
13 44 0
13 45 0
13 46 0
14 6 0
14 47 0
14 48 0
14 49 0
15 11 0
15 16 0
15 18 0
16 4 0
16 15 0
16 19 0
17 11 0
17 20 0
17 21 0
18 1 0
18 5 0
18 15 0
19 16 0
19 51 0
19 52 0
19 53 0
20 17 0
20 22 0
20 54 0
21 17 0
21 23 0
21 55 0
22 20 0
22 24 0
22 57 0
23 21 0
23 24 0
23 58 0
24 2 0
24 22 0
24 23 0
25 5 0
25 26 0
25 27 0
26 3 0
26 25 0
26 29 0
27 25 0
27 30 0
27 59 0
28 2 0
28 32 0
28 60 0
28 61 0
29 26 0
29 31 0
29 62 0
30 27 0
30 31 0
30 63 0
31 29 0
31 30 0
31 64 0
32 28 0
32 33 0
32 34 0
33 32 0
33 36 0
33 65 0
34 32 0
34 37 0
34 66 0
35 3 0
35 67 0
35 68 0
35 69 0
36 33 0
36 38 0
36 70 0
37 34 0
37 38 0
37 71 0
38 36 0
38 37 0
38 72 0
39 7 0
40 7 0
41 8 0
42 8 0
43 11 0
44 13 0
45 13 0
46 13 0
47 14 0
48 14 0
49 14 0
50 4 0
51 19 0
52 19 0
53 19 0
54 20 0
55 21 0
56 5 0
57 22 0
58 23 0
59 27 0
60 28 0
61 28 0
62 29 0
63 30 0
64 31 0
65 33 0
66 34 0
67 35 0
68 35 0
69 35 0
70 36 0
71 37 0
72 38 0
GraphDataEnd
GraphEnd
NodeEnd
NodeStart
EPTNodeID: 1
AnchorID: 18353
TreeNodeGraphID: 2
Level: 2
SimplifiedLevel: 0
EditOperation: 2 74 0 0 5
AccumulatedOpsCount: 2
AccumulatedOp: 2 75 0 0 5
AccumulatedOp: 2 74 0 0 5
ChildrenCount: 2
ChildIndices: 2 3
CompletedDBGraphIDsCount: 0
GraphStart
GraphDataStart
ID: 2
NumNodes: 75
NumEdges: 154
NodeLabels
2 2 2 2 3 3 4 4 4 4 4 4 4 4 4 4 4 4 4 4 4 4 4 4 4 4 4 4 4 4 4 4 4 4 4 4 4 4 4 5 5 5 5 5 5 5 5 5 5 5 5 5 5 5 5 5 5 5 5 5 5 5 5 5 5 5 5 5 5 5 5 5 5 5 5 
Edges
0 12 0
1 18 0
2 24 0
2 28 0
3 26 0
3 35 0
4 9 0
4 16 0
4 50 0
5 18 0
5 25 0
5 56 0
6 7 0
6 8 0
6 13 0
6 14 0
7 6 0
7 9 0
7 39 0
7 40 0
8 6 0
8 12 0
8 41 0
8 42 0
9 4 0
9 7 0
9 10 0
10 9 0
10 11 0
10 12 0
11 10 0
11 15 0
11 17 0
11 43 0
12 0 0
12 8 0
12 10 0
13 6 0
13 44 0
13 45 0
13 46 0
14 6 0
14 47 0
14 48 0
14 49 0
15 11 0
15 16 0
15 18 0
16 4 0
16 15 0
16 19 0
17 11 0
17 20 0
17 21 0
18 1 0
18 5 0
18 15 0
19 16 0
19 51 0
19 52 0
19 53 0
20 17 0
20 22 0
20 54 0
21 17 0
21 23 0
21 55 0
22 20 0
22 24 0
22 57 0
23 21 0
23 24 0
23 58 0
24 2 0
24 22 0
24 23 0
25 5 0
25 26 0
25 27 0
26 3 0
26 25 0
26 29 0
27 25 0
27 30 0
27 59 0
28 2 0
28 32 0
28 60 0
28 61 0
29 26 0
29 31 0
29 62 0
30 27 0
30 31 0
30 63 0
31 29 0
31 30 0
31 64 0
32 28 0
32 33 0
32 34 0
33 32 0
33 36 0
33 65 0
34 32 0
34 37 0
34 66 0
35 3 0
35 67 0
35 68 0
35 69 0
36 33 0
36 38 0
36 70 0
37 34 0
37 38 0
37 71 0
38 36 0
38 37 0
38 72 0
39 7 0
40 7 0
41 8 0
42 8 0
43 11 0
44 13 0
45 13 0
46 13 0
47 14 0
48 14 0
49 14 0
50 4 0
51 19 0
52 19 0
53 19 0
54 20 0
55 21 0
56 5 0
57 22 0
58 23 0
59 27 0
60 28 0
61 28 0
62 29 0
63 30 0
64 31 0
65 33 0
66 34 0
67 35 0
68 35 0
69 35 0
70 36 0
71 37 0
72 38 0
GraphDataEnd
GraphEnd
NodeEnd
NodeStart
EPTNodeID: 2
AnchorID: 18353
TreeNodeGraphID: 10
Level: 10
SimplifiedLevel: 0
EditOperation: 5 3 75 0 0
AccumulatedOpsCount: 8
AccumulatedOp: 0 3 0 2 4
AccumulatedOp: 0 57 0 5 2
AccumulatedOp: 2 73 0 0 5
AccumulatedOp: 5 3 74 0 0
AccumulatedOp: 4 3 35 0 0
AccumulatedOp: 5 35 57 0 0
AccumulatedOp: 5 3 73 0 0
AccumulatedOp: 5 3 75 0 0
ChildrenCount: 0
ChildIndices:
CompletedDBGraphIDsCount: 2
CompletedDBGraphID: 18038
CompletedDBGraphID: 8331
GraphStart
GraphDataStart
ID: 10
NumNodes: 76
NumEdges: 160
NodeLabels
2 2 2 4 3 3 4 4 4 4 4 4 4 4 4 4 4 4 4 4 4 4 4 4 4 4 4 4 4 4 4 4 4 4 4 4 4 4 4 5 5 5 5 5 5 5 5 5 5 5 5 5 5 5 5 5 5 2 5 5 5 5 5 5 5 5 5 5 5 5 5 5 5 5 5 5 
Edges
0 12 0
1 18 0
2 24 0
2 28 0
3 26 0
3 74 0
3 73 0
3 75 0
4 9 0
4 16 0
4 50 0
5 18 0
5 25 0
5 56 0
6 7 0
6 8 0
6 13 0
6 14 0
7 6 0
7 9 0
7 39 0
7 40 0
8 6 0
8 12 0
8 41 0
8 42 0
9 4 0
9 7 0
9 10 0
10 9 0
10 11 0
10 12 0
11 10 0
11 15 0
11 17 0
11 43 0
12 0 0
12 8 0
12 10 0
13 6 0
13 44 0
13 45 0
13 46 0
14 6 0
14 47 0
14 48 0
14 49 0
15 11 0
15 16 0
15 18 0
16 4 0
16 15 0
16 19 0
17 11 0
17 20 0
17 21 0
18 1 0
18 5 0
18 15 0
19 16 0
19 51 0
19 52 0
19 53 0
20 17 0
20 22 0
20 54 0
21 17 0
21 23 0
21 55 0
22 20 0
22 24 0
22 57 0
23 21 0
23 24 0
23 58 0
24 2 0
24 22 0
24 23 0
25 5 0
25 26 0
25 27 0
26 3 0
26 25 0
26 29 0
27 25 0
27 30 0
27 59 0
28 2 0
28 32 0
28 60 0
28 61 0
29 26 0
29 31 0
29 62 0
30 27 0
30 31 0
30 63 0
31 29 0
31 30 0
31 64 0
32 28 0
32 33 0
32 34 0
33 32 0
33 36 0
33 65 0
34 32 0
34 37 0
34 66 0
35 67 0
35 68 0
35 69 0
35 57 0
36 33 0
36 38 0
36 70 0
37 34 0
37 38 0
37 71 0
38 36 0
38 37 0
38 72 0
39 7 0
40 7 0
41 8 0
42 8 0
43 11 0
44 13 0
45 13 0
46 13 0
47 14 0
48 14 0
49 14 0
50 4 0
51 19 0
52 19 0
53 19 0
54 20 0
55 21 0
56 5 0
57 22 0
57 35 0
58 23 0
59 27 0
60 28 0
61 28 0
62 29 0
63 30 0
64 31 0
65 33 0
66 34 0
67 35 0
68 35 0
69 35 0
70 36 0
71 37 0
72 38 0
73 3 0
74 3 0
75 3 0
GraphDataEnd
GraphEnd
NodeEnd
NodeStart
EPTNodeID: 3
AnchorID: 18353
TreeNodeGraphID: 17
Level: 9
SimplifiedLevel: 0
EditOperation: 5 73 76 0 0
AccumulatedOpsCount: 7
AccumulatedOp: 0 58 0 5 2
AccumulatedOp: 2 73 0 0 4
AccumulatedOp: 2 76 0 0 5
AccumulatedOp: 5 58 73 0 0
AccumulatedOp: 5 73 74 0 0
AccumulatedOp: 5 73 75 0 0
AccumulatedOp: 5 73 76 0 0
ChildrenCount: 0
ChildIndices:
CompletedDBGraphIDsCount: 2
CompletedDBGraphID: 3042
CompletedDBGraphID: 21013
GraphStart
GraphDataStart
ID: 17
NumNodes: 77
NumEdges: 162
NodeLabels
2 2 2 2 3 3 4 4 4 4 4 4 4 4 4 4 4 4 4 4 4 4 4 4 4 4 4 4 4 4 4 4 4 4 4 4 4 4 4 5 5 5 5 5 5 5 5 5 5 5 5 5 5 5 5 5 5 5 2 5 5 5 5 5 5 5 5 5 5 5 5 5 5 4 5 5 5 
Edges
0 12 0
1 18 0
2 24 0
2 28 0
3 26 0
3 35 0
4 9 0
4 16 0
4 50 0
5 18 0
5 25 0
5 56 0
6 7 0
6 8 0
6 13 0
6 14 0
7 6 0
7 9 0
7 39 0
7 40 0
8 6 0
8 12 0
8 41 0
8 42 0
9 4 0
9 7 0
9 10 0
10 9 0
10 11 0
10 12 0
11 10 0
11 15 0
11 17 0
11 43 0
12 0 0
12 8 0
12 10 0
13 6 0
13 44 0
13 45 0
13 46 0
14 6 0
14 47 0
14 48 0
14 49 0
15 11 0
15 16 0
15 18 0
16 4 0
16 15 0
16 19 0
17 11 0
17 20 0
17 21 0
18 1 0
18 5 0
18 15 0
19 16 0
19 51 0
19 52 0
19 53 0
20 17 0
20 22 0
20 54 0
21 17 0
21 23 0
21 55 0
22 20 0
22 24 0
22 57 0
23 21 0
23 24 0
23 58 0
24 2 0
24 22 0
24 23 0
25 5 0
25 26 0
25 27 0
26 3 0
26 25 0
26 29 0
27 25 0
27 30 0
27 59 0
28 2 0
28 32 0
28 60 0
28 61 0
29 26 0
29 31 0
29 62 0
30 27 0
30 31 0
30 63 0
31 29 0
31 30 0
31 64 0
32 28 0
32 33 0
32 34 0
33 32 0
33 36 0
33 65 0
34 32 0
34 37 0
34 66 0
35 3 0
35 67 0
35 68 0
35 69 0
36 33 0
36 38 0
36 70 0
37 34 0
37 38 0
37 71 0
38 36 0
38 37 0
38 72 0
39 7 0
40 7 0
41 8 0
42 8 0
43 11 0
44 13 0
45 13 0
46 13 0
47 14 0
48 14 0
49 14 0
50 4 0
51 19 0
52 19 0
53 19 0
54 20 0
55 21 0
56 5 0
57 22 0
58 23 0
58 73 0
59 27 0
60 28 0
61 28 0
62 29 0
63 30 0
64 31 0
65 33 0
66 34 0
67 35 0
68 35 0
69 35 0
70 36 0
71 37 0
72 38 0
73 58 0
73 74 0
73 75 0
73 76 0
74 73 0
75 73 0
76 73 0
GraphDataEnd
GraphEnd
NodeEnd
NodeStart
EPTNodeID: 4
AnchorID: 18353
TreeNodeGraphID: 27
Level: 10
SimplifiedLevel: 0
EditOperation: 5 13 57 0 0
AccumulatedOpsCount: 10
AccumulatedOp: 0 57 0 5 2
AccumulatedOp: 0 14 0 4 5
AccumulatedOp: 4 14 48 0 0
AccumulatedOp: 5 6 48 0 0
AccumulatedOp: 4 14 49 0 0
AccumulatedOp: 1 49 0 5 0
AccumulatedOp: 4 6 13 0 0
AccumulatedOp: 4 14 47 0 0
AccumulatedOp: 1 47 0 5 0
AccumulatedOp: 5 13 57 0 0
ChildrenCount: 0
ChildIndices:
CompletedDBGraphIDsCount: 2
CompletedDBGraphID: 9756
CompletedDBGraphID: 10654
GraphStart
GraphDataStart
ID: 27
NumNodes: 71
NumEdges: 150
NodeLabels
2 2 2 2 3 3 4 4 4 4 4 4 4 4 5 4 4 4 4 4 4 4 4 4 4 4 4 4 4 4 4 4 4 4 4 4 4 4 4 5 5 5 5 5 5 5 5 5 5 5 5 5 5 5 5 2 5 5 5 5 5 5 5 5 5 5 5 5 5 5 5 
Edges
0 12 0
1 18 0
2 24 0
2 28 0
3 26 0
3 35 0
4 9 0
4 16 0
4 48 0
5 18 0
5 25 0
5 54 0
6 7 0
6 8 0
6 14 0
6 47 0
7 6 0
7 9 0
7 39 0
7 40 0
8 6 0
8 12 0
8 41 0
8 42 0
9 4 0
9 7 0
9 10 0
10 9 0
10 11 0
10 12 0
11 10 0
11 15 0
11 17 0
11 43 0
12 0 0
12 8 0
12 10 0
13 44 0
13 45 0
13 46 0
13 55 0
14 6 0
15 11 0
15 16 0
15 18 0
16 4 0
16 15 0
16 19 0
17 11 0
17 20 0
17 21 0
18 1 0
18 5 0
18 15 0
19 16 0
19 49 0
19 50 0
19 51 0
20 17 0
20 22 0
20 52 0
21 17 0
21 23 0
21 53 0
22 20 0
22 24 0
22 55 0
23 21 0
23 24 0
23 56 0
24 2 0
24 22 0
24 23 0
25 5 0
25 26 0
25 27 0
26 3 0
26 25 0
26 29 0
27 25 0
27 30 0
27 57 0
28 2 0
28 32 0
28 58 0
28 59 0
29 26 0
29 31 0
29 60 0
30 27 0
30 31 0
30 61 0
31 29 0
31 30 0
31 62 0
32 28 0
32 33 0
32 34 0
33 32 0
33 36 0
33 63 0
34 32 0
34 37 0
34 64 0
35 3 0
35 65 0
35 66 0
35 67 0
36 33 0
36 38 0
36 68 0
37 34 0
37 38 0
37 69 0
38 36 0
38 37 0
38 70 0
39 7 0
40 7 0
41 8 0
42 8 0
43 11 0
44 13 0
45 13 0
46 13 0
47 6 0
48 4 0
49 19 0
50 19 0
51 19 0
52 20 0
53 21 0
54 5 0
55 22 0
55 13 0
56 23 0
57 27 0
58 28 0
59 28 0
60 29 0
61 30 0
62 31 0
63 33 0
64 34 0
65 35 0
66 35 0
67 35 0
68 36 0
69 37 0
70 38 0
GraphDataEnd
GraphEnd
NodeEnd
NodeStart
EPTNodeID: 5
AnchorID: 18353
TreeNodeGraphID: 31
Level: 4
SimplifiedLevel: 0
EditOperation: 5 24 58 0 0
AccumulatedOpsCount: 4
AccumulatedOp: 5 2 23 0 0
AccumulatedOp: 4 2 24 0 0
AccumulatedOp: 4 23 58 0 0
AccumulatedOp: 5 24 58 0 0
ChildrenCount: 0
ChildIndices:
CompletedDBGraphIDsCount: 2
CompletedDBGraphID: 11405
CompletedDBGraphID: 15049
GraphStart
GraphDataStart
ID: 31
NumNodes: 73
NumEdges: 154
NodeLabels
2 2 2 2 3 3 4 4 4 4 4 4 4 4 4 4 4 4 4 4 4 4 4 4 4 4 4 4 4 4 4 4 4 4 4 4 4 4 4 5 5 5 5 5 5 5 5 5 5 5 5 5 5 5 5 5 5 5 5 5 5 5 5 5 5 5 5 5 5 5 5 5 5 
Edges
0 12 0
1 18 0
2 28 0
2 23 0
3 26 0
3 35 0
4 9 0
4 16 0
4 50 0
5 18 0
5 25 0
5 56 0
6 7 0
6 8 0
6 13 0
6 14 0
7 6 0
7 9 0
7 39 0
7 40 0
8 6 0
8 12 0
8 41 0
8 42 0
9 4 0
9 7 0
9 10 0
10 9 0
10 11 0
10 12 0
11 10 0
11 15 0
11 17 0
11 43 0
12 0 0
12 8 0
12 10 0
13 6 0
13 44 0
13 45 0
13 46 0
14 6 0
14 47 0
14 48 0
14 49 0
15 11 0
15 16 0
15 18 0
16 4 0
16 15 0
16 19 0
17 11 0
17 20 0
17 21 0
18 1 0
18 5 0
18 15 0
19 16 0
19 51 0
19 52 0
19 53 0
20 17 0
20 22 0
20 54 0
21 17 0
21 23 0
21 55 0
22 20 0
22 24 0
22 57 0
23 21 0
23 24 0
23 2 0
24 22 0
24 23 0
24 58 0
25 5 0
25 26 0
25 27 0
26 3 0
26 25 0
26 29 0
27 25 0
27 30 0
27 59 0
28 2 0
28 32 0
28 60 0
28 61 0
29 26 0
29 31 0
29 62 0
30 27 0
30 31 0
30 63 0
31 29 0
31 30 0
31 64 0
32 28 0
32 33 0
32 34 0
33 32 0
33 36 0
33 65 0
34 32 0
34 37 0
34 66 0
35 3 0
35 67 0
35 68 0
35 69 0
36 33 0
36 38 0
36 70 0
37 34 0
37 38 0
37 71 0
38 36 0
38 37 0
38 72 0
39 7 0
40 7 0
41 8 0
42 8 0
43 11 0
44 13 0
45 13 0
46 13 0
47 14 0
48 14 0
49 14 0
50 4 0
51 19 0
52 19 0
53 19 0
54 20 0
55 21 0
56 5 0
57 22 0
58 24 0
59 27 0
60 28 0
61 28 0
62 29 0
63 30 0
64 31 0
65 33 0
66 34 0
67 35 0
68 35 0
69 35 0
70 36 0
71 37 0
72 38 0
GraphDataEnd
GraphEnd
NodeEnd
NodeStart
EPTNodeID: 6
AnchorID: 18353
TreeNodeGraphID: 35
Level: 4
SimplifiedLevel: 0
EditOperation: 5 28 55 0 0
AccumulatedOpsCount: 4
AccumulatedOp: 0 2 0 2 5
AccumulatedOp: 0 55 0 5 2
AccumulatedOp: 4 2 28 0 0
AccumulatedOp: 5 28 55 0 0
ChildrenCount: 0
ChildIndices:
CompletedDBGraphIDsCount: 2
CompletedDBGraphID: 5731
CompletedDBGraphID: 18521
GraphStart
GraphDataStart
ID: 35
NumNodes: 73
NumEdges: 154
NodeLabels
2 2 5 2 3 3 4 4 4 4 4 4 4 4 4 4 4 4 4 4 4 4 4 4 4 4 4 4 4 4 4 4 4 4 4 4 4 4 4 5 5 5 5 5 5 5 5 5 5 5 5 5 5 5 5 2 5 5 5 5 5 5 5 5 5 5 5 5 5 5 5 5 5 
Edges
0 12 0
1 18 0
2 24 0
3 26 0
3 35 0
4 9 0
4 16 0
4 50 0
5 18 0
5 25 0
5 56 0
6 7 0
6 8 0
6 13 0
6 14 0
7 6 0
7 9 0
7 39 0
7 40 0
8 6 0
8 12 0
8 41 0
8 42 0
9 4 0
9 7 0
9 10 0
10 9 0
10 11 0
10 12 0
11 10 0
11 15 0
11 17 0
11 43 0
12 0 0
12 8 0
12 10 0
13 6 0
13 44 0
13 45 0
13 46 0
14 6 0
14 47 0
14 48 0
14 49 0
15 11 0
15 16 0
15 18 0
16 4 0
16 15 0
16 19 0
17 11 0
17 20 0
17 21 0
18 1 0
18 5 0
18 15 0
19 16 0
19 51 0
19 52 0
19 53 0
20 17 0
20 22 0
20 54 0
21 17 0
21 23 0
21 55 0
22 20 0
22 24 0
22 57 0
23 21 0
23 24 0
23 58 0
24 2 0
24 22 0
24 23 0
25 5 0
25 26 0
25 27 0
26 3 0
26 25 0
26 29 0
27 25 0
27 30 0
27 59 0
28 32 0
28 60 0
28 61 0
28 55 0
29 26 0
29 31 0
29 62 0
30 27 0
30 31 0
30 63 0
31 29 0
31 30 0
31 64 0
32 28 0
32 33 0
32 34 0
33 32 0
33 36 0
33 65 0
34 32 0
34 37 0
34 66 0
35 3 0
35 67 0
35 68 0
35 69 0
36 33 0
36 38 0
36 70 0
37 34 0
37 38 0
37 71 0
38 36 0
38 37 0
38 72 0
39 7 0
40 7 0
41 8 0
42 8 0
43 11 0
44 13 0
45 13 0
46 13 0
47 14 0
48 14 0
49 14 0
50 4 0
51 19 0
52 19 0
53 19 0
54 20 0
55 21 0
55 28 0
56 5 0
57 22 0
58 23 0
59 27 0
60 28 0
61 28 0
62 29 0
63 30 0
64 31 0
65 33 0
66 34 0
67 35 0
68 35 0
69 35 0
70 36 0
71 37 0
72 38 0
GraphDataEnd
GraphEnd
NodeEnd
END_EPT
