BEGIN_EPT
AnchorID: 6034  # ID of the anchor node
RootIndex: 0  # Index of the root node in tree_nodes
NodeCount: 1  # Total number of nodes in the EPT
NodeStart
EPTNodeID: 0
AnchorID: 6034
TreeNodeGraphID: 0
Level: 0
SimplifiedLevel: 0
EditOperation: -1 0 -1 0 0
AccumulatedOpsCount: 0
ChildrenCount: 0
ChildIndices:
CompletedDBGraphIDsCount: 0
GraphStart
GraphDataStart
ID: 0
NumNodes: 68
NumEdges: 142
NodeLabels
6 6 2 2 2 2 2 3 3 3 4 4 4 4 4 4 4 4 4 4 4 4 4 4 4 4 4 4 4 4 4 4 4 4 4 4 4 4 4 5 5 5 5 5 5 5 5 5 5 5 5 5 5 5 5 5 5 5 5 5 5 5 5 5 5 5 5 5 
Edges
0 2 0
0 3 0
0 7 0
0 12 0
1 5 0
1 6 0
1 9 0
1 38 0
2 0 0
3 0 0
4 19 0
5 1 0
6 1 0
7 0 0
7 10 0
7 11 0
8 19 0
8 27 0
8 51 0
9 1 0
9 28 0
9 37 0
10 7 0
10 14 0
10 39 0
10 40 0
11 7 0
11 13 0
11 15 0
12 0 0
12 16 0
12 17 0
13 11 0
13 18 0
13 19 0
14 10 0
14 21 0
14 22 0
15 11 0
15 20 0
15 41 0
16 12 0
16 25 0
16 42 0
17 12 0
17 26 0
17 43 0
18 13 0
18 23 0
18 44 0
19 4 0
19 8 0
19 13 0
20 15 0
20 23 0
20 45 0
21 14 0
21 30 0
21 46 0
22 14 0
22 31 0
22 47 0
23 18 0
23 20 0
23 48 0
24 25 0
24 26 0
24 35 0
25 16 0
25 24 0
25 49 0
26 17 0
26 24 0
26 50 0
27 8 0
27 29 0
27 32 0
28 9 0
28 29 0
28 33 0
29 27 0
29 28 0
29 52 0
30 21 0
30 34 0
30 53 0
31 22 0
31 34 0
31 54 0
32 27 0
32 36 0
32 55 0
33 28 0
33 36 0
33 56 0
34 30 0
34 31 0
34 57 0
35 24 0
35 58 0
35 59 0
35 60 0
36 32 0
36 33 0
36 61 0
37 9 0
37 62 0
37 63 0
37 64 0
38 1 0
38 65 0
38 66 0
38 67 0
39 10 0
40 10 0
41 15 0
42 16 0
43 17 0
44 18 0
45 20 0
46 21 0
47 22 0
48 23 0
49 25 0
50 26 0
51 8 0
52 29 0
53 30 0
54 31 0
55 32 0
56 33 0
57 34 0
58 35 0
59 35 0
60 35 0
61 36 0
62 37 0
63 37 0
64 37 0
65 38 0
66 38 0
67 38 0
GraphDataEnd
GraphEnd
NodeEnd
END_EPT
