BEGIN_EPT
AnchorID: 16549  # ID of the anchor node
RootIndex: 0  # Index of the root node in tree_nodes
NodeCount: 3  # Total number of nodes in the EPT
NodeStart
EPTNodeID: 0
AnchorID: 16549
TreeNodeGraphID: 0
Level: 0
SimplifiedLevel: 0
EditOperation: -1 0 -1 0 0
AccumulatedOpsCount: 0
ChildrenCount: 1
ChildIndices: 1
CompletedDBGraphIDsCount: 0
GraphStart
GraphDataStart
ID: 0
NumNodes: 69
NumEdges: 144
NodeLabels
7 6 6 2 2 2 2 2 2 3 3 3 4 4 4 4 4 4 4 4 4 4 4 4 4 4 4 4 4 4 4 4 4 4 4 4 4 4 4 5 5 5 5 5 5 5 5 5 5 5 5 5 5 5 5 5 5 5 5 5 5 5 5 5 5 5 5 5 5 
Edges
0 36 0
1 3 0
1 4 0
1 9 0
1 17 0
2 5 0
2 6 0
2 10 0
2 26 0
3 1 0
4 1 0
5 2 0
6 2 0
7 24 0
8 33 0
8 37 0
9 1 0
9 12 0
9 13 0
10 2 0
10 23 0
10 25 0
11 22 0
11 24 0
11 55 0
12 9 0
12 14 0
12 41 0
12 42 0
13 9 0
13 15 0
13 39 0
13 40 0
14 12 0
14 16 0
14 45 0
14 46 0
15 13 0
15 16 0
15 43 0
15 44 0
16 14 0
16 15 0
16 47 0
16 48 0
17 1 0
17 18 0
17 19 0
18 17 0
18 20 0
18 49 0
19 17 0
19 21 0
19 50 0
20 18 0
20 22 0
20 51 0
21 19 0
21 22 0
21 52 0
22 11 0
22 20 0
22 21 0
23 10 0
23 24 0
23 53 0
23 54 0
24 7 0
24 11 0
24 23 0
25 10 0
25 27 0
25 28 0
26 2 0
26 29 0
26 30 0
27 25 0
27 31 0
27 56 0
28 25 0
28 32 0
28 57 0
29 26 0
29 34 0
29 58 0
30 26 0
30 35 0
30 59 0
31 27 0
31 33 0
31 60 0
32 28 0
32 33 0
32 61 0
33 8 0
33 31 0
33 32 0
34 29 0
34 36 0
34 62 0
35 30 0
35 36 0
35 63 0
36 0 0
36 34 0
36 35 0
37 8 0
37 38 0
37 64 0
37 65 0
38 37 0
38 66 0
38 67 0
38 68 0
39 13 0
40 13 0
41 12 0
42 12 0
43 15 0
44 15 0
45 14 0
46 14 0
47 16 0
48 16 0
49 18 0
50 19 0
51 20 0
52 21 0
53 23 0
54 23 0
55 11 0
56 27 0
57 28 0
58 29 0
59 30 0
60 31 0
61 32 0
62 34 0
63 35 0
64 37 0
65 37 0
66 38 0
67 38 0
68 38 0
GraphDataEnd
GraphEnd
NodeEnd
NodeStart
EPTNodeID: 1
AnchorID: 16549
TreeNodeGraphID: 5
Level: 5
SimplifiedLevel: 0
EditOperation: 1 48 0 5 0
AccumulatedOpsCount: 5
AccumulatedOp: 4 16 47 0 0
AccumulatedOp: 0 16 0 4 2
AccumulatedOp: 1 47 0 5 0
AccumulatedOp: 4 16 48 0 0
AccumulatedOp: 1 48 0 5 0
ChildrenCount: 1
ChildIndices: 2
CompletedDBGraphIDsCount: 1
CompletedDBGraphID: 12378
GraphStart
GraphDataStart
ID: 5
NumNodes: 67
NumEdges: 140
NodeLabels
7 6 6 2 2 2 2 2 2 3 3 3 4 4 4 4 2 4 4 4 4 4 4 4 4 4 4 4 4 4 4 4 4 4 4 4 4 4 4 5 5 5 5 5 5 5 5 5 5 5 5 5 5 5 5 5 5 5 5 5 5 5 5 5 5 5 5 
Edges
0 36 0
1 3 0
1 4 0
1 9 0
1 17 0
2 5 0
2 6 0
2 10 0
2 26 0
3 1 0
4 1 0
5 2 0
6 2 0
7 24 0
8 33 0
8 37 0
9 1 0
9 12 0
9 13 0
10 2 0
10 23 0
10 25 0
11 22 0
11 24 0
11 53 0
12 9 0
12 14 0
12 41 0
12 42 0
13 9 0
13 15 0
13 39 0
13 40 0
14 12 0
14 16 0
14 45 0
14 46 0
15 13 0
15 16 0
15 43 0
15 44 0
16 14 0
16 15 0
17 1 0
17 18 0
17 19 0
18 17 0
18 20 0
18 47 0
19 17 0
19 21 0
19 48 0
20 18 0
20 22 0
20 49 0
21 19 0
21 22 0
21 50 0
22 11 0
22 20 0
22 21 0
23 10 0
23 24 0
23 51 0
23 52 0
24 7 0
24 11 0
24 23 0
25 10 0
25 27 0
25 28 0
26 2 0
26 29 0
26 30 0
27 25 0
27 31 0
27 54 0
28 25 0
28 32 0
28 55 0
29 26 0
29 34 0
29 56 0
30 26 0
30 35 0
30 57 0
31 27 0
31 33 0
31 58 0
32 28 0
32 33 0
32 59 0
33 8 0
33 31 0
33 32 0
34 29 0
34 36 0
34 60 0
35 30 0
35 36 0
35 61 0
36 0 0
36 34 0
36 35 0
37 8 0
37 38 0
37 62 0
37 63 0
38 37 0
38 64 0
38 65 0
38 66 0
39 13 0
40 13 0
41 12 0
42 12 0
43 15 0
44 15 0
45 14 0
46 14 0
47 18 0
48 19 0
49 20 0
50 21 0
51 23 0
52 23 0
53 11 0
54 27 0
55 28 0
56 29 0
57 30 0
58 31 0
59 32 0
60 34 0
61 35 0
62 37 0
63 37 0
64 38 0
65 38 0
66 38 0
GraphDataEnd
GraphEnd
NodeEnd
NodeStart
EPTNodeID: 2
AnchorID: 16549
TreeNodeGraphID: 10
Level: 10
SimplifiedLevel: 0
EditOperation: 4 8 37 0 0
AccumulatedOpsCount: 5
AccumulatedOp: 0 0 0 7 5
AccumulatedOp: 0 8 0 2 5
AccumulatedOp: 0 57 0 5 2
AccumulatedOp: 5 37 57 0 0
AccumulatedOp: 4 8 37 0 0
ChildrenCount: 0
ChildIndices:
CompletedDBGraphIDsCount: 1
CompletedDBGraphID: 3389
GraphStart
GraphDataStart
ID: 10
NumNodes: 67
NumEdges: 140
NodeLabels
5 6 6 2 2 2 2 2 5 3 3 3 4 4 4 4 2 4 4 4 4 4 4 4 4 4 4 4 4 4 4 4 4 4 4 4 4 4 4 5 5 5 5 5 5 5 5 5 5 5 5 5 5 5 5 2 5 5 5 5 5 5 5 5 5 5 5 
Edges
0 36 0
1 3 0
1 4 0
1 9 0
1 17 0
2 5 0
2 6 0
2 10 0
2 26 0
3 1 0
4 1 0
5 2 0
6 2 0
7 24 0
8 33 0
9 1 0
9 12 0
9 13 0
10 2 0
10 23 0
10 25 0
11 22 0
11 24 0
11 53 0
12 9 0
12 14 0
12 41 0
12 42 0
13 9 0
13 15 0
13 39 0
13 40 0
14 12 0
14 16 0
14 45 0
14 46 0
15 13 0
15 16 0
15 43 0
15 44 0
16 14 0
16 15 0
17 1 0
17 18 0
17 19 0
18 17 0
18 20 0
18 47 0
19 17 0
19 21 0
19 48 0
20 18 0
20 22 0
20 49 0
21 19 0
21 22 0
21 50 0
22 11 0
22 20 0
22 21 0
23 10 0
23 24 0
23 51 0
23 52 0
24 7 0
24 11 0
24 23 0
25 10 0
25 27 0
25 28 0
26 2 0
26 29 0
26 30 0
27 25 0
27 31 0
27 54 0
28 25 0
28 32 0
28 55 0
29 26 0
29 34 0
29 56 0
30 26 0
30 35 0
30 57 0
31 27 0
31 33 0
31 58 0
32 28 0
32 33 0
32 59 0
33 8 0
33 31 0
33 32 0
34 29 0
34 36 0
34 60 0
35 30 0
35 36 0
35 61 0
36 0 0
36 34 0
36 35 0
37 38 0
37 62 0
37 63 0
37 55 0
38 37 0
38 64 0
38 65 0
38 66 0
39 13 0
40 13 0
41 12 0
42 12 0
43 15 0
44 15 0
45 14 0
46 14 0
47 18 0
48 19 0
49 20 0
50 21 0
51 23 0
52 23 0
53 11 0
54 27 0
55 28 0
55 37 0
56 29 0
57 30 0
58 31 0
59 32 0
60 34 0
61 35 0
62 37 0
63 37 0
64 38 0
65 38 0
66 38 0
GraphDataEnd
GraphEnd
NodeEnd
END_EPT
