BEGIN_EPT
AnchorID: 7122  # ID of the anchor node
RootIndex: 0  # Index of the root node in tree_nodes
NodeCount: 2  # Total number of nodes in the EPT
NodeStart
EPTNodeID: 0
AnchorID: 7122
TreeNodeGraphID: 0
Level: 0
SimplifiedLevel: 0
EditOperation: -1 0 -1 0 0
AccumulatedOpsCount: 0
ChildrenCount: 1
ChildIndices: 1
CompletedDBGraphIDsCount: 0
GraphStart
GraphDataStart
ID: 0
NumNodes: 66
NumEdges: 140
NodeLabels
6 1 1 2 2 2 2 3 3 3 3 3 4 4 4 4 4 4 4 4 4 4 4 4 4 4 4 4 4 4 4 4 4 4 4 4 4 4 4 5 5 5 5 5 5 5 5 5 5 5 5 5 5 5 5 5 5 5 5 5 5 5 5 5 5 5 
Edges
0 3 0
0 4 0
0 7 0
0 18 0
1 32 0
2 32 0
3 0 0
4 0 0
5 26 0
6 37 0
6 38 0
7 0 0
7 12 0
7 13 0
8 23 0
8 26 0
8 55 0
9 11 0
9 25 0
9 27 0
10 25 0
10 28 0
11 9 0
11 30 0
12 7 0
12 14 0
12 41 0
12 42 0
13 7 0
13 15 0
13 39 0
13 40 0
14 12 0
14 16 0
14 45 0
14 46 0
15 13 0
15 17 0
15 43 0
15 44 0
16 14 0
16 17 0
16 49 0
16 50 0
17 15 0
17 16 0
17 47 0
17 48 0
18 0 0
18 19 0
18 20 0
19 18 0
19 21 0
19 51 0
20 18 0
20 22 0
20 52 0
21 19 0
21 23 0
21 53 0
22 20 0
22 23 0
22 54 0
23 8 0
23 21 0
23 22 0
24 25 0
24 26 0
24 30 0
25 9 0
25 10 0
25 24 0
26 5 0
26 8 0
26 24 0
27 9 0
27 29 0
27 32 0
28 10 0
28 29 0
28 31 0
29 27 0
29 28 0
29 56 0
30 11 0
30 24 0
30 57 0
31 28 0
31 33 0
31 34 0
32 1 0
32 2 0
32 27 0
32 58 0
33 31 0
33 35 0
33 59 0
34 31 0
34 36 0
34 60 0
35 33 0
35 37 0
35 61 0
36 34 0
36 37 0
36 62 0
37 6 0
37 35 0
37 36 0
38 6 0
38 63 0
38 64 0
38 65 0
39 13 0
40 13 0
41 12 0
42 12 0
43 15 0
44 15 0
45 14 0
46 14 0
47 17 0
48 17 0
49 16 0
50 16 0
51 19 0
52 20 0
53 21 0
54 22 0
55 8 0
56 29 0
57 30 0
58 32 0
59 33 0
60 34 0
61 35 0
62 36 0
63 38 0
64 38 0
65 38 0
GraphDataEnd
GraphEnd
NodeEnd
NodeStart
EPTNodeID: 1
AnchorID: 7122
TreeNodeGraphID: 4
Level: 4
SimplifiedLevel: 0
EditOperation: 5 37 38 0 0
AccumulatedOpsCount: 4
AccumulatedOp: 4 6 37 0 0
AccumulatedOp: 4 6 38 0 0
AccumulatedOp: 1 6 0 2 0
AccumulatedOp: 5 37 38 0 0
ChildrenCount: 0
ChildIndices:
CompletedDBGraphIDsCount: 1
CompletedDBGraphID: 11261
GraphStart
GraphDataStart
ID: 4
NumNodes: 65
NumEdges: 138
NodeLabels
6 1 1 2 2 2 3 3 3 3 3 4 4 4 4 4 4 4 4 4 4 4 4 4 4 4 4 4 4 4 4 4 4 4 4 4 4 4 5 5 5 5 5 5 5 5 5 5 5 5 5 5 5 5 5 5 5 5 5 5 5 5 5 5 5 
Edges
0 3 0
0 4 0
0 6 0
0 17 0
1 31 0
2 31 0
3 0 0
4 0 0
5 25 0
6 0 0
6 11 0
6 12 0
7 22 0
7 25 0
7 54 0
8 10 0
8 24 0
8 26 0
9 24 0
9 27 0
10 8 0
10 29 0
11 6 0
11 13 0
11 40 0
11 41 0
12 6 0
12 14 0
12 38 0
12 39 0
13 11 0
13 15 0
13 44 0
13 45 0
14 12 0
14 16 0
14 42 0
14 43 0
15 13 0
15 16 0
15 48 0
15 49 0
16 14 0
16 15 0
16 46 0
16 47 0
17 0 0
17 18 0
17 19 0
18 17 0
18 20 0
18 50 0
19 17 0
19 21 0
19 51 0
20 18 0
20 22 0
20 52 0
21 19 0
21 22 0
21 53 0
22 7 0
22 20 0
22 21 0
23 24 0
23 25 0
23 29 0
24 8 0
24 9 0
24 23 0
25 5 0
25 7 0
25 23 0
26 8 0
26 28 0
26 31 0
27 9 0
27 28 0
27 30 0
28 26 0
28 27 0
28 55 0
29 10 0
29 23 0
29 56 0
30 27 0
30 32 0
30 33 0
31 1 0
31 2 0
31 26 0
31 57 0
32 30 0
32 34 0
32 58 0
33 30 0
33 35 0
33 59 0
34 32 0
34 36 0
34 60 0
35 33 0
35 36 0
35 61 0
36 34 0
36 35 0
36 37 0
37 62 0
37 63 0
37 64 0
37 36 0
38 12 0
39 12 0
40 11 0
41 11 0
42 14 0
43 14 0
44 13 0
45 13 0
46 16 0
47 16 0
48 15 0
49 15 0
50 18 0
51 19 0
52 20 0
53 21 0
54 7 0
55 28 0
56 29 0
57 31 0
58 32 0
59 33 0
60 34 0
61 35 0
62 37 0
63 37 0
64 37 0
GraphDataEnd
GraphEnd
NodeEnd
END_EPT
