BEGIN_EPT
AnchorID: 4492  # ID of the anchor node
RootIndex: 0  # Index of the root node in tree_nodes
NodeCount: 1  # Total number of nodes in the EPT
NodeStart
EPTNodeID: 0
AnchorID: 4492
TreeNodeGraphID: 0
Level: 0
SimplifiedLevel: 0
EditOperation: -1 0 -1 0 0
AccumulatedOpsCount: 0
ChildrenCount: 0
ChildIndices:
CompletedDBGraphIDsCount: 0
GraphStart
GraphDataStart
ID: 0
NumNodes: 74
NumEdges: 158
NodeLabels
2 2 2 2 3 3 3 3 3 3 4 4 4 4 4 4 4 4 4 4 4 4 4 4 4 4 4 4 4 4 4 4 4 4 4 4 4 4 4 4 4 4 5 5 5 5 5 5 5 5 5 5 5 5 5 5 5 5 5 5 5 5 5 5 5 5 5 5 5 5 5 5 5 5 
Edges
0 12 0
1 13 0
2 17 0
3 36 0
3 41 0
4 8 0
4 10 0
4 15 0
5 12 0
5 13 0
5 18 0
6 9 0
6 14 0
6 17 0
7 8 0
7 11 0
8 4 0
8 7 0
9 6 0
9 19 0
10 4 0
10 11 0
10 12 0
10 42 0
11 7 0
11 10 0
11 13 0
11 43 0
12 0 0
12 5 0
12 10 0
13 1 0
13 5 0
13 11 0
14 6 0
14 16 0
14 20 0
14 44 0
15 4 0
15 17 0
15 45 0
15 46 0
16 14 0
16 19 0
16 47 0
16 48 0
17 2 0
17 6 0
17 15 0
18 5 0
18 21 0
18 22 0
19 9 0
19 16 0
19 23 0
20 14 0
20 24 0
20 25 0
21 18 0
21 27 0
21 29 0
22 18 0
22 28 0
22 30 0
23 19 0
23 26 0
23 31 0
24 20 0
24 33 0
24 49 0
25 20 0
25 34 0
25 50 0
26 23 0
26 35 0
26 39 0
27 21 0
27 32 0
27 51 0
28 22 0
28 32 0
28 52 0
29 21 0
29 53 0
29 54 0
29 55 0
30 22 0
30 56 0
30 57 0
30 58 0
31 23 0
31 37 0
31 59 0
32 27 0
32 28 0
32 60 0
33 24 0
33 36 0
33 61 0
34 25 0
34 36 0
34 62 0
35 26 0
35 38 0
35 63 0
36 3 0
36 33 0
36 34 0
37 31 0
37 38 0
37 64 0
38 35 0
38 37 0
38 40 0
39 26 0
39 65 0
39 66 0
39 67 0
40 38 0
40 68 0
40 69 0
40 70 0
41 3 0
41 71 0
41 72 0
41 73 0
42 10 0
43 11 0
44 14 0
45 15 0
46 15 0
47 16 0
48 16 0
49 24 0
50 25 0
51 27 0
52 28 0
53 29 0
54 29 0
55 29 0
56 30 0
57 30 0
58 30 0
59 31 0
60 32 0
61 33 0
62 34 0
63 35 0
64 37 0
65 39 0
66 39 0
67 39 0
68 40 0
69 40 0
70 40 0
71 41 0
72 41 0
73 41 0
GraphDataEnd
GraphEnd
NodeEnd
END_EPT
