BEGIN_EPT
AnchorID: 18103  # ID of the anchor node
RootIndex: 0  # Index of the root node in tree_nodes
NodeCount: 1  # Total number of nodes in the EPT
NodeStart
EPTNodeID: 0
AnchorID: 18103
TreeNodeGraphID: 0
Level: 0
SimplifiedLevel: 0
EditOperation: -1 0 -1 0 0
AccumulatedOpsCount: 0
ChildrenCount: 0
ChildIndices:
CompletedDBGraphIDsCount: 0
GraphStart
GraphDataStart
ID: 0
NumNodes: 69
NumEdges: 150
NodeLabels
7 2 2 2 3 3 3 3 3 3 4 4 4 4 4 4 4 4 4 4 4 4 4 4 4 4 4 4 4 4 4 4 4 4 4 4 4 4 4 4 4 4 5 5 5 5 5 5 5 5 5 5 5 5 5 5 5 5 5 5 5 5 5 5 5 5 5 5 5 
Edges
0 41 0
1 18 0
2 25 0
3 26 0
4 5 0
4 11 0
4 18 0
5 4 0
5 13 0
6 9 0
6 19 0
6 20 0
7 25 0
7 26 0
7 30 0
8 9 0
8 21 0
9 6 0
9 8 0
10 11 0
10 12 0
10 13 0
10 42 0
11 4 0
11 10 0
11 17 0
11 43 0
12 10 0
12 14 0
12 44 0
12 45 0
13 5 0
13 10 0
13 16 0
14 12 0
14 15 0
14 46 0
14 47 0
15 14 0
15 16 0
15 48 0
15 49 0
16 13 0
16 15 0
16 22 0
17 11 0
17 23 0
17 24 0
18 1 0
18 4 0
18 20 0
19 6 0
19 21 0
19 25 0
19 50 0
20 6 0
20 18 0
20 51 0
20 52 0
21 8 0
21 19 0
21 26 0
21 53 0
22 16 0
22 27 0
22 54 0
23 17 0
23 28 0
23 55 0
24 17 0
24 29 0
24 56 0
25 2 0
25 7 0
25 19 0
26 3 0
26 7 0
26 21 0
27 22 0
27 32 0
27 33 0
28 23 0
28 31 0
28 57 0
29 24 0
29 31 0
29 58 0
30 7 0
30 34 0
30 35 0
31 28 0
31 29 0
31 59 0
32 27 0
32 36 0
32 60 0
33 27 0
33 37 0
33 61 0
34 30 0
34 38 0
34 62 0
35 30 0
35 39 0
35 63 0
36 32 0
36 40 0
36 64 0
37 33 0
37 40 0
37 65 0
38 34 0
38 41 0
38 66 0
39 35 0
39 41 0
39 67 0
40 36 0
40 37 0
40 68 0
41 0 0
41 38 0
41 39 0
42 10 0
43 11 0
44 12 0
45 12 0
46 14 0
47 14 0
48 15 0
49 15 0
50 19 0
51 20 0
52 20 0
53 21 0
54 22 0
55 23 0
56 24 0
57 28 0
58 29 0
59 31 0
60 32 0
61 33 0
62 34 0
63 35 0
64 36 0
65 37 0
66 38 0
67 39 0
68 40 0
GraphDataEnd
GraphEnd
NodeEnd
END_EPT
