BEGIN_EPT
AnchorID: 18370  # ID of the anchor node
RootIndex: 0  # Index of the root node in tree_nodes
NodeCount: 2  # Total number of nodes in the EPT
NodeStart
EPTNodeID: 0
AnchorID: 18370
TreeNodeGraphID: 0
Level: 0
SimplifiedLevel: 0
EditOperation: -1 0 -1 0 0
AccumulatedOpsCount: 0
ChildrenCount: 1
ChildIndices: 1
CompletedDBGraphIDsCount: 0
GraphStart
GraphDataStart
ID: 0
NumNodes: 69
NumEdges: 148
NodeLabels
1 1 2 3 3 3 3 3 4 4 4 4 4 4 4 4 4 4 4 4 4 4 4 4 4 4 4 4 4 4 4 4 4 4 4 4 4 4 4 4 5 5 5 5 5 5 5 5 5 5 5 5 5 5 5 5 5 5 5 5 5 5 5 5 5 5 5 5 5 
Edges
0 32 0
1 32 0
2 15 0
3 8 0
3 9 0
3 10 0
4 11 0
4 12 0
4 15 0
5 6 0
5 21 0
5 29 0
6 5 0
6 22 0
7 21 0
7 30 0
8 3 0
8 11 0
8 42 0
8 43 0
9 3 0
9 12 0
9 40 0
9 41 0
10 3 0
10 13 0
10 14 0
10 44 0
11 4 0
11 8 0
11 47 0
11 48 0
12 4 0
12 9 0
12 45 0
12 46 0
13 10 0
13 17 0
13 19 0
14 10 0
14 18 0
14 20 0
15 2 0
15 4 0
15 16 0
16 15 0
16 21 0
16 22 0
17 13 0
17 24 0
17 49 0
18 14 0
18 23 0
18 50 0
19 13 0
19 26 0
19 51 0
20 14 0
20 25 0
20 52 0
21 5 0
21 7 0
21 16 0
22 6 0
22 16 0
22 53 0
23 18 0
23 27 0
23 54 0
24 17 0
24 28 0
24 55 0
25 20 0
25 27 0
25 56 0
26 19 0
26 28 0
26 57 0
27 23 0
27 25 0
27 58 0
28 24 0
28 26 0
28 59 0
29 5 0
29 31 0
29 32 0
30 7 0
30 31 0
30 33 0
31 29 0
31 30 0
31 60 0
32 0 0
32 1 0
32 29 0
32 61 0
33 30 0
33 34 0
33 35 0
34 33 0
34 36 0
34 62 0
35 33 0
35 37 0
35 63 0
36 34 0
36 38 0
36 64 0
37 35 0
37 38 0
37 65 0
38 36 0
38 37 0
38 39 0
39 38 0
39 66 0
39 67 0
39 68 0
40 9 0
41 9 0
42 8 0
43 8 0
44 10 0
45 12 0
46 12 0
47 11 0
48 11 0
49 17 0
50 18 0
51 19 0
52 20 0
53 22 0
54 23 0
55 24 0
56 25 0
57 26 0
58 27 0
59 28 0
60 31 0
61 32 0
62 34 0
63 35 0
64 36 0
65 37 0
66 39 0
67 39 0
68 39 0
GraphDataEnd
GraphEnd
NodeEnd
NodeStart
EPTNodeID: 1
AnchorID: 18370
TreeNodeGraphID: 7
Level: 7
SimplifiedLevel: 0
EditOperation: 1 68 0 5 0
AccumulatedOpsCount: 7
AccumulatedOp: 0 39 0 4 5
AccumulatedOp: 4 39 66 0 0
AccumulatedOp: 1 66 0 5 0
AccumulatedOp: 4 39 67 0 0
AccumulatedOp: 1 67 0 5 0
AccumulatedOp: 4 39 68 0 0
AccumulatedOp: 1 68 0 5 0
ChildrenCount: 0
ChildIndices:
CompletedDBGraphIDsCount: 1
CompletedDBGraphID: 764
GraphStart
GraphDataStart
ID: 7
NumNodes: 66
NumEdges: 142
NodeLabels
1 1 2 3 3 3 3 3 4 4 4 4 4 4 4 4 4 4 4 4 4 4 4 4 4 4 4 4 4 4 4 4 4 4 4 4 4 4 4 5 5 5 5 5 5 5 5 5 5 5 5 5 5 5 5 5 5 5 5 5 5 5 5 5 5 5 
Edges
0 32 0
1 32 0
2 15 0
3 8 0
3 9 0
3 10 0
4 11 0
4 12 0
4 15 0
5 6 0
5 21 0
5 29 0
6 5 0
6 22 0
7 21 0
7 30 0
8 3 0
8 11 0
8 42 0
8 43 0
9 3 0
9 12 0
9 40 0
9 41 0
10 3 0
10 13 0
10 14 0
10 44 0
11 4 0
11 8 0
11 47 0
11 48 0
12 4 0
12 9 0
12 45 0
12 46 0
13 10 0
13 17 0
13 19 0
14 10 0
14 18 0
14 20 0
15 2 0
15 4 0
15 16 0
16 15 0
16 21 0
16 22 0
17 13 0
17 24 0
17 49 0
18 14 0
18 23 0
18 50 0
19 13 0
19 26 0
19 51 0
20 14 0
20 25 0
20 52 0
21 5 0
21 7 0
21 16 0
22 6 0
22 16 0
22 53 0
23 18 0
23 27 0
23 54 0
24 17 0
24 28 0
24 55 0
25 20 0
25 27 0
25 56 0
26 19 0
26 28 0
26 57 0
27 23 0
27 25 0
27 58 0
28 24 0
28 26 0
28 59 0
29 5 0
29 31 0
29 32 0
30 7 0
30 31 0
30 33 0
31 29 0
31 30 0
31 60 0
32 0 0
32 1 0
32 29 0
32 61 0
33 30 0
33 34 0
33 35 0
34 33 0
34 36 0
34 62 0
35 33 0
35 37 0
35 63 0
36 34 0
36 38 0
36 64 0
37 35 0
37 38 0
37 65 0
38 36 0
38 37 0
38 39 0
39 38 0
40 9 0
41 9 0
42 8 0
43 8 0
44 10 0
45 12 0
46 12 0
47 11 0
48 11 0
49 17 0
50 18 0
51 19 0
52 20 0
53 22 0
54 23 0
55 24 0
56 25 0
57 26 0
58 27 0
59 28 0
60 31 0
61 32 0
62 34 0
63 35 0
64 36 0
65 37 0
GraphDataEnd
GraphEnd
NodeEnd
END_EPT
