BEGIN_EPT
AnchorID: 20090  # ID of the anchor node
RootIndex: 0  # Index of the root node in tree_nodes
NodeCount: 1  # Total number of nodes in the EPT
NodeStart
EPTNodeID: 0
AnchorID: 20090
TreeNodeGraphID: 0
Level: 0
SimplifiedLevel: 0
EditOperation: -1 0 -1 0 0
AccumulatedOpsCount: 0
ChildrenCount: 0
ChildIndices:
CompletedDBGraphIDsCount: 0
GraphStart
GraphDataStart
ID: 0
NumNodes: 79
NumEdges: 170
NodeLabels
3 3 3 3 3 3 3 4 4 4 4 4 4 4 4 4 4 4 4 4 4 4 4 4 4 4 4 4 4 4 4 4 4 4 4 4 4 4 4 4 4 4 5 5 5 5 5 5 5 5 5 5 5 5 5 5 5 5 5 5 5 5 5 5 5 5 5 5 5 5 5 5 5 5 5 5 5 5 5 
Edges
0 7 0
0 10 0
0 11 0
1 12 0
1 15 0
1 16 0
2 7 0
2 20 0
2 21 0
3 13 0
3 14 0
3 23 0
4 17 0
4 18 0
4 25 0
5 20 0
5 24 0
6 33 0
7 0 0
7 2 0
7 8 0
8 7 0
8 9 0
8 19 0
9 8 0
9 12 0
9 42 0
9 43 0
10 0 0
10 14 0
10 44 0
10 45 0
11 0 0
11 13 0
11 46 0
11 47 0
12 1 0
12 9 0
12 48 0
12 49 0
13 3 0
13 11 0
13 52 0
13 53 0
14 3 0
14 10 0
14 50 0
14 51 0
15 1 0
15 17 0
15 54 0
15 55 0
16 1 0
16 18 0
16 56 0
16 57 0
17 4 0
17 15 0
17 58 0
17 59 0
18 4 0
18 16 0
18 60 0
18 61 0
19 8 0
19 22 0
19 26 0
20 2 0
20 5 0
20 22 0
21 2 0
21 24 0
21 27 0
22 19 0
22 20 0
22 33 0
23 3 0
23 29 0
23 30 0
24 5 0
24 21 0
24 28 0
25 4 0
25 31 0
25 32 0
26 19 0
26 62 0
26 63 0
26 64 0
27 21 0
27 34 0
27 65 0
28 24 0
28 35 0
28 66 0
29 23 0
29 36 0
29 67 0
30 23 0
30 37 0
30 68 0
31 25 0
31 38 0
31 69 0
32 25 0
32 39 0
32 70 0
33 6 0
33 22 0
34 27 0
34 35 0
34 71 0
35 28 0
35 34 0
35 72 0
36 29 0
36 40 0
36 73 0
37 30 0
37 40 0
37 74 0
38 31 0
38 41 0
38 75 0
39 32 0
39 41 0
39 76 0
40 36 0
40 37 0
40 77 0
41 38 0
41 39 0
41 78 0
42 9 0
43 9 0
44 10 0
45 10 0
46 11 0
47 11 0
48 12 0
49 12 0
50 14 0
51 14 0
52 13 0
53 13 0
54 15 0
55 15 0
56 16 0
57 16 0
58 17 0
59 17 0
60 18 0
61 18 0
62 26 0
63 26 0
64 26 0
65 27 0
66 28 0
67 29 0
68 30 0
69 31 0
70 32 0
71 34 0
72 35 0
73 36 0
74 37 0
75 38 0
76 39 0
77 40 0
78 41 0
GraphDataEnd
GraphEnd
NodeEnd
END_EPT
