BEGIN_EPT
AnchorID: 16075  # ID of the anchor node
RootIndex: 0  # Index of the root node in tree_nodes
NodeCount: 2  # Total number of nodes in the EPT
NodeStart
EPTNodeID: 0
AnchorID: 16075
TreeNodeGraphID: 0
Level: 0
SimplifiedLevel: 0
EditOperation: -1 0 -1 0 0
AccumulatedOpsCount: 0
ChildrenCount: 1
ChildIndices: 1
CompletedDBGraphIDsCount: 0
GraphStart
GraphDataStart
ID: 0
NumNodes: 63
NumEdges: 134
NodeLabels
6 6 2 2 2 2 3 3 3 3 3 4 4 4 4 4 4 4 4 4 4 4 4 4 4 4 4 4 4 4 4 4 4 4 4 4 4 4 5 5 5 5 5 5 5 5 5 5 5 5 5 5 5 5 5 5 5 5 5 5 5 5 5 
Edges
0 3 0
0 4 0
0 6 0
0 13 0
1 32 0
1 37 0
2 15 0
2 24 0
3 0 0
4 0 0
5 35 0
6 0 0
6 11 0
6 12 0
7 28 0
7 32 0
7 34 0
8 31 0
8 32 0
9 10 0
9 35 0
9 62 0
10 9 0
10 33 0
11 6 0
11 14 0
11 38 0
11 39 0
12 6 0
12 15 0
12 40 0
12 41 0
13 0 0
13 16 0
13 17 0
14 11 0
14 19 0
14 20 0
15 2 0
15 12 0
15 18 0
16 13 0
16 22 0
16 42 0
17 13 0
17 23 0
17 43 0
18 15 0
18 25 0
18 44 0
19 14 0
19 26 0
19 45 0
20 14 0
20 27 0
20 46 0
21 22 0
21 23 0
21 30 0
22 16 0
22 21 0
22 47 0
23 17 0
23 21 0
23 48 0
24 2 0
24 25 0
24 33 0
25 18 0
25 24 0
25 49 0
26 19 0
26 29 0
26 50 0
27 20 0
27 29 0
27 51 0
28 7 0
28 31 0
28 35 0
29 26 0
29 27 0
29 52 0
30 21 0
30 53 0
30 54 0
30 55 0
31 8 0
31 28 0
31 36 0
32 1 0
32 7 0
32 8 0
33 10 0
33 24 0
33 56 0
34 7 0
34 37 0
34 57 0
35 5 0
35 9 0
35 28 0
36 31 0
36 58 0
36 59 0
36 60 0
37 1 0
37 34 0
37 61 0
38 11 0
39 11 0
40 12 0
41 12 0
42 16 0
43 17 0
44 18 0
45 19 0
46 20 0
47 22 0
48 23 0
49 25 0
50 26 0
51 27 0
52 29 0
53 30 0
54 30 0
55 30 0
56 33 0
57 34 0
58 36 0
59 36 0
60 36 0
61 37 0
62 9 0
GraphDataEnd
GraphEnd
NodeEnd
NodeStart
EPTNodeID: 1
AnchorID: 16075
TreeNodeGraphID: 7
Level: 7
SimplifiedLevel: 0
EditOperation: 5 52 64 0 0
AccumulatedOpsCount: 7
AccumulatedOp: 0 52 0 5 4
AccumulatedOp: 2 63 0 0 5
AccumulatedOp: 2 64 0 0 5
AccumulatedOp: 2 65 0 0 5
AccumulatedOp: 5 52 65 0 0
AccumulatedOp: 5 52 63 0 0
AccumulatedOp: 5 52 64 0 0
ChildrenCount: 0
ChildIndices:
CompletedDBGraphIDsCount: 1
CompletedDBGraphID: 20587
GraphStart
GraphDataStart
ID: 7
NumNodes: 66
NumEdges: 140
NodeLabels
6 6 2 2 2 2 3 3 3 3 3 4 4 4 4 4 4 4 4 4 4 4 4 4 4 4 4 4 4 4 4 4 4 4 4 4 4 4 5 5 5 5 5 5 5 5 5 5 5 5 5 5 4 5 5 5 5 5 5 5 5 5 5 5 5 5 
Edges
0 3 0
0 4 0
0 6 0
0 13 0
1 32 0
1 37 0
2 15 0
2 24 0
3 0 0
4 0 0
5 35 0
6 0 0
6 11 0
6 12 0
7 28 0
7 32 0
7 34 0
8 31 0
8 32 0
9 10 0
9 35 0
9 62 0
10 9 0
10 33 0
11 6 0
11 14 0
11 38 0
11 39 0
12 6 0
12 15 0
12 40 0
12 41 0
13 0 0
13 16 0
13 17 0
14 11 0
14 19 0
14 20 0
15 2 0
15 12 0
15 18 0
16 13 0
16 22 0
16 42 0
17 13 0
17 23 0
17 43 0
18 15 0
18 25 0
18 44 0
19 14 0
19 26 0
19 45 0
20 14 0
20 27 0
20 46 0
21 22 0
21 23 0
21 30 0
22 16 0
22 21 0
22 47 0
23 17 0
23 21 0
23 48 0
24 2 0
24 25 0
24 33 0
25 18 0
25 24 0
25 49 0
26 19 0
26 29 0
26 50 0
27 20 0
27 29 0
27 51 0
28 7 0
28 31 0
28 35 0
29 26 0
29 27 0
29 52 0
30 21 0
30 53 0
30 54 0
30 55 0
31 8 0
31 28 0
31 36 0
32 1 0
32 7 0
32 8 0
33 10 0
33 24 0
33 56 0
34 7 0
34 37 0
34 57 0
35 5 0
35 9 0
35 28 0
36 31 0
36 58 0
36 59 0
36 60 0
37 1 0
37 34 0
37 61 0
38 11 0
39 11 0
40 12 0
41 12 0
42 16 0
43 17 0
44 18 0
45 19 0
46 20 0
47 22 0
48 23 0
49 25 0
50 26 0
51 27 0
52 29 0
52 65 0
52 63 0
52 64 0
53 30 0
54 30 0
55 30 0
56 33 0
57 34 0
58 36 0
59 36 0
60 36 0
61 37 0
62 9 0
63 52 0
64 52 0
65 52 0
GraphDataEnd
GraphEnd
NodeEnd
END_EPT
