BEGIN_EPT
AnchorID: 8578  # ID of the anchor node
RootIndex: 0  # Index of the root node in tree_nodes
NodeCount: 18  # Total number of nodes in the EPT
NodeStart
EPTNodeID: 0
AnchorID: 8578
TreeNodeGraphID: 0
Level: 0
SimplifiedLevel: 0
EditOperation: -1 0 -1 0 0
AccumulatedOpsCount: 0
ChildrenCount: 5
ChildIndices: 1 4 7 16 17
CompletedDBGraphIDsCount: 1
CompletedDBGraphID: 16560
GraphStart
GraphDataStart
ID: 0
NumNodes: 75
NumEdges: 156
NodeLabels
2 2 2 2 2 2 3 4 4 4 4 4 4 4 4 4 4 4 4 4 4 4 4 4 4 4 4 4 4 4 4 4 4 4 4 4 4 4 5 5 5 5 5 5 5 5 5 5 5 5 5 5 5 5 5 5 5 5 5 5 5 5 5 5 5 5 5 5 5 5 5 5 5 5 5 
Edges
0 13 0
1 20 0
1 30 0
2 21 0
2 31 0
3 21 0
4 24 0
4 36 0
5 28 0
5 37 0
6 11 0
6 16 0
6 44 0
7 8 0
7 12 0
7 15 0
7 38 0
8 7 0
8 11 0
8 39 0
8 40 0
9 10 0
9 11 0
9 13 0
10 9 0
10 14 0
10 17 0
10 41 0
11 6 0
11 8 0
11 9 0
12 7 0
12 13 0
12 42 0
12 43 0
13 0 0
13 9 0
13 12 0
14 10 0
14 16 0
14 21 0
15 7 0
15 18 0
15 19 0
16 6 0
16 14 0
16 22 0
17 10 0
17 20 0
17 23 0
18 15 0
18 24 0
18 45 0
19 15 0
19 25 0
19 46 0
20 1 0
20 17 0
20 26 0
21 2 0
21 3 0
21 14 0
22 16 0
22 47 0
22 48 0
22 49 0
23 17 0
23 27 0
23 50 0
24 4 0
24 18 0
24 28 0
25 19 0
25 28 0
25 51 0
26 20 0
26 29 0
26 52 0
27 23 0
27 29 0
27 53 0
28 5 0
28 24 0
28 25 0
29 26 0
29 27 0
29 54 0
30 1 0
30 32 0
30 33 0
30 55 0
31 2 0
31 34 0
31 35 0
31 56 0
32 30 0
32 57 0
32 58 0
32 62 0
33 30 0
33 59 0
33 60 0
33 61 0
34 31 0
34 63 0
34 64 0
34 65 0
35 31 0
35 66 0
35 67 0
35 68 0
36 4 0
36 69 0
36 70 0
36 71 0
37 5 0
37 72 0
37 73 0
37 74 0
38 7 0
39 8 0
40 8 0
41 10 0
42 12 0
43 12 0
44 6 0
45 18 0
46 19 0
47 22 0
48 22 0
49 22 0
50 23 0
51 25 0
52 26 0
53 27 0
54 29 0
55 30 0
56 31 0
57 32 0
58 32 0
59 33 0
60 33 0
61 33 0
62 32 0
63 34 0
64 34 0
65 34 0
66 35 0
67 35 0
68 35 0
69 36 0
70 36 0
71 36 0
72 37 0
73 37 0
74 37 0
GraphDataEnd
GraphEnd
NodeEnd
NodeStart
EPTNodeID: 1
AnchorID: 8578
TreeNodeGraphID: 1
Level: 1
SimplifiedLevel: 0
EditOperation: 4 2 31 0 0
AccumulatedOpsCount: 1
AccumulatedOp: 4 2 31 0 0
ChildrenCount: 2
ChildIndices: 2 3
CompletedDBGraphIDsCount: 0
GraphStart
GraphDataStart
ID: 1
NumNodes: 75
NumEdges: 154
NodeLabels
2 2 2 2 2 2 3 4 4 4 4 4 4 4 4 4 4 4 4 4 4 4 4 4 4 4 4 4 4 4 4 4 4 4 4 4 4 4 5 5 5 5 5 5 5 5 5 5 5 5 5 5 5 5 5 5 5 5 5 5 5 5 5 5 5 5 5 5 5 5 5 5 5 5 5 
Edges
0 13 0
1 20 0
1 30 0
2 21 0
3 21 0
4 24 0
4 36 0
5 28 0
5 37 0
6 11 0
6 16 0
6 44 0
7 8 0
7 12 0
7 15 0
7 38 0
8 7 0
8 11 0
8 39 0
8 40 0
9 10 0
9 11 0
9 13 0
10 9 0
10 14 0
10 17 0
10 41 0
11 6 0
11 8 0
11 9 0
12 7 0
12 13 0
12 42 0
12 43 0
13 0 0
13 9 0
13 12 0
14 10 0
14 16 0
14 21 0
15 7 0
15 18 0
15 19 0
16 6 0
16 14 0
16 22 0
17 10 0
17 20 0
17 23 0
18 15 0
18 24 0
18 45 0
19 15 0
19 25 0
19 46 0
20 1 0
20 17 0
20 26 0
21 2 0
21 3 0
21 14 0
22 16 0
22 47 0
22 48 0
22 49 0
23 17 0
23 27 0
23 50 0
24 4 0
24 18 0
24 28 0
25 19 0
25 28 0
25 51 0
26 20 0
26 29 0
26 52 0
27 23 0
27 29 0
27 53 0
28 5 0
28 24 0
28 25 0
29 26 0
29 27 0
29 54 0
30 1 0
30 32 0
30 33 0
30 55 0
31 34 0
31 35 0
31 56 0
32 30 0
32 57 0
32 58 0
32 62 0
33 30 0
33 59 0
33 60 0
33 61 0
34 31 0
34 63 0
34 64 0
34 65 0
35 31 0
35 66 0
35 67 0
35 68 0
36 4 0
36 69 0
36 70 0
36 71 0
37 5 0
37 72 0
37 73 0
37 74 0
38 7 0
39 8 0
40 8 0
41 10 0
42 12 0
43 12 0
44 6 0
45 18 0
46 19 0
47 22 0
48 22 0
49 22 0
50 23 0
51 25 0
52 26 0
53 27 0
54 29 0
55 30 0
56 31 0
57 32 0
58 32 0
59 33 0
60 33 0
61 33 0
62 32 0
63 34 0
64 34 0
65 34 0
66 35 0
67 35 0
68 35 0
69 36 0
70 36 0
71 36 0
72 37 0
73 37 0
74 37 0
GraphDataEnd
GraphEnd
NodeEnd
NodeStart
EPTNodeID: 2
AnchorID: 8578
TreeNodeGraphID: 6
Level: 6
SimplifiedLevel: 0
EditOperation: 5 30 62 0 0
AccumulatedOpsCount: 5
AccumulatedOp: 4 32 62 0 0
AccumulatedOp: 4 30 32 0 0
AccumulatedOp: 5 31 32 0 0
AccumulatedOp: 5 2 32 0 0
AccumulatedOp: 5 30 62 0 0
ChildrenCount: 0
ChildIndices:
CompletedDBGraphIDsCount: 4
CompletedDBGraphID: 22446
CompletedDBGraphID: 1160
CompletedDBGraphID: 3194
CompletedDBGraphID: 17759
GraphStart
GraphDataStart
ID: 6
NumNodes: 75
NumEdges: 156
NodeLabels
2 2 2 2 2 2 3 4 4 4 4 4 4 4 4 4 4 4 4 4 4 4 4 4 4 4 4 4 4 4 4 4 4 4 4 4 4 4 5 5 5 5 5 5 5 5 5 5 5 5 5 5 5 5 5 5 5 5 5 5 5 5 5 5 5 5 5 5 5 5 5 5 5 5 5 
Edges
0 13 0
1 20 0
1 30 0
2 21 0
2 32 0
3 21 0
4 24 0
4 36 0
5 28 0
5 37 0
6 11 0
6 16 0
6 44 0
7 8 0
7 12 0
7 15 0
7 38 0
8 7 0
8 11 0
8 39 0
8 40 0
9 10 0
9 11 0
9 13 0
10 9 0
10 14 0
10 17 0
10 41 0
11 6 0
11 8 0
11 9 0
12 7 0
12 13 0
12 42 0
12 43 0
13 0 0
13 9 0
13 12 0
14 10 0
14 16 0
14 21 0
15 7 0
15 18 0
15 19 0
16 6 0
16 14 0
16 22 0
17 10 0
17 20 0
17 23 0
18 15 0
18 24 0
18 45 0
19 15 0
19 25 0
19 46 0
20 1 0
20 17 0
20 26 0
21 2 0
21 3 0
21 14 0
22 16 0
22 47 0
22 48 0
22 49 0
23 17 0
23 27 0
23 50 0
24 4 0
24 18 0
24 28 0
25 19 0
25 28 0
25 51 0
26 20 0
26 29 0
26 52 0
27 23 0
27 29 0
27 53 0
28 5 0
28 24 0
28 25 0
29 26 0
29 27 0
29 54 0
30 1 0
30 33 0
30 55 0
30 62 0
31 34 0
31 35 0
31 56 0
31 32 0
32 57 0
32 58 0
32 31 0
32 2 0
33 30 0
33 59 0
33 60 0
33 61 0
34 31 0
34 63 0
34 64 0
34 65 0
35 31 0
35 66 0
35 67 0
35 68 0
36 4 0
36 69 0
36 70 0
36 71 0
37 5 0
37 72 0
37 73 0
37 74 0
38 7 0
39 8 0
40 8 0
41 10 0
42 12 0
43 12 0
44 6 0
45 18 0
46 19 0
47 22 0
48 22 0
49 22 0
50 23 0
51 25 0
52 26 0
53 27 0
54 29 0
55 30 0
56 31 0
57 32 0
58 32 0
59 33 0
60 33 0
61 33 0
62 30 0
63 34 0
64 34 0
65 34 0
66 35 0
67 35 0
68 35 0
69 36 0
70 36 0
71 36 0
72 37 0
73 37 0
74 37 0
GraphDataEnd
GraphEnd
NodeEnd
NodeStart
EPTNodeID: 3
AnchorID: 8578
TreeNodeGraphID: 13
Level: 8
SimplifiedLevel: 0
EditOperation: 5 75 77 0 0
AccumulatedOpsCount: 7
AccumulatedOp: 2 77 0 0 5
AccumulatedOp: 2 75 0 0 4
AccumulatedOp: 2 76 0 0 5
AccumulatedOp: 5 31 75 0 0
AccumulatedOp: 5 2 75 0 0
AccumulatedOp: 5 75 76 0 0
AccumulatedOp: 5 75 77 0 0
ChildrenCount: 0
ChildIndices:
CompletedDBGraphIDsCount: 4
CompletedDBGraphID: 13405
CompletedDBGraphID: 17124
CompletedDBGraphID: 18860
CompletedDBGraphID: 5239
GraphStart
GraphDataStart
ID: 13
NumNodes: 78
NumEdges: 162
NodeLabels
2 2 2 2 2 2 3 4 4 4 4 4 4 4 4 4 4 4 4 4 4 4 4 4 4 4 4 4 4 4 4 4 4 4 4 4 4 4 5 5 5 5 5 5 5 5 5 5 5 5 5 5 5 5 5 5 5 5 5 5 5 5 5 5 5 5 5 5 5 5 5 5 5 5 5 4 5 5 
Edges
0 13 0
1 20 0
1 30 0
2 21 0
2 75 0
3 21 0
4 24 0
4 36 0
5 28 0
5 37 0
6 11 0
6 16 0
6 44 0
7 8 0
7 12 0
7 15 0
7 38 0
8 7 0
8 11 0
8 39 0
8 40 0
9 10 0
9 11 0
9 13 0
10 9 0
10 14 0
10 17 0
10 41 0
11 6 0
11 8 0
11 9 0
12 7 0
12 13 0
12 42 0
12 43 0
13 0 0
13 9 0
13 12 0
14 10 0
14 16 0
14 21 0
15 7 0
15 18 0
15 19 0
16 6 0
16 14 0
16 22 0
17 10 0
17 20 0
17 23 0
18 15 0
18 24 0
18 45 0
19 15 0
19 25 0
19 46 0
20 1 0
20 17 0
20 26 0
21 2 0
21 3 0
21 14 0
22 16 0
22 47 0
22 48 0
22 49 0
23 17 0
23 27 0
23 50 0
24 4 0
24 18 0
24 28 0
25 19 0
25 28 0
25 51 0
26 20 0
26 29 0
26 52 0
27 23 0
27 29 0
27 53 0
28 5 0
28 24 0
28 25 0
29 26 0
29 27 0
29 54 0
30 1 0
30 32 0
30 33 0
30 55 0
31 34 0
31 35 0
31 56 0
31 75 0
32 30 0
32 57 0
32 58 0
32 62 0
33 30 0
33 59 0
33 60 0
33 61 0
34 31 0
34 63 0
34 64 0
34 65 0
35 31 0
35 66 0
35 67 0
35 68 0
36 4 0
36 69 0
36 70 0
36 71 0
37 5 0
37 72 0
37 73 0
37 74 0
38 7 0
39 8 0
40 8 0
41 10 0
42 12 0
43 12 0
44 6 0
45 18 0
46 19 0
47 22 0
48 22 0
49 22 0
50 23 0
51 25 0
52 26 0
53 27 0
54 29 0
55 30 0
56 31 0
57 32 0
58 32 0
59 33 0
60 33 0
61 33 0
62 32 0
63 34 0
64 34 0
65 34 0
66 35 0
67 35 0
68 35 0
69 36 0
70 36 0
71 36 0
72 37 0
73 37 0
74 37 0
75 31 0
75 2 0
75 76 0
75 77 0
76 75 0
77 75 0
GraphDataEnd
GraphEnd
NodeEnd
NodeStart
EPTNodeID: 4
AnchorID: 8578
TreeNodeGraphID: 16
Level: 3
SimplifiedLevel: 0
EditOperation: 4 34 65 0 0
AccumulatedOpsCount: 3
AccumulatedOp: 4 30 32 0 0
AccumulatedOp: 5 32 34 0 0
AccumulatedOp: 4 34 65 0 0
ChildrenCount: 2
ChildIndices: 5 6
CompletedDBGraphIDsCount: 0
GraphStart
GraphDataStart
ID: 16
NumNodes: 75
NumEdges: 154
NodeLabels
2 2 2 2 2 2 3 4 4 4 4 4 4 4 4 4 4 4 4 4 4 4 4 4 4 4 4 4 4 4 4 4 4 4 4 4 4 4 5 5 5 5 5 5 5 5 5 5 5 5 5 5 5 5 5 5 5 5 5 5 5 5 5 5 5 5 5 5 5 5 5 5 5 5 5 
Edges
0 13 0
1 20 0
1 30 0
2 21 0
2 31 0
3 21 0
4 24 0
4 36 0
5 28 0
5 37 0
6 11 0
6 16 0
6 44 0
7 8 0
7 12 0
7 15 0
7 38 0
8 7 0
8 11 0
8 39 0
8 40 0
9 10 0
9 11 0
9 13 0
10 9 0
10 14 0
10 17 0
10 41 0
11 6 0
11 8 0
11 9 0
12 7 0
12 13 0
12 42 0
12 43 0
13 0 0
13 9 0
13 12 0
14 10 0
14 16 0
14 21 0
15 7 0
15 18 0
15 19 0
16 6 0
16 14 0
16 22 0
17 10 0
17 20 0
17 23 0
18 15 0
18 24 0
18 45 0
19 15 0
19 25 0
19 46 0
20 1 0
20 17 0
20 26 0
21 2 0
21 3 0
21 14 0
22 16 0
22 47 0
22 48 0
22 49 0
23 17 0
23 27 0
23 50 0
24 4 0
24 18 0
24 28 0
25 19 0
25 28 0
25 51 0
26 20 0
26 29 0
26 52 0
27 23 0
27 29 0
27 53 0
28 5 0
28 24 0
28 25 0
29 26 0
29 27 0
29 54 0
30 1 0
30 33 0
30 55 0
31 2 0
31 34 0
31 35 0
31 56 0
32 57 0
32 58 0
32 62 0
32 34 0
33 30 0
33 59 0
33 60 0
33 61 0
34 31 0
34 63 0
34 64 0
34 32 0
35 31 0
35 66 0
35 67 0
35 68 0
36 4 0
36 69 0
36 70 0
36 71 0
37 5 0
37 72 0
37 73 0
37 74 0
38 7 0
39 8 0
40 8 0
41 10 0
42 12 0
43 12 0
44 6 0
45 18 0
46 19 0
47 22 0
48 22 0
49 22 0
50 23 0
51 25 0
52 26 0
53 27 0
54 29 0
55 30 0
56 31 0
57 32 0
58 32 0
59 33 0
60 33 0
61 33 0
62 32 0
63 34 0
64 34 0
66 35 0
67 35 0
68 35 0
69 36 0
70 36 0
71 36 0
72 37 0
73 37 0
74 37 0
GraphDataEnd
GraphEnd
NodeEnd
NodeStart
EPTNodeID: 5
AnchorID: 8578
TreeNodeGraphID: 17
Level: 4
SimplifiedLevel: 0
EditOperation: 5 30 65 0 0
AccumulatedOpsCount: 1
AccumulatedOp: 5 30 65 0 0
ChildrenCount: 0
ChildIndices:
CompletedDBGraphIDsCount: 1
CompletedDBGraphID: 11396
GraphStart
GraphDataStart
ID: 17
NumNodes: 75
NumEdges: 156
NodeLabels
2 2 2 2 2 2 3 4 4 4 4 4 4 4 4 4 4 4 4 4 4 4 4 4 4 4 4 4 4 4 4 4 4 4 4 4 4 4 5 5 5 5 5 5 5 5 5 5 5 5 5 5 5 5 5 5 5 5 5 5 5 5 5 5 5 5 5 5 5 5 5 5 5 5 5 
Edges
0 13 0
1 20 0
1 30 0
2 21 0
2 31 0
3 21 0
4 24 0
4 36 0
5 28 0
5 37 0
6 11 0
6 16 0
6 44 0
7 8 0
7 12 0
7 15 0
7 38 0
8 7 0
8 11 0
8 39 0
8 40 0
9 10 0
9 11 0
9 13 0
10 9 0
10 14 0
10 17 0
10 41 0
11 6 0
11 8 0
11 9 0
12 7 0
12 13 0
12 42 0
12 43 0
13 0 0
13 9 0
13 12 0
14 10 0
14 16 0
14 21 0
15 7 0
15 18 0
15 19 0
16 6 0
16 14 0
16 22 0
17 10 0
17 20 0
17 23 0
18 15 0
18 24 0
18 45 0
19 15 0
19 25 0
19 46 0
20 1 0
20 17 0
20 26 0
21 2 0
21 3 0
21 14 0
22 16 0
22 47 0
22 48 0
22 49 0
23 17 0
23 27 0
23 50 0
24 4 0
24 18 0
24 28 0
25 19 0
25 28 0
25 51 0
26 20 0
26 29 0
26 52 0
27 23 0
27 29 0
27 53 0
28 5 0
28 24 0
28 25 0
29 26 0
29 27 0
29 54 0
30 1 0
30 33 0
30 55 0
30 65 0
31 2 0
31 34 0
31 35 0
31 56 0
32 57 0
32 58 0
32 62 0
32 34 0
33 30 0
33 59 0
33 60 0
33 61 0
34 31 0
34 63 0
34 64 0
34 32 0
35 31 0
35 66 0
35 67 0
35 68 0
36 4 0
36 69 0
36 70 0
36 71 0
37 5 0
37 72 0
37 73 0
37 74 0
38 7 0
39 8 0
40 8 0
41 10 0
42 12 0
43 12 0
44 6 0
45 18 0
46 19 0
47 22 0
48 22 0
49 22 0
50 23 0
51 25 0
52 26 0
53 27 0
54 29 0
55 30 0
56 31 0
57 32 0
58 32 0
59 33 0
60 33 0
61 33 0
62 32 0
63 34 0
64 34 0
65 30 0
66 35 0
67 35 0
68 35 0
69 36 0
70 36 0
71 36 0
72 37 0
73 37 0
74 37 0
GraphDataEnd
GraphEnd
NodeEnd
NodeStart
EPTNodeID: 6
AnchorID: 8578
TreeNodeGraphID: 24
Level: 10
SimplifiedLevel: 0
EditOperation: 1 55 0 5 0
AccumulatedOpsCount: 7
AccumulatedOp: 1 65 0 5 0
AccumulatedOp: 4 1 30 0 0
AccumulatedOp: 4 30 33 0 0
AccumulatedOp: 5 1 33 0 0
AccumulatedOp: 4 30 55 0 0
AccumulatedOp: 1 30 0 4 0
AccumulatedOp: 1 55 0 5 0
ChildrenCount: 0
ChildIndices:
CompletedDBGraphIDsCount: 1
CompletedDBGraphID: 5337
GraphStart
GraphDataStart
ID: 24
NumNodes: 72
NumEdges: 150
NodeLabels
2 2 2 2 2 2 3 4 4 4 4 4 4 4 4 4 4 4 4 4 4 4 4 4 4 4 4 4 4 4 4 4 4 4 4 4 4 5 5 5 5 5 5 5 5 5 5 5 5 5 5 5 5 5 5 5 5 5 5 5 5 5 5 5 5 5 5 5 5 5 5 5 
Edges
0 13 0
1 20 0
1 32 0
2 21 0
2 30 0
3 21 0
4 24 0
4 35 0
5 28 0
5 36 0
6 11 0
6 16 0
6 43 0
7 8 0
7 12 0
7 15 0
7 37 0
8 7 0
8 11 0
8 38 0
8 39 0
9 10 0
9 11 0
9 13 0
10 9 0
10 14 0
10 17 0
10 40 0
11 6 0
11 8 0
11 9 0
12 7 0
12 13 0
12 41 0
12 42 0
13 0 0
13 9 0
13 12 0
14 10 0
14 16 0
14 21 0
15 7 0
15 18 0
15 19 0
16 6 0
16 14 0
16 22 0
17 10 0
17 20 0
17 23 0
18 15 0
18 24 0
18 44 0
19 15 0
19 25 0
19 45 0
20 1 0
20 17 0
20 26 0
21 2 0
21 3 0
21 14 0
22 16 0
22 46 0
22 47 0
22 48 0
23 17 0
23 27 0
23 49 0
24 4 0
24 18 0
24 28 0
25 19 0
25 28 0
25 50 0
26 20 0
26 29 0
26 51 0
27 23 0
27 29 0
27 52 0
28 5 0
28 24 0
28 25 0
29 26 0
29 27 0
29 53 0
30 2 0
30 33 0
30 34 0
30 54 0
31 55 0
31 56 0
31 60 0
31 33 0
32 57 0
32 58 0
32 59 0
32 1 0
33 30 0
33 61 0
33 62 0
33 31 0
34 30 0
34 63 0
34 64 0
34 65 0
35 4 0
35 66 0
35 67 0
35 68 0
36 5 0
36 69 0
36 70 0
36 71 0
37 7 0
38 8 0
39 8 0
40 10 0
41 12 0
42 12 0
43 6 0
44 18 0
45 19 0
46 22 0
47 22 0
48 22 0
49 23 0
50 25 0
51 26 0
52 27 0
53 29 0
54 30 0
55 31 0
56 31 0
57 32 0
58 32 0
59 32 0
60 31 0
61 33 0
62 33 0
63 34 0
64 34 0
65 34 0
66 35 0
67 35 0
68 35 0
69 36 0
70 36 0
71 36 0
GraphDataEnd
GraphEnd
NodeEnd
NodeStart
EPTNodeID: 7
AnchorID: 8578
TreeNodeGraphID: 25
Level: 1
SimplifiedLevel: 0
EditOperation: 4 30 33 0 0
AccumulatedOpsCount: 1
AccumulatedOp: 4 30 33 0 0
ChildrenCount: 2
ChildIndices: 8 13
CompletedDBGraphIDsCount: 0
GraphStart
GraphDataStart
ID: 25
NumNodes: 75
NumEdges: 154
NodeLabels
2 2 2 2 2 2 3 4 4 4 4 4 4 4 4 4 4 4 4 4 4 4 4 4 4 4 4 4 4 4 4 4 4 4 4 4 4 4 5 5 5 5 5 5 5 5 5 5 5 5 5 5 5 5 5 5 5 5 5 5 5 5 5 5 5 5 5 5 5 5 5 5 5 5 5 
Edges
0 13 0
1 20 0
1 30 0
2 21 0
2 31 0
3 21 0
4 24 0
4 36 0
5 28 0
5 37 0
6 11 0
6 16 0
6 44 0
7 8 0
7 12 0
7 15 0
7 38 0
8 7 0
8 11 0
8 39 0
8 40 0
9 10 0
9 11 0
9 13 0
10 9 0
10 14 0
10 17 0
10 41 0
11 6 0
11 8 0
11 9 0
12 7 0
12 13 0
12 42 0
12 43 0
13 0 0
13 9 0
13 12 0
14 10 0
14 16 0
14 21 0
15 7 0
15 18 0
15 19 0
16 6 0
16 14 0
16 22 0
17 10 0
17 20 0
17 23 0
18 15 0
18 24 0
18 45 0
19 15 0
19 25 0
19 46 0
20 1 0
20 17 0
20 26 0
21 2 0
21 3 0
21 14 0
22 16 0
22 47 0
22 48 0
22 49 0
23 17 0
23 27 0
23 50 0
24 4 0
24 18 0
24 28 0
25 19 0
25 28 0
25 51 0
26 20 0
26 29 0
26 52 0
27 23 0
27 29 0
27 53 0
28 5 0
28 24 0
28 25 0
29 26 0
29 27 0
29 54 0
30 1 0
30 32 0
30 55 0
31 2 0
31 34 0
31 35 0
31 56 0
32 30 0
32 57 0
32 58 0
32 62 0
33 59 0
33 60 0
33 61 0
34 31 0
34 63 0
34 64 0
34 65 0
35 31 0
35 66 0
35 67 0
35 68 0
36 4 0
36 69 0
36 70 0
36 71 0
37 5 0
37 72 0
37 73 0
37 74 0
38 7 0
39 8 0
40 8 0
41 10 0
42 12 0
43 12 0
44 6 0
45 18 0
46 19 0
47 22 0
48 22 0
49 22 0
50 23 0
51 25 0
52 26 0
53 27 0
54 29 0
55 30 0
56 31 0
57 32 0
58 32 0
59 33 0
60 33 0
61 33 0
62 32 0
63 34 0
64 34 0
65 34 0
66 35 0
67 35 0
68 35 0
69 36 0
70 36 0
71 36 0
72 37 0
73 37 0
74 37 0
GraphDataEnd
GraphEnd
NodeEnd
NodeStart
EPTNodeID: 8
AnchorID: 8578
TreeNodeGraphID: 29
Level: 5
SimplifiedLevel: 0
EditOperation: 5 30 75 0 0
AccumulatedOpsCount: 4
AccumulatedOp: 2 75 0 0 5
AccumulatedOp: 4 1 30 0 0
AccumulatedOp: 5 30 31 0 0
AccumulatedOp: 5 30 75 0 0
ChildrenCount: 2
ChildIndices: 9 12
CompletedDBGraphIDsCount: 0
GraphStart
GraphDataStart
ID: 29
NumNodes: 76
NumEdges: 156
NodeLabels
2 2 2 2 2 2 3 4 4 4 4 4 4 4 4 4 4 4 4 4 4 4 4 4 4 4 4 4 4 4 4 4 4 4 4 4 4 4 5 5 5 5 5 5 5 5 5 5 5 5 5 5 5 5 5 5 5 5 5 5 5 5 5 5 5 5 5 5 5 5 5 5 5 5 5 5 
Edges
0 13 0
1 20 0
2 21 0
2 31 0
3 21 0
4 24 0
4 36 0
5 28 0
5 37 0
6 11 0
6 16 0
6 44 0
7 8 0
7 12 0
7 15 0
7 38 0
8 7 0
8 11 0
8 39 0
8 40 0
9 10 0
9 11 0
9 13 0
10 9 0
10 14 0
10 17 0
10 41 0
11 6 0
11 8 0
11 9 0
12 7 0
12 13 0
12 42 0
12 43 0
13 0 0
13 9 0
13 12 0
14 10 0
14 16 0
14 21 0
15 7 0
15 18 0
15 19 0
16 6 0
16 14 0
16 22 0
17 10 0
17 20 0
17 23 0
18 15 0
18 24 0
18 45 0
19 15 0
19 25 0
19 46 0
20 1 0
20 17 0
20 26 0
21 2 0
21 3 0
21 14 0
22 16 0
22 47 0
22 48 0
22 49 0
23 17 0
23 27 0
23 50 0
24 4 0
24 18 0
24 28 0
25 19 0
25 28 0
25 51 0
26 20 0
26 29 0
26 52 0
27 23 0
27 29 0
27 53 0
28 5 0
28 24 0
28 25 0
29 26 0
29 27 0
29 54 0
30 32 0
30 55 0
30 31 0
30 75 0
31 2 0
31 34 0
31 35 0
31 56 0
31 30 0
32 30 0
32 57 0
32 58 0
32 62 0
33 59 0
33 60 0
33 61 0
34 31 0
34 63 0
34 64 0
34 65 0
35 31 0
35 66 0
35 67 0
35 68 0
36 4 0
36 69 0
36 70 0
36 71 0
37 5 0
37 72 0
37 73 0
37 74 0
38 7 0
39 8 0
40 8 0
41 10 0
42 12 0
43 12 0
44 6 0
45 18 0
46 19 0
47 22 0
48 22 0
49 22 0
50 23 0
51 25 0
52 26 0
53 27 0
54 29 0
55 30 0
56 31 0
57 32 0
58 32 0
59 33 0
60 33 0
61 33 0
62 32 0
63 34 0
64 34 0
65 34 0
66 35 0
67 35 0
68 35 0
69 36 0
70 36 0
71 36 0
72 37 0
73 37 0
74 37 0
75 30 0
GraphDataEnd
GraphEnd
NodeEnd
NodeStart
EPTNodeID: 9
AnchorID: 8578
TreeNodeGraphID: 31
Level: 7
SimplifiedLevel: 0
EditOperation: 5 1 33 0 0
AccumulatedOpsCount: 2
AccumulatedOp: 4 31 34 0 0
AccumulatedOp: 5 1 33 0 0
ChildrenCount: 2
ChildIndices: 10 11
CompletedDBGraphIDsCount: 0
GraphStart
GraphDataStart
ID: 31
NumNodes: 76
NumEdges: 156
NodeLabels
2 2 2 2 2 2 3 4 4 4 4 4 4 4 4 4 4 4 4 4 4 4 4 4 4 4 4 4 4 4 4 4 4 4 4 4 4 4 5 5 5 5 5 5 5 5 5 5 5 5 5 5 5 5 5 5 5 5 5 5 5 5 5 5 5 5 5 5 5 5 5 5 5 5 5 5 
Edges
0 13 0
1 20 0
1 33 0
2 21 0
2 31 0
3 21 0
4 24 0
4 36 0
5 28 0
5 37 0
6 11 0
6 16 0
6 44 0
7 8 0
7 12 0
7 15 0
7 38 0
8 7 0
8 11 0
8 39 0
8 40 0
9 10 0
9 11 0
9 13 0
10 9 0
10 14 0
10 17 0
10 41 0
11 6 0
11 8 0
11 9 0
12 7 0
12 13 0
12 42 0
12 43 0
13 0 0
13 9 0
13 12 0
14 10 0
14 16 0
14 21 0
15 7 0
15 18 0
15 19 0
16 6 0
16 14 0
16 22 0
17 10 0
17 20 0
17 23 0
18 15 0
18 24 0
18 45 0
19 15 0
19 25 0
19 46 0
20 1 0
20 17 0
20 26 0
21 2 0
21 3 0
21 14 0
22 16 0
22 47 0
22 48 0
22 49 0
23 17 0
23 27 0
23 50 0
24 4 0
24 18 0
24 28 0
25 19 0
25 28 0
25 51 0
26 20 0
26 29 0
26 52 0
27 23 0
27 29 0
27 53 0
28 5 0
28 24 0
28 25 0
29 26 0
29 27 0
29 54 0
30 32 0
30 55 0
30 31 0
30 75 0
31 2 0
31 35 0
31 56 0
31 30 0
32 30 0
32 57 0
32 58 0
32 62 0
33 59 0
33 60 0
33 61 0
33 1 0
34 63 0
34 64 0
34 65 0
35 31 0
35 66 0
35 67 0
35 68 0
36 4 0
36 69 0
36 70 0
36 71 0
37 5 0
37 72 0
37 73 0
37 74 0
38 7 0
39 8 0
40 8 0
41 10 0
42 12 0
43 12 0
44 6 0
45 18 0
46 19 0
47 22 0
48 22 0
49 22 0
50 23 0
51 25 0
52 26 0
53 27 0
54 29 0
55 30 0
56 31 0
57 32 0
58 32 0
59 33 0
60 33 0
61 33 0
62 32 0
63 34 0
64 34 0
65 34 0
66 35 0
67 35 0
68 35 0
69 36 0
70 36 0
71 36 0
72 37 0
73 37 0
74 37 0
75 30 0
GraphDataEnd
GraphEnd
NodeEnd
NodeStart
EPTNodeID: 10
AnchorID: 8578
TreeNodeGraphID: 33
Level: 9
SimplifiedLevel: 0
EditOperation: 5 34 53 0 0
AccumulatedOpsCount: 2
AccumulatedOp: 0 53 0 5 2
AccumulatedOp: 5 34 53 0 0
ChildrenCount: 0
ChildIndices:
CompletedDBGraphIDsCount: 1
CompletedDBGraphID: 5973
GraphStart
GraphDataStart
ID: 33
NumNodes: 76
NumEdges: 158
NodeLabels
2 2 2 2 2 2 3 4 4 4 4 4 4 4 4 4 4 4 4 4 4 4 4 4 4 4 4 4 4 4 4 4 4 4 4 4 4 4 5 5 5 5 5 5 5 5 5 5 5 5 5 5 5 2 5 5 5 5 5 5 5 5 5 5 5 5 5 5 5 5 5 5 5 5 5 5 
Edges
0 13 0
1 20 0
1 33 0
2 21 0
2 31 0
3 21 0
4 24 0
4 36 0
5 28 0
5 37 0
6 11 0
6 16 0
6 44 0
7 8 0
7 12 0
7 15 0
7 38 0
8 7 0
8 11 0
8 39 0
8 40 0
9 10 0
9 11 0
9 13 0
10 9 0
10 14 0
10 17 0
10 41 0
11 6 0
11 8 0
11 9 0
12 7 0
12 13 0
12 42 0
12 43 0
13 0 0
13 9 0
13 12 0
14 10 0
14 16 0
14 21 0
15 7 0
15 18 0
15 19 0
16 6 0
16 14 0
16 22 0
17 10 0
17 20 0
17 23 0
18 15 0
18 24 0
18 45 0
19 15 0
19 25 0
19 46 0
20 1 0
20 17 0
20 26 0
21 2 0
21 3 0
21 14 0
22 16 0
22 47 0
22 48 0
22 49 0
23 17 0
23 27 0
23 50 0
24 4 0
24 18 0
24 28 0
25 19 0
25 28 0
25 51 0
26 20 0
26 29 0
26 52 0
27 23 0
27 29 0
27 53 0
28 5 0
28 24 0
28 25 0
29 26 0
29 27 0
29 54 0
30 32 0
30 55 0
30 31 0
30 75 0
31 2 0
31 35 0
31 56 0
31 30 0
32 30 0
32 57 0
32 58 0
32 62 0
33 59 0
33 60 0
33 61 0
33 1 0
34 63 0
34 64 0
34 65 0
34 53 0
35 31 0
35 66 0
35 67 0
35 68 0
36 4 0
36 69 0
36 70 0
36 71 0
37 5 0
37 72 0
37 73 0
37 74 0
38 7 0
39 8 0
40 8 0
41 10 0
42 12 0
43 12 0
44 6 0
45 18 0
46 19 0
47 22 0
48 22 0
49 22 0
50 23 0
51 25 0
52 26 0
53 27 0
53 34 0
54 29 0
55 30 0
56 31 0
57 32 0
58 32 0
59 33 0
60 33 0
61 33 0
62 32 0
63 34 0
64 34 0
65 34 0
66 35 0
67 35 0
68 35 0
69 36 0
70 36 0
71 36 0
72 37 0
73 37 0
74 37 0
75 30 0
GraphDataEnd
GraphEnd
NodeEnd
NodeStart
EPTNodeID: 11
AnchorID: 8578
TreeNodeGraphID: 35
Level: 9
SimplifiedLevel: 0
EditOperation: 5 34 52 0 0
AccumulatedOpsCount: 2
AccumulatedOp: 0 52 0 5 2
AccumulatedOp: 5 34 52 0 0
ChildrenCount: 0
ChildIndices:
CompletedDBGraphIDsCount: 1
CompletedDBGraphID: 9977
GraphStart
GraphDataStart
ID: 35
NumNodes: 76
NumEdges: 158
NodeLabels
2 2 2 2 2 2 3 4 4 4 4 4 4 4 4 4 4 4 4 4 4 4 4 4 4 4 4 4 4 4 4 4 4 4 4 4 4 4 5 5 5 5 5 5 5 5 5 5 5 5 5 5 2 5 5 5 5 5 5 5 5 5 5 5 5 5 5 5 5 5 5 5 5 5 5 5 
Edges
0 13 0
1 20 0
1 33 0
2 21 0
2 31 0
3 21 0
4 24 0
4 36 0
5 28 0
5 37 0
6 11 0
6 16 0
6 44 0
7 8 0
7 12 0
7 15 0
7 38 0
8 7 0
8 11 0
8 39 0
8 40 0
9 10 0
9 11 0
9 13 0
10 9 0
10 14 0
10 17 0
10 41 0
11 6 0
11 8 0
11 9 0
12 7 0
12 13 0
12 42 0
12 43 0
13 0 0
13 9 0
13 12 0
14 10 0
14 16 0
14 21 0
15 7 0
15 18 0
15 19 0
16 6 0
16 14 0
16 22 0
17 10 0
17 20 0
17 23 0
18 15 0
18 24 0
18 45 0
19 15 0
19 25 0
19 46 0
20 1 0
20 17 0
20 26 0
21 2 0
21 3 0
21 14 0
22 16 0
22 47 0
22 48 0
22 49 0
23 17 0
23 27 0
23 50 0
24 4 0
24 18 0
24 28 0
25 19 0
25 28 0
25 51 0
26 20 0
26 29 0
26 52 0
27 23 0
27 29 0
27 53 0
28 5 0
28 24 0
28 25 0
29 26 0
29 27 0
29 54 0
30 32 0
30 55 0
30 31 0
30 75 0
31 2 0
31 35 0
31 56 0
31 30 0
32 30 0
32 57 0
32 58 0
32 62 0
33 59 0
33 60 0
33 61 0
33 1 0
34 63 0
34 64 0
34 65 0
34 52 0
35 31 0
35 66 0
35 67 0
35 68 0
36 4 0
36 69 0
36 70 0
36 71 0
37 5 0
37 72 0
37 73 0
37 74 0
38 7 0
39 8 0
40 8 0
41 10 0
42 12 0
43 12 0
44 6 0
45 18 0
46 19 0
47 22 0
48 22 0
49 22 0
50 23 0
51 25 0
52 26 0
52 34 0
53 27 0
54 29 0
55 30 0
56 31 0
57 32 0
58 32 0
59 33 0
60 33 0
61 33 0
62 32 0
63 34 0
64 34 0
65 34 0
66 35 0
67 35 0
68 35 0
69 36 0
70 36 0
71 36 0
72 37 0
73 37 0
74 37 0
75 30 0
GraphDataEnd
GraphEnd
NodeEnd
NodeStart
EPTNodeID: 12
AnchorID: 8578
TreeNodeGraphID: 39
Level: 9
SimplifiedLevel: 0
EditOperation: 5 33 54 0 0
AccumulatedOpsCount: 4
AccumulatedOp: 5 1 35 0 0
AccumulatedOp: 0 54 0 5 2
AccumulatedOp: 4 31 35 0 0
AccumulatedOp: 5 33 54 0 0
ChildrenCount: 0
ChildIndices:
CompletedDBGraphIDsCount: 1
CompletedDBGraphID: 10595
GraphStart
GraphDataStart
ID: 39
NumNodes: 76
NumEdges: 158
NodeLabels
2 2 2 2 2 2 3 4 4 4 4 4 4 4 4 4 4 4 4 4 4 4 4 4 4 4 4 4 4 4 4 4 4 4 4 4 4 4 5 5 5 5 5 5 5 5 5 5 5 5 5 5 5 5 2 5 5 5 5 5 5 5 5 5 5 5 5 5 5 5 5 5 5 5 5 5 
Edges
0 13 0
1 20 0
1 35 0
2 21 0
2 31 0
3 21 0
4 24 0
4 36 0
5 28 0
5 37 0
6 11 0
6 16 0
6 44 0
7 8 0
7 12 0
7 15 0
7 38 0
8 7 0
8 11 0
8 39 0
8 40 0
9 10 0
9 11 0
9 13 0
10 9 0
10 14 0
10 17 0
10 41 0
11 6 0
11 8 0
11 9 0
12 7 0
12 13 0
12 42 0
12 43 0
13 0 0
13 9 0
13 12 0
14 10 0
14 16 0
14 21 0
15 7 0
15 18 0
15 19 0
16 6 0
16 14 0
16 22 0
17 10 0
17 20 0
17 23 0
18 15 0
18 24 0
18 45 0
19 15 0
19 25 0
19 46 0
20 1 0
20 17 0
20 26 0
21 2 0
21 3 0
21 14 0
22 16 0
22 47 0
22 48 0
22 49 0
23 17 0
23 27 0
23 50 0
24 4 0
24 18 0
24 28 0
25 19 0
25 28 0
25 51 0
26 20 0
26 29 0
26 52 0
27 23 0
27 29 0
27 53 0
28 5 0
28 24 0
28 25 0
29 26 0
29 27 0
29 54 0
30 32 0
30 55 0
30 31 0
30 75 0
31 2 0
31 34 0
31 56 0
31 30 0
32 30 0
32 57 0
32 58 0
32 62 0
33 59 0
33 60 0
33 61 0
33 54 0
34 31 0
34 63 0
34 64 0
34 65 0
35 66 0
35 67 0
35 68 0
35 1 0
36 4 0
36 69 0
36 70 0
36 71 0
37 5 0
37 72 0
37 73 0
37 74 0
38 7 0
39 8 0
40 8 0
41 10 0
42 12 0
43 12 0
44 6 0
45 18 0
46 19 0
47 22 0
48 22 0
49 22 0
50 23 0
51 25 0
52 26 0
53 27 0
54 29 0
54 33 0
55 30 0
56 31 0
57 32 0
58 32 0
59 33 0
60 33 0
61 33 0
62 32 0
63 34 0
64 34 0
65 34 0
66 35 0
67 35 0
68 35 0
69 36 0
70 36 0
71 36 0
72 37 0
73 37 0
74 37 0
75 30 0
GraphDataEnd
GraphEnd
NodeEnd
NodeStart
EPTNodeID: 13
AnchorID: 8578
TreeNodeGraphID: 42
Level: 4
SimplifiedLevel: 0
EditOperation: 4 29 54 0 0
AccumulatedOpsCount: 3
AccumulatedOp: 4 35 68 0 0
AccumulatedOp: 5 33 35 0 0
AccumulatedOp: 4 29 54 0 0
ChildrenCount: 2
ChildIndices: 14 15
CompletedDBGraphIDsCount: 0
GraphStart
GraphDataStart
ID: 42
NumNodes: 75
NumEdges: 152
NodeLabels
2 2 2 2 2 2 3 4 4 4 4 4 4 4 4 4 4 4 4 4 4 4 4 4 4 4 4 4 4 4 4 4 4 4 4 4 4 4 5 5 5 5 5 5 5 5 5 5 5 5 5 5 5 5 5 5 5 5 5 5 5 5 5 5 5 5 5 5 5 5 5 5 5 5 5 
Edges
0 13 0
1 20 0
1 30 0
2 21 0
2 31 0
3 21 0
4 24 0
4 36 0
5 28 0
5 37 0
6 11 0
6 16 0
6 44 0
7 8 0
7 12 0
7 15 0
7 38 0
8 7 0
8 11 0
8 39 0
8 40 0
9 10 0
9 11 0
9 13 0
10 9 0
10 14 0
10 17 0
10 41 0
11 6 0
11 8 0
11 9 0
12 7 0
12 13 0
12 42 0
12 43 0
13 0 0
13 9 0
13 12 0
14 10 0
14 16 0
14 21 0
15 7 0
15 18 0
15 19 0
16 6 0
16 14 0
16 22 0
17 10 0
17 20 0
17 23 0
18 15 0
18 24 0
18 45 0
19 15 0
19 25 0
19 46 0
20 1 0
20 17 0
20 26 0
21 2 0
21 3 0
21 14 0
22 16 0
22 47 0
22 48 0
22 49 0
23 17 0
23 27 0
23 50 0
24 4 0
24 18 0
24 28 0
25 19 0
25 28 0
25 51 0
26 20 0
26 29 0
26 52 0
27 23 0
27 29 0
27 53 0
28 5 0
28 24 0
28 25 0
29 26 0
29 27 0
30 1 0
30 32 0
30 55 0
31 2 0
31 34 0
31 35 0
31 56 0
32 30 0
32 57 0
32 58 0
32 62 0
33 59 0
33 60 0
33 61 0
33 35 0
34 31 0
34 63 0
34 64 0
34 65 0
35 31 0
35 66 0
35 67 0
35 33 0
36 4 0
36 69 0
36 70 0
36 71 0
37 5 0
37 72 0
37 73 0
37 74 0
38 7 0
39 8 0
40 8 0
41 10 0
42 12 0
43 12 0
44 6 0
45 18 0
46 19 0
47 22 0
48 22 0
49 22 0
50 23 0
51 25 0
52 26 0
53 27 0
55 30 0
56 31 0
57 32 0
58 32 0
59 33 0
60 33 0
61 33 0
62 32 0
63 34 0
64 34 0
65 34 0
66 35 0
67 35 0
69 36 0
70 36 0
71 36 0
72 37 0
73 37 0
74 37 0
GraphDataEnd
GraphEnd
NodeEnd
NodeStart
EPTNodeID: 14
AnchorID: 8578
TreeNodeGraphID: 47
Level: 9
SimplifiedLevel: 0
EditOperation: 5 29 30 0 0
AccumulatedOpsCount: 5
AccumulatedOp: 0 1 0 2 5
AccumulatedOp: 1 68 0 5 0
AccumulatedOp: 4 1 20 0 0
AccumulatedOp: 5 20 54 0 0
AccumulatedOp: 5 29 30 0 0
ChildrenCount: 0
ChildIndices:
CompletedDBGraphIDsCount: 1
CompletedDBGraphID: 8607
GraphStart
GraphDataStart
ID: 47
NumNodes: 74
NumEdges: 154
NodeLabels
2 5 2 2 2 2 3 4 4 4 4 4 4 4 4 4 4 4 4 4 4 4 4 4 4 4 4 4 4 4 4 4 4 4 4 4 4 4 5 5 5 5 5 5 5 5 5 5 5 5 5 5 5 5 5 5 5 5 5 5 5 5 5 5 5 5 5 5 5 5 5 5 5 5 
Edges
0 13 0
1 30 0
2 21 0
2 31 0
3 21 0
4 24 0
4 36 0
5 28 0
5 37 0
6 11 0
6 16 0
6 44 0
7 8 0
7 12 0
7 15 0
7 38 0
8 7 0
8 11 0
8 39 0
8 40 0
9 10 0
9 11 0
9 13 0
10 9 0
10 14 0
10 17 0
10 41 0
11 6 0
11 8 0
11 9 0
12 7 0
12 13 0
12 42 0
12 43 0
13 0 0
13 9 0
13 12 0
14 10 0
14 16 0
14 21 0
15 7 0
15 18 0
15 19 0
16 6 0
16 14 0
16 22 0
17 10 0
17 20 0
17 23 0
18 15 0
18 24 0
18 45 0
19 15 0
19 25 0
19 46 0
20 17 0
20 26 0
20 54 0
21 2 0
21 3 0
21 14 0
22 16 0
22 47 0
22 48 0
22 49 0
23 17 0
23 27 0
23 50 0
24 4 0
24 18 0
24 28 0
25 19 0
25 28 0
25 51 0
26 20 0
26 29 0
26 52 0
27 23 0
27 29 0
27 53 0
28 5 0
28 24 0
28 25 0
29 26 0
29 27 0
29 30 0
30 1 0
30 32 0
30 55 0
30 29 0
31 2 0
31 34 0
31 35 0
31 56 0
32 30 0
32 57 0
32 58 0
32 62 0
33 59 0
33 60 0
33 61 0
33 35 0
34 31 0
34 63 0
34 64 0
34 65 0
35 31 0
35 66 0
35 67 0
35 33 0
36 4 0
36 68 0
36 69 0
36 70 0
37 5 0
37 71 0
37 72 0
37 73 0
38 7 0
39 8 0
40 8 0
41 10 0
42 12 0
43 12 0
44 6 0
45 18 0
46 19 0
47 22 0
48 22 0
49 22 0
50 23 0
51 25 0
52 26 0
53 27 0
54 20 0
55 30 0
56 31 0
57 32 0
58 32 0
59 33 0
60 33 0
61 33 0
62 32 0
63 34 0
64 34 0
65 34 0
66 35 0
67 35 0
68 36 0
69 36 0
70 36 0
71 37 0
72 37 0
73 37 0
GraphDataEnd
GraphEnd
NodeEnd
NodeStart
EPTNodeID: 15
AnchorID: 8578
TreeNodeGraphID: 53
Level: 10
SimplifiedLevel: 0
EditOperation: 5 10 29 0 0
AccumulatedOpsCount: 6
AccumulatedOp: 4 10 17 0 0
AccumulatedOp: 2 75 0 0 2
AccumulatedOp: 5 30 68 0 0
AccumulatedOp: 5 17 75 0 0
AccumulatedOp: 5 54 75 0 0
AccumulatedOp: 5 10 29 0 0
ChildrenCount: 0
ChildIndices:
CompletedDBGraphIDsCount: 1
CompletedDBGraphID: 12580
GraphStart
GraphDataStart
ID: 53
NumNodes: 76
NumEdges: 158
NodeLabels
2 2 2 2 2 2 3 4 4 4 4 4 4 4 4 4 4 4 4 4 4 4 4 4 4 4 4 4 4 4 4 4 4 4 4 4 4 4 5 5 5 5 5 5 5 5 5 5 5 5 5 5 5 5 5 5 5 5 5 5 5 5 5 5 5 5 5 5 5 5 5 5 5 5 5 2 
Edges
0 13 0
1 20 0
1 30 0
2 21 0
2 31 0
3 21 0
4 24 0
4 36 0
5 28 0
5 37 0
6 11 0
6 16 0
6 44 0
7 8 0
7 12 0
7 15 0
7 38 0
8 7 0
8 11 0
8 39 0
8 40 0
9 10 0
9 11 0
9 13 0
10 9 0
10 14 0
10 41 0
10 29 0
11 6 0
11 8 0
11 9 0
12 7 0
12 13 0
12 42 0
12 43 0
13 0 0
13 9 0
13 12 0
14 10 0
14 16 0
14 21 0
15 7 0
15 18 0
15 19 0
16 6 0
16 14 0
16 22 0
17 20 0
17 23 0
17 75 0
18 15 0
18 24 0
18 45 0
19 15 0
19 25 0
19 46 0
20 1 0
20 17 0
20 26 0
21 2 0
21 3 0
21 14 0
22 16 0
22 47 0
22 48 0
22 49 0
23 17 0
23 27 0
23 50 0
24 4 0
24 18 0
24 28 0
25 19 0
25 28 0
25 51 0
26 20 0
26 29 0
26 52 0
27 23 0
27 29 0
27 53 0
28 5 0
28 24 0
28 25 0
29 26 0
29 27 0
29 10 0
30 1 0
30 32 0
30 55 0
30 68 0
31 2 0
31 34 0
31 35 0
31 56 0
32 30 0
32 57 0
32 58 0
32 62 0
33 59 0
33 60 0
33 61 0
33 35 0
34 31 0
34 63 0
34 64 0
34 65 0
35 31 0
35 66 0
35 67 0
35 33 0
36 4 0
36 69 0
36 70 0
36 71 0
37 5 0
37 72 0
37 73 0
37 74 0
38 7 0
39 8 0
40 8 0
41 10 0
42 12 0
43 12 0
44 6 0
45 18 0
46 19 0
47 22 0
48 22 0
49 22 0
50 23 0
51 25 0
52 26 0
53 27 0
54 75 0
55 30 0
56 31 0
57 32 0
58 32 0
59 33 0
60 33 0
61 33 0
62 32 0
63 34 0
64 34 0
65 34 0
66 35 0
67 35 0
68 30 0
69 36 0
70 36 0
71 36 0
72 37 0
73 37 0
74 37 0
75 17 0
75 54 0
GraphDataEnd
GraphEnd
NodeEnd
NodeStart
EPTNodeID: 16
AnchorID: 8578
TreeNodeGraphID: 60
Level: 7
SimplifiedLevel: 0
EditOperation: 5 68 77 0 0
AccumulatedOpsCount: 7
AccumulatedOp: 2 76 0 0 5
AccumulatedOp: 0 68 0 5 4
AccumulatedOp: 2 75 0 0 5
AccumulatedOp: 2 77 0 0 5
AccumulatedOp: 5 68 75 0 0
AccumulatedOp: 5 68 76 0 0
AccumulatedOp: 5 68 77 0 0
ChildrenCount: 0
ChildIndices:
CompletedDBGraphIDsCount: 1
CompletedDBGraphID: 13043
GraphStart
GraphDataStart
ID: 60
NumNodes: 78
NumEdges: 162
NodeLabels
2 2 2 2 2 2 3 4 4 4 4 4 4 4 4 4 4 4 4 4 4 4 4 4 4 4 4 4 4 4 4 4 4 4 4 4 4 4 5 5 5 5 5 5 5 5 5 5 5 5 5 5 5 5 5 5 5 5 5 5 5 5 5 5 5 5 5 5 4 5 5 5 5 5 5 5 5 5 
Edges
0 13 0
1 20 0
1 30 0
2 21 0
2 31 0
3 21 0
4 24 0
4 36 0
5 28 0
5 37 0
6 11 0
6 16 0
6 44 0
7 8 0
7 12 0
7 15 0
7 38 0
8 7 0
8 11 0
8 39 0
8 40 0
9 10 0
9 11 0
9 13 0
10 9 0
10 14 0
10 17 0
10 41 0
11 6 0
11 8 0
11 9 0
12 7 0
12 13 0
12 42 0
12 43 0
13 0 0
13 9 0
13 12 0
14 10 0
14 16 0
14 21 0
15 7 0
15 18 0
15 19 0
16 6 0
16 14 0
16 22 0
17 10 0
17 20 0
17 23 0
18 15 0
18 24 0
18 45 0
19 15 0
19 25 0
19 46 0
20 1 0
20 17 0
20 26 0
21 2 0
21 3 0
21 14 0
22 16 0
22 47 0
22 48 0
22 49 0
23 17 0
23 27 0
23 50 0
24 4 0
24 18 0
24 28 0
25 19 0
25 28 0
25 51 0
26 20 0
26 29 0
26 52 0
27 23 0
27 29 0
27 53 0
28 5 0
28 24 0
28 25 0
29 26 0
29 27 0
29 54 0
30 1 0
30 32 0
30 33 0
30 55 0
31 2 0
31 34 0
31 35 0
31 56 0
32 30 0
32 57 0
32 58 0
32 62 0
33 30 0
33 59 0
33 60 0
33 61 0
34 31 0
34 63 0
34 64 0
34 65 0
35 31 0
35 66 0
35 67 0
35 68 0
36 4 0
36 69 0
36 70 0
36 71 0
37 5 0
37 72 0
37 73 0
37 74 0
38 7 0
39 8 0
40 8 0
41 10 0
42 12 0
43 12 0
44 6 0
45 18 0
46 19 0
47 22 0
48 22 0
49 22 0
50 23 0
51 25 0
52 26 0
53 27 0
54 29 0
55 30 0
56 31 0
57 32 0
58 32 0
59 33 0
60 33 0
61 33 0
62 32 0
63 34 0
64 34 0
65 34 0
66 35 0
67 35 0
68 35 0
68 75 0
68 76 0
68 77 0
69 36 0
70 36 0
71 36 0
72 37 0
73 37 0
74 37 0
75 68 0
76 68 0
77 68 0
GraphDataEnd
GraphEnd
NodeEnd
NodeStart
EPTNodeID: 17
AnchorID: 8578
TreeNodeGraphID: 67
Level: 7
SimplifiedLevel: 0
EditOperation: 1 61 0 5 0
AccumulatedOpsCount: 7
AccumulatedOp: 0 33 0 4 5
AccumulatedOp: 4 33 59 0 0
AccumulatedOp: 1 59 0 5 0
AccumulatedOp: 4 33 60 0 0
AccumulatedOp: 1 60 0 5 0
AccumulatedOp: 4 33 61 0 0
AccumulatedOp: 1 61 0 5 0
ChildrenCount: 0
ChildIndices:
CompletedDBGraphIDsCount: 4
CompletedDBGraphID: 17477
CompletedDBGraphID: 22663
CompletedDBGraphID: 11167
CompletedDBGraphID: 7301
GraphStart
GraphDataStart
ID: 67
NumNodes: 72
NumEdges: 150
NodeLabels
2 2 2 2 2 2 3 4 4 4 4 4 4 4 4 4 4 4 4 4 4 4 4 4 4 4 4 4 4 4 4 4 4 5 4 4 4 4 5 5 5 5 5 5 5 5 5 5 5 5 5 5 5 5 5 5 5 5 5 5 5 5 5 5 5 5 5 5 5 5 5 5 
Edges
0 13 0
1 20 0
1 30 0
2 21 0
2 31 0
3 21 0
4 24 0
4 36 0
5 28 0
5 37 0
6 11 0
6 16 0
6 44 0
7 8 0
7 12 0
7 15 0
7 38 0
8 7 0
8 11 0
8 39 0
8 40 0
9 10 0
9 11 0
9 13 0
10 9 0
10 14 0
10 17 0
10 41 0
11 6 0
11 8 0
11 9 0
12 7 0
12 13 0
12 42 0
12 43 0
13 0 0
13 9 0
13 12 0
14 10 0
14 16 0
14 21 0
15 7 0
15 18 0
15 19 0
16 6 0
16 14 0
16 22 0
17 10 0
17 20 0
17 23 0
18 15 0
18 24 0
18 45 0
19 15 0
19 25 0
19 46 0
20 1 0
20 17 0
20 26 0
21 2 0
21 3 0
21 14 0
22 16 0
22 47 0
22 48 0
22 49 0
23 17 0
23 27 0
23 50 0
24 4 0
24 18 0
24 28 0
25 19 0
25 28 0
25 51 0
26 20 0
26 29 0
26 52 0
27 23 0
27 29 0
27 53 0
28 5 0
28 24 0
28 25 0
29 26 0
29 27 0
29 54 0
30 1 0
30 32 0
30 33 0
30 55 0
31 2 0
31 34 0
31 35 0
31 56 0
32 30 0
32 57 0
32 58 0
32 59 0
33 30 0
34 31 0
34 60 0
34 61 0
34 62 0
35 31 0
35 63 0
35 64 0
35 65 0
36 4 0
36 66 0
36 67 0
36 68 0
37 5 0
37 69 0
37 70 0
37 71 0
38 7 0
39 8 0
40 8 0
41 10 0
42 12 0
43 12 0
44 6 0
45 18 0
46 19 0
47 22 0
48 22 0
49 22 0
50 23 0
51 25 0
52 26 0
53 27 0
54 29 0
55 30 0
56 31 0
57 32 0
58 32 0
59 32 0
60 34 0
61 34 0
62 34 0
63 35 0
64 35 0
65 35 0
66 36 0
67 36 0
68 36 0
69 37 0
70 37 0
71 37 0
GraphDataEnd
GraphEnd
NodeEnd
END_EPT
