BEGIN_EPT
AnchorID: 15846  # ID of the anchor node
RootIndex: 0  # Index of the root node in tree_nodes
NodeCount: 1  # Total number of nodes in the EPT
NodeStart
EPTNodeID: 0
AnchorID: 15846
TreeNodeGraphID: 0
Level: 0
SimplifiedLevel: 0
EditOperation: -1 0 -1 0 0
AccumulatedOpsCount: 0
ChildrenCount: 0
ChildIndices:
CompletedDBGraphIDsCount: 0
GraphStart
GraphDataStart
ID: 0
NumNodes: 71
NumEdges: 146
NodeLabels
6 2 2 2 3 3 3 4 4 4 4 4 4 4 4 4 4 4 4 4 4 4 4 4 4 4 4 4 4 4 4 4 4 4 5 5 5 5 5 5 5 5 5 5 5 5 5 5 5 5 5 5 5 5 5 5 5 5 5 5 5 5 5 5 5 5 5 5 5 5 5 
Edges
0 2 0
0 3 0
0 6 0
0 21 0
1 17 0
2 0 0
3 0 0
4 5 0
4 16 0
5 4 0
5 17 0
5 52 0
6 0 0
6 18 0
6 19 0
7 8 0
7 9 0
7 10 0
7 34 0
8 7 0
8 13 0
8 14 0
8 15 0
9 7 0
9 12 0
9 35 0
9 36 0
10 7 0
10 11 0
10 37 0
10 38 0
11 10 0
11 16 0
11 39 0
11 40 0
12 9 0
12 16 0
12 41 0
12 42 0
13 8 0
13 49 0
13 50 0
13 51 0
14 8 0
14 46 0
14 47 0
14 48 0
15 8 0
15 43 0
15 44 0
15 45 0
16 4 0
16 11 0
16 12 0
17 1 0
17 5 0
17 18 0
18 6 0
18 17 0
18 53 0
18 54 0
19 6 0
19 20 0
19 22 0
20 19 0
20 24 0
20 27 0
21 0 0
21 25 0
21 26 0
22 19 0
22 23 0
22 55 0
23 22 0
23 28 0
23 31 0
24 20 0
24 28 0
24 56 0
25 21 0
25 29 0
25 57 0
26 21 0
26 30 0
26 58 0
27 20 0
27 59 0
27 60 0
27 61 0
28 23 0
28 24 0
28 62 0
29 25 0
29 32 0
29 63 0
30 26 0
30 32 0
30 64 0
31 23 0
31 65 0
31 66 0
31 67 0
32 29 0
32 30 0
32 33 0
33 32 0
33 68 0
33 69 0
33 70 0
34 7 0
35 9 0
36 9 0
37 10 0
38 10 0
39 11 0
40 11 0
41 12 0
42 12 0
43 15 0
44 15 0
45 15 0
46 14 0
47 14 0
48 14 0
49 13 0
50 13 0
51 13 0
52 5 0
53 18 0
54 18 0
55 22 0
56 24 0
57 25 0
58 26 0
59 27 0
60 27 0
61 27 0
62 28 0
63 29 0
64 30 0
65 31 0
66 31 0
67 31 0
68 33 0
69 33 0
70 33 0
GraphDataEnd
GraphEnd
NodeEnd
END_EPT
