BEGIN_EPT
AnchorID: 6557  # ID of the anchor node
RootIndex: 0  # Index of the root node in tree_nodes
NodeCount: 6  # Total number of nodes in the EPT
NodeStart
EPTNodeID: 0
AnchorID: 6557
TreeNodeGraphID: 0
Level: 0
SimplifiedLevel: 0
EditOperation: -1 0 -1 0 0
AccumulatedOpsCount: 0
ChildrenCount: 3
ChildIndices: 1 4 5
CompletedDBGraphIDsCount: 0
GraphStart
GraphDataStart
ID: 0
NumNodes: 63
NumEdges: 130
NodeLabels
6 1 2 2 2 2 3 3 3 4 4 4 4 4 4 4 4 4 4 4 4 4 4 4 4 4 4 4 4 4 4 4 4 4 4 5 5 5 5 5 5 5 5 5 5 5 5 5 5 5 5 5 5 5 5 5 5 5 5 5 5 5 5 
Edges
0 2 0
0 3 0
0 6 0
0 12 0
1 31 0
2 0 0
3 0 0
4 14 0
5 21 0
6 0 0
6 10 0
6 13 0
7 11 0
7 21 0
7 46 0
8 14 0
8 17 0
8 49 0
9 11 0
9 15 0
9 16 0
9 35 0
10 6 0
10 14 0
10 36 0
10 37 0
11 7 0
11 9 0
11 38 0
11 39 0
12 0 0
12 19 0
12 20 0
13 6 0
13 22 0
13 23 0
14 4 0
14 8 0
14 10 0
15 9 0
15 40 0
15 41 0
15 42 0
16 9 0
16 43 0
16 44 0
16 45 0
17 8 0
17 18 0
17 27 0
18 17 0
18 21 0
18 28 0
19 12 0
19 25 0
19 47 0
20 12 0
20 26 0
20 48 0
21 5 0
21 7 0
21 18 0
22 13 0
22 29 0
22 50 0
23 13 0
23 30 0
23 51 0
24 25 0
24 26 0
24 34 0
25 19 0
25 24 0
25 52 0
26 20 0
26 24 0
26 53 0
27 17 0
27 32 0
27 54 0
28 18 0
28 33 0
28 55 0
29 22 0
29 31 0
29 56 0
30 23 0
30 31 0
30 57 0
31 1 0
31 29 0
31 30 0
32 27 0
32 33 0
32 58 0
33 28 0
33 32 0
33 59 0
34 24 0
34 60 0
34 61 0
34 62 0
35 9 0
36 10 0
37 10 0
38 11 0
39 11 0
40 15 0
41 15 0
42 15 0
43 16 0
44 16 0
45 16 0
46 7 0
47 19 0
48 20 0
49 8 0
50 22 0
51 23 0
52 25 0
53 26 0
54 27 0
55 28 0
56 29 0
57 30 0
58 32 0
59 33 0
60 34 0
61 34 0
62 34 0
GraphDataEnd
GraphEnd
NodeEnd
NodeStart
EPTNodeID: 1
AnchorID: 6557
TreeNodeGraphID: 1
Level: 1
SimplifiedLevel: 0
EditOperation: 0 1 0 1 5
AccumulatedOpsCount: 1
AccumulatedOp: 0 1 0 1 5
ChildrenCount: 2
ChildIndices: 2 3
CompletedDBGraphIDsCount: 0
GraphStart
GraphDataStart
ID: 1
NumNodes: 63
NumEdges: 130
NodeLabels
6 5 2 2 2 2 3 3 3 4 4 4 4 4 4 4 4 4 4 4 4 4 4 4 4 4 4 4 4 4 4 4 4 4 4 5 5 5 5 5 5 5 5 5 5 5 5 5 5 5 5 5 5 5 5 5 5 5 5 5 5 5 5 
Edges
0 2 0
0 3 0
0 6 0
0 12 0
1 31 0
2 0 0
3 0 0
4 14 0
5 21 0
6 0 0
6 10 0
6 13 0
7 11 0
7 21 0
7 46 0
8 14 0
8 17 0
8 49 0
9 11 0
9 15 0
9 16 0
9 35 0
10 6 0
10 14 0
10 36 0
10 37 0
11 7 0
11 9 0
11 38 0
11 39 0
12 0 0
12 19 0
12 20 0
13 6 0
13 22 0
13 23 0
14 4 0
14 8 0
14 10 0
15 9 0
15 40 0
15 41 0
15 42 0
16 9 0
16 43 0
16 44 0
16 45 0
17 8 0
17 18 0
17 27 0
18 17 0
18 21 0
18 28 0
19 12 0
19 25 0
19 47 0
20 12 0
20 26 0
20 48 0
21 5 0
21 7 0
21 18 0
22 13 0
22 29 0
22 50 0
23 13 0
23 30 0
23 51 0
24 25 0
24 26 0
24 34 0
25 19 0
25 24 0
25 52 0
26 20 0
26 24 0
26 53 0
27 17 0
27 32 0
27 54 0
28 18 0
28 33 0
28 55 0
29 22 0
29 31 0
29 56 0
30 23 0
30 31 0
30 57 0
31 1 0
31 29 0
31 30 0
32 27 0
32 33 0
32 58 0
33 28 0
33 32 0
33 59 0
34 24 0
34 60 0
34 61 0
34 62 0
35 9 0
36 10 0
37 10 0
38 11 0
39 11 0
40 15 0
41 15 0
42 15 0
43 16 0
44 16 0
45 16 0
46 7 0
47 19 0
48 20 0
49 8 0
50 22 0
51 23 0
52 25 0
53 26 0
54 27 0
55 28 0
56 29 0
57 30 0
58 32 0
59 33 0
60 34 0
61 34 0
62 34 0
GraphDataEnd
GraphEnd
NodeEnd
NodeStart
EPTNodeID: 2
AnchorID: 6557
TreeNodeGraphID: 6
Level: 6
SimplifiedLevel: 0
EditOperation: 5 9 39 0 0
AccumulatedOpsCount: 5
AccumulatedOp: 4 11 39 0 0
AccumulatedOp: 0 57 0 5 7
AccumulatedOp: 5 11 16 0 0
AccumulatedOp: 4 9 16 0 0
AccumulatedOp: 5 9 39 0 0
ChildrenCount: 0
ChildIndices:
CompletedDBGraphIDsCount: 2
CompletedDBGraphID: 11038
CompletedDBGraphID: 6961
GraphStart
GraphDataStart
ID: 6
NumNodes: 63
NumEdges: 130
NodeLabels
6 5 2 2 2 2 3 3 3 4 4 4 4 4 4 4 4 4 4 4 4 4 4 4 4 4 4 4 4 4 4 4 4 4 4 5 5 5 5 5 5 5 5 5 5 5 5 5 5 5 5 5 5 5 5 5 5 7 5 5 5 5 5 
Edges
0 2 0
0 3 0
0 6 0
0 12 0
1 31 0
2 0 0
3 0 0
4 14 0
5 21 0
6 0 0
6 10 0
6 13 0
7 11 0
7 21 0
7 46 0
8 14 0
8 17 0
8 49 0
9 11 0
9 15 0
9 35 0
9 39 0
10 6 0
10 14 0
10 36 0
10 37 0
11 7 0
11 9 0
11 38 0
11 16 0
12 0 0
12 19 0
12 20 0
13 6 0
13 22 0
13 23 0
14 4 0
14 8 0
14 10 0
15 9 0
15 40 0
15 41 0
15 42 0
16 43 0
16 44 0
16 45 0
16 11 0
17 8 0
17 18 0
17 27 0
18 17 0
18 21 0
18 28 0
19 12 0
19 25 0
19 47 0
20 12 0
20 26 0
20 48 0
21 5 0
21 7 0
21 18 0
22 13 0
22 29 0
22 50 0
23 13 0
23 30 0
23 51 0
24 25 0
24 26 0
24 34 0
25 19 0
25 24 0
25 52 0
26 20 0
26 24 0
26 53 0
27 17 0
27 32 0
27 54 0
28 18 0
28 33 0
28 55 0
29 22 0
29 31 0
29 56 0
30 23 0
30 31 0
30 57 0
31 1 0
31 29 0
31 30 0
32 27 0
32 33 0
32 58 0
33 28 0
33 32 0
33 59 0
34 24 0
34 60 0
34 61 0
34 62 0
35 9 0
36 10 0
37 10 0
38 11 0
39 9 0
40 15 0
41 15 0
42 15 0
43 16 0
44 16 0
45 16 0
46 7 0
47 19 0
48 20 0
49 8 0
50 22 0
51 23 0
52 25 0
53 26 0
54 27 0
55 28 0
56 29 0
57 30 0
58 32 0
59 33 0
60 34 0
61 34 0
62 34 0
GraphDataEnd
GraphEnd
NodeEnd
NodeStart
EPTNodeID: 3
AnchorID: 6557
TreeNodeGraphID: 14
Level: 9
SimplifiedLevel: 0
EditOperation: 5 30 34 0 0
AccumulatedOpsCount: 8
AccumulatedOp: 4 24 34 0 0
AccumulatedOp: 0 50 0 5 7
AccumulatedOp: 0 60 0 5 1
AccumulatedOp: 5 24 57 0 0
AccumulatedOp: 0 61 0 5 1
AccumulatedOp: 0 62 0 5 1
AccumulatedOp: 4 30 57 0 0
AccumulatedOp: 5 30 34 0 0
ChildrenCount: 0
ChildIndices:
CompletedDBGraphIDsCount: 1
CompletedDBGraphID: 15178
GraphStart
GraphDataStart
ID: 14
NumNodes: 63
NumEdges: 130
NodeLabels
6 5 2 2 2 2 3 3 3 4 4 4 4 4 4 4 4 4 4 4 4 4 4 4 4 4 4 4 4 4 4 4 4 4 4 5 5 5 5 5 5 5 5 5 5 5 5 5 5 5 7 5 5 5 5 5 5 5 5 5 1 1 1 
Edges
0 2 0
0 3 0
0 6 0
0 12 0
1 31 0
2 0 0
3 0 0
4 14 0
5 21 0
6 0 0
6 10 0
6 13 0
7 11 0
7 21 0
7 46 0
8 14 0
8 17 0
8 49 0
9 11 0
9 15 0
9 16 0
9 35 0
10 6 0
10 14 0
10 36 0
10 37 0
11 7 0
11 9 0
11 38 0
11 39 0
12 0 0
12 19 0
12 20 0
13 6 0
13 22 0
13 23 0
14 4 0
14 8 0
14 10 0
15 9 0
15 40 0
15 41 0
15 42 0
16 9 0
16 43 0
16 44 0
16 45 0
17 8 0
17 18 0
17 27 0
18 17 0
18 21 0
18 28 0
19 12 0
19 25 0
19 47 0
20 12 0
20 26 0
20 48 0
21 5 0
21 7 0
21 18 0
22 13 0
22 29 0
22 50 0
23 13 0
23 30 0
23 51 0
24 25 0
24 26 0
24 57 0
25 19 0
25 24 0
25 52 0
26 20 0
26 24 0
26 53 0
27 17 0
27 32 0
27 54 0
28 18 0
28 33 0
28 55 0
29 22 0
29 31 0
29 56 0
30 23 0
30 31 0
30 34 0
31 1 0
31 29 0
31 30 0
32 27 0
32 33 0
32 58 0
33 28 0
33 32 0
33 59 0
34 60 0
34 61 0
34 62 0
34 30 0
35 9 0
36 10 0
37 10 0
38 11 0
39 11 0
40 15 0
41 15 0
42 15 0
43 16 0
44 16 0
45 16 0
46 7 0
47 19 0
48 20 0
49 8 0
50 22 0
51 23 0
52 25 0
53 26 0
54 27 0
55 28 0
56 29 0
57 24 0
58 32 0
59 33 0
60 34 0
61 34 0
62 34 0
GraphDataEnd
GraphEnd
NodeEnd
NodeStart
EPTNodeID: 4
AnchorID: 6557
TreeNodeGraphID: 22
Level: 8
SimplifiedLevel: 0
EditOperation: 5 15 31 0 0
AccumulatedOpsCount: 8
AccumulatedOp: 4 24 34 0 0
AccumulatedOp: 4 9 15 0 0
AccumulatedOp: 4 1 31 0 0
AccumulatedOp: 4 7 11 0 0
AccumulatedOp: 5 1 24 0 0
AccumulatedOp: 5 11 34 0 0
AccumulatedOp: 5 7 9 0 0
AccumulatedOp: 5 15 31 0 0
ChildrenCount: 0
ChildIndices:
CompletedDBGraphIDsCount: 2
CompletedDBGraphID: 2338
CompletedDBGraphID: 17618
GraphStart
GraphDataStart
ID: 22
NumNodes: 63
NumEdges: 130
NodeLabels
6 1 2 2 2 2 3 3 3 4 4 4 4 4 4 4 4 4 4 4 4 4 4 4 4 4 4 4 4 4 4 4 4 4 4 5 5 5 5 5 5 5 5 5 5 5 5 5 5 5 5 5 5 5 5 5 5 5 5 5 5 5 5 
Edges
0 2 0
0 3 0
0 6 0
0 12 0
1 24 0
2 0 0
3 0 0
4 14 0
5 21 0
6 0 0
6 10 0
6 13 0
7 21 0
7 46 0
7 9 0
8 14 0
8 17 0
8 49 0
9 11 0
9 16 0
9 35 0
9 7 0
10 6 0
10 14 0
10 36 0
10 37 0
11 9 0
11 38 0
11 39 0
11 34 0
12 0 0
12 19 0
12 20 0
13 6 0
13 22 0
13 23 0
14 4 0
14 8 0
14 10 0
15 40 0
15 41 0
15 42 0
15 31 0
16 9 0
16 43 0
16 44 0
16 45 0
17 8 0
17 18 0
17 27 0
18 17 0
18 21 0
18 28 0
19 12 0
19 25 0
19 47 0
20 12 0
20 26 0
20 48 0
21 5 0
21 7 0
21 18 0
22 13 0
22 29 0
22 50 0
23 13 0
23 30 0
23 51 0
24 25 0
24 26 0
24 1 0
25 19 0
25 24 0
25 52 0
26 20 0
26 24 0
26 53 0
27 17 0
27 32 0
27 54 0
28 18 0
28 33 0
28 55 0
29 22 0
29 31 0
29 56 0
30 23 0
30 31 0
30 57 0
31 29 0
31 30 0
31 15 0
32 27 0
32 33 0
32 58 0
33 28 0
33 32 0
33 59 0
34 60 0
34 61 0
34 62 0
34 11 0
35 9 0
36 10 0
37 10 0
38 11 0
39 11 0
40 15 0
41 15 0
42 15 0
43 16 0
44 16 0
45 16 0
46 7 0
47 19 0
48 20 0
49 8 0
50 22 0
51 23 0
52 25 0
53 26 0
54 27 0
55 28 0
56 29 0
57 30 0
58 32 0
59 33 0
60 34 0
61 34 0
62 34 0
GraphDataEnd
GraphEnd
NodeEnd
NodeStart
EPTNodeID: 5
AnchorID: 6557
TreeNodeGraphID: 31
Level: 9
SimplifiedLevel: 0
EditOperation: 1 62 0 5 0
AccumulatedOpsCount: 9
AccumulatedOp: 0 50 0 5 7
AccumulatedOp: 0 1 0 1 7
AccumulatedOp: 4 34 60 0 0
AccumulatedOp: 0 34 0 4 5
AccumulatedOp: 1 60 0 5 0
AccumulatedOp: 4 34 61 0 0
AccumulatedOp: 1 61 0 5 0
AccumulatedOp: 4 34 62 0 0
AccumulatedOp: 1 62 0 5 0
ChildrenCount: 0
ChildIndices:
CompletedDBGraphIDsCount: 1
CompletedDBGraphID: 4780
GraphStart
GraphDataStart
ID: 31
NumNodes: 60
NumEdges: 124
NodeLabels
6 7 2 2 2 2 3 3 3 4 4 4 4 4 4 4 4 4 4 4 4 4 4 4 4 4 4 4 4 4 4 4 4 4 5 5 5 5 5 5 5 5 5 5 5 5 5 5 5 5 7 5 5 5 5 5 5 5 5 5 
Edges
0 2 0
0 3 0
0 6 0
0 12 0
1 31 0
2 0 0
3 0 0
4 14 0
5 21 0
6 0 0
6 10 0
6 13 0
7 11 0
7 21 0
7 46 0
8 14 0
8 17 0
8 49 0
9 11 0
9 15 0
9 16 0
9 35 0
10 6 0
10 14 0
10 36 0
10 37 0
11 7 0
11 9 0
11 38 0
11 39 0
12 0 0
12 19 0
12 20 0
13 6 0
13 22 0
13 23 0
14 4 0
14 8 0
14 10 0
15 9 0
15 40 0
15 41 0
15 42 0
16 9 0
16 43 0
16 44 0
16 45 0
17 8 0
17 18 0
17 27 0
18 17 0
18 21 0
18 28 0
19 12 0
19 25 0
19 47 0
20 12 0
20 26 0
20 48 0
21 5 0
21 7 0
21 18 0
22 13 0
22 29 0
22 50 0
23 13 0
23 30 0
23 51 0
24 25 0
24 26 0
24 34 0
25 19 0
25 24 0
25 52 0
26 20 0
26 24 0
26 53 0
27 17 0
27 32 0
27 54 0
28 18 0
28 33 0
28 55 0
29 22 0
29 31 0
29 56 0
30 23 0
30 31 0
30 57 0
31 1 0
31 29 0
31 30 0
32 27 0
32 33 0
32 58 0
33 28 0
33 32 0
33 59 0
34 24 0
35 9 0
36 10 0
37 10 0
38 11 0
39 11 0
40 15 0
41 15 0
42 15 0
43 16 0
44 16 0
45 16 0
46 7 0
47 19 0
48 20 0
49 8 0
50 22 0
51 23 0
52 25 0
53 26 0
54 27 0
55 28 0
56 29 0
57 30 0
58 32 0
59 33 0
GraphDataEnd
GraphEnd
NodeEnd
END_EPT
