BEGIN_EPT
AnchorID: 10748  # ID of the anchor node
RootIndex: 0  # Index of the root node in tree_nodes
NodeCount: 20  # Total number of nodes in the EPT
NodeStart
EPTNodeID: 0
AnchorID: 10748
TreeNodeGraphID: 0
Level: 0
SimplifiedLevel: 0
EditOperation: -1 0 -1 0 0
AccumulatedOpsCount: 0
ChildrenCount: 3
ChildIndices: 1 13 17
CompletedDBGraphIDsCount: 1
CompletedDBGraphID: 18025
GraphStart
GraphDataStart
ID: 0
NumNodes: 58
NumEdges: 122
NodeLabels
7 6 2 2 2 2 3 4 4 4 4 4 4 4 4 4 4 4 4 4 4 4 4 4 4 4 4 4 4 4 4 4 5 5 5 5 5 5 5 5 5 5 5 5 5 5 5 5 5 5 5 5 5 5 5 5 5 5 
Edges
0 27 0
1 15 0
1 19 0
2 14 0
3 21 0
3 25 0
4 21 0
5 23 0
5 26 0
6 9 0
6 16 0
6 39 0
7 8 0
7 12 0
7 15 0
7 32 0
8 7 0
8 9 0
8 14 0
9 6 0
9 8 0
9 10 0
10 9 0
10 11 0
10 33 0
10 34 0
11 10 0
11 13 0
11 35 0
11 36 0
12 7 0
12 16 0
12 21 0
13 11 0
13 14 0
13 37 0
13 38 0
14 2 0
14 8 0
14 13 0
15 1 0
15 7 0
15 17 0
16 6 0
16 12 0
16 20 0
17 15 0
17 18 0
17 40 0
18 17 0
18 19 0
18 23 0
19 1 0
19 18 0
19 22 0
20 16 0
20 41 0
20 42 0
20 43 0
21 3 0
21 4 0
21 12 0
22 19 0
22 24 0
22 44 0
22 45 0
23 5 0
23 18 0
23 46 0
23 47 0
24 22 0
24 48 0
24 49 0
24 50 0
25 3 0
25 51 0
25 52 0
25 53 0
26 5 0
26 27 0
26 28 0
27 0 0
27 26 0
27 29 0
28 26 0
28 30 0
28 54 0
29 27 0
29 31 0
29 55 0
30 28 0
30 31 0
30 56 0
31 29 0
31 30 0
31 57 0
32 7 0
33 10 0
34 10 0
35 11 0
36 11 0
37 13 0
38 13 0
39 6 0
40 17 0
41 20 0
42 20 0
43 20 0
44 22 0
45 22 0
46 23 0
47 23 0
48 24 0
49 24 0
50 24 0
51 25 0
52 25 0
53 25 0
54 28 0
55 29 0
56 30 0
57 31 0
GraphDataEnd
GraphEnd
NodeEnd
NodeStart
EPTNodeID: 1
AnchorID: 10748
TreeNodeGraphID: 1
Level: 1
SimplifiedLevel: 0
EditOperation: 4 22 24 0 0
AccumulatedOpsCount: 1
AccumulatedOp: 4 22 24 0 0
ChildrenCount: 3
ChildIndices: 2 9 12
CompletedDBGraphIDsCount: 0
GraphStart
GraphDataStart
ID: 1
NumNodes: 58
NumEdges: 120
NodeLabels
7 6 2 2 2 2 3 4 4 4 4 4 4 4 4 4 4 4 4 4 4 4 4 4 4 4 4 4 4 4 4 4 5 5 5 5 5 5 5 5 5 5 5 5 5 5 5 5 5 5 5 5 5 5 5 5 5 5 
Edges
0 27 0
1 15 0
1 19 0
2 14 0
3 21 0
3 25 0
4 21 0
5 23 0
5 26 0
6 9 0
6 16 0
6 39 0
7 8 0
7 12 0
7 15 0
7 32 0
8 7 0
8 9 0
8 14 0
9 6 0
9 8 0
9 10 0
10 9 0
10 11 0
10 33 0
10 34 0
11 10 0
11 13 0
11 35 0
11 36 0
12 7 0
12 16 0
12 21 0
13 11 0
13 14 0
13 37 0
13 38 0
14 2 0
14 8 0
14 13 0
15 1 0
15 7 0
15 17 0
16 6 0
16 12 0
16 20 0
17 15 0
17 18 0
17 40 0
18 17 0
18 19 0
18 23 0
19 1 0
19 18 0
19 22 0
20 16 0
20 41 0
20 42 0
20 43 0
21 3 0
21 4 0
21 12 0
22 19 0
22 44 0
22 45 0
23 5 0
23 18 0
23 46 0
23 47 0
24 48 0
24 49 0
24 50 0
25 3 0
25 51 0
25 52 0
25 53 0
26 5 0
26 27 0
26 28 0
27 0 0
27 26 0
27 29 0
28 26 0
28 30 0
28 54 0
29 27 0
29 31 0
29 55 0
30 28 0
30 31 0
30 56 0
31 29 0
31 30 0
31 57 0
32 7 0
33 10 0
34 10 0
35 11 0
36 11 0
37 13 0
38 13 0
39 6 0
40 17 0
41 20 0
42 20 0
43 20 0
44 22 0
45 22 0
46 23 0
47 23 0
48 24 0
49 24 0
50 24 0
51 25 0
52 25 0
53 25 0
54 28 0
55 29 0
56 30 0
57 31 0
GraphDataEnd
GraphEnd
NodeEnd
NodeStart
EPTNodeID: 2
AnchorID: 10748
TreeNodeGraphID: 4
Level: 4
SimplifiedLevel: 0
EditOperation: 2 60 0 0 5
AccumulatedOpsCount: 3
AccumulatedOp: 2 58 0 0 5
AccumulatedOp: 2 59 0 0 5
AccumulatedOp: 2 60 0 0 5
ChildrenCount: 2
ChildIndices: 3 8
CompletedDBGraphIDsCount: 0
GraphStart
GraphDataStart
ID: 4
NumNodes: 61
NumEdges: 120
NodeLabels
7 6 2 2 2 2 3 4 4 4 4 4 4 4 4 4 4 4 4 4 4 4 4 4 4 4 4 4 4 4 4 4 5 5 5 5 5 5 5 5 5 5 5 5 5 5 5 5 5 5 5 5 5 5 5 5 5 5 5 5 5 
Edges
0 27 0
1 15 0
1 19 0
2 14 0
3 21 0
3 25 0
4 21 0
5 23 0
5 26 0
6 9 0
6 16 0
6 39 0
7 8 0
7 12 0
7 15 0
7 32 0
8 7 0
8 9 0
8 14 0
9 6 0
9 8 0
9 10 0
10 9 0
10 11 0
10 33 0
10 34 0
11 10 0
11 13 0
11 35 0
11 36 0
12 7 0
12 16 0
12 21 0
13 11 0
13 14 0
13 37 0
13 38 0
14 2 0
14 8 0
14 13 0
15 1 0
15 7 0
15 17 0
16 6 0
16 12 0
16 20 0
17 15 0
17 18 0
17 40 0
18 17 0
18 19 0
18 23 0
19 1 0
19 18 0
19 22 0
20 16 0
20 41 0
20 42 0
20 43 0
21 3 0
21 4 0
21 12 0
22 19 0
22 44 0
22 45 0
23 5 0
23 18 0
23 46 0
23 47 0
24 48 0
24 49 0
24 50 0
25 3 0
25 51 0
25 52 0
25 53 0
26 5 0
26 27 0
26 28 0
27 0 0
27 26 0
27 29 0
28 26 0
28 30 0
28 54 0
29 27 0
29 31 0
29 55 0
30 28 0
30 31 0
30 56 0
31 29 0
31 30 0
31 57 0
32 7 0
33 10 0
34 10 0
35 11 0
36 11 0
37 13 0
38 13 0
39 6 0
40 17 0
41 20 0
42 20 0
43 20 0
44 22 0
45 22 0
46 23 0
47 23 0
48 24 0
49 24 0
50 24 0
51 25 0
52 25 0
53 25 0
54 28 0
55 29 0
56 30 0
57 31 0
GraphDataEnd
GraphEnd
NodeEnd
NodeStart
EPTNodeID: 3
AnchorID: 10748
TreeNodeGraphID: 11
Level: 11
SimplifiedLevel: 0
EditOperation: 5 35 59 0 0
AccumulatedOpsCount: 7
AccumulatedOp: 5 22 60 0 0
AccumulatedOp: 0 35 0 5 4
AccumulatedOp: 5 11 24 0 0
AccumulatedOp: 4 11 36 0 0
AccumulatedOp: 5 35 58 0 0
AccumulatedOp: 5 35 36 0 0
AccumulatedOp: 5 35 59 0 0
ChildrenCount: 3
ChildIndices: 4 6 7
CompletedDBGraphIDsCount: 0
GraphStart
GraphDataStart
ID: 11
NumNodes: 61
NumEdges: 128
NodeLabels
7 6 2 2 2 2 3 4 4 4 4 4 4 4 4 4 4 4 4 4 4 4 4 4 4 4 4 4 4 4 4 4 5 5 5 4 5 5 5 5 5 5 5 5 5 5 5 5 5 5 5 5 5 5 5 5 5 5 5 5 5 
Edges
0 27 0
1 15 0
1 19 0
2 14 0
3 21 0
3 25 0
4 21 0
5 23 0
5 26 0
6 9 0
6 16 0
6 39 0
7 8 0
7 12 0
7 15 0
7 32 0
8 7 0
8 9 0
8 14 0
9 6 0
9 8 0
9 10 0
10 9 0
10 11 0
10 33 0
10 34 0
11 10 0
11 13 0
11 35 0
11 24 0
12 7 0
12 16 0
12 21 0
13 11 0
13 14 0
13 37 0
13 38 0
14 2 0
14 8 0
14 13 0
15 1 0
15 7 0
15 17 0
16 6 0
16 12 0
16 20 0
17 15 0
17 18 0
17 40 0
18 17 0
18 19 0
18 23 0
19 1 0
19 18 0
19 22 0
20 16 0
20 41 0
20 42 0
20 43 0
21 3 0
21 4 0
21 12 0
22 19 0
22 44 0
22 45 0
22 60 0
23 5 0
23 18 0
23 46 0
23 47 0
24 48 0
24 49 0
24 50 0
24 11 0
25 3 0
25 51 0
25 52 0
25 53 0
26 5 0
26 27 0
26 28 0
27 0 0
27 26 0
27 29 0
28 26 0
28 30 0
28 54 0
29 27 0
29 31 0
29 55 0
30 28 0
30 31 0
30 56 0
31 29 0
31 30 0
31 57 0
32 7 0
33 10 0
34 10 0
35 11 0
35 58 0
35 36 0
35 59 0
36 35 0
37 13 0
38 13 0
39 6 0
40 17 0
41 20 0
42 20 0
43 20 0
44 22 0
45 22 0
46 23 0
47 23 0
48 24 0
49 24 0
50 24 0
51 25 0
52 25 0
53 25 0
54 28 0
55 29 0
56 30 0
57 31 0
58 35 0
59 35 0
60 22 0
GraphDataEnd
GraphEnd
NodeEnd
NodeStart
EPTNodeID: 4
AnchorID: 10748
TreeNodeGraphID: 12
Level: 12
SimplifiedLevel: 0
EditOperation: 0 57 0 5 1
AccumulatedOpsCount: 1
AccumulatedOp: 0 57 0 5 1
ChildrenCount: 1
ChildIndices: 5
CompletedDBGraphIDsCount: 2
CompletedDBGraphID: 20338
CompletedDBGraphID: 11331
GraphStart
GraphDataStart
ID: 12
NumNodes: 61
NumEdges: 128
NodeLabels
7 6 2 2 2 2 3 4 4 4 4 4 4 4 4 4 4 4 4 4 4 4 4 4 4 4 4 4 4 4 4 4 5 5 5 4 5 5 5 5 5 5 5 5 5 5 5 5 5 5 5 5 5 5 5 5 5 1 5 5 5 
Edges
0 27 0
1 15 0
1 19 0
2 14 0
3 21 0
3 25 0
4 21 0
5 23 0
5 26 0
6 9 0
6 16 0
6 39 0
7 8 0
7 12 0
7 15 0
7 32 0
8 7 0
8 9 0
8 14 0
9 6 0
9 8 0
9 10 0
10 9 0
10 11 0
10 33 0
10 34 0
11 10 0
11 13 0
11 35 0
11 24 0
12 7 0
12 16 0
12 21 0
13 11 0
13 14 0
13 37 0
13 38 0
14 2 0
14 8 0
14 13 0
15 1 0
15 7 0
15 17 0
16 6 0
16 12 0
16 20 0
17 15 0
17 18 0
17 40 0
18 17 0
18 19 0
18 23 0
19 1 0
19 18 0
19 22 0
20 16 0
20 41 0
20 42 0
20 43 0
21 3 0
21 4 0
21 12 0
22 19 0
22 44 0
22 45 0
22 60 0
23 5 0
23 18 0
23 46 0
23 47 0
24 48 0
24 49 0
24 50 0
24 11 0
25 3 0
25 51 0
25 52 0
25 53 0
26 5 0
26 27 0
26 28 0
27 0 0
27 26 0
27 29 0
28 26 0
28 30 0
28 54 0
29 27 0
29 31 0
29 55 0
30 28 0
30 31 0
30 56 0
31 29 0
31 30 0
31 57 0
32 7 0
33 10 0
34 10 0
35 11 0
35 58 0
35 36 0
35 59 0
36 35 0
37 13 0
38 13 0
39 6 0
40 17 0
41 20 0
42 20 0
43 20 0
44 22 0
45 22 0
46 23 0
47 23 0
48 24 0
49 24 0
50 24 0
51 25 0
52 25 0
53 25 0
54 28 0
55 29 0
56 30 0
57 31 0
58 35 0
59 35 0
60 22 0
GraphDataEnd
GraphEnd
NodeEnd
NodeStart
EPTNodeID: 5
AnchorID: 10748
TreeNodeGraphID: 13
Level: 13
SimplifiedLevel: 0
EditOperation: 0 0 0 7 5
AccumulatedOpsCount: 1
AccumulatedOp: 0 0 0 7 5
ChildrenCount: 0
ChildIndices:
CompletedDBGraphIDsCount: 2
CompletedDBGraphID: 12560
CompletedDBGraphID: 22109
GraphStart
GraphDataStart
ID: 13
NumNodes: 61
NumEdges: 128
NodeLabels
5 6 2 2 2 2 3 4 4 4 4 4 4 4 4 4 4 4 4 4 4 4 4 4 4 4 4 4 4 4 4 4 5 5 5 4 5 5 5 5 5 5 5 5 5 5 5 5 5 5 5 5 5 5 5 5 5 1 5 5 5 
Edges
0 27 0
1 15 0
1 19 0
2 14 0
3 21 0
3 25 0
4 21 0
5 23 0
5 26 0
6 9 0
6 16 0
6 39 0
7 8 0
7 12 0
7 15 0
7 32 0
8 7 0
8 9 0
8 14 0
9 6 0
9 8 0
9 10 0
10 9 0
10 11 0
10 33 0
10 34 0
11 10 0
11 13 0
11 35 0
11 24 0
12 7 0
12 16 0
12 21 0
13 11 0
13 14 0
13 37 0
13 38 0
14 2 0
14 8 0
14 13 0
15 1 0
15 7 0
15 17 0
16 6 0
16 12 0
16 20 0
17 15 0
17 18 0
17 40 0
18 17 0
18 19 0
18 23 0
19 1 0
19 18 0
19 22 0
20 16 0
20 41 0
20 42 0
20 43 0
21 3 0
21 4 0
21 12 0
22 19 0
22 44 0
22 45 0
22 60 0
23 5 0
23 18 0
23 46 0
23 47 0
24 48 0
24 49 0
24 50 0
24 11 0
25 3 0
25 51 0
25 52 0
25 53 0
26 5 0
26 27 0
26 28 0
27 0 0
27 26 0
27 29 0
28 26 0
28 30 0
28 54 0
29 27 0
29 31 0
29 55 0
30 28 0
30 31 0
30 56 0
31 29 0
31 30 0
31 57 0
32 7 0
33 10 0
34 10 0
35 11 0
35 58 0
35 36 0
35 59 0
36 35 0
37 13 0
38 13 0
39 6 0
40 17 0
41 20 0
42 20 0
43 20 0
44 22 0
45 22 0
46 23 0
47 23 0
48 24 0
49 24 0
50 24 0
51 25 0
52 25 0
53 25 0
54 28 0
55 29 0
56 30 0
57 31 0
58 35 0
59 35 0
60 22 0
GraphDataEnd
GraphEnd
NodeEnd
NodeStart
EPTNodeID: 6
AnchorID: 10748
TreeNodeGraphID: 15
Level: 13
SimplifiedLevel: 0
EditOperation: 0 57 0 5 8
AccumulatedOpsCount: 2
AccumulatedOp: 0 0 0 7 5
AccumulatedOp: 0 57 0 5 8
ChildrenCount: 0
ChildIndices:
CompletedDBGraphIDsCount: 2
CompletedDBGraphID: 7879
CompletedDBGraphID: 1339
GraphStart
GraphDataStart
ID: 15
NumNodes: 61
NumEdges: 128
NodeLabels
5 6 2 2 2 2 3 4 4 4 4 4 4 4 4 4 4 4 4 4 4 4 4 4 4 4 4 4 4 4 4 4 5 5 5 4 5 5 5 5 5 5 5 5 5 5 5 5 5 5 5 5 5 5 5 5 5 8 5 5 5 
Edges
0 27 0
1 15 0
1 19 0
2 14 0
3 21 0
3 25 0
4 21 0
5 23 0
5 26 0
6 9 0
6 16 0
6 39 0
7 8 0
7 12 0
7 15 0
7 32 0
8 7 0
8 9 0
8 14 0
9 6 0
9 8 0
9 10 0
10 9 0
10 11 0
10 33 0
10 34 0
11 10 0
11 13 0
11 35 0
11 24 0
12 7 0
12 16 0
12 21 0
13 11 0
13 14 0
13 37 0
13 38 0
14 2 0
14 8 0
14 13 0
15 1 0
15 7 0
15 17 0
16 6 0
16 12 0
16 20 0
17 15 0
17 18 0
17 40 0
18 17 0
18 19 0
18 23 0
19 1 0
19 18 0
19 22 0
20 16 0
20 41 0
20 42 0
20 43 0
21 3 0
21 4 0
21 12 0
22 19 0
22 44 0
22 45 0
22 60 0
23 5 0
23 18 0
23 46 0
23 47 0
24 48 0
24 49 0
24 50 0
24 11 0
25 3 0
25 51 0
25 52 0
25 53 0
26 5 0
26 27 0
26 28 0
27 0 0
27 26 0
27 29 0
28 26 0
28 30 0
28 54 0
29 27 0
29 31 0
29 55 0
30 28 0
30 31 0
30 56 0
31 29 0
31 30 0
31 57 0
32 7 0
33 10 0
34 10 0
35 11 0
35 58 0
35 36 0
35 59 0
36 35 0
37 13 0
38 13 0
39 6 0
40 17 0
41 20 0
42 20 0
43 20 0
44 22 0
45 22 0
46 23 0
47 23 0
48 24 0
49 24 0
50 24 0
51 25 0
52 25 0
53 25 0
54 28 0
55 29 0
56 30 0
57 31 0
58 35 0
59 35 0
60 22 0
GraphDataEnd
GraphEnd
NodeEnd
NodeStart
EPTNodeID: 7
AnchorID: 10748
TreeNodeGraphID: 16
Level: 12
SimplifiedLevel: 0
EditOperation: 0 0 0 7 8
AccumulatedOpsCount: 1
AccumulatedOp: 0 0 0 7 8
ChildrenCount: 0
ChildIndices:
CompletedDBGraphIDsCount: 1
CompletedDBGraphID: 7810
GraphStart
GraphDataStart
ID: 16
NumNodes: 61
NumEdges: 128
NodeLabels
8 6 2 2 2 2 3 4 4 4 4 4 4 4 4 4 4 4 4 4 4 4 4 4 4 4 4 4 4 4 4 4 5 5 5 4 5 5 5 5 5 5 5 5 5 5 5 5 5 5 5 5 5 5 5 5 5 5 5 5 5 
Edges
0 27 0
1 15 0
1 19 0
2 14 0
3 21 0
3 25 0
4 21 0
5 23 0
5 26 0
6 9 0
6 16 0
6 39 0
7 8 0
7 12 0
7 15 0
7 32 0
8 7 0
8 9 0
8 14 0
9 6 0
9 8 0
9 10 0
10 9 0
10 11 0
10 33 0
10 34 0
11 10 0
11 13 0
11 35 0
11 24 0
12 7 0
12 16 0
12 21 0
13 11 0
13 14 0
13 37 0
13 38 0
14 2 0
14 8 0
14 13 0
15 1 0
15 7 0
15 17 0
16 6 0
16 12 0
16 20 0
17 15 0
17 18 0
17 40 0
18 17 0
18 19 0
18 23 0
19 1 0
19 18 0
19 22 0
20 16 0
20 41 0
20 42 0
20 43 0
21 3 0
21 4 0
21 12 0
22 19 0
22 44 0
22 45 0
22 60 0
23 5 0
23 18 0
23 46 0
23 47 0
24 48 0
24 49 0
24 50 0
24 11 0
25 3 0
25 51 0
25 52 0
25 53 0
26 5 0
26 27 0
26 28 0
27 0 0
27 26 0
27 29 0
28 26 0
28 30 0
28 54 0
29 27 0
29 31 0
29 55 0
30 28 0
30 31 0
30 56 0
31 29 0
31 30 0
31 57 0
32 7 0
33 10 0
34 10 0
35 11 0
35 58 0
35 36 0
35 59 0
36 35 0
37 13 0
38 13 0
39 6 0
40 17 0
41 20 0
42 20 0
43 20 0
44 22 0
45 22 0
46 23 0
47 23 0
48 24 0
49 24 0
50 24 0
51 25 0
52 25 0
53 25 0
54 28 0
55 29 0
56 30 0
57 31 0
58 35 0
59 35 0
60 22 0
GraphDataEnd
GraphEnd
NodeEnd
NodeStart
EPTNodeID: 8
AnchorID: 10748
TreeNodeGraphID: 24
Level: 12
SimplifiedLevel: 0
EditOperation: 5 0 58 0 0
AccumulatedOpsCount: 8
AccumulatedOp: 4 25 51 0 0
AccumulatedOp: 0 0 0 7 4
AccumulatedOp: 0 57 0 5 7
AccumulatedOp: 5 0 59 0 0
AccumulatedOp: 5 22 51 0 0
AccumulatedOp: 5 0 60 0 0
AccumulatedOp: 5 24 25 0 0
AccumulatedOp: 5 0 58 0 0
ChildrenCount: 0
ChildIndices:
CompletedDBGraphIDsCount: 2
CompletedDBGraphID: 18426
CompletedDBGraphID: 4582
GraphStart
GraphDataStart
ID: 24
NumNodes: 61
NumEdges: 128
NodeLabels
4 6 2 2 2 2 3 4 4 4 4 4 4 4 4 4 4 4 4 4 4 4 4 4 4 4 4 4 4 4 4 4 5 5 5 5 5 5 5 5 5 5 5 5 5 5 5 5 5 5 5 5 5 5 5 5 5 7 5 5 5 
Edges
0 27 0
0 59 0
0 60 0
0 58 0
1 15 0
1 19 0
2 14 0
3 21 0
3 25 0
4 21 0
5 23 0
5 26 0
6 9 0
6 16 0
6 39 0
7 8 0
7 12 0
7 15 0
7 32 0
8 7 0
8 9 0
8 14 0
9 6 0
9 8 0
9 10 0
10 9 0
10 11 0
10 33 0
10 34 0
11 10 0
11 13 0
11 35 0
11 36 0
12 7 0
12 16 0
12 21 0
13 11 0
13 14 0
13 37 0
13 38 0
14 2 0
14 8 0
14 13 0
15 1 0
15 7 0
15 17 0
16 6 0
16 12 0
16 20 0
17 15 0
17 18 0
17 40 0
18 17 0
18 19 0
18 23 0
19 1 0
19 18 0
19 22 0
20 16 0
20 41 0
20 42 0
20 43 0
21 3 0
21 4 0
21 12 0
22 19 0
22 44 0
22 45 0
22 51 0
23 5 0
23 18 0
23 46 0
23 47 0
24 48 0
24 49 0
24 50 0
24 25 0
25 3 0
25 52 0
25 53 0
25 24 0
26 5 0
26 27 0
26 28 0
27 0 0
27 26 0
27 29 0
28 26 0
28 30 0
28 54 0
29 27 0
29 31 0
29 55 0
30 28 0
30 31 0
30 56 0
31 29 0
31 30 0
31 57 0
32 7 0
33 10 0
34 10 0
35 11 0
36 11 0
37 13 0
38 13 0
39 6 0
40 17 0
41 20 0
42 20 0
43 20 0
44 22 0
45 22 0
46 23 0
47 23 0
48 24 0
49 24 0
50 24 0
51 22 0
52 25 0
53 25 0
54 28 0
55 29 0
56 30 0
57 31 0
58 0 0
59 0 0
60 0 0
GraphDataEnd
GraphEnd
NodeEnd
NodeStart
EPTNodeID: 9
AnchorID: 10748
TreeNodeGraphID: 28
Level: 5
SimplifiedLevel: 0
EditOperation: 5 24 25 0 0
AccumulatedOpsCount: 4
AccumulatedOp: 0 0 0 7 5
AccumulatedOp: 5 22 53 0 0
AccumulatedOp: 4 25 53 0 0
AccumulatedOp: 5 24 25 0 0
ChildrenCount: 2
ChildIndices: 10 11
CompletedDBGraphIDsCount: 0
GraphStart
GraphDataStart
ID: 28
NumNodes: 58
NumEdges: 122
NodeLabels
5 6 2 2 2 2 3 4 4 4 4 4 4 4 4 4 4 4 4 4 4 4 4 4 4 4 4 4 4 4 4 4 5 5 5 5 5 5 5 5 5 5 5 5 5 5 5 5 5 5 5 5 5 5 5 5 5 5 
Edges
0 27 0
1 15 0
1 19 0
2 14 0
3 21 0
3 25 0
4 21 0
5 23 0
5 26 0
6 9 0
6 16 0
6 39 0
7 8 0
7 12 0
7 15 0
7 32 0
8 7 0
8 9 0
8 14 0
9 6 0
9 8 0
9 10 0
10 9 0
10 11 0
10 33 0
10 34 0
11 10 0
11 13 0
11 35 0
11 36 0
12 7 0
12 16 0
12 21 0
13 11 0
13 14 0
13 37 0
13 38 0
14 2 0
14 8 0
14 13 0
15 1 0
15 7 0
15 17 0
16 6 0
16 12 0
16 20 0
17 15 0
17 18 0
17 40 0
18 17 0
18 19 0
18 23 0
19 1 0
19 18 0
19 22 0
20 16 0
20 41 0
20 42 0
20 43 0
21 3 0
21 4 0
21 12 0
22 19 0
22 44 0
22 45 0
22 53 0
23 5 0
23 18 0
23 46 0
23 47 0
24 48 0
24 49 0
24 50 0
24 25 0
25 3 0
25 51 0
25 52 0
25 24 0
26 5 0
26 27 0
26 28 0
27 0 0
27 26 0
27 29 0
28 26 0
28 30 0
28 54 0
29 27 0
29 31 0
29 55 0
30 28 0
30 31 0
30 56 0
31 29 0
31 30 0
31 57 0
32 7 0
33 10 0
34 10 0
35 11 0
36 11 0
37 13 0
38 13 0
39 6 0
40 17 0
41 20 0
42 20 0
43 20 0
44 22 0
45 22 0
46 23 0
47 23 0
48 24 0
49 24 0
50 24 0
51 25 0
52 25 0
53 22 0
54 28 0
55 29 0
56 30 0
57 31 0
GraphDataEnd
GraphEnd
NodeEnd
NodeStart
EPTNodeID: 10
AnchorID: 10748
TreeNodeGraphID: 29
Level: 6
SimplifiedLevel: 0
EditOperation: 0 57 0 5 1
AccumulatedOpsCount: 1
AccumulatedOp: 0 57 0 5 1
ChildrenCount: 0
ChildIndices:
CompletedDBGraphIDsCount: 2
CompletedDBGraphID: 10228
CompletedDBGraphID: 17021
GraphStart
GraphDataStart
ID: 29
NumNodes: 58
NumEdges: 122
NodeLabels
5 6 2 2 2 2 3 4 4 4 4 4 4 4 4 4 4 4 4 4 4 4 4 4 4 4 4 4 4 4 4 4 5 5 5 5 5 5 5 5 5 5 5 5 5 5 5 5 5 5 5 5 5 5 5 5 5 1 
Edges
0 27 0
1 15 0
1 19 0
2 14 0
3 21 0
3 25 0
4 21 0
5 23 0
5 26 0
6 9 0
6 16 0
6 39 0
7 8 0
7 12 0
7 15 0
7 32 0
8 7 0
8 9 0
8 14 0
9 6 0
9 8 0
9 10 0
10 9 0
10 11 0
10 33 0
10 34 0
11 10 0
11 13 0
11 35 0
11 36 0
12 7 0
12 16 0
12 21 0
13 11 0
13 14 0
13 37 0
13 38 0
14 2 0
14 8 0
14 13 0
15 1 0
15 7 0
15 17 0
16 6 0
16 12 0
16 20 0
17 15 0
17 18 0
17 40 0
18 17 0
18 19 0
18 23 0
19 1 0
19 18 0
19 22 0
20 16 0
20 41 0
20 42 0
20 43 0
21 3 0
21 4 0
21 12 0
22 19 0
22 44 0
22 45 0
22 53 0
23 5 0
23 18 0
23 46 0
23 47 0
24 48 0
24 49 0
24 50 0
24 25 0
25 3 0
25 51 0
25 52 0
25 24 0
26 5 0
26 27 0
26 28 0
27 0 0
27 26 0
27 29 0
28 26 0
28 30 0
28 54 0
29 27 0
29 31 0
29 55 0
30 28 0
30 31 0
30 56 0
31 29 0
31 30 0
31 57 0
32 7 0
33 10 0
34 10 0
35 11 0
36 11 0
37 13 0
38 13 0
39 6 0
40 17 0
41 20 0
42 20 0
43 20 0
44 22 0
45 22 0
46 23 0
47 23 0
48 24 0
49 24 0
50 24 0
51 25 0
52 25 0
53 22 0
54 28 0
55 29 0
56 30 0
57 31 0
GraphDataEnd
GraphEnd
NodeEnd
NodeStart
EPTNodeID: 11
AnchorID: 10748
TreeNodeGraphID: 30
Level: 6
SimplifiedLevel: 0
EditOperation: 0 57 0 5 7
AccumulatedOpsCount: 1
AccumulatedOp: 0 57 0 5 7
ChildrenCount: 0
ChildIndices:
CompletedDBGraphIDsCount: 1
CompletedDBGraphID: 4515
GraphStart
GraphDataStart
ID: 30
NumNodes: 58
NumEdges: 122
NodeLabels
5 6 2 2 2 2 3 4 4 4 4 4 4 4 4 4 4 4 4 4 4 4 4 4 4 4 4 4 4 4 4 4 5 5 5 5 5 5 5 5 5 5 5 5 5 5 5 5 5 5 5 5 5 5 5 5 5 7 
Edges
0 27 0
1 15 0
1 19 0
2 14 0
3 21 0
3 25 0
4 21 0
5 23 0
5 26 0
6 9 0
6 16 0
6 39 0
7 8 0
7 12 0
7 15 0
7 32 0
8 7 0
8 9 0
8 14 0
9 6 0
9 8 0
9 10 0
10 9 0
10 11 0
10 33 0
10 34 0
11 10 0
11 13 0
11 35 0
11 36 0
12 7 0
12 16 0
12 21 0
13 11 0
13 14 0
13 37 0
13 38 0
14 2 0
14 8 0
14 13 0
15 1 0
15 7 0
15 17 0
16 6 0
16 12 0
16 20 0
17 15 0
17 18 0
17 40 0
18 17 0
18 19 0
18 23 0
19 1 0
19 18 0
19 22 0
20 16 0
20 41 0
20 42 0
20 43 0
21 3 0
21 4 0
21 12 0
22 19 0
22 44 0
22 45 0
22 53 0
23 5 0
23 18 0
23 46 0
23 47 0
24 48 0
24 49 0
24 50 0
24 25 0
25 3 0
25 51 0
25 52 0
25 24 0
26 5 0
26 27 0
26 28 0
27 0 0
27 26 0
27 29 0
28 26 0
28 30 0
28 54 0
29 27 0
29 31 0
29 55 0
30 28 0
30 31 0
30 56 0
31 29 0
31 30 0
31 57 0
32 7 0
33 10 0
34 10 0
35 11 0
36 11 0
37 13 0
38 13 0
39 6 0
40 17 0
41 20 0
42 20 0
43 20 0
44 22 0
45 22 0
46 23 0
47 23 0
48 24 0
49 24 0
50 24 0
51 25 0
52 25 0
53 22 0
54 28 0
55 29 0
56 30 0
57 31 0
GraphDataEnd
GraphEnd
NodeEnd
NodeStart
EPTNodeID: 12
AnchorID: 10748
TreeNodeGraphID: 35
Level: 6
SimplifiedLevel: 0
EditOperation: 5 24 27 0 0
AccumulatedOpsCount: 5
AccumulatedOp: 4 0 27 0 0
AccumulatedOp: 4 31 57 0 0
AccumulatedOp: 5 22 57 0 0
AccumulatedOp: 5 0 31 0 0
AccumulatedOp: 5 24 27 0 0
ChildrenCount: 0
ChildIndices:
CompletedDBGraphIDsCount: 2
CompletedDBGraphID: 19847
CompletedDBGraphID: 6812
GraphStart
GraphDataStart
ID: 35
NumNodes: 58
NumEdges: 122
NodeLabels
7 6 2 2 2 2 3 4 4 4 4 4 4 4 4 4 4 4 4 4 4 4 4 4 4 4 4 4 4 4 4 4 5 5 5 5 5 5 5 5 5 5 5 5 5 5 5 5 5 5 5 5 5 5 5 5 5 5 
Edges
0 31 0
1 15 0
1 19 0
2 14 0
3 21 0
3 25 0
4 21 0
5 23 0
5 26 0
6 9 0
6 16 0
6 39 0
7 8 0
7 12 0
7 15 0
7 32 0
8 7 0
8 9 0
8 14 0
9 6 0
9 8 0
9 10 0
10 9 0
10 11 0
10 33 0
10 34 0
11 10 0
11 13 0
11 35 0
11 36 0
12 7 0
12 16 0
12 21 0
13 11 0
13 14 0
13 37 0
13 38 0
14 2 0
14 8 0
14 13 0
15 1 0
15 7 0
15 17 0
16 6 0
16 12 0
16 20 0
17 15 0
17 18 0
17 40 0
18 17 0
18 19 0
18 23 0
19 1 0
19 18 0
19 22 0
20 16 0
20 41 0
20 42 0
20 43 0
21 3 0
21 4 0
21 12 0
22 19 0
22 44 0
22 45 0
22 57 0
23 5 0
23 18 0
23 46 0
23 47 0
24 48 0
24 49 0
24 50 0
24 27 0
25 3 0
25 51 0
25 52 0
25 53 0
26 5 0
26 27 0
26 28 0
27 26 0
27 29 0
27 24 0
28 26 0
28 30 0
28 54 0
29 27 0
29 31 0
29 55 0
30 28 0
30 31 0
30 56 0
31 29 0
31 30 0
31 0 0
32 7 0
33 10 0
34 10 0
35 11 0
36 11 0
37 13 0
38 13 0
39 6 0
40 17 0
41 20 0
42 20 0
43 20 0
44 22 0
45 22 0
46 23 0
47 23 0
48 24 0
49 24 0
50 24 0
51 25 0
52 25 0
53 25 0
54 28 0
55 29 0
56 30 0
57 22 0
GraphDataEnd
GraphEnd
NodeEnd
NodeStart
EPTNodeID: 13
AnchorID: 10748
TreeNodeGraphID: 36
Level: 1
SimplifiedLevel: 0
EditOperation: 0 0 0 7 5
AccumulatedOpsCount: 1
AccumulatedOp: 0 0 0 7 5
ChildrenCount: 2
ChildIndices: 14 16
CompletedDBGraphIDsCount: 0
GraphStart
GraphDataStart
ID: 36
NumNodes: 58
NumEdges: 122
NodeLabels
5 6 2 2 2 2 3 4 4 4 4 4 4 4 4 4 4 4 4 4 4 4 4 4 4 4 4 4 4 4 4 4 5 5 5 5 5 5 5 5 5 5 5 5 5 5 5 5 5 5 5 5 5 5 5 5 5 5 
Edges
0 27 0
1 15 0
1 19 0
2 14 0
3 21 0
3 25 0
4 21 0
5 23 0
5 26 0
6 9 0
6 16 0
6 39 0
7 8 0
7 12 0
7 15 0
7 32 0
8 7 0
8 9 0
8 14 0
9 6 0
9 8 0
9 10 0
10 9 0
10 11 0
10 33 0
10 34 0
11 10 0
11 13 0
11 35 0
11 36 0
12 7 0
12 16 0
12 21 0
13 11 0
13 14 0
13 37 0
13 38 0
14 2 0
14 8 0
14 13 0
15 1 0
15 7 0
15 17 0
16 6 0
16 12 0
16 20 0
17 15 0
17 18 0
17 40 0
18 17 0
18 19 0
18 23 0
19 1 0
19 18 0
19 22 0
20 16 0
20 41 0
20 42 0
20 43 0
21 3 0
21 4 0
21 12 0
22 19 0
22 24 0
22 44 0
22 45 0
23 5 0
23 18 0
23 46 0
23 47 0
24 22 0
24 48 0
24 49 0
24 50 0
25 3 0
25 51 0
25 52 0
25 53 0
26 5 0
26 27 0
26 28 0
27 0 0
27 26 0
27 29 0
28 26 0
28 30 0
28 54 0
29 27 0
29 31 0
29 55 0
30 28 0
30 31 0
30 56 0
31 29 0
31 30 0
31 57 0
32 7 0
33 10 0
34 10 0
35 11 0
36 11 0
37 13 0
38 13 0
39 6 0
40 17 0
41 20 0
42 20 0
43 20 0
44 22 0
45 22 0
46 23 0
47 23 0
48 24 0
49 24 0
50 24 0
51 25 0
52 25 0
53 25 0
54 28 0
55 29 0
56 30 0
57 31 0
GraphDataEnd
GraphEnd
NodeEnd
NodeStart
EPTNodeID: 14
AnchorID: 10748
TreeNodeGraphID: 37
Level: 2
SimplifiedLevel: 0
EditOperation: 0 57 0 5 8
AccumulatedOpsCount: 1
AccumulatedOp: 0 57 0 5 8
ChildrenCount: 1
ChildIndices: 15
CompletedDBGraphIDsCount: 2
CompletedDBGraphID: 13591
CompletedDBGraphID: 20813
GraphStart
GraphDataStart
ID: 37
NumNodes: 58
NumEdges: 122
NodeLabels
5 6 2 2 2 2 3 4 4 4 4 4 4 4 4 4 4 4 4 4 4 4 4 4 4 4 4 4 4 4 4 4 5 5 5 5 5 5 5 5 5 5 5 5 5 5 5 5 5 5 5 5 5 5 5 5 5 8 
Edges
0 27 0
1 15 0
1 19 0
2 14 0
3 21 0
3 25 0
4 21 0
5 23 0
5 26 0
6 9 0
6 16 0
6 39 0
7 8 0
7 12 0
7 15 0
7 32 0
8 7 0
8 9 0
8 14 0
9 6 0
9 8 0
9 10 0
10 9 0
10 11 0
10 33 0
10 34 0
11 10 0
11 13 0
11 35 0
11 36 0
12 7 0
12 16 0
12 21 0
13 11 0
13 14 0
13 37 0
13 38 0
14 2 0
14 8 0
14 13 0
15 1 0
15 7 0
15 17 0
16 6 0
16 12 0
16 20 0
17 15 0
17 18 0
17 40 0
18 17 0
18 19 0
18 23 0
19 1 0
19 18 0
19 22 0
20 16 0
20 41 0
20 42 0
20 43 0
21 3 0
21 4 0
21 12 0
22 19 0
22 24 0
22 44 0
22 45 0
23 5 0
23 18 0
23 46 0
23 47 0
24 22 0
24 48 0
24 49 0
24 50 0
25 3 0
25 51 0
25 52 0
25 53 0
26 5 0
26 27 0
26 28 0
27 0 0
27 26 0
27 29 0
28 26 0
28 30 0
28 54 0
29 27 0
29 31 0
29 55 0
30 28 0
30 31 0
30 56 0
31 29 0
31 30 0
31 57 0
32 7 0
33 10 0
34 10 0
35 11 0
36 11 0
37 13 0
38 13 0
39 6 0
40 17 0
41 20 0
42 20 0
43 20 0
44 22 0
45 22 0
46 23 0
47 23 0
48 24 0
49 24 0
50 24 0
51 25 0
52 25 0
53 25 0
54 28 0
55 29 0
56 30 0
57 31 0
GraphDataEnd
GraphEnd
NodeEnd
NodeStart
EPTNodeID: 15
AnchorID: 10748
TreeNodeGraphID: 44
Level: 9
SimplifiedLevel: 0
EditOperation: 1 50 0 5 0
AccumulatedOpsCount: 7
AccumulatedOp: 0 24 0 4 5
AccumulatedOp: 4 24 48 0 0
AccumulatedOp: 1 48 0 5 0
AccumulatedOp: 4 24 49 0 0
AccumulatedOp: 1 49 0 5 0
AccumulatedOp: 4 24 50 0 0
AccumulatedOp: 1 50 0 5 0
ChildrenCount: 0
ChildIndices:
CompletedDBGraphIDsCount: 2
CompletedDBGraphID: 13830
CompletedDBGraphID: 11713
GraphStart
GraphDataStart
ID: 44
NumNodes: 55
NumEdges: 116
NodeLabels
5 6 2 2 2 2 3 4 4 4 4 4 4 4 4 4 4 4 4 4 4 4 4 4 5 4 4 4 4 4 4 4 5 5 5 5 5 5 5 5 5 5 5 5 5 5 5 5 5 5 5 5 5 5 8 
Edges
0 27 0
1 15 0
1 19 0
2 14 0
3 21 0
3 25 0
4 21 0
5 23 0
5 26 0
6 9 0
6 16 0
6 39 0
7 8 0
7 12 0
7 15 0
7 32 0
8 7 0
8 9 0
8 14 0
9 6 0
9 8 0
9 10 0
10 9 0
10 11 0
10 33 0
10 34 0
11 10 0
11 13 0
11 35 0
11 36 0
12 7 0
12 16 0
12 21 0
13 11 0
13 14 0
13 37 0
13 38 0
14 2 0
14 8 0
14 13 0
15 1 0
15 7 0
15 17 0
16 6 0
16 12 0
16 20 0
17 15 0
17 18 0
17 40 0
18 17 0
18 19 0
18 23 0
19 1 0
19 18 0
19 22 0
20 16 0
20 41 0
20 42 0
20 43 0
21 3 0
21 4 0
21 12 0
22 19 0
22 24 0
22 44 0
22 45 0
23 5 0
23 18 0
23 46 0
23 47 0
24 22 0
25 3 0
25 48 0
25 49 0
25 50 0
26 5 0
26 27 0
26 28 0
27 0 0
27 26 0
27 29 0
28 26 0
28 30 0
28 51 0
29 27 0
29 31 0
29 52 0
30 28 0
30 31 0
30 53 0
31 29 0
31 30 0
31 54 0
32 7 0
33 10 0
34 10 0
35 11 0
36 11 0
37 13 0
38 13 0
39 6 0
40 17 0
41 20 0
42 20 0
43 20 0
44 22 0
45 22 0
46 23 0
47 23 0
48 25 0
49 25 0
50 25 0
51 28 0
52 29 0
53 30 0
54 31 0
GraphDataEnd
GraphEnd
NodeEnd
NodeStart
EPTNodeID: 16
AnchorID: 10748
TreeNodeGraphID: 52
Level: 9
SimplifiedLevel: 0
EditOperation: 1 49 0 5 0
AccumulatedOpsCount: 8
AccumulatedOp: 0 24 0 4 5
AccumulatedOp: 4 24 48 0 0
AccumulatedOp: 1 48 0 5 0
AccumulatedOp: 4 24 50 0 0
AccumulatedOp: 1 50 0 5 0
AccumulatedOp: 0 57 0 5 7
AccumulatedOp: 4 24 49 0 0
AccumulatedOp: 1 49 0 5 0
ChildrenCount: 0
ChildIndices:
CompletedDBGraphIDsCount: 2
CompletedDBGraphID: 8068
CompletedDBGraphID: 8460
GraphStart
GraphDataStart
ID: 52
NumNodes: 55
NumEdges: 116
NodeLabels
5 6 2 2 2 2 3 4 4 4 4 4 4 4 4 4 4 4 4 4 4 4 4 4 5 4 4 4 4 4 4 4 5 5 5 5 5 5 5 5 5 5 5 5 5 5 5 5 5 5 5 5 5 5 7 
Edges
0 27 0
1 15 0
1 19 0
2 14 0
3 21 0
3 25 0
4 21 0
5 23 0
5 26 0
6 9 0
6 16 0
6 39 0
7 8 0
7 12 0
7 15 0
7 32 0
8 7 0
8 9 0
8 14 0
9 6 0
9 8 0
9 10 0
10 9 0
10 11 0
10 33 0
10 34 0
11 10 0
11 13 0
11 35 0
11 36 0
12 7 0
12 16 0
12 21 0
13 11 0
13 14 0
13 37 0
13 38 0
14 2 0
14 8 0
14 13 0
15 1 0
15 7 0
15 17 0
16 6 0
16 12 0
16 20 0
17 15 0
17 18 0
17 40 0
18 17 0
18 19 0
18 23 0
19 1 0
19 18 0
19 22 0
20 16 0
20 41 0
20 42 0
20 43 0
21 3 0
21 4 0
21 12 0
22 19 0
22 24 0
22 44 0
22 45 0
23 5 0
23 18 0
23 46 0
23 47 0
24 22 0
25 3 0
25 48 0
25 49 0
25 50 0
26 5 0
26 27 0
26 28 0
27 0 0
27 26 0
27 29 0
28 26 0
28 30 0
28 51 0
29 27 0
29 31 0
29 52 0
30 28 0
30 31 0
30 53 0
31 29 0
31 30 0
31 54 0
32 7 0
33 10 0
34 10 0
35 11 0
36 11 0
37 13 0
38 13 0
39 6 0
40 17 0
41 20 0
42 20 0
43 20 0
44 22 0
45 22 0
46 23 0
47 23 0
48 25 0
49 25 0
50 25 0
51 28 0
52 29 0
53 30 0
54 31 0
GraphDataEnd
GraphEnd
NodeEnd
NodeStart
EPTNodeID: 17
AnchorID: 10748
TreeNodeGraphID: 59
Level: 7
SimplifiedLevel: 0
EditOperation: 1 50 0 5 0
AccumulatedOpsCount: 7
AccumulatedOp: 4 24 48 0 0
AccumulatedOp: 0 24 0 4 5
AccumulatedOp: 1 48 0 5 0
AccumulatedOp: 4 24 49 0 0
AccumulatedOp: 1 49 0 5 0
AccumulatedOp: 4 24 50 0 0
AccumulatedOp: 1 50 0 5 0
ChildrenCount: 2
ChildIndices: 18 19
CompletedDBGraphIDsCount: 0
GraphStart
GraphDataStart
ID: 59
NumNodes: 55
NumEdges: 116
NodeLabels
7 6 2 2 2 2 3 4 4 4 4 4 4 4 4 4 4 4 4 4 4 4 4 4 5 4 4 4 4 4 4 4 5 5 5 5 5 5 5 5 5 5 5 5 5 5 5 5 5 5 5 5 5 5 5 
Edges
0 27 0
1 15 0
1 19 0
2 14 0
3 21 0
3 25 0
4 21 0
5 23 0
5 26 0
6 9 0
6 16 0
6 39 0
7 8 0
7 12 0
7 15 0
7 32 0
8 7 0
8 9 0
8 14 0
9 6 0
9 8 0
9 10 0
10 9 0
10 11 0
10 33 0
10 34 0
11 10 0
11 13 0
11 35 0
11 36 0
12 7 0
12 16 0
12 21 0
13 11 0
13 14 0
13 37 0
13 38 0
14 2 0
14 8 0
14 13 0
15 1 0
15 7 0
15 17 0
16 6 0
16 12 0
16 20 0
17 15 0
17 18 0
17 40 0
18 17 0
18 19 0
18 23 0
19 1 0
19 18 0
19 22 0
20 16 0
20 41 0
20 42 0
20 43 0
21 3 0
21 4 0
21 12 0
22 19 0
22 24 0
22 44 0
22 45 0
23 5 0
23 18 0
23 46 0
23 47 0
24 22 0
25 3 0
25 48 0
25 49 0
25 50 0
26 5 0
26 27 0
26 28 0
27 0 0
27 26 0
27 29 0
28 26 0
28 30 0
28 51 0
29 27 0
29 31 0
29 52 0
30 28 0
30 31 0
30 53 0
31 29 0
31 30 0
31 54 0
32 7 0
33 10 0
34 10 0
35 11 0
36 11 0
37 13 0
38 13 0
39 6 0
40 17 0
41 20 0
42 20 0
43 20 0
44 22 0
45 22 0
46 23 0
47 23 0
48 25 0
49 25 0
50 25 0
51 28 0
52 29 0
53 30 0
54 31 0
GraphDataEnd
GraphEnd
NodeEnd
NodeStart
EPTNodeID: 18
AnchorID: 10748
TreeNodeGraphID: 60
Level: 8
SimplifiedLevel: 0
EditOperation: 0 0 0 7 8
AccumulatedOpsCount: 1
AccumulatedOp: 0 0 0 7 8
ChildrenCount: 0
ChildIndices:
CompletedDBGraphIDsCount: 2
CompletedDBGraphID: 2766
CompletedDBGraphID: 18514
GraphStart
GraphDataStart
ID: 60
NumNodes: 55
NumEdges: 116
NodeLabels
8 6 2 2 2 2 3 4 4 4 4 4 4 4 4 4 4 4 4 4 4 4 4 4 5 4 4 4 4 4 4 4 5 5 5 5 5 5 5 5 5 5 5 5 5 5 5 5 5 5 5 5 5 5 5 
Edges
0 27 0
1 15 0
1 19 0
2 14 0
3 21 0
3 25 0
4 21 0
5 23 0
5 26 0
6 9 0
6 16 0
6 39 0
7 8 0
7 12 0
7 15 0
7 32 0
8 7 0
8 9 0
8 14 0
9 6 0
9 8 0
9 10 0
10 9 0
10 11 0
10 33 0
10 34 0
11 10 0
11 13 0
11 35 0
11 36 0
12 7 0
12 16 0
12 21 0
13 11 0
13 14 0
13 37 0
13 38 0
14 2 0
14 8 0
14 13 0
15 1 0
15 7 0
15 17 0
16 6 0
16 12 0
16 20 0
17 15 0
17 18 0
17 40 0
18 17 0
18 19 0
18 23 0
19 1 0
19 18 0
19 22 0
20 16 0
20 41 0
20 42 0
20 43 0
21 3 0
21 4 0
21 12 0
22 19 0
22 24 0
22 44 0
22 45 0
23 5 0
23 18 0
23 46 0
23 47 0
24 22 0
25 3 0
25 48 0
25 49 0
25 50 0
26 5 0
26 27 0
26 28 0
27 0 0
27 26 0
27 29 0
28 26 0
28 30 0
28 51 0
29 27 0
29 31 0
29 52 0
30 28 0
30 31 0
30 53 0
31 29 0
31 30 0
31 54 0
32 7 0
33 10 0
34 10 0
35 11 0
36 11 0
37 13 0
38 13 0
39 6 0
40 17 0
41 20 0
42 20 0
43 20 0
44 22 0
45 22 0
46 23 0
47 23 0
48 25 0
49 25 0
50 25 0
51 28 0
52 29 0
53 30 0
54 31 0
GraphDataEnd
GraphEnd
NodeEnd
NodeStart
EPTNodeID: 19
AnchorID: 10748
TreeNodeGraphID: 61
Level: 8
SimplifiedLevel: 0
EditOperation: 0 57 0 5 1
AccumulatedOpsCount: 1
AccumulatedOp: 0 57 0 5 1
ChildrenCount: 0
ChildIndices:
CompletedDBGraphIDsCount: 2
CompletedDBGraphID: 3369
CompletedDBGraphID: 301
GraphStart
GraphDataStart
ID: 61
NumNodes: 55
NumEdges: 116
NodeLabels
7 6 2 2 2 2 3 4 4 4 4 4 4 4 4 4 4 4 4 4 4 4 4 4 5 4 4 4 4 4 4 4 5 5 5 5 5 5 5 5 5 5 5 5 5 5 5 5 5 5 5 5 5 5 1 
Edges
0 27 0
1 15 0
1 19 0
2 14 0
3 21 0
3 25 0
4 21 0
5 23 0
5 26 0
6 9 0
6 16 0
6 39 0
7 8 0
7 12 0
7 15 0
7 32 0
8 7 0
8 9 0
8 14 0
9 6 0
9 8 0
9 10 0
10 9 0
10 11 0
10 33 0
10 34 0
11 10 0
11 13 0
11 35 0
11 36 0
12 7 0
12 16 0
12 21 0
13 11 0
13 14 0
13 37 0
13 38 0
14 2 0
14 8 0
14 13 0
15 1 0
15 7 0
15 17 0
16 6 0
16 12 0
16 20 0
17 15 0
17 18 0
17 40 0
18 17 0
18 19 0
18 23 0
19 1 0
19 18 0
19 22 0
20 16 0
20 41 0
20 42 0
20 43 0
21 3 0
21 4 0
21 12 0
22 19 0
22 24 0
22 44 0
22 45 0
23 5 0
23 18 0
23 46 0
23 47 0
24 22 0
25 3 0
25 48 0
25 49 0
25 50 0
26 5 0
26 27 0
26 28 0
27 0 0
27 26 0
27 29 0
28 26 0
28 30 0
28 51 0
29 27 0
29 31 0
29 52 0
30 28 0
30 31 0
30 53 0
31 29 0
31 30 0
31 54 0
32 7 0
33 10 0
34 10 0
35 11 0
36 11 0
37 13 0
38 13 0
39 6 0
40 17 0
41 20 0
42 20 0
43 20 0
44 22 0
45 22 0
46 23 0
47 23 0
48 25 0
49 25 0
50 25 0
51 28 0
52 29 0
53 30 0
54 31 0
GraphDataEnd
GraphEnd
NodeEnd
END_EPT
