BEGIN_EPT
AnchorID: 4270  # ID of the anchor node
RootIndex: 0  # Index of the root node in tree_nodes
NodeCount: 5  # Total number of nodes in the EPT
NodeStart
EPTNodeID: 0
AnchorID: 4270
TreeNodeGraphID: 0
Level: 0
SimplifiedLevel: 0
EditOperation: -1 0 -1 0 0
AccumulatedOpsCount: 0
ChildrenCount: 1
ChildIndices: 1
CompletedDBGraphIDsCount: 0
GraphStart
GraphDataStart
ID: 0
NumNodes: 61
NumEdges: 132
NodeLabels
7 2 2 3 3 3 4 4 4 4 4 4 4 4 4 4 4 4 4 4 4 4 4 4 4 4 4 4 4 4 4 4 4 4 4 5 5 5 5 5 5 5 5 5 5 5 5 5 5 5 5 5 5 5 5 5 5 5 5 5 5 
Edges
0 32 0
1 15 0
2 16 0
3 6 0
3 7 0
3 8 0
4 9 0
4 10 0
4 17 0
5 11 0
5 15 0
5 16 0
6 3 0
6 10 0
6 37 0
6 38 0
7 3 0
7 9 0
7 35 0
7 36 0
8 3 0
8 11 0
8 39 0
8 40 0
9 4 0
9 7 0
9 41 0
9 42 0
10 4 0
10 6 0
10 43 0
10 44 0
11 5 0
11 8 0
11 45 0
11 46 0
12 13 0
12 14 0
12 15 0
13 12 0
13 18 0
13 19 0
14 12 0
14 16 0
14 47 0
14 48 0
15 1 0
15 5 0
15 12 0
16 2 0
16 5 0
16 14 0
17 4 0
17 22 0
17 23 0
18 13 0
18 20 0
18 25 0
19 13 0
19 21 0
19 24 0
20 18 0
20 21 0
20 27 0
21 19 0
21 20 0
21 26 0
22 17 0
22 32 0
22 49 0
23 17 0
23 33 0
23 50 0
24 19 0
24 28 0
24 51 0
25 18 0
25 29 0
25 52 0
26 21 0
26 30 0
26 53 0
27 20 0
27 31 0
27 54 0
28 24 0
28 30 0
28 55 0
29 25 0
29 31 0
29 56 0
30 26 0
30 28 0
30 57 0
31 27 0
31 29 0
31 58 0
32 0 0
32 22 0
32 34 0
33 23 0
33 34 0
33 59 0
34 32 0
34 33 0
34 60 0
35 7 0
36 7 0
37 6 0
38 6 0
39 8 0
40 8 0
41 9 0
42 9 0
43 10 0
44 10 0
45 11 0
46 11 0
47 14 0
48 14 0
49 22 0
50 23 0
51 24 0
52 25 0
53 26 0
54 27 0
55 28 0
56 29 0
57 30 0
58 31 0
59 33 0
60 34 0
GraphDataEnd
GraphEnd
NodeEnd
NodeStart
EPTNodeID: 1
AnchorID: 4270
TreeNodeGraphID: 1
Level: 1
SimplifiedLevel: 0
EditOperation: 0 0 0 7 5
AccumulatedOpsCount: 1
AccumulatedOp: 0 0 0 7 5
ChildrenCount: 1
ChildIndices: 2
CompletedDBGraphIDsCount: 1
CompletedDBGraphID: 9198
GraphStart
GraphDataStart
ID: 1
NumNodes: 61
NumEdges: 132
NodeLabels
5 2 2 3 3 3 4 4 4 4 4 4 4 4 4 4 4 4 4 4 4 4 4 4 4 4 4 4 4 4 4 4 4 4 4 5 5 5 5 5 5 5 5 5 5 5 5 5 5 5 5 5 5 5 5 5 5 5 5 5 5 
Edges
0 32 0
1 15 0
2 16 0
3 6 0
3 7 0
3 8 0
4 9 0
4 10 0
4 17 0
5 11 0
5 15 0
5 16 0
6 3 0
6 10 0
6 37 0
6 38 0
7 3 0
7 9 0
7 35 0
7 36 0
8 3 0
8 11 0
8 39 0
8 40 0
9 4 0
9 7 0
9 41 0
9 42 0
10 4 0
10 6 0
10 43 0
10 44 0
11 5 0
11 8 0
11 45 0
11 46 0
12 13 0
12 14 0
12 15 0
13 12 0
13 18 0
13 19 0
14 12 0
14 16 0
14 47 0
14 48 0
15 1 0
15 5 0
15 12 0
16 2 0
16 5 0
16 14 0
17 4 0
17 22 0
17 23 0
18 13 0
18 20 0
18 25 0
19 13 0
19 21 0
19 24 0
20 18 0
20 21 0
20 27 0
21 19 0
21 20 0
21 26 0
22 17 0
22 32 0
22 49 0
23 17 0
23 33 0
23 50 0
24 19 0
24 28 0
24 51 0
25 18 0
25 29 0
25 52 0
26 21 0
26 30 0
26 53 0
27 20 0
27 31 0
27 54 0
28 24 0
28 30 0
28 55 0
29 25 0
29 31 0
29 56 0
30 26 0
30 28 0
30 57 0
31 27 0
31 29 0
31 58 0
32 0 0
32 22 0
32 34 0
33 23 0
33 34 0
33 59 0
34 32 0
34 33 0
34 60 0
35 7 0
36 7 0
37 6 0
38 6 0
39 8 0
40 8 0
41 9 0
42 9 0
43 10 0
44 10 0
45 11 0
46 11 0
47 14 0
48 14 0
49 22 0
50 23 0
51 24 0
52 25 0
53 26 0
54 27 0
55 28 0
56 29 0
57 30 0
58 31 0
59 33 0
60 34 0
GraphDataEnd
GraphEnd
NodeEnd
NodeStart
EPTNodeID: 2
AnchorID: 4270
TreeNodeGraphID: 3
Level: 3
SimplifiedLevel: 0
EditOperation: 2 63 0 0 5
AccumulatedOpsCount: 2
AccumulatedOp: 2 62 0 0 5
AccumulatedOp: 2 63 0 0 5
ChildrenCount: 2
ChildIndices: 3 4
CompletedDBGraphIDsCount: 0
GraphStart
GraphDataStart
ID: 3
NumNodes: 63
NumEdges: 132
NodeLabels
5 2 2 3 3 3 4 4 4 4 4 4 4 4 4 4 4 4 4 4 4 4 4 4 4 4 4 4 4 4 4 4 4 4 4 5 5 5 5 5 5 5 5 5 5 5 5 5 5 5 5 5 5 5 5 5 5 5 5 5 5 5 5 
Edges
0 32 0
1 15 0
2 16 0
3 6 0
3 7 0
3 8 0
4 9 0
4 10 0
4 17 0
5 11 0
5 15 0
5 16 0
6 3 0
6 10 0
6 37 0
6 38 0
7 3 0
7 9 0
7 35 0
7 36 0
8 3 0
8 11 0
8 39 0
8 40 0
9 4 0
9 7 0
9 41 0
9 42 0
10 4 0
10 6 0
10 43 0
10 44 0
11 5 0
11 8 0
11 45 0
11 46 0
12 13 0
12 14 0
12 15 0
13 12 0
13 18 0
13 19 0
14 12 0
14 16 0
14 47 0
14 48 0
15 1 0
15 5 0
15 12 0
16 2 0
16 5 0
16 14 0
17 4 0
17 22 0
17 23 0
18 13 0
18 20 0
18 25 0
19 13 0
19 21 0
19 24 0
20 18 0
20 21 0
20 27 0
21 19 0
21 20 0
21 26 0
22 17 0
22 32 0
22 49 0
23 17 0
23 33 0
23 50 0
24 19 0
24 28 0
24 51 0
25 18 0
25 29 0
25 52 0
26 21 0
26 30 0
26 53 0
27 20 0
27 31 0
27 54 0
28 24 0
28 30 0
28 55 0
29 25 0
29 31 0
29 56 0
30 26 0
30 28 0
30 57 0
31 27 0
31 29 0
31 58 0
32 0 0
32 22 0
32 34 0
33 23 0
33 34 0
33 59 0
34 32 0
34 33 0
34 60 0
35 7 0
36 7 0
37 6 0
38 6 0
39 8 0
40 8 0
41 9 0
42 9 0
43 10 0
44 10 0
45 11 0
46 11 0
47 14 0
48 14 0
49 22 0
50 23 0
51 24 0
52 25 0
53 26 0
54 27 0
55 28 0
56 29 0
57 30 0
58 31 0
59 33 0
60 34 0
GraphDataEnd
GraphEnd
NodeEnd
NodeStart
EPTNodeID: 3
AnchorID: 4270
TreeNodeGraphID: 8
Level: 8
SimplifiedLevel: 0
EditOperation: 5 50 63 0 0
AccumulatedOpsCount: 5
AccumulatedOp: 2 61 0 0 5
AccumulatedOp: 0 50 0 5 4
AccumulatedOp: 5 50 61 0 0
AccumulatedOp: 5 50 62 0 0
AccumulatedOp: 5 50 63 0 0
ChildrenCount: 0
ChildIndices:
CompletedDBGraphIDsCount: 1
CompletedDBGraphID: 20921
GraphStart
GraphDataStart
ID: 8
NumNodes: 64
NumEdges: 138
NodeLabels
5 2 2 3 3 3 4 4 4 4 4 4 4 4 4 4 4 4 4 4 4 4 4 4 4 4 4 4 4 4 4 4 4 4 4 5 5 5 5 5 5 5 5 5 5 5 5 5 5 5 4 5 5 5 5 5 5 5 5 5 5 5 5 5 
Edges
0 32 0
1 15 0
2 16 0
3 6 0
3 7 0
3 8 0
4 9 0
4 10 0
4 17 0
5 11 0
5 15 0
5 16 0
6 3 0
6 10 0
6 37 0
6 38 0
7 3 0
7 9 0
7 35 0
7 36 0
8 3 0
8 11 0
8 39 0
8 40 0
9 4 0
9 7 0
9 41 0
9 42 0
10 4 0
10 6 0
10 43 0
10 44 0
11 5 0
11 8 0
11 45 0
11 46 0
12 13 0
12 14 0
12 15 0
13 12 0
13 18 0
13 19 0
14 12 0
14 16 0
14 47 0
14 48 0
15 1 0
15 5 0
15 12 0
16 2 0
16 5 0
16 14 0
17 4 0
17 22 0
17 23 0
18 13 0
18 20 0
18 25 0
19 13 0
19 21 0
19 24 0
20 18 0
20 21 0
20 27 0
21 19 0
21 20 0
21 26 0
22 17 0
22 32 0
22 49 0
23 17 0
23 33 0
23 50 0
24 19 0
24 28 0
24 51 0
25 18 0
25 29 0
25 52 0
26 21 0
26 30 0
26 53 0
27 20 0
27 31 0
27 54 0
28 24 0
28 30 0
28 55 0
29 25 0
29 31 0
29 56 0
30 26 0
30 28 0
30 57 0
31 27 0
31 29 0
31 58 0
32 0 0
32 22 0
32 34 0
33 23 0
33 34 0
33 59 0
34 32 0
34 33 0
34 60 0
35 7 0
36 7 0
37 6 0
38 6 0
39 8 0
40 8 0
41 9 0
42 9 0
43 10 0
44 10 0
45 11 0
46 11 0
47 14 0
48 14 0
49 22 0
50 23 0
50 61 0
50 62 0
50 63 0
51 24 0
52 25 0
53 26 0
54 27 0
55 28 0
56 29 0
57 30 0
58 31 0
59 33 0
60 34 0
61 50 0
62 50 0
63 50 0
GraphDataEnd
GraphEnd
NodeEnd
NodeStart
EPTNodeID: 4
AnchorID: 4270
TreeNodeGraphID: 15
Level: 10
SimplifiedLevel: 0
EditOperation: 5 61 64 0 0
AccumulatedOpsCount: 7
AccumulatedOp: 2 61 0 0 4
AccumulatedOp: 0 50 0 5 2
AccumulatedOp: 5 61 62 0 0
AccumulatedOp: 2 64 0 0 5
AccumulatedOp: 5 50 61 0 0
AccumulatedOp: 5 61 63 0 0
AccumulatedOp: 5 61 64 0 0
ChildrenCount: 0
ChildIndices:
CompletedDBGraphIDsCount: 1
CompletedDBGraphID: 17926
GraphStart
GraphDataStart
ID: 15
NumNodes: 65
NumEdges: 140
NodeLabels
5 2 2 3 3 3 4 4 4 4 4 4 4 4 4 4 4 4 4 4 4 4 4 4 4 4 4 4 4 4 4 4 4 4 4 5 5 5 5 5 5 5 5 5 5 5 5 5 5 5 2 5 5 5 5 5 5 5 5 5 5 4 5 5 5 
Edges
0 32 0
1 15 0
2 16 0
3 6 0
3 7 0
3 8 0
4 9 0
4 10 0
4 17 0
5 11 0
5 15 0
5 16 0
6 3 0
6 10 0
6 37 0
6 38 0
7 3 0
7 9 0
7 35 0
7 36 0
8 3 0
8 11 0
8 39 0
8 40 0
9 4 0
9 7 0
9 41 0
9 42 0
10 4 0
10 6 0
10 43 0
10 44 0
11 5 0
11 8 0
11 45 0
11 46 0
12 13 0
12 14 0
12 15 0
13 12 0
13 18 0
13 19 0
14 12 0
14 16 0
14 47 0
14 48 0
15 1 0
15 5 0
15 12 0
16 2 0
16 5 0
16 14 0
17 4 0
17 22 0
17 23 0
18 13 0
18 20 0
18 25 0
19 13 0
19 21 0
19 24 0
20 18 0
20 21 0
20 27 0
21 19 0
21 20 0
21 26 0
22 17 0
22 32 0
22 49 0
23 17 0
23 33 0
23 50 0
24 19 0
24 28 0
24 51 0
25 18 0
25 29 0
25 52 0
26 21 0
26 30 0
26 53 0
27 20 0
27 31 0
27 54 0
28 24 0
28 30 0
28 55 0
29 25 0
29 31 0
29 56 0
30 26 0
30 28 0
30 57 0
31 27 0
31 29 0
31 58 0
32 0 0
32 22 0
32 34 0
33 23 0
33 34 0
33 59 0
34 32 0
34 33 0
34 60 0
35 7 0
36 7 0
37 6 0
38 6 0
39 8 0
40 8 0
41 9 0
42 9 0
43 10 0
44 10 0
45 11 0
46 11 0
47 14 0
48 14 0
49 22 0
50 23 0
50 61 0
51 24 0
52 25 0
53 26 0
54 27 0
55 28 0
56 29 0
57 30 0
58 31 0
59 33 0
60 34 0
61 62 0
61 50 0
61 63 0
61 64 0
62 61 0
63 61 0
64 61 0
GraphDataEnd
GraphEnd
NodeEnd
END_EPT
