BEGIN_EPT
AnchorID: 3913  # ID of the anchor node
RootIndex: 0  # Index of the root node in tree_nodes
NodeCount: 2  # Total number of nodes in the EPT
NodeStart
EPTNodeID: 0
AnchorID: 3913
TreeNodeGraphID: 0
Level: 0
SimplifiedLevel: 0
EditOperation: -1 0 -1 0 0
AccumulatedOpsCount: 0
ChildrenCount: 1
ChildIndices: 1
CompletedDBGraphIDsCount: 0
GraphStart
GraphDataStart
ID: 0
NumNodes: 65
NumEdges: 134
NodeLabels
6 6 2 2 2 2 2 2 3 3 3 4 4 4 4 4 4 4 4 4 4 4 4 4 4 4 4 4 4 4 4 4 4 4 4 4 5 5 5 5 5 5 5 5 5 5 5 5 5 5 5 5 5 5 5 5 5 5 5 5 5 5 5 5 5 
Edges
0 2 0
0 3 0
0 8 0
0 13 0
1 6 0
1 7 0
1 10 0
1 34 0
2 0 0
3 0 0
4 14 0
4 33 0
5 15 0
6 1 0
7 1 0
8 0 0
8 11 0
8 12 0
9 15 0
9 19 0
9 41 0
10 1 0
10 20 0
10 31 0
11 8 0
11 15 0
11 36 0
11 37 0
12 8 0
12 14 0
12 16 0
13 0 0
13 17 0
13 18 0
14 4 0
14 12 0
14 23 0
15 5 0
15 9 0
15 11 0
16 12 0
16 26 0
16 38 0
17 13 0
17 24 0
17 39 0
18 13 0
18 25 0
18 40 0
19 9 0
19 21 0
19 28 0
20 10 0
20 21 0
20 29 0
21 19 0
21 20 0
21 42 0
22 24 0
22 25 0
22 32 0
23 14 0
23 27 0
23 43 0
24 17 0
24 22 0
24 44 0
25 18 0
25 22 0
25 45 0
26 16 0
26 27 0
26 46 0
27 23 0
27 26 0
27 47 0
28 19 0
28 30 0
28 48 0
29 20 0
29 30 0
29 49 0
30 28 0
30 29 0
30 50 0
31 10 0
31 51 0
31 52 0
31 53 0
32 22 0
32 54 0
32 55 0
32 56 0
33 4 0
33 35 0
33 57 0
33 58 0
34 1 0
34 59 0
34 60 0
34 61 0
35 33 0
35 62 0
35 63 0
35 64 0
36 11 0
37 11 0
38 16 0
39 17 0
40 18 0
41 9 0
42 21 0
43 23 0
44 24 0
45 25 0
46 26 0
47 27 0
48 28 0
49 29 0
50 30 0
51 31 0
52 31 0
53 31 0
54 32 0
55 32 0
56 32 0
57 33 0
58 33 0
59 34 0
60 34 0
61 34 0
62 35 0
63 35 0
64 35 0
GraphDataEnd
GraphEnd
NodeEnd
NodeStart
EPTNodeID: 1
AnchorID: 3913
TreeNodeGraphID: 7
Level: 7
SimplifiedLevel: 0
EditOperation: 5 27 33 0 0
AccumulatedOpsCount: 7
AccumulatedOp: 0 4 0 2 5
AccumulatedOp: 4 33 35 0 0
AccumulatedOp: 4 4 14 0 0
AccumulatedOp: 5 14 35 0 0
AccumulatedOp: 4 27 47 0 0
AccumulatedOp: 1 47 0 5 0
AccumulatedOp: 5 27 33 0 0
ChildrenCount: 0
ChildIndices:
CompletedDBGraphIDsCount: 1
CompletedDBGraphID: 93
GraphStart
GraphDataStart
ID: 7
NumNodes: 64
NumEdges: 132
NodeLabels
6 6 2 2 5 2 2 2 3 3 3 4 4 4 4 4 4 4 4 4 4 4 4 4 4 4 4 4 4 4 4 4 4 4 4 4 5 5 5 5 5 5 5 5 5 5 5 5 5 5 5 5 5 5 5 5 5 5 5 5 5 5 5 5 
Edges
0 2 0
0 3 0
0 8 0
0 13 0
1 6 0
1 7 0
1 10 0
1 34 0
2 0 0
3 0 0
4 33 0
5 15 0
6 1 0
7 1 0
8 0 0
8 11 0
8 12 0
9 15 0
9 19 0
9 41 0
10 1 0
10 20 0
10 31 0
11 8 0
11 15 0
11 36 0
11 37 0
12 8 0
12 14 0
12 16 0
13 0 0
13 17 0
13 18 0
14 12 0
14 23 0
14 35 0
15 5 0
15 9 0
15 11 0
16 12 0
16 26 0
16 38 0
17 13 0
17 24 0
17 39 0
18 13 0
18 25 0
18 40 0
19 9 0
19 21 0
19 28 0
20 10 0
20 21 0
20 29 0
21 19 0
21 20 0
21 42 0
22 24 0
22 25 0
22 32 0
23 14 0
23 27 0
23 43 0
24 17 0
24 22 0
24 44 0
25 18 0
25 22 0
25 45 0
26 16 0
26 27 0
26 46 0
27 23 0
27 26 0
27 33 0
28 19 0
28 30 0
28 47 0
29 20 0
29 30 0
29 48 0
30 28 0
30 29 0
30 49 0
31 10 0
31 50 0
31 51 0
31 52 0
32 22 0
32 53 0
32 54 0
32 55 0
33 4 0
33 56 0
33 57 0
33 27 0
34 1 0
34 58 0
34 59 0
34 60 0
35 61 0
35 62 0
35 63 0
35 14 0
36 11 0
37 11 0
38 16 0
39 17 0
40 18 0
41 9 0
42 21 0
43 23 0
44 24 0
45 25 0
46 26 0
47 28 0
48 29 0
49 30 0
50 31 0
51 31 0
52 31 0
53 32 0
54 32 0
55 32 0
56 33 0
57 33 0
58 34 0
59 34 0
60 34 0
61 35 0
62 35 0
63 35 0
GraphDataEnd
GraphEnd
NodeEnd
END_EPT
