BEGIN_EPT
AnchorID: 11773  # ID of the anchor node
RootIndex: 0  # Index of the root node in tree_nodes
NodeCount: 2  # Total number of nodes in the EPT
NodeStart
EPTNodeID: 0
AnchorID: 11773
TreeNodeGraphID: 0
Level: 0
SimplifiedLevel: 0
EditOperation: -1 0 -1 0 0
AccumulatedOpsCount: 0
ChildrenCount: 1
ChildIndices: 1
CompletedDBGraphIDsCount: 0
GraphStart
GraphDataStart
ID: 0
NumNodes: 69
NumEdges: 146
NodeLabels
6 6 1 1 2 2 2 2 3 3 3 3 4 4 4 4 4 4 4 4 4 4 4 4 4 4 4 4 4 4 4 4 4 4 4 4 4 4 4 5 5 5 5 5 5 5 5 5 5 5 5 5 5 5 5 5 5 5 5 5 5 5 5 5 5 5 5 5 5 
Edges
0 4 0
0 5 0
0 8 0
0 20 0
1 6 0
1 7 0
1 9 0
1 21 0
2 37 0
3 38 0
4 0 0
5 0 0
6 1 0
7 1 0
8 0 0
8 12 0
8 13 0
9 1 0
9 14 0
9 15 0
10 16 0
10 17 0
10 24 0
11 18 0
11 19 0
11 25 0
12 8 0
12 16 0
12 41 0
12 42 0
13 8 0
13 17 0
13 39 0
13 40 0
14 9 0
14 18 0
14 45 0
14 46 0
15 9 0
15 19 0
15 43 0
15 44 0
16 10 0
16 12 0
16 49 0
16 50 0
17 10 0
17 13 0
17 47 0
17 48 0
18 11 0
18 14 0
18 53 0
18 54 0
19 11 0
19 15 0
19 51 0
19 52 0
20 0 0
20 22 0
20 23 0
21 1 0
21 22 0
21 26 0
22 20 0
22 21 0
22 55 0
23 20 0
23 27 0
23 28 0
24 10 0
24 29 0
24 30 0
25 11 0
25 31 0
25 32 0
26 21 0
26 27 0
26 56 0
27 23 0
27 26 0
27 57 0
28 23 0
28 58 0
28 59 0
28 60 0
29 24 0
29 33 0
29 61 0
30 24 0
30 34 0
30 62 0
31 25 0
31 35 0
31 63 0
32 25 0
32 36 0
32 64 0
33 29 0
33 37 0
33 65 0
34 30 0
34 37 0
34 66 0
35 31 0
35 38 0
35 67 0
36 32 0
36 38 0
36 68 0
37 2 0
37 33 0
37 34 0
38 3 0
38 35 0
38 36 0
39 13 0
40 13 0
41 12 0
42 12 0
43 15 0
44 15 0
45 14 0
46 14 0
47 17 0
48 17 0
49 16 0
50 16 0
51 19 0
52 19 0
53 18 0
54 18 0
55 22 0
56 26 0
57 27 0
58 28 0
59 28 0
60 28 0
61 29 0
62 30 0
63 31 0
64 32 0
65 33 0
66 34 0
67 35 0
68 36 0
GraphDataEnd
GraphEnd
NodeEnd
NodeStart
EPTNodeID: 1
AnchorID: 11773
TreeNodeGraphID: 2
Level: 2
SimplifiedLevel: 0
EditOperation: 0 3 0 1 5
AccumulatedOpsCount: 2
AccumulatedOp: 0 2 0 1 5
AccumulatedOp: 0 3 0 1 5
ChildrenCount: 0
ChildIndices:
CompletedDBGraphIDsCount: 1
CompletedDBGraphID: 12608
GraphStart
GraphDataStart
ID: 2
NumNodes: 69
NumEdges: 146
NodeLabels
6 6 5 5 2 2 2 2 3 3 3 3 4 4 4 4 4 4 4 4 4 4 4 4 4 4 4 4 4 4 4 4 4 4 4 4 4 4 4 5 5 5 5 5 5 5 5 5 5 5 5 5 5 5 5 5 5 5 5 5 5 5 5 5 5 5 5 5 5 
Edges
0 4 0
0 5 0
0 8 0
0 20 0
1 6 0
1 7 0
1 9 0
1 21 0
2 37 0
3 38 0
4 0 0
5 0 0
6 1 0
7 1 0
8 0 0
8 12 0
8 13 0
9 1 0
9 14 0
9 15 0
10 16 0
10 17 0
10 24 0
11 18 0
11 19 0
11 25 0
12 8 0
12 16 0
12 41 0
12 42 0
13 8 0
13 17 0
13 39 0
13 40 0
14 9 0
14 18 0
14 45 0
14 46 0
15 9 0
15 19 0
15 43 0
15 44 0
16 10 0
16 12 0
16 49 0
16 50 0
17 10 0
17 13 0
17 47 0
17 48 0
18 11 0
18 14 0
18 53 0
18 54 0
19 11 0
19 15 0
19 51 0
19 52 0
20 0 0
20 22 0
20 23 0
21 1 0
21 22 0
21 26 0
22 20 0
22 21 0
22 55 0
23 20 0
23 27 0
23 28 0
24 10 0
24 29 0
24 30 0
25 11 0
25 31 0
25 32 0
26 21 0
26 27 0
26 56 0
27 23 0
27 26 0
27 57 0
28 23 0
28 58 0
28 59 0
28 60 0
29 24 0
29 33 0
29 61 0
30 24 0
30 34 0
30 62 0
31 25 0
31 35 0
31 63 0
32 25 0
32 36 0
32 64 0
33 29 0
33 37 0
33 65 0
34 30 0
34 37 0
34 66 0
35 31 0
35 38 0
35 67 0
36 32 0
36 38 0
36 68 0
37 2 0
37 33 0
37 34 0
38 3 0
38 35 0
38 36 0
39 13 0
40 13 0
41 12 0
42 12 0
43 15 0
44 15 0
45 14 0
46 14 0
47 17 0
48 17 0
49 16 0
50 16 0
51 19 0
52 19 0
53 18 0
54 18 0
55 22 0
56 26 0
57 27 0
58 28 0
59 28 0
60 28 0
61 29 0
62 30 0
63 31 0
64 32 0
65 33 0
66 34 0
67 35 0
68 36 0
GraphDataEnd
GraphEnd
NodeEnd
END_EPT
