BEGIN_EPT
AnchorID: 7761  # ID of the anchor node
RootIndex: 0  # Index of the root node in tree_nodes
NodeCount: 45  # Total number of nodes in the EPT
NodeStart
EPTNodeID: 0
AnchorID: 7761
TreeNodeGraphID: 0
Level: 0
SimplifiedLevel: 0
EditOperation: -1 0 -1 0 0
AccumulatedOpsCount: 0
ChildrenCount: 6
ChildIndices: 1 23 31 38 42 43
CompletedDBGraphIDsCount: 1
CompletedDBGraphID: 8413
GraphStart
GraphDataStart
ID: 0
NumNodes: 60
NumEdges: 126
NodeLabels
7 2 2 2 2 3 3 3 3 3 4 4 4 4 4 4 4 4 4 4 4 4 4 4 4 4 4 4 4 4 4 4 5 5 5 5 5 5 5 5 5 5 5 5 5 5 5 5 5 5 5 5 5 5 5 5 5 5 5 5 
Edges
0 31 0
1 20 0
1 55 0
2 23 0
2 26 0
3 21 0
4 22 0
5 10 0
5 11 0
5 16 0
6 16 0
6 17 0
6 18 0
7 16 0
7 19 0
8 19 0
8 22 0
8 24 0
9 21 0
9 22 0
9 25 0
10 5 0
10 12 0
10 32 0
10 33 0
11 5 0
11 13 0
11 34 0
11 35 0
12 10 0
12 15 0
12 36 0
12 37 0
13 11 0
13 14 0
13 38 0
13 39 0
14 13 0
14 15 0
14 42 0
14 43 0
15 12 0
15 14 0
15 40 0
15 41 0
16 5 0
16 6 0
16 7 0
17 6 0
17 19 0
17 21 0
18 6 0
18 20 0
18 44 0
18 45 0
19 7 0
19 8 0
19 17 0
20 1 0
20 18 0
20 23 0
20 46 0
21 3 0
21 9 0
21 17 0
22 4 0
22 8 0
22 9 0
23 2 0
23 20 0
23 47 0
23 48 0
24 8 0
24 49 0
24 50 0
24 51 0
25 9 0
25 52 0
25 53 0
25 54 0
26 2 0
26 27 0
26 28 0
27 26 0
27 29 0
27 56 0
28 26 0
28 30 0
28 57 0
29 27 0
29 31 0
29 58 0
30 28 0
30 31 0
30 59 0
31 0 0
31 29 0
31 30 0
32 10 0
33 10 0
34 11 0
35 11 0
36 12 0
37 12 0
38 13 0
39 13 0
40 15 0
41 15 0
42 14 0
43 14 0
44 18 0
45 18 0
46 20 0
47 23 0
48 23 0
49 24 0
50 24 0
51 24 0
52 25 0
53 25 0
54 25 0
55 1 0
56 27 0
57 28 0
58 29 0
59 30 0
GraphDataEnd
GraphEnd
NodeEnd
NodeStart
EPTNodeID: 1
AnchorID: 7761
TreeNodeGraphID: 1
Level: 1
SimplifiedLevel: 0
EditOperation: 4 13 14 0 0
AccumulatedOpsCount: 1
AccumulatedOp: 4 13 14 0 0
ChildrenCount: 4
ChildIndices: 2 16 17 20
CompletedDBGraphIDsCount: 0
GraphStart
GraphDataStart
ID: 1
NumNodes: 60
NumEdges: 124
NodeLabels
7 2 2 2 2 3 3 3 3 3 4 4 4 4 4 4 4 4 4 4 4 4 4 4 4 4 4 4 4 4 4 4 5 5 5 5 5 5 5 5 5 5 5 5 5 5 5 5 5 5 5 5 5 5 5 5 5 5 5 5 
Edges
0 31 0
1 20 0
1 55 0
2 23 0
2 26 0
3 21 0
4 22 0
5 10 0
5 11 0
5 16 0
6 16 0
6 17 0
6 18 0
7 16 0
7 19 0
8 19 0
8 22 0
8 24 0
9 21 0
9 22 0
9 25 0
10 5 0
10 12 0
10 32 0
10 33 0
11 5 0
11 13 0
11 34 0
11 35 0
12 10 0
12 15 0
12 36 0
12 37 0
13 11 0
13 38 0
13 39 0
14 15 0
14 42 0
14 43 0
15 12 0
15 14 0
15 40 0
15 41 0
16 5 0
16 6 0
16 7 0
17 6 0
17 19 0
17 21 0
18 6 0
18 20 0
18 44 0
18 45 0
19 7 0
19 8 0
19 17 0
20 1 0
20 18 0
20 23 0
20 46 0
21 3 0
21 9 0
21 17 0
22 4 0
22 8 0
22 9 0
23 2 0
23 20 0
23 47 0
23 48 0
24 8 0
24 49 0
24 50 0
24 51 0
25 9 0
25 52 0
25 53 0
25 54 0
26 2 0
26 27 0
26 28 0
27 26 0
27 29 0
27 56 0
28 26 0
28 30 0
28 57 0
29 27 0
29 31 0
29 58 0
30 28 0
30 31 0
30 59 0
31 0 0
31 29 0
31 30 0
32 10 0
33 10 0
34 11 0
35 11 0
36 12 0
37 12 0
38 13 0
39 13 0
40 15 0
41 15 0
42 14 0
43 14 0
44 18 0
45 18 0
46 20 0
47 23 0
48 23 0
49 24 0
50 24 0
51 24 0
52 25 0
53 25 0
54 25 0
55 1 0
56 27 0
57 28 0
58 29 0
59 30 0
GraphDataEnd
GraphEnd
NodeEnd
NodeStart
EPTNodeID: 2
AnchorID: 7761
TreeNodeGraphID: 2
Level: 2
SimplifiedLevel: 0
EditOperation: 4 9 25 0 0
AccumulatedOpsCount: 1
AccumulatedOp: 4 9 25 0 0
ChildrenCount: 5
ChildIndices: 3 11 13 14 15
CompletedDBGraphIDsCount: 0
GraphStart
GraphDataStart
ID: 2
NumNodes: 60
NumEdges: 122
NodeLabels
7 2 2 2 2 3 3 3 3 3 4 4 4 4 4 4 4 4 4 4 4 4 4 4 4 4 4 4 4 4 4 4 5 5 5 5 5 5 5 5 5 5 5 5 5 5 5 5 5 5 5 5 5 5 5 5 5 5 5 5 
Edges
0 31 0
1 20 0
1 55 0
2 23 0
2 26 0
3 21 0
4 22 0
5 10 0
5 11 0
5 16 0
6 16 0
6 17 0
6 18 0
7 16 0
7 19 0
8 19 0
8 22 0
8 24 0
9 21 0
9 22 0
10 5 0
10 12 0
10 32 0
10 33 0
11 5 0
11 13 0
11 34 0
11 35 0
12 10 0
12 15 0
12 36 0
12 37 0
13 11 0
13 38 0
13 39 0
14 15 0
14 42 0
14 43 0
15 12 0
15 14 0
15 40 0
15 41 0
16 5 0
16 6 0
16 7 0
17 6 0
17 19 0
17 21 0
18 6 0
18 20 0
18 44 0
18 45 0
19 7 0
19 8 0
19 17 0
20 1 0
20 18 0
20 23 0
20 46 0
21 3 0
21 9 0
21 17 0
22 4 0
22 8 0
22 9 0
23 2 0
23 20 0
23 47 0
23 48 0
24 8 0
24 49 0
24 50 0
24 51 0
25 52 0
25 53 0
25 54 0
26 2 0
26 27 0
26 28 0
27 26 0
27 29 0
27 56 0
28 26 0
28 30 0
28 57 0
29 27 0
29 31 0
29 58 0
30 28 0
30 31 0
30 59 0
31 0 0
31 29 0
31 30 0
32 10 0
33 10 0
34 11 0
35 11 0
36 12 0
37 12 0
38 13 0
39 13 0
40 15 0
41 15 0
42 14 0
43 14 0
44 18 0
45 18 0
46 20 0
47 23 0
48 23 0
49 24 0
50 24 0
51 24 0
52 25 0
53 25 0
54 25 0
55 1 0
56 27 0
57 28 0
58 29 0
59 30 0
GraphDataEnd
GraphEnd
NodeEnd
NodeStart
EPTNodeID: 3
AnchorID: 7761
TreeNodeGraphID: 3
Level: 3
SimplifiedLevel: 0
EditOperation: 4 12 15 0 0
AccumulatedOpsCount: 1
AccumulatedOp: 4 12 15 0 0
ChildrenCount: 3
ChildIndices: 4 7 10
CompletedDBGraphIDsCount: 0
GraphStart
GraphDataStart
ID: 3
NumNodes: 60
NumEdges: 120
NodeLabels
7 2 2 2 2 3 3 3 3 3 4 4 4 4 4 4 4 4 4 4 4 4 4 4 4 4 4 4 4 4 4 4 5 5 5 5 5 5 5 5 5 5 5 5 5 5 5 5 5 5 5 5 5 5 5 5 5 5 5 5 
Edges
0 31 0
1 20 0
1 55 0
2 23 0
2 26 0
3 21 0
4 22 0
5 10 0
5 11 0
5 16 0
6 16 0
6 17 0
6 18 0
7 16 0
7 19 0
8 19 0
8 22 0
8 24 0
9 21 0
9 22 0
10 5 0
10 12 0
10 32 0
10 33 0
11 5 0
11 13 0
11 34 0
11 35 0
12 10 0
12 36 0
12 37 0
13 11 0
13 38 0
13 39 0
14 15 0
14 42 0
14 43 0
15 14 0
15 40 0
15 41 0
16 5 0
16 6 0
16 7 0
17 6 0
17 19 0
17 21 0
18 6 0
18 20 0
18 44 0
18 45 0
19 7 0
19 8 0
19 17 0
20 1 0
20 18 0
20 23 0
20 46 0
21 3 0
21 9 0
21 17 0
22 4 0
22 8 0
22 9 0
23 2 0
23 20 0
23 47 0
23 48 0
24 8 0
24 49 0
24 50 0
24 51 0
25 52 0
25 53 0
25 54 0
26 2 0
26 27 0
26 28 0
27 26 0
27 29 0
27 56 0
28 26 0
28 30 0
28 57 0
29 27 0
29 31 0
29 58 0
30 28 0
30 31 0
30 59 0
31 0 0
31 29 0
31 30 0
32 10 0
33 10 0
34 11 0
35 11 0
36 12 0
37 12 0
38 13 0
39 13 0
40 15 0
41 15 0
42 14 0
43 14 0
44 18 0
45 18 0
46 20 0
47 23 0
48 23 0
49 24 0
50 24 0
51 24 0
52 25 0
53 25 0
54 25 0
55 1 0
56 27 0
57 28 0
58 29 0
59 30 0
GraphDataEnd
GraphEnd
NodeEnd
NodeStart
EPTNodeID: 4
AnchorID: 7761
TreeNodeGraphID: 11
Level: 11
SimplifiedLevel: 0
EditOperation: 5 9 62 0 0
AccumulatedOpsCount: 8
AccumulatedOp: 2 62 0 0 5
AccumulatedOp: 2 60 0 0 2
AccumulatedOp: 2 61 0 0 3
AccumulatedOp: 5 13 61 0 0
AccumulatedOp: 5 15 61 0 0
AccumulatedOp: 5 14 60 0 0
AccumulatedOp: 5 12 61 0 0
AccumulatedOp: 5 9 62 0 0
ChildrenCount: 2
ChildIndices: 5 6
CompletedDBGraphIDsCount: 0
GraphStart
GraphDataStart
ID: 11
NumNodes: 63
NumEdges: 130
NodeLabels
7 2 2 2 2 3 3 3 3 3 4 4 4 4 4 4 4 4 4 4 4 4 4 4 4 4 4 4 4 4 4 4 5 5 5 5 5 5 5 5 5 5 5 5 5 5 5 5 5 5 5 5 5 5 5 5 5 5 5 5 2 3 5 
Edges
0 31 0
1 20 0
1 55 0
2 23 0
2 26 0
3 21 0
4 22 0
5 10 0
5 11 0
5 16 0
6 16 0
6 17 0
6 18 0
7 16 0
7 19 0
8 19 0
8 22 0
8 24 0
9 21 0
9 22 0
9 62 0
10 5 0
10 12 0
10 32 0
10 33 0
11 5 0
11 13 0
11 34 0
11 35 0
12 10 0
12 36 0
12 37 0
12 61 0
13 11 0
13 38 0
13 39 0
13 61 0
14 15 0
14 42 0
14 43 0
14 60 0
15 14 0
15 40 0
15 41 0
15 61 0
16 5 0
16 6 0
16 7 0
17 6 0
17 19 0
17 21 0
18 6 0
18 20 0
18 44 0
18 45 0
19 7 0
19 8 0
19 17 0
20 1 0
20 18 0
20 23 0
20 46 0
21 3 0
21 9 0
21 17 0
22 4 0
22 8 0
22 9 0
23 2 0
23 20 0
23 47 0
23 48 0
24 8 0
24 49 0
24 50 0
24 51 0
25 52 0
25 53 0
25 54 0
26 2 0
26 27 0
26 28 0
27 26 0
27 29 0
27 56 0
28 26 0
28 30 0
28 57 0
29 27 0
29 31 0
29 58 0
30 28 0
30 31 0
30 59 0
31 0 0
31 29 0
31 30 0
32 10 0
33 10 0
34 11 0
35 11 0
36 12 0
37 12 0
38 13 0
39 13 0
40 15 0
41 15 0
42 14 0
43 14 0
44 18 0
45 18 0
46 20 0
47 23 0
48 23 0
49 24 0
50 24 0
51 24 0
52 25 0
53 25 0
54 25 0
55 1 0
56 27 0
57 28 0
58 29 0
59 30 0
60 14 0
61 13 0
61 15 0
61 12 0
62 9 0
GraphDataEnd
GraphEnd
NodeEnd
NodeStart
EPTNodeID: 5
AnchorID: 7761
TreeNodeGraphID: 15
Level: 15
SimplifiedLevel: 0
EditOperation: 5 0 25 0 0
AccumulatedOpsCount: 4
AccumulatedOp: 0 0 0 7 2
AccumulatedOp: 2 63 0 0 5
AccumulatedOp: 5 60 63 0 0
AccumulatedOp: 5 0 25 0 0
ChildrenCount: 0
ChildIndices:
CompletedDBGraphIDsCount: 2
CompletedDBGraphID: 11546
CompletedDBGraphID: 15853
GraphStart
GraphDataStart
ID: 15
NumNodes: 64
NumEdges: 134
NodeLabels
2 2 2 2 2 3 3 3 3 3 4 4 4 4 4 4 4 4 4 4 4 4 4 4 4 4 4 4 4 4 4 4 5 5 5 5 5 5 5 5 5 5 5 5 5 5 5 5 5 5 5 5 5 5 5 5 5 5 5 5 2 3 5 5 
Edges
0 31 0
0 25 0
1 20 0
1 55 0
2 23 0
2 26 0
3 21 0
4 22 0
5 10 0
5 11 0
5 16 0
6 16 0
6 17 0
6 18 0
7 16 0
7 19 0
8 19 0
8 22 0
8 24 0
9 21 0
9 22 0
9 62 0
10 5 0
10 12 0
10 32 0
10 33 0
11 5 0
11 13 0
11 34 0
11 35 0
12 10 0
12 36 0
12 37 0
12 61 0
13 11 0
13 38 0
13 39 0
13 61 0
14 15 0
14 42 0
14 43 0
14 60 0
15 14 0
15 40 0
15 41 0
15 61 0
16 5 0
16 6 0
16 7 0
17 6 0
17 19 0
17 21 0
18 6 0
18 20 0
18 44 0
18 45 0
19 7 0
19 8 0
19 17 0
20 1 0
20 18 0
20 23 0
20 46 0
21 3 0
21 9 0
21 17 0
22 4 0
22 8 0
22 9 0
23 2 0
23 20 0
23 47 0
23 48 0
24 8 0
24 49 0
24 50 0
24 51 0
25 52 0
25 53 0
25 54 0
25 0 0
26 2 0
26 27 0
26 28 0
27 26 0
27 29 0
27 56 0
28 26 0
28 30 0
28 57 0
29 27 0
29 31 0
29 58 0
30 28 0
30 31 0
30 59 0
31 0 0
31 29 0
31 30 0
32 10 0
33 10 0
34 11 0
35 11 0
36 12 0
37 12 0
38 13 0
39 13 0
40 15 0
41 15 0
42 14 0
43 14 0
44 18 0
45 18 0
46 20 0
47 23 0
48 23 0
49 24 0
50 24 0
51 24 0
52 25 0
53 25 0
54 25 0
55 1 0
56 27 0
57 28 0
58 29 0
59 30 0
60 14 0
60 63 0
61 13 0
61 15 0
61 12 0
62 9 0
63 60 0
GraphDataEnd
GraphEnd
NodeEnd
NodeStart
EPTNodeID: 6
AnchorID: 7761
TreeNodeGraphID: 19
Level: 15
SimplifiedLevel: 0
EditOperation: 5 56 60 0 0
AccumulatedOpsCount: 4
AccumulatedOp: 0 0 0 7 5
AccumulatedOp: 4 27 56 0 0
AccumulatedOp: 5 25 27 0 0
AccumulatedOp: 5 56 60 0 0
ChildrenCount: 0
ChildIndices:
CompletedDBGraphIDsCount: 2
CompletedDBGraphID: 13561
CompletedDBGraphID: 7420
GraphStart
GraphDataStart
ID: 19
NumNodes: 63
NumEdges: 132
NodeLabels
5 2 2 2 2 3 3 3 3 3 4 4 4 4 4 4 4 4 4 4 4 4 4 4 4 4 4 4 4 4 4 4 5 5 5 5 5 5 5 5 5 5 5 5 5 5 5 5 5 5 5 5 5 5 5 5 5 5 5 5 2 3 5 
Edges
0 31 0
1 20 0
1 55 0
2 23 0
2 26 0
3 21 0
4 22 0
5 10 0
5 11 0
5 16 0
6 16 0
6 17 0
6 18 0
7 16 0
7 19 0
8 19 0
8 22 0
8 24 0
9 21 0
9 22 0
9 62 0
10 5 0
10 12 0
10 32 0
10 33 0
11 5 0
11 13 0
11 34 0
11 35 0
12 10 0
12 36 0
12 37 0
12 61 0
13 11 0
13 38 0
13 39 0
13 61 0
14 15 0
14 42 0
14 43 0
14 60 0
15 14 0
15 40 0
15 41 0
15 61 0
16 5 0
16 6 0
16 7 0
17 6 0
17 19 0
17 21 0
18 6 0
18 20 0
18 44 0
18 45 0
19 7 0
19 8 0
19 17 0
20 1 0
20 18 0
20 23 0
20 46 0
21 3 0
21 9 0
21 17 0
22 4 0
22 8 0
22 9 0
23 2 0
23 20 0
23 47 0
23 48 0
24 8 0
24 49 0
24 50 0
24 51 0
25 52 0
25 53 0
25 54 0
25 27 0
26 2 0
26 27 0
26 28 0
27 26 0
27 29 0
27 25 0
28 26 0
28 30 0
28 57 0
29 27 0
29 31 0
29 58 0
30 28 0
30 31 0
30 59 0
31 0 0
31 29 0
31 30 0
32 10 0
33 10 0
34 11 0
35 11 0
36 12 0
37 12 0
38 13 0
39 13 0
40 15 0
41 15 0
42 14 0
43 14 0
44 18 0
45 18 0
46 20 0
47 23 0
48 23 0
49 24 0
50 24 0
51 24 0
52 25 0
53 25 0
54 25 0
55 1 0
56 60 0
57 28 0
58 29 0
59 30 0
60 14 0
60 56 0
61 13 0
61 15 0
61 12 0
62 9 0
GraphDataEnd
GraphEnd
NodeEnd
NodeStart
EPTNodeID: 7
AnchorID: 7761
TreeNodeGraphID: 23
Level: 7
SimplifiedLevel: 0
EditOperation: 4 15 41 0 0
AccumulatedOpsCount: 4
AccumulatedOp: 5 9 41 0 0
AccumulatedOp: 0 15 0 4 2
AccumulatedOp: 5 14 25 0 0
AccumulatedOp: 4 15 41 0 0
ChildrenCount: 2
ChildIndices: 8 9
CompletedDBGraphIDsCount: 0
GraphStart
GraphDataStart
ID: 23
NumNodes: 60
NumEdges: 122
NodeLabels
7 2 2 2 2 3 3 3 3 3 4 4 4 4 4 2 4 4 4 4 4 4 4 4 4 4 4 4 4 4 4 4 5 5 5 5 5 5 5 5 5 5 5 5 5 5 5 5 5 5 5 5 5 5 5 5 5 5 5 5 
Edges
0 31 0
1 20 0
1 55 0
2 23 0
2 26 0
3 21 0
4 22 0
5 10 0
5 11 0
5 16 0
6 16 0
6 17 0
6 18 0
7 16 0
7 19 0
8 19 0
8 22 0
8 24 0
9 21 0
9 22 0
9 41 0
10 5 0
10 12 0
10 32 0
10 33 0
11 5 0
11 13 0
11 34 0
11 35 0
12 10 0
12 36 0
12 37 0
13 11 0
13 38 0
13 39 0
14 15 0
14 42 0
14 43 0
14 25 0
15 14 0
15 40 0
16 5 0
16 6 0
16 7 0
17 6 0
17 19 0
17 21 0
18 6 0
18 20 0
18 44 0
18 45 0
19 7 0
19 8 0
19 17 0
20 1 0
20 18 0
20 23 0
20 46 0
21 3 0
21 9 0
21 17 0
22 4 0
22 8 0
22 9 0
23 2 0
23 20 0
23 47 0
23 48 0
24 8 0
24 49 0
24 50 0
24 51 0
25 52 0
25 53 0
25 54 0
25 14 0
26 2 0
26 27 0
26 28 0
27 26 0
27 29 0
27 56 0
28 26 0
28 30 0
28 57 0
29 27 0
29 31 0
29 58 0
30 28 0
30 31 0
30 59 0
31 0 0
31 29 0
31 30 0
32 10 0
33 10 0
34 11 0
35 11 0
36 12 0
37 12 0
38 13 0
39 13 0
40 15 0
41 9 0
42 14 0
43 14 0
44 18 0
45 18 0
46 20 0
47 23 0
48 23 0
49 24 0
50 24 0
51 24 0
52 25 0
53 25 0
54 25 0
55 1 0
56 27 0
57 28 0
58 29 0
59 30 0
GraphDataEnd
GraphEnd
NodeEnd
NodeStart
EPTNodeID: 8
AnchorID: 7761
TreeNodeGraphID: 27
Level: 11
SimplifiedLevel: 0
EditOperation: 5 12 54 0 0
AccumulatedOpsCount: 4
AccumulatedOp: 5 13 54 0 0
AccumulatedOp: 0 0 0 7 8
AccumulatedOp: 0 54 0 5 3
AccumulatedOp: 5 12 54 0 0
ChildrenCount: 0
ChildIndices:
CompletedDBGraphIDsCount: 2
CompletedDBGraphID: 12897
CompletedDBGraphID: 7560
GraphStart
GraphDataStart
ID: 27
NumNodes: 60
NumEdges: 126
NodeLabels
8 2 2 2 2 3 3 3 3 3 4 4 4 4 4 2 4 4 4 4 4 4 4 4 4 4 4 4 4 4 4 4 5 5 5 5 5 5 5 5 5 5 5 5 5 5 5 5 5 5 5 5 5 5 3 5 5 5 5 5 
Edges
0 31 0
1 20 0
1 55 0
2 23 0
2 26 0
3 21 0
4 22 0
5 10 0
5 11 0
5 16 0
6 16 0
6 17 0
6 18 0
7 16 0
7 19 0
8 19 0
8 22 0
8 24 0
9 21 0
9 22 0
9 41 0
10 5 0
10 12 0
10 32 0
10 33 0
11 5 0
11 13 0
11 34 0
11 35 0
12 10 0
12 36 0
12 37 0
12 54 0
13 11 0
13 38 0
13 39 0
13 54 0
14 15 0
14 42 0
14 43 0
14 25 0
15 14 0
15 40 0
16 5 0
16 6 0
16 7 0
17 6 0
17 19 0
17 21 0
18 6 0
18 20 0
18 44 0
18 45 0
19 7 0
19 8 0
19 17 0
20 1 0
20 18 0
20 23 0
20 46 0
21 3 0
21 9 0
21 17 0
22 4 0
22 8 0
22 9 0
23 2 0
23 20 0
23 47 0
23 48 0
24 8 0
24 49 0
24 50 0
24 51 0
25 52 0
25 53 0
25 54 0
25 14 0
26 2 0
26 27 0
26 28 0
27 26 0
27 29 0
27 56 0
28 26 0
28 30 0
28 57 0
29 27 0
29 31 0
29 58 0
30 28 0
30 31 0
30 59 0
31 0 0
31 29 0
31 30 0
32 10 0
33 10 0
34 11 0
35 11 0
36 12 0
37 12 0
38 13 0
39 13 0
40 15 0
41 9 0
42 14 0
43 14 0
44 18 0
45 18 0
46 20 0
47 23 0
48 23 0
49 24 0
50 24 0
51 24 0
52 25 0
53 25 0
54 25 0
54 13 0
54 12 0
55 1 0
56 27 0
57 28 0
58 29 0
59 30 0
GraphDataEnd
GraphEnd
NodeEnd
NodeStart
EPTNodeID: 9
AnchorID: 7761
TreeNodeGraphID: 31
Level: 11
SimplifiedLevel: 0
EditOperation: 5 12 53 0 0
AccumulatedOpsCount: 4
AccumulatedOp: 0 53 0 5 3
AccumulatedOp: 0 56 0 5 7
AccumulatedOp: 5 13 53 0 0
AccumulatedOp: 5 12 53 0 0
ChildrenCount: 0
ChildIndices:
CompletedDBGraphIDsCount: 2
CompletedDBGraphID: 22376
CompletedDBGraphID: 12724
GraphStart
GraphDataStart
ID: 31
NumNodes: 60
NumEdges: 126
NodeLabels
7 2 2 2 2 3 3 3 3 3 4 4 4 4 4 2 4 4 4 4 4 4 4 4 4 4 4 4 4 4 4 4 5 5 5 5 5 5 5 5 5 5 5 5 5 5 5 5 5 5 5 5 5 3 5 5 7 5 5 5 
Edges
0 31 0
1 20 0
1 55 0
2 23 0
2 26 0
3 21 0
4 22 0
5 10 0
5 11 0
5 16 0
6 16 0
6 17 0
6 18 0
7 16 0
7 19 0
8 19 0
8 22 0
8 24 0
9 21 0
9 22 0
9 41 0
10 5 0
10 12 0
10 32 0
10 33 0
11 5 0
11 13 0
11 34 0
11 35 0
12 10 0
12 36 0
12 37 0
12 53 0
13 11 0
13 38 0
13 39 0
13 53 0
14 15 0
14 42 0
14 43 0
14 25 0
15 14 0
15 40 0
16 5 0
16 6 0
16 7 0
17 6 0
17 19 0
17 21 0
18 6 0
18 20 0
18 44 0
18 45 0
19 7 0
19 8 0
19 17 0
20 1 0
20 18 0
20 23 0
20 46 0
21 3 0
21 9 0
21 17 0
22 4 0
22 8 0
22 9 0
23 2 0
23 20 0
23 47 0
23 48 0
24 8 0
24 49 0
24 50 0
24 51 0
25 52 0
25 53 0
25 54 0
25 14 0
26 2 0
26 27 0
26 28 0
27 26 0
27 29 0
27 56 0
28 26 0
28 30 0
28 57 0
29 27 0
29 31 0
29 58 0
30 28 0
30 31 0
30 59 0
31 0 0
31 29 0
31 30 0
32 10 0
33 10 0
34 11 0
35 11 0
36 12 0
37 12 0
38 13 0
39 13 0
40 15 0
41 9 0
42 14 0
43 14 0
44 18 0
45 18 0
46 20 0
47 23 0
48 23 0
49 24 0
50 24 0
51 24 0
52 25 0
53 25 0
53 13 0
53 12 0
54 25 0
55 1 0
56 27 0
57 28 0
58 29 0
59 30 0
GraphDataEnd
GraphEnd
NodeEnd
NodeStart
EPTNodeID: 10
AnchorID: 7761
TreeNodeGraphID: 41
Level: 13
SimplifiedLevel: 0
EditOperation: 5 14 61 0 0
AccumulatedOpsCount: 10
AccumulatedOp: 0 0 0 7 5
AccumulatedOp: 2 61 0 0 5
AccumulatedOp: 2 60 0 0 3
AccumulatedOp: 4 0 31 0 0
AccumulatedOp: 5 0 9 0 0
AccumulatedOp: 5 13 60 0 0
AccumulatedOp: 5 15 31 0 0
AccumulatedOp: 5 12 60 0 0
AccumulatedOp: 5 25 60 0 0
AccumulatedOp: 5 14 61 0 0
ChildrenCount: 0
ChildIndices:
CompletedDBGraphIDsCount: 2
CompletedDBGraphID: 11585
CompletedDBGraphID: 757
GraphStart
GraphDataStart
ID: 41
NumNodes: 62
NumEdges: 130
NodeLabels
5 2 2 2 2 3 3 3 3 3 4 4 4 4 4 4 4 4 4 4 4 4 4 4 4 4 4 4 4 4 4 4 5 5 5 5 5 5 5 5 5 5 5 5 5 5 5 5 5 5 5 5 5 5 5 5 5 5 5 5 3 5 
Edges
0 9 0
1 20 0
1 55 0
2 23 0
2 26 0
3 21 0
4 22 0
5 10 0
5 11 0
5 16 0
6 16 0
6 17 0
6 18 0
7 16 0
7 19 0
8 19 0
8 22 0
8 24 0
9 21 0
9 22 0
9 0 0
10 5 0
10 12 0
10 32 0
10 33 0
11 5 0
11 13 0
11 34 0
11 35 0
12 10 0
12 36 0
12 37 0
12 60 0
13 11 0
13 38 0
13 39 0
13 60 0
14 15 0
14 42 0
14 43 0
14 61 0
15 14 0
15 40 0
15 41 0
15 31 0
16 5 0
16 6 0
16 7 0
17 6 0
17 19 0
17 21 0
18 6 0
18 20 0
18 44 0
18 45 0
19 7 0
19 8 0
19 17 0
20 1 0
20 18 0
20 23 0
20 46 0
21 3 0
21 9 0
21 17 0
22 4 0
22 8 0
22 9 0
23 2 0
23 20 0
23 47 0
23 48 0
24 8 0
24 49 0
24 50 0
24 51 0
25 52 0
25 53 0
25 54 0
25 60 0
26 2 0
26 27 0
26 28 0
27 26 0
27 29 0
27 56 0
28 26 0
28 30 0
28 57 0
29 27 0
29 31 0
29 58 0
30 28 0
30 31 0
30 59 0
31 29 0
31 30 0
31 15 0
32 10 0
33 10 0
34 11 0
35 11 0
36 12 0
37 12 0
38 13 0
39 13 0
40 15 0
41 15 0
42 14 0
43 14 0
44 18 0
45 18 0
46 20 0
47 23 0
48 23 0
49 24 0
50 24 0
51 24 0
52 25 0
53 25 0
54 25 0
55 1 0
56 27 0
57 28 0
58 29 0
59 30 0
60 13 0
60 12 0
60 25 0
61 14 0
GraphDataEnd
GraphEnd
NodeEnd
NodeStart
EPTNodeID: 11
AnchorID: 7761
TreeNodeGraphID: 49
Level: 10
SimplifiedLevel: 0
EditOperation: 5 40 52 0 0
AccumulatedOpsCount: 8
AccumulatedOp: 5 9 41 0 0
AccumulatedOp: 0 15 0 4 3
AccumulatedOp: 0 52 0 5 2
AccumulatedOp: 5 13 15 0 0
AccumulatedOp: 4 15 40 0 0
AccumulatedOp: 5 14 25 0 0
AccumulatedOp: 4 15 41 0 0
AccumulatedOp: 5 40 52 0 0
ChildrenCount: 1
ChildIndices: 12
CompletedDBGraphIDsCount: 2
CompletedDBGraphID: 7637
CompletedDBGraphID: 3331
GraphStart
GraphDataStart
ID: 49
NumNodes: 60
NumEdges: 126
NodeLabels
7 2 2 2 2 3 3 3 3 3 4 4 4 4 4 3 4 4 4 4 4 4 4 4 4 4 4 4 4 4 4 4 5 5 5 5 5 5 5 5 5 5 5 5 5 5 5 5 5 5 5 5 2 5 5 5 5 5 5 5 
Edges
0 31 0
1 20 0
1 55 0
2 23 0
2 26 0
3 21 0
4 22 0
5 10 0
5 11 0
5 16 0
6 16 0
6 17 0
6 18 0
7 16 0
7 19 0
8 19 0
8 22 0
8 24 0
9 21 0
9 22 0
9 41 0
10 5 0
10 12 0
10 32 0
10 33 0
11 5 0
11 13 0
11 34 0
11 35 0
12 10 0
12 15 0
12 36 0
12 37 0
13 11 0
13 38 0
13 39 0
13 15 0
14 15 0
14 42 0
14 43 0
14 25 0
15 12 0
15 14 0
15 13 0
16 5 0
16 6 0
16 7 0
17 6 0
17 19 0
17 21 0
18 6 0
18 20 0
18 44 0
18 45 0
19 7 0
19 8 0
19 17 0
20 1 0
20 18 0
20 23 0
20 46 0
21 3 0
21 9 0
21 17 0
22 4 0
22 8 0
22 9 0
23 2 0
23 20 0
23 47 0
23 48 0
24 8 0
24 49 0
24 50 0
24 51 0
25 52 0
25 53 0
25 54 0
25 14 0
26 2 0
26 27 0
26 28 0
27 26 0
27 29 0
27 56 0
28 26 0
28 30 0
28 57 0
29 27 0
29 31 0
29 58 0
30 28 0
30 31 0
30 59 0
31 0 0
31 29 0
31 30 0
32 10 0
33 10 0
34 11 0
35 11 0
36 12 0
37 12 0
38 13 0
39 13 0
40 52 0
41 9 0
42 14 0
43 14 0
44 18 0
45 18 0
46 20 0
47 23 0
48 23 0
49 24 0
50 24 0
51 24 0
52 25 0
52 40 0
53 25 0
54 25 0
55 1 0
56 27 0
57 28 0
58 29 0
59 30 0
GraphDataEnd
GraphEnd
NodeEnd
NodeStart
EPTNodeID: 12
AnchorID: 7761
TreeNodeGraphID: 50
Level: 11
SimplifiedLevel: 0
EditOperation: 0 0 0 7 5
AccumulatedOpsCount: 1
AccumulatedOp: 0 0 0 7 5
ChildrenCount: 0
ChildIndices:
CompletedDBGraphIDsCount: 2
CompletedDBGraphID: 3801
CompletedDBGraphID: 19614
GraphStart
GraphDataStart
ID: 50
NumNodes: 60
NumEdges: 126
NodeLabels
5 2 2 2 2 3 3 3 3 3 4 4 4 4 4 3 4 4 4 4 4 4 4 4 4 4 4 4 4 4 4 4 5 5 5 5 5 5 5 5 5 5 5 5 5 5 5 5 5 5 5 5 2 5 5 5 5 5 5 5 
Edges
0 31 0
1 20 0
1 55 0
2 23 0
2 26 0
3 21 0
4 22 0
5 10 0
5 11 0
5 16 0
6 16 0
6 17 0
6 18 0
7 16 0
7 19 0
8 19 0
8 22 0
8 24 0
9 21 0
9 22 0
9 41 0
10 5 0
10 12 0
10 32 0
10 33 0
11 5 0
11 13 0
11 34 0
11 35 0
12 10 0
12 15 0
12 36 0
12 37 0
13 11 0
13 38 0
13 39 0
13 15 0
14 15 0
14 42 0
14 43 0
14 25 0
15 12 0
15 14 0
15 13 0
16 5 0
16 6 0
16 7 0
17 6 0
17 19 0
17 21 0
18 6 0
18 20 0
18 44 0
18 45 0
19 7 0
19 8 0
19 17 0
20 1 0
20 18 0
20 23 0
20 46 0
21 3 0
21 9 0
21 17 0
22 4 0
22 8 0
22 9 0
23 2 0
23 20 0
23 47 0
23 48 0
24 8 0
24 49 0
24 50 0
24 51 0
25 52 0
25 53 0
25 54 0
25 14 0
26 2 0
26 27 0
26 28 0
27 26 0
27 29 0
27 56 0
28 26 0
28 30 0
28 57 0
29 27 0
29 31 0
29 58 0
30 28 0
30 31 0
30 59 0
31 0 0
31 29 0
31 30 0
32 10 0
33 10 0
34 11 0
35 11 0
36 12 0
37 12 0
38 13 0
39 13 0
40 52 0
41 9 0
42 14 0
43 14 0
44 18 0
45 18 0
46 20 0
47 23 0
48 23 0
49 24 0
50 24 0
51 24 0
52 25 0
52 40 0
53 25 0
54 25 0
55 1 0
56 27 0
57 28 0
58 29 0
59 30 0
GraphDataEnd
GraphEnd
NodeEnd
NodeStart
EPTNodeID: 13
AnchorID: 7761
TreeNodeGraphID: 61
Level: 13
SimplifiedLevel: 0
EditOperation: 5 9 60 0 0
AccumulatedOpsCount: 11
AccumulatedOp: 0 56 0 5 7
AccumulatedOp: 5 5 12 0 0
AccumulatedOp: 0 14 0 4 3
AccumulatedOp: 5 10 25 0 0
AccumulatedOp: 2 60 0 0 5
AccumulatedOp: 4 5 16 0 0
AccumulatedOp: 4 14 43 0 0
AccumulatedOp: 4 10 12 0 0
AccumulatedOp: 5 13 43 0 0
AccumulatedOp: 5 14 16 0 0
AccumulatedOp: 5 9 60 0 0
ChildrenCount: 0
ChildIndices:
CompletedDBGraphIDsCount: 2
CompletedDBGraphID: 1463
CompletedDBGraphID: 7415
GraphStart
GraphDataStart
ID: 61
NumNodes: 61
NumEdges: 126
NodeLabels
7 2 2 2 2 3 3 3 3 3 4 4 4 4 3 4 4 4 4 4 4 4 4 4 4 4 4 4 4 4 4 4 5 5 5 5 5 5 5 5 5 5 5 5 5 5 5 5 5 5 5 5 5 5 5 5 7 5 5 5 5 
Edges
0 31 0
1 20 0
1 55 0
2 23 0
2 26 0
3 21 0
4 22 0
5 10 0
5 11 0
5 12 0
6 16 0
6 17 0
6 18 0
7 16 0
7 19 0
8 19 0
8 22 0
8 24 0
9 21 0
9 22 0
9 60 0
10 5 0
10 32 0
10 33 0
10 25 0
11 5 0
11 13 0
11 34 0
11 35 0
12 15 0
12 36 0
12 37 0
12 5 0
13 11 0
13 38 0
13 39 0
13 43 0
14 15 0
14 42 0
14 16 0
15 12 0
15 14 0
15 40 0
15 41 0
16 6 0
16 7 0
16 14 0
17 6 0
17 19 0
17 21 0
18 6 0
18 20 0
18 44 0
18 45 0
19 7 0
19 8 0
19 17 0
20 1 0
20 18 0
20 23 0
20 46 0
21 3 0
21 9 0
21 17 0
22 4 0
22 8 0
22 9 0
23 2 0
23 20 0
23 47 0
23 48 0
24 8 0
24 49 0
24 50 0
24 51 0
25 52 0
25 53 0
25 54 0
25 10 0
26 2 0
26 27 0
26 28 0
27 26 0
27 29 0
27 56 0
28 26 0
28 30 0
28 57 0
29 27 0
29 31 0
29 58 0
30 28 0
30 31 0
30 59 0
31 0 0
31 29 0
31 30 0
32 10 0
33 10 0
34 11 0
35 11 0
36 12 0
37 12 0
38 13 0
39 13 0
40 15 0
41 15 0
42 14 0
43 13 0
44 18 0
45 18 0
46 20 0
47 23 0
48 23 0
49 24 0
50 24 0
51 24 0
52 25 0
53 25 0
54 25 0
55 1 0
56 27 0
57 28 0
58 29 0
59 30 0
60 9 0
GraphDataEnd
GraphEnd
NodeEnd
NodeStart
EPTNodeID: 14
AnchorID: 7761
TreeNodeGraphID: 71
Level: 12
SimplifiedLevel: 0
EditOperation: 5 9 60 0 0
AccumulatedOpsCount: 10
AccumulatedOp: 5 13 43 0 0
AccumulatedOp: 5 5 12 0 0
AccumulatedOp: 0 14 0 4 3
AccumulatedOp: 5 10 25 0 0
AccumulatedOp: 2 60 0 0 5
AccumulatedOp: 4 5 16 0 0
AccumulatedOp: 4 14 43 0 0
AccumulatedOp: 4 10 12 0 0
AccumulatedOp: 5 14 16 0 0
AccumulatedOp: 5 9 60 0 0
ChildrenCount: 0
ChildIndices:
CompletedDBGraphIDsCount: 2
CompletedDBGraphID: 20705
CompletedDBGraphID: 17502
GraphStart
GraphDataStart
ID: 71
NumNodes: 61
NumEdges: 126
NodeLabels
7 2 2 2 2 3 3 3 3 3 4 4 4 4 3 4 4 4 4 4 4 4 4 4 4 4 4 4 4 4 4 4 5 5 5 5 5 5 5 5 5 5 5 5 5 5 5 5 5 5 5 5 5 5 5 5 5 5 5 5 5 
Edges
0 31 0
1 20 0
1 55 0
2 23 0
2 26 0
3 21 0
4 22 0
5 10 0
5 11 0
5 12 0
6 16 0
6 17 0
6 18 0
7 16 0
7 19 0
8 19 0
8 22 0
8 24 0
9 21 0
9 22 0
9 60 0
10 5 0
10 32 0
10 33 0
10 25 0
11 5 0
11 13 0
11 34 0
11 35 0
12 15 0
12 36 0
12 37 0
12 5 0
13 11 0
13 38 0
13 39 0
13 43 0
14 15 0
14 42 0
14 16 0
15 12 0
15 14 0
15 40 0
15 41 0
16 6 0
16 7 0
16 14 0
17 6 0
17 19 0
17 21 0
18 6 0
18 20 0
18 44 0
18 45 0
19 7 0
19 8 0
19 17 0
20 1 0
20 18 0
20 23 0
20 46 0
21 3 0
21 9 0
21 17 0
22 4 0
22 8 0
22 9 0
23 2 0
23 20 0
23 47 0
23 48 0
24 8 0
24 49 0
24 50 0
24 51 0
25 52 0
25 53 0
25 54 0
25 10 0
26 2 0
26 27 0
26 28 0
27 26 0
27 29 0
27 56 0
28 26 0
28 30 0
28 57 0
29 27 0
29 31 0
29 58 0
30 28 0
30 31 0
30 59 0
31 0 0
31 29 0
31 30 0
32 10 0
33 10 0
34 11 0
35 11 0
36 12 0
37 12 0
38 13 0
39 13 0
40 15 0
41 15 0
42 14 0
43 13 0
44 18 0
45 18 0
46 20 0
47 23 0
48 23 0
49 24 0
50 24 0
51 24 0
52 25 0
53 25 0
54 25 0
55 1 0
56 27 0
57 28 0
58 29 0
59 30 0
60 9 0
GraphDataEnd
GraphEnd
NodeEnd
NodeStart
EPTNodeID: 15
AnchorID: 7761
TreeNodeGraphID: 80
Level: 11
SimplifiedLevel: 0
EditOperation: 5 11 14 0 0
AccumulatedOpsCount: 9
AccumulatedOp: 0 0 0 7 2
AccumulatedOp: 4 13 39 0 0
AccumulatedOp: 1 39 0 5 0
AccumulatedOp: 5 9 38 0 0
AccumulatedOp: 4 11 13 0 0
AccumulatedOp: 4 13 38 0 0
AccumulatedOp: 1 13 0 4 0
AccumulatedOp: 5 0 25 0 0
AccumulatedOp: 5 11 14 0 0
ChildrenCount: 0
ChildIndices:
CompletedDBGraphIDsCount: 1
CompletedDBGraphID: 12377
GraphStart
GraphDataStart
ID: 80
NumNodes: 58
NumEdges: 122
NodeLabels
2 2 2 2 2 3 3 3 3 3 4 4 4 4 4 4 4 4 4 4 4 4 4 4 4 4 4 4 4 4 4 5 5 5 5 5 5 5 5 5 5 5 5 5 5 5 5 5 5 5 5 5 5 5 5 5 5 5 
Edges
0 30 0
0 24 0
1 19 0
1 53 0
2 22 0
2 25 0
3 20 0
4 21 0
5 10 0
5 11 0
5 15 0
6 15 0
6 16 0
6 17 0
7 15 0
7 18 0
8 18 0
8 21 0
8 23 0
9 20 0
9 21 0
9 37 0
10 5 0
10 12 0
10 31 0
10 32 0
11 5 0
11 33 0
11 34 0
11 13 0
12 10 0
12 14 0
12 35 0
12 36 0
13 14 0
13 40 0
13 41 0
13 11 0
14 12 0
14 13 0
14 38 0
14 39 0
15 5 0
15 6 0
15 7 0
16 6 0
16 18 0
16 20 0
17 6 0
17 19 0
17 42 0
17 43 0
18 7 0
18 8 0
18 16 0
19 1 0
19 17 0
19 22 0
19 44 0
20 3 0
20 9 0
20 16 0
21 4 0
21 8 0
21 9 0
22 2 0
22 19 0
22 45 0
22 46 0
23 8 0
23 47 0
23 48 0
23 49 0
24 50 0
24 51 0
24 52 0
24 0 0
25 2 0
25 26 0
25 27 0
26 25 0
26 28 0
26 54 0
27 25 0
27 29 0
27 55 0
28 26 0
28 30 0
28 56 0
29 27 0
29 30 0
29 57 0
30 0 0
30 28 0
30 29 0
31 10 0
32 10 0
33 11 0
34 11 0
35 12 0
36 12 0
37 9 0
38 14 0
39 14 0
40 13 0
41 13 0
42 17 0
43 17 0
44 19 0
45 22 0
46 22 0
47 23 0
48 23 0
49 23 0
50 24 0
51 24 0
52 24 0
53 1 0
54 26 0
55 27 0
56 28 0
57 29 0
GraphDataEnd
GraphEnd
NodeEnd
NodeStart
EPTNodeID: 16
AnchorID: 7761
TreeNodeGraphID: 88
Level: 9
SimplifiedLevel: 0
EditOperation: 5 0 15 0 0
AccumulatedOpsCount: 8
AccumulatedOp: 4 12 15 0 0
AccumulatedOp: 0 0 0 7 5
AccumulatedOp: 2 60 0 0 2
AccumulatedOp: 4 0 31 0 0
AccumulatedOp: 5 12 60 0 0
AccumulatedOp: 5 14 31 0 0
AccumulatedOp: 5 13 60 0 0
AccumulatedOp: 5 0 15 0 0
ChildrenCount: 0
ChildIndices:
CompletedDBGraphIDsCount: 2
CompletedDBGraphID: 7133
CompletedDBGraphID: 18011
GraphStart
GraphDataStart
ID: 88
NumNodes: 61
NumEdges: 128
NodeLabels
5 2 2 2 2 3 3 3 3 3 4 4 4 4 4 4 4 4 4 4 4 4 4 4 4 4 4 4 4 4 4 4 5 5 5 5 5 5 5 5 5 5 5 5 5 5 5 5 5 5 5 5 5 5 5 5 5 5 5 5 2 
Edges
0 15 0
1 20 0
1 55 0
2 23 0
2 26 0
3 21 0
4 22 0
5 10 0
5 11 0
5 16 0
6 16 0
6 17 0
6 18 0
7 16 0
7 19 0
8 19 0
8 22 0
8 24 0
9 21 0
9 22 0
9 25 0
10 5 0
10 12 0
10 32 0
10 33 0
11 5 0
11 13 0
11 34 0
11 35 0
12 10 0
12 36 0
12 37 0
12 60 0
13 11 0
13 38 0
13 39 0
13 60 0
14 15 0
14 42 0
14 43 0
14 31 0
15 14 0
15 40 0
15 41 0
15 0 0
16 5 0
16 6 0
16 7 0
17 6 0
17 19 0
17 21 0
18 6 0
18 20 0
18 44 0
18 45 0
19 7 0
19 8 0
19 17 0
20 1 0
20 18 0
20 23 0
20 46 0
21 3 0
21 9 0
21 17 0
22 4 0
22 8 0
22 9 0
23 2 0
23 20 0
23 47 0
23 48 0
24 8 0
24 49 0
24 50 0
24 51 0
25 9 0
25 52 0
25 53 0
25 54 0
26 2 0
26 27 0
26 28 0
27 26 0
27 29 0
27 56 0
28 26 0
28 30 0
28 57 0
29 27 0
29 31 0
29 58 0
30 28 0
30 31 0
30 59 0
31 29 0
31 30 0
31 14 0
32 10 0
33 10 0
34 11 0
35 11 0
36 12 0
37 12 0
38 13 0
39 13 0
40 15 0
41 15 0
42 14 0
43 14 0
44 18 0
45 18 0
46 20 0
47 23 0
48 23 0
49 24 0
50 24 0
51 24 0
52 25 0
53 25 0
54 25 0
55 1 0
56 27 0
57 28 0
58 29 0
59 30 0
60 12 0
60 13 0
GraphDataEnd
GraphEnd
NodeEnd
NodeStart
EPTNodeID: 17
AnchorID: 7761
TreeNodeGraphID: 89
Level: 2
SimplifiedLevel: 0
EditOperation: 0 0 0 7 5
AccumulatedOpsCount: 1
AccumulatedOp: 0 0 0 7 5
ChildrenCount: 2
ChildIndices: 18 19
CompletedDBGraphIDsCount: 0
GraphStart
GraphDataStart
ID: 89
NumNodes: 60
NumEdges: 124
NodeLabels
5 2 2 2 2 3 3 3 3 3 4 4 4 4 4 4 4 4 4 4 4 4 4 4 4 4 4 4 4 4 4 4 5 5 5 5 5 5 5 5 5 5 5 5 5 5 5 5 5 5 5 5 5 5 5 5 5 5 5 5 
Edges
0 31 0
1 20 0
1 55 0
2 23 0
2 26 0
3 21 0
4 22 0
5 10 0
5 11 0
5 16 0
6 16 0
6 17 0
6 18 0
7 16 0
7 19 0
8 19 0
8 22 0
8 24 0
9 21 0
9 22 0
9 25 0
10 5 0
10 12 0
10 32 0
10 33 0
11 5 0
11 13 0
11 34 0
11 35 0
12 10 0
12 15 0
12 36 0
12 37 0
13 11 0
13 38 0
13 39 0
14 15 0
14 42 0
14 43 0
15 12 0
15 14 0
15 40 0
15 41 0
16 5 0
16 6 0
16 7 0
17 6 0
17 19 0
17 21 0
18 6 0
18 20 0
18 44 0
18 45 0
19 7 0
19 8 0
19 17 0
20 1 0
20 18 0
20 23 0
20 46 0
21 3 0
21 9 0
21 17 0
22 4 0
22 8 0
22 9 0
23 2 0
23 20 0
23 47 0
23 48 0
24 8 0
24 49 0
24 50 0
24 51 0
25 9 0
25 52 0
25 53 0
25 54 0
26 2 0
26 27 0
26 28 0
27 26 0
27 29 0
27 56 0
28 26 0
28 30 0
28 57 0
29 27 0
29 31 0
29 58 0
30 28 0
30 31 0
30 59 0
31 0 0
31 29 0
31 30 0
32 10 0
33 10 0
34 11 0
35 11 0
36 12 0
37 12 0
38 13 0
39 13 0
40 15 0
41 15 0
42 14 0
43 14 0
44 18 0
45 18 0
46 20 0
47 23 0
48 23 0
49 24 0
50 24 0
51 24 0
52 25 0
53 25 0
54 25 0
55 1 0
56 27 0
57 28 0
58 29 0
59 30 0
GraphDataEnd
GraphEnd
NodeEnd
NodeStart
EPTNodeID: 18
AnchorID: 7761
TreeNodeGraphID: 94
Level: 7
SimplifiedLevel: 0
EditOperation: 5 14 57 0 0
AccumulatedOpsCount: 5
AccumulatedOp: 5 13 15 0 0
AccumulatedOp: 5 14 28 0 0
AccumulatedOp: 4 14 15 0 0
AccumulatedOp: 4 28 57 0 0
AccumulatedOp: 5 14 57 0 0
ChildrenCount: 0
ChildIndices:
CompletedDBGraphIDsCount: 2
CompletedDBGraphID: 7509
CompletedDBGraphID: 16208
GraphStart
GraphDataStart
ID: 94
NumNodes: 60
NumEdges: 126
NodeLabels
5 2 2 2 2 3 3 3 3 3 4 4 4 4 4 4 4 4 4 4 4 4 4 4 4 4 4 4 4 4 4 4 5 5 5 5 5 5 5 5 5 5 5 5 5 5 5 5 5 5 5 5 5 5 5 5 5 5 5 5 
Edges
0 31 0
1 20 0
1 55 0
2 23 0
2 26 0
3 21 0
4 22 0
5 10 0
5 11 0
5 16 0
6 16 0
6 17 0
6 18 0
7 16 0
7 19 0
8 19 0
8 22 0
8 24 0
9 21 0
9 22 0
9 25 0
10 5 0
10 12 0
10 32 0
10 33 0
11 5 0
11 13 0
11 34 0
11 35 0
12 10 0
12 15 0
12 36 0
12 37 0
13 11 0
13 38 0
13 39 0
13 15 0
14 42 0
14 43 0
14 28 0
14 57 0
15 12 0
15 40 0
15 41 0
15 13 0
16 5 0
16 6 0
16 7 0
17 6 0
17 19 0
17 21 0
18 6 0
18 20 0
18 44 0
18 45 0
19 7 0
19 8 0
19 17 0
20 1 0
20 18 0
20 23 0
20 46 0
21 3 0
21 9 0
21 17 0
22 4 0
22 8 0
22 9 0
23 2 0
23 20 0
23 47 0
23 48 0
24 8 0
24 49 0
24 50 0
24 51 0
25 9 0
25 52 0
25 53 0
25 54 0
26 2 0
26 27 0
26 28 0
27 26 0
27 29 0
27 56 0
28 26 0
28 30 0
28 14 0
29 27 0
29 31 0
29 58 0
30 28 0
30 31 0
30 59 0
31 0 0
31 29 0
31 30 0
32 10 0
33 10 0
34 11 0
35 11 0
36 12 0
37 12 0
38 13 0
39 13 0
40 15 0
41 15 0
42 14 0
43 14 0
44 18 0
45 18 0
46 20 0
47 23 0
48 23 0
49 24 0
50 24 0
51 24 0
52 25 0
53 25 0
54 25 0
55 1 0
56 27 0
57 14 0
58 29 0
59 30 0
GraphDataEnd
GraphEnd
NodeEnd
NodeStart
EPTNodeID: 19
AnchorID: 7761
TreeNodeGraphID: 104
Level: 12
SimplifiedLevel: 0
EditOperation: 5 11 27 0 0
AccumulatedOpsCount: 10
AccumulatedOp: 4 27 56 0 0
AccumulatedOp: 4 13 38 0 0
AccumulatedOp: 1 38 0 5 0
AccumulatedOp: 0 13 0 4 5
AccumulatedOp: 1 56 0 5 0
AccumulatedOp: 5 5 14 0 0
AccumulatedOp: 4 13 39 0 0
AccumulatedOp: 1 39 0 5 0
AccumulatedOp: 4 5 11 0 0
AccumulatedOp: 5 11 27 0 0
ChildrenCount: 0
ChildIndices:
CompletedDBGraphIDsCount: 2
CompletedDBGraphID: 19013
CompletedDBGraphID: 20006
GraphStart
GraphDataStart
ID: 104
NumNodes: 57
NumEdges: 120
NodeLabels
5 2 2 2 2 3 3 3 3 3 4 4 4 5 4 4 4 4 4 4 4 4 4 4 4 4 4 4 4 4 4 4 5 5 5 5 5 5 5 5 5 5 5 5 5 5 5 5 5 5 5 5 5 5 5 5 5 
Edges
0 31 0
1 20 0
1 53 0
2 23 0
2 26 0
3 21 0
4 22 0
5 10 0
5 16 0
5 14 0
6 16 0
6 17 0
6 18 0
7 16 0
7 19 0
8 19 0
8 22 0
8 24 0
9 21 0
9 22 0
9 25 0
10 5 0
10 12 0
10 32 0
10 33 0
11 13 0
11 34 0
11 35 0
11 27 0
12 10 0
12 15 0
12 36 0
12 37 0
13 11 0
14 15 0
14 40 0
14 41 0
14 5 0
15 12 0
15 14 0
15 38 0
15 39 0
16 5 0
16 6 0
16 7 0
17 6 0
17 19 0
17 21 0
18 6 0
18 20 0
18 42 0
18 43 0
19 7 0
19 8 0
19 17 0
20 1 0
20 18 0
20 23 0
20 44 0
21 3 0
21 9 0
21 17 0
22 4 0
22 8 0
22 9 0
23 2 0
23 20 0
23 45 0
23 46 0
24 8 0
24 47 0
24 48 0
24 49 0
25 9 0
25 50 0
25 51 0
25 52 0
26 2 0
26 27 0
26 28 0
27 26 0
27 29 0
27 11 0
28 26 0
28 30 0
28 54 0
29 27 0
29 31 0
29 55 0
30 28 0
30 31 0
30 56 0
31 0 0
31 29 0
31 30 0
32 10 0
33 10 0
34 11 0
35 11 0
36 12 0
37 12 0
38 15 0
39 15 0
40 14 0
41 14 0
42 18 0
43 18 0
44 20 0
45 23 0
46 23 0
47 24 0
48 24 0
49 24 0
50 25 0
51 25 0
52 25 0
53 1 0
54 28 0
55 29 0
56 30 0
GraphDataEnd
GraphEnd
NodeEnd
NodeStart
EPTNodeID: 20
AnchorID: 7761
TreeNodeGraphID: 106
Level: 3
SimplifiedLevel: 0
EditOperation: 4 14 15 0 0
AccumulatedOpsCount: 2
AccumulatedOp: 5 13 15 0 0
AccumulatedOp: 4 14 15 0 0
ChildrenCount: 2
ChildIndices: 21 22
CompletedDBGraphIDsCount: 0
GraphStart
GraphDataStart
ID: 106
NumNodes: 60
NumEdges: 124
NodeLabels
7 2 2 2 2 3 3 3 3 3 4 4 4 4 4 4 4 4 4 4 4 4 4 4 4 4 4 4 4 4 4 4 5 5 5 5 5 5 5 5 5 5 5 5 5 5 5 5 5 5 5 5 5 5 5 5 5 5 5 5 
Edges
0 31 0
1 20 0
1 55 0
2 23 0
2 26 0
3 21 0
4 22 0
5 10 0
5 11 0
5 16 0
6 16 0
6 17 0
6 18 0
7 16 0
7 19 0
8 19 0
8 22 0
8 24 0
9 21 0
9 22 0
9 25 0
10 5 0
10 12 0
10 32 0
10 33 0
11 5 0
11 13 0
11 34 0
11 35 0
12 10 0
12 15 0
12 36 0
12 37 0
13 11 0
13 38 0
13 39 0
13 15 0
14 42 0
14 43 0
15 12 0
15 40 0
15 41 0
15 13 0
16 5 0
16 6 0
16 7 0
17 6 0
17 19 0
17 21 0
18 6 0
18 20 0
18 44 0
18 45 0
19 7 0
19 8 0
19 17 0
20 1 0
20 18 0
20 23 0
20 46 0
21 3 0
21 9 0
21 17 0
22 4 0
22 8 0
22 9 0
23 2 0
23 20 0
23 47 0
23 48 0
24 8 0
24 49 0
24 50 0
24 51 0
25 9 0
25 52 0
25 53 0
25 54 0
26 2 0
26 27 0
26 28 0
27 26 0
27 29 0
27 56 0
28 26 0
28 30 0
28 57 0
29 27 0
29 31 0
29 58 0
30 28 0
30 31 0
30 59 0
31 0 0
31 29 0
31 30 0
32 10 0
33 10 0
34 11 0
35 11 0
36 12 0
37 12 0
38 13 0
39 13 0
40 15 0
41 15 0
42 14 0
43 14 0
44 18 0
45 18 0
46 20 0
47 23 0
48 23 0
49 24 0
50 24 0
51 24 0
52 25 0
53 25 0
54 25 0
55 1 0
56 27 0
57 28 0
58 29 0
59 30 0
GraphDataEnd
GraphEnd
NodeEnd
NodeStart
EPTNodeID: 21
AnchorID: 7761
TreeNodeGraphID: 110
Level: 7
SimplifiedLevel: 0
EditOperation: 5 0 14 0 0
AccumulatedOpsCount: 4
AccumulatedOp: 0 0 0 7 2
AccumulatedOp: 2 60 0 0 5
AccumulatedOp: 5 14 60 0 0
AccumulatedOp: 5 0 14 0 0
ChildrenCount: 0
ChildIndices:
CompletedDBGraphIDsCount: 2
CompletedDBGraphID: 15863
CompletedDBGraphID: 9380
GraphStart
GraphDataStart
ID: 110
NumNodes: 61
NumEdges: 128
NodeLabels
2 2 2 2 2 3 3 3 3 3 4 4 4 4 4 4 4 4 4 4 4 4 4 4 4 4 4 4 4 4 4 4 5 5 5 5 5 5 5 5 5 5 5 5 5 5 5 5 5 5 5 5 5 5 5 5 5 5 5 5 5 
Edges
0 31 0
0 14 0
1 20 0
1 55 0
2 23 0
2 26 0
3 21 0
4 22 0
5 10 0
5 11 0
5 16 0
6 16 0
6 17 0
6 18 0
7 16 0
7 19 0
8 19 0
8 22 0
8 24 0
9 21 0
9 22 0
9 25 0
10 5 0
10 12 0
10 32 0
10 33 0
11 5 0
11 13 0
11 34 0
11 35 0
12 10 0
12 15 0
12 36 0
12 37 0
13 11 0
13 38 0
13 39 0
13 15 0
14 42 0
14 43 0
14 60 0
14 0 0
15 12 0
15 40 0
15 41 0
15 13 0
16 5 0
16 6 0
16 7 0
17 6 0
17 19 0
17 21 0
18 6 0
18 20 0
18 44 0
18 45 0
19 7 0
19 8 0
19 17 0
20 1 0
20 18 0
20 23 0
20 46 0
21 3 0
21 9 0
21 17 0
22 4 0
22 8 0
22 9 0
23 2 0
23 20 0
23 47 0
23 48 0
24 8 0
24 49 0
24 50 0
24 51 0
25 9 0
25 52 0
25 53 0
25 54 0
26 2 0
26 27 0
26 28 0
27 26 0
27 29 0
27 56 0
28 26 0
28 30 0
28 57 0
29 27 0
29 31 0
29 58 0
30 28 0
30 31 0
30 59 0
31 0 0
31 29 0
31 30 0
32 10 0
33 10 0
34 11 0
35 11 0
36 12 0
37 12 0
38 13 0
39 13 0
40 15 0
41 15 0
42 14 0
43 14 0
44 18 0
45 18 0
46 20 0
47 23 0
48 23 0
49 24 0
50 24 0
51 24 0
52 25 0
53 25 0
54 25 0
55 1 0
56 27 0
57 28 0
58 29 0
59 30 0
60 14 0
GraphDataEnd
GraphEnd
NodeEnd
NodeStart
EPTNodeID: 22
AnchorID: 7761
TreeNodeGraphID: 115
Level: 8
SimplifiedLevel: 0
EditOperation: 1 43 0 5 0
AccumulatedOpsCount: 5
AccumulatedOp: 4 14 42 0 0
AccumulatedOp: 1 42 0 5 0
AccumulatedOp: 4 14 43 0 0
AccumulatedOp: 1 14 0 4 0
AccumulatedOp: 1 43 0 5 0
ChildrenCount: 0
ChildIndices:
CompletedDBGraphIDsCount: 2
CompletedDBGraphID: 21487
CompletedDBGraphID: 5759
GraphStart
GraphDataStart
ID: 115
NumNodes: 57
NumEdges: 120
NodeLabels
7 2 2 2 2 3 3 3 3 3 4 4 4 4 4 4 4 4 4 4 4 4 4 4 4 4 4 4 4 4 4 5 5 5 5 5 5 5 5 5 5 5 5 5 5 5 5 5 5 5 5 5 5 5 5 5 5 
Edges
0 30 0
1 19 0
1 52 0
2 22 0
2 25 0
3 20 0
4 21 0
5 10 0
5 11 0
5 15 0
6 15 0
6 16 0
6 17 0
7 15 0
7 18 0
8 18 0
8 21 0
8 23 0
9 20 0
9 21 0
9 24 0
10 5 0
10 12 0
10 31 0
10 32 0
11 5 0
11 13 0
11 33 0
11 34 0
12 10 0
12 14 0
12 35 0
12 36 0
13 11 0
13 37 0
13 38 0
13 14 0
14 12 0
14 39 0
14 40 0
14 13 0
15 5 0
15 6 0
15 7 0
16 6 0
16 18 0
16 20 0
17 6 0
17 19 0
17 41 0
17 42 0
18 7 0
18 8 0
18 16 0
19 1 0
19 17 0
19 22 0
19 43 0
20 3 0
20 9 0
20 16 0
21 4 0
21 8 0
21 9 0
22 2 0
22 19 0
22 44 0
22 45 0
23 8 0
23 46 0
23 47 0
23 48 0
24 9 0
24 49 0
24 50 0
24 51 0
25 2 0
25 26 0
25 27 0
26 25 0
26 28 0
26 53 0
27 25 0
27 29 0
27 54 0
28 26 0
28 30 0
28 55 0
29 27 0
29 30 0
29 56 0
30 0 0
30 28 0
30 29 0
31 10 0
32 10 0
33 11 0
34 11 0
35 12 0
36 12 0
37 13 0
38 13 0
39 14 0
40 14 0
41 17 0
42 17 0
43 19 0
44 22 0
45 22 0
46 23 0
47 23 0
48 23 0
49 24 0
50 24 0
51 24 0
52 1 0
53 26 0
54 27 0
55 28 0
56 29 0
GraphDataEnd
GraphEnd
NodeEnd
NodeStart
EPTNodeID: 23
AnchorID: 7761
TreeNodeGraphID: 116
Level: 1
SimplifiedLevel: 0
EditOperation: 4 9 25 0 0
AccumulatedOpsCount: 1
AccumulatedOp: 4 9 25 0 0
ChildrenCount: 3
ChildIndices: 24 27 30
CompletedDBGraphIDsCount: 0
GraphStart
GraphDataStart
ID: 116
NumNodes: 60
NumEdges: 124
NodeLabels
7 2 2 2 2 3 3 3 3 3 4 4 4 4 4 4 4 4 4 4 4 4 4 4 4 4 4 4 4 4 4 4 5 5 5 5 5 5 5 5 5 5 5 5 5 5 5 5 5 5 5 5 5 5 5 5 5 5 5 5 
Edges
0 31 0
1 20 0
1 55 0
2 23 0
2 26 0
3 21 0
4 22 0
5 10 0
5 11 0
5 16 0
6 16 0
6 17 0
6 18 0
7 16 0
7 19 0
8 19 0
8 22 0
8 24 0
9 21 0
9 22 0
10 5 0
10 12 0
10 32 0
10 33 0
11 5 0
11 13 0
11 34 0
11 35 0
12 10 0
12 15 0
12 36 0
12 37 0
13 11 0
13 14 0
13 38 0
13 39 0
14 13 0
14 15 0
14 42 0
14 43 0
15 12 0
15 14 0
15 40 0
15 41 0
16 5 0
16 6 0
16 7 0
17 6 0
17 19 0
17 21 0
18 6 0
18 20 0
18 44 0
18 45 0
19 7 0
19 8 0
19 17 0
20 1 0
20 18 0
20 23 0
20 46 0
21 3 0
21 9 0
21 17 0
22 4 0
22 8 0
22 9 0
23 2 0
23 20 0
23 47 0
23 48 0
24 8 0
24 49 0
24 50 0
24 51 0
25 52 0
25 53 0
25 54 0
26 2 0
26 27 0
26 28 0
27 26 0
27 29 0
27 56 0
28 26 0
28 30 0
28 57 0
29 27 0
29 31 0
29 58 0
30 28 0
30 31 0
30 59 0
31 0 0
31 29 0
31 30 0
32 10 0
33 10 0
34 11 0
35 11 0
36 12 0
37 12 0
38 13 0
39 13 0
40 15 0
41 15 0
42 14 0
43 14 0
44 18 0
45 18 0
46 20 0
47 23 0
48 23 0
49 24 0
50 24 0
51 24 0
52 25 0
53 25 0
54 25 0
55 1 0
56 27 0
57 28 0
58 29 0
59 30 0
GraphDataEnd
GraphEnd
NodeEnd
NodeStart
EPTNodeID: 24
AnchorID: 7761
TreeNodeGraphID: 117
Level: 2
SimplifiedLevel: 0
EditOperation: 5 10 11 0 0
AccumulatedOpsCount: 1
AccumulatedOp: 5 10 11 0 0
ChildrenCount: 2
ChildIndices: 25 26
CompletedDBGraphIDsCount: 0
GraphStart
GraphDataStart
ID: 117
NumNodes: 60
NumEdges: 126
NodeLabels
7 2 2 2 2 3 3 3 3 3 4 4 4 4 4 4 4 4 4 4 4 4 4 4 4 4 4 4 4 4 4 4 5 5 5 5 5 5 5 5 5 5 5 5 5 5 5 5 5 5 5 5 5 5 5 5 5 5 5 5 
Edges
0 31 0
1 20 0
1 55 0
2 23 0
2 26 0
3 21 0
4 22 0
5 10 0
5 11 0
5 16 0
6 16 0
6 17 0
6 18 0
7 16 0
7 19 0
8 19 0
8 22 0
8 24 0
9 21 0
9 22 0
10 5 0
10 12 0
10 32 0
10 33 0
10 11 0
11 5 0
11 13 0
11 34 0
11 35 0
11 10 0
12 10 0
12 15 0
12 36 0
12 37 0
13 11 0
13 14 0
13 38 0
13 39 0
14 13 0
14 15 0
14 42 0
14 43 0
15 12 0
15 14 0
15 40 0
15 41 0
16 5 0
16 6 0
16 7 0
17 6 0
17 19 0
17 21 0
18 6 0
18 20 0
18 44 0
18 45 0
19 7 0
19 8 0
19 17 0
20 1 0
20 18 0
20 23 0
20 46 0
21 3 0
21 9 0
21 17 0
22 4 0
22 8 0
22 9 0
23 2 0
23 20 0
23 47 0
23 48 0
24 8 0
24 49 0
24 50 0
24 51 0
25 52 0
25 53 0
25 54 0
26 2 0
26 27 0
26 28 0
27 26 0
27 29 0
27 56 0
28 26 0
28 30 0
28 57 0
29 27 0
29 31 0
29 58 0
30 28 0
30 31 0
30 59 0
31 0 0
31 29 0
31 30 0
32 10 0
33 10 0
34 11 0
35 11 0
36 12 0
37 12 0
38 13 0
39 13 0
40 15 0
41 15 0
42 14 0
43 14 0
44 18 0
45 18 0
46 20 0
47 23 0
48 23 0
49 24 0
50 24 0
51 24 0
52 25 0
53 25 0
54 25 0
55 1 0
56 27 0
57 28 0
58 29 0
59 30 0
GraphDataEnd
GraphEnd
NodeEnd
NodeStart
EPTNodeID: 25
AnchorID: 7761
TreeNodeGraphID: 124
Level: 9
SimplifiedLevel: 0
EditOperation: 5 25 28 0 0
AccumulatedOpsCount: 7
AccumulatedOp: 0 0 0 7 5
AccumulatedOp: 4 10 33 0 0
AccumulatedOp: 4 5 11 0 0
AccumulatedOp: 4 28 57 0 0
AccumulatedOp: 5 5 33 0 0
AccumulatedOp: 5 9 57 0 0
AccumulatedOp: 5 25 28 0 0
ChildrenCount: 0
ChildIndices:
CompletedDBGraphIDsCount: 2
CompletedDBGraphID: 6268
CompletedDBGraphID: 8886
GraphStart
GraphDataStart
ID: 124
NumNodes: 60
NumEdges: 126
NodeLabels
5 2 2 2 2 3 3 3 3 3 4 4 4 4 4 4 4 4 4 4 4 4 4 4 4 4 4 4 4 4 4 4 5 5 5 5 5 5 5 5 5 5 5 5 5 5 5 5 5 5 5 5 5 5 5 5 5 5 5 5 
Edges
0 31 0
1 20 0
1 55 0
2 23 0
2 26 0
3 21 0
4 22 0
5 10 0
5 16 0
5 33 0
6 16 0
6 17 0
6 18 0
7 16 0
7 19 0
8 19 0
8 22 0
8 24 0
9 21 0
9 22 0
9 57 0
10 5 0
10 12 0
10 32 0
10 11 0
11 13 0
11 34 0
11 35 0
11 10 0
12 10 0
12 15 0
12 36 0
12 37 0
13 11 0
13 14 0
13 38 0
13 39 0
14 13 0
14 15 0
14 42 0
14 43 0
15 12 0
15 14 0
15 40 0
15 41 0
16 5 0
16 6 0
16 7 0
17 6 0
17 19 0
17 21 0
18 6 0
18 20 0
18 44 0
18 45 0
19 7 0
19 8 0
19 17 0
20 1 0
20 18 0
20 23 0
20 46 0
21 3 0
21 9 0
21 17 0
22 4 0
22 8 0
22 9 0
23 2 0
23 20 0
23 47 0
23 48 0
24 8 0
24 49 0
24 50 0
24 51 0
25 52 0
25 53 0
25 54 0
25 28 0
26 2 0
26 27 0
26 28 0
27 26 0
27 29 0
27 56 0
28 26 0
28 30 0
28 25 0
29 27 0
29 31 0
29 58 0
30 28 0
30 31 0
30 59 0
31 0 0
31 29 0
31 30 0
32 10 0
33 5 0
34 11 0
35 11 0
36 12 0
37 12 0
38 13 0
39 13 0
40 15 0
41 15 0
42 14 0
43 14 0
44 18 0
45 18 0
46 20 0
47 23 0
48 23 0
49 24 0
50 24 0
51 24 0
52 25 0
53 25 0
54 25 0
55 1 0
56 27 0
57 9 0
58 29 0
59 30 0
GraphDataEnd
GraphEnd
NodeEnd
NodeStart
EPTNodeID: 26
AnchorID: 7761
TreeNodeGraphID: 135
Level: 13
SimplifiedLevel: 0
EditOperation: 5 9 60 0 0
AccumulatedOpsCount: 11
AccumulatedOp: 2 60 0 0 5
AccumulatedOp: 0 0 0 7 4
AccumulatedOp: 2 61 0 0 5
AccumulatedOp: 5 0 25 0 0
AccumulatedOp: 2 62 0 0 5
AccumulatedOp: 5 0 62 0 0
AccumulatedOp: 4 5 10 0 0
AccumulatedOp: 4 11 34 0 0
AccumulatedOp: 5 5 34 0 0
AccumulatedOp: 5 0 61 0 0
AccumulatedOp: 5 9 60 0 0
ChildrenCount: 0
ChildIndices:
CompletedDBGraphIDsCount: 2
CompletedDBGraphID: 17261
CompletedDBGraphID: 22169
GraphStart
GraphDataStart
ID: 135
NumNodes: 63
NumEdges: 132
NodeLabels
4 2 2 2 2 3 3 3 3 3 4 4 4 4 4 4 4 4 4 4 4 4 4 4 4 4 4 4 4 4 4 4 5 5 5 5 5 5 5 5 5 5 5 5 5 5 5 5 5 5 5 5 5 5 5 5 5 5 5 5 5 5 5 
Edges
0 31 0
0 25 0
0 62 0
0 61 0
1 20 0
1 55 0
2 23 0
2 26 0
3 21 0
4 22 0
5 11 0
5 16 0
5 34 0
6 16 0
6 17 0
6 18 0
7 16 0
7 19 0
8 19 0
8 22 0
8 24 0
9 21 0
9 22 0
9 60 0
10 12 0
10 32 0
10 33 0
10 11 0
11 5 0
11 13 0
11 35 0
11 10 0
12 10 0
12 15 0
12 36 0
12 37 0
13 11 0
13 14 0
13 38 0
13 39 0
14 13 0
14 15 0
14 42 0
14 43 0
15 12 0
15 14 0
15 40 0
15 41 0
16 5 0
16 6 0
16 7 0
17 6 0
17 19 0
17 21 0
18 6 0
18 20 0
18 44 0
18 45 0
19 7 0
19 8 0
19 17 0
20 1 0
20 18 0
20 23 0
20 46 0
21 3 0
21 9 0
21 17 0
22 4 0
22 8 0
22 9 0
23 2 0
23 20 0
23 47 0
23 48 0
24 8 0
24 49 0
24 50 0
24 51 0
25 52 0
25 53 0
25 54 0
25 0 0
26 2 0
26 27 0
26 28 0
27 26 0
27 29 0
27 56 0
28 26 0
28 30 0
28 57 0
29 27 0
29 31 0
29 58 0
30 28 0
30 31 0
30 59 0
31 0 0
31 29 0
31 30 0
32 10 0
33 10 0
34 5 0
35 11 0
36 12 0
37 12 0
38 13 0
39 13 0
40 15 0
41 15 0
42 14 0
43 14 0
44 18 0
45 18 0
46 20 0
47 23 0
48 23 0
49 24 0
50 24 0
51 24 0
52 25 0
53 25 0
54 25 0
55 1 0
56 27 0
57 28 0
58 29 0
59 30 0
60 9 0
61 0 0
62 0 0
GraphDataEnd
GraphEnd
NodeEnd
NodeStart
EPTNodeID: 27
AnchorID: 7761
TreeNodeGraphID: 137
Level: 3
SimplifiedLevel: 0
EditOperation: 0 0 0 7 2
AccumulatedOpsCount: 2
AccumulatedOp: 5 0 25 0 0
AccumulatedOp: 0 0 0 7 2
ChildrenCount: 2
ChildIndices: 28 29
CompletedDBGraphIDsCount: 0
GraphStart
GraphDataStart
ID: 137
NumNodes: 60
NumEdges: 126
NodeLabels
2 2 2 2 2 3 3 3 3 3 4 4 4 4 4 4 4 4 4 4 4 4 4 4 4 4 4 4 4 4 4 4 5 5 5 5 5 5 5 5 5 5 5 5 5 5 5 5 5 5 5 5 5 5 5 5 5 5 5 5 
Edges
0 31 0
0 25 0
1 20 0
1 55 0
2 23 0
2 26 0
3 21 0
4 22 0
5 10 0
5 11 0
5 16 0
6 16 0
6 17 0
6 18 0
7 16 0
7 19 0
8 19 0
8 22 0
8 24 0
9 21 0
9 22 0
10 5 0
10 12 0
10 32 0
10 33 0
11 5 0
11 13 0
11 34 0
11 35 0
12 10 0
12 15 0
12 36 0
12 37 0
13 11 0
13 14 0
13 38 0
13 39 0
14 13 0
14 15 0
14 42 0
14 43 0
15 12 0
15 14 0
15 40 0
15 41 0
16 5 0
16 6 0
16 7 0
17 6 0
17 19 0
17 21 0
18 6 0
18 20 0
18 44 0
18 45 0
19 7 0
19 8 0
19 17 0
20 1 0
20 18 0
20 23 0
20 46 0
21 3 0
21 9 0
21 17 0
22 4 0
22 8 0
22 9 0
23 2 0
23 20 0
23 47 0
23 48 0
24 8 0
24 49 0
24 50 0
24 51 0
25 52 0
25 53 0
25 54 0
25 0 0
26 2 0
26 27 0
26 28 0
27 26 0
27 29 0
27 56 0
28 26 0
28 30 0
28 57 0
29 27 0
29 31 0
29 58 0
30 28 0
30 31 0
30 59 0
31 0 0
31 29 0
31 30 0
32 10 0
33 10 0
34 11 0
35 11 0
36 12 0
37 12 0
38 13 0
39 13 0
40 15 0
41 15 0
42 14 0
43 14 0
44 18 0
45 18 0
46 20 0
47 23 0
48 23 0
49 24 0
50 24 0
51 24 0
52 25 0
53 25 0
54 25 0
55 1 0
56 27 0
57 28 0
58 29 0
59 30 0
GraphDataEnd
GraphEnd
NodeEnd
NodeStart
EPTNodeID: 28
AnchorID: 7761
TreeNodeGraphID: 144
Level: 10
SimplifiedLevel: 0
EditOperation: 4 14 43 0 0
AccumulatedOpsCount: 7
AccumulatedOp: 4 14 42 0 0
AccumulatedOp: 5 15 42 0 0
AccumulatedOp: 0 14 0 4 3
AccumulatedOp: 5 9 43 0 0
AccumulatedOp: 4 12 15 0 0
AccumulatedOp: 5 12 14 0 0
AccumulatedOp: 4 14 43 0 0
ChildrenCount: 0
ChildIndices:
CompletedDBGraphIDsCount: 1
CompletedDBGraphID: 8600
GraphStart
GraphDataStart
ID: 144
NumNodes: 60
NumEdges: 126
NodeLabels
2 2 2 2 2 3 3 3 3 3 4 4 4 4 3 4 4 4 4 4 4 4 4 4 4 4 4 4 4 4 4 4 5 5 5 5 5 5 5 5 5 5 5 5 5 5 5 5 5 5 5 5 5 5 5 5 5 5 5 5 
Edges
0 31 0
0 25 0
1 20 0
1 55 0
2 23 0
2 26 0
3 21 0
4 22 0
5 10 0
5 11 0
5 16 0
6 16 0
6 17 0
6 18 0
7 16 0
7 19 0
8 19 0
8 22 0
8 24 0
9 21 0
9 22 0
9 43 0
10 5 0
10 12 0
10 32 0
10 33 0
11 5 0
11 13 0
11 34 0
11 35 0
12 10 0
12 36 0
12 37 0
12 14 0
13 11 0
13 14 0
13 38 0
13 39 0
14 13 0
14 15 0
14 12 0
15 14 0
15 40 0
15 41 0
15 42 0
16 5 0
16 6 0
16 7 0
17 6 0
17 19 0
17 21 0
18 6 0
18 20 0
18 44 0
18 45 0
19 7 0
19 8 0
19 17 0
20 1 0
20 18 0
20 23 0
20 46 0
21 3 0
21 9 0
21 17 0
22 4 0
22 8 0
22 9 0
23 2 0
23 20 0
23 47 0
23 48 0
24 8 0
24 49 0
24 50 0
24 51 0
25 52 0
25 53 0
25 54 0
25 0 0
26 2 0
26 27 0
26 28 0
27 26 0
27 29 0
27 56 0
28 26 0
28 30 0
28 57 0
29 27 0
29 31 0
29 58 0
30 28 0
30 31 0
30 59 0
31 0 0
31 29 0
31 30 0
32 10 0
33 10 0
34 11 0
35 11 0
36 12 0
37 12 0
38 13 0
39 13 0
40 15 0
41 15 0
42 15 0
43 9 0
44 18 0
45 18 0
46 20 0
47 23 0
48 23 0
49 24 0
50 24 0
51 24 0
52 25 0
53 25 0
54 25 0
55 1 0
56 27 0
57 28 0
58 29 0
59 30 0
GraphDataEnd
GraphEnd
NodeEnd
NodeStart
EPTNodeID: 29
AnchorID: 7761
TreeNodeGraphID: 146
Level: 5
SimplifiedLevel: 0
EditOperation: 5 9 60 0 0
AccumulatedOpsCount: 2
AccumulatedOp: 2 60 0 0 5
AccumulatedOp: 5 9 60 0 0
ChildrenCount: 0
ChildIndices:
CompletedDBGraphIDsCount: 1
CompletedDBGraphID: 1249
GraphStart
GraphDataStart
ID: 146
NumNodes: 61
NumEdges: 128
NodeLabels
2 2 2 2 2 3 3 3 3 3 4 4 4 4 4 4 4 4 4 4 4 4 4 4 4 4 4 4 4 4 4 4 5 5 5 5 5 5 5 5 5 5 5 5 5 5 5 5 5 5 5 5 5 5 5 5 5 5 5 5 5 
Edges
0 31 0
0 25 0
1 20 0
1 55 0
2 23 0
2 26 0
3 21 0
4 22 0
5 10 0
5 11 0
5 16 0
6 16 0
6 17 0
6 18 0
7 16 0
7 19 0
8 19 0
8 22 0
8 24 0
9 21 0
9 22 0
9 60 0
10 5 0
10 12 0
10 32 0
10 33 0
11 5 0
11 13 0
11 34 0
11 35 0
12 10 0
12 15 0
12 36 0
12 37 0
13 11 0
13 14 0
13 38 0
13 39 0
14 13 0
14 15 0
14 42 0
14 43 0
15 12 0
15 14 0
15 40 0
15 41 0
16 5 0
16 6 0
16 7 0
17 6 0
17 19 0
17 21 0
18 6 0
18 20 0
18 44 0
18 45 0
19 7 0
19 8 0
19 17 0
20 1 0
20 18 0
20 23 0
20 46 0
21 3 0
21 9 0
21 17 0
22 4 0
22 8 0
22 9 0
23 2 0
23 20 0
23 47 0
23 48 0
24 8 0
24 49 0
24 50 0
24 51 0
25 52 0
25 53 0
25 54 0
25 0 0
26 2 0
26 27 0
26 28 0
27 26 0
27 29 0
27 56 0
28 26 0
28 30 0
28 57 0
29 27 0
29 31 0
29 58 0
30 28 0
30 31 0
30 59 0
31 0 0
31 29 0
31 30 0
32 10 0
33 10 0
34 11 0
35 11 0
36 12 0
37 12 0
38 13 0
39 13 0
40 15 0
41 15 0
42 14 0
43 14 0
44 18 0
45 18 0
46 20 0
47 23 0
48 23 0
49 24 0
50 24 0
51 24 0
52 25 0
53 25 0
54 25 0
55 1 0
56 27 0
57 28 0
58 29 0
59 30 0
60 9 0
GraphDataEnd
GraphEnd
NodeEnd
NodeStart
EPTNodeID: 30
AnchorID: 7761
TreeNodeGraphID: 156
Level: 11
SimplifiedLevel: 0
EditOperation: 4 14 43 0 0
AccumulatedOpsCount: 10
AccumulatedOp: 5 9 43 0 0
AccumulatedOp: 4 0 31 0 0
AccumulatedOp: 5 15 25 0 0
AccumulatedOp: 1 0 0 7 0
AccumulatedOp: 0 14 0 4 3
AccumulatedOp: 5 12 14 0 0
AccumulatedOp: 4 12 15 0 0
AccumulatedOp: 5 15 31 0 0
AccumulatedOp: 4 14 15 0 0
AccumulatedOp: 4 14 43 0 0
ChildrenCount: 0
ChildIndices:
CompletedDBGraphIDsCount: 2
CompletedDBGraphID: 20156
CompletedDBGraphID: 20619
GraphStart
GraphDataStart
ID: 156
NumNodes: 59
NumEdges: 124
NodeLabels
2 2 2 2 3 3 3 3 3 4 4 4 4 3 4 4 4 4 4 4 4 4 4 4 4 4 4 4 4 4 4 5 5 5 5 5 5 5 5 5 5 5 5 5 5 5 5 5 5 5 5 5 5 5 5 5 5 5 5 
Edges
0 19 0
0 54 0
1 22 0
1 25 0
2 20 0
3 21 0
4 9 0
4 10 0
4 15 0
5 15 0
5 16 0
5 17 0
6 15 0
6 18 0
7 18 0
7 21 0
7 23 0
8 20 0
8 21 0
8 42 0
9 4 0
9 11 0
9 31 0
9 32 0
10 4 0
10 12 0
10 33 0
10 34 0
11 9 0
11 35 0
11 36 0
11 13 0
12 10 0
12 13 0
12 37 0
12 38 0
13 12 0
13 41 0
13 11 0
14 39 0
14 40 0
14 24 0
14 30 0
15 4 0
15 5 0
15 6 0
16 5 0
16 18 0
16 20 0
17 5 0
17 19 0
17 43 0
17 44 0
18 6 0
18 7 0
18 16 0
19 0 0
19 17 0
19 22 0
19 45 0
20 2 0
20 8 0
20 16 0
21 3 0
21 7 0
21 8 0
22 1 0
22 19 0
22 46 0
22 47 0
23 7 0
23 48 0
23 49 0
23 50 0
24 51 0
24 52 0
24 53 0
24 14 0
25 1 0
25 26 0
25 27 0
26 25 0
26 28 0
26 55 0
27 25 0
27 29 0
27 56 0
28 26 0
28 30 0
28 57 0
29 27 0
29 30 0
29 58 0
30 28 0
30 29 0
30 14 0
31 9 0
32 9 0
33 10 0
34 10 0
35 11 0
36 11 0
37 12 0
38 12 0
39 14 0
40 14 0
41 13 0
42 8 0
43 17 0
44 17 0
45 19 0
46 22 0
47 22 0
48 23 0
49 23 0
50 23 0
51 24 0
52 24 0
53 24 0
54 0 0
55 26 0
56 27 0
57 28 0
58 29 0
GraphDataEnd
GraphEnd
NodeEnd
NodeStart
EPTNodeID: 31
AnchorID: 7761
TreeNodeGraphID: 157
Level: 1
SimplifiedLevel: 0
EditOperation: 4 12 15 0 0
AccumulatedOpsCount: 1
AccumulatedOp: 4 12 15 0 0
ChildrenCount: 2
ChildIndices: 32 37
CompletedDBGraphIDsCount: 0
GraphStart
GraphDataStart
ID: 157
NumNodes: 60
NumEdges: 124
NodeLabels
7 2 2 2 2 3 3 3 3 3 4 4 4 4 4 4 4 4 4 4 4 4 4 4 4 4 4 4 4 4 4 4 5 5 5 5 5 5 5 5 5 5 5 5 5 5 5 5 5 5 5 5 5 5 5 5 5 5 5 5 
Edges
0 31 0
1 20 0
1 55 0
2 23 0
2 26 0
3 21 0
4 22 0
5 10 0
5 11 0
5 16 0
6 16 0
6 17 0
6 18 0
7 16 0
7 19 0
8 19 0
8 22 0
8 24 0
9 21 0
9 22 0
9 25 0
10 5 0
10 12 0
10 32 0
10 33 0
11 5 0
11 13 0
11 34 0
11 35 0
12 10 0
12 36 0
12 37 0
13 11 0
13 14 0
13 38 0
13 39 0
14 13 0
14 15 0
14 42 0
14 43 0
15 14 0
15 40 0
15 41 0
16 5 0
16 6 0
16 7 0
17 6 0
17 19 0
17 21 0
18 6 0
18 20 0
18 44 0
18 45 0
19 7 0
19 8 0
19 17 0
20 1 0
20 18 0
20 23 0
20 46 0
21 3 0
21 9 0
21 17 0
22 4 0
22 8 0
22 9 0
23 2 0
23 20 0
23 47 0
23 48 0
24 8 0
24 49 0
24 50 0
24 51 0
25 9 0
25 52 0
25 53 0
25 54 0
26 2 0
26 27 0
26 28 0
27 26 0
27 29 0
27 56 0
28 26 0
28 30 0
28 57 0
29 27 0
29 31 0
29 58 0
30 28 0
30 31 0
30 59 0
31 0 0
31 29 0
31 30 0
32 10 0
33 10 0
34 11 0
35 11 0
36 12 0
37 12 0
38 13 0
39 13 0
40 15 0
41 15 0
42 14 0
43 14 0
44 18 0
45 18 0
46 20 0
47 23 0
48 23 0
49 24 0
50 24 0
51 24 0
52 25 0
53 25 0
54 25 0
55 1 0
56 27 0
57 28 0
58 29 0
59 30 0
GraphDataEnd
GraphEnd
NodeEnd
NodeStart
EPTNodeID: 32
AnchorID: 7761
TreeNodeGraphID: 158
Level: 2
SimplifiedLevel: 0
EditOperation: 4 14 43 0 0
AccumulatedOpsCount: 1
AccumulatedOp: 4 14 43 0 0
ChildrenCount: 2
ChildIndices: 33 36
CompletedDBGraphIDsCount: 0
GraphStart
GraphDataStart
ID: 158
NumNodes: 60
NumEdges: 122
NodeLabels
7 2 2 2 2 3 3 3 3 3 4 4 4 4 4 4 4 4 4 4 4 4 4 4 4 4 4 4 4 4 4 4 5 5 5 5 5 5 5 5 5 5 5 5 5 5 5 5 5 5 5 5 5 5 5 5 5 5 5 5 
Edges
0 31 0
1 20 0
1 55 0
2 23 0
2 26 0
3 21 0
4 22 0
5 10 0
5 11 0
5 16 0
6 16 0
6 17 0
6 18 0
7 16 0
7 19 0
8 19 0
8 22 0
8 24 0
9 21 0
9 22 0
9 25 0
10 5 0
10 12 0
10 32 0
10 33 0
11 5 0
11 13 0
11 34 0
11 35 0
12 10 0
12 36 0
12 37 0
13 11 0
13 14 0
13 38 0
13 39 0
14 13 0
14 15 0
14 42 0
15 14 0
15 40 0
15 41 0
16 5 0
16 6 0
16 7 0
17 6 0
17 19 0
17 21 0
18 6 0
18 20 0
18 44 0
18 45 0
19 7 0
19 8 0
19 17 0
20 1 0
20 18 0
20 23 0
20 46 0
21 3 0
21 9 0
21 17 0
22 4 0
22 8 0
22 9 0
23 2 0
23 20 0
23 47 0
23 48 0
24 8 0
24 49 0
24 50 0
24 51 0
25 9 0
25 52 0
25 53 0
25 54 0
26 2 0
26 27 0
26 28 0
27 26 0
27 29 0
27 56 0
28 26 0
28 30 0
28 57 0
29 27 0
29 31 0
29 58 0
30 28 0
30 31 0
30 59 0
31 0 0
31 29 0
31 30 0
32 10 0
33 10 0
34 11 0
35 11 0
36 12 0
37 12 0
38 13 0
39 13 0
40 15 0
41 15 0
42 14 0
44 18 0
45 18 0
46 20 0
47 23 0
48 23 0
49 24 0
50 24 0
51 24 0
52 25 0
53 25 0
54 25 0
55 1 0
56 27 0
57 28 0
58 29 0
59 30 0
GraphDataEnd
GraphEnd
NodeEnd
NodeStart
EPTNodeID: 33
AnchorID: 7761
TreeNodeGraphID: 159
Level: 3
SimplifiedLevel: 0
EditOperation: 0 14 0 4 3
AccumulatedOpsCount: 1
AccumulatedOp: 0 14 0 4 3
ChildrenCount: 2
ChildIndices: 34 35
CompletedDBGraphIDsCount: 0
GraphStart
GraphDataStart
ID: 159
NumNodes: 60
NumEdges: 122
NodeLabels
7 2 2 2 2 3 3 3 3 3 4 4 4 4 3 4 4 4 4 4 4 4 4 4 4 4 4 4 4 4 4 4 5 5 5 5 5 5 5 5 5 5 5 5 5 5 5 5 5 5 5 5 5 5 5 5 5 5 5 5 
Edges
0 31 0
1 20 0
1 55 0
2 23 0
2 26 0
3 21 0
4 22 0
5 10 0
5 11 0
5 16 0
6 16 0
6 17 0
6 18 0
7 16 0
7 19 0
8 19 0
8 22 0
8 24 0
9 21 0
9 22 0
9 25 0
10 5 0
10 12 0
10 32 0
10 33 0
11 5 0
11 13 0
11 34 0
11 35 0
12 10 0
12 36 0
12 37 0
13 11 0
13 14 0
13 38 0
13 39 0
14 13 0
14 15 0
14 42 0
15 14 0
15 40 0
15 41 0
16 5 0
16 6 0
16 7 0
17 6 0
17 19 0
17 21 0
18 6 0
18 20 0
18 44 0
18 45 0
19 7 0
19 8 0
19 17 0
20 1 0
20 18 0
20 23 0
20 46 0
21 3 0
21 9 0
21 17 0
22 4 0
22 8 0
22 9 0
23 2 0
23 20 0
23 47 0
23 48 0
24 8 0
24 49 0
24 50 0
24 51 0
25 9 0
25 52 0
25 53 0
25 54 0
26 2 0
26 27 0
26 28 0
27 26 0
27 29 0
27 56 0
28 26 0
28 30 0
28 57 0
29 27 0
29 31 0
29 58 0
30 28 0
30 31 0
30 59 0
31 0 0
31 29 0
31 30 0
32 10 0
33 10 0
34 11 0
35 11 0
36 12 0
37 12 0
38 13 0
39 13 0
40 15 0
41 15 0
42 14 0
44 18 0
45 18 0
46 20 0
47 23 0
48 23 0
49 24 0
50 24 0
51 24 0
52 25 0
53 25 0
54 25 0
55 1 0
56 27 0
57 28 0
58 29 0
59 30 0
GraphDataEnd
GraphEnd
NodeEnd
NodeStart
EPTNodeID: 34
AnchorID: 7761
TreeNodeGraphID: 166
Level: 10
SimplifiedLevel: 0
EditOperation: 5 12 43 0 0
AccumulatedOpsCount: 7
AccumulatedOp: 4 10 12 0 0
AccumulatedOp: 0 0 0 7 5
AccumulatedOp: 5 10 15 0 0
AccumulatedOp: 4 28 57 0 0
AccumulatedOp: 1 57 0 5 0
AccumulatedOp: 5 12 28 0 0
AccumulatedOp: 5 12 43 0 0
ChildrenCount: 0
ChildIndices:
CompletedDBGraphIDsCount: 2
CompletedDBGraphID: 7043
CompletedDBGraphID: 22486
GraphStart
GraphDataStart
ID: 166
NumNodes: 59
NumEdges: 124
NodeLabels
5 2 2 2 2 3 3 3 3 3 4 4 4 4 3 4 4 4 4 4 4 4 4 4 4 4 4 4 4 4 4 4 5 5 5 5 5 5 5 5 5 5 5 5 5 5 5 5 5 5 5 5 5 5 5 5 5 5 5 
Edges
0 31 0
1 20 0
1 55 0
2 23 0
2 26 0
3 21 0
4 22 0
5 10 0
5 11 0
5 16 0
6 16 0
6 17 0
6 18 0
7 16 0
7 19 0
8 19 0
8 22 0
8 24 0
9 21 0
9 22 0
9 25 0
10 5 0
10 32 0
10 33 0
10 15 0
11 5 0
11 13 0
11 34 0
11 35 0
12 36 0
12 37 0
12 28 0
12 43 0
13 11 0
13 14 0
13 38 0
13 39 0
14 13 0
14 15 0
14 42 0
15 14 0
15 40 0
15 41 0
15 10 0
16 5 0
16 6 0
16 7 0
17 6 0
17 19 0
17 21 0
18 6 0
18 20 0
18 44 0
18 45 0
19 7 0
19 8 0
19 17 0
20 1 0
20 18 0
20 23 0
20 46 0
21 3 0
21 9 0
21 17 0
22 4 0
22 8 0
22 9 0
23 2 0
23 20 0
23 47 0
23 48 0
24 8 0
24 49 0
24 50 0
24 51 0
25 9 0
25 52 0
25 53 0
25 54 0
26 2 0
26 27 0
26 28 0
27 26 0
27 29 0
27 56 0
28 26 0
28 30 0
28 12 0
29 27 0
29 31 0
29 57 0
30 28 0
30 31 0
30 58 0
31 0 0
31 29 0
31 30 0
32 10 0
33 10 0
34 11 0
35 11 0
36 12 0
37 12 0
38 13 0
39 13 0
40 15 0
41 15 0
42 14 0
43 12 0
44 18 0
45 18 0
46 20 0
47 23 0
48 23 0
49 24 0
50 24 0
51 24 0
52 25 0
53 25 0
54 25 0
55 1 0
56 27 0
57 29 0
58 30 0
GraphDataEnd
GraphEnd
NodeEnd
NodeStart
EPTNodeID: 35
AnchorID: 7761
TreeNodeGraphID: 170
Level: 7
SimplifiedLevel: 0
EditOperation: 4 14 42 0 0
AccumulatedOpsCount: 4
AccumulatedOp: 1 43 0 5 0
AccumulatedOp: 5 12 14 0 0
AccumulatedOp: 5 15 42 0 0
AccumulatedOp: 4 14 42 0 0
ChildrenCount: 0
ChildIndices:
CompletedDBGraphIDsCount: 2
CompletedDBGraphID: 17889
CompletedDBGraphID: 17568
GraphStart
GraphDataStart
ID: 170
NumNodes: 59
NumEdges: 124
NodeLabels
7 2 2 2 2 3 3 3 3 3 4 4 4 4 3 4 4 4 4 4 4 4 4 4 4 4 4 4 4 4 4 4 5 5 5 5 5 5 5 5 5 5 5 5 5 5 5 5 5 5 5 5 5 5 5 5 5 5 5 
Edges
0 31 0
1 20 0
1 54 0
2 23 0
2 26 0
3 21 0
4 22 0
5 10 0
5 11 0
5 16 0
6 16 0
6 17 0
6 18 0
7 16 0
7 19 0
8 19 0
8 22 0
8 24 0
9 21 0
9 22 0
9 25 0
10 5 0
10 12 0
10 32 0
10 33 0
11 5 0
11 13 0
11 34 0
11 35 0
12 10 0
12 36 0
12 37 0
12 14 0
13 11 0
13 14 0
13 38 0
13 39 0
14 13 0
14 15 0
14 12 0
15 14 0
15 40 0
15 41 0
15 42 0
16 5 0
16 6 0
16 7 0
17 6 0
17 19 0
17 21 0
18 6 0
18 20 0
18 43 0
18 44 0
19 7 0
19 8 0
19 17 0
20 1 0
20 18 0
20 23 0
20 45 0
21 3 0
21 9 0
21 17 0
22 4 0
22 8 0
22 9 0
23 2 0
23 20 0
23 46 0
23 47 0
24 8 0
24 48 0
24 49 0
24 50 0
25 9 0
25 51 0
25 52 0
25 53 0
26 2 0
26 27 0
26 28 0
27 26 0
27 29 0
27 55 0
28 26 0
28 30 0
28 56 0
29 27 0
29 31 0
29 57 0
30 28 0
30 31 0
30 58 0
31 0 0
31 29 0
31 30 0
32 10 0
33 10 0
34 11 0
35 11 0
36 12 0
37 12 0
38 13 0
39 13 0
40 15 0
41 15 0
42 15 0
43 18 0
44 18 0
45 20 0
46 23 0
47 23 0
48 24 0
49 24 0
50 24 0
51 25 0
52 25 0
53 25 0
54 1 0
55 27 0
56 28 0
57 29 0
58 30 0
GraphDataEnd
GraphEnd
NodeEnd
NodeStart
EPTNodeID: 36
AnchorID: 7761
TreeNodeGraphID: 178
Level: 10
SimplifiedLevel: 0
EditOperation: 5 12 42 0 0
AccumulatedOpsCount: 8
AccumulatedOp: 1 43 0 5 0
AccumulatedOp: 5 10 15 0 0
AccumulatedOp: 4 14 42 0 0
AccumulatedOp: 0 0 0 7 2
AccumulatedOp: 0 14 0 4 2
AccumulatedOp: 4 10 12 0 0
AccumulatedOp: 5 0 12 0 0
AccumulatedOp: 5 12 42 0 0
ChildrenCount: 0
ChildIndices:
CompletedDBGraphIDsCount: 2
CompletedDBGraphID: 11830
CompletedDBGraphID: 22525
GraphStart
GraphDataStart
ID: 178
NumNodes: 59
NumEdges: 124
NodeLabels
2 2 2 2 2 3 3 3 3 3 4 4 4 4 2 4 4 4 4 4 4 4 4 4 4 4 4 4 4 4 4 4 5 5 5 5 5 5 5 5 5 5 5 5 5 5 5 5 5 5 5 5 5 5 5 5 5 5 5 
Edges
0 31 0
0 12 0
1 20 0
1 54 0
2 23 0
2 26 0
3 21 0
4 22 0
5 10 0
5 11 0
5 16 0
6 16 0
6 17 0
6 18 0
7 16 0
7 19 0
8 19 0
8 22 0
8 24 0
9 21 0
9 22 0
9 25 0
10 5 0
10 32 0
10 33 0
10 15 0
11 5 0
11 13 0
11 34 0
11 35 0
12 36 0
12 37 0
12 0 0
12 42 0
13 11 0
13 14 0
13 38 0
13 39 0
14 13 0
14 15 0
15 14 0
15 40 0
15 41 0
15 10 0
16 5 0
16 6 0
16 7 0
17 6 0
17 19 0
17 21 0
18 6 0
18 20 0
18 43 0
18 44 0
19 7 0
19 8 0
19 17 0
20 1 0
20 18 0
20 23 0
20 45 0
21 3 0
21 9 0
21 17 0
22 4 0
22 8 0
22 9 0
23 2 0
23 20 0
23 46 0
23 47 0
24 8 0
24 48 0
24 49 0
24 50 0
25 9 0
25 51 0
25 52 0
25 53 0
26 2 0
26 27 0
26 28 0
27 26 0
27 29 0
27 55 0
28 26 0
28 30 0
28 56 0
29 27 0
29 31 0
29 57 0
30 28 0
30 31 0
30 58 0
31 0 0
31 29 0
31 30 0
32 10 0
33 10 0
34 11 0
35 11 0
36 12 0
37 12 0
38 13 0
39 13 0
40 15 0
41 15 0
42 12 0
43 18 0
44 18 0
45 20 0
46 23 0
47 23 0
48 24 0
49 24 0
50 24 0
51 25 0
52 25 0
53 25 0
54 1 0
55 27 0
56 28 0
57 29 0
58 30 0
GraphDataEnd
GraphEnd
NodeEnd
NodeStart
EPTNodeID: 37
AnchorID: 7761
TreeNodeGraphID: 187
Level: 10
SimplifiedLevel: 0
EditOperation: 5 5 15 0 0
AccumulatedOpsCount: 9
AccumulatedOp: 0 0 0 7 2
AccumulatedOp: 0 12 0 4 5
AccumulatedOp: 4 12 37 0 0
AccumulatedOp: 1 37 0 5 0
AccumulatedOp: 4 12 36 0 0
AccumulatedOp: 1 36 0 5 0
AccumulatedOp: 4 5 10 0 0
AccumulatedOp: 5 0 10 0 0
AccumulatedOp: 5 5 15 0 0
ChildrenCount: 0
ChildIndices:
CompletedDBGraphIDsCount: 2
CompletedDBGraphID: 20770
CompletedDBGraphID: 8506
GraphStart
GraphDataStart
ID: 187
NumNodes: 58
NumEdges: 122
NodeLabels
2 2 2 2 2 3 3 3 3 3 4 4 5 4 4 4 4 4 4 4 4 4 4 4 4 4 4 4 4 4 4 4 5 5 5 5 5 5 5 5 5 5 5 5 5 5 5 5 5 5 5 5 5 5 5 5 5 5 
Edges
0 31 0
0 10 0
1 20 0
1 53 0
2 23 0
2 26 0
3 21 0
4 22 0
5 11 0
5 16 0
5 15 0
6 16 0
6 17 0
6 18 0
7 16 0
7 19 0
8 19 0
8 22 0
8 24 0
9 21 0
9 22 0
9 25 0
10 12 0
10 32 0
10 33 0
10 0 0
11 5 0
11 13 0
11 34 0
11 35 0
12 10 0
13 11 0
13 14 0
13 36 0
13 37 0
14 13 0
14 15 0
14 40 0
14 41 0
15 14 0
15 38 0
15 39 0
15 5 0
16 5 0
16 6 0
16 7 0
17 6 0
17 19 0
17 21 0
18 6 0
18 20 0
18 42 0
18 43 0
19 7 0
19 8 0
19 17 0
20 1 0
20 18 0
20 23 0
20 44 0
21 3 0
21 9 0
21 17 0
22 4 0
22 8 0
22 9 0
23 2 0
23 20 0
23 45 0
23 46 0
24 8 0
24 47 0
24 48 0
24 49 0
25 9 0
25 50 0
25 51 0
25 52 0
26 2 0
26 27 0
26 28 0
27 26 0
27 29 0
27 54 0
28 26 0
28 30 0
28 55 0
29 27 0
29 31 0
29 56 0
30 28 0
30 31 0
30 57 0
31 0 0
31 29 0
31 30 0
32 10 0
33 10 0
34 11 0
35 11 0
36 13 0
37 13 0
38 15 0
39 15 0
40 14 0
41 14 0
42 18 0
43 18 0
44 20 0
45 23 0
46 23 0
47 24 0
48 24 0
49 24 0
50 25 0
51 25 0
52 25 0
53 1 0
54 27 0
55 28 0
56 29 0
57 30 0
GraphDataEnd
GraphEnd
NodeEnd
NodeStart
EPTNodeID: 38
AnchorID: 7761
TreeNodeGraphID: 188
Level: 1
SimplifiedLevel: 0
EditOperation: 0 0 0 7 5
AccumulatedOpsCount: 1
AccumulatedOp: 0 0 0 7 5
ChildrenCount: 3
ChildIndices: 39 40 41
CompletedDBGraphIDsCount: 0
GraphStart
GraphDataStart
ID: 188
NumNodes: 60
NumEdges: 126
NodeLabels
5 2 2 2 2 3 3 3 3 3 4 4 4 4 4 4 4 4 4 4 4 4 4 4 4 4 4 4 4 4 4 4 5 5 5 5 5 5 5 5 5 5 5 5 5 5 5 5 5 5 5 5 5 5 5 5 5 5 5 5 
Edges
0 31 0
1 20 0
1 55 0
2 23 0
2 26 0
3 21 0
4 22 0
5 10 0
5 11 0
5 16 0
6 16 0
6 17 0
6 18 0
7 16 0
7 19 0
8 19 0
8 22 0
8 24 0
9 21 0
9 22 0
9 25 0
10 5 0
10 12 0
10 32 0
10 33 0
11 5 0
11 13 0
11 34 0
11 35 0
12 10 0
12 15 0
12 36 0
12 37 0
13 11 0
13 14 0
13 38 0
13 39 0
14 13 0
14 15 0
14 42 0
14 43 0
15 12 0
15 14 0
15 40 0
15 41 0
16 5 0
16 6 0
16 7 0
17 6 0
17 19 0
17 21 0
18 6 0
18 20 0
18 44 0
18 45 0
19 7 0
19 8 0
19 17 0
20 1 0
20 18 0
20 23 0
20 46 0
21 3 0
21 9 0
21 17 0
22 4 0
22 8 0
22 9 0
23 2 0
23 20 0
23 47 0
23 48 0
24 8 0
24 49 0
24 50 0
24 51 0
25 9 0
25 52 0
25 53 0
25 54 0
26 2 0
26 27 0
26 28 0
27 26 0
27 29 0
27 56 0
28 26 0
28 30 0
28 57 0
29 27 0
29 31 0
29 58 0
30 28 0
30 31 0
30 59 0
31 0 0
31 29 0
31 30 0
32 10 0
33 10 0
34 11 0
35 11 0
36 12 0
37 12 0
38 13 0
39 13 0
40 15 0
41 15 0
42 14 0
43 14 0
44 18 0
45 18 0
46 20 0
47 23 0
48 23 0
49 24 0
50 24 0
51 24 0
52 25 0
53 25 0
54 25 0
55 1 0
56 27 0
57 28 0
58 29 0
59 30 0
GraphDataEnd
GraphEnd
NodeEnd
NodeStart
EPTNodeID: 39
AnchorID: 7761
TreeNodeGraphID: 195
Level: 8
SimplifiedLevel: 0
EditOperation: 1 54 0 5 0
AccumulatedOpsCount: 7
AccumulatedOp: 0 25 0 4 5
AccumulatedOp: 4 25 52 0 0
AccumulatedOp: 1 52 0 5 0
AccumulatedOp: 4 25 53 0 0
AccumulatedOp: 1 53 0 5 0
AccumulatedOp: 4 25 54 0 0
AccumulatedOp: 1 54 0 5 0
ChildrenCount: 0
ChildIndices:
CompletedDBGraphIDsCount: 2
CompletedDBGraphID: 15632
CompletedDBGraphID: 3113
GraphStart
GraphDataStart
ID: 195
NumNodes: 57
NumEdges: 120
NodeLabels
5 2 2 2 2 3 3 3 3 3 4 4 4 4 4 4 4 4 4 4 4 4 4 4 4 5 4 4 4 4 4 4 5 5 5 5 5 5 5 5 5 5 5 5 5 5 5 5 5 5 5 5 5 5 5 5 5 
Edges
0 31 0
1 20 0
1 52 0
2 23 0
2 26 0
3 21 0
4 22 0
5 10 0
5 11 0
5 16 0
6 16 0
6 17 0
6 18 0
7 16 0
7 19 0
8 19 0
8 22 0
8 24 0
9 21 0
9 22 0
9 25 0
10 5 0
10 12 0
10 32 0
10 33 0
11 5 0
11 13 0
11 34 0
11 35 0
12 10 0
12 15 0
12 36 0
12 37 0
13 11 0
13 14 0
13 38 0
13 39 0
14 13 0
14 15 0
14 42 0
14 43 0
15 12 0
15 14 0
15 40 0
15 41 0
16 5 0
16 6 0
16 7 0
17 6 0
17 19 0
17 21 0
18 6 0
18 20 0
18 44 0
18 45 0
19 7 0
19 8 0
19 17 0
20 1 0
20 18 0
20 23 0
20 46 0
21 3 0
21 9 0
21 17 0
22 4 0
22 8 0
22 9 0
23 2 0
23 20 0
23 47 0
23 48 0
24 8 0
24 49 0
24 50 0
24 51 0
25 9 0
26 2 0
26 27 0
26 28 0
27 26 0
27 29 0
27 53 0
28 26 0
28 30 0
28 54 0
29 27 0
29 31 0
29 55 0
30 28 0
30 31 0
30 56 0
31 0 0
31 29 0
31 30 0
32 10 0
33 10 0
34 11 0
35 11 0
36 12 0
37 12 0
38 13 0
39 13 0
40 15 0
41 15 0
42 14 0
43 14 0
44 18 0
45 18 0
46 20 0
47 23 0
48 23 0
49 24 0
50 24 0
51 24 0
52 1 0
53 27 0
54 28 0
55 29 0
56 30 0
GraphDataEnd
GraphEnd
NodeEnd
NodeStart
EPTNodeID: 40
AnchorID: 7761
TreeNodeGraphID: 206
Level: 12
SimplifiedLevel: 0
EditOperation: 5 11 40 0 0
AccumulatedOpsCount: 11
AccumulatedOp: 0 15 0 4 2
AccumulatedOp: 4 5 11 0 0
AccumulatedOp: 5 11 28 0 0
AccumulatedOp: 4 11 13 0 0
AccumulatedOp: 4 15 41 0 0
AccumulatedOp: 1 41 0 5 0
AccumulatedOp: 4 15 40 0 0
AccumulatedOp: 4 28 57 0 0
AccumulatedOp: 1 57 0 5 0
AccumulatedOp: 5 5 13 0 0
AccumulatedOp: 5 11 40 0 0
ChildrenCount: 0
ChildIndices:
CompletedDBGraphIDsCount: 2
CompletedDBGraphID: 3606
CompletedDBGraphID: 4297
GraphStart
GraphDataStart
ID: 206
NumNodes: 58
NumEdges: 122
NodeLabels
5 2 2 2 2 3 3 3 3 3 4 4 4 4 4 2 4 4 4 4 4 4 4 4 4 4 4 4 4 4 4 4 5 5 5 5 5 5 5 5 5 5 5 5 5 5 5 5 5 5 5 5 5 5 5 5 5 5 
Edges
0 31 0
1 20 0
1 54 0
2 23 0
2 26 0
3 21 0
4 22 0
5 10 0
5 16 0
5 13 0
6 16 0
6 17 0
6 18 0
7 16 0
7 19 0
8 19 0
8 22 0
8 24 0
9 21 0
9 22 0
9 25 0
10 5 0
10 12 0
10 32 0
10 33 0
11 34 0
11 35 0
11 28 0
11 40 0
12 10 0
12 15 0
12 36 0
12 37 0
13 14 0
13 38 0
13 39 0
13 5 0
14 13 0
14 15 0
14 41 0
14 42 0
15 12 0
15 14 0
16 5 0
16 6 0
16 7 0
17 6 0
17 19 0
17 21 0
18 6 0
18 20 0
18 43 0
18 44 0
19 7 0
19 8 0
19 17 0
20 1 0
20 18 0
20 23 0
20 45 0
21 3 0
21 9 0
21 17 0
22 4 0
22 8 0
22 9 0
23 2 0
23 20 0
23 46 0
23 47 0
24 8 0
24 48 0
24 49 0
24 50 0
25 9 0
25 51 0
25 52 0
25 53 0
26 2 0
26 27 0
26 28 0
27 26 0
27 29 0
27 55 0
28 26 0
28 30 0
28 11 0
29 27 0
29 31 0
29 56 0
30 28 0
30 31 0
30 57 0
31 0 0
31 29 0
31 30 0
32 10 0
33 10 0
34 11 0
35 11 0
36 12 0
37 12 0
38 13 0
39 13 0
40 11 0
41 14 0
42 14 0
43 18 0
44 18 0
45 20 0
46 23 0
47 23 0
48 24 0
49 24 0
50 24 0
51 25 0
52 25 0
53 25 0
54 1 0
55 27 0
56 29 0
57 30 0
GraphDataEnd
GraphEnd
NodeEnd
NodeStart
EPTNodeID: 41
AnchorID: 7761
TreeNodeGraphID: 217
Level: 12
SimplifiedLevel: 0
EditOperation: 5 56 62 0 0
AccumulatedOpsCount: 11
AccumulatedOp: 4 5 10 0 0
AccumulatedOp: 2 61 0 0 5
AccumulatedOp: 5 10 11 0 0
AccumulatedOp: 2 62 0 0 5
AccumulatedOp: 0 56 0 5 4
AccumulatedOp: 2 60 0 0 5
AccumulatedOp: 4 11 34 0 0
AccumulatedOp: 5 5 34 0 0
AccumulatedOp: 5 56 60 0 0
AccumulatedOp: 5 56 61 0 0
AccumulatedOp: 5 56 62 0 0
ChildrenCount: 0
ChildIndices:
CompletedDBGraphIDsCount: 2
CompletedDBGraphID: 2510
CompletedDBGraphID: 21891
GraphStart
GraphDataStart
ID: 217
NumNodes: 63
NumEdges: 132
NodeLabels
5 2 2 2 2 3 3 3 3 3 4 4 4 4 4 4 4 4 4 4 4 4 4 4 4 4 4 4 4 4 4 4 5 5 5 5 5 5 5 5 5 5 5 5 5 5 5 5 5 5 5 5 5 5 5 5 4 5 5 5 5 5 5 
Edges
0 31 0
1 20 0
1 55 0
2 23 0
2 26 0
3 21 0
4 22 0
5 11 0
5 16 0
5 34 0
6 16 0
6 17 0
6 18 0
7 16 0
7 19 0
8 19 0
8 22 0
8 24 0
9 21 0
9 22 0
9 25 0
10 12 0
10 32 0
10 33 0
10 11 0
11 5 0
11 13 0
11 35 0
11 10 0
12 10 0
12 15 0
12 36 0
12 37 0
13 11 0
13 14 0
13 38 0
13 39 0
14 13 0
14 15 0
14 42 0
14 43 0
15 12 0
15 14 0
15 40 0
15 41 0
16 5 0
16 6 0
16 7 0
17 6 0
17 19 0
17 21 0
18 6 0
18 20 0
18 44 0
18 45 0
19 7 0
19 8 0
19 17 0
20 1 0
20 18 0
20 23 0
20 46 0
21 3 0
21 9 0
21 17 0
22 4 0
22 8 0
22 9 0
23 2 0
23 20 0
23 47 0
23 48 0
24 8 0
24 49 0
24 50 0
24 51 0
25 9 0
25 52 0
25 53 0
25 54 0
26 2 0
26 27 0
26 28 0
27 26 0
27 29 0
27 56 0
28 26 0
28 30 0
28 57 0
29 27 0
29 31 0
29 58 0
30 28 0
30 31 0
30 59 0
31 0 0
31 29 0
31 30 0
32 10 0
33 10 0
34 5 0
35 11 0
36 12 0
37 12 0
38 13 0
39 13 0
40 15 0
41 15 0
42 14 0
43 14 0
44 18 0
45 18 0
46 20 0
47 23 0
48 23 0
49 24 0
50 24 0
51 24 0
52 25 0
53 25 0
54 25 0
55 1 0
56 27 0
56 60 0
56 61 0
56 62 0
57 28 0
58 29 0
59 30 0
60 56 0
61 56 0
62 56 0
GraphDataEnd
GraphEnd
NodeEnd
NodeStart
EPTNodeID: 42
AnchorID: 7761
TreeNodeGraphID: 225
Level: 8
SimplifiedLevel: 0
EditOperation: 5 0 10 0 0
AccumulatedOpsCount: 8
AccumulatedOp: 4 14 43 0 0
AccumulatedOp: 0 0 0 7 2
AccumulatedOp: 0 14 0 4 3
AccumulatedOp: 5 10 43 0 0
AccumulatedOp: 5 5 12 0 0
AccumulatedOp: 4 5 10 0 0
AccumulatedOp: 4 10 12 0 0
AccumulatedOp: 5 0 10 0 0
ChildrenCount: 0
ChildIndices:
CompletedDBGraphIDsCount: 2
CompletedDBGraphID: 13059
CompletedDBGraphID: 8219
GraphStart
GraphDataStart
ID: 225
NumNodes: 60
NumEdges: 126
NodeLabels
2 2 2 2 2 3 3 3 3 3 4 4 4 4 3 4 4 4 4 4 4 4 4 4 4 4 4 4 4 4 4 4 5 5 5 5 5 5 5 5 5 5 5 5 5 5 5 5 5 5 5 5 5 5 5 5 5 5 5 5 
Edges
0 31 0
0 10 0
1 20 0
1 55 0
2 23 0
2 26 0
3 21 0
4 22 0
5 11 0
5 16 0
5 12 0
6 16 0
6 17 0
6 18 0
7 16 0
7 19 0
8 19 0
8 22 0
8 24 0
9 21 0
9 22 0
9 25 0
10 32 0
10 33 0
10 43 0
10 0 0
11 5 0
11 13 0
11 34 0
11 35 0
12 15 0
12 36 0
12 37 0
12 5 0
13 11 0
13 14 0
13 38 0
13 39 0
14 13 0
14 15 0
14 42 0
15 12 0
15 14 0
15 40 0
15 41 0
16 5 0
16 6 0
16 7 0
17 6 0
17 19 0
17 21 0
18 6 0
18 20 0
18 44 0
18 45 0
19 7 0
19 8 0
19 17 0
20 1 0
20 18 0
20 23 0
20 46 0
21 3 0
21 9 0
21 17 0
22 4 0
22 8 0
22 9 0
23 2 0
23 20 0
23 47 0
23 48 0
24 8 0
24 49 0
24 50 0
24 51 0
25 9 0
25 52 0
25 53 0
25 54 0
26 2 0
26 27 0
26 28 0
27 26 0
27 29 0
27 56 0
28 26 0
28 30 0
28 57 0
29 27 0
29 31 0
29 58 0
30 28 0
30 31 0
30 59 0
31 0 0
31 29 0
31 30 0
32 10 0
33 10 0
34 11 0
35 11 0
36 12 0
37 12 0
38 13 0
39 13 0
40 15 0
41 15 0
42 14 0
43 10 0
44 18 0
45 18 0
46 20 0
47 23 0
48 23 0
49 24 0
50 24 0
51 24 0
52 25 0
53 25 0
54 25 0
55 1 0
56 27 0
57 28 0
58 29 0
59 30 0
GraphDataEnd
GraphEnd
NodeEnd
NodeStart
EPTNodeID: 43
AnchorID: 7761
TreeNodeGraphID: 232
Level: 7
SimplifiedLevel: 0
EditOperation: 1 53 0 5 0
AccumulatedOpsCount: 7
AccumulatedOp: 4 25 54 0 0
AccumulatedOp: 0 25 0 4 5
AccumulatedOp: 1 54 0 5 0
AccumulatedOp: 4 25 52 0 0
AccumulatedOp: 1 52 0 5 0
AccumulatedOp: 4 25 53 0 0
AccumulatedOp: 1 53 0 5 0
ChildrenCount: 1
ChildIndices: 44
CompletedDBGraphIDsCount: 1
CompletedDBGraphID: 17609
GraphStart
GraphDataStart
ID: 232
NumNodes: 57
NumEdges: 120
NodeLabels
7 2 2 2 2 3 3 3 3 3 4 4 4 4 4 4 4 4 4 4 4 4 4 4 4 5 4 4 4 4 4 4 5 5 5 5 5 5 5 5 5 5 5 5 5 5 5 5 5 5 5 5 5 5 5 5 5 
Edges
0 31 0
1 20 0
1 52 0
2 23 0
2 26 0
3 21 0
4 22 0
5 10 0
5 11 0
5 16 0
6 16 0
6 17 0
6 18 0
7 16 0
7 19 0
8 19 0
8 22 0
8 24 0
9 21 0
9 22 0
9 25 0
10 5 0
10 12 0
10 32 0
10 33 0
11 5 0
11 13 0
11 34 0
11 35 0
12 10 0
12 15 0
12 36 0
12 37 0
13 11 0
13 14 0
13 38 0
13 39 0
14 13 0
14 15 0
14 42 0
14 43 0
15 12 0
15 14 0
15 40 0
15 41 0
16 5 0
16 6 0
16 7 0
17 6 0
17 19 0
17 21 0
18 6 0
18 20 0
18 44 0
18 45 0
19 7 0
19 8 0
19 17 0
20 1 0
20 18 0
20 23 0
20 46 0
21 3 0
21 9 0
21 17 0
22 4 0
22 8 0
22 9 0
23 2 0
23 20 0
23 47 0
23 48 0
24 8 0
24 49 0
24 50 0
24 51 0
25 9 0
26 2 0
26 27 0
26 28 0
27 26 0
27 29 0
27 53 0
28 26 0
28 30 0
28 54 0
29 27 0
29 31 0
29 55 0
30 28 0
30 31 0
30 56 0
31 0 0
31 29 0
31 30 0
32 10 0
33 10 0
34 11 0
35 11 0
36 12 0
37 12 0
38 13 0
39 13 0
40 15 0
41 15 0
42 14 0
43 14 0
44 18 0
45 18 0
46 20 0
47 23 0
48 23 0
49 24 0
50 24 0
51 24 0
52 1 0
53 27 0
54 28 0
55 29 0
56 30 0
GraphDataEnd
GraphEnd
NodeEnd
NodeStart
EPTNodeID: 44
AnchorID: 7761
TreeNodeGraphID: 233
Level: 8
SimplifiedLevel: 0
EditOperation: 0 0 0 7 9
AccumulatedOpsCount: 1
AccumulatedOp: 0 0 0 7 9
ChildrenCount: 0
ChildIndices:
CompletedDBGraphIDsCount: 1
CompletedDBGraphID: 21944
GraphStart
GraphDataStart
ID: 233
NumNodes: 57
NumEdges: 120
NodeLabels
9 2 2 2 2 3 3 3 3 3 4 4 4 4 4 4 4 4 4 4 4 4 4 4 4 5 4 4 4 4 4 4 5 5 5 5 5 5 5 5 5 5 5 5 5 5 5 5 5 5 5 5 5 5 5 5 5 
Edges
0 31 0
1 20 0
1 52 0
2 23 0
2 26 0
3 21 0
4 22 0
5 10 0
5 11 0
5 16 0
6 16 0
6 17 0
6 18 0
7 16 0
7 19 0
8 19 0
8 22 0
8 24 0
9 21 0
9 22 0
9 25 0
10 5 0
10 12 0
10 32 0
10 33 0
11 5 0
11 13 0
11 34 0
11 35 0
12 10 0
12 15 0
12 36 0
12 37 0
13 11 0
13 14 0
13 38 0
13 39 0
14 13 0
14 15 0
14 42 0
14 43 0
15 12 0
15 14 0
15 40 0
15 41 0
16 5 0
16 6 0
16 7 0
17 6 0
17 19 0
17 21 0
18 6 0
18 20 0
18 44 0
18 45 0
19 7 0
19 8 0
19 17 0
20 1 0
20 18 0
20 23 0
20 46 0
21 3 0
21 9 0
21 17 0
22 4 0
22 8 0
22 9 0
23 2 0
23 20 0
23 47 0
23 48 0
24 8 0
24 49 0
24 50 0
24 51 0
25 9 0
26 2 0
26 27 0
26 28 0
27 26 0
27 29 0
27 53 0
28 26 0
28 30 0
28 54 0
29 27 0
29 31 0
29 55 0
30 28 0
30 31 0
30 56 0
31 0 0
31 29 0
31 30 0
32 10 0
33 10 0
34 11 0
35 11 0
36 12 0
37 12 0
38 13 0
39 13 0
40 15 0
41 15 0
42 14 0
43 14 0
44 18 0
45 18 0
46 20 0
47 23 0
48 23 0
49 24 0
50 24 0
51 24 0
52 1 0
53 27 0
54 28 0
55 29 0
56 30 0
GraphDataEnd
GraphEnd
NodeEnd
END_EPT
