BEGIN_EPT
AnchorID: 12050  # ID of the anchor node
RootIndex: 0  # Index of the root node in tree_nodes
NodeCount: 7  # Total number of nodes in the EPT
NodeStart
EPTNodeID: 0
AnchorID: 12050
TreeNodeGraphID: 0
Level: 0
SimplifiedLevel: 0
EditOperation: -1 0 -1 0 0
AccumulatedOpsCount: 0
ChildrenCount: 4
ChildIndices: 1 4 5 6
CompletedDBGraphIDsCount: 0
GraphStart
GraphDataStart
ID: 0
NumNodes: 61
NumEdges: 130
NodeLabels
7 1 1 2 2 3 3 3 3 3 3 4 4 4 4 4 4 4 4 4 4 4 4 4 4 4 4 4 4 4 4 4 4 4 4 4 4 4 5 5 5 5 5 5 5 5 5 5 5 5 5 5 5 5 5 5 5 5 5 5 5 
Edges
0 33 0
1 26 0
2 26 0
3 20 0
4 36 0
4 37 0
5 8 0
5 11 0
5 13 0
6 10 0
6 15 0
6 17 0
7 12 0
7 20 0
7 40 0
8 5 0
8 14 0
9 15 0
9 21 0
10 6 0
10 24 0
11 5 0
11 12 0
11 19 0
12 7 0
12 11 0
12 14 0
13 5 0
13 18 0
13 38 0
13 39 0
14 8 0
14 12 0
14 23 0
15 6 0
15 9 0
15 16 0
16 15 0
16 20 0
16 24 0
17 6 0
17 22 0
17 26 0
18 13 0
18 27 0
18 28 0
19 11 0
19 41 0
19 42 0
19 43 0
20 3 0
20 7 0
20 16 0
21 9 0
21 22 0
21 25 0
22 17 0
22 21 0
22 44 0
23 14 0
23 45 0
23 46 0
23 47 0
24 10 0
24 16 0
24 48 0
25 21 0
25 29 0
25 30 0
26 1 0
26 2 0
26 17 0
26 49 0
27 18 0
27 31 0
27 50 0
28 18 0
28 32 0
28 51 0
29 25 0
29 34 0
29 52 0
30 25 0
30 35 0
30 53 0
31 27 0
31 33 0
31 54 0
32 28 0
32 33 0
32 55 0
33 0 0
33 31 0
33 32 0
34 29 0
34 36 0
34 56 0
35 30 0
35 36 0
35 57 0
36 4 0
36 34 0
36 35 0
37 4 0
37 58 0
37 59 0
37 60 0
38 13 0
39 13 0
40 7 0
41 19 0
42 19 0
43 19 0
44 22 0
45 23 0
46 23 0
47 23 0
48 24 0
49 26 0
50 27 0
51 28 0
52 29 0
53 30 0
54 31 0
55 32 0
56 34 0
57 35 0
58 37 0
59 37 0
60 37 0
GraphDataEnd
GraphEnd
NodeEnd
NodeStart
EPTNodeID: 1
AnchorID: 12050
TreeNodeGraphID: 1
Level: 1
SimplifiedLevel: 0
EditOperation: 0 0 0 7 5
AccumulatedOpsCount: 1
AccumulatedOp: 0 0 0 7 5
ChildrenCount: 2
ChildIndices: 2 3
CompletedDBGraphIDsCount: 1
CompletedDBGraphID: 1895
GraphStart
GraphDataStart
ID: 1
NumNodes: 61
NumEdges: 130
NodeLabels
5 1 1 2 2 3 3 3 3 3 3 4 4 4 4 4 4 4 4 4 4 4 4 4 4 4 4 4 4 4 4 4 4 4 4 4 4 4 5 5 5 5 5 5 5 5 5 5 5 5 5 5 5 5 5 5 5 5 5 5 5 
Edges
0 33 0
1 26 0
2 26 0
3 20 0
4 36 0
4 37 0
5 8 0
5 11 0
5 13 0
6 10 0
6 15 0
6 17 0
7 12 0
7 20 0
7 40 0
8 5 0
8 14 0
9 15 0
9 21 0
10 6 0
10 24 0
11 5 0
11 12 0
11 19 0
12 7 0
12 11 0
12 14 0
13 5 0
13 18 0
13 38 0
13 39 0
14 8 0
14 12 0
14 23 0
15 6 0
15 9 0
15 16 0
16 15 0
16 20 0
16 24 0
17 6 0
17 22 0
17 26 0
18 13 0
18 27 0
18 28 0
19 11 0
19 41 0
19 42 0
19 43 0
20 3 0
20 7 0
20 16 0
21 9 0
21 22 0
21 25 0
22 17 0
22 21 0
22 44 0
23 14 0
23 45 0
23 46 0
23 47 0
24 10 0
24 16 0
24 48 0
25 21 0
25 29 0
25 30 0
26 1 0
26 2 0
26 17 0
26 49 0
27 18 0
27 31 0
27 50 0
28 18 0
28 32 0
28 51 0
29 25 0
29 34 0
29 52 0
30 25 0
30 35 0
30 53 0
31 27 0
31 33 0
31 54 0
32 28 0
32 33 0
32 55 0
33 0 0
33 31 0
33 32 0
34 29 0
34 36 0
34 56 0
35 30 0
35 36 0
35 57 0
36 4 0
36 34 0
36 35 0
37 4 0
37 58 0
37 59 0
37 60 0
38 13 0
39 13 0
40 7 0
41 19 0
42 19 0
43 19 0
44 22 0
45 23 0
46 23 0
47 23 0
48 24 0
49 26 0
50 27 0
51 28 0
52 29 0
53 30 0
54 31 0
55 32 0
56 34 0
57 35 0
58 37 0
59 37 0
60 37 0
GraphDataEnd
GraphEnd
NodeEnd
NodeStart
EPTNodeID: 2
AnchorID: 12050
TreeNodeGraphID: 3
Level: 3
SimplifiedLevel: 0
EditOperation: 0 51 0 5 7
AccumulatedOpsCount: 2
AccumulatedOp: 0 50 0 5 1
AccumulatedOp: 0 51 0 5 7
ChildrenCount: 0
ChildIndices:
CompletedDBGraphIDsCount: 1
CompletedDBGraphID: 19912
GraphStart
GraphDataStart
ID: 3
NumNodes: 61
NumEdges: 130
NodeLabels
5 1 1 2 2 3 3 3 3 3 3 4 4 4 4 4 4 4 4 4 4 4 4 4 4 4 4 4 4 4 4 4 4 4 4 4 4 4 5 5 5 5 5 5 5 5 5 5 5 5 1 7 5 5 5 5 5 5 5 5 5 
Edges
0 33 0
1 26 0
2 26 0
3 20 0
4 36 0
4 37 0
5 8 0
5 11 0
5 13 0
6 10 0
6 15 0
6 17 0
7 12 0
7 20 0
7 40 0
8 5 0
8 14 0
9 15 0
9 21 0
10 6 0
10 24 0
11 5 0
11 12 0
11 19 0
12 7 0
12 11 0
12 14 0
13 5 0
13 18 0
13 38 0
13 39 0
14 8 0
14 12 0
14 23 0
15 6 0
15 9 0
15 16 0
16 15 0
16 20 0
16 24 0
17 6 0
17 22 0
17 26 0
18 13 0
18 27 0
18 28 0
19 11 0
19 41 0
19 42 0
19 43 0
20 3 0
20 7 0
20 16 0
21 9 0
21 22 0
21 25 0
22 17 0
22 21 0
22 44 0
23 14 0
23 45 0
23 46 0
23 47 0
24 10 0
24 16 0
24 48 0
25 21 0
25 29 0
25 30 0
26 1 0
26 2 0
26 17 0
26 49 0
27 18 0
27 31 0
27 50 0
28 18 0
28 32 0
28 51 0
29 25 0
29 34 0
29 52 0
30 25 0
30 35 0
30 53 0
31 27 0
31 33 0
31 54 0
32 28 0
32 33 0
32 55 0
33 0 0
33 31 0
33 32 0
34 29 0
34 36 0
34 56 0
35 30 0
35 36 0
35 57 0
36 4 0
36 34 0
36 35 0
37 4 0
37 58 0
37 59 0
37 60 0
38 13 0
39 13 0
40 7 0
41 19 0
42 19 0
43 19 0
44 22 0
45 23 0
46 23 0
47 23 0
48 24 0
49 26 0
50 27 0
51 28 0
52 29 0
53 30 0
54 31 0
55 32 0
56 34 0
57 35 0
58 37 0
59 37 0
60 37 0
GraphDataEnd
GraphEnd
NodeEnd
NodeStart
EPTNodeID: 3
AnchorID: 12050
TreeNodeGraphID: 12
Level: 10
SimplifiedLevel: 0
EditOperation: 5 27 37 0 0
AccumulatedOpsCount: 9
AccumulatedOp: 2 62 0 0 5
AccumulatedOp: 0 4 0 2 4
AccumulatedOp: 5 4 62 0 0
AccumulatedOp: 2 61 0 0 5
AccumulatedOp: 5 4 61 0 0
AccumulatedOp: 4 4 37 0 0
AccumulatedOp: 4 27 50 0 0
AccumulatedOp: 5 4 50 0 0
AccumulatedOp: 5 27 37 0 0
ChildrenCount: 0
ChildIndices:
CompletedDBGraphIDsCount: 1
CompletedDBGraphID: 5313
GraphStart
GraphDataStart
ID: 12
NumNodes: 63
NumEdges: 134
NodeLabels
5 1 1 2 4 3 3 3 3 3 3 4 4 4 4 4 4 4 4 4 4 4 4 4 4 4 4 4 4 4 4 4 4 4 4 4 4 4 5 5 5 5 5 5 5 5 5 5 5 5 5 5 5 5 5 5 5 5 5 5 5 5 5 
Edges
0 33 0
1 26 0
2 26 0
3 20 0
4 36 0
4 62 0
4 61 0
4 50 0
5 8 0
5 11 0
5 13 0
6 10 0
6 15 0
6 17 0
7 12 0
7 20 0
7 40 0
8 5 0
8 14 0
9 15 0
9 21 0
10 6 0
10 24 0
11 5 0
11 12 0
11 19 0
12 7 0
12 11 0
12 14 0
13 5 0
13 18 0
13 38 0
13 39 0
14 8 0
14 12 0
14 23 0
15 6 0
15 9 0
15 16 0
16 15 0
16 20 0
16 24 0
17 6 0
17 22 0
17 26 0
18 13 0
18 27 0
18 28 0
19 11 0
19 41 0
19 42 0
19 43 0
20 3 0
20 7 0
20 16 0
21 9 0
21 22 0
21 25 0
22 17 0
22 21 0
22 44 0
23 14 0
23 45 0
23 46 0
23 47 0
24 10 0
24 16 0
24 48 0
25 21 0
25 29 0
25 30 0
26 1 0
26 2 0
26 17 0
26 49 0
27 18 0
27 31 0
27 37 0
28 18 0
28 32 0
28 51 0
29 25 0
29 34 0
29 52 0
30 25 0
30 35 0
30 53 0
31 27 0
31 33 0
31 54 0
32 28 0
32 33 0
32 55 0
33 0 0
33 31 0
33 32 0
34 29 0
34 36 0
34 56 0
35 30 0
35 36 0
35 57 0
36 4 0
36 34 0
36 35 0
37 58 0
37 59 0
37 60 0
37 27 0
38 13 0
39 13 0
40 7 0
41 19 0
42 19 0
43 19 0
44 22 0
45 23 0
46 23 0
47 23 0
48 24 0
49 26 0
50 4 0
51 28 0
52 29 0
53 30 0
54 31 0
55 32 0
56 34 0
57 35 0
58 37 0
59 37 0
60 37 0
61 4 0
62 4 0
GraphDataEnd
GraphEnd
NodeEnd
NodeStart
EPTNodeID: 4
AnchorID: 12050
TreeNodeGraphID: 19
Level: 7
SimplifiedLevel: 0
EditOperation: 5 0 63 0 0
AccumulatedOpsCount: 7
AccumulatedOp: 2 61 0 0 5
AccumulatedOp: 0 0 0 7 4
AccumulatedOp: 2 62 0 0 5
AccumulatedOp: 2 63 0 0 5
AccumulatedOp: 5 0 61 0 0
AccumulatedOp: 5 0 62 0 0
AccumulatedOp: 5 0 63 0 0
ChildrenCount: 0
ChildIndices:
CompletedDBGraphIDsCount: 1
CompletedDBGraphID: 16751
GraphStart
GraphDataStart
ID: 19
NumNodes: 64
NumEdges: 136
NodeLabels
4 1 1 2 2 3 3 3 3 3 3 4 4 4 4 4 4 4 4 4 4 4 4 4 4 4 4 4 4 4 4 4 4 4 4 4 4 4 5 5 5 5 5 5 5 5 5 5 5 5 5 5 5 5 5 5 5 5 5 5 5 5 5 5 
Edges
0 33 0
0 61 0
0 62 0
0 63 0
1 26 0
2 26 0
3 20 0
4 36 0
4 37 0
5 8 0
5 11 0
5 13 0
6 10 0
6 15 0
6 17 0
7 12 0
7 20 0
7 40 0
8 5 0
8 14 0
9 15 0
9 21 0
10 6 0
10 24 0
11 5 0
11 12 0
11 19 0
12 7 0
12 11 0
12 14 0
13 5 0
13 18 0
13 38 0
13 39 0
14 8 0
14 12 0
14 23 0
15 6 0
15 9 0
15 16 0
16 15 0
16 20 0
16 24 0
17 6 0
17 22 0
17 26 0
18 13 0
18 27 0
18 28 0
19 11 0
19 41 0
19 42 0
19 43 0
20 3 0
20 7 0
20 16 0
21 9 0
21 22 0
21 25 0
22 17 0
22 21 0
22 44 0
23 14 0
23 45 0
23 46 0
23 47 0
24 10 0
24 16 0
24 48 0
25 21 0
25 29 0
25 30 0
26 1 0
26 2 0
26 17 0
26 49 0
27 18 0
27 31 0
27 50 0
28 18 0
28 32 0
28 51 0
29 25 0
29 34 0
29 52 0
30 25 0
30 35 0
30 53 0
31 27 0
31 33 0
31 54 0
32 28 0
32 33 0
32 55 0
33 0 0
33 31 0
33 32 0
34 29 0
34 36 0
34 56 0
35 30 0
35 36 0
35 57 0
36 4 0
36 34 0
36 35 0
37 4 0
37 58 0
37 59 0
37 60 0
38 13 0
39 13 0
40 7 0
41 19 0
42 19 0
43 19 0
44 22 0
45 23 0
46 23 0
47 23 0
48 24 0
49 26 0
50 27 0
51 28 0
52 29 0
53 30 0
54 31 0
55 32 0
56 34 0
57 35 0
58 37 0
59 37 0
60 37 0
61 0 0
62 0 0
63 0 0
GraphDataEnd
GraphEnd
NodeEnd
NodeStart
EPTNodeID: 5
AnchorID: 12050
TreeNodeGraphID: 29
Level: 10
SimplifiedLevel: 0
EditOperation: 5 33 37 0 0
AccumulatedOpsCount: 10
AccumulatedOp: 4 4 37 0 0
AccumulatedOp: 5 9 10 0 0
AccumulatedOp: 0 4 0 2 5
AccumulatedOp: 0 10 0 3 4
AccumulatedOp: 0 49 0 5 1
AccumulatedOp: 0 15 0 4 3
AccumulatedOp: 4 0 33 0 0
AccumulatedOp: 1 0 0 7 0
AccumulatedOp: 4 9 15 0 0
AccumulatedOp: 5 33 37 0 0
ChildrenCount: 0
ChildIndices:
CompletedDBGraphIDsCount: 1
CompletedDBGraphID: 633
GraphStart
GraphDataStart
ID: 29
NumNodes: 60
NumEdges: 128
NodeLabels
1 1 2 5 3 3 3 3 3 4 4 4 4 4 3 4 4 4 4 4 4 4 4 4 4 4 4 4 4 4 4 4 4 4 4 4 4 5 5 5 5 5 5 5 5 5 5 5 1 5 5 5 5 5 5 5 5 5 5 5 
Edges
0 25 0
1 25 0
2 19 0
3 35 0
4 7 0
4 10 0
4 12 0
5 9 0
5 14 0
5 16 0
6 11 0
6 19 0
6 39 0
7 4 0
7 13 0
8 20 0
8 9 0
9 5 0
9 23 0
9 8 0
10 4 0
10 11 0
10 18 0
11 6 0
11 10 0
11 13 0
12 4 0
12 17 0
12 37 0
12 38 0
13 7 0
13 11 0
13 22 0
14 5 0
14 15 0
15 14 0
15 19 0
15 23 0
16 5 0
16 21 0
16 25 0
17 12 0
17 26 0
17 27 0
18 10 0
18 40 0
18 41 0
18 42 0
19 2 0
19 6 0
19 15 0
20 8 0
20 21 0
20 24 0
21 16 0
21 20 0
21 43 0
22 13 0
22 44 0
22 45 0
22 46 0
23 9 0
23 15 0
23 47 0
24 20 0
24 28 0
24 29 0
25 0 0
25 1 0
25 16 0
25 48 0
26 17 0
26 30 0
26 49 0
27 17 0
27 31 0
27 50 0
28 24 0
28 33 0
28 51 0
29 24 0
29 34 0
29 52 0
30 26 0
30 32 0
30 53 0
31 27 0
31 32 0
31 54 0
32 30 0
32 31 0
32 36 0
33 28 0
33 35 0
33 55 0
34 29 0
34 35 0
34 56 0
35 3 0
35 33 0
35 34 0
36 57 0
36 58 0
36 59 0
36 32 0
37 12 0
38 12 0
39 6 0
40 18 0
41 18 0
42 18 0
43 21 0
44 22 0
45 22 0
46 22 0
47 23 0
48 25 0
49 26 0
50 27 0
51 28 0
52 29 0
53 30 0
54 31 0
55 33 0
56 34 0
57 36 0
58 36 0
59 36 0
GraphDataEnd
GraphEnd
NodeEnd
NodeStart
EPTNodeID: 6
AnchorID: 12050
TreeNodeGraphID: 30
Level: 1
SimplifiedLevel: 0
EditOperation: 0 0 0 7 8
AccumulatedOpsCount: 1
AccumulatedOp: 0 0 0 7 8
ChildrenCount: 0
ChildIndices:
CompletedDBGraphIDsCount: 1
CompletedDBGraphID: 12435
GraphStart
GraphDataStart
ID: 30
NumNodes: 61
NumEdges: 130
NodeLabels
8 1 1 2 2 3 3 3 3 3 3 4 4 4 4 4 4 4 4 4 4 4 4 4 4 4 4 4 4 4 4 4 4 4 4 4 4 4 5 5 5 5 5 5 5 5 5 5 5 5 5 5 5 5 5 5 5 5 5 5 5 
Edges
0 33 0
1 26 0
2 26 0
3 20 0
4 36 0
4 37 0
5 8 0
5 11 0
5 13 0
6 10 0
6 15 0
6 17 0
7 12 0
7 20 0
7 40 0
8 5 0
8 14 0
9 15 0
9 21 0
10 6 0
10 24 0
11 5 0
11 12 0
11 19 0
12 7 0
12 11 0
12 14 0
13 5 0
13 18 0
13 38 0
13 39 0
14 8 0
14 12 0
14 23 0
15 6 0
15 9 0
15 16 0
16 15 0
16 20 0
16 24 0
17 6 0
17 22 0
17 26 0
18 13 0
18 27 0
18 28 0
19 11 0
19 41 0
19 42 0
19 43 0
20 3 0
20 7 0
20 16 0
21 9 0
21 22 0
21 25 0
22 17 0
22 21 0
22 44 0
23 14 0
23 45 0
23 46 0
23 47 0
24 10 0
24 16 0
24 48 0
25 21 0
25 29 0
25 30 0
26 1 0
26 2 0
26 17 0
26 49 0
27 18 0
27 31 0
27 50 0
28 18 0
28 32 0
28 51 0
29 25 0
29 34 0
29 52 0
30 25 0
30 35 0
30 53 0
31 27 0
31 33 0
31 54 0
32 28 0
32 33 0
32 55 0
33 0 0
33 31 0
33 32 0
34 29 0
34 36 0
34 56 0
35 30 0
35 36 0
35 57 0
36 4 0
36 34 0
36 35 0
37 4 0
37 58 0
37 59 0
37 60 0
38 13 0
39 13 0
40 7 0
41 19 0
42 19 0
43 19 0
44 22 0
45 23 0
46 23 0
47 23 0
48 24 0
49 26 0
50 27 0
51 28 0
52 29 0
53 30 0
54 31 0
55 32 0
56 34 0
57 35 0
58 37 0
59 37 0
60 37 0
GraphDataEnd
GraphEnd
NodeEnd
END_EPT
