BEGIN_EPT
AnchorID: 6623  # ID of the anchor node
RootIndex: 0  # Index of the root node in tree_nodes
NodeCount: 4  # Total number of nodes in the EPT
NodeStart
EPTNodeID: 0
AnchorID: 6623
TreeNodeGraphID: 0
Level: 0
SimplifiedLevel: 0
EditOperation: -1 0 -1 0 0
AccumulatedOpsCount: 0
ChildrenCount: 1
ChildIndices: 1
CompletedDBGraphIDsCount: 0
GraphStart
GraphDataStart
ID: 0
NumNodes: 69
NumEdges: 142
NodeLabels
6 2 2 2 2 3 3 3 4 4 4 4 4 4 4 4 4 4 4 4 4 4 4 4 4 4 4 4 4 4 4 4 4 4 4 4 5 5 5 5 5 5 5 5 5 5 5 5 5 5 5 5 5 5 5 5 5 5 5 5 5 5 5 5 5 5 5 5 5 
Edges
0 1 0
0 2 0
0 5 0
0 17 0
1 0 0
2 0 0
3 21 0
4 28 0
5 0 0
5 9 0
5 11 0
6 21 0
6 22 0
6 58 0
7 18 0
7 28 0
7 59 0
8 10 0
8 19 0
8 20 0
8 36 0
9 5 0
9 12 0
9 13 0
10 8 0
10 14 0
10 15 0
11 5 0
11 21 0
11 37 0
11 38 0
12 9 0
12 14 0
12 39 0
13 9 0
13 15 0
13 40 0
14 10 0
14 12 0
14 41 0
15 10 0
15 13 0
15 42 0
16 18 0
16 23 0
16 24 0
16 43 0
17 0 0
17 26 0
17 27 0
18 7 0
18 16 0
18 44 0
18 45 0
19 8 0
19 49 0
19 50 0
19 51 0
20 8 0
20 46 0
20 47 0
20 48 0
21 3 0
21 6 0
21 11 0
22 6 0
22 25 0
22 29 0
23 16 0
23 55 0
23 56 0
23 57 0
24 16 0
24 52 0
24 53 0
24 54 0
25 22 0
25 28 0
25 30 0
26 17 0
26 31 0
26 60 0
27 17 0
27 32 0
27 61 0
28 4 0
28 7 0
28 25 0
29 22 0
29 34 0
29 62 0
30 25 0
30 35 0
30 63 0
31 26 0
31 33 0
31 64 0
32 27 0
32 33 0
32 65 0
33 31 0
33 32 0
33 66 0
34 29 0
34 35 0
34 67 0
35 30 0
35 34 0
35 68 0
36 8 0
37 11 0
38 11 0
39 12 0
40 13 0
41 14 0
42 15 0
43 16 0
44 18 0
45 18 0
46 20 0
47 20 0
48 20 0
49 19 0
50 19 0
51 19 0
52 24 0
53 24 0
54 24 0
55 23 0
56 23 0
57 23 0
58 6 0
59 7 0
60 26 0
61 27 0
62 29 0
63 30 0
64 31 0
65 32 0
66 33 0
67 34 0
68 35 0
GraphDataEnd
GraphEnd
NodeEnd
NodeStart
EPTNodeID: 1
AnchorID: 6623
TreeNodeGraphID: 2
Level: 2
SimplifiedLevel: 0
EditOperation: 4 18 45 0 0
AccumulatedOpsCount: 2
AccumulatedOp: 4 16 23 0 0
AccumulatedOp: 4 18 45 0 0
ChildrenCount: 2
ChildIndices: 2 3
CompletedDBGraphIDsCount: 0
GraphStart
GraphDataStart
ID: 2
NumNodes: 69
NumEdges: 138
NodeLabels
6 2 2 2 2 3 3 3 4 4 4 4 4 4 4 4 4 4 4 4 4 4 4 4 4 4 4 4 4 4 4 4 4 4 4 4 5 5 5 5 5 5 5 5 5 5 5 5 5 5 5 5 5 5 5 5 5 5 5 5 5 5 5 5 5 5 5 5 5 
Edges
0 1 0
0 2 0
0 5 0
0 17 0
1 0 0
2 0 0
3 21 0
4 28 0
5 0 0
5 9 0
5 11 0
6 21 0
6 22 0
6 58 0
7 18 0
7 28 0
7 59 0
8 10 0
8 19 0
8 20 0
8 36 0
9 5 0
9 12 0
9 13 0
10 8 0
10 14 0
10 15 0
11 5 0
11 21 0
11 37 0
11 38 0
12 9 0
12 14 0
12 39 0
13 9 0
13 15 0
13 40 0
14 10 0
14 12 0
14 41 0
15 10 0
15 13 0
15 42 0
16 18 0
16 24 0
16 43 0
17 0 0
17 26 0
17 27 0
18 7 0
18 16 0
18 44 0
19 8 0
19 49 0
19 50 0
19 51 0
20 8 0
20 46 0
20 47 0
20 48 0
21 3 0
21 6 0
21 11 0
22 6 0
22 25 0
22 29 0
23 55 0
23 56 0
23 57 0
24 16 0
24 52 0
24 53 0
24 54 0
25 22 0
25 28 0
25 30 0
26 17 0
26 31 0
26 60 0
27 17 0
27 32 0
27 61 0
28 4 0
28 7 0
28 25 0
29 22 0
29 34 0
29 62 0
30 25 0
30 35 0
30 63 0
31 26 0
31 33 0
31 64 0
32 27 0
32 33 0
32 65 0
33 31 0
33 32 0
33 66 0
34 29 0
34 35 0
34 67 0
35 30 0
35 34 0
35 68 0
36 8 0
37 11 0
38 11 0
39 12 0
40 13 0
41 14 0
42 15 0
43 16 0
44 18 0
46 20 0
47 20 0
48 20 0
49 19 0
50 19 0
51 19 0
52 24 0
53 24 0
54 24 0
55 23 0
56 23 0
57 23 0
58 6 0
59 7 0
60 26 0
61 27 0
62 29 0
63 30 0
64 31 0
65 32 0
66 33 0
67 34 0
68 35 0
GraphDataEnd
GraphEnd
NodeEnd
NodeStart
EPTNodeID: 2
AnchorID: 6623
TreeNodeGraphID: 4
Level: 4
SimplifiedLevel: 0
EditOperation: 5 16 45 0 0
AccumulatedOpsCount: 2
AccumulatedOp: 5 18 23 0 0
AccumulatedOp: 5 16 45 0 0
ChildrenCount: 0
ChildIndices:
CompletedDBGraphIDsCount: 2
CompletedDBGraphID: 6944
CompletedDBGraphID: 14761
GraphStart
GraphDataStart
ID: 4
NumNodes: 69
NumEdges: 142
NodeLabels
6 2 2 2 2 3 3 3 4 4 4 4 4 4 4 4 4 4 4 4 4 4 4 4 4 4 4 4 4 4 4 4 4 4 4 4 5 5 5 5 5 5 5 5 5 5 5 5 5 5 5 5 5 5 5 5 5 5 5 5 5 5 5 5 5 5 5 5 5 
Edges
0 1 0
0 2 0
0 5 0
0 17 0
1 0 0
2 0 0
3 21 0
4 28 0
5 0 0
5 9 0
5 11 0
6 21 0
6 22 0
6 58 0
7 18 0
7 28 0
7 59 0
8 10 0
8 19 0
8 20 0
8 36 0
9 5 0
9 12 0
9 13 0
10 8 0
10 14 0
10 15 0
11 5 0
11 21 0
11 37 0
11 38 0
12 9 0
12 14 0
12 39 0
13 9 0
13 15 0
13 40 0
14 10 0
14 12 0
14 41 0
15 10 0
15 13 0
15 42 0
16 18 0
16 24 0
16 43 0
16 45 0
17 0 0
17 26 0
17 27 0
18 7 0
18 16 0
18 44 0
18 23 0
19 8 0
19 49 0
19 50 0
19 51 0
20 8 0
20 46 0
20 47 0
20 48 0
21 3 0
21 6 0
21 11 0
22 6 0
22 25 0
22 29 0
23 55 0
23 56 0
23 57 0
23 18 0
24 16 0
24 52 0
24 53 0
24 54 0
25 22 0
25 28 0
25 30 0
26 17 0
26 31 0
26 60 0
27 17 0
27 32 0
27 61 0
28 4 0
28 7 0
28 25 0
29 22 0
29 34 0
29 62 0
30 25 0
30 35 0
30 63 0
31 26 0
31 33 0
31 64 0
32 27 0
32 33 0
32 65 0
33 31 0
33 32 0
33 66 0
34 29 0
34 35 0
34 67 0
35 30 0
35 34 0
35 68 0
36 8 0
37 11 0
38 11 0
39 12 0
40 13 0
41 14 0
42 15 0
43 16 0
44 18 0
45 16 0
46 20 0
47 20 0
48 20 0
49 19 0
50 19 0
51 19 0
52 24 0
53 24 0
54 24 0
55 23 0
56 23 0
57 23 0
58 6 0
59 7 0
60 26 0
61 27 0
62 29 0
63 30 0
64 31 0
65 32 0
66 33 0
67 34 0
68 35 0
GraphDataEnd
GraphEnd
NodeEnd
NodeStart
EPTNodeID: 3
AnchorID: 6623
TreeNodeGraphID: 15
Level: 13
SimplifiedLevel: 0
EditOperation: 5 16 36 0 0
AccumulatedOpsCount: 11
AccumulatedOp: 4 5 9 0 0
AccumulatedOp: 5 9 23 0 0
AccumulatedOp: 0 8 0 4 2
AccumulatedOp: 4 14 41 0 0
AccumulatedOp: 1 41 0 5 0
AccumulatedOp: 4 8 36 0 0
AccumulatedOp: 5 18 19 0 0
AccumulatedOp: 1 45 0 5 0
AccumulatedOp: 4 8 19 0 0
AccumulatedOp: 5 5 14 0 0
AccumulatedOp: 5 16 36 0 0
ChildrenCount: 0
ChildIndices:
CompletedDBGraphIDsCount: 1
CompletedDBGraphID: 3669
GraphStart
GraphDataStart
ID: 15
NumNodes: 67
NumEdges: 138
NodeLabels
6 2 2 2 2 3 3 3 2 4 4 4 4 4 4 4 4 4 4 4 4 4 4 4 4 4 4 4 4 4 4 4 4 4 4 4 5 5 5 5 5 5 5 5 5 5 5 5 5 5 5 5 5 5 5 5 5 5 5 5 5 5 5 5 5 5 5 
Edges
0 1 0
0 2 0
0 5 0
0 17 0
1 0 0
2 0 0
3 21 0
4 28 0
5 0 0
5 11 0
5 14 0
6 21 0
6 22 0
6 56 0
7 18 0
7 28 0
7 57 0
8 10 0
8 20 0
9 12 0
9 13 0
9 23 0
10 8 0
10 14 0
10 15 0
11 5 0
11 21 0
11 37 0
11 38 0
12 9 0
12 14 0
12 39 0
13 9 0
13 15 0
13 40 0
14 10 0
14 12 0
14 5 0
15 10 0
15 13 0
15 41 0
16 18 0
16 24 0
16 42 0
16 36 0
17 0 0
17 26 0
17 27 0
18 7 0
18 16 0
18 43 0
18 19 0
19 47 0
19 48 0
19 49 0
19 18 0
20 8 0
20 44 0
20 45 0
20 46 0
21 3 0
21 6 0
21 11 0
22 6 0
22 25 0
22 29 0
23 53 0
23 54 0
23 55 0
23 9 0
24 16 0
24 50 0
24 51 0
24 52 0
25 22 0
25 28 0
25 30 0
26 17 0
26 31 0
26 58 0
27 17 0
27 32 0
27 59 0
28 4 0
28 7 0
28 25 0
29 22 0
29 34 0
29 60 0
30 25 0
30 35 0
30 61 0
31 26 0
31 33 0
31 62 0
32 27 0
32 33 0
32 63 0
33 31 0
33 32 0
33 64 0
34 29 0
34 35 0
34 65 0
35 30 0
35 34 0
35 66 0
36 16 0
37 11 0
38 11 0
39 12 0
40 13 0
41 15 0
42 16 0
43 18 0
44 20 0
45 20 0
46 20 0
47 19 0
48 19 0
49 19 0
50 24 0
51 24 0
52 24 0
53 23 0
54 23 0
55 23 0
56 6 0
57 7 0
58 26 0
59 27 0
60 29 0
61 30 0
62 31 0
63 32 0
64 33 0
65 34 0
66 35 0
GraphDataEnd
GraphEnd
NodeEnd
END_EPT
