BEGIN_EPT
AnchorID: 13396  # ID of the anchor node
RootIndex: 0  # Index of the root node in tree_nodes
NodeCount: 4  # Total number of nodes in the EPT
NodeStart
EPTNodeID: 0
AnchorID: 13396
TreeNodeGraphID: 0
Level: 0
SimplifiedLevel: 0
EditOperation: -1 0 -1 0 0
AccumulatedOpsCount: 0
ChildrenCount: 1
ChildIndices: 1
CompletedDBGraphIDsCount: 0
GraphStart
GraphDataStart
ID: 0
NumNodes: 61
NumEdges: 128
NodeLabels
2 2 2 3 3 3 3 3 3 4 4 4 4 4 4 4 4 4 4 4 4 4 4 4 4 4 4 4 4 4 4 5 5 5 5 5 5 5 5 5 5 5 5 5 5 5 5 5 5 5 5 5 5 5 5 5 5 5 5 5 5 
Edges
0 20 0
1 25 0
2 29 0
2 30 0
3 9 0
3 10 0
3 13 0
4 13 0
4 14 0
4 15 0
5 11 0
5 12 0
5 19 0
6 13 0
6 17 0
7 17 0
7 25 0
7 26 0
8 20 0
8 25 0
8 52 0
9 3 0
9 11 0
9 31 0
9 32 0
10 3 0
10 12 0
10 33 0
10 34 0
11 5 0
11 9 0
11 35 0
11 36 0
12 5 0
12 10 0
12 37 0
12 38 0
13 3 0
13 4 0
13 6 0
14 4 0
14 16 0
14 39 0
14 40 0
15 4 0
15 17 0
15 20 0
16 14 0
16 18 0
16 41 0
16 42 0
17 6 0
17 7 0
17 15 0
18 16 0
18 21 0
18 22 0
18 43 0
19 5 0
19 23 0
19 24 0
20 0 0
20 8 0
20 15 0
21 18 0
21 44 0
21 45 0
21 46 0
22 18 0
22 47 0
22 48 0
22 49 0
23 19 0
23 27 0
23 50 0
24 19 0
24 28 0
24 51 0
25 1 0
25 7 0
25 8 0
26 7 0
26 53 0
26 54 0
26 55 0
27 23 0
27 29 0
27 56 0
28 24 0
28 29 0
28 57 0
29 2 0
29 27 0
29 28 0
30 2 0
30 58 0
30 59 0
30 60 0
31 9 0
32 9 0
33 10 0
34 10 0
35 11 0
36 11 0
37 12 0
38 12 0
39 14 0
40 14 0
41 16 0
42 16 0
43 18 0
44 21 0
45 21 0
46 21 0
47 22 0
48 22 0
49 22 0
50 23 0
51 24 0
52 8 0
53 26 0
54 26 0
55 26 0
56 27 0
57 28 0
58 30 0
59 30 0
60 30 0
GraphDataEnd
GraphEnd
NodeEnd
NodeStart
EPTNodeID: 1
AnchorID: 13396
TreeNodeGraphID: 3
Level: 3
SimplifiedLevel: 0
EditOperation: 5 8 30 0 0
AccumulatedOpsCount: 3
AccumulatedOp: 4 2 30 0 0
AccumulatedOp: 4 8 52 0 0
AccumulatedOp: 5 8 30 0 0
ChildrenCount: 2
ChildIndices: 2 3
CompletedDBGraphIDsCount: 0
GraphStart
GraphDataStart
ID: 3
NumNodes: 61
NumEdges: 126
NodeLabels
2 2 2 3 3 3 3 3 3 4 4 4 4 4 4 4 4 4 4 4 4 4 4 4 4 4 4 4 4 4 4 5 5 5 5 5 5 5 5 5 5 5 5 5 5 5 5 5 5 5 5 5 5 5 5 5 5 5 5 5 5 
Edges
0 20 0
1 25 0
2 29 0
3 9 0
3 10 0
3 13 0
4 13 0
4 14 0
4 15 0
5 11 0
5 12 0
5 19 0
6 13 0
6 17 0
7 17 0
7 25 0
7 26 0
8 20 0
8 25 0
8 30 0
9 3 0
9 11 0
9 31 0
9 32 0
10 3 0
10 12 0
10 33 0
10 34 0
11 5 0
11 9 0
11 35 0
11 36 0
12 5 0
12 10 0
12 37 0
12 38 0
13 3 0
13 4 0
13 6 0
14 4 0
14 16 0
14 39 0
14 40 0
15 4 0
15 17 0
15 20 0
16 14 0
16 18 0
16 41 0
16 42 0
17 6 0
17 7 0
17 15 0
18 16 0
18 21 0
18 22 0
18 43 0
19 5 0
19 23 0
19 24 0
20 0 0
20 8 0
20 15 0
21 18 0
21 44 0
21 45 0
21 46 0
22 18 0
22 47 0
22 48 0
22 49 0
23 19 0
23 27 0
23 50 0
24 19 0
24 28 0
24 51 0
25 1 0
25 7 0
25 8 0
26 7 0
26 53 0
26 54 0
26 55 0
27 23 0
27 29 0
27 56 0
28 24 0
28 29 0
28 57 0
29 2 0
29 27 0
29 28 0
30 58 0
30 59 0
30 60 0
30 8 0
31 9 0
32 9 0
33 10 0
34 10 0
35 11 0
36 11 0
37 12 0
38 12 0
39 14 0
40 14 0
41 16 0
42 16 0
43 18 0
44 21 0
45 21 0
46 21 0
47 22 0
48 22 0
49 22 0
50 23 0
51 24 0
53 26 0
54 26 0
55 26 0
56 27 0
57 28 0
58 30 0
59 30 0
60 30 0
GraphDataEnd
GraphEnd
NodeEnd
NodeStart
EPTNodeID: 2
AnchorID: 13396
TreeNodeGraphID: 5
Level: 5
SimplifiedLevel: 0
EditOperation: 1 52 0 5 0
AccumulatedOpsCount: 2
AccumulatedOp: 0 2 0 2 5
AccumulatedOp: 1 52 0 5 0
ChildrenCount: 0
ChildIndices:
CompletedDBGraphIDsCount: 1
CompletedDBGraphID: 2292
GraphStart
GraphDataStart
ID: 5
NumNodes: 60
NumEdges: 126
NodeLabels
2 2 5 3 3 3 3 3 3 4 4 4 4 4 4 4 4 4 4 4 4 4 4 4 4 4 4 4 4 4 4 5 5 5 5 5 5 5 5 5 5 5 5 5 5 5 5 5 5 5 5 5 5 5 5 5 5 5 5 5 
Edges
0 20 0
1 25 0
2 29 0
3 9 0
3 10 0
3 13 0
4 13 0
4 14 0
4 15 0
5 11 0
5 12 0
5 19 0
6 13 0
6 17 0
7 17 0
7 25 0
7 26 0
8 20 0
8 25 0
8 30 0
9 3 0
9 11 0
9 31 0
9 32 0
10 3 0
10 12 0
10 33 0
10 34 0
11 5 0
11 9 0
11 35 0
11 36 0
12 5 0
12 10 0
12 37 0
12 38 0
13 3 0
13 4 0
13 6 0
14 4 0
14 16 0
14 39 0
14 40 0
15 4 0
15 17 0
15 20 0
16 14 0
16 18 0
16 41 0
16 42 0
17 6 0
17 7 0
17 15 0
18 16 0
18 21 0
18 22 0
18 43 0
19 5 0
19 23 0
19 24 0
20 0 0
20 8 0
20 15 0
21 18 0
21 44 0
21 45 0
21 46 0
22 18 0
22 47 0
22 48 0
22 49 0
23 19 0
23 27 0
23 50 0
24 19 0
24 28 0
24 51 0
25 1 0
25 7 0
25 8 0
26 7 0
26 52 0
26 53 0
26 54 0
27 23 0
27 29 0
27 55 0
28 24 0
28 29 0
28 56 0
29 2 0
29 27 0
29 28 0
30 57 0
30 58 0
30 59 0
30 8 0
31 9 0
32 9 0
33 10 0
34 10 0
35 11 0
36 11 0
37 12 0
38 12 0
39 14 0
40 14 0
41 16 0
42 16 0
43 18 0
44 21 0
45 21 0
46 21 0
47 22 0
48 22 0
49 22 0
50 23 0
51 24 0
52 26 0
53 26 0
54 26 0
55 27 0
56 28 0
57 30 0
58 30 0
59 30 0
GraphDataEnd
GraphEnd
NodeEnd
NodeStart
EPTNodeID: 3
AnchorID: 13396
TreeNodeGraphID: 13
Level: 11
SimplifiedLevel: 0
EditOperation: 5 19 62 0 0
AccumulatedOpsCount: 8
AccumulatedOp: 0 2 0 2 4
AccumulatedOp: 2 61 0 0 5
AccumulatedOp: 2 62 0 0 5
AccumulatedOp: 5 2 61 0 0
AccumulatedOp: 4 5 19 0 0
AccumulatedOp: 5 2 5 0 0
AccumulatedOp: 5 2 52 0 0
AccumulatedOp: 5 19 62 0 0
ChildrenCount: 0
ChildIndices:
CompletedDBGraphIDsCount: 1
CompletedDBGraphID: 20863
GraphStart
GraphDataStart
ID: 13
NumNodes: 63
NumEdges: 132
NodeLabels
2 2 4 3 3 3 3 3 3 4 4 4 4 4 4 4 4 4 4 4 4 4 4 4 4 4 4 4 4 4 4 5 5 5 5 5 5 5 5 5 5 5 5 5 5 5 5 5 5 5 5 5 5 5 5 5 5 5 5 5 5 5 5 
Edges
0 20 0
1 25 0
2 29 0
2 61 0
2 5 0
2 52 0
3 9 0
3 10 0
3 13 0
4 13 0
4 14 0
4 15 0
5 11 0
5 12 0
5 2 0
6 13 0
6 17 0
7 17 0
7 25 0
7 26 0
8 20 0
8 25 0
8 30 0
9 3 0
9 11 0
9 31 0
9 32 0
10 3 0
10 12 0
10 33 0
10 34 0
11 5 0
11 9 0
11 35 0
11 36 0
12 5 0
12 10 0
12 37 0
12 38 0
13 3 0
13 4 0
13 6 0
14 4 0
14 16 0
14 39 0
14 40 0
15 4 0
15 17 0
15 20 0
16 14 0
16 18 0
16 41 0
16 42 0
17 6 0
17 7 0
17 15 0
18 16 0
18 21 0
18 22 0
18 43 0
19 23 0
19 24 0
19 62 0
20 0 0
20 8 0
20 15 0
21 18 0
21 44 0
21 45 0
21 46 0
22 18 0
22 47 0
22 48 0
22 49 0
23 19 0
23 27 0
23 50 0
24 19 0
24 28 0
24 51 0
25 1 0
25 7 0
25 8 0
26 7 0
26 53 0
26 54 0
26 55 0
27 23 0
27 29 0
27 56 0
28 24 0
28 29 0
28 57 0
29 2 0
29 27 0
29 28 0
30 58 0
30 59 0
30 60 0
30 8 0
31 9 0
32 9 0
33 10 0
34 10 0
35 11 0
36 11 0
37 12 0
38 12 0
39 14 0
40 14 0
41 16 0
42 16 0
43 18 0
44 21 0
45 21 0
46 21 0
47 22 0
48 22 0
49 22 0
50 23 0
51 24 0
52 2 0
53 26 0
54 26 0
55 26 0
56 27 0
57 28 0
58 30 0
59 30 0
60 30 0
61 2 0
62 19 0
GraphDataEnd
GraphEnd
NodeEnd
END_EPT
