BEGIN_EPT
AnchorID: 19498  # ID of the anchor node
RootIndex: 0  # Index of the root node in tree_nodes
NodeCount: 1  # Total number of nodes in the EPT
NodeStart
EPTNodeID: 0
AnchorID: 19498
TreeNodeGraphID: 0
Level: 0
SimplifiedLevel: 0
EditOperation: -1 0 -1 0 0
AccumulatedOpsCount: 0
ChildrenCount: 0
ChildIndices:
CompletedDBGraphIDsCount: 1
CompletedDBGraphID: 14132
GraphStart
GraphDataStart
ID: 0
NumNodes: 69
NumEdges: 144
NodeLabels
2 2 2 2 2 2 2 2 3 3 3 3 4 4 4 4 4 4 4 4 4 4 4 4 4 4 4 4 4 4 4 4 4 4 4 4 4 4 4 5 5 5 5 5 5 5 5 5 5 5 5 5 5 5 5 5 5 5 5 5 5 5 5 5 5 5 5 5 5 
Edges
0 18 0
0 25 0
1 20 0
2 26 0
2 37 0
3 25 0
4 30 0
4 38 0
5 30 0
6 11 0
7 11 0
8 12 0
8 13 0
8 16 0
9 14 0
9 15 0
9 20 0
10 22 0
10 24 0
10 52 0
11 6 0
11 7 0
11 32 0
12 8 0
12 14 0
12 39 0
12 40 0
13 8 0
13 15 0
13 41 0
13 42 0
14 9 0
14 12 0
14 43 0
14 44 0
15 9 0
15 13 0
15 45 0
15 46 0
16 8 0
16 18 0
16 47 0
16 48 0
17 19 0
17 21 0
17 23 0
17 49 0
18 0 0
18 16 0
18 50 0
18 51 0
19 17 0
19 22 0
19 25 0
20 1 0
20 9 0
20 26 0
21 17 0
21 24 0
21 30 0
22 10 0
22 19 0
22 27 0
23 17 0
23 28 0
23 29 0
24 10 0
24 21 0
24 31 0
25 0 0
25 3 0
25 19 0
26 2 0
26 20 0
26 33 0
27 22 0
27 53 0
27 54 0
27 55 0
28 23 0
28 32 0
28 56 0
29 23 0
29 34 0
29 57 0
30 4 0
30 5 0
30 21 0
31 24 0
31 58 0
31 59 0
31 60 0
32 11 0
32 28 0
32 35 0
33 26 0
33 36 0
33 62 0
34 29 0
34 35 0
34 61 0
35 32 0
35 34 0
35 63 0
36 33 0
36 37 0
36 64 0
37 2 0
37 36 0
37 65 0
38 4 0
38 66 0
38 67 0
38 68 0
39 12 0
40 12 0
41 13 0
42 13 0
43 14 0
44 14 0
45 15 0
46 15 0
47 16 0
48 16 0
49 17 0
50 18 0
51 18 0
52 10 0
53 27 0
54 27 0
55 27 0
56 28 0
57 29 0
58 31 0
59 31 0
60 31 0
61 34 0
62 33 0
63 35 0
64 36 0
65 37 0
66 38 0
67 38 0
68 38 0
GraphDataEnd
GraphEnd
NodeEnd
END_EPT
