BEGIN_EPT
AnchorID: 17698  # ID of the anchor node
RootIndex: 0  # Index of the root node in tree_nodes
NodeCount: 1  # Total number of nodes in the EPT
NodeStart
EPTNodeID: 0
AnchorID: 17698
TreeNodeGraphID: 0
Level: 0
SimplifiedLevel: 0
EditOperation: -1 0 -1 0 0
AccumulatedOpsCount: 0
ChildrenCount: 0
ChildIndices:
CompletedDBGraphIDsCount: 0
GraphStart
GraphDataStart
ID: 0
NumNodes: 71
NumEdges: 150
NodeLabels
2 2 3 3 3 3 3 3 3 4 4 4 4 4 4 4 4 4 4 4 4 4 4 4 4 4 4 4 4 4 4 4 4 4 4 4 4 4 4 4 5 5 5 5 5 5 5 5 5 5 5 5 5 5 5 5 5 5 5 5 5 5 5 5 5 5 5 5 5 5 5 
Edges
0 36 0
1 37 0
2 9 0
2 10 0
2 17 0
3 11 0
3 12 0
3 18 0
4 13 0
4 14 0
4 19 0
5 15 0
5 16 0
5 20 0
6 17 0
6 18 0
7 34 0
8 35 0
9 2 0
9 13 0
9 42 0
9 43 0
10 2 0
10 14 0
10 40 0
10 41 0
11 3 0
11 15 0
11 46 0
11 47 0
12 3 0
12 16 0
12 44 0
12 45 0
13 4 0
13 9 0
13 48 0
13 49 0
14 4 0
14 10 0
14 50 0
14 51 0
15 5 0
15 11 0
15 53 0
15 54 0
16 5 0
16 12 0
16 52 0
16 55 0
17 2 0
17 6 0
17 21 0
18 3 0
18 6 0
18 22 0
19 4 0
19 24 0
19 25 0
20 5 0
20 26 0
20 27 0
21 17 0
21 23 0
21 34 0
22 18 0
22 23 0
22 35 0
23 21 0
23 22 0
23 56 0
24 19 0
24 28 0
24 57 0
25 19 0
25 29 0
25 58 0
26 20 0
26 30 0
26 59 0
27 20 0
27 31 0
27 60 0
28 24 0
28 32 0
28 61 0
29 25 0
29 32 0
29 62 0
30 26 0
30 33 0
30 63 0
31 27 0
31 33 0
31 64 0
32 28 0
32 29 0
32 36 0
33 30 0
33 31 0
33 37 0
34 7 0
34 21 0
35 8 0
35 22 0
36 0 0
36 32 0
36 38 0
37 1 0
37 33 0
37 39 0
38 36 0
38 65 0
38 66 0
38 67 0
39 37 0
39 68 0
39 69 0
39 70 0
40 10 0
41 10 0
42 9 0
43 9 0
44 12 0
45 12 0
46 11 0
47 11 0
48 13 0
49 13 0
50 14 0
51 14 0
52 16 0
53 15 0
54 15 0
55 16 0
56 23 0
57 24 0
58 25 0
59 26 0
60 27 0
61 28 0
62 29 0
63 30 0
64 31 0
65 38 0
66 38 0
67 38 0
68 39 0
69 39 0
70 39 0
GraphDataEnd
GraphEnd
NodeEnd
END_EPT
