BEGIN_EPT
AnchorID: 9918  # ID of the anchor node
RootIndex: 0  # Index of the root node in tree_nodes
NodeCount: 13  # Total number of nodes in the EPT
NodeStart
EPTNodeID: 0
AnchorID: 9918
TreeNodeGraphID: 0
Level: 0
SimplifiedLevel: 0
EditOperation: -1 0 -1 0 0
AccumulatedOpsCount: 0
ChildrenCount: 2
ChildIndices: 1 9
CompletedDBGraphIDsCount: 3
CompletedDBGraphID: 4280
CompletedDBGraphID: 7786
CompletedDBGraphID: 10598
GraphStart
GraphDataStart
ID: 0
NumNodes: 62
NumEdges: 130
NodeLabels
2 2 2 2 3 3 3 4 4 4 4 4 4 4 4 4 4 4 4 4 4 4 4 4 4 4 4 4 4 4 4 4 4 5 5 5 5 5 5 5 5 5 5 5 5 5 5 5 5 5 5 5 5 5 5 5 5 5 5 5 5 5 
Edges
0 15 0
1 20 0
1 58 0
2 19 0
3 20 0
4 10 0
4 11 0
4 18 0
5 12 0
5 13 0
5 19 0
6 15 0
6 22 0
6 49 0
7 8 0
7 9 0
7 15 0
7 33 0
8 7 0
8 14 0
8 20 0
8 34 0
9 7 0
9 16 0
9 35 0
9 36 0
10 4 0
10 12 0
10 37 0
10 38 0
11 4 0
11 13 0
11 39 0
11 40 0
12 5 0
12 10 0
12 43 0
12 44 0
13 5 0
13 11 0
13 41 0
13 42 0
14 8 0
14 17 0
14 45 0
14 46 0
15 0 0
15 6 0
15 7 0
16 9 0
16 17 0
16 47 0
17 14 0
17 16 0
17 48 0
18 4 0
18 23 0
18 24 0
19 2 0
19 5 0
19 21 0
20 1 0
20 3 0
20 8 0
21 19 0
21 22 0
21 25 0
22 6 0
22 21 0
22 26 0
23 18 0
23 27 0
23 28 0
24 18 0
24 29 0
24 50 0
25 21 0
25 31 0
25 51 0
26 22 0
26 32 0
26 52 0
27 23 0
27 30 0
27 53 0
28 23 0
28 54 0
28 55 0
28 56 0
29 24 0
29 30 0
29 57 0
30 27 0
30 29 0
30 59 0
31 25 0
31 32 0
31 60 0
32 26 0
32 31 0
32 61 0
33 7 0
34 8 0
35 9 0
36 9 0
37 10 0
38 10 0
39 11 0
40 11 0
41 13 0
42 13 0
43 12 0
44 12 0
45 14 0
46 14 0
47 16 0
48 17 0
49 6 0
50 24 0
51 25 0
52 26 0
53 27 0
54 28 0
55 28 0
56 28 0
57 29 0
58 1 0
59 30 0
60 31 0
61 32 0
GraphDataEnd
GraphEnd
NodeEnd
NodeStart
EPTNodeID: 1
AnchorID: 9918
TreeNodeGraphID: 1
Level: 1
SimplifiedLevel: 0
EditOperation: 4 23 28 0 0
AccumulatedOpsCount: 1
AccumulatedOp: 4 23 28 0 0
ChildrenCount: 3
ChildIndices: 2 7 8
CompletedDBGraphIDsCount: 0
GraphStart
GraphDataStart
ID: 1
NumNodes: 62
NumEdges: 128
NodeLabels
2 2 2 2 3 3 3 4 4 4 4 4 4 4 4 4 4 4 4 4 4 4 4 4 4 4 4 4 4 4 4 4 4 5 5 5 5 5 5 5 5 5 5 5 5 5 5 5 5 5 5 5 5 5 5 5 5 5 5 5 5 5 
Edges
0 15 0
1 20 0
1 58 0
2 19 0
3 20 0
4 10 0
4 11 0
4 18 0
5 12 0
5 13 0
5 19 0
6 15 0
6 22 0
6 49 0
7 8 0
7 9 0
7 15 0
7 33 0
8 7 0
8 14 0
8 20 0
8 34 0
9 7 0
9 16 0
9 35 0
9 36 0
10 4 0
10 12 0
10 37 0
10 38 0
11 4 0
11 13 0
11 39 0
11 40 0
12 5 0
12 10 0
12 43 0
12 44 0
13 5 0
13 11 0
13 41 0
13 42 0
14 8 0
14 17 0
14 45 0
14 46 0
15 0 0
15 6 0
15 7 0
16 9 0
16 17 0
16 47 0
17 14 0
17 16 0
17 48 0
18 4 0
18 23 0
18 24 0
19 2 0
19 5 0
19 21 0
20 1 0
20 3 0
20 8 0
21 19 0
21 22 0
21 25 0
22 6 0
22 21 0
22 26 0
23 18 0
23 27 0
24 18 0
24 29 0
24 50 0
25 21 0
25 31 0
25 51 0
26 22 0
26 32 0
26 52 0
27 23 0
27 30 0
27 53 0
28 54 0
28 55 0
28 56 0
29 24 0
29 30 0
29 57 0
30 27 0
30 29 0
30 59 0
31 25 0
31 32 0
31 60 0
32 26 0
32 31 0
32 61 0
33 7 0
34 8 0
35 9 0
36 9 0
37 10 0
38 10 0
39 11 0
40 11 0
41 13 0
42 13 0
43 12 0
44 12 0
45 14 0
46 14 0
47 16 0
48 17 0
49 6 0
50 24 0
51 25 0
52 26 0
53 27 0
54 28 0
55 28 0
56 28 0
57 29 0
58 1 0
59 30 0
60 31 0
61 32 0
GraphDataEnd
GraphEnd
NodeEnd
NodeStart
EPTNodeID: 2
AnchorID: 9918
TreeNodeGraphID: 2
Level: 2
SimplifiedLevel: 0
EditOperation: 2 63 0 0 5
AccumulatedOpsCount: 1
AccumulatedOp: 2 63 0 0 5
ChildrenCount: 2
ChildIndices: 3 6
CompletedDBGraphIDsCount: 0
GraphStart
GraphDataStart
ID: 2
NumNodes: 63
NumEdges: 128
NodeLabels
2 2 2 2 3 3 3 4 4 4 4 4 4 4 4 4 4 4 4 4 4 4 4 4 4 4 4 4 4 4 4 4 4 5 5 5 5 5 5 5 5 5 5 5 5 5 5 5 5 5 5 5 5 5 5 5 5 5 5 5 5 5 5 
Edges
0 15 0
1 20 0
1 58 0
2 19 0
3 20 0
4 10 0
4 11 0
4 18 0
5 12 0
5 13 0
5 19 0
6 15 0
6 22 0
6 49 0
7 8 0
7 9 0
7 15 0
7 33 0
8 7 0
8 14 0
8 20 0
8 34 0
9 7 0
9 16 0
9 35 0
9 36 0
10 4 0
10 12 0
10 37 0
10 38 0
11 4 0
11 13 0
11 39 0
11 40 0
12 5 0
12 10 0
12 43 0
12 44 0
13 5 0
13 11 0
13 41 0
13 42 0
14 8 0
14 17 0
14 45 0
14 46 0
15 0 0
15 6 0
15 7 0
16 9 0
16 17 0
16 47 0
17 14 0
17 16 0
17 48 0
18 4 0
18 23 0
18 24 0
19 2 0
19 5 0
19 21 0
20 1 0
20 3 0
20 8 0
21 19 0
21 22 0
21 25 0
22 6 0
22 21 0
22 26 0
23 18 0
23 27 0
24 18 0
24 29 0
24 50 0
25 21 0
25 31 0
25 51 0
26 22 0
26 32 0
26 52 0
27 23 0
27 30 0
27 53 0
28 54 0
28 55 0
28 56 0
29 24 0
29 30 0
29 57 0
30 27 0
30 29 0
30 59 0
31 25 0
31 32 0
31 60 0
32 26 0
32 31 0
32 61 0
33 7 0
34 8 0
35 9 0
36 9 0
37 10 0
38 10 0
39 11 0
40 11 0
41 13 0
42 13 0
43 12 0
44 12 0
45 14 0
46 14 0
47 16 0
48 17 0
49 6 0
50 24 0
51 25 0
52 26 0
53 27 0
54 28 0
55 28 0
56 28 0
57 29 0
58 1 0
59 30 0
60 31 0
61 32 0
GraphDataEnd
GraphEnd
NodeEnd
NodeStart
EPTNodeID: 3
AnchorID: 9918
TreeNodeGraphID: 3
Level: 3
SimplifiedLevel: 0
EditOperation: 2 62 0 0 5
AccumulatedOpsCount: 1
AccumulatedOp: 2 62 0 0 5
ChildrenCount: 2
ChildIndices: 4 5
CompletedDBGraphIDsCount: 0
GraphStart
GraphDataStart
ID: 3
NumNodes: 64
NumEdges: 128
NodeLabels
2 2 2 2 3 3 3 4 4 4 4 4 4 4 4 4 4 4 4 4 4 4 4 4 4 4 4 4 4 4 4 4 4 5 5 5 5 5 5 5 5 5 5 5 5 5 5 5 5 5 5 5 5 5 5 5 5 5 5 5 5 5 5 5 
Edges
0 15 0
1 20 0
1 58 0
2 19 0
3 20 0
4 10 0
4 11 0
4 18 0
5 12 0
5 13 0
5 19 0
6 15 0
6 22 0
6 49 0
7 8 0
7 9 0
7 15 0
7 33 0
8 7 0
8 14 0
8 20 0
8 34 0
9 7 0
9 16 0
9 35 0
9 36 0
10 4 0
10 12 0
10 37 0
10 38 0
11 4 0
11 13 0
11 39 0
11 40 0
12 5 0
12 10 0
12 43 0
12 44 0
13 5 0
13 11 0
13 41 0
13 42 0
14 8 0
14 17 0
14 45 0
14 46 0
15 0 0
15 6 0
15 7 0
16 9 0
16 17 0
16 47 0
17 14 0
17 16 0
17 48 0
18 4 0
18 23 0
18 24 0
19 2 0
19 5 0
19 21 0
20 1 0
20 3 0
20 8 0
21 19 0
21 22 0
21 25 0
22 6 0
22 21 0
22 26 0
23 18 0
23 27 0
24 18 0
24 29 0
24 50 0
25 21 0
25 31 0
25 51 0
26 22 0
26 32 0
26 52 0
27 23 0
27 30 0
27 53 0
28 54 0
28 55 0
28 56 0
29 24 0
29 30 0
29 57 0
30 27 0
30 29 0
30 59 0
31 25 0
31 32 0
31 60 0
32 26 0
32 31 0
32 61 0
33 7 0
34 8 0
35 9 0
36 9 0
37 10 0
38 10 0
39 11 0
40 11 0
41 13 0
42 13 0
43 12 0
44 12 0
45 14 0
46 14 0
47 16 0
48 17 0
49 6 0
50 24 0
51 25 0
52 26 0
53 27 0
54 28 0
55 28 0
56 28 0
57 29 0
58 1 0
59 30 0
60 31 0
61 32 0
GraphDataEnd
GraphEnd
NodeEnd
NodeStart
EPTNodeID: 4
AnchorID: 9918
TreeNodeGraphID: 8
Level: 8
SimplifiedLevel: 0
EditOperation: 5 17 62 0 0
AccumulatedOpsCount: 5
AccumulatedOp: 5 28 29 0 0
AccumulatedOp: 5 16 57 0 0
AccumulatedOp: 5 23 63 0 0
AccumulatedOp: 4 29 57 0 0
AccumulatedOp: 5 17 62 0 0
ChildrenCount: 0
ChildIndices:
CompletedDBGraphIDsCount: 4
CompletedDBGraphID: 9996
CompletedDBGraphID: 2208
CompletedDBGraphID: 15204
CompletedDBGraphID: 6397
GraphStart
GraphDataStart
ID: 8
NumNodes: 64
NumEdges: 134
NodeLabels
2 2 2 2 3 3 3 4 4 4 4 4 4 4 4 4 4 4 4 4 4 4 4 4 4 4 4 4 4 4 4 4 4 5 5 5 5 5 5 5 5 5 5 5 5 5 5 5 5 5 5 5 5 5 5 5 5 5 5 5 5 5 5 5 
Edges
0 15 0
1 20 0
1 58 0
2 19 0
3 20 0
4 10 0
4 11 0
4 18 0
5 12 0
5 13 0
5 19 0
6 15 0
6 22 0
6 49 0
7 8 0
7 9 0
7 15 0
7 33 0
8 7 0
8 14 0
8 20 0
8 34 0
9 7 0
9 16 0
9 35 0
9 36 0
10 4 0
10 12 0
10 37 0
10 38 0
11 4 0
11 13 0
11 39 0
11 40 0
12 5 0
12 10 0
12 43 0
12 44 0
13 5 0
13 11 0
13 41 0
13 42 0
14 8 0
14 17 0
14 45 0
14 46 0
15 0 0
15 6 0
15 7 0
16 9 0
16 17 0
16 47 0
16 57 0
17 14 0
17 16 0
17 48 0
17 62 0
18 4 0
18 23 0
18 24 0
19 2 0
19 5 0
19 21 0
20 1 0
20 3 0
20 8 0
21 19 0
21 22 0
21 25 0
22 6 0
22 21 0
22 26 0
23 18 0
23 27 0
23 63 0
24 18 0
24 29 0
24 50 0
25 21 0
25 31 0
25 51 0
26 22 0
26 32 0
26 52 0
27 23 0
27 30 0
27 53 0
28 54 0
28 55 0
28 56 0
28 29 0
29 24 0
29 30 0
29 28 0
30 27 0
30 29 0
30 59 0
31 25 0
31 32 0
31 60 0
32 26 0
32 31 0
32 61 0
33 7 0
34 8 0
35 9 0
36 9 0
37 10 0
38 10 0
39 11 0
40 11 0
41 13 0
42 13 0
43 12 0
44 12 0
45 14 0
46 14 0
47 16 0
48 17 0
49 6 0
50 24 0
51 25 0
52 26 0
53 27 0
54 28 0
55 28 0
56 28 0
57 16 0
58 1 0
59 30 0
60 31 0
61 32 0
62 17 0
63 23 0
GraphDataEnd
GraphEnd
NodeEnd
NodeStart
EPTNodeID: 5
AnchorID: 9918
TreeNodeGraphID: 13
Level: 8
SimplifiedLevel: 0
EditOperation: 5 17 63 0 0
AccumulatedOpsCount: 5
AccumulatedOp: 5 28 30 0 0
AccumulatedOp: 4 30 59 0 0
AccumulatedOp: 5 23 59 0 0
AccumulatedOp: 5 16 62 0 0
AccumulatedOp: 5 17 63 0 0
ChildrenCount: 0
ChildIndices:
CompletedDBGraphIDsCount: 4
CompletedDBGraphID: 10854
CompletedDBGraphID: 9400
CompletedDBGraphID: 1401
CompletedDBGraphID: 7341
GraphStart
GraphDataStart
ID: 13
NumNodes: 64
NumEdges: 134
NodeLabels
2 2 2 2 3 3 3 4 4 4 4 4 4 4 4 4 4 4 4 4 4 4 4 4 4 4 4 4 4 4 4 4 4 5 5 5 5 5 5 5 5 5 5 5 5 5 5 5 5 5 5 5 5 5 5 5 5 5 5 5 5 5 5 5 
Edges
0 15 0
1 20 0
1 58 0
2 19 0
3 20 0
4 10 0
4 11 0
4 18 0
5 12 0
5 13 0
5 19 0
6 15 0
6 22 0
6 49 0
7 8 0
7 9 0
7 15 0
7 33 0
8 7 0
8 14 0
8 20 0
8 34 0
9 7 0
9 16 0
9 35 0
9 36 0
10 4 0
10 12 0
10 37 0
10 38 0
11 4 0
11 13 0
11 39 0
11 40 0
12 5 0
12 10 0
12 43 0
12 44 0
13 5 0
13 11 0
13 41 0
13 42 0
14 8 0
14 17 0
14 45 0
14 46 0
15 0 0
15 6 0
15 7 0
16 9 0
16 17 0
16 47 0
16 62 0
17 14 0
17 16 0
17 48 0
17 63 0
18 4 0
18 23 0
18 24 0
19 2 0
19 5 0
19 21 0
20 1 0
20 3 0
20 8 0
21 19 0
21 22 0
21 25 0
22 6 0
22 21 0
22 26 0
23 18 0
23 27 0
23 59 0
24 18 0
24 29 0
24 50 0
25 21 0
25 31 0
25 51 0
26 22 0
26 32 0
26 52 0
27 23 0
27 30 0
27 53 0
28 54 0
28 55 0
28 56 0
28 30 0
29 24 0
29 30 0
29 57 0
30 27 0
30 29 0
30 28 0
31 25 0
31 32 0
31 60 0
32 26 0
32 31 0
32 61 0
33 7 0
34 8 0
35 9 0
36 9 0
37 10 0
38 10 0
39 11 0
40 11 0
41 13 0
42 13 0
43 12 0
44 12 0
45 14 0
46 14 0
47 16 0
48 17 0
49 6 0
50 24 0
51 25 0
52 26 0
53 27 0
54 28 0
55 28 0
56 28 0
57 29 0
58 1 0
59 23 0
60 31 0
61 32 0
62 16 0
63 17 0
GraphDataEnd
GraphEnd
NodeEnd
NodeStart
EPTNodeID: 6
AnchorID: 9918
TreeNodeGraphID: 19
Level: 8
SimplifiedLevel: 0
EditOperation: 5 17 64 0 0
AccumulatedOpsCount: 6
AccumulatedOp: 2 62 0 0 2
AccumulatedOp: 5 16 63 0 0
AccumulatedOp: 2 64 0 0 5
AccumulatedOp: 5 28 62 0 0
AccumulatedOp: 5 23 62 0 0
AccumulatedOp: 5 17 64 0 0
ChildrenCount: 0
ChildIndices:
CompletedDBGraphIDsCount: 4
CompletedDBGraphID: 11846
CompletedDBGraphID: 5260
CompletedDBGraphID: 5202
CompletedDBGraphID: 18615
GraphStart
GraphDataStart
ID: 19
NumNodes: 65
NumEdges: 136
NodeLabels
2 2 2 2 3 3 3 4 4 4 4 4 4 4 4 4 4 4 4 4 4 4 4 4 4 4 4 4 4 4 4 4 4 5 5 5 5 5 5 5 5 5 5 5 5 5 5 5 5 5 5 5 5 5 5 5 5 5 5 5 5 5 2 5 5 
Edges
0 15 0
1 20 0
1 58 0
2 19 0
3 20 0
4 10 0
4 11 0
4 18 0
5 12 0
5 13 0
5 19 0
6 15 0
6 22 0
6 49 0
7 8 0
7 9 0
7 15 0
7 33 0
8 7 0
8 14 0
8 20 0
8 34 0
9 7 0
9 16 0
9 35 0
9 36 0
10 4 0
10 12 0
10 37 0
10 38 0
11 4 0
11 13 0
11 39 0
11 40 0
12 5 0
12 10 0
12 43 0
12 44 0
13 5 0
13 11 0
13 41 0
13 42 0
14 8 0
14 17 0
14 45 0
14 46 0
15 0 0
15 6 0
15 7 0
16 9 0
16 17 0
16 47 0
16 63 0
17 14 0
17 16 0
17 48 0
17 64 0
18 4 0
18 23 0
18 24 0
19 2 0
19 5 0
19 21 0
20 1 0
20 3 0
20 8 0
21 19 0
21 22 0
21 25 0
22 6 0
22 21 0
22 26 0
23 18 0
23 27 0
23 62 0
24 18 0
24 29 0
24 50 0
25 21 0
25 31 0
25 51 0
26 22 0
26 32 0
26 52 0
27 23 0
27 30 0
27 53 0
28 54 0
28 55 0
28 56 0
28 62 0
29 24 0
29 30 0
29 57 0
30 27 0
30 29 0
30 59 0
31 25 0
31 32 0
31 60 0
32 26 0
32 31 0
32 61 0
33 7 0
34 8 0
35 9 0
36 9 0
37 10 0
38 10 0
39 11 0
40 11 0
41 13 0
42 13 0
43 12 0
44 12 0
45 14 0
46 14 0
47 16 0
48 17 0
49 6 0
50 24 0
51 25 0
52 26 0
53 27 0
54 28 0
55 28 0
56 28 0
57 29 0
58 1 0
59 30 0
60 31 0
61 32 0
62 28 0
62 23 0
63 16 0
64 17 0
GraphDataEnd
GraphEnd
NodeEnd
NodeStart
EPTNodeID: 7
AnchorID: 9918
TreeNodeGraphID: 22
Level: 4
SimplifiedLevel: 0
EditOperation: 5 28 29 0 0
AccumulatedOpsCount: 3
AccumulatedOp: 4 29 57 0 0
AccumulatedOp: 5 23 57 0 0
AccumulatedOp: 5 28 29 0 0
ChildrenCount: 0
ChildIndices:
CompletedDBGraphIDsCount: 4
CompletedDBGraphID: 9425
CompletedDBGraphID: 15016
CompletedDBGraphID: 1062
CompletedDBGraphID: 7591
GraphStart
GraphDataStart
ID: 22
NumNodes: 62
NumEdges: 130
NodeLabels
2 2 2 2 3 3 3 4 4 4 4 4 4 4 4 4 4 4 4 4 4 4 4 4 4 4 4 4 4 4 4 4 4 5 5 5 5 5 5 5 5 5 5 5 5 5 5 5 5 5 5 5 5 5 5 5 5 5 5 5 5 5 
Edges
0 15 0
1 20 0
1 58 0
2 19 0
3 20 0
4 10 0
4 11 0
4 18 0
5 12 0
5 13 0
5 19 0
6 15 0
6 22 0
6 49 0
7 8 0
7 9 0
7 15 0
7 33 0
8 7 0
8 14 0
8 20 0
8 34 0
9 7 0
9 16 0
9 35 0
9 36 0
10 4 0
10 12 0
10 37 0
10 38 0
11 4 0
11 13 0
11 39 0
11 40 0
12 5 0
12 10 0
12 43 0
12 44 0
13 5 0
13 11 0
13 41 0
13 42 0
14 8 0
14 17 0
14 45 0
14 46 0
15 0 0
15 6 0
15 7 0
16 9 0
16 17 0
16 47 0
17 14 0
17 16 0
17 48 0
18 4 0
18 23 0
18 24 0
19 2 0
19 5 0
19 21 0
20 1 0
20 3 0
20 8 0
21 19 0
21 22 0
21 25 0
22 6 0
22 21 0
22 26 0
23 18 0
23 27 0
23 57 0
24 18 0
24 29 0
24 50 0
25 21 0
25 31 0
25 51 0
26 22 0
26 32 0
26 52 0
27 23 0
27 30 0
27 53 0
28 54 0
28 55 0
28 56 0
28 29 0
29 24 0
29 30 0
29 28 0
30 27 0
30 29 0
30 59 0
31 25 0
31 32 0
31 60 0
32 26 0
32 31 0
32 61 0
33 7 0
34 8 0
35 9 0
36 9 0
37 10 0
38 10 0
39 11 0
40 11 0
41 13 0
42 13 0
43 12 0
44 12 0
45 14 0
46 14 0
47 16 0
48 17 0
49 6 0
50 24 0
51 25 0
52 26 0
53 27 0
54 28 0
55 28 0
56 28 0
57 23 0
58 1 0
59 30 0
60 31 0
61 32 0
GraphDataEnd
GraphEnd
NodeEnd
NodeStart
EPTNodeID: 8
AnchorID: 9918
TreeNodeGraphID: 25
Level: 4
SimplifiedLevel: 0
EditOperation: 5 23 59 0 0
AccumulatedOpsCount: 3
AccumulatedOp: 5 28 30 0 0
AccumulatedOp: 4 30 59 0 0
AccumulatedOp: 5 23 59 0 0
ChildrenCount: 0
ChildIndices:
CompletedDBGraphIDsCount: 4
CompletedDBGraphID: 1503
CompletedDBGraphID: 11342
CompletedDBGraphID: 5169
CompletedDBGraphID: 2081
GraphStart
GraphDataStart
ID: 25
NumNodes: 62
NumEdges: 130
NodeLabels
2 2 2 2 3 3 3 4 4 4 4 4 4 4 4 4 4 4 4 4 4 4 4 4 4 4 4 4 4 4 4 4 4 5 5 5 5 5 5 5 5 5 5 5 5 5 5 5 5 5 5 5 5 5 5 5 5 5 5 5 5 5 
Edges
0 15 0
1 20 0
1 58 0
2 19 0
3 20 0
4 10 0
4 11 0
4 18 0
5 12 0
5 13 0
5 19 0
6 15 0
6 22 0
6 49 0
7 8 0
7 9 0
7 15 0
7 33 0
8 7 0
8 14 0
8 20 0
8 34 0
9 7 0
9 16 0
9 35 0
9 36 0
10 4 0
10 12 0
10 37 0
10 38 0
11 4 0
11 13 0
11 39 0
11 40 0
12 5 0
12 10 0
12 43 0
12 44 0
13 5 0
13 11 0
13 41 0
13 42 0
14 8 0
14 17 0
14 45 0
14 46 0
15 0 0
15 6 0
15 7 0
16 9 0
16 17 0
16 47 0
17 14 0
17 16 0
17 48 0
18 4 0
18 23 0
18 24 0
19 2 0
19 5 0
19 21 0
20 1 0
20 3 0
20 8 0
21 19 0
21 22 0
21 25 0
22 6 0
22 21 0
22 26 0
23 18 0
23 27 0
23 59 0
24 18 0
24 29 0
24 50 0
25 21 0
25 31 0
25 51 0
26 22 0
26 32 0
26 52 0
27 23 0
27 30 0
27 53 0
28 54 0
28 55 0
28 56 0
28 30 0
29 24 0
29 30 0
29 57 0
30 27 0
30 29 0
30 28 0
31 25 0
31 32 0
31 60 0
32 26 0
32 31 0
32 61 0
33 7 0
34 8 0
35 9 0
36 9 0
37 10 0
38 10 0
39 11 0
40 11 0
41 13 0
42 13 0
43 12 0
44 12 0
45 14 0
46 14 0
47 16 0
48 17 0
49 6 0
50 24 0
51 25 0
52 26 0
53 27 0
54 28 0
55 28 0
56 28 0
57 29 0
58 1 0
59 23 0
60 31 0
61 32 0
GraphDataEnd
GraphEnd
NodeEnd
NodeStart
EPTNodeID: 9
AnchorID: 9918
TreeNodeGraphID: 30
Level: 5
SimplifiedLevel: 0
EditOperation: 1 56 0 5 0
AccumulatedOpsCount: 5
AccumulatedOp: 4 28 56 0 0
AccumulatedOp: 0 28 0 4 5
AccumulatedOp: 4 28 55 0 0
AccumulatedOp: 4 28 54 0 0
AccumulatedOp: 1 56 0 5 0
ChildrenCount: 2
ChildIndices: 10 12
CompletedDBGraphIDsCount: 0
GraphStart
GraphDataStart
ID: 30
NumNodes: 61
NumEdges: 124
NodeLabels
2 2 2 2 3 3 3 4 4 4 4 4 4 4 4 4 4 4 4 4 4 4 4 4 4 4 4 4 5 4 4 4 4 5 5 5 5 5 5 5 5 5 5 5 5 5 5 5 5 5 5 5 5 5 5 5 5 5 5 5 5 
Edges
0 15 0
1 20 0
1 57 0
2 19 0
3 20 0
4 10 0
4 11 0
4 18 0
5 12 0
5 13 0
5 19 0
6 15 0
6 22 0
6 49 0
7 8 0
7 9 0
7 15 0
7 33 0
8 7 0
8 14 0
8 20 0
8 34 0
9 7 0
9 16 0
9 35 0
9 36 0
10 4 0
10 12 0
10 37 0
10 38 0
11 4 0
11 13 0
11 39 0
11 40 0
12 5 0
12 10 0
12 43 0
12 44 0
13 5 0
13 11 0
13 41 0
13 42 0
14 8 0
14 17 0
14 45 0
14 46 0
15 0 0
15 6 0
15 7 0
16 9 0
16 17 0
16 47 0
17 14 0
17 16 0
17 48 0
18 4 0
18 23 0
18 24 0
19 2 0
19 5 0
19 21 0
20 1 0
20 3 0
20 8 0
21 19 0
21 22 0
21 25 0
22 6 0
22 21 0
22 26 0
23 18 0
23 27 0
23 28 0
24 18 0
24 29 0
24 50 0
25 21 0
25 31 0
25 51 0
26 22 0
26 32 0
26 52 0
27 23 0
27 30 0
27 53 0
28 23 0
29 24 0
29 30 0
29 56 0
30 27 0
30 29 0
30 58 0
31 25 0
31 32 0
31 59 0
32 26 0
32 31 0
32 60 0
33 7 0
34 8 0
35 9 0
36 9 0
37 10 0
38 10 0
39 11 0
40 11 0
41 13 0
42 13 0
43 12 0
44 12 0
45 14 0
46 14 0
47 16 0
48 17 0
49 6 0
50 24 0
51 25 0
52 26 0
53 27 0
56 29 0
57 1 0
58 30 0
59 31 0
60 32 0
GraphDataEnd
GraphEnd
NodeEnd
NodeStart
EPTNodeID: 10
AnchorID: 9918
TreeNodeGraphID: 32
Level: 7
SimplifiedLevel: 0
EditOperation: 1 55 0 5 0
AccumulatedOpsCount: 2
AccumulatedOp: 1 54 0 5 0
AccumulatedOp: 1 55 0 5 0
ChildrenCount: 1
ChildIndices: 11
CompletedDBGraphIDsCount: 4
CompletedDBGraphID: 12747
CompletedDBGraphID: 13467
CompletedDBGraphID: 22388
CompletedDBGraphID: 3154
GraphStart
GraphDataStart
ID: 32
NumNodes: 59
NumEdges: 124
NodeLabels
2 2 2 2 3 3 3 4 4 4 4 4 4 4 4 4 4 4 4 4 4 4 4 4 4 4 4 4 5 4 4 4 4 5 5 5 5 5 5 5 5 5 5 5 5 5 5 5 5 5 5 5 5 5 5 5 5 5 5 
Edges
0 15 0
1 20 0
1 55 0
2 19 0
3 20 0
4 10 0
4 11 0
4 18 0
5 12 0
5 13 0
5 19 0
6 15 0
6 22 0
6 49 0
7 8 0
7 9 0
7 15 0
7 33 0
8 7 0
8 14 0
8 20 0
8 34 0
9 7 0
9 16 0
9 35 0
9 36 0
10 4 0
10 12 0
10 37 0
10 38 0
11 4 0
11 13 0
11 39 0
11 40 0
12 5 0
12 10 0
12 43 0
12 44 0
13 5 0
13 11 0
13 41 0
13 42 0
14 8 0
14 17 0
14 45 0
14 46 0
15 0 0
15 6 0
15 7 0
16 9 0
16 17 0
16 47 0
17 14 0
17 16 0
17 48 0
18 4 0
18 23 0
18 24 0
19 2 0
19 5 0
19 21 0
20 1 0
20 3 0
20 8 0
21 19 0
21 22 0
21 25 0
22 6 0
22 21 0
22 26 0
23 18 0
23 27 0
23 28 0
24 18 0
24 29 0
24 50 0
25 21 0
25 31 0
25 51 0
26 22 0
26 32 0
26 52 0
27 23 0
27 30 0
27 53 0
28 23 0
29 24 0
29 30 0
29 54 0
30 27 0
30 29 0
30 56 0
31 25 0
31 32 0
31 57 0
32 26 0
32 31 0
32 58 0
33 7 0
34 8 0
35 9 0
36 9 0
37 10 0
38 10 0
39 11 0
40 11 0
41 13 0
42 13 0
43 12 0
44 12 0
45 14 0
46 14 0
47 16 0
48 17 0
49 6 0
50 24 0
51 25 0
52 26 0
53 27 0
54 29 0
55 1 0
56 30 0
57 31 0
58 32 0
GraphDataEnd
GraphEnd
NodeEnd
NodeStart
EPTNodeID: 11
AnchorID: 9918
TreeNodeGraphID: 33
Level: 8
SimplifiedLevel: 0
EditOperation: 0 59 0 5 7
AccumulatedOpsCount: 1
AccumulatedOp: 0 59 0 5 7
ChildrenCount: 0
ChildIndices:
CompletedDBGraphIDsCount: 2
CompletedDBGraphID: 19047
CompletedDBGraphID: 12959
GraphStart
GraphDataStart
ID: 33
NumNodes: 59
NumEdges: 124
NodeLabels
2 2 2 2 3 3 3 4 4 4 4 4 4 4 4 4 4 4 4 4 4 4 4 4 4 4 4 4 5 4 4 4 4 5 5 5 5 5 5 5 5 5 5 5 5 5 5 5 5 5 5 5 5 5 5 5 7 5 5 
Edges
0 15 0
1 20 0
1 55 0
2 19 0
3 20 0
4 10 0
4 11 0
4 18 0
5 12 0
5 13 0
5 19 0
6 15 0
6 22 0
6 49 0
7 8 0
7 9 0
7 15 0
7 33 0
8 7 0
8 14 0
8 20 0
8 34 0
9 7 0
9 16 0
9 35 0
9 36 0
10 4 0
10 12 0
10 37 0
10 38 0
11 4 0
11 13 0
11 39 0
11 40 0
12 5 0
12 10 0
12 43 0
12 44 0
13 5 0
13 11 0
13 41 0
13 42 0
14 8 0
14 17 0
14 45 0
14 46 0
15 0 0
15 6 0
15 7 0
16 9 0
16 17 0
16 47 0
17 14 0
17 16 0
17 48 0
18 4 0
18 23 0
18 24 0
19 2 0
19 5 0
19 21 0
20 1 0
20 3 0
20 8 0
21 19 0
21 22 0
21 25 0
22 6 0
22 21 0
22 26 0
23 18 0
23 27 0
23 28 0
24 18 0
24 29 0
24 50 0
25 21 0
25 31 0
25 51 0
26 22 0
26 32 0
26 52 0
27 23 0
27 30 0
27 53 0
28 23 0
29 24 0
29 30 0
29 54 0
30 27 0
30 29 0
30 56 0
31 25 0
31 32 0
31 57 0
32 26 0
32 31 0
32 58 0
33 7 0
34 8 0
35 9 0
36 9 0
37 10 0
38 10 0
39 11 0
40 11 0
41 13 0
42 13 0
43 12 0
44 12 0
45 14 0
46 14 0
47 16 0
48 17 0
49 6 0
50 24 0
51 25 0
52 26 0
53 27 0
54 29 0
55 1 0
56 30 0
57 31 0
58 32 0
GraphDataEnd
GraphEnd
NodeEnd
NodeStart
EPTNodeID: 12
AnchorID: 9918
TreeNodeGraphID: 36
Level: 8
SimplifiedLevel: 0
EditOperation: 5 17 55 0 0
AccumulatedOpsCount: 3
AccumulatedOp: 0 59 0 5 1
AccumulatedOp: 5 16 54 0 0
AccumulatedOp: 5 17 55 0 0
ChildrenCount: 0
ChildIndices:
CompletedDBGraphIDsCount: 1
CompletedDBGraphID: 10044
GraphStart
GraphDataStart
ID: 36
NumNodes: 61
NumEdges: 128
NodeLabels
2 2 2 2 3 3 3 4 4 4 4 4 4 4 4 4 4 4 4 4 4 4 4 4 4 4 4 4 5 4 4 4 4 5 5 5 5 5 5 5 5 5 5 5 5 5 5 5 5 5 5 5 5 5 5 5 5 5 1 5 5 
Edges
0 15 0
1 20 0
1 57 0
2 19 0
3 20 0
4 10 0
4 11 0
4 18 0
5 12 0
5 13 0
5 19 0
6 15 0
6 22 0
6 49 0
7 8 0
7 9 0
7 15 0
7 33 0
8 7 0
8 14 0
8 20 0
8 34 0
9 7 0
9 16 0
9 35 0
9 36 0
10 4 0
10 12 0
10 37 0
10 38 0
11 4 0
11 13 0
11 39 0
11 40 0
12 5 0
12 10 0
12 43 0
12 44 0
13 5 0
13 11 0
13 41 0
13 42 0
14 8 0
14 17 0
14 45 0
14 46 0
15 0 0
15 6 0
15 7 0
16 9 0
16 17 0
16 47 0
16 54 0
17 14 0
17 16 0
17 48 0
17 55 0
18 4 0
18 23 0
18 24 0
19 2 0
19 5 0
19 21 0
20 1 0
20 3 0
20 8 0
21 19 0
21 22 0
21 25 0
22 6 0
22 21 0
22 26 0
23 18 0
23 27 0
23 28 0
24 18 0
24 29 0
24 50 0
25 21 0
25 31 0
25 51 0
26 22 0
26 32 0
26 52 0
27 23 0
27 30 0
27 53 0
28 23 0
29 24 0
29 30 0
29 56 0
30 27 0
30 29 0
30 58 0
31 25 0
31 32 0
31 59 0
32 26 0
32 31 0
32 60 0
33 7 0
34 8 0
35 9 0
36 9 0
37 10 0
38 10 0
39 11 0
40 11 0
41 13 0
42 13 0
43 12 0
44 12 0
45 14 0
46 14 0
47 16 0
48 17 0
49 6 0
50 24 0
51 25 0
52 26 0
53 27 0
54 16 0
55 17 0
56 29 0
57 1 0
58 30 0
59 31 0
60 32 0
GraphDataEnd
GraphEnd
NodeEnd
END_EPT
