BEGIN_EPT
AnchorID: 17050  # ID of the anchor node
RootIndex: 0  # Index of the root node in tree_nodes
NodeCount: 2  # Total number of nodes in the EPT
NodeStart
EPTNodeID: 0
AnchorID: 17050
TreeNodeGraphID: 0
Level: 0
SimplifiedLevel: 0
EditOperation: -1 0 -1 0 0
AccumulatedOpsCount: 0
ChildrenCount: 1
ChildIndices: 1
CompletedDBGraphIDsCount: 1
CompletedDBGraphID: 22653
GraphStart
GraphDataStart
ID: 0
NumNodes: 72
NumEdges: 150
NodeLabels
2 2 2 2 2 2 3 4 4 4 4 4 4 4 4 4 4 4 4 4 4 4 4 4 4 4 4 4 4 4 4 4 4 4 4 5 5 5 5 5 5 5 5 5 5 5 5 5 5 5 5 5 5 5 5 5 5 5 5 5 5 5 5 5 5 5 5 5 5 5 5 5 
Edges
0 17 0
0 25 0
1 13 0
2 25 0
3 29 0
3 32 0
4 30 0
4 33 0
5 31 0
5 34 0
6 11 0
6 18 0
6 46 0
7 8 0
7 9 0
7 14 0
7 15 0
8 7 0
8 11 0
8 35 0
8 36 0
9 7 0
9 13 0
9 37 0
9 38 0
10 11 0
10 12 0
10 13 0
11 6 0
11 8 0
11 10 0
12 10 0
12 16 0
12 21 0
12 39 0
13 1 0
13 9 0
13 10 0
14 7 0
14 43 0
14 44 0
14 45 0
15 7 0
15 40 0
15 41 0
15 42 0
16 12 0
16 18 0
16 25 0
17 0 0
17 19 0
17 20 0
17 47 0
18 6 0
18 16 0
18 26 0
19 17 0
19 23 0
19 48 0
19 49 0
20 17 0
20 22 0
20 50 0
20 51 0
21 12 0
21 27 0
21 28 0
22 20 0
22 24 0
22 52 0
22 53 0
23 19 0
23 24 0
23 54 0
23 55 0
24 22 0
24 23 0
24 56 0
24 57 0
25 0 0
25 2 0
25 16 0
26 18 0
26 58 0
26 59 0
26 60 0
27 21 0
27 30 0
27 61 0
28 21 0
28 29 0
28 62 0
29 3 0
29 28 0
29 31 0
30 4 0
30 27 0
30 31 0
31 5 0
31 29 0
31 30 0
32 3 0
32 63 0
32 64 0
32 65 0
33 4 0
33 66 0
33 67 0
33 68 0
34 5 0
34 69 0
34 70 0
34 71 0
35 8 0
36 8 0
37 9 0
38 9 0
39 12 0
40 15 0
41 15 0
42 15 0
43 14 0
44 14 0
45 14 0
46 6 0
47 17 0
48 19 0
49 19 0
50 20 0
51 20 0
52 22 0
53 22 0
54 23 0
55 23 0
56 24 0
57 24 0
58 26 0
59 26 0
60 26 0
61 27 0
62 28 0
63 32 0
64 32 0
65 32 0
66 33 0
67 33 0
68 33 0
69 34 0
70 34 0
71 34 0
GraphDataEnd
GraphEnd
NodeEnd
NodeStart
EPTNodeID: 1
AnchorID: 17050
TreeNodeGraphID: 8
Level: 8
SimplifiedLevel: 0
EditOperation: 1 57 0 5 0
AccumulatedOpsCount: 8
AccumulatedOp: 4 22 24 0 0
AccumulatedOp: 4 23 24 0 0
AccumulatedOp: 4 24 56 0 0
AccumulatedOp: 1 56 0 5 0
AccumulatedOp: 5 22 23 0 0
AccumulatedOp: 4 24 57 0 0
AccumulatedOp: 1 24 0 4 0
AccumulatedOp: 1 57 0 5 0
ChildrenCount: 0
ChildIndices:
CompletedDBGraphIDsCount: 2
CompletedDBGraphID: 12717
CompletedDBGraphID: 10176
GraphStart
GraphDataStart
ID: 8
NumNodes: 69
NumEdges: 144
NodeLabels
2 2 2 2 2 2 3 4 4 4 4 4 4 4 4 4 4 4 4 4 4 4 4 4 4 4 4 4 4 4 4 4 4 4 5 5 5 5 5 5 5 5 5 5 5 5 5 5 5 5 5 5 5 5 5 5 5 5 5 5 5 5 5 5 5 5 5 5 5 
Edges
0 17 0
0 24 0
1 13 0
2 24 0
3 28 0
3 31 0
4 29 0
4 32 0
5 30 0
5 33 0
6 11 0
6 18 0
6 45 0
7 8 0
7 9 0
7 14 0
7 15 0
8 7 0
8 11 0
8 34 0
8 35 0
9 7 0
9 13 0
9 36 0
9 37 0
10 11 0
10 12 0
10 13 0
11 6 0
11 8 0
11 10 0
12 10 0
12 16 0
12 21 0
12 38 0
13 1 0
13 9 0
13 10 0
14 7 0
14 42 0
14 43 0
14 44 0
15 7 0
15 39 0
15 40 0
15 41 0
16 12 0
16 18 0
16 24 0
17 0 0
17 19 0
17 20 0
17 46 0
18 6 0
18 16 0
18 25 0
19 17 0
19 23 0
19 47 0
19 48 0
20 17 0
20 22 0
20 49 0
20 50 0
21 12 0
21 26 0
21 27 0
22 20 0
22 51 0
22 52 0
22 23 0
23 19 0
23 53 0
23 54 0
23 22 0
24 0 0
24 2 0
24 16 0
25 18 0
25 55 0
25 56 0
25 57 0
26 21 0
26 29 0
26 58 0
27 21 0
27 28 0
27 59 0
28 3 0
28 27 0
28 30 0
29 4 0
29 26 0
29 30 0
30 5 0
30 28 0
30 29 0
31 3 0
31 60 0
31 61 0
31 62 0
32 4 0
32 63 0
32 64 0
32 65 0
33 5 0
33 66 0
33 67 0
33 68 0
34 8 0
35 8 0
36 9 0
37 9 0
38 12 0
39 15 0
40 15 0
41 15 0
42 14 0
43 14 0
44 14 0
45 6 0
46 17 0
47 19 0
48 19 0
49 20 0
50 20 0
51 22 0
52 22 0
53 23 0
54 23 0
55 25 0
56 25 0
57 25 0
58 26 0
59 27 0
60 31 0
61 31 0
62 31 0
63 32 0
64 32 0
65 32 0
66 33 0
67 33 0
68 33 0
GraphDataEnd
GraphEnd
NodeEnd
END_EPT
