BEGIN_EPT
AnchorID: 18953  # ID of the anchor node
RootIndex: 0  # Index of the root node in tree_nodes
NodeCount: 1  # Total number of nodes in the EPT
NodeStart
EPTNodeID: 0
AnchorID: 18953
TreeNodeGraphID: 0
Level: 0
SimplifiedLevel: 0
EditOperation: -1 0 -1 0 0
AccumulatedOpsCount: 0
ChildrenCount: 0
ChildIndices:
CompletedDBGraphIDsCount: 1
CompletedDBGraphID: 7802
GraphStart
GraphDataStart
ID: 0
NumNodes: 76
NumEdges: 164
NodeLabels
2 2 2 3 3 3 3 4 4 4 4 4 4 4 4 4 4 4 4 4 4 4 4 4 4 4 4 4 4 4 4 4 4 4 4 4 4 4 5 5 5 5 5 5 5 5 5 5 5 5 5 5 5 5 5 5 5 5 5 5 5 5 5 5 5 5 5 5 5 5 5 5 5 5 5 5 
Edges
0 22 0
1 33 0
2 34 0
2 37 0
3 8 0
3 14 0
3 15 0
4 7 0
4 16 0
4 22 0
5 28 0
5 29 0
5 30 0
6 31 0
6 32 0
6 33 0
7 4 0
7 8 0
7 10 0
7 38 0
8 3 0
8 7 0
8 9 0
9 8 0
9 11 0
9 13 0
10 7 0
10 12 0
10 39 0
10 40 0
11 9 0
11 12 0
11 41 0
11 42 0
12 10 0
12 11 0
12 43 0
12 44 0
13 9 0
13 15 0
13 19 0
14 3 0
14 16 0
14 45 0
14 46 0
15 3 0
15 13 0
15 23 0
16 4 0
16 14 0
16 47 0
16 48 0
17 18 0
17 20 0
17 21 0
17 49 0
18 17 0
18 19 0
18 24 0
19 13 0
19 18 0
19 50 0
20 17 0
20 26 0
20 53 0
20 54 0
21 17 0
21 25 0
21 51 0
21 52 0
22 0 0
22 4 0
22 28 0
23 15 0
23 24 0
23 55 0
24 18 0
24 23 0
24 60 0
25 21 0
25 27 0
25 58 0
25 59 0
26 20 0
26 27 0
26 56 0
26 57 0
27 25 0
27 26 0
27 61 0
27 62 0
28 5 0
28 22 0
28 63 0
28 64 0
29 5 0
29 32 0
29 67 0
29 68 0
30 5 0
30 31 0
30 65 0
30 66 0
31 6 0
31 30 0
31 71 0
31 72 0
32 6 0
32 29 0
32 69 0
32 70 0
33 1 0
33 6 0
33 34 0
34 2 0
34 33 0
34 35 0
35 34 0
35 36 0
35 73 0
36 35 0
36 37 0
36 74 0
37 2 0
37 36 0
37 75 0
38 7 0
39 10 0
40 10 0
41 11 0
42 11 0
43 12 0
44 12 0
45 14 0
46 14 0
47 16 0
48 16 0
49 17 0
50 19 0
51 21 0
52 21 0
53 20 0
54 20 0
55 23 0
56 26 0
57 26 0
58 25 0
59 25 0
60 24 0
61 27 0
62 27 0
63 28 0
64 28 0
65 30 0
66 30 0
67 29 0
68 29 0
69 32 0
70 32 0
71 31 0
72 31 0
73 35 0
74 36 0
75 37 0
GraphDataEnd
GraphEnd
NodeEnd
END_EPT
