BEGIN_EPT
AnchorID: 1432  # ID of the anchor node
RootIndex: 0  # Index of the root node in tree_nodes
NodeCount: 10  # Total number of nodes in the EPT
NodeStart
EPTNodeID: 0
AnchorID: 1432
TreeNodeGraphID: 0
Level: 0
SimplifiedLevel: 0
EditOperation: -1 0 -1 0 0
AccumulatedOpsCount: 0
ChildrenCount: 3
ChildIndices: 1 8 9
CompletedDBGraphIDsCount: 0
GraphStart
GraphDataStart
ID: 0
NumNodes: 62
NumEdges: 130
NodeLabels
6 2 2 2 3 3 3 4 4 4 4 4 4 4 4 4 4 4 4 4 4 4 4 4 4 4 4 4 4 4 4 4 4 5 5 5 5 5 5 5 5 5 5 5 5 5 5 5 5 5 5 5 5 5 5 5 5 5 5 5 5 5 
Edges
0 2 0
0 3 0
0 6 0
0 18 0
1 11 0
2 0 0
3 0 0
4 7 0
4 8 0
4 11 0
5 9 0
5 10 0
5 13 0
6 0 0
6 12 0
6 14 0
7 4 0
7 9 0
7 35 0
7 36 0
8 4 0
8 10 0
8 33 0
8 34 0
9 5 0
9 7 0
9 37 0
9 38 0
10 5 0
10 8 0
10 39 0
10 40 0
11 1 0
11 4 0
11 12 0
12 6 0
12 11 0
12 41 0
12 42 0
13 5 0
13 15 0
13 16 0
14 6 0
14 17 0
14 19 0
15 13 0
15 21 0
15 43 0
16 13 0
16 22 0
16 44 0
17 14 0
17 20 0
17 23 0
18 0 0
18 27 0
18 28 0
19 14 0
19 24 0
19 45 0
20 17 0
20 25 0
20 29 0
21 15 0
21 26 0
21 46 0
22 16 0
22 26 0
22 47 0
23 17 0
23 48 0
23 49 0
23 50 0
24 19 0
24 25 0
24 51 0
25 20 0
25 24 0
25 52 0
26 21 0
26 22 0
26 53 0
27 18 0
27 30 0
27 54 0
28 18 0
28 31 0
28 55 0
29 20 0
29 56 0
29 57 0
29 58 0
30 27 0
30 32 0
30 59 0
31 28 0
31 32 0
31 60 0
32 30 0
32 31 0
32 61 0
33 8 0
34 8 0
35 7 0
36 7 0
37 9 0
38 9 0
39 10 0
40 10 0
41 12 0
42 12 0
43 15 0
44 16 0
45 19 0
46 21 0
47 22 0
48 23 0
49 23 0
50 23 0
51 24 0
52 25 0
53 26 0
54 27 0
55 28 0
56 29 0
57 29 0
58 29 0
59 30 0
60 31 0
61 32 0
GraphDataEnd
GraphEnd
NodeEnd
NodeStart
EPTNodeID: 1
AnchorID: 1432
TreeNodeGraphID: 1
Level: 1
SimplifiedLevel: 0
EditOperation: 4 17 23 0 0
AccumulatedOpsCount: 1
AccumulatedOp: 4 17 23 0 0
ChildrenCount: 2
ChildIndices: 2 7
CompletedDBGraphIDsCount: 0
GraphStart
GraphDataStart
ID: 1
NumNodes: 62
NumEdges: 128
NodeLabels
6 2 2 2 3 3 3 4 4 4 4 4 4 4 4 4 4 4 4 4 4 4 4 4 4 4 4 4 4 4 4 4 4 5 5 5 5 5 5 5 5 5 5 5 5 5 5 5 5 5 5 5 5 5 5 5 5 5 5 5 5 5 
Edges
0 2 0
0 3 0
0 6 0
0 18 0
1 11 0
2 0 0
3 0 0
4 7 0
4 8 0
4 11 0
5 9 0
5 10 0
5 13 0
6 0 0
6 12 0
6 14 0
7 4 0
7 9 0
7 35 0
7 36 0
8 4 0
8 10 0
8 33 0
8 34 0
9 5 0
9 7 0
9 37 0
9 38 0
10 5 0
10 8 0
10 39 0
10 40 0
11 1 0
11 4 0
11 12 0
12 6 0
12 11 0
12 41 0
12 42 0
13 5 0
13 15 0
13 16 0
14 6 0
14 17 0
14 19 0
15 13 0
15 21 0
15 43 0
16 13 0
16 22 0
16 44 0
17 14 0
17 20 0
18 0 0
18 27 0
18 28 0
19 14 0
19 24 0
19 45 0
20 17 0
20 25 0
20 29 0
21 15 0
21 26 0
21 46 0
22 16 0
22 26 0
22 47 0
23 48 0
23 49 0
23 50 0
24 19 0
24 25 0
24 51 0
25 20 0
25 24 0
25 52 0
26 21 0
26 22 0
26 53 0
27 18 0
27 30 0
27 54 0
28 18 0
28 31 0
28 55 0
29 20 0
29 56 0
29 57 0
29 58 0
30 27 0
30 32 0
30 59 0
31 28 0
31 32 0
31 60 0
32 30 0
32 31 0
32 61 0
33 8 0
34 8 0
35 7 0
36 7 0
37 9 0
38 9 0
39 10 0
40 10 0
41 12 0
42 12 0
43 15 0
44 16 0
45 19 0
46 21 0
47 22 0
48 23 0
49 23 0
50 23 0
51 24 0
52 25 0
53 26 0
54 27 0
55 28 0
56 29 0
57 29 0
58 29 0
59 30 0
60 31 0
61 32 0
GraphDataEnd
GraphEnd
NodeEnd
NodeStart
EPTNodeID: 2
AnchorID: 1432
TreeNodeGraphID: 2
Level: 2
SimplifiedLevel: 0
EditOperation: 2 62 0 0 5
AccumulatedOpsCount: 1
AccumulatedOp: 2 62 0 0 5
ChildrenCount: 2
ChildIndices: 3 6
CompletedDBGraphIDsCount: 0
GraphStart
GraphDataStart
ID: 2
NumNodes: 63
NumEdges: 128
NodeLabels
6 2 2 2 3 3 3 4 4 4 4 4 4 4 4 4 4 4 4 4 4 4 4 4 4 4 4 4 4 4 4 4 4 5 5 5 5 5 5 5 5 5 5 5 5 5 5 5 5 5 5 5 5 5 5 5 5 5 5 5 5 5 5 
Edges
0 2 0
0 3 0
0 6 0
0 18 0
1 11 0
2 0 0
3 0 0
4 7 0
4 8 0
4 11 0
5 9 0
5 10 0
5 13 0
6 0 0
6 12 0
6 14 0
7 4 0
7 9 0
7 35 0
7 36 0
8 4 0
8 10 0
8 33 0
8 34 0
9 5 0
9 7 0
9 37 0
9 38 0
10 5 0
10 8 0
10 39 0
10 40 0
11 1 0
11 4 0
11 12 0
12 6 0
12 11 0
12 41 0
12 42 0
13 5 0
13 15 0
13 16 0
14 6 0
14 17 0
14 19 0
15 13 0
15 21 0
15 43 0
16 13 0
16 22 0
16 44 0
17 14 0
17 20 0
18 0 0
18 27 0
18 28 0
19 14 0
19 24 0
19 45 0
20 17 0
20 25 0
20 29 0
21 15 0
21 26 0
21 46 0
22 16 0
22 26 0
22 47 0
23 48 0
23 49 0
23 50 0
24 19 0
24 25 0
24 51 0
25 20 0
25 24 0
25 52 0
26 21 0
26 22 0
26 53 0
27 18 0
27 30 0
27 54 0
28 18 0
28 31 0
28 55 0
29 20 0
29 56 0
29 57 0
29 58 0
30 27 0
30 32 0
30 59 0
31 28 0
31 32 0
31 60 0
32 30 0
32 31 0
32 61 0
33 8 0
34 8 0
35 7 0
36 7 0
37 9 0
38 9 0
39 10 0
40 10 0
41 12 0
42 12 0
43 15 0
44 16 0
45 19 0
46 21 0
47 22 0
48 23 0
49 23 0
50 23 0
51 24 0
52 25 0
53 26 0
54 27 0
55 28 0
56 29 0
57 29 0
58 29 0
59 30 0
60 31 0
61 32 0
GraphDataEnd
GraphEnd
NodeEnd
NodeStart
EPTNodeID: 3
AnchorID: 1432
TreeNodeGraphID: 3
Level: 3
SimplifiedLevel: 0
EditOperation: 5 17 62 0 0
AccumulatedOpsCount: 1
AccumulatedOp: 5 17 62 0 0
ChildrenCount: 2
ChildIndices: 4 5
CompletedDBGraphIDsCount: 0
GraphStart
GraphDataStart
ID: 3
NumNodes: 63
NumEdges: 130
NodeLabels
6 2 2 2 3 3 3 4 4 4 4 4 4 4 4 4 4 4 4 4 4 4 4 4 4 4 4 4 4 4 4 4 4 5 5 5 5 5 5 5 5 5 5 5 5 5 5 5 5 5 5 5 5 5 5 5 5 5 5 5 5 5 5 
Edges
0 2 0
0 3 0
0 6 0
0 18 0
1 11 0
2 0 0
3 0 0
4 7 0
4 8 0
4 11 0
5 9 0
5 10 0
5 13 0
6 0 0
6 12 0
6 14 0
7 4 0
7 9 0
7 35 0
7 36 0
8 4 0
8 10 0
8 33 0
8 34 0
9 5 0
9 7 0
9 37 0
9 38 0
10 5 0
10 8 0
10 39 0
10 40 0
11 1 0
11 4 0
11 12 0
12 6 0
12 11 0
12 41 0
12 42 0
13 5 0
13 15 0
13 16 0
14 6 0
14 17 0
14 19 0
15 13 0
15 21 0
15 43 0
16 13 0
16 22 0
16 44 0
17 14 0
17 20 0
17 62 0
18 0 0
18 27 0
18 28 0
19 14 0
19 24 0
19 45 0
20 17 0
20 25 0
20 29 0
21 15 0
21 26 0
21 46 0
22 16 0
22 26 0
22 47 0
23 48 0
23 49 0
23 50 0
24 19 0
24 25 0
24 51 0
25 20 0
25 24 0
25 52 0
26 21 0
26 22 0
26 53 0
27 18 0
27 30 0
27 54 0
28 18 0
28 31 0
28 55 0
29 20 0
29 56 0
29 57 0
29 58 0
30 27 0
30 32 0
30 59 0
31 28 0
31 32 0
31 60 0
32 30 0
32 31 0
32 61 0
33 8 0
34 8 0
35 7 0
36 7 0
37 9 0
38 9 0
39 10 0
40 10 0
41 12 0
42 12 0
43 15 0
44 16 0
45 19 0
46 21 0
47 22 0
48 23 0
49 23 0
50 23 0
51 24 0
52 25 0
53 26 0
54 27 0
55 28 0
56 29 0
57 29 0
58 29 0
59 30 0
60 31 0
61 32 0
62 17 0
GraphDataEnd
GraphEnd
NodeEnd
NodeStart
EPTNodeID: 4
AnchorID: 1432
TreeNodeGraphID: 6
Level: 6
SimplifiedLevel: 0
EditOperation: 0 46 0 5 7
AccumulatedOpsCount: 3
AccumulatedOp: 5 23 45 0 0
AccumulatedOp: 0 45 0 5 2
AccumulatedOp: 0 46 0 5 7
ChildrenCount: 0
ChildIndices:
CompletedDBGraphIDsCount: 1
CompletedDBGraphID: 3930
GraphStart
GraphDataStart
ID: 6
NumNodes: 63
NumEdges: 132
NodeLabels
6 2 2 2 3 3 3 4 4 4 4 4 4 4 4 4 4 4 4 4 4 4 4 4 4 4 4 4 4 4 4 4 4 5 5 5 5 5 5 5 5 5 5 5 5 2 7 5 5 5 5 5 5 5 5 5 5 5 5 5 5 5 5 
Edges
0 2 0
0 3 0
0 6 0
0 18 0
1 11 0
2 0 0
3 0 0
4 7 0
4 8 0
4 11 0
5 9 0
5 10 0
5 13 0
6 0 0
6 12 0
6 14 0
7 4 0
7 9 0
7 35 0
7 36 0
8 4 0
8 10 0
8 33 0
8 34 0
9 5 0
9 7 0
9 37 0
9 38 0
10 5 0
10 8 0
10 39 0
10 40 0
11 1 0
11 4 0
11 12 0
12 6 0
12 11 0
12 41 0
12 42 0
13 5 0
13 15 0
13 16 0
14 6 0
14 17 0
14 19 0
15 13 0
15 21 0
15 43 0
16 13 0
16 22 0
16 44 0
17 14 0
17 20 0
17 62 0
18 0 0
18 27 0
18 28 0
19 14 0
19 24 0
19 45 0
20 17 0
20 25 0
20 29 0
21 15 0
21 26 0
21 46 0
22 16 0
22 26 0
22 47 0
23 48 0
23 49 0
23 50 0
23 45 0
24 19 0
24 25 0
24 51 0
25 20 0
25 24 0
25 52 0
26 21 0
26 22 0
26 53 0
27 18 0
27 30 0
27 54 0
28 18 0
28 31 0
28 55 0
29 20 0
29 56 0
29 57 0
29 58 0
30 27 0
30 32 0
30 59 0
31 28 0
31 32 0
31 60 0
32 30 0
32 31 0
32 61 0
33 8 0
34 8 0
35 7 0
36 7 0
37 9 0
38 9 0
39 10 0
40 10 0
41 12 0
42 12 0
43 15 0
44 16 0
45 19 0
45 23 0
46 21 0
47 22 0
48 23 0
49 23 0
50 23 0
51 24 0
52 25 0
53 26 0
54 27 0
55 28 0
56 29 0
57 29 0
58 29 0
59 30 0
60 31 0
61 32 0
62 17 0
GraphDataEnd
GraphEnd
NodeEnd
NodeStart
EPTNodeID: 5
AnchorID: 1432
TreeNodeGraphID: 12
Level: 9
SimplifiedLevel: 0
EditOperation: 0 57 0 5 1
AccumulatedOpsCount: 6
AccumulatedOp: 0 56 0 5 1
AccumulatedOp: 0 44 0 5 2
AccumulatedOp: 5 23 44 0 0
AccumulatedOp: 0 52 0 5 7
AccumulatedOp: 0 58 0 5 1
AccumulatedOp: 0 57 0 5 1
ChildrenCount: 0
ChildIndices:
CompletedDBGraphIDsCount: 1
CompletedDBGraphID: 18878
GraphStart
GraphDataStart
ID: 12
NumNodes: 63
NumEdges: 132
NodeLabels
6 2 2 2 3 3 3 4 4 4 4 4 4 4 4 4 4 4 4 4 4 4 4 4 4 4 4 4 4 4 4 4 4 5 5 5 5 5 5 5 5 5 5 5 2 5 5 5 5 5 5 5 7 5 5 5 1 1 1 5 5 5 5 
Edges
0 2 0
0 3 0
0 6 0
0 18 0
1 11 0
2 0 0
3 0 0
4 7 0
4 8 0
4 11 0
5 9 0
5 10 0
5 13 0
6 0 0
6 12 0
6 14 0
7 4 0
7 9 0
7 35 0
7 36 0
8 4 0
8 10 0
8 33 0
8 34 0
9 5 0
9 7 0
9 37 0
9 38 0
10 5 0
10 8 0
10 39 0
10 40 0
11 1 0
11 4 0
11 12 0
12 6 0
12 11 0
12 41 0
12 42 0
13 5 0
13 15 0
13 16 0
14 6 0
14 17 0
14 19 0
15 13 0
15 21 0
15 43 0
16 13 0
16 22 0
16 44 0
17 14 0
17 20 0
17 62 0
18 0 0
18 27 0
18 28 0
19 14 0
19 24 0
19 45 0
20 17 0
20 25 0
20 29 0
21 15 0
21 26 0
21 46 0
22 16 0
22 26 0
22 47 0
23 48 0
23 49 0
23 50 0
23 44 0
24 19 0
24 25 0
24 51 0
25 20 0
25 24 0
25 52 0
26 21 0
26 22 0
26 53 0
27 18 0
27 30 0
27 54 0
28 18 0
28 31 0
28 55 0
29 20 0
29 56 0
29 57 0
29 58 0
30 27 0
30 32 0
30 59 0
31 28 0
31 32 0
31 60 0
32 30 0
32 31 0
32 61 0
33 8 0
34 8 0
35 7 0
36 7 0
37 9 0
38 9 0
39 10 0
40 10 0
41 12 0
42 12 0
43 15 0
44 16 0
44 23 0
45 19 0
46 21 0
47 22 0
48 23 0
49 23 0
50 23 0
51 24 0
52 25 0
53 26 0
54 27 0
55 28 0
56 29 0
57 29 0
58 29 0
59 30 0
60 31 0
61 32 0
62 17 0
GraphDataEnd
GraphEnd
NodeEnd
NodeStart
EPTNodeID: 6
AnchorID: 1432
TreeNodeGraphID: 20
Level: 10
SimplifiedLevel: 0
EditOperation: 5 20 62 0 0
AccumulatedOpsCount: 8
AccumulatedOp: 5 23 29 0 0
AccumulatedOp: 0 52 0 5 2
AccumulatedOp: 5 17 58 0 0
AccumulatedOp: 0 61 0 5 7
AccumulatedOp: 5 29 52 0 0
AccumulatedOp: 4 20 29 0 0
AccumulatedOp: 4 29 58 0 0
AccumulatedOp: 5 20 62 0 0
ChildrenCount: 0
ChildIndices:
CompletedDBGraphIDsCount: 1
CompletedDBGraphID: 1742
GraphStart
GraphDataStart
ID: 20
NumNodes: 63
NumEdges: 132
NodeLabels
6 2 2 2 3 3 3 4 4 4 4 4 4 4 4 4 4 4 4 4 4 4 4 4 4 4 4 4 4 4 4 4 4 5 5 5 5 5 5 5 5 5 5 5 5 5 5 5 5 5 5 5 2 5 5 5 5 5 5 5 5 7 5 
Edges
0 2 0
0 3 0
0 6 0
0 18 0
1 11 0
2 0 0
3 0 0
4 7 0
4 8 0
4 11 0
5 9 0
5 10 0
5 13 0
6 0 0
6 12 0
6 14 0
7 4 0
7 9 0
7 35 0
7 36 0
8 4 0
8 10 0
8 33 0
8 34 0
9 5 0
9 7 0
9 37 0
9 38 0
10 5 0
10 8 0
10 39 0
10 40 0
11 1 0
11 4 0
11 12 0
12 6 0
12 11 0
12 41 0
12 42 0
13 5 0
13 15 0
13 16 0
14 6 0
14 17 0
14 19 0
15 13 0
15 21 0
15 43 0
16 13 0
16 22 0
16 44 0
17 14 0
17 20 0
17 58 0
18 0 0
18 27 0
18 28 0
19 14 0
19 24 0
19 45 0
20 17 0
20 25 0
20 62 0
21 15 0
21 26 0
21 46 0
22 16 0
22 26 0
22 47 0
23 48 0
23 49 0
23 50 0
23 29 0
24 19 0
24 25 0
24 51 0
25 20 0
25 24 0
25 52 0
26 21 0
26 22 0
26 53 0
27 18 0
27 30 0
27 54 0
28 18 0
28 31 0
28 55 0
29 56 0
29 57 0
29 23 0
29 52 0
30 27 0
30 32 0
30 59 0
31 28 0
31 32 0
31 60 0
32 30 0
32 31 0
32 61 0
33 8 0
34 8 0
35 7 0
36 7 0
37 9 0
38 9 0
39 10 0
40 10 0
41 12 0
42 12 0
43 15 0
44 16 0
45 19 0
46 21 0
47 22 0
48 23 0
49 23 0
50 23 0
51 24 0
52 25 0
52 29 0
53 26 0
54 27 0
55 28 0
56 29 0
57 29 0
58 17 0
59 30 0
60 31 0
61 32 0
62 20 0
GraphDataEnd
GraphEnd
NodeEnd
NodeStart
EPTNodeID: 7
AnchorID: 1432
TreeNodeGraphID: 28
Level: 9
SimplifiedLevel: 0
EditOperation: 5 23 25 0 0
AccumulatedOpsCount: 8
AccumulatedOp: 4 20 29 0 0
AccumulatedOp: 0 47 0 5 7
AccumulatedOp: 4 15 43 0 0
AccumulatedOp: 5 17 52 0 0
AccumulatedOp: 5 20 43 0 0
AccumulatedOp: 4 25 52 0 0
AccumulatedOp: 5 15 29 0 0
AccumulatedOp: 5 23 25 0 0
ChildrenCount: 0
ChildIndices:
CompletedDBGraphIDsCount: 1
CompletedDBGraphID: 20222
GraphStart
GraphDataStart
ID: 28
NumNodes: 62
NumEdges: 130
NodeLabels
6 2 2 2 3 3 3 4 4 4 4 4 4 4 4 4 4 4 4 4 4 4 4 4 4 4 4 4 4 4 4 4 4 5 5 5 5 5 5 5 5 5 5 5 5 5 5 7 5 5 5 5 5 5 5 5 5 5 5 5 5 5 
Edges
0 2 0
0 3 0
0 6 0
0 18 0
1 11 0
2 0 0
3 0 0
4 7 0
4 8 0
4 11 0
5 9 0
5 10 0
5 13 0
6 0 0
6 12 0
6 14 0
7 4 0
7 9 0
7 35 0
7 36 0
8 4 0
8 10 0
8 33 0
8 34 0
9 5 0
9 7 0
9 37 0
9 38 0
10 5 0
10 8 0
10 39 0
10 40 0
11 1 0
11 4 0
11 12 0
12 6 0
12 11 0
12 41 0
12 42 0
13 5 0
13 15 0
13 16 0
14 6 0
14 17 0
14 19 0
15 13 0
15 21 0
15 29 0
16 13 0
16 22 0
16 44 0
17 14 0
17 20 0
17 52 0
18 0 0
18 27 0
18 28 0
19 14 0
19 24 0
19 45 0
20 17 0
20 25 0
20 43 0
21 15 0
21 26 0
21 46 0
22 16 0
22 26 0
22 47 0
23 48 0
23 49 0
23 50 0
23 25 0
24 19 0
24 25 0
24 51 0
25 20 0
25 24 0
25 23 0
26 21 0
26 22 0
26 53 0
27 18 0
27 30 0
27 54 0
28 18 0
28 31 0
28 55 0
29 56 0
29 57 0
29 58 0
29 15 0
30 27 0
30 32 0
30 59 0
31 28 0
31 32 0
31 60 0
32 30 0
32 31 0
32 61 0
33 8 0
34 8 0
35 7 0
36 7 0
37 9 0
38 9 0
39 10 0
40 10 0
41 12 0
42 12 0
43 20 0
44 16 0
45 19 0
46 21 0
47 22 0
48 23 0
49 23 0
50 23 0
51 24 0
52 17 0
53 26 0
54 27 0
55 28 0
56 29 0
57 29 0
58 29 0
59 30 0
60 31 0
61 32 0
GraphDataEnd
GraphEnd
NodeEnd
NodeStart
EPTNodeID: 8
AnchorID: 1432
TreeNodeGraphID: 40
Level: 12
SimplifiedLevel: 0
EditOperation: 5 61 64 0 0
AccumulatedOpsCount: 12
AccumulatedOp: 2 62 0 0 5
AccumulatedOp: 0 47 0 5 7
AccumulatedOp: 4 15 43 0 0
AccumulatedOp: 0 61 0 5 4
AccumulatedOp: 2 63 0 0 5
AccumulatedOp: 4 20 29 0 0
AccumulatedOp: 2 64 0 0 5
AccumulatedOp: 5 61 63 0 0
AccumulatedOp: 5 20 62 0 0
AccumulatedOp: 5 15 29 0 0
AccumulatedOp: 5 43 61 0 0
AccumulatedOp: 5 61 64 0 0
ChildrenCount: 0
ChildIndices:
CompletedDBGraphIDsCount: 1
CompletedDBGraphID: 16962
GraphStart
GraphDataStart
ID: 40
NumNodes: 65
NumEdges: 136
NodeLabels
6 2 2 2 3 3 3 4 4 4 4 4 4 4 4 4 4 4 4 4 4 4 4 4 4 4 4 4 4 4 4 4 4 5 5 5 5 5 5 5 5 5 5 5 5 5 5 7 5 5 5 5 5 5 5 5 5 5 5 5 5 4 5 5 5 
Edges
0 2 0
0 3 0
0 6 0
0 18 0
1 11 0
2 0 0
3 0 0
4 7 0
4 8 0
4 11 0
5 9 0
5 10 0
5 13 0
6 0 0
6 12 0
6 14 0
7 4 0
7 9 0
7 35 0
7 36 0
8 4 0
8 10 0
8 33 0
8 34 0
9 5 0
9 7 0
9 37 0
9 38 0
10 5 0
10 8 0
10 39 0
10 40 0
11 1 0
11 4 0
11 12 0
12 6 0
12 11 0
12 41 0
12 42 0
13 5 0
13 15 0
13 16 0
14 6 0
14 17 0
14 19 0
15 13 0
15 21 0
15 29 0
16 13 0
16 22 0
16 44 0
17 14 0
17 20 0
17 23 0
18 0 0
18 27 0
18 28 0
19 14 0
19 24 0
19 45 0
20 17 0
20 25 0
20 62 0
21 15 0
21 26 0
21 46 0
22 16 0
22 26 0
22 47 0
23 17 0
23 48 0
23 49 0
23 50 0
24 19 0
24 25 0
24 51 0
25 20 0
25 24 0
25 52 0
26 21 0
26 22 0
26 53 0
27 18 0
27 30 0
27 54 0
28 18 0
28 31 0
28 55 0
29 56 0
29 57 0
29 58 0
29 15 0
30 27 0
30 32 0
30 59 0
31 28 0
31 32 0
31 60 0
32 30 0
32 31 0
32 61 0
33 8 0
34 8 0
35 7 0
36 7 0
37 9 0
38 9 0
39 10 0
40 10 0
41 12 0
42 12 0
43 61 0
44 16 0
45 19 0
46 21 0
47 22 0
48 23 0
49 23 0
50 23 0
51 24 0
52 25 0
53 26 0
54 27 0
55 28 0
56 29 0
57 29 0
58 29 0
59 30 0
60 31 0
61 32 0
61 63 0
61 43 0
61 64 0
62 20 0
63 61 0
64 61 0
GraphDataEnd
GraphEnd
NodeEnd
NodeStart
EPTNodeID: 9
AnchorID: 1432
TreeNodeGraphID: 48
Level: 8
SimplifiedLevel: 0
EditOperation: 5 14 29 0 0
AccumulatedOpsCount: 8
AccumulatedOp: 4 29 58 0 0
AccumulatedOp: 0 43 0 5 1
AccumulatedOp: 0 17 0 4 2
AccumulatedOp: 4 29 57 0 0
AccumulatedOp: 1 57 0 5 0
AccumulatedOp: 4 14 17 0 0
AccumulatedOp: 1 58 0 5 0
AccumulatedOp: 5 14 29 0 0
ChildrenCount: 0
ChildIndices:
CompletedDBGraphIDsCount: 1
CompletedDBGraphID: 17212
GraphStart
GraphDataStart
ID: 48
NumNodes: 60
NumEdges: 126
NodeLabels
6 2 2 2 3 3 3 4 4 4 4 4 4 4 4 4 4 2 4 4 4 4 4 4 4 4 4 4 4 4 4 4 4 5 5 5 5 5 5 5 5 5 5 1 5 5 5 5 5 5 5 5 5 5 5 5 5 5 5 5 
Edges
0 2 0
0 3 0
0 6 0
0 18 0
1 11 0
2 0 0
3 0 0
4 7 0
4 8 0
4 11 0
5 9 0
5 10 0
5 13 0
6 0 0
6 12 0
6 14 0
7 4 0
7 9 0
7 35 0
7 36 0
8 4 0
8 10 0
8 33 0
8 34 0
9 5 0
9 7 0
9 37 0
9 38 0
10 5 0
10 8 0
10 39 0
10 40 0
11 1 0
11 4 0
11 12 0
12 6 0
12 11 0
12 41 0
12 42 0
13 5 0
13 15 0
13 16 0
14 6 0
14 19 0
14 29 0
15 13 0
15 21 0
15 43 0
16 13 0
16 22 0
16 44 0
17 20 0
17 23 0
18 0 0
18 27 0
18 28 0
19 14 0
19 24 0
19 45 0
20 17 0
20 25 0
20 29 0
21 15 0
21 26 0
21 46 0
22 16 0
22 26 0
22 47 0
23 17 0
23 48 0
23 49 0
23 50 0
24 19 0
24 25 0
24 51 0
25 20 0
25 24 0
25 52 0
26 21 0
26 22 0
26 53 0
27 18 0
27 30 0
27 54 0
28 18 0
28 31 0
28 55 0
29 20 0
29 56 0
29 14 0
30 27 0
30 32 0
30 57 0
31 28 0
31 32 0
31 58 0
32 30 0
32 31 0
32 59 0
33 8 0
34 8 0
35 7 0
36 7 0
37 9 0
38 9 0
39 10 0
40 10 0
41 12 0
42 12 0
43 15 0
44 16 0
45 19 0
46 21 0
47 22 0
48 23 0
49 23 0
50 23 0
51 24 0
52 25 0
53 26 0
54 27 0
55 28 0
56 29 0
57 30 0
58 31 0
59 32 0
GraphDataEnd
GraphEnd
NodeEnd
END_EPT
