BEGIN_EPT
AnchorID: 17720  # ID of the anchor node
RootIndex: 0  # Index of the root node in tree_nodes
NodeCount: 4  # Total number of nodes in the EPT
NodeStart
EPTNodeID: 0
AnchorID: 17720
TreeNodeGraphID: 0
Level: 0
SimplifiedLevel: 0
EditOperation: -1 0 -1 0 0
AccumulatedOpsCount: 0
ChildrenCount: 1
ChildIndices: 1
CompletedDBGraphIDsCount: 1
CompletedDBGraphID: 17836
GraphStart
GraphDataStart
ID: 0
NumNodes: 61
NumEdges: 130
NodeLabels
1 1 1 2 2 3 3 3 3 4 4 4 4 4 4 4 4 4 4 4 4 4 4 4 4 4 4 4 4 4 4 4 4 4 5 5 5 5 5 5 5 5 5 5 5 5 5 5 5 5 5 5 5 5 5 5 5 5 5 5 5 
Edges
0 26 0
1 26 0
2 26 0
3 19 0
4 30 0
4 33 0
5 10 0
5 15 0
5 19 0
6 7 0
6 21 0
6 23 0
7 6 0
7 22 0
8 21 0
8 24 0
9 12 0
9 13 0
9 15 0
9 16 0
10 5 0
10 12 0
10 14 0
10 34 0
11 13 0
11 14 0
11 17 0
11 18 0
12 9 0
12 10 0
12 35 0
12 36 0
13 9 0
13 11 0
13 37 0
13 38 0
14 10 0
14 11 0
14 39 0
14 40 0
15 5 0
15 9 0
15 41 0
15 42 0
16 9 0
16 43 0
16 44 0
16 45 0
17 11 0
17 46 0
17 47 0
17 48 0
18 11 0
18 49 0
18 50 0
18 51 0
19 3 0
19 5 0
19 20 0
20 19 0
20 21 0
20 22 0
21 6 0
21 8 0
21 20 0
22 7 0
22 20 0
22 52 0
23 6 0
23 25 0
23 26 0
24 8 0
24 25 0
24 27 0
25 23 0
25 24 0
25 53 0
26 0 0
26 1 0
26 2 0
26 23 0
27 24 0
27 28 0
27 29 0
28 27 0
28 30 0
28 54 0
29 27 0
29 31 0
29 55 0
30 4 0
30 28 0
30 32 0
31 29 0
31 32 0
31 56 0
32 30 0
32 31 0
32 57 0
33 4 0
33 58 0
33 59 0
33 60 0
34 10 0
35 12 0
36 12 0
37 13 0
38 13 0
39 14 0
40 14 0
41 15 0
42 15 0
43 16 0
44 16 0
45 16 0
46 17 0
47 17 0
48 17 0
49 18 0
50 18 0
51 18 0
52 22 0
53 25 0
54 28 0
55 29 0
56 31 0
57 32 0
58 33 0
59 33 0
60 33 0
GraphDataEnd
GraphEnd
NodeEnd
NodeStart
EPTNodeID: 1
AnchorID: 17720
TreeNodeGraphID: 2
Level: 2
SimplifiedLevel: 0
EditOperation: 4 4 33 0 0
AccumulatedOpsCount: 2
AccumulatedOp: 0 4 0 2 5
AccumulatedOp: 4 4 33 0 0
ChildrenCount: 2
ChildIndices: 2 3
CompletedDBGraphIDsCount: 0
GraphStart
GraphDataStart
ID: 2
NumNodes: 61
NumEdges: 128
NodeLabels
1 1 1 2 5 3 3 3 3 4 4 4 4 4 4 4 4 4 4 4 4 4 4 4 4 4 4 4 4 4 4 4 4 4 5 5 5 5 5 5 5 5 5 5 5 5 5 5 5 5 5 5 5 5 5 5 5 5 5 5 5 
Edges
0 26 0
1 26 0
2 26 0
3 19 0
4 30 0
5 10 0
5 15 0
5 19 0
6 7 0
6 21 0
6 23 0
7 6 0
7 22 0
8 21 0
8 24 0
9 12 0
9 13 0
9 15 0
9 16 0
10 5 0
10 12 0
10 14 0
10 34 0
11 13 0
11 14 0
11 17 0
11 18 0
12 9 0
12 10 0
12 35 0
12 36 0
13 9 0
13 11 0
13 37 0
13 38 0
14 10 0
14 11 0
14 39 0
14 40 0
15 5 0
15 9 0
15 41 0
15 42 0
16 9 0
16 43 0
16 44 0
16 45 0
17 11 0
17 46 0
17 47 0
17 48 0
18 11 0
18 49 0
18 50 0
18 51 0
19 3 0
19 5 0
19 20 0
20 19 0
20 21 0
20 22 0
21 6 0
21 8 0
21 20 0
22 7 0
22 20 0
22 52 0
23 6 0
23 25 0
23 26 0
24 8 0
24 25 0
24 27 0
25 23 0
25 24 0
25 53 0
26 0 0
26 1 0
26 2 0
26 23 0
27 24 0
27 28 0
27 29 0
28 27 0
28 30 0
28 54 0
29 27 0
29 31 0
29 55 0
30 4 0
30 28 0
30 32 0
31 29 0
31 32 0
31 56 0
32 30 0
32 31 0
32 57 0
33 58 0
33 59 0
33 60 0
34 10 0
35 12 0
36 12 0
37 13 0
38 13 0
39 14 0
40 14 0
41 15 0
42 15 0
43 16 0
44 16 0
45 16 0
46 17 0
47 17 0
48 17 0
49 18 0
50 18 0
51 18 0
52 22 0
53 25 0
54 28 0
55 29 0
56 31 0
57 32 0
58 33 0
59 33 0
60 33 0
GraphDataEnd
GraphEnd
NodeEnd
NodeStart
EPTNodeID: 2
AnchorID: 17720
TreeNodeGraphID: 5
Level: 5
SimplifiedLevel: 0
EditOperation: 5 33 57 0 0
AccumulatedOpsCount: 3
AccumulatedOp: 0 2 0 1 5
AccumulatedOp: 0 57 0 5 2
AccumulatedOp: 5 33 57 0 0
ChildrenCount: 0
ChildIndices:
CompletedDBGraphIDsCount: 2
CompletedDBGraphID: 4467
CompletedDBGraphID: 12654
GraphStart
GraphDataStart
ID: 5
NumNodes: 61
NumEdges: 130
NodeLabels
1 1 5 2 5 3 3 3 3 4 4 4 4 4 4 4 4 4 4 4 4 4 4 4 4 4 4 4 4 4 4 4 4 4 5 5 5 5 5 5 5 5 5 5 5 5 5 5 5 5 5 5 5 5 5 5 5 2 5 5 5 
Edges
0 26 0
1 26 0
2 26 0
3 19 0
4 30 0
5 10 0
5 15 0
5 19 0
6 7 0
6 21 0
6 23 0
7 6 0
7 22 0
8 21 0
8 24 0
9 12 0
9 13 0
9 15 0
9 16 0
10 5 0
10 12 0
10 14 0
10 34 0
11 13 0
11 14 0
11 17 0
11 18 0
12 9 0
12 10 0
12 35 0
12 36 0
13 9 0
13 11 0
13 37 0
13 38 0
14 10 0
14 11 0
14 39 0
14 40 0
15 5 0
15 9 0
15 41 0
15 42 0
16 9 0
16 43 0
16 44 0
16 45 0
17 11 0
17 46 0
17 47 0
17 48 0
18 11 0
18 49 0
18 50 0
18 51 0
19 3 0
19 5 0
19 20 0
20 19 0
20 21 0
20 22 0
21 6 0
21 8 0
21 20 0
22 7 0
22 20 0
22 52 0
23 6 0
23 25 0
23 26 0
24 8 0
24 25 0
24 27 0
25 23 0
25 24 0
25 53 0
26 0 0
26 1 0
26 2 0
26 23 0
27 24 0
27 28 0
27 29 0
28 27 0
28 30 0
28 54 0
29 27 0
29 31 0
29 55 0
30 4 0
30 28 0
30 32 0
31 29 0
31 32 0
31 56 0
32 30 0
32 31 0
32 57 0
33 58 0
33 59 0
33 60 0
33 57 0
34 10 0
35 12 0
36 12 0
37 13 0
38 13 0
39 14 0
40 14 0
41 15 0
42 15 0
43 16 0
44 16 0
45 16 0
46 17 0
47 17 0
48 17 0
49 18 0
50 18 0
51 18 0
52 22 0
53 25 0
54 28 0
55 29 0
56 31 0
57 32 0
57 33 0
58 33 0
59 33 0
60 33 0
GraphDataEnd
GraphEnd
NodeEnd
NodeStart
EPTNodeID: 3
AnchorID: 17720
TreeNodeGraphID: 9
Level: 6
SimplifiedLevel: 0
EditOperation: 5 32 33 0 0
AccumulatedOpsCount: 4
AccumulatedOp: 4 32 57 0 0
AccumulatedOp: 0 0 0 1 5
AccumulatedOp: 1 57 0 5 0
AccumulatedOp: 5 32 33 0 0
ChildrenCount: 0
ChildIndices:
CompletedDBGraphIDsCount: 2
CompletedDBGraphID: 22579
CompletedDBGraphID: 8869
GraphStart
GraphDataStart
ID: 9
NumNodes: 60
NumEdges: 128
NodeLabels
5 1 1 2 5 3 3 3 3 4 4 4 4 4 4 4 4 4 4 4 4 4 4 4 4 4 4 4 4 4 4 4 4 4 5 5 5 5 5 5 5 5 5 5 5 5 5 5 5 5 5 5 5 5 5 5 5 5 5 5 
Edges
0 26 0
1 26 0
2 26 0
3 19 0
4 30 0
5 10 0
5 15 0
5 19 0
6 7 0
6 21 0
6 23 0
7 6 0
7 22 0
8 21 0
8 24 0
9 12 0
9 13 0
9 15 0
9 16 0
10 5 0
10 12 0
10 14 0
10 34 0
11 13 0
11 14 0
11 17 0
11 18 0
12 9 0
12 10 0
12 35 0
12 36 0
13 9 0
13 11 0
13 37 0
13 38 0
14 10 0
14 11 0
14 39 0
14 40 0
15 5 0
15 9 0
15 41 0
15 42 0
16 9 0
16 43 0
16 44 0
16 45 0
17 11 0
17 46 0
17 47 0
17 48 0
18 11 0
18 49 0
18 50 0
18 51 0
19 3 0
19 5 0
19 20 0
20 19 0
20 21 0
20 22 0
21 6 0
21 8 0
21 20 0
22 7 0
22 20 0
22 52 0
23 6 0
23 25 0
23 26 0
24 8 0
24 25 0
24 27 0
25 23 0
25 24 0
25 53 0
26 0 0
26 1 0
26 2 0
26 23 0
27 24 0
27 28 0
27 29 0
28 27 0
28 30 0
28 54 0
29 27 0
29 31 0
29 55 0
30 4 0
30 28 0
30 32 0
31 29 0
31 32 0
31 56 0
32 30 0
32 31 0
32 33 0
33 57 0
33 58 0
33 59 0
33 32 0
34 10 0
35 12 0
36 12 0
37 13 0
38 13 0
39 14 0
40 14 0
41 15 0
42 15 0
43 16 0
44 16 0
45 16 0
46 17 0
47 17 0
48 17 0
49 18 0
50 18 0
51 18 0
52 22 0
53 25 0
54 28 0
55 29 0
56 31 0
57 33 0
58 33 0
59 33 0
GraphDataEnd
GraphEnd
NodeEnd
END_EPT
