BEGIN_EPT
AnchorID: 982  # ID of the anchor node
RootIndex: 0  # Index of the root node in tree_nodes
NodeCount: 2  # Total number of nodes in the EPT
NodeStart
EPTNodeID: 0
AnchorID: 982
TreeNodeGraphID: 0
Level: 0
SimplifiedLevel: 0
EditOperation: -1 0 -1 0 0
AccumulatedOpsCount: 0
ChildrenCount: 1
ChildIndices: 1
CompletedDBGraphIDsCount: 1
CompletedDBGraphID: 16628
GraphStart
GraphDataStart
ID: 0
NumNodes: 66
NumEdges: 140
NodeLabels
2 2 2 2 3 3 3 3 3 3 4 4 4 4 4 4 4 4 4 4 4 4 4 4 4 4 4 4 4 4 4 4 4 4 4 4 5 5 5 5 5 5 5 5 5 5 5 5 5 5 5 5 5 5 5 5 5 5 5 5 5 5 5 5 5 5 
Edges
0 19 0
0 55 0
1 21 0
1 29 0
2 20 0
3 24 0
4 10 0
4 11 0
4 14 0
5 12 0
5 13 0
5 18 0
6 14 0
6 15 0
6 16 0
7 14 0
7 17 0
8 17 0
8 24 0
8 25 0
9 20 0
9 24 0
9 51 0
10 4 0
10 13 0
10 36 0
10 37 0
11 4 0
11 12 0
11 38 0
11 39 0
12 5 0
12 11 0
12 42 0
12 43 0
13 5 0
13 10 0
13 40 0
13 41 0
14 4 0
14 6 0
14 7 0
15 6 0
15 19 0
15 44 0
15 45 0
16 6 0
16 17 0
16 20 0
17 7 0
17 8 0
17 16 0
18 5 0
18 22 0
18 23 0
19 0 0
19 15 0
19 21 0
19 46 0
20 2 0
20 9 0
20 16 0
21 1 0
21 19 0
21 47 0
21 48 0
22 18 0
22 26 0
22 49 0
23 18 0
23 27 0
23 50 0
24 3 0
24 8 0
24 9 0
25 8 0
25 52 0
25 53 0
25 54 0
26 22 0
26 28 0
26 56 0
27 23 0
27 28 0
27 57 0
28 26 0
28 27 0
28 58 0
29 1 0
29 30 0
29 31 0
30 29 0
30 32 0
30 33 0
31 29 0
31 34 0
31 59 0
32 30 0
32 35 0
32 60 0
33 30 0
33 61 0
33 62 0
33 63 0
34 31 0
34 35 0
34 64 0
35 32 0
35 34 0
35 65 0
36 10 0
37 10 0
38 11 0
39 11 0
40 13 0
41 13 0
42 12 0
43 12 0
44 15 0
45 15 0
46 19 0
47 21 0
48 21 0
49 22 0
50 23 0
51 9 0
52 25 0
53 25 0
54 25 0
55 0 0
56 26 0
57 27 0
58 28 0
59 31 0
60 32 0
61 33 0
62 33 0
63 33 0
64 34 0
65 35 0
GraphDataEnd
GraphEnd
NodeEnd
NodeStart
EPTNodeID: 1
AnchorID: 982
TreeNodeGraphID: 7
Level: 7
SimplifiedLevel: 0
EditOperation: 5 51 68 0 0
AccumulatedOpsCount: 7
AccumulatedOp: 0 51 0 5 4
AccumulatedOp: 2 66 0 0 5
AccumulatedOp: 2 67 0 0 5
AccumulatedOp: 2 68 0 0 5
AccumulatedOp: 5 51 66 0 0
AccumulatedOp: 5 51 67 0 0
AccumulatedOp: 5 51 68 0 0
ChildrenCount: 0
ChildIndices:
CompletedDBGraphIDsCount: 2
CompletedDBGraphID: 1179
CompletedDBGraphID: 16623
GraphStart
GraphDataStart
ID: 7
NumNodes: 69
NumEdges: 146
NodeLabels
2 2 2 2 3 3 3 3 3 3 4 4 4 4 4 4 4 4 4 4 4 4 4 4 4 4 4 4 4 4 4 4 4 4 4 4 5 5 5 5 5 5 5 5 5 5 5 5 5 5 5 4 5 5 5 5 5 5 5 5 5 5 5 5 5 5 5 5 5 
Edges
0 19 0
0 55 0
1 21 0
1 29 0
2 20 0
3 24 0
4 10 0
4 11 0
4 14 0
5 12 0
5 13 0
5 18 0
6 14 0
6 15 0
6 16 0
7 14 0
7 17 0
8 17 0
8 24 0
8 25 0
9 20 0
9 24 0
9 51 0
10 4 0
10 13 0
10 36 0
10 37 0
11 4 0
11 12 0
11 38 0
11 39 0
12 5 0
12 11 0
12 42 0
12 43 0
13 5 0
13 10 0
13 40 0
13 41 0
14 4 0
14 6 0
14 7 0
15 6 0
15 19 0
15 44 0
15 45 0
16 6 0
16 17 0
16 20 0
17 7 0
17 8 0
17 16 0
18 5 0
18 22 0
18 23 0
19 0 0
19 15 0
19 21 0
19 46 0
20 2 0
20 9 0
20 16 0
21 1 0
21 19 0
21 47 0
21 48 0
22 18 0
22 26 0
22 49 0
23 18 0
23 27 0
23 50 0
24 3 0
24 8 0
24 9 0
25 8 0
25 52 0
25 53 0
25 54 0
26 22 0
26 28 0
26 56 0
27 23 0
27 28 0
27 57 0
28 26 0
28 27 0
28 58 0
29 1 0
29 30 0
29 31 0
30 29 0
30 32 0
30 33 0
31 29 0
31 34 0
31 59 0
32 30 0
32 35 0
32 60 0
33 30 0
33 61 0
33 62 0
33 63 0
34 31 0
34 35 0
34 64 0
35 32 0
35 34 0
35 65 0
36 10 0
37 10 0
38 11 0
39 11 0
40 13 0
41 13 0
42 12 0
43 12 0
44 15 0
45 15 0
46 19 0
47 21 0
48 21 0
49 22 0
50 23 0
51 9 0
51 66 0
51 67 0
51 68 0
52 25 0
53 25 0
54 25 0
55 0 0
56 26 0
57 27 0
58 28 0
59 31 0
60 32 0
61 33 0
62 33 0
63 33 0
64 34 0
65 35 0
66 51 0
67 51 0
68 51 0
GraphDataEnd
GraphEnd
NodeEnd
END_EPT
