BEGIN_EPT
AnchorID: 13548  # ID of the anchor node
RootIndex: 0  # Index of the root node in tree_nodes
NodeCount: 4  # Total number of nodes in the EPT
NodeStart
EPTNodeID: 0
AnchorID: 13548
TreeNodeGraphID: 0
Level: 0
SimplifiedLevel: 0
EditOperation: -1 0 -1 0 0
AccumulatedOpsCount: 0
ChildrenCount: 1
ChildIndices: 1
CompletedDBGraphIDsCount: 0
GraphStart
GraphDataStart
ID: 0
NumNodes: 63
NumEdges: 134
NodeLabels
6 2 2 2 2 2 2 3 3 3 4 4 4 4 4 4 4 4 4 4 4 4 4 4 4 4 4 4 4 4 4 4 4 4 4 4 4 4 4 4 5 5 5 5 5 5 5 5 5 5 5 5 5 5 5 5 5 5 5 5 5 5 5 
Edges
0 12 0
1 22 0
1 23 0
2 13 0
3 14 0
4 38 0
4 39 0
5 9 0
6 9 0
7 10 0
7 12 0
7 13 0
8 12 0
8 14 0
8 19 0
9 5 0
9 6 0
9 31 0
10 7 0
10 15 0
10 18 0
11 13 0
11 14 0
11 20 0
12 0 0
12 7 0
12 8 0
13 2 0
13 7 0
13 11 0
14 3 0
14 8 0
14 11 0
15 10 0
15 16 0
15 40 0
16 15 0
16 17 0
16 24 0
17 16 0
17 21 0
17 26 0
18 10 0
18 21 0
18 41 0
19 8 0
19 28 0
19 29 0
20 11 0
20 22 0
20 42 0
21 17 0
21 18 0
21 43 0
22 1 0
22 20 0
22 27 0
23 1 0
23 25 0
23 30 0
24 16 0
24 44 0
24 45 0
24 46 0
25 23 0
25 31 0
25 32 0
26 17 0
26 48 0
26 49 0
26 50 0
27 22 0
27 30 0
27 47 0
28 19 0
28 33 0
28 51 0
29 19 0
29 34 0
29 52 0
30 23 0
30 27 0
30 53 0
31 9 0
31 25 0
31 35 0
32 25 0
32 37 0
32 54 0
33 28 0
33 36 0
33 55 0
34 29 0
34 36 0
34 56 0
35 31 0
35 38 0
35 57 0
36 33 0
36 34 0
36 58 0
37 32 0
37 38 0
37 59 0
38 4 0
38 35 0
38 37 0
39 4 0
39 60 0
39 61 0
39 62 0
40 15 0
41 18 0
42 20 0
43 21 0
44 24 0
45 24 0
46 24 0
47 27 0
48 26 0
49 26 0
50 26 0
51 28 0
52 29 0
53 30 0
54 32 0
55 33 0
56 34 0
57 35 0
58 36 0
59 37 0
60 39 0
61 39 0
62 39 0
GraphDataEnd
GraphEnd
NodeEnd
NodeStart
EPTNodeID: 1
AnchorID: 13548
TreeNodeGraphID: 3
Level: 3
SimplifiedLevel: 0
EditOperation: 4 9 31 0 0
AccumulatedOpsCount: 3
AccumulatedOp: 4 4 38 0 0
AccumulatedOp: 5 4 31 0 0
AccumulatedOp: 4 9 31 0 0
ChildrenCount: 2
ChildIndices: 2 3
CompletedDBGraphIDsCount: 0
GraphStart
GraphDataStart
ID: 3
NumNodes: 63
NumEdges: 132
NodeLabels
6 2 2 2 2 2 2 3 3 3 4 4 4 4 4 4 4 4 4 4 4 4 4 4 4 4 4 4 4 4 4 4 4 4 4 4 4 4 4 4 5 5 5 5 5 5 5 5 5 5 5 5 5 5 5 5 5 5 5 5 5 5 5 
Edges
0 12 0
1 22 0
1 23 0
2 13 0
3 14 0
4 39 0
4 31 0
5 9 0
6 9 0
7 10 0
7 12 0
7 13 0
8 12 0
8 14 0
8 19 0
9 5 0
9 6 0
10 7 0
10 15 0
10 18 0
11 13 0
11 14 0
11 20 0
12 0 0
12 7 0
12 8 0
13 2 0
13 7 0
13 11 0
14 3 0
14 8 0
14 11 0
15 10 0
15 16 0
15 40 0
16 15 0
16 17 0
16 24 0
17 16 0
17 21 0
17 26 0
18 10 0
18 21 0
18 41 0
19 8 0
19 28 0
19 29 0
20 11 0
20 22 0
20 42 0
21 17 0
21 18 0
21 43 0
22 1 0
22 20 0
22 27 0
23 1 0
23 25 0
23 30 0
24 16 0
24 44 0
24 45 0
24 46 0
25 23 0
25 31 0
25 32 0
26 17 0
26 48 0
26 49 0
26 50 0
27 22 0
27 30 0
27 47 0
28 19 0
28 33 0
28 51 0
29 19 0
29 34 0
29 52 0
30 23 0
30 27 0
30 53 0
31 25 0
31 35 0
31 4 0
32 25 0
32 37 0
32 54 0
33 28 0
33 36 0
33 55 0
34 29 0
34 36 0
34 56 0
35 31 0
35 38 0
35 57 0
36 33 0
36 34 0
36 58 0
37 32 0
37 38 0
37 59 0
38 35 0
38 37 0
39 4 0
39 60 0
39 61 0
39 62 0
40 15 0
41 18 0
42 20 0
43 21 0
44 24 0
45 24 0
46 24 0
47 27 0
48 26 0
49 26 0
50 26 0
51 28 0
52 29 0
53 30 0
54 32 0
55 33 0
56 34 0
57 35 0
58 36 0
59 37 0
60 39 0
61 39 0
62 39 0
GraphDataEnd
GraphEnd
NodeEnd
NodeStart
EPTNodeID: 2
AnchorID: 13548
TreeNodeGraphID: 8
Level: 8
SimplifiedLevel: 0
EditOperation: 5 5 39 0 0
AccumulatedOpsCount: 5
AccumulatedOp: 5 9 38 0 0
AccumulatedOp: 0 4 0 2 5
AccumulatedOp: 0 9 0 3 4
AccumulatedOp: 4 4 39 0 0
AccumulatedOp: 5 5 39 0 0
ChildrenCount: 0
ChildIndices:
CompletedDBGraphIDsCount: 1
CompletedDBGraphID: 781
GraphStart
GraphDataStart
ID: 8
NumNodes: 63
NumEdges: 134
NodeLabels
6 2 2 2 5 2 2 3 3 4 4 4 4 4 4 4 4 4 4 4 4 4 4 4 4 4 4 4 4 4 4 4 4 4 4 4 4 4 4 4 5 5 5 5 5 5 5 5 5 5 5 5 5 5 5 5 5 5 5 5 5 5 5 
Edges
0 12 0
1 22 0
1 23 0
2 13 0
3 14 0
4 31 0
5 9 0
5 39 0
6 9 0
7 10 0
7 12 0
7 13 0
8 12 0
8 14 0
8 19 0
9 5 0
9 6 0
9 38 0
10 7 0
10 15 0
10 18 0
11 13 0
11 14 0
11 20 0
12 0 0
12 7 0
12 8 0
13 2 0
13 7 0
13 11 0
14 3 0
14 8 0
14 11 0
15 10 0
15 16 0
15 40 0
16 15 0
16 17 0
16 24 0
17 16 0
17 21 0
17 26 0
18 10 0
18 21 0
18 41 0
19 8 0
19 28 0
19 29 0
20 11 0
20 22 0
20 42 0
21 17 0
21 18 0
21 43 0
22 1 0
22 20 0
22 27 0
23 1 0
23 25 0
23 30 0
24 16 0
24 44 0
24 45 0
24 46 0
25 23 0
25 31 0
25 32 0
26 17 0
26 48 0
26 49 0
26 50 0
27 22 0
27 30 0
27 47 0
28 19 0
28 33 0
28 51 0
29 19 0
29 34 0
29 52 0
30 23 0
30 27 0
30 53 0
31 25 0
31 35 0
31 4 0
32 25 0
32 37 0
32 54 0
33 28 0
33 36 0
33 55 0
34 29 0
34 36 0
34 56 0
35 31 0
35 38 0
35 57 0
36 33 0
36 34 0
36 58 0
37 32 0
37 38 0
37 59 0
38 35 0
38 37 0
38 9 0
39 60 0
39 61 0
39 62 0
39 5 0
40 15 0
41 18 0
42 20 0
43 21 0
44 24 0
45 24 0
46 24 0
47 27 0
48 26 0
49 26 0
50 26 0
51 28 0
52 29 0
53 30 0
54 32 0
55 33 0
56 34 0
57 35 0
58 36 0
59 37 0
60 39 0
61 39 0
62 39 0
GraphDataEnd
GraphEnd
NodeEnd
NodeStart
EPTNodeID: 3
AnchorID: 13548
TreeNodeGraphID: 11
Level: 6
SimplifiedLevel: 0
EditOperation: 5 38 59 0 0
AccumulatedOpsCount: 3
AccumulatedOp: 4 37 59 0 0
AccumulatedOp: 5 9 37 0 0
AccumulatedOp: 5 38 59 0 0
ChildrenCount: 0
ChildIndices:
CompletedDBGraphIDsCount: 1
CompletedDBGraphID: 6694
GraphStart
GraphDataStart
ID: 11
NumNodes: 63
NumEdges: 134
NodeLabels
6 2 2 2 2 2 2 3 3 3 4 4 4 4 4 4 4 4 4 4 4 4 4 4 4 4 4 4 4 4 4 4 4 4 4 4 4 4 4 4 5 5 5 5 5 5 5 5 5 5 5 5 5 5 5 5 5 5 5 5 5 5 5 
Edges
0 12 0
1 22 0
1 23 0
2 13 0
3 14 0
4 39 0
4 31 0
5 9 0
6 9 0
7 10 0
7 12 0
7 13 0
8 12 0
8 14 0
8 19 0
9 5 0
9 6 0
9 37 0
10 7 0
10 15 0
10 18 0
11 13 0
11 14 0
11 20 0
12 0 0
12 7 0
12 8 0
13 2 0
13 7 0
13 11 0
14 3 0
14 8 0
14 11 0
15 10 0
15 16 0
15 40 0
16 15 0
16 17 0
16 24 0
17 16 0
17 21 0
17 26 0
18 10 0
18 21 0
18 41 0
19 8 0
19 28 0
19 29 0
20 11 0
20 22 0
20 42 0
21 17 0
21 18 0
21 43 0
22 1 0
22 20 0
22 27 0
23 1 0
23 25 0
23 30 0
24 16 0
24 44 0
24 45 0
24 46 0
25 23 0
25 31 0
25 32 0
26 17 0
26 48 0
26 49 0
26 50 0
27 22 0
27 30 0
27 47 0
28 19 0
28 33 0
28 51 0
29 19 0
29 34 0
29 52 0
30 23 0
30 27 0
30 53 0
31 25 0
31 35 0
31 4 0
32 25 0
32 37 0
32 54 0
33 28 0
33 36 0
33 55 0
34 29 0
34 36 0
34 56 0
35 31 0
35 38 0
35 57 0
36 33 0
36 34 0
36 58 0
37 32 0
37 38 0
37 9 0
38 35 0
38 37 0
38 59 0
39 4 0
39 60 0
39 61 0
39 62 0
40 15 0
41 18 0
42 20 0
43 21 0
44 24 0
45 24 0
46 24 0
47 27 0
48 26 0
49 26 0
50 26 0
51 28 0
52 29 0
53 30 0
54 32 0
55 33 0
56 34 0
57 35 0
58 36 0
59 38 0
60 39 0
61 39 0
62 39 0
GraphDataEnd
GraphEnd
NodeEnd
END_EPT
