BEGIN_EPT
AnchorID: 19170  # ID of the anchor node
RootIndex: 0  # Index of the root node in tree_nodes
NodeCount: 8  # Total number of nodes in the EPT
NodeStart
EPTNodeID: 0
AnchorID: 19170
TreeNodeGraphID: 0
Level: 0
SimplifiedLevel: 0
EditOperation: -1 0 -1 0 0
AccumulatedOpsCount: 0
ChildrenCount: 1
ChildIndices: 1
CompletedDBGraphIDsCount: 0
GraphStart
GraphDataStart
ID: 0
NumNodes: 54
NumEdges: 114
NodeLabels
7 6 1 1 1 2 2 2 3 3 4 4 4 4 4 4 4 4 4 4 4 4 4 4 4 4 4 4 4 4 4 4 5 5 5 5 5 5 5 5 5 5 5 5 5 5 5 5 5 5 5 5 5 5 
Edges
0 27 0
1 6 0
1 7 0
1 9 0
1 20 0
2 28 0
3 28 0
4 28 0
5 17 0
6 1 0
7 1 0
8 13 0
8 17 0
8 43 0
9 1 0
9 18 0
9 19 0
10 12 0
10 13 0
10 15 0
10 32 0
11 12 0
11 14 0
11 16 0
11 33 0
12 10 0
12 11 0
12 34 0
12 35 0
13 8 0
13 10 0
13 14 0
13 36 0
14 11 0
14 13 0
14 37 0
14 38 0
15 10 0
15 16 0
15 39 0
15 40 0
16 11 0
16 15 0
16 41 0
16 42 0
17 5 0
17 8 0
17 18 0
18 9 0
18 17 0
18 44 0
18 45 0
19 9 0
19 21 0
19 22 0
20 1 0
20 24 0
20 25 0
21 19 0
21 23 0
21 46 0
22 19 0
22 26 0
22 47 0
23 21 0
23 27 0
23 28 0
24 20 0
24 29 0
24 48 0
25 20 0
25 30 0
25 49 0
26 22 0
26 27 0
26 50 0
27 0 0
27 23 0
27 26 0
28 2 0
28 3 0
28 4 0
28 23 0
29 24 0
29 31 0
29 51 0
30 25 0
30 31 0
30 52 0
31 29 0
31 30 0
31 53 0
32 10 0
33 11 0
34 12 0
35 12 0
36 13 0
37 14 0
38 14 0
39 15 0
40 15 0
41 16 0
42 16 0
43 8 0
44 18 0
45 18 0
46 21 0
47 22 0
48 24 0
49 25 0
50 26 0
51 29 0
52 30 0
53 31 0
GraphDataEnd
GraphEnd
NodeEnd
NodeStart
EPTNodeID: 1
AnchorID: 19170
TreeNodeGraphID: 1
Level: 1
SimplifiedLevel: 0
EditOperation: 0 0 0 7 5
AccumulatedOpsCount: 1
AccumulatedOp: 0 0 0 7 5
ChildrenCount: 2
ChildIndices: 2 7
CompletedDBGraphIDsCount: 0
GraphStart
GraphDataStart
ID: 1
NumNodes: 54
NumEdges: 114
NodeLabels
5 6 1 1 1 2 2 2 3 3 4 4 4 4 4 4 4 4 4 4 4 4 4 4 4 4 4 4 4 4 4 4 5 5 5 5 5 5 5 5 5 5 5 5 5 5 5 5 5 5 5 5 5 5 
Edges
0 27 0
1 6 0
1 7 0
1 9 0
1 20 0
2 28 0
3 28 0
4 28 0
5 17 0
6 1 0
7 1 0
8 13 0
8 17 0
8 43 0
9 1 0
9 18 0
9 19 0
10 12 0
10 13 0
10 15 0
10 32 0
11 12 0
11 14 0
11 16 0
11 33 0
12 10 0
12 11 0
12 34 0
12 35 0
13 8 0
13 10 0
13 14 0
13 36 0
14 11 0
14 13 0
14 37 0
14 38 0
15 10 0
15 16 0
15 39 0
15 40 0
16 11 0
16 15 0
16 41 0
16 42 0
17 5 0
17 8 0
17 18 0
18 9 0
18 17 0
18 44 0
18 45 0
19 9 0
19 21 0
19 22 0
20 1 0
20 24 0
20 25 0
21 19 0
21 23 0
21 46 0
22 19 0
22 26 0
22 47 0
23 21 0
23 27 0
23 28 0
24 20 0
24 29 0
24 48 0
25 20 0
25 30 0
25 49 0
26 22 0
26 27 0
26 50 0
27 0 0
27 23 0
27 26 0
28 2 0
28 3 0
28 4 0
28 23 0
29 24 0
29 31 0
29 51 0
30 25 0
30 31 0
30 52 0
31 29 0
31 30 0
31 53 0
32 10 0
33 11 0
34 12 0
35 12 0
36 13 0
37 14 0
38 14 0
39 15 0
40 15 0
41 16 0
42 16 0
43 8 0
44 18 0
45 18 0
46 21 0
47 22 0
48 24 0
49 25 0
50 26 0
51 29 0
52 30 0
53 31 0
GraphDataEnd
GraphEnd
NodeEnd
NodeStart
EPTNodeID: 2
AnchorID: 19170
TreeNodeGraphID: 4
Level: 4
SimplifiedLevel: 0
EditOperation: 0 4 0 1 5
AccumulatedOpsCount: 3
AccumulatedOp: 0 2 0 1 5
AccumulatedOp: 0 3 0 1 5
AccumulatedOp: 0 4 0 1 5
ChildrenCount: 2
ChildIndices: 3 6
CompletedDBGraphIDsCount: 0
GraphStart
GraphDataStart
ID: 4
NumNodes: 54
NumEdges: 114
NodeLabels
5 6 5 5 5 2 2 2 3 3 4 4 4 4 4 4 4 4 4 4 4 4 4 4 4 4 4 4 4 4 4 4 5 5 5 5 5 5 5 5 5 5 5 5 5 5 5 5 5 5 5 5 5 5 
Edges
0 27 0
1 6 0
1 7 0
1 9 0
1 20 0
2 28 0
3 28 0
4 28 0
5 17 0
6 1 0
7 1 0
8 13 0
8 17 0
8 43 0
9 1 0
9 18 0
9 19 0
10 12 0
10 13 0
10 15 0
10 32 0
11 12 0
11 14 0
11 16 0
11 33 0
12 10 0
12 11 0
12 34 0
12 35 0
13 8 0
13 10 0
13 14 0
13 36 0
14 11 0
14 13 0
14 37 0
14 38 0
15 10 0
15 16 0
15 39 0
15 40 0
16 11 0
16 15 0
16 41 0
16 42 0
17 5 0
17 8 0
17 18 0
18 9 0
18 17 0
18 44 0
18 45 0
19 9 0
19 21 0
19 22 0
20 1 0
20 24 0
20 25 0
21 19 0
21 23 0
21 46 0
22 19 0
22 26 0
22 47 0
23 21 0
23 27 0
23 28 0
24 20 0
24 29 0
24 48 0
25 20 0
25 30 0
25 49 0
26 22 0
26 27 0
26 50 0
27 0 0
27 23 0
27 26 0
28 2 0
28 3 0
28 4 0
28 23 0
29 24 0
29 31 0
29 51 0
30 25 0
30 31 0
30 52 0
31 29 0
31 30 0
31 53 0
32 10 0
33 11 0
34 12 0
35 12 0
36 13 0
37 14 0
38 14 0
39 15 0
40 15 0
41 16 0
42 16 0
43 8 0
44 18 0
45 18 0
46 21 0
47 22 0
48 24 0
49 25 0
50 26 0
51 29 0
52 30 0
53 31 0
GraphDataEnd
GraphEnd
NodeEnd
NodeStart
EPTNodeID: 3
AnchorID: 19170
TreeNodeGraphID: 5
Level: 5
SimplifiedLevel: 0
EditOperation: 4 23 28 0 0
AccumulatedOpsCount: 1
AccumulatedOp: 4 23 28 0 0
ChildrenCount: 2
ChildIndices: 4 5
CompletedDBGraphIDsCount: 0
GraphStart
GraphDataStart
ID: 5
NumNodes: 54
NumEdges: 112
NodeLabels
5 6 5 5 5 2 2 2 3 3 4 4 4 4 4 4 4 4 4 4 4 4 4 4 4 4 4 4 4 4 4 4 5 5 5 5 5 5 5 5 5 5 5 5 5 5 5 5 5 5 5 5 5 5 
Edges
0 27 0
1 6 0
1 7 0
1 9 0
1 20 0
2 28 0
3 28 0
4 28 0
5 17 0
6 1 0
7 1 0
8 13 0
8 17 0
8 43 0
9 1 0
9 18 0
9 19 0
10 12 0
10 13 0
10 15 0
10 32 0
11 12 0
11 14 0
11 16 0
11 33 0
12 10 0
12 11 0
12 34 0
12 35 0
13 8 0
13 10 0
13 14 0
13 36 0
14 11 0
14 13 0
14 37 0
14 38 0
15 10 0
15 16 0
15 39 0
15 40 0
16 11 0
16 15 0
16 41 0
16 42 0
17 5 0
17 8 0
17 18 0
18 9 0
18 17 0
18 44 0
18 45 0
19 9 0
19 21 0
19 22 0
20 1 0
20 24 0
20 25 0
21 19 0
21 23 0
21 46 0
22 19 0
22 26 0
22 47 0
23 21 0
23 27 0
24 20 0
24 29 0
24 48 0
25 20 0
25 30 0
25 49 0
26 22 0
26 27 0
26 50 0
27 0 0
27 23 0
27 26 0
28 2 0
28 3 0
28 4 0
29 24 0
29 31 0
29 51 0
30 25 0
30 31 0
30 52 0
31 29 0
31 30 0
31 53 0
32 10 0
33 11 0
34 12 0
35 12 0
36 13 0
37 14 0
38 14 0
39 15 0
40 15 0
41 16 0
42 16 0
43 8 0
44 18 0
45 18 0
46 21 0
47 22 0
48 24 0
49 25 0
50 26 0
51 29 0
52 30 0
53 31 0
GraphDataEnd
GraphEnd
NodeEnd
NodeStart
EPTNodeID: 4
AnchorID: 19170
TreeNodeGraphID: 10
Level: 10
SimplifiedLevel: 0
EditOperation: 4 31 53 0 0
AccumulatedOpsCount: 5
AccumulatedOp: 5 23 53 0 0
AccumulatedOp: 0 53 0 5 7
AccumulatedOp: 0 50 0 5 7
AccumulatedOp: 5 28 31 0 0
AccumulatedOp: 4 31 53 0 0
ChildrenCount: 0
ChildIndices:
CompletedDBGraphIDsCount: 1
CompletedDBGraphID: 15141
GraphStart
GraphDataStart
ID: 10
NumNodes: 54
NumEdges: 114
NodeLabels
5 6 5 5 5 2 2 2 3 3 4 4 4 4 4 4 4 4 4 4 4 4 4 4 4 4 4 4 4 4 4 4 5 5 5 5 5 5 5 5 5 5 5 5 5 5 5 5 5 5 7 5 5 7 
Edges
0 27 0
1 6 0
1 7 0
1 9 0
1 20 0
2 28 0
3 28 0
4 28 0
5 17 0
6 1 0
7 1 0
8 13 0
8 17 0
8 43 0
9 1 0
9 18 0
9 19 0
10 12 0
10 13 0
10 15 0
10 32 0
11 12 0
11 14 0
11 16 0
11 33 0
12 10 0
12 11 0
12 34 0
12 35 0
13 8 0
13 10 0
13 14 0
13 36 0
14 11 0
14 13 0
14 37 0
14 38 0
15 10 0
15 16 0
15 39 0
15 40 0
16 11 0
16 15 0
16 41 0
16 42 0
17 5 0
17 8 0
17 18 0
18 9 0
18 17 0
18 44 0
18 45 0
19 9 0
19 21 0
19 22 0
20 1 0
20 24 0
20 25 0
21 19 0
21 23 0
21 46 0
22 19 0
22 26 0
22 47 0
23 21 0
23 27 0
23 53 0
24 20 0
24 29 0
24 48 0
25 20 0
25 30 0
25 49 0
26 22 0
26 27 0
26 50 0
27 0 0
27 23 0
27 26 0
28 2 0
28 3 0
28 4 0
28 31 0
29 24 0
29 31 0
29 51 0
30 25 0
30 31 0
30 52 0
31 29 0
31 30 0
31 28 0
32 10 0
33 11 0
34 12 0
35 12 0
36 13 0
37 14 0
38 14 0
39 15 0
40 15 0
41 16 0
42 16 0
43 8 0
44 18 0
45 18 0
46 21 0
47 22 0
48 24 0
49 25 0
50 26 0
51 29 0
52 30 0
53 23 0
GraphDataEnd
GraphEnd
NodeEnd
NodeStart
EPTNodeID: 5
AnchorID: 19170
TreeNodeGraphID: 14
Level: 9
SimplifiedLevel: 0
EditOperation: 0 53 0 5 1
AccumulatedOpsCount: 4
AccumulatedOp: 4 0 27 0 0
AccumulatedOp: 5 27 28 0 0
AccumulatedOp: 5 0 23 0 0
AccumulatedOp: 0 53 0 5 1
ChildrenCount: 0
ChildIndices:
CompletedDBGraphIDsCount: 1
CompletedDBGraphID: 1862
GraphStart
GraphDataStart
ID: 14
NumNodes: 54
NumEdges: 114
NodeLabels
5 6 5 5 5 2 2 2 3 3 4 4 4 4 4 4 4 4 4 4 4 4 4 4 4 4 4 4 4 4 4 4 5 5 5 5 5 5 5 5 5 5 5 5 5 5 5 5 5 5 5 5 5 1 
Edges
0 23 0
1 6 0
1 7 0
1 9 0
1 20 0
2 28 0
3 28 0
4 28 0
5 17 0
6 1 0
7 1 0
8 13 0
8 17 0
8 43 0
9 1 0
9 18 0
9 19 0
10 12 0
10 13 0
10 15 0
10 32 0
11 12 0
11 14 0
11 16 0
11 33 0
12 10 0
12 11 0
12 34 0
12 35 0
13 8 0
13 10 0
13 14 0
13 36 0
14 11 0
14 13 0
14 37 0
14 38 0
15 10 0
15 16 0
15 39 0
15 40 0
16 11 0
16 15 0
16 41 0
16 42 0
17 5 0
17 8 0
17 18 0
18 9 0
18 17 0
18 44 0
18 45 0
19 9 0
19 21 0
19 22 0
20 1 0
20 24 0
20 25 0
21 19 0
21 23 0
21 46 0
22 19 0
22 26 0
22 47 0
23 21 0
23 27 0
23 0 0
24 20 0
24 29 0
24 48 0
25 20 0
25 30 0
25 49 0
26 22 0
26 27 0
26 50 0
27 23 0
27 26 0
27 28 0
28 2 0
28 3 0
28 4 0
28 27 0
29 24 0
29 31 0
29 51 0
30 25 0
30 31 0
30 52 0
31 29 0
31 30 0
31 53 0
32 10 0
33 11 0
34 12 0
35 12 0
36 13 0
37 14 0
38 14 0
39 15 0
40 15 0
41 16 0
42 16 0
43 8 0
44 18 0
45 18 0
46 21 0
47 22 0
48 24 0
49 25 0
50 26 0
51 29 0
52 30 0
53 31 0
GraphDataEnd
GraphEnd
NodeEnd
NodeStart
EPTNodeID: 6
AnchorID: 19170
TreeNodeGraphID: 21
Level: 11
SimplifiedLevel: 0
EditOperation: 5 47 56 0 0
AccumulatedOpsCount: 7
AccumulatedOp: 0 47 0 5 4
AccumulatedOp: 2 56 0 0 5
AccumulatedOp: 2 55 0 0 5
AccumulatedOp: 2 54 0 0 5
AccumulatedOp: 5 47 54 0 0
AccumulatedOp: 5 47 55 0 0
AccumulatedOp: 5 47 56 0 0
ChildrenCount: 0
ChildIndices:
CompletedDBGraphIDsCount: 1
CompletedDBGraphID: 10216
GraphStart
GraphDataStart
ID: 21
NumNodes: 57
NumEdges: 120
NodeLabels
5 6 5 5 5 2 2 2 3 3 4 4 4 4 4 4 4 4 4 4 4 4 4 4 4 4 4 4 4 4 4 4 5 5 5 5 5 5 5 5 5 5 5 5 5 5 5 4 5 5 5 5 5 5 5 5 5 
Edges
0 27 0
1 6 0
1 7 0
1 9 0
1 20 0
2 28 0
3 28 0
4 28 0
5 17 0
6 1 0
7 1 0
8 13 0
8 17 0
8 43 0
9 1 0
9 18 0
9 19 0
10 12 0
10 13 0
10 15 0
10 32 0
11 12 0
11 14 0
11 16 0
11 33 0
12 10 0
12 11 0
12 34 0
12 35 0
13 8 0
13 10 0
13 14 0
13 36 0
14 11 0
14 13 0
14 37 0
14 38 0
15 10 0
15 16 0
15 39 0
15 40 0
16 11 0
16 15 0
16 41 0
16 42 0
17 5 0
17 8 0
17 18 0
18 9 0
18 17 0
18 44 0
18 45 0
19 9 0
19 21 0
19 22 0
20 1 0
20 24 0
20 25 0
21 19 0
21 23 0
21 46 0
22 19 0
22 26 0
22 47 0
23 21 0
23 27 0
23 28 0
24 20 0
24 29 0
24 48 0
25 20 0
25 30 0
25 49 0
26 22 0
26 27 0
26 50 0
27 0 0
27 23 0
27 26 0
28 2 0
28 3 0
28 4 0
28 23 0
29 24 0
29 31 0
29 51 0
30 25 0
30 31 0
30 52 0
31 29 0
31 30 0
31 53 0
32 10 0
33 11 0
34 12 0
35 12 0
36 13 0
37 14 0
38 14 0
39 15 0
40 15 0
41 16 0
42 16 0
43 8 0
44 18 0
45 18 0
46 21 0
47 22 0
47 54 0
47 55 0
47 56 0
48 24 0
49 25 0
50 26 0
51 29 0
52 30 0
53 31 0
54 47 0
55 47 0
56 47 0
GraphDataEnd
GraphEnd
NodeEnd
NodeStart
EPTNodeID: 7
AnchorID: 19170
TreeNodeGraphID: 22
Level: 2
SimplifiedLevel: 0
EditOperation: 0 47 0 5 7
AccumulatedOpsCount: 1
AccumulatedOp: 0 47 0 5 7
ChildrenCount: 0
ChildIndices:
CompletedDBGraphIDsCount: 1
CompletedDBGraphID: 530
GraphStart
GraphDataStart
ID: 22
NumNodes: 54
NumEdges: 114
NodeLabels
5 6 1 1 1 2 2 2 3 3 4 4 4 4 4 4 4 4 4 4 4 4 4 4 4 4 4 4 4 4 4 4 5 5 5 5 5 5 5 5 5 5 5 5 5 5 5 7 5 5 5 5 5 5 
Edges
0 27 0
1 6 0
1 7 0
1 9 0
1 20 0
2 28 0
3 28 0
4 28 0
5 17 0
6 1 0
7 1 0
8 13 0
8 17 0
8 43 0
9 1 0
9 18 0
9 19 0
10 12 0
10 13 0
10 15 0
10 32 0
11 12 0
11 14 0
11 16 0
11 33 0
12 10 0
12 11 0
12 34 0
12 35 0
13 8 0
13 10 0
13 14 0
13 36 0
14 11 0
14 13 0
14 37 0
14 38 0
15 10 0
15 16 0
15 39 0
15 40 0
16 11 0
16 15 0
16 41 0
16 42 0
17 5 0
17 8 0
17 18 0
18 9 0
18 17 0
18 44 0
18 45 0
19 9 0
19 21 0
19 22 0
20 1 0
20 24 0
20 25 0
21 19 0
21 23 0
21 46 0
22 19 0
22 26 0
22 47 0
23 21 0
23 27 0
23 28 0
24 20 0
24 29 0
24 48 0
25 20 0
25 30 0
25 49 0
26 22 0
26 27 0
26 50 0
27 0 0
27 23 0
27 26 0
28 2 0
28 3 0
28 4 0
28 23 0
29 24 0
29 31 0
29 51 0
30 25 0
30 31 0
30 52 0
31 29 0
31 30 0
31 53 0
32 10 0
33 11 0
34 12 0
35 12 0
36 13 0
37 14 0
38 14 0
39 15 0
40 15 0
41 16 0
42 16 0
43 8 0
44 18 0
45 18 0
46 21 0
47 22 0
48 24 0
49 25 0
50 26 0
51 29 0
52 30 0
53 31 0
GraphDataEnd
GraphEnd
NodeEnd
END_EPT
