BEGIN_EPT
AnchorID: 560  # ID of the anchor node
RootIndex: 0  # Index of the root node in tree_nodes
NodeCount: 39  # Total number of nodes in the EPT
NodeStart
EPTNodeID: 0
AnchorID: 560
TreeNodeGraphID: 0
Level: 0
SimplifiedLevel: 0
EditOperation: -1 0 -1 0 0
AccumulatedOpsCount: 0
ChildrenCount: 7
ChildIndices: 1 16 28 33 36 37 38
CompletedDBGraphIDsCount: 0
GraphStart
GraphDataStart
ID: 0
NumNodes: 58
NumEdges: 120
NodeLabels
6 2 2 2 2 2 3 3 4 4 4 4 4 4 4 4 4 4 4 4 4 4 4 4 4 4 4 4 4 4 4 4 5 5 5 5 5 5 5 5 5 5 5 5 5 5 5 5 5 5 5 5 5 5 5 5 5 5 
Edges
0 1 0
0 2 0
0 6 0
0 10 0
1 0 0
2 0 0
3 21 0
3 26 0
4 15 0
5 29 0
5 31 0
6 0 0
6 8 0
6 9 0
7 15 0
7 22 0
7 42 0
8 6 0
8 15 0
8 32 0
8 33 0
9 6 0
9 13 0
9 14 0
10 0 0
10 11 0
10 12 0
11 10 0
11 17 0
11 34 0
12 10 0
12 18 0
12 35 0
13 9 0
13 19 0
13 36 0
14 9 0
14 20 0
14 37 0
15 4 0
15 7 0
15 8 0
16 17 0
16 18 0
16 23 0
17 11 0
17 16 0
17 38 0
18 12 0
18 16 0
18 39 0
19 13 0
19 21 0
19 40 0
20 14 0
20 21 0
20 41 0
21 3 0
21 19 0
21 20 0
22 7 0
22 24 0
22 25 0
23 16 0
23 43 0
23 44 0
23 45 0
24 22 0
24 27 0
24 46 0
25 22 0
25 28 0
25 47 0
26 3 0
26 30 0
26 48 0
26 49 0
27 24 0
27 29 0
27 50 0
28 25 0
28 29 0
28 51 0
29 5 0
29 27 0
29 28 0
30 26 0
30 52 0
30 53 0
30 54 0
31 5 0
31 55 0
31 56 0
31 57 0
32 8 0
33 8 0
34 11 0
35 12 0
36 13 0
37 14 0
38 17 0
39 18 0
40 19 0
41 20 0
42 7 0
43 23 0
44 23 0
45 23 0
46 24 0
47 25 0
48 26 0
49 26 0
50 27 0
51 28 0
52 30 0
53 30 0
54 30 0
55 31 0
56 31 0
57 31 0
GraphDataEnd
GraphEnd
NodeEnd
NodeStart
EPTNodeID: 1
AnchorID: 560
TreeNodeGraphID: 1
Level: 1
SimplifiedLevel: 0
EditOperation: 4 3 26 0 0
AccumulatedOpsCount: 1
AccumulatedOp: 4 3 26 0 0
ChildrenCount: 3
ChildIndices: 2 10 15
CompletedDBGraphIDsCount: 0
GraphStart
GraphDataStart
ID: 1
NumNodes: 58
NumEdges: 118
NodeLabels
6 2 2 2 2 2 3 3 4 4 4 4 4 4 4 4 4 4 4 4 4 4 4 4 4 4 4 4 4 4 4 4 5 5 5 5 5 5 5 5 5 5 5 5 5 5 5 5 5 5 5 5 5 5 5 5 5 5 
Edges
0 1 0
0 2 0
0 6 0
0 10 0
1 0 0
2 0 0
3 21 0
4 15 0
5 29 0
5 31 0
6 0 0
6 8 0
6 9 0
7 15 0
7 22 0
7 42 0
8 6 0
8 15 0
8 32 0
8 33 0
9 6 0
9 13 0
9 14 0
10 0 0
10 11 0
10 12 0
11 10 0
11 17 0
11 34 0
12 10 0
12 18 0
12 35 0
13 9 0
13 19 0
13 36 0
14 9 0
14 20 0
14 37 0
15 4 0
15 7 0
15 8 0
16 17 0
16 18 0
16 23 0
17 11 0
17 16 0
17 38 0
18 12 0
18 16 0
18 39 0
19 13 0
19 21 0
19 40 0
20 14 0
20 21 0
20 41 0
21 3 0
21 19 0
21 20 0
22 7 0
22 24 0
22 25 0
23 16 0
23 43 0
23 44 0
23 45 0
24 22 0
24 27 0
24 46 0
25 22 0
25 28 0
25 47 0
26 30 0
26 48 0
26 49 0
27 24 0
27 29 0
27 50 0
28 25 0
28 29 0
28 51 0
29 5 0
29 27 0
29 28 0
30 26 0
30 52 0
30 53 0
30 54 0
31 5 0
31 55 0
31 56 0
31 57 0
32 8 0
33 8 0
34 11 0
35 12 0
36 13 0
37 14 0
38 17 0
39 18 0
40 19 0
41 20 0
42 7 0
43 23 0
44 23 0
45 23 0
46 24 0
47 25 0
48 26 0
49 26 0
50 27 0
51 28 0
52 30 0
53 30 0
54 30 0
55 31 0
56 31 0
57 31 0
GraphDataEnd
GraphEnd
NodeEnd
NodeStart
EPTNodeID: 2
AnchorID: 560
TreeNodeGraphID: 2
Level: 2
SimplifiedLevel: 0
EditOperation: 0 3 0 2 5
AccumulatedOpsCount: 1
AccumulatedOp: 0 3 0 2 5
ChildrenCount: 4
ChildIndices: 3 5 8 9
CompletedDBGraphIDsCount: 0
GraphStart
GraphDataStart
ID: 2
NumNodes: 58
NumEdges: 118
NodeLabels
6 2 2 5 2 2 3 3 4 4 4 4 4 4 4 4 4 4 4 4 4 4 4 4 4 4 4 4 4 4 4 4 5 5 5 5 5 5 5 5 5 5 5 5 5 5 5 5 5 5 5 5 5 5 5 5 5 5 
Edges
0 1 0
0 2 0
0 6 0
0 10 0
1 0 0
2 0 0
3 21 0
4 15 0
5 29 0
5 31 0
6 0 0
6 8 0
6 9 0
7 15 0
7 22 0
7 42 0
8 6 0
8 15 0
8 32 0
8 33 0
9 6 0
9 13 0
9 14 0
10 0 0
10 11 0
10 12 0
11 10 0
11 17 0
11 34 0
12 10 0
12 18 0
12 35 0
13 9 0
13 19 0
13 36 0
14 9 0
14 20 0
14 37 0
15 4 0
15 7 0
15 8 0
16 17 0
16 18 0
16 23 0
17 11 0
17 16 0
17 38 0
18 12 0
18 16 0
18 39 0
19 13 0
19 21 0
19 40 0
20 14 0
20 21 0
20 41 0
21 3 0
21 19 0
21 20 0
22 7 0
22 24 0
22 25 0
23 16 0
23 43 0
23 44 0
23 45 0
24 22 0
24 27 0
24 46 0
25 22 0
25 28 0
25 47 0
26 30 0
26 48 0
26 49 0
27 24 0
27 29 0
27 50 0
28 25 0
28 29 0
28 51 0
29 5 0
29 27 0
29 28 0
30 26 0
30 52 0
30 53 0
30 54 0
31 5 0
31 55 0
31 56 0
31 57 0
32 8 0
33 8 0
34 11 0
35 12 0
36 13 0
37 14 0
38 17 0
39 18 0
40 19 0
41 20 0
42 7 0
43 23 0
44 23 0
45 23 0
46 24 0
47 25 0
48 26 0
49 26 0
50 27 0
51 28 0
52 30 0
53 30 0
54 30 0
55 31 0
56 31 0
57 31 0
GraphDataEnd
GraphEnd
NodeEnd
NodeStart
EPTNodeID: 3
AnchorID: 560
TreeNodeGraphID: 4
Level: 4
SimplifiedLevel: 0
EditOperation: 5 26 36 0 0
AccumulatedOpsCount: 2
AccumulatedOp: 0 36 0 5 2
AccumulatedOp: 5 26 36 0 0
ChildrenCount: 1
ChildIndices: 4
CompletedDBGraphIDsCount: 1
CompletedDBGraphID: 18322
GraphStart
GraphDataStart
ID: 4
NumNodes: 58
NumEdges: 120
NodeLabels
6 2 2 5 2 2 3 3 4 4 4 4 4 4 4 4 4 4 4 4 4 4 4 4 4 4 4 4 4 4 4 4 5 5 5 5 2 5 5 5 5 5 5 5 5 5 5 5 5 5 5 5 5 5 5 5 5 5 
Edges
0 1 0
0 2 0
0 6 0
0 10 0
1 0 0
2 0 0
3 21 0
4 15 0
5 29 0
5 31 0
6 0 0
6 8 0
6 9 0
7 15 0
7 22 0
7 42 0
8 6 0
8 15 0
8 32 0
8 33 0
9 6 0
9 13 0
9 14 0
10 0 0
10 11 0
10 12 0
11 10 0
11 17 0
11 34 0
12 10 0
12 18 0
12 35 0
13 9 0
13 19 0
13 36 0
14 9 0
14 20 0
14 37 0
15 4 0
15 7 0
15 8 0
16 17 0
16 18 0
16 23 0
17 11 0
17 16 0
17 38 0
18 12 0
18 16 0
18 39 0
19 13 0
19 21 0
19 40 0
20 14 0
20 21 0
20 41 0
21 3 0
21 19 0
21 20 0
22 7 0
22 24 0
22 25 0
23 16 0
23 43 0
23 44 0
23 45 0
24 22 0
24 27 0
24 46 0
25 22 0
25 28 0
25 47 0
26 30 0
26 48 0
26 49 0
26 36 0
27 24 0
27 29 0
27 50 0
28 25 0
28 29 0
28 51 0
29 5 0
29 27 0
29 28 0
30 26 0
30 52 0
30 53 0
30 54 0
31 5 0
31 55 0
31 56 0
31 57 0
32 8 0
33 8 0
34 11 0
35 12 0
36 13 0
36 26 0
37 14 0
38 17 0
39 18 0
40 19 0
41 20 0
42 7 0
43 23 0
44 23 0
45 23 0
46 24 0
47 25 0
48 26 0
49 26 0
50 27 0
51 28 0
52 30 0
53 30 0
54 30 0
55 31 0
56 31 0
57 31 0
GraphDataEnd
GraphEnd
NodeEnd
NodeStart
EPTNodeID: 4
AnchorID: 560
TreeNodeGraphID: 9
Level: 9
SimplifiedLevel: 0
EditOperation: 5 29 31 0 0
AccumulatedOpsCount: 5
AccumulatedOp: 4 5 31 0 0
AccumulatedOp: 0 50 0 5 7
AccumulatedOp: 4 5 29 0 0
AccumulatedOp: 1 5 0 2 0
AccumulatedOp: 5 29 31 0 0
ChildrenCount: 0
ChildIndices:
CompletedDBGraphIDsCount: 1
CompletedDBGraphID: 3724
GraphStart
GraphDataStart
ID: 9
NumNodes: 57
NumEdges: 118
NodeLabels
6 2 2 5 2 3 3 4 4 4 4 4 4 4 4 4 4 4 4 4 4 4 4 4 4 4 4 4 4 4 4 5 5 5 5 2 5 5 5 5 5 5 5 5 5 5 5 5 5 7 5 5 5 5 5 5 5 
Edges
0 1 0
0 2 0
0 5 0
0 9 0
1 0 0
2 0 0
3 20 0
4 14 0
5 0 0
5 7 0
5 8 0
6 14 0
6 21 0
6 41 0
7 5 0
7 14 0
7 31 0
7 32 0
8 5 0
8 12 0
8 13 0
9 0 0
9 10 0
9 11 0
10 9 0
10 16 0
10 33 0
11 9 0
11 17 0
11 34 0
12 8 0
12 18 0
12 35 0
13 8 0
13 19 0
13 36 0
14 4 0
14 6 0
14 7 0
15 16 0
15 17 0
15 22 0
16 10 0
16 15 0
16 37 0
17 11 0
17 15 0
17 38 0
18 12 0
18 20 0
18 39 0
19 13 0
19 20 0
19 40 0
20 3 0
20 18 0
20 19 0
21 6 0
21 23 0
21 24 0
22 15 0
22 42 0
22 43 0
22 44 0
23 21 0
23 26 0
23 45 0
24 21 0
24 27 0
24 46 0
25 29 0
25 47 0
25 48 0
25 35 0
26 23 0
26 28 0
26 49 0
27 24 0
27 28 0
27 50 0
28 26 0
28 27 0
28 30 0
29 25 0
29 51 0
29 52 0
29 53 0
30 54 0
30 55 0
30 56 0
30 28 0
31 7 0
32 7 0
33 10 0
34 11 0
35 12 0
35 25 0
36 13 0
37 16 0
38 17 0
39 18 0
40 19 0
41 6 0
42 22 0
43 22 0
44 22 0
45 23 0
46 24 0
47 25 0
48 25 0
49 26 0
50 27 0
51 29 0
52 29 0
53 29 0
54 30 0
55 30 0
56 30 0
GraphDataEnd
GraphEnd
NodeEnd
NodeStart
EPTNodeID: 5
AnchorID: 560
TreeNodeGraphID: 10
Level: 3
SimplifiedLevel: 0
EditOperation: 4 14 37 0 0
AccumulatedOpsCount: 1
AccumulatedOp: 4 14 37 0 0
ChildrenCount: 2
ChildIndices: 6 7
CompletedDBGraphIDsCount: 0
GraphStart
GraphDataStart
ID: 10
NumNodes: 58
NumEdges: 116
NodeLabels
6 2 2 5 2 2 3 3 4 4 4 4 4 4 4 4 4 4 4 4 4 4 4 4 4 4 4 4 4 4 4 4 5 5 5 5 5 5 5 5 5 5 5 5 5 5 5 5 5 5 5 5 5 5 5 5 5 5 
Edges
0 1 0
0 2 0
0 6 0
0 10 0
1 0 0
2 0 0
3 21 0
4 15 0
5 29 0
5 31 0
6 0 0
6 8 0
6 9 0
7 15 0
7 22 0
7 42 0
8 6 0
8 15 0
8 32 0
8 33 0
9 6 0
9 13 0
9 14 0
10 0 0
10 11 0
10 12 0
11 10 0
11 17 0
11 34 0
12 10 0
12 18 0
12 35 0
13 9 0
13 19 0
13 36 0
14 9 0
14 20 0
15 4 0
15 7 0
15 8 0
16 17 0
16 18 0
16 23 0
17 11 0
17 16 0
17 38 0
18 12 0
18 16 0
18 39 0
19 13 0
19 21 0
19 40 0
20 14 0
20 21 0
20 41 0
21 3 0
21 19 0
21 20 0
22 7 0
22 24 0
22 25 0
23 16 0
23 43 0
23 44 0
23 45 0
24 22 0
24 27 0
24 46 0
25 22 0
25 28 0
25 47 0
26 30 0
26 48 0
26 49 0
27 24 0
27 29 0
27 50 0
28 25 0
28 29 0
28 51 0
29 5 0
29 27 0
29 28 0
30 26 0
30 52 0
30 53 0
30 54 0
31 5 0
31 55 0
31 56 0
31 57 0
32 8 0
33 8 0
34 11 0
35 12 0
36 13 0
38 17 0
39 18 0
40 19 0
41 20 0
42 7 0
43 23 0
44 23 0
45 23 0
46 24 0
47 25 0
48 26 0
49 26 0
50 27 0
51 28 0
52 30 0
53 30 0
54 30 0
55 31 0
56 31 0
57 31 0
GraphDataEnd
GraphEnd
NodeEnd
NodeStart
EPTNodeID: 6
AnchorID: 560
TreeNodeGraphID: 16
Level: 9
SimplifiedLevel: 0
EditOperation: 5 26 37 0 0
AccumulatedOpsCount: 6
AccumulatedOp: 0 51 0 5 2
AccumulatedOp: 0 40 0 5 7
AccumulatedOp: 5 14 30 0 0
AccumulatedOp: 4 26 30 0 0
AccumulatedOp: 5 26 51 0 0
AccumulatedOp: 5 26 37 0 0
ChildrenCount: 0
ChildIndices:
CompletedDBGraphIDsCount: 1
CompletedDBGraphID: 31
GraphStart
GraphDataStart
ID: 16
NumNodes: 58
NumEdges: 120
NodeLabels
6 2 2 5 2 2 3 3 4 4 4 4 4 4 4 4 4 4 4 4 4 4 4 4 4 4 4 4 4 4 4 4 5 5 5 5 5 5 5 5 7 5 5 5 5 5 5 5 5 5 5 2 5 5 5 5 5 5 
Edges
0 1 0
0 2 0
0 6 0
0 10 0
1 0 0
2 0 0
3 21 0
4 15 0
5 29 0
5 31 0
6 0 0
6 8 0
6 9 0
7 15 0
7 22 0
7 42 0
8 6 0
8 15 0
8 32 0
8 33 0
9 6 0
9 13 0
9 14 0
10 0 0
10 11 0
10 12 0
11 10 0
11 17 0
11 34 0
12 10 0
12 18 0
12 35 0
13 9 0
13 19 0
13 36 0
14 9 0
14 20 0
14 30 0
15 4 0
15 7 0
15 8 0
16 17 0
16 18 0
16 23 0
17 11 0
17 16 0
17 38 0
18 12 0
18 16 0
18 39 0
19 13 0
19 21 0
19 40 0
20 14 0
20 21 0
20 41 0
21 3 0
21 19 0
21 20 0
22 7 0
22 24 0
22 25 0
23 16 0
23 43 0
23 44 0
23 45 0
24 22 0
24 27 0
24 46 0
25 22 0
25 28 0
25 47 0
26 48 0
26 49 0
26 51 0
26 37 0
27 24 0
27 29 0
27 50 0
28 25 0
28 29 0
28 51 0
29 5 0
29 27 0
29 28 0
30 52 0
30 53 0
30 54 0
30 14 0
31 5 0
31 55 0
31 56 0
31 57 0
32 8 0
33 8 0
34 11 0
35 12 0
36 13 0
37 26 0
38 17 0
39 18 0
40 19 0
41 20 0
42 7 0
43 23 0
44 23 0
45 23 0
46 24 0
47 25 0
48 26 0
49 26 0
50 27 0
51 28 0
51 26 0
52 30 0
53 30 0
54 30 0
55 31 0
56 31 0
57 31 0
GraphDataEnd
GraphEnd
NodeEnd
NodeStart
EPTNodeID: 7
AnchorID: 560
TreeNodeGraphID: 18
Level: 5
SimplifiedLevel: 0
EditOperation: 1 37 0 5 0
AccumulatedOpsCount: 2
AccumulatedOp: 5 14 26 0 0
AccumulatedOp: 1 37 0 5 0
ChildrenCount: 0
ChildIndices:
CompletedDBGraphIDsCount: 1
CompletedDBGraphID: 9466
GraphStart
GraphDataStart
ID: 18
NumNodes: 57
NumEdges: 118
NodeLabels
6 2 2 5 2 2 3 3 4 4 4 4 4 4 4 4 4 4 4 4 4 4 4 4 4 4 4 4 4 4 4 4 5 5 5 5 5 5 5 5 5 5 5 5 5 5 5 5 5 5 5 5 5 5 5 5 5 
Edges
0 1 0
0 2 0
0 6 0
0 10 0
1 0 0
2 0 0
3 21 0
4 15 0
5 29 0
5 31 0
6 0 0
6 8 0
6 9 0
7 15 0
7 22 0
7 41 0
8 6 0
8 15 0
8 32 0
8 33 0
9 6 0
9 13 0
9 14 0
10 0 0
10 11 0
10 12 0
11 10 0
11 17 0
11 34 0
12 10 0
12 18 0
12 35 0
13 9 0
13 19 0
13 36 0
14 9 0
14 20 0
14 26 0
15 4 0
15 7 0
15 8 0
16 17 0
16 18 0
16 23 0
17 11 0
17 16 0
17 37 0
18 12 0
18 16 0
18 38 0
19 13 0
19 21 0
19 39 0
20 14 0
20 21 0
20 40 0
21 3 0
21 19 0
21 20 0
22 7 0
22 24 0
22 25 0
23 16 0
23 42 0
23 43 0
23 44 0
24 22 0
24 27 0
24 45 0
25 22 0
25 28 0
25 46 0
26 30 0
26 47 0
26 48 0
26 14 0
27 24 0
27 29 0
27 49 0
28 25 0
28 29 0
28 50 0
29 5 0
29 27 0
29 28 0
30 26 0
30 51 0
30 52 0
30 53 0
31 5 0
31 54 0
31 55 0
31 56 0
32 8 0
33 8 0
34 11 0
35 12 0
36 13 0
37 17 0
38 18 0
39 19 0
40 20 0
41 7 0
42 23 0
43 23 0
44 23 0
45 24 0
46 25 0
47 26 0
48 26 0
49 27 0
50 28 0
51 30 0
52 30 0
53 30 0
54 31 0
55 31 0
56 31 0
GraphDataEnd
GraphEnd
NodeEnd
NodeStart
EPTNodeID: 8
AnchorID: 560
TreeNodeGraphID: 25
Level: 9
SimplifiedLevel: 0
EditOperation: 1 46 0 5 0
AccumulatedOpsCount: 7
AccumulatedOp: 4 5 29 0 0
AccumulatedOp: 5 29 41 0 0
AccumulatedOp: 4 20 41 0 0
AccumulatedOp: 5 24 26 0 0
AccumulatedOp: 5 5 20 0 0
AccumulatedOp: 4 24 46 0 0
AccumulatedOp: 1 46 0 5 0
ChildrenCount: 0
ChildIndices:
CompletedDBGraphIDsCount: 1
CompletedDBGraphID: 22026
GraphStart
GraphDataStart
ID: 25
NumNodes: 57
NumEdges: 118
NodeLabels
6 2 2 5 2 2 3 3 4 4 4 4 4 4 4 4 4 4 4 4 4 4 4 4 4 4 4 4 4 4 4 4 5 5 5 5 5 5 5 5 5 5 5 5 5 5 5 5 5 5 5 5 5 5 5 5 5 
Edges
0 1 0
0 2 0
0 6 0
0 10 0
1 0 0
2 0 0
3 21 0
4 15 0
5 31 0
5 20 0
6 0 0
6 8 0
6 9 0
7 15 0
7 22 0
7 42 0
8 6 0
8 15 0
8 32 0
8 33 0
9 6 0
9 13 0
9 14 0
10 0 0
10 11 0
10 12 0
11 10 0
11 17 0
11 34 0
12 10 0
12 18 0
12 35 0
13 9 0
13 19 0
13 36 0
14 9 0
14 20 0
14 37 0
15 4 0
15 7 0
15 8 0
16 17 0
16 18 0
16 23 0
17 11 0
17 16 0
17 38 0
18 12 0
18 16 0
18 39 0
19 13 0
19 21 0
19 40 0
20 14 0
20 21 0
20 5 0
21 3 0
21 19 0
21 20 0
22 7 0
22 24 0
22 25 0
23 16 0
23 43 0
23 44 0
23 45 0
24 22 0
24 27 0
24 26 0
25 22 0
25 28 0
25 46 0
26 30 0
26 47 0
26 48 0
26 24 0
27 24 0
27 29 0
27 49 0
28 25 0
28 29 0
28 50 0
29 27 0
29 28 0
29 41 0
30 26 0
30 51 0
30 52 0
30 53 0
31 5 0
31 54 0
31 55 0
31 56 0
32 8 0
33 8 0
34 11 0
35 12 0
36 13 0
37 14 0
38 17 0
39 18 0
40 19 0
41 29 0
42 7 0
43 23 0
44 23 0
45 23 0
46 25 0
47 26 0
48 26 0
49 27 0
50 28 0
51 30 0
52 30 0
53 30 0
54 31 0
55 31 0
56 31 0
GraphDataEnd
GraphEnd
NodeEnd
NodeStart
EPTNodeID: 9
AnchorID: 560
TreeNodeGraphID: 36
Level: 13
SimplifiedLevel: 0
EditOperation: 1 45 0 5 0
AccumulatedOpsCount: 11
AccumulatedOp: 4 5 31 0 0
AccumulatedOp: 0 23 0 4 5
AccumulatedOp: 5 31 41 0 0
AccumulatedOp: 0 41 0 5 2
AccumulatedOp: 5 5 26 0 0
AccumulatedOp: 4 23 43 0 0
AccumulatedOp: 1 43 0 5 0
AccumulatedOp: 4 23 44 0 0
AccumulatedOp: 1 44 0 5 0
AccumulatedOp: 4 23 45 0 0
AccumulatedOp: 1 45 0 5 0
ChildrenCount: 0
ChildIndices:
CompletedDBGraphIDsCount: 1
CompletedDBGraphID: 15067
GraphStart
GraphDataStart
ID: 36
NumNodes: 55
NumEdges: 114
NodeLabels
6 2 2 5 2 2 3 3 4 4 4 4 4 4 4 4 4 4 4 4 4 4 4 5 4 4 4 4 4 4 4 4 5 5 5 5 5 5 5 5 5 2 5 5 5 5 5 5 5 5 5 5 5 5 5 
Edges
0 1 0
0 2 0
0 6 0
0 10 0
1 0 0
2 0 0
3 21 0
4 15 0
5 29 0
5 26 0
6 0 0
6 8 0
6 9 0
7 15 0
7 22 0
7 42 0
8 6 0
8 15 0
8 32 0
8 33 0
9 6 0
9 13 0
9 14 0
10 0 0
10 11 0
10 12 0
11 10 0
11 17 0
11 34 0
12 10 0
12 18 0
12 35 0
13 9 0
13 19 0
13 36 0
14 9 0
14 20 0
14 37 0
15 4 0
15 7 0
15 8 0
16 17 0
16 18 0
16 23 0
17 11 0
17 16 0
17 38 0
18 12 0
18 16 0
18 39 0
19 13 0
19 21 0
19 40 0
20 14 0
20 21 0
20 41 0
21 3 0
21 19 0
21 20 0
22 7 0
22 24 0
22 25 0
23 16 0
24 22 0
24 27 0
24 43 0
25 22 0
25 28 0
25 44 0
26 30 0
26 45 0
26 46 0
26 5 0
27 24 0
27 29 0
27 47 0
28 25 0
28 29 0
28 48 0
29 5 0
29 27 0
29 28 0
30 26 0
30 49 0
30 50 0
30 51 0
31 52 0
31 53 0
31 54 0
31 41 0
32 8 0
33 8 0
34 11 0
35 12 0
36 13 0
37 14 0
38 17 0
39 18 0
40 19 0
41 20 0
41 31 0
42 7 0
43 24 0
44 25 0
45 26 0
46 26 0
47 27 0
48 28 0
49 30 0
50 30 0
51 30 0
52 31 0
53 31 0
54 31 0
GraphDataEnd
GraphEnd
NodeEnd
NodeStart
EPTNodeID: 10
AnchorID: 560
TreeNodeGraphID: 39
Level: 4
SimplifiedLevel: 0
EditOperation: 5 3 31 0 0
AccumulatedOpsCount: 3
AccumulatedOp: 4 5 31 0 0
AccumulatedOp: 0 5 0 2 5
AccumulatedOp: 5 3 31 0 0
ChildrenCount: 2
ChildIndices: 11 14
CompletedDBGraphIDsCount: 0
GraphStart
GraphDataStart
ID: 39
NumNodes: 58
NumEdges: 118
NodeLabels
6 2 2 2 2 5 3 3 4 4 4 4 4 4 4 4 4 4 4 4 4 4 4 4 4 4 4 4 4 4 4 4 5 5 5 5 5 5 5 5 5 5 5 5 5 5 5 5 5 5 5 5 5 5 5 5 5 5 
Edges
0 1 0
0 2 0
0 6 0
0 10 0
1 0 0
2 0 0
3 21 0
3 31 0
4 15 0
5 29 0
6 0 0
6 8 0
6 9 0
7 15 0
7 22 0
7 42 0
8 6 0
8 15 0
8 32 0
8 33 0
9 6 0
9 13 0
9 14 0
10 0 0
10 11 0
10 12 0
11 10 0
11 17 0
11 34 0
12 10 0
12 18 0
12 35 0
13 9 0
13 19 0
13 36 0
14 9 0
14 20 0
14 37 0
15 4 0
15 7 0
15 8 0
16 17 0
16 18 0
16 23 0
17 11 0
17 16 0
17 38 0
18 12 0
18 16 0
18 39 0
19 13 0
19 21 0
19 40 0
20 14 0
20 21 0
20 41 0
21 3 0
21 19 0
21 20 0
22 7 0
22 24 0
22 25 0
23 16 0
23 43 0
23 44 0
23 45 0
24 22 0
24 27 0
24 46 0
25 22 0
25 28 0
25 47 0
26 30 0
26 48 0
26 49 0
27 24 0
27 29 0
27 50 0
28 25 0
28 29 0
28 51 0
29 5 0
29 27 0
29 28 0
30 26 0
30 52 0
30 53 0
30 54 0
31 55 0
31 56 0
31 57 0
31 3 0
32 8 0
33 8 0
34 11 0
35 12 0
36 13 0
37 14 0
38 17 0
39 18 0
40 19 0
41 20 0
42 7 0
43 23 0
44 23 0
45 23 0
46 24 0
47 25 0
48 26 0
49 26 0
50 27 0
51 28 0
52 30 0
53 30 0
54 30 0
55 31 0
56 31 0
57 31 0
GraphDataEnd
GraphEnd
NodeEnd
NodeStart
EPTNodeID: 11
AnchorID: 560
TreeNodeGraphID: 40
Level: 5
SimplifiedLevel: 0
EditOperation: 4 16 23 0 0
AccumulatedOpsCount: 1
AccumulatedOp: 4 16 23 0 0
ChildrenCount: 2
ChildIndices: 12 13
CompletedDBGraphIDsCount: 0
GraphStart
GraphDataStart
ID: 40
NumNodes: 58
NumEdges: 116
NodeLabels
6 2 2 2 2 5 3 3 4 4 4 4 4 4 4 4 4 4 4 4 4 4 4 4 4 4 4 4 4 4 4 4 5 5 5 5 5 5 5 5 5 5 5 5 5 5 5 5 5 5 5 5 5 5 5 5 5 5 
Edges
0 1 0
0 2 0
0 6 0
0 10 0
1 0 0
2 0 0
3 21 0
3 31 0
4 15 0
5 29 0
6 0 0
6 8 0
6 9 0
7 15 0
7 22 0
7 42 0
8 6 0
8 15 0
8 32 0
8 33 0
9 6 0
9 13 0
9 14 0
10 0 0
10 11 0
10 12 0
11 10 0
11 17 0
11 34 0
12 10 0
12 18 0
12 35 0
13 9 0
13 19 0
13 36 0
14 9 0
14 20 0
14 37 0
15 4 0
15 7 0
15 8 0
16 17 0
16 18 0
17 11 0
17 16 0
17 38 0
18 12 0
18 16 0
18 39 0
19 13 0
19 21 0
19 40 0
20 14 0
20 21 0
20 41 0
21 3 0
21 19 0
21 20 0
22 7 0
22 24 0
22 25 0
23 43 0
23 44 0
23 45 0
24 22 0
24 27 0
24 46 0
25 22 0
25 28 0
25 47 0
26 30 0
26 48 0
26 49 0
27 24 0
27 29 0
27 50 0
28 25 0
28 29 0
28 51 0
29 5 0
29 27 0
29 28 0
30 26 0
30 52 0
30 53 0
30 54 0
31 55 0
31 56 0
31 57 0
31 3 0
32 8 0
33 8 0
34 11 0
35 12 0
36 13 0
37 14 0
38 17 0
39 18 0
40 19 0
41 20 0
42 7 0
43 23 0
44 23 0
45 23 0
46 24 0
47 25 0
48 26 0
49 26 0
50 27 0
51 28 0
52 30 0
53 30 0
54 30 0
55 31 0
56 31 0
57 31 0
GraphDataEnd
GraphEnd
NodeEnd
NodeStart
EPTNodeID: 12
AnchorID: 560
TreeNodeGraphID: 46
Level: 11
SimplifiedLevel: 0
EditOperation: 5 16 58 0 0
AccumulatedOpsCount: 6
AccumulatedOp: 0 40 0 5 2
AccumulatedOp: 5 23 40 0 0
AccumulatedOp: 0 46 0 5 2
AccumulatedOp: 2 58 0 0 5
AccumulatedOp: 5 26 46 0 0
AccumulatedOp: 5 16 58 0 0
ChildrenCount: 0
ChildIndices:
CompletedDBGraphIDsCount: 1
CompletedDBGraphID: 8928
GraphStart
GraphDataStart
ID: 46
NumNodes: 59
NumEdges: 122
NodeLabels
6 2 2 2 2 5 3 3 4 4 4 4 4 4 4 4 4 4 4 4 4 4 4 4 4 4 4 4 4 4 4 4 5 5 5 5 5 5 5 5 2 5 5 5 5 5 2 5 5 5 5 5 5 5 5 5 5 5 5 
Edges
0 1 0
0 2 0
0 6 0
0 10 0
1 0 0
2 0 0
3 21 0
3 31 0
4 15 0
5 29 0
6 0 0
6 8 0
6 9 0
7 15 0
7 22 0
7 42 0
8 6 0
8 15 0
8 32 0
8 33 0
9 6 0
9 13 0
9 14 0
10 0 0
10 11 0
10 12 0
11 10 0
11 17 0
11 34 0
12 10 0
12 18 0
12 35 0
13 9 0
13 19 0
13 36 0
14 9 0
14 20 0
14 37 0
15 4 0
15 7 0
15 8 0
16 17 0
16 18 0
16 58 0
17 11 0
17 16 0
17 38 0
18 12 0
18 16 0
18 39 0
19 13 0
19 21 0
19 40 0
20 14 0
20 21 0
20 41 0
21 3 0
21 19 0
21 20 0
22 7 0
22 24 0
22 25 0
23 43 0
23 44 0
23 45 0
23 40 0
24 22 0
24 27 0
24 46 0
25 22 0
25 28 0
25 47 0
26 30 0
26 48 0
26 49 0
26 46 0
27 24 0
27 29 0
27 50 0
28 25 0
28 29 0
28 51 0
29 5 0
29 27 0
29 28 0
30 26 0
30 52 0
30 53 0
30 54 0
31 55 0
31 56 0
31 57 0
31 3 0
32 8 0
33 8 0
34 11 0
35 12 0
36 13 0
37 14 0
38 17 0
39 18 0
40 19 0
40 23 0
41 20 0
42 7 0
43 23 0
44 23 0
45 23 0
46 24 0
46 26 0
47 25 0
48 26 0
49 26 0
50 27 0
51 28 0
52 30 0
53 30 0
54 30 0
55 31 0
56 31 0
57 31 0
58 16 0
GraphDataEnd
GraphEnd
NodeEnd
NodeStart
EPTNodeID: 13
AnchorID: 560
TreeNodeGraphID: 52
Level: 11
SimplifiedLevel: 0
EditOperation: 5 23 27 0 0
AccumulatedOpsCount: 6
AccumulatedOp: 0 48 0 5 2
AccumulatedOp: 0 49 0 5 3
AccumulatedOp: 4 27 50 0 0
AccumulatedOp: 5 16 49 0 0
AccumulatedOp: 5 49 50 0 0
AccumulatedOp: 5 23 27 0 0
ChildrenCount: 0
ChildIndices:
CompletedDBGraphIDsCount: 1
CompletedDBGraphID: 6909
GraphStart
GraphDataStart
ID: 52
NumNodes: 58
NumEdges: 120
NodeLabels
6 2 2 2 2 5 3 3 4 4 4 4 4 4 4 4 4 4 4 4 4 4 4 4 4 4 4 4 4 4 4 4 5 5 5 5 5 5 5 5 5 5 5 5 5 5 5 5 2 3 5 5 5 5 5 5 5 5 
Edges
0 1 0
0 2 0
0 6 0
0 10 0
1 0 0
2 0 0
3 21 0
3 31 0
4 15 0
5 29 0
6 0 0
6 8 0
6 9 0
7 15 0
7 22 0
7 42 0
8 6 0
8 15 0
8 32 0
8 33 0
9 6 0
9 13 0
9 14 0
10 0 0
10 11 0
10 12 0
11 10 0
11 17 0
11 34 0
12 10 0
12 18 0
12 35 0
13 9 0
13 19 0
13 36 0
14 9 0
14 20 0
14 37 0
15 4 0
15 7 0
15 8 0
16 17 0
16 18 0
16 49 0
17 11 0
17 16 0
17 38 0
18 12 0
18 16 0
18 39 0
19 13 0
19 21 0
19 40 0
20 14 0
20 21 0
20 41 0
21 3 0
21 19 0
21 20 0
22 7 0
22 24 0
22 25 0
23 43 0
23 44 0
23 45 0
23 27 0
24 22 0
24 27 0
24 46 0
25 22 0
25 28 0
25 47 0
26 30 0
26 48 0
26 49 0
27 24 0
27 29 0
27 23 0
28 25 0
28 29 0
28 51 0
29 5 0
29 27 0
29 28 0
30 26 0
30 52 0
30 53 0
30 54 0
31 55 0
31 56 0
31 57 0
31 3 0
32 8 0
33 8 0
34 11 0
35 12 0
36 13 0
37 14 0
38 17 0
39 18 0
40 19 0
41 20 0
42 7 0
43 23 0
44 23 0
45 23 0
46 24 0
47 25 0
48 26 0
49 26 0
49 16 0
49 50 0
50 49 0
51 28 0
52 30 0
53 30 0
54 30 0
55 31 0
56 31 0
57 31 0
GraphDataEnd
GraphEnd
NodeEnd
NodeStart
EPTNodeID: 14
AnchorID: 560
TreeNodeGraphID: 58
Level: 10
SimplifiedLevel: 0
EditOperation: 5 22 26 0 0
AccumulatedOpsCount: 6
AccumulatedOp: 0 37 0 5 2
AccumulatedOp: 4 7 22 0 0
AccumulatedOp: 5 30 37 0 0
AccumulatedOp: 5 7 26 0 0
AccumulatedOp: 4 26 30 0 0
AccumulatedOp: 5 22 26 0 0
ChildrenCount: 0
ChildIndices:
CompletedDBGraphIDsCount: 1
CompletedDBGraphID: 9614
GraphStart
GraphDataStart
ID: 58
NumNodes: 58
NumEdges: 120
NodeLabels
6 2 2 2 2 5 3 3 4 4 4 4 4 4 4 4 4 4 4 4 4 4 4 4 4 4 4 4 4 4 4 4 5 5 5 5 5 2 5 5 5 5 5 5 5 5 5 5 5 5 5 5 5 5 5 5 5 5 
Edges
0 1 0
0 2 0
0 6 0
0 10 0
1 0 0
2 0 0
3 21 0
3 31 0
4 15 0
5 29 0
6 0 0
6 8 0
6 9 0
7 15 0
7 42 0
7 26 0
8 6 0
8 15 0
8 32 0
8 33 0
9 6 0
9 13 0
9 14 0
10 0 0
10 11 0
10 12 0
11 10 0
11 17 0
11 34 0
12 10 0
12 18 0
12 35 0
13 9 0
13 19 0
13 36 0
14 9 0
14 20 0
14 37 0
15 4 0
15 7 0
15 8 0
16 17 0
16 18 0
16 23 0
17 11 0
17 16 0
17 38 0
18 12 0
18 16 0
18 39 0
19 13 0
19 21 0
19 40 0
20 14 0
20 21 0
20 41 0
21 3 0
21 19 0
21 20 0
22 24 0
22 25 0
22 26 0
23 16 0
23 43 0
23 44 0
23 45 0
24 22 0
24 27 0
24 46 0
25 22 0
25 28 0
25 47 0
26 48 0
26 49 0
26 7 0
26 22 0
27 24 0
27 29 0
27 50 0
28 25 0
28 29 0
28 51 0
29 5 0
29 27 0
29 28 0
30 52 0
30 53 0
30 54 0
30 37 0
31 55 0
31 56 0
31 57 0
31 3 0
32 8 0
33 8 0
34 11 0
35 12 0
36 13 0
37 14 0
37 30 0
38 17 0
39 18 0
40 19 0
41 20 0
42 7 0
43 23 0
44 23 0
45 23 0
46 24 0
47 25 0
48 26 0
49 26 0
50 27 0
51 28 0
52 30 0
53 30 0
54 30 0
55 31 0
56 31 0
57 31 0
GraphDataEnd
GraphEnd
NodeEnd
NodeStart
EPTNodeID: 15
AnchorID: 560
TreeNodeGraphID: 67
Level: 10
SimplifiedLevel: 0
EditOperation: 5 24 26 0 0
AccumulatedOpsCount: 9
AccumulatedOp: 4 5 29 0 0
AccumulatedOp: 5 5 20 0 0
AccumulatedOp: 5 16 46 0 0
AccumulatedOp: 4 16 23 0 0
AccumulatedOp: 5 29 41 0 0
AccumulatedOp: 4 20 41 0 0
AccumulatedOp: 5 3 23 0 0
AccumulatedOp: 4 24 46 0 0
AccumulatedOp: 5 24 26 0 0
ChildrenCount: 0
ChildIndices:
CompletedDBGraphIDsCount: 1
CompletedDBGraphID: 11084
GraphStart
GraphDataStart
ID: 67
NumNodes: 58
NumEdges: 120
NodeLabels
6 2 2 2 2 2 3 3 4 4 4 4 4 4 4 4 4 4 4 4 4 4 4 4 4 4 4 4 4 4 4 4 5 5 5 5 5 5 5 5 5 5 5 5 5 5 5 5 5 5 5 5 5 5 5 5 5 5 
Edges
0 1 0
0 2 0
0 6 0
0 10 0
1 0 0
2 0 0
3 21 0
3 23 0
4 15 0
5 31 0
5 20 0
6 0 0
6 8 0
6 9 0
7 15 0
7 22 0
7 42 0
8 6 0
8 15 0
8 32 0
8 33 0
9 6 0
9 13 0
9 14 0
10 0 0
10 11 0
10 12 0
11 10 0
11 17 0
11 34 0
12 10 0
12 18 0
12 35 0
13 9 0
13 19 0
13 36 0
14 9 0
14 20 0
14 37 0
15 4 0
15 7 0
15 8 0
16 17 0
16 18 0
16 46 0
17 11 0
17 16 0
17 38 0
18 12 0
18 16 0
18 39 0
19 13 0
19 21 0
19 40 0
20 14 0
20 21 0
20 5 0
21 3 0
21 19 0
21 20 0
22 7 0
22 24 0
22 25 0
23 43 0
23 44 0
23 45 0
23 3 0
24 22 0
24 27 0
24 26 0
25 22 0
25 28 0
25 47 0
26 30 0
26 48 0
26 49 0
26 24 0
27 24 0
27 29 0
27 50 0
28 25 0
28 29 0
28 51 0
29 27 0
29 28 0
29 41 0
30 26 0
30 52 0
30 53 0
30 54 0
31 5 0
31 55 0
31 56 0
31 57 0
32 8 0
33 8 0
34 11 0
35 12 0
36 13 0
37 14 0
38 17 0
39 18 0
40 19 0
41 29 0
42 7 0
43 23 0
44 23 0
45 23 0
46 16 0
47 25 0
48 26 0
49 26 0
50 27 0
51 28 0
52 30 0
53 30 0
54 30 0
55 31 0
56 31 0
57 31 0
GraphDataEnd
GraphEnd
NodeEnd
NodeStart
EPTNodeID: 16
AnchorID: 560
TreeNodeGraphID: 68
Level: 1
SimplifiedLevel: 0
EditOperation: 4 16 23 0 0
AccumulatedOpsCount: 1
AccumulatedOp: 4 16 23 0 0
ChildrenCount: 3
ChildIndices: 17 24 25
CompletedDBGraphIDsCount: 0
GraphStart
GraphDataStart
ID: 68
NumNodes: 58
NumEdges: 118
NodeLabels
6 2 2 2 2 2 3 3 4 4 4 4 4 4 4 4 4 4 4 4 4 4 4 4 4 4 4 4 4 4 4 4 5 5 5 5 5 5 5 5 5 5 5 5 5 5 5 5 5 5 5 5 5 5 5 5 5 5 
Edges
0 1 0
0 2 0
0 6 0
0 10 0
1 0 0
2 0 0
3 21 0
3 26 0
4 15 0
5 29 0
5 31 0
6 0 0
6 8 0
6 9 0
7 15 0
7 22 0
7 42 0
8 6 0
8 15 0
8 32 0
8 33 0
9 6 0
9 13 0
9 14 0
10 0 0
10 11 0
10 12 0
11 10 0
11 17 0
11 34 0
12 10 0
12 18 0
12 35 0
13 9 0
13 19 0
13 36 0
14 9 0
14 20 0
14 37 0
15 4 0
15 7 0
15 8 0
16 17 0
16 18 0
17 11 0
17 16 0
17 38 0
18 12 0
18 16 0
18 39 0
19 13 0
19 21 0
19 40 0
20 14 0
20 21 0
20 41 0
21 3 0
21 19 0
21 20 0
22 7 0
22 24 0
22 25 0
23 43 0
23 44 0
23 45 0
24 22 0
24 27 0
24 46 0
25 22 0
25 28 0
25 47 0
26 3 0
26 30 0
26 48 0
26 49 0
27 24 0
27 29 0
27 50 0
28 25 0
28 29 0
28 51 0
29 5 0
29 27 0
29 28 0
30 26 0
30 52 0
30 53 0
30 54 0
31 5 0
31 55 0
31 56 0
31 57 0
32 8 0
33 8 0
34 11 0
35 12 0
36 13 0
37 14 0
38 17 0
39 18 0
40 19 0
41 20 0
42 7 0
43 23 0
44 23 0
45 23 0
46 24 0
47 25 0
48 26 0
49 26 0
50 27 0
51 28 0
52 30 0
53 30 0
54 30 0
55 31 0
56 31 0
57 31 0
GraphDataEnd
GraphEnd
NodeEnd
NodeStart
EPTNodeID: 17
AnchorID: 560
TreeNodeGraphID: 69
Level: 2
SimplifiedLevel: 0
EditOperation: 2 58 0 0 5
AccumulatedOpsCount: 1
AccumulatedOp: 2 58 0 0 5
ChildrenCount: 2
ChildIndices: 18 23
CompletedDBGraphIDsCount: 0
GraphStart
GraphDataStart
ID: 69
NumNodes: 59
NumEdges: 118
NodeLabels
6 2 2 2 2 2 3 3 4 4 4 4 4 4 4 4 4 4 4 4 4 4 4 4 4 4 4 4 4 4 4 4 5 5 5 5 5 5 5 5 5 5 5 5 5 5 5 5 5 5 5 5 5 5 5 5 5 5 5 
Edges
0 1 0
0 2 0
0 6 0
0 10 0
1 0 0
2 0 0
3 21 0
3 26 0
4 15 0
5 29 0
5 31 0
6 0 0
6 8 0
6 9 0
7 15 0
7 22 0
7 42 0
8 6 0
8 15 0
8 32 0
8 33 0
9 6 0
9 13 0
9 14 0
10 0 0
10 11 0
10 12 0
11 10 0
11 17 0
11 34 0
12 10 0
12 18 0
12 35 0
13 9 0
13 19 0
13 36 0
14 9 0
14 20 0
14 37 0
15 4 0
15 7 0
15 8 0
16 17 0
16 18 0
17 11 0
17 16 0
17 38 0
18 12 0
18 16 0
18 39 0
19 13 0
19 21 0
19 40 0
20 14 0
20 21 0
20 41 0
21 3 0
21 19 0
21 20 0
22 7 0
22 24 0
22 25 0
23 43 0
23 44 0
23 45 0
24 22 0
24 27 0
24 46 0
25 22 0
25 28 0
25 47 0
26 3 0
26 30 0
26 48 0
26 49 0
27 24 0
27 29 0
27 50 0
28 25 0
28 29 0
28 51 0
29 5 0
29 27 0
29 28 0
30 26 0
30 52 0
30 53 0
30 54 0
31 5 0
31 55 0
31 56 0
31 57 0
32 8 0
33 8 0
34 11 0
35 12 0
36 13 0
37 14 0
38 17 0
39 18 0
40 19 0
41 20 0
42 7 0
43 23 0
44 23 0
45 23 0
46 24 0
47 25 0
48 26 0
49 26 0
50 27 0
51 28 0
52 30 0
53 30 0
54 30 0
55 31 0
56 31 0
57 31 0
GraphDataEnd
GraphEnd
NodeEnd
NodeStart
EPTNodeID: 18
AnchorID: 560
TreeNodeGraphID: 70
Level: 3
SimplifiedLevel: 0
EditOperation: 4 26 30 0 0
AccumulatedOpsCount: 1
AccumulatedOp: 4 26 30 0 0
ChildrenCount: 2
ChildIndices: 19 22
CompletedDBGraphIDsCount: 0
GraphStart
GraphDataStart
ID: 70
NumNodes: 59
NumEdges: 116
NodeLabels
6 2 2 2 2 2 3 3 4 4 4 4 4 4 4 4 4 4 4 4 4 4 4 4 4 4 4 4 4 4 4 4 5 5 5 5 5 5 5 5 5 5 5 5 5 5 5 5 5 5 5 5 5 5 5 5 5 5 5 
Edges
0 1 0
0 2 0
0 6 0
0 10 0
1 0 0
2 0 0
3 21 0
3 26 0
4 15 0
5 29 0
5 31 0
6 0 0
6 8 0
6 9 0
7 15 0
7 22 0
7 42 0
8 6 0
8 15 0
8 32 0
8 33 0
9 6 0
9 13 0
9 14 0
10 0 0
10 11 0
10 12 0
11 10 0
11 17 0
11 34 0
12 10 0
12 18 0
12 35 0
13 9 0
13 19 0
13 36 0
14 9 0
14 20 0
14 37 0
15 4 0
15 7 0
15 8 0
16 17 0
16 18 0
17 11 0
17 16 0
17 38 0
18 12 0
18 16 0
18 39 0
19 13 0
19 21 0
19 40 0
20 14 0
20 21 0
20 41 0
21 3 0
21 19 0
21 20 0
22 7 0
22 24 0
22 25 0
23 43 0
23 44 0
23 45 0
24 22 0
24 27 0
24 46 0
25 22 0
25 28 0
25 47 0
26 3 0
26 48 0
26 49 0
27 24 0
27 29 0
27 50 0
28 25 0
28 29 0
28 51 0
29 5 0
29 27 0
29 28 0
30 52 0
30 53 0
30 54 0
31 5 0
31 55 0
31 56 0
31 57 0
32 8 0
33 8 0
34 11 0
35 12 0
36 13 0
37 14 0
38 17 0
39 18 0
40 19 0
41 20 0
42 7 0
43 23 0
44 23 0
45 23 0
46 24 0
47 25 0
48 26 0
49 26 0
50 27 0
51 28 0
52 30 0
53 30 0
54 30 0
55 31 0
56 31 0
57 31 0
GraphDataEnd
GraphEnd
NodeEnd
NodeStart
EPTNodeID: 19
AnchorID: 560
TreeNodeGraphID: 72
Level: 5
SimplifiedLevel: 0
EditOperation: 5 30 41 0 0
AccumulatedOpsCount: 2
AccumulatedOp: 0 41 0 5 2
AccumulatedOp: 5 30 41 0 0
ChildrenCount: 2
ChildIndices: 20 21
CompletedDBGraphIDsCount: 0
GraphStart
GraphDataStart
ID: 72
NumNodes: 59
NumEdges: 118
NodeLabels
6 2 2 2 2 2 3 3 4 4 4 4 4 4 4 4 4 4 4 4 4 4 4 4 4 4 4 4 4 4 4 4 5 5 5 5 5 5 5 5 5 2 5 5 5 5 5 5 5 5 5 5 5 5 5 5 5 5 5 
Edges
0 1 0
0 2 0
0 6 0
0 10 0
1 0 0
2 0 0
3 21 0
3 26 0
4 15 0
5 29 0
5 31 0
6 0 0
6 8 0
6 9 0
7 15 0
7 22 0
7 42 0
8 6 0
8 15 0
8 32 0
8 33 0
9 6 0
9 13 0
9 14 0
10 0 0
10 11 0
10 12 0
11 10 0
11 17 0
11 34 0
12 10 0
12 18 0
12 35 0
13 9 0
13 19 0
13 36 0
14 9 0
14 20 0
14 37 0
15 4 0
15 7 0
15 8 0
16 17 0
16 18 0
17 11 0
17 16 0
17 38 0
18 12 0
18 16 0
18 39 0
19 13 0
19 21 0
19 40 0
20 14 0
20 21 0
20 41 0
21 3 0
21 19 0
21 20 0
22 7 0
22 24 0
22 25 0
23 43 0
23 44 0
23 45 0
24 22 0
24 27 0
24 46 0
25 22 0
25 28 0
25 47 0
26 3 0
26 48 0
26 49 0
27 24 0
27 29 0
27 50 0
28 25 0
28 29 0
28 51 0
29 5 0
29 27 0
29 28 0
30 52 0
30 53 0
30 54 0
30 41 0
31 5 0
31 55 0
31 56 0
31 57 0
32 8 0
33 8 0
34 11 0
35 12 0
36 13 0
37 14 0
38 17 0
39 18 0
40 19 0
41 20 0
41 30 0
42 7 0
43 23 0
44 23 0
45 23 0
46 24 0
47 25 0
48 26 0
49 26 0
50 27 0
51 28 0
52 30 0
53 30 0
54 30 0
55 31 0
56 31 0
57 31 0
GraphDataEnd
GraphEnd
NodeEnd
NodeStart
EPTNodeID: 20
AnchorID: 560
TreeNodeGraphID: 78
Level: 11
SimplifiedLevel: 0
EditOperation: 5 16 45 0 0
AccumulatedOpsCount: 6
AccumulatedOp: 5 26 58 0 0
AccumulatedOp: 4 7 22 0 0
AccumulatedOp: 5 7 23 0 0
AccumulatedOp: 4 23 45 0 0
AccumulatedOp: 5 22 23 0 0
AccumulatedOp: 5 16 45 0 0
ChildrenCount: 0
ChildIndices:
CompletedDBGraphIDsCount: 1
CompletedDBGraphID: 20187
GraphStart
GraphDataStart
ID: 78
NumNodes: 59
NumEdges: 122
NodeLabels
6 2 2 2 2 2 3 3 4 4 4 4 4 4 4 4 4 4 4 4 4 4 4 4 4 4 4 4 4 4 4 4 5 5 5 5 5 5 5 5 5 2 5 5 5 5 5 5 5 5 5 5 5 5 5 5 5 5 5 
Edges
0 1 0
0 2 0
0 6 0
0 10 0
1 0 0
2 0 0
3 21 0
3 26 0
4 15 0
5 29 0
5 31 0
6 0 0
6 8 0
6 9 0
7 15 0
7 42 0
7 23 0
8 6 0
8 15 0
8 32 0
8 33 0
9 6 0
9 13 0
9 14 0
10 0 0
10 11 0
10 12 0
11 10 0
11 17 0
11 34 0
12 10 0
12 18 0
12 35 0
13 9 0
13 19 0
13 36 0
14 9 0
14 20 0
14 37 0
15 4 0
15 7 0
15 8 0
16 17 0
16 18 0
16 45 0
17 11 0
17 16 0
17 38 0
18 12 0
18 16 0
18 39 0
19 13 0
19 21 0
19 40 0
20 14 0
20 21 0
20 41 0
21 3 0
21 19 0
21 20 0
22 24 0
22 25 0
22 23 0
23 43 0
23 44 0
23 7 0
23 22 0
24 22 0
24 27 0
24 46 0
25 22 0
25 28 0
25 47 0
26 3 0
26 48 0
26 49 0
26 58 0
27 24 0
27 29 0
27 50 0
28 25 0
28 29 0
28 51 0
29 5 0
29 27 0
29 28 0
30 52 0
30 53 0
30 54 0
30 41 0
31 5 0
31 55 0
31 56 0
31 57 0
32 8 0
33 8 0
34 11 0
35 12 0
36 13 0
37 14 0
38 17 0
39 18 0
40 19 0
41 20 0
41 30 0
42 7 0
43 23 0
44 23 0
45 16 0
46 24 0
47 25 0
48 26 0
49 26 0
50 27 0
51 28 0
52 30 0
53 30 0
54 30 0
55 31 0
56 31 0
57 31 0
58 26 0
GraphDataEnd
GraphEnd
NodeEnd
NodeStart
EPTNodeID: 21
AnchorID: 560
TreeNodeGraphID: 85
Level: 12
SimplifiedLevel: 0
EditOperation: 5 16 59 0 0
AccumulatedOpsCount: 7
AccumulatedOp: 0 5 0 2 4
AccumulatedOp: 2 60 0 0 5
AccumulatedOp: 5 26 60 0 0
AccumulatedOp: 2 59 0 0 5
AccumulatedOp: 5 5 23 0 0
AccumulatedOp: 5 5 58 0 0
AccumulatedOp: 5 16 59 0 0
ChildrenCount: 0
ChildIndices:
CompletedDBGraphIDsCount: 1
CompletedDBGraphID: 14001
GraphStart
GraphDataStart
ID: 85
NumNodes: 61
NumEdges: 126
NodeLabels
6 2 2 2 2 4 3 3 4 4 4 4 4 4 4 4 4 4 4 4 4 4 4 4 4 4 4 4 4 4 4 4 5 5 5 5 5 5 5 5 5 2 5 5 5 5 5 5 5 5 5 5 5 5 5 5 5 5 5 5 5 
Edges
0 1 0
0 2 0
0 6 0
0 10 0
1 0 0
2 0 0
3 21 0
3 26 0
4 15 0
5 29 0
5 31 0
5 23 0
5 58 0
6 0 0
6 8 0
6 9 0
7 15 0
7 22 0
7 42 0
8 6 0
8 15 0
8 32 0
8 33 0
9 6 0
9 13 0
9 14 0
10 0 0
10 11 0
10 12 0
11 10 0
11 17 0
11 34 0
12 10 0
12 18 0
12 35 0
13 9 0
13 19 0
13 36 0
14 9 0
14 20 0
14 37 0
15 4 0
15 7 0
15 8 0
16 17 0
16 18 0
16 59 0
17 11 0
17 16 0
17 38 0
18 12 0
18 16 0
18 39 0
19 13 0
19 21 0
19 40 0
20 14 0
20 21 0
20 41 0
21 3 0
21 19 0
21 20 0
22 7 0
22 24 0
22 25 0
23 43 0
23 44 0
23 45 0
23 5 0
24 22 0
24 27 0
24 46 0
25 22 0
25 28 0
25 47 0
26 3 0
26 48 0
26 49 0
26 60 0
27 24 0
27 29 0
27 50 0
28 25 0
28 29 0
28 51 0
29 5 0
29 27 0
29 28 0
30 52 0
30 53 0
30 54 0
30 41 0
31 5 0
31 55 0
31 56 0
31 57 0
32 8 0
33 8 0
34 11 0
35 12 0
36 13 0
37 14 0
38 17 0
39 18 0
40 19 0
41 20 0
41 30 0
42 7 0
43 23 0
44 23 0
45 23 0
46 24 0
47 25 0
48 26 0
49 26 0
50 27 0
51 28 0
52 30 0
53 30 0
54 30 0
55 31 0
56 31 0
57 31 0
58 5 0
59 16 0
60 26 0
GraphDataEnd
GraphEnd
NodeEnd
NodeStart
EPTNodeID: 22
AnchorID: 560
TreeNodeGraphID: 94
Level: 12
SimplifiedLevel: 0
EditOperation: 5 3 58 0 0
AccumulatedOpsCount: 9
AccumulatedOp: 2 60 0 0 5
AccumulatedOp: 0 3 0 2 4
AccumulatedOp: 5 30 51 0 0
AccumulatedOp: 5 16 60 0 0
AccumulatedOp: 5 3 23 0 0
AccumulatedOp: 0 51 0 5 2
AccumulatedOp: 2 59 0 0 5
AccumulatedOp: 5 26 59 0 0
AccumulatedOp: 5 3 58 0 0
ChildrenCount: 0
ChildIndices:
CompletedDBGraphIDsCount: 1
CompletedDBGraphID: 16571
GraphStart
GraphDataStart
ID: 94
NumNodes: 61
NumEdges: 126
NodeLabels
6 2 2 4 2 2 3 3 4 4 4 4 4 4 4 4 4 4 4 4 4 4 4 4 4 4 4 4 4 4 4 4 5 5 5 5 5 5 5 5 5 5 5 5 5 5 5 5 5 5 5 2 5 5 5 5 5 5 5 5 5 
Edges
0 1 0
0 2 0
0 6 0
0 10 0
1 0 0
2 0 0
3 21 0
3 26 0
3 23 0
3 58 0
4 15 0
5 29 0
5 31 0
6 0 0
6 8 0
6 9 0
7 15 0
7 22 0
7 42 0
8 6 0
8 15 0
8 32 0
8 33 0
9 6 0
9 13 0
9 14 0
10 0 0
10 11 0
10 12 0
11 10 0
11 17 0
11 34 0
12 10 0
12 18 0
12 35 0
13 9 0
13 19 0
13 36 0
14 9 0
14 20 0
14 37 0
15 4 0
15 7 0
15 8 0
16 17 0
16 18 0
16 60 0
17 11 0
17 16 0
17 38 0
18 12 0
18 16 0
18 39 0
19 13 0
19 21 0
19 40 0
20 14 0
20 21 0
20 41 0
21 3 0
21 19 0
21 20 0
22 7 0
22 24 0
22 25 0
23 43 0
23 44 0
23 45 0
23 3 0
24 22 0
24 27 0
24 46 0
25 22 0
25 28 0
25 47 0
26 3 0
26 48 0
26 49 0
26 59 0
27 24 0
27 29 0
27 50 0
28 25 0
28 29 0
28 51 0
29 5 0
29 27 0
29 28 0
30 52 0
30 53 0
30 54 0
30 51 0
31 5 0
31 55 0
31 56 0
31 57 0
32 8 0
33 8 0
34 11 0
35 12 0
36 13 0
37 14 0
38 17 0
39 18 0
40 19 0
41 20 0
42 7 0
43 23 0
44 23 0
45 23 0
46 24 0
47 25 0
48 26 0
49 26 0
50 27 0
51 28 0
51 30 0
52 30 0
53 30 0
54 30 0
55 31 0
56 31 0
57 31 0
58 3 0
59 26 0
60 16 0
GraphDataEnd
GraphEnd
NodeEnd
NodeStart
EPTNodeID: 23
AnchorID: 560
TreeNodeGraphID: 97
Level: 5
SimplifiedLevel: 0
EditOperation: 5 16 58 0 0
AccumulatedOpsCount: 3
AccumulatedOp: 5 23 50 0 0
AccumulatedOp: 0 50 0 5 2
AccumulatedOp: 5 16 58 0 0
ChildrenCount: 0
ChildIndices:
CompletedDBGraphIDsCount: 1
CompletedDBGraphID: 4059
GraphStart
GraphDataStart
ID: 97
NumNodes: 59
NumEdges: 122
NodeLabels
6 2 2 2 2 2 3 3 4 4 4 4 4 4 4 4 4 4 4 4 4 4 4 4 4 4 4 4 4 4 4 4 5 5 5 5 5 5 5 5 5 5 5 5 5 5 5 5 5 5 2 5 5 5 5 5 5 5 5 
Edges
0 1 0
0 2 0
0 6 0
0 10 0
1 0 0
2 0 0
3 21 0
3 26 0
4 15 0
5 29 0
5 31 0
6 0 0
6 8 0
6 9 0
7 15 0
7 22 0
7 42 0
8 6 0
8 15 0
8 32 0
8 33 0
9 6 0
9 13 0
9 14 0
10 0 0
10 11 0
10 12 0
11 10 0
11 17 0
11 34 0
12 10 0
12 18 0
12 35 0
13 9 0
13 19 0
13 36 0
14 9 0
14 20 0
14 37 0
15 4 0
15 7 0
15 8 0
16 17 0
16 18 0
16 58 0
17 11 0
17 16 0
17 38 0
18 12 0
18 16 0
18 39 0
19 13 0
19 21 0
19 40 0
20 14 0
20 21 0
20 41 0
21 3 0
21 19 0
21 20 0
22 7 0
22 24 0
22 25 0
23 43 0
23 44 0
23 45 0
23 50 0
24 22 0
24 27 0
24 46 0
25 22 0
25 28 0
25 47 0
26 3 0
26 30 0
26 48 0
26 49 0
27 24 0
27 29 0
27 50 0
28 25 0
28 29 0
28 51 0
29 5 0
29 27 0
29 28 0
30 26 0
30 52 0
30 53 0
30 54 0
31 5 0
31 55 0
31 56 0
31 57 0
32 8 0
33 8 0
34 11 0
35 12 0
36 13 0
37 14 0
38 17 0
39 18 0
40 19 0
41 20 0
42 7 0
43 23 0
44 23 0
45 23 0
46 24 0
47 25 0
48 26 0
49 26 0
50 27 0
50 23 0
51 28 0
52 30 0
53 30 0
54 30 0
55 31 0
56 31 0
57 31 0
58 16 0
GraphDataEnd
GraphEnd
NodeEnd
NodeStart
EPTNodeID: 24
AnchorID: 560
TreeNodeGraphID: 105
Level: 9
SimplifiedLevel: 0
EditOperation: 5 16 45 0 0
AccumulatedOpsCount: 8
AccumulatedOp: 4 7 22 0 0
AccumulatedOp: 0 45 0 5 7
AccumulatedOp: 5 7 23 0 0
AccumulatedOp: 4 28 51 0 0
AccumulatedOp: 4 23 45 0 0
AccumulatedOp: 5 23 28 0 0
AccumulatedOp: 5 22 51 0 0
AccumulatedOp: 5 16 45 0 0
ChildrenCount: 0
ChildIndices:
CompletedDBGraphIDsCount: 1
CompletedDBGraphID: 9619
GraphStart
GraphDataStart
ID: 105
NumNodes: 58
NumEdges: 120
NodeLabels
6 2 2 2 2 2 3 3 4 4 4 4 4 4 4 4 4 4 4 4 4 4 4 4 4 4 4 4 4 4 4 4 5 5 5 5 5 5 5 5 5 5 5 5 5 7 5 5 5 5 5 5 5 5 5 5 5 5 
Edges
0 1 0
0 2 0
0 6 0
0 10 0
1 0 0
2 0 0
3 21 0
3 26 0
4 15 0
5 29 0
5 31 0
6 0 0
6 8 0
6 9 0
7 15 0
7 42 0
7 23 0
8 6 0
8 15 0
8 32 0
8 33 0
9 6 0
9 13 0
9 14 0
10 0 0
10 11 0
10 12 0
11 10 0
11 17 0
11 34 0
12 10 0
12 18 0
12 35 0
13 9 0
13 19 0
13 36 0
14 9 0
14 20 0
14 37 0
15 4 0
15 7 0
15 8 0
16 17 0
16 18 0
16 45 0
17 11 0
17 16 0
17 38 0
18 12 0
18 16 0
18 39 0
19 13 0
19 21 0
19 40 0
20 14 0
20 21 0
20 41 0
21 3 0
21 19 0
21 20 0
22 24 0
22 25 0
22 51 0
23 43 0
23 44 0
23 7 0
23 28 0
24 22 0
24 27 0
24 46 0
25 22 0
25 28 0
25 47 0
26 3 0
26 30 0
26 48 0
26 49 0
27 24 0
27 29 0
27 50 0
28 25 0
28 29 0
28 23 0
29 5 0
29 27 0
29 28 0
30 26 0
30 52 0
30 53 0
30 54 0
31 5 0
31 55 0
31 56 0
31 57 0
32 8 0
33 8 0
34 11 0
35 12 0
36 13 0
37 14 0
38 17 0
39 18 0
40 19 0
41 20 0
42 7 0
43 23 0
44 23 0
45 16 0
46 24 0
47 25 0
48 26 0
49 26 0
50 27 0
51 22 0
52 30 0
53 30 0
54 30 0
55 31 0
56 31 0
57 31 0
GraphDataEnd
GraphEnd
NodeEnd
NodeStart
EPTNodeID: 25
AnchorID: 560
TreeNodeGraphID: 106
Level: 2
SimplifiedLevel: 0
EditOperation: 4 5 29 0 0
AccumulatedOpsCount: 1
AccumulatedOp: 4 5 29 0 0
ChildrenCount: 2
ChildIndices: 26 27
CompletedDBGraphIDsCount: 0
GraphStart
GraphDataStart
ID: 106
NumNodes: 58
NumEdges: 116
NodeLabels
6 2 2 2 2 2 3 3 4 4 4 4 4 4 4 4 4 4 4 4 4 4 4 4 4 4 4 4 4 4 4 4 5 5 5 5 5 5 5 5 5 5 5 5 5 5 5 5 5 5 5 5 5 5 5 5 5 5 
Edges
0 1 0
0 2 0
0 6 0
0 10 0
1 0 0
2 0 0
3 21 0
3 26 0
4 15 0
5 31 0
6 0 0
6 8 0
6 9 0
7 15 0
7 22 0
7 42 0
8 6 0
8 15 0
8 32 0
8 33 0
9 6 0
9 13 0
9 14 0
10 0 0
10 11 0
10 12 0
11 10 0
11 17 0
11 34 0
12 10 0
12 18 0
12 35 0
13 9 0
13 19 0
13 36 0
14 9 0
14 20 0
14 37 0
15 4 0
15 7 0
15 8 0
16 17 0
16 18 0
17 11 0
17 16 0
17 38 0
18 12 0
18 16 0
18 39 0
19 13 0
19 21 0
19 40 0
20 14 0
20 21 0
20 41 0
21 3 0
21 19 0
21 20 0
22 7 0
22 24 0
22 25 0
23 43 0
23 44 0
23 45 0
24 22 0
24 27 0
24 46 0
25 22 0
25 28 0
25 47 0
26 3 0
26 30 0
26 48 0
26 49 0
27 24 0
27 29 0
27 50 0
28 25 0
28 29 0
28 51 0
29 27 0
29 28 0
30 26 0
30 52 0
30 53 0
30 54 0
31 5 0
31 55 0
31 56 0
31 57 0
32 8 0
33 8 0
34 11 0
35 12 0
36 13 0
37 14 0
38 17 0
39 18 0
40 19 0
41 20 0
42 7 0
43 23 0
44 23 0
45 23 0
46 24 0
47 25 0
48 26 0
49 26 0
50 27 0
51 28 0
52 30 0
53 30 0
54 30 0
55 31 0
56 31 0
57 31 0
GraphDataEnd
GraphEnd
NodeEnd
NodeStart
EPTNodeID: 26
AnchorID: 560
TreeNodeGraphID: 112
Level: 8
SimplifiedLevel: 0
EditOperation: 5 23 31 0 0
AccumulatedOpsCount: 6
AccumulatedOp: 5 16 57 0 0
AccumulatedOp: 4 31 57 0 0
AccumulatedOp: 4 25 47 0 0
AccumulatedOp: 5 5 25 0 0
AccumulatedOp: 5 29 47 0 0
AccumulatedOp: 5 23 31 0 0
ChildrenCount: 0
ChildIndices:
CompletedDBGraphIDsCount: 1
CompletedDBGraphID: 2061
GraphStart
GraphDataStart
ID: 112
NumNodes: 58
NumEdges: 120
NodeLabels
6 2 2 2 2 2 3 3 4 4 4 4 4 4 4 4 4 4 4 4 4 4 4 4 4 4 4 4 4 4 4 4 5 5 5 5 5 5 5 5 5 5 5 5 5 5 5 5 5 5 5 5 5 5 5 5 5 5 
Edges
0 1 0
0 2 0
0 6 0
0 10 0
1 0 0
2 0 0
3 21 0
3 26 0
4 15 0
5 31 0
5 25 0
6 0 0
6 8 0
6 9 0
7 15 0
7 22 0
7 42 0
8 6 0
8 15 0
8 32 0
8 33 0
9 6 0
9 13 0
9 14 0
10 0 0
10 11 0
10 12 0
11 10 0
11 17 0
11 34 0
12 10 0
12 18 0
12 35 0
13 9 0
13 19 0
13 36 0
14 9 0
14 20 0
14 37 0
15 4 0
15 7 0
15 8 0
16 17 0
16 18 0
16 57 0
17 11 0
17 16 0
17 38 0
18 12 0
18 16 0
18 39 0
19 13 0
19 21 0
19 40 0
20 14 0
20 21 0
20 41 0
21 3 0
21 19 0
21 20 0
22 7 0
22 24 0
22 25 0
23 43 0
23 44 0
23 45 0
23 31 0
24 22 0
24 27 0
24 46 0
25 22 0
25 28 0
25 5 0
26 3 0
26 30 0
26 48 0
26 49 0
27 24 0
27 29 0
27 50 0
28 25 0
28 29 0
28 51 0
29 27 0
29 28 0
29 47 0
30 26 0
30 52 0
30 53 0
30 54 0
31 5 0
31 55 0
31 56 0
31 23 0
32 8 0
33 8 0
34 11 0
35 12 0
36 13 0
37 14 0
38 17 0
39 18 0
40 19 0
41 20 0
42 7 0
43 23 0
44 23 0
45 23 0
46 24 0
47 29 0
48 26 0
49 26 0
50 27 0
51 28 0
52 30 0
53 30 0
54 30 0
55 31 0
56 31 0
57 16 0
GraphDataEnd
GraphEnd
NodeEnd
NodeStart
EPTNodeID: 27
AnchorID: 560
TreeNodeGraphID: 121
Level: 11
SimplifiedLevel: 0
EditOperation: 5 29 49 0 0
AccumulatedOpsCount: 9
AccumulatedOp: 4 24 46 0 0
AccumulatedOp: 5 46 48 0 0
AccumulatedOp: 0 48 0 5 3
AccumulatedOp: 5 23 24 0 0
AccumulatedOp: 4 3 21 0 0
AccumulatedOp: 4 26 49 0 0
AccumulatedOp: 5 5 21 0 0
AccumulatedOp: 5 16 48 0 0
AccumulatedOp: 5 29 49 0 0
ChildrenCount: 0
ChildIndices:
CompletedDBGraphIDsCount: 1
CompletedDBGraphID: 20777
GraphStart
GraphDataStart
ID: 121
NumNodes: 58
NumEdges: 120
NodeLabels
6 2 2 2 2 2 3 3 4 4 4 4 4 4 4 4 4 4 4 4 4 4 4 4 4 4 4 4 4 4 4 4 5 5 5 5 5 5 5 5 5 5 5 5 5 5 5 5 3 5 5 5 5 5 5 5 5 5 
Edges
0 1 0
0 2 0
0 6 0
0 10 0
1 0 0
2 0 0
3 26 0
4 15 0
5 31 0
5 21 0
6 0 0
6 8 0
6 9 0
7 15 0
7 22 0
7 42 0
8 6 0
8 15 0
8 32 0
8 33 0
9 6 0
9 13 0
9 14 0
10 0 0
10 11 0
10 12 0
11 10 0
11 17 0
11 34 0
12 10 0
12 18 0
12 35 0
13 9 0
13 19 0
13 36 0
14 9 0
14 20 0
14 37 0
15 4 0
15 7 0
15 8 0
16 17 0
16 18 0
16 48 0
17 11 0
17 16 0
17 38 0
18 12 0
18 16 0
18 39 0
19 13 0
19 21 0
19 40 0
20 14 0
20 21 0
20 41 0
21 19 0
21 20 0
21 5 0
22 7 0
22 24 0
22 25 0
23 43 0
23 44 0
23 45 0
23 24 0
24 22 0
24 27 0
24 23 0
25 22 0
25 28 0
25 47 0
26 3 0
26 30 0
26 48 0
27 24 0
27 29 0
27 50 0
28 25 0
28 29 0
28 51 0
29 27 0
29 28 0
29 49 0
30 26 0
30 52 0
30 53 0
30 54 0
31 5 0
31 55 0
31 56 0
31 57 0
32 8 0
33 8 0
34 11 0
35 12 0
36 13 0
37 14 0
38 17 0
39 18 0
40 19 0
41 20 0
42 7 0
43 23 0
44 23 0
45 23 0
46 48 0
47 25 0
48 26 0
48 46 0
48 16 0
49 29 0
50 27 0
51 28 0
52 30 0
53 30 0
54 30 0
55 31 0
56 31 0
57 31 0
GraphDataEnd
GraphEnd
NodeEnd
NodeStart
EPTNodeID: 28
AnchorID: 560
TreeNodeGraphID: 122
Level: 1
SimplifiedLevel: 0
EditOperation: 4 26 30 0 0
AccumulatedOpsCount: 1
AccumulatedOp: 4 26 30 0 0
ChildrenCount: 2
ChildIndices: 29 32
CompletedDBGraphIDsCount: 0
GraphStart
GraphDataStart
ID: 122
NumNodes: 58
NumEdges: 118
NodeLabels
6 2 2 2 2 2 3 3 4 4 4 4 4 4 4 4 4 4 4 4 4 4 4 4 4 4 4 4 4 4 4 4 5 5 5 5 5 5 5 5 5 5 5 5 5 5 5 5 5 5 5 5 5 5 5 5 5 5 
Edges
0 1 0
0 2 0
0 6 0
0 10 0
1 0 0
2 0 0
3 21 0
3 26 0
4 15 0
5 29 0
5 31 0
6 0 0
6 8 0
6 9 0
7 15 0
7 22 0
7 42 0
8 6 0
8 15 0
8 32 0
8 33 0
9 6 0
9 13 0
9 14 0
10 0 0
10 11 0
10 12 0
11 10 0
11 17 0
11 34 0
12 10 0
12 18 0
12 35 0
13 9 0
13 19 0
13 36 0
14 9 0
14 20 0
14 37 0
15 4 0
15 7 0
15 8 0
16 17 0
16 18 0
16 23 0
17 11 0
17 16 0
17 38 0
18 12 0
18 16 0
18 39 0
19 13 0
19 21 0
19 40 0
20 14 0
20 21 0
20 41 0
21 3 0
21 19 0
21 20 0
22 7 0
22 24 0
22 25 0
23 16 0
23 43 0
23 44 0
23 45 0
24 22 0
24 27 0
24 46 0
25 22 0
25 28 0
25 47 0
26 3 0
26 48 0
26 49 0
27 24 0
27 29 0
27 50 0
28 25 0
28 29 0
28 51 0
29 5 0
29 27 0
29 28 0
30 52 0
30 53 0
30 54 0
31 5 0
31 55 0
31 56 0
31 57 0
32 8 0
33 8 0
34 11 0
35 12 0
36 13 0
37 14 0
38 17 0
39 18 0
40 19 0
41 20 0
42 7 0
43 23 0
44 23 0
45 23 0
46 24 0
47 25 0
48 26 0
49 26 0
50 27 0
51 28 0
52 30 0
53 30 0
54 30 0
55 31 0
56 31 0
57 31 0
GraphDataEnd
GraphEnd
NodeEnd
NodeStart
EPTNodeID: 29
AnchorID: 560
TreeNodeGraphID: 125
Level: 4
SimplifiedLevel: 0
EditOperation: 5 6 19 0 0
AccumulatedOpsCount: 3
AccumulatedOp: 4 6 9 0 0
AccumulatedOp: 4 19 40 0 0
AccumulatedOp: 5 6 19 0 0
ChildrenCount: 2
ChildIndices: 30 31
CompletedDBGraphIDsCount: 0
GraphStart
GraphDataStart
ID: 125
NumNodes: 58
NumEdges: 116
NodeLabels
6 2 2 2 2 2 3 3 4 4 4 4 4 4 4 4 4 4 4 4 4 4 4 4 4 4 4 4 4 4 4 4 5 5 5 5 5 5 5 5 5 5 5 5 5 5 5 5 5 5 5 5 5 5 5 5 5 5 
Edges
0 1 0
0 2 0
0 6 0
0 10 0
1 0 0
2 0 0
3 21 0
3 26 0
4 15 0
5 29 0
5 31 0
6 0 0
6 8 0
6 19 0
7 15 0
7 22 0
7 42 0
8 6 0
8 15 0
8 32 0
8 33 0
9 13 0
9 14 0
10 0 0
10 11 0
10 12 0
11 10 0
11 17 0
11 34 0
12 10 0
12 18 0
12 35 0
13 9 0
13 19 0
13 36 0
14 9 0
14 20 0
14 37 0
15 4 0
15 7 0
15 8 0
16 17 0
16 18 0
16 23 0
17 11 0
17 16 0
17 38 0
18 12 0
18 16 0
18 39 0
19 13 0
19 21 0
19 6 0
20 14 0
20 21 0
20 41 0
21 3 0
21 19 0
21 20 0
22 7 0
22 24 0
22 25 0
23 16 0
23 43 0
23 44 0
23 45 0
24 22 0
24 27 0
24 46 0
25 22 0
25 28 0
25 47 0
26 3 0
26 48 0
26 49 0
27 24 0
27 29 0
27 50 0
28 25 0
28 29 0
28 51 0
29 5 0
29 27 0
29 28 0
30 52 0
30 53 0
30 54 0
31 5 0
31 55 0
31 56 0
31 57 0
32 8 0
33 8 0
34 11 0
35 12 0
36 13 0
37 14 0
38 17 0
39 18 0
41 20 0
42 7 0
43 23 0
44 23 0
45 23 0
46 24 0
47 25 0
48 26 0
49 26 0
50 27 0
51 28 0
52 30 0
53 30 0
54 30 0
55 31 0
56 31 0
57 31 0
GraphDataEnd
GraphEnd
NodeEnd
NodeStart
EPTNodeID: 30
AnchorID: 560
TreeNodeGraphID: 131
Level: 10
SimplifiedLevel: 0
EditOperation: 5 29 40 0 0
AccumulatedOpsCount: 6
AccumulatedOp: 5 28 30 0 0
AccumulatedOp: 5 26 51 0 0
AccumulatedOp: 4 5 29 0 0
AccumulatedOp: 4 28 51 0 0
AccumulatedOp: 5 5 9 0 0
AccumulatedOp: 5 29 40 0 0
ChildrenCount: 0
ChildIndices:
CompletedDBGraphIDsCount: 1
CompletedDBGraphID: 12862
GraphStart
GraphDataStart
ID: 131
NumNodes: 58
NumEdges: 120
NodeLabels
6 2 2 2 2 2 3 3 4 4 4 4 4 4 4 4 4 4 4 4 4 4 4 4 4 4 4 4 4 4 4 4 5 5 5 5 5 5 5 5 5 5 5 5 5 5 5 5 5 5 5 5 5 5 5 5 5 5 
Edges
0 1 0
0 2 0
0 6 0
0 10 0
1 0 0
2 0 0
3 21 0
3 26 0
4 15 0
5 31 0
5 9 0
6 0 0
6 8 0
6 19 0
7 15 0
7 22 0
7 42 0
8 6 0
8 15 0
8 32 0
8 33 0
9 13 0
9 14 0
9 5 0
10 0 0
10 11 0
10 12 0
11 10 0
11 17 0
11 34 0
12 10 0
12 18 0
12 35 0
13 9 0
13 19 0
13 36 0
14 9 0
14 20 0
14 37 0
15 4 0
15 7 0
15 8 0
16 17 0
16 18 0
16 23 0
17 11 0
17 16 0
17 38 0
18 12 0
18 16 0
18 39 0
19 13 0
19 21 0
19 6 0
20 14 0
20 21 0
20 41 0
21 3 0
21 19 0
21 20 0
22 7 0
22 24 0
22 25 0
23 16 0
23 43 0
23 44 0
23 45 0
24 22 0
24 27 0
24 46 0
25 22 0
25 28 0
25 47 0
26 3 0
26 48 0
26 49 0
26 51 0
27 24 0
27 29 0
27 50 0
28 25 0
28 29 0
28 30 0
29 27 0
29 28 0
29 40 0
30 52 0
30 53 0
30 54 0
30 28 0
31 5 0
31 55 0
31 56 0
31 57 0
32 8 0
33 8 0
34 11 0
35 12 0
36 13 0
37 14 0
38 17 0
39 18 0
40 29 0
41 20 0
42 7 0
43 23 0
44 23 0
45 23 0
46 24 0
47 25 0
48 26 0
49 26 0
50 27 0
51 26 0
52 30 0
53 30 0
54 30 0
55 31 0
56 31 0
57 31 0
GraphDataEnd
GraphEnd
NodeEnd
NodeStart
EPTNodeID: 31
AnchorID: 560
TreeNodeGraphID: 133
Level: 6
SimplifiedLevel: 0
EditOperation: 5 9 30 0 0
AccumulatedOpsCount: 2
AccumulatedOp: 5 26 40 0 0
AccumulatedOp: 5 9 30 0 0
ChildrenCount: 0
ChildIndices:
CompletedDBGraphIDsCount: 1
CompletedDBGraphID: 10150
GraphStart
GraphDataStart
ID: 133
NumNodes: 58
NumEdges: 120
NodeLabels
6 2 2 2 2 2 3 3 4 4 4 4 4 4 4 4 4 4 4 4 4 4 4 4 4 4 4 4 4 4 4 4 5 5 5 5 5 5 5 5 5 5 5 5 5 5 5 5 5 5 5 5 5 5 5 5 5 5 
Edges
0 1 0
0 2 0
0 6 0
0 10 0
1 0 0
2 0 0
3 21 0
3 26 0
4 15 0
5 29 0
5 31 0
6 0 0
6 8 0
6 19 0
7 15 0
7 22 0
7 42 0
8 6 0
8 15 0
8 32 0
8 33 0
9 13 0
9 14 0
9 30 0
10 0 0
10 11 0
10 12 0
11 10 0
11 17 0
11 34 0
12 10 0
12 18 0
12 35 0
13 9 0
13 19 0
13 36 0
14 9 0
14 20 0
14 37 0
15 4 0
15 7 0
15 8 0
16 17 0
16 18 0
16 23 0
17 11 0
17 16 0
17 38 0
18 12 0
18 16 0
18 39 0
19 13 0
19 21 0
19 6 0
20 14 0
20 21 0
20 41 0
21 3 0
21 19 0
21 20 0
22 7 0
22 24 0
22 25 0
23 16 0
23 43 0
23 44 0
23 45 0
24 22 0
24 27 0
24 46 0
25 22 0
25 28 0
25 47 0
26 3 0
26 48 0
26 49 0
26 40 0
27 24 0
27 29 0
27 50 0
28 25 0
28 29 0
28 51 0
29 5 0
29 27 0
29 28 0
30 52 0
30 53 0
30 54 0
30 9 0
31 5 0
31 55 0
31 56 0
31 57 0
32 8 0
33 8 0
34 11 0
35 12 0
36 13 0
37 14 0
38 17 0
39 18 0
40 26 0
41 20 0
42 7 0
43 23 0
44 23 0
45 23 0
46 24 0
47 25 0
48 26 0
49 26 0
50 27 0
51 28 0
52 30 0
53 30 0
54 30 0
55 31 0
56 31 0
57 31 0
GraphDataEnd
GraphEnd
NodeEnd
NodeStart
EPTNodeID: 32
AnchorID: 560
TreeNodeGraphID: 143
Level: 11
SimplifiedLevel: 0
EditOperation: 5 26 46 0 0
AccumulatedOpsCount: 10
AccumulatedOp: 5 3 22 0 0
AccumulatedOp: 5 13 30 0 0
AccumulatedOp: 0 41 0 5 7
AccumulatedOp: 4 24 46 0 0
AccumulatedOp: 4 3 21 0 0
AccumulatedOp: 5 7 24 0 0
AccumulatedOp: 4 7 22 0 0
AccumulatedOp: 4 13 36 0 0
AccumulatedOp: 5 21 36 0 0
AccumulatedOp: 5 26 46 0 0
ChildrenCount: 0
ChildIndices:
CompletedDBGraphIDsCount: 1
CompletedDBGraphID: 9942
GraphStart
GraphDataStart
ID: 143
NumNodes: 58
NumEdges: 120
NodeLabels
6 2 2 2 2 2 3 3 4 4 4 4 4 4 4 4 4 4 4 4 4 4 4 4 4 4 4 4 4 4 4 4 5 5 5 5 5 5 5 5 5 7 5 5 5 5 5 5 5 5 5 5 5 5 5 5 5 5 
Edges
0 1 0
0 2 0
0 6 0
0 10 0
1 0 0
2 0 0
3 26 0
3 22 0
4 15 0
5 29 0
5 31 0
6 0 0
6 8 0
6 9 0
7 15 0
7 42 0
7 24 0
8 6 0
8 15 0
8 32 0
8 33 0
9 6 0
9 13 0
9 14 0
10 0 0
10 11 0
10 12 0
11 10 0
11 17 0
11 34 0
12 10 0
12 18 0
12 35 0
13 9 0
13 19 0
13 30 0
14 9 0
14 20 0
14 37 0
15 4 0
15 7 0
15 8 0
16 17 0
16 18 0
16 23 0
17 11 0
17 16 0
17 38 0
18 12 0
18 16 0
18 39 0
19 13 0
19 21 0
19 40 0
20 14 0
20 21 0
20 41 0
21 19 0
21 20 0
21 36 0
22 24 0
22 25 0
22 3 0
23 16 0
23 43 0
23 44 0
23 45 0
24 22 0
24 27 0
24 7 0
25 22 0
25 28 0
25 47 0
26 3 0
26 48 0
26 49 0
26 46 0
27 24 0
27 29 0
27 50 0
28 25 0
28 29 0
28 51 0
29 5 0
29 27 0
29 28 0
30 52 0
30 53 0
30 54 0
30 13 0
31 5 0
31 55 0
31 56 0
31 57 0
32 8 0
33 8 0
34 11 0
35 12 0
36 21 0
37 14 0
38 17 0
39 18 0
40 19 0
41 20 0
42 7 0
43 23 0
44 23 0
45 23 0
46 26 0
47 25 0
48 26 0
49 26 0
50 27 0
51 28 0
52 30 0
53 30 0
54 30 0
55 31 0
56 31 0
57 31 0
GraphDataEnd
GraphEnd
NodeEnd
NodeStart
EPTNodeID: 33
AnchorID: 560
TreeNodeGraphID: 145
Level: 2
SimplifiedLevel: 0
EditOperation: 0 5 0 2 5
AccumulatedOpsCount: 2
AccumulatedOp: 4 5 31 0 0
AccumulatedOp: 0 5 0 2 5
ChildrenCount: 2
ChildIndices: 34 35
CompletedDBGraphIDsCount: 0
GraphStart
GraphDataStart
ID: 145
NumNodes: 58
NumEdges: 118
NodeLabels
6 2 2 2 2 5 3 3 4 4 4 4 4 4 4 4 4 4 4 4 4 4 4 4 4 4 4 4 4 4 4 4 5 5 5 5 5 5 5 5 5 5 5 5 5 5 5 5 5 5 5 5 5 5 5 5 5 5 
Edges
0 1 0
0 2 0
0 6 0
0 10 0
1 0 0
2 0 0
3 21 0
3 26 0
4 15 0
5 29 0
6 0 0
6 8 0
6 9 0
7 15 0
7 22 0
7 42 0
8 6 0
8 15 0
8 32 0
8 33 0
9 6 0
9 13 0
9 14 0
10 0 0
10 11 0
10 12 0
11 10 0
11 17 0
11 34 0
12 10 0
12 18 0
12 35 0
13 9 0
13 19 0
13 36 0
14 9 0
14 20 0
14 37 0
15 4 0
15 7 0
15 8 0
16 17 0
16 18 0
16 23 0
17 11 0
17 16 0
17 38 0
18 12 0
18 16 0
18 39 0
19 13 0
19 21 0
19 40 0
20 14 0
20 21 0
20 41 0
21 3 0
21 19 0
21 20 0
22 7 0
22 24 0
22 25 0
23 16 0
23 43 0
23 44 0
23 45 0
24 22 0
24 27 0
24 46 0
25 22 0
25 28 0
25 47 0
26 3 0
26 30 0
26 48 0
26 49 0
27 24 0
27 29 0
27 50 0
28 25 0
28 29 0
28 51 0
29 5 0
29 27 0
29 28 0
30 26 0
30 52 0
30 53 0
30 54 0
31 55 0
31 56 0
31 57 0
32 8 0
33 8 0
34 11 0
35 12 0
36 13 0
37 14 0
38 17 0
39 18 0
40 19 0
41 20 0
42 7 0
43 23 0
44 23 0
45 23 0
46 24 0
47 25 0
48 26 0
49 26 0
50 27 0
51 28 0
52 30 0
53 30 0
54 30 0
55 31 0
56 31 0
57 31 0
GraphDataEnd
GraphEnd
NodeEnd
NodeStart
EPTNodeID: 34
AnchorID: 560
TreeNodeGraphID: 147
Level: 4
SimplifiedLevel: 0
EditOperation: 5 31 50 0 0
AccumulatedOpsCount: 2
AccumulatedOp: 0 50 0 5 2
AccumulatedOp: 5 31 50 0 0
ChildrenCount: 0
ChildIndices:
CompletedDBGraphIDsCount: 1
CompletedDBGraphID: 3451
GraphStart
GraphDataStart
ID: 147
NumNodes: 58
NumEdges: 120
NodeLabels
6 2 2 2 2 5 3 3 4 4 4 4 4 4 4 4 4 4 4 4 4 4 4 4 4 4 4 4 4 4 4 4 5 5 5 5 5 5 5 5 5 5 5 5 5 5 5 5 5 5 2 5 5 5 5 5 5 5 
Edges
0 1 0
0 2 0
0 6 0
0 10 0
1 0 0
2 0 0
3 21 0
3 26 0
4 15 0
5 29 0
6 0 0
6 8 0
6 9 0
7 15 0
7 22 0
7 42 0
8 6 0
8 15 0
8 32 0
8 33 0
9 6 0
9 13 0
9 14 0
10 0 0
10 11 0
10 12 0
11 10 0
11 17 0
11 34 0
12 10 0
12 18 0
12 35 0
13 9 0
13 19 0
13 36 0
14 9 0
14 20 0
14 37 0
15 4 0
15 7 0
15 8 0
16 17 0
16 18 0
16 23 0
17 11 0
17 16 0
17 38 0
18 12 0
18 16 0
18 39 0
19 13 0
19 21 0
19 40 0
20 14 0
20 21 0
20 41 0
21 3 0
21 19 0
21 20 0
22 7 0
22 24 0
22 25 0
23 16 0
23 43 0
23 44 0
23 45 0
24 22 0
24 27 0
24 46 0
25 22 0
25 28 0
25 47 0
26 3 0
26 30 0
26 48 0
26 49 0
27 24 0
27 29 0
27 50 0
28 25 0
28 29 0
28 51 0
29 5 0
29 27 0
29 28 0
30 26 0
30 52 0
30 53 0
30 54 0
31 55 0
31 56 0
31 57 0
31 50 0
32 8 0
33 8 0
34 11 0
35 12 0
36 13 0
37 14 0
38 17 0
39 18 0
40 19 0
41 20 0
42 7 0
43 23 0
44 23 0
45 23 0
46 24 0
47 25 0
48 26 0
49 26 0
50 27 0
50 31 0
51 28 0
52 30 0
53 30 0
54 30 0
55 31 0
56 31 0
57 31 0
GraphDataEnd
GraphEnd
NodeEnd
NodeStart
EPTNodeID: 35
AnchorID: 560
TreeNodeGraphID: 150
Level: 5
SimplifiedLevel: 0
EditOperation: 5 25 31 0 0
AccumulatedOpsCount: 3
AccumulatedOp: 4 25 47 0 0
AccumulatedOp: 1 47 0 5 0
AccumulatedOp: 5 25 31 0 0
ChildrenCount: 0
ChildIndices:
CompletedDBGraphIDsCount: 1
CompletedDBGraphID: 1002
GraphStart
GraphDataStart
ID: 150
NumNodes: 57
NumEdges: 118
NodeLabels
6 2 2 2 2 5 3 3 4 4 4 4 4 4 4 4 4 4 4 4 4 4 4 4 4 4 4 4 4 4 4 4 5 5 5 5 5 5 5 5 5 5 5 5 5 5 5 5 5 5 5 5 5 5 5 5 5 
Edges
0 1 0
0 2 0
0 6 0
0 10 0
1 0 0
2 0 0
3 21 0
3 26 0
4 15 0
5 29 0
6 0 0
6 8 0
6 9 0
7 15 0
7 22 0
7 42 0
8 6 0
8 15 0
8 32 0
8 33 0
9 6 0
9 13 0
9 14 0
10 0 0
10 11 0
10 12 0
11 10 0
11 17 0
11 34 0
12 10 0
12 18 0
12 35 0
13 9 0
13 19 0
13 36 0
14 9 0
14 20 0
14 37 0
15 4 0
15 7 0
15 8 0
16 17 0
16 18 0
16 23 0
17 11 0
17 16 0
17 38 0
18 12 0
18 16 0
18 39 0
19 13 0
19 21 0
19 40 0
20 14 0
20 21 0
20 41 0
21 3 0
21 19 0
21 20 0
22 7 0
22 24 0
22 25 0
23 16 0
23 43 0
23 44 0
23 45 0
24 22 0
24 27 0
24 46 0
25 22 0
25 28 0
25 31 0
26 3 0
26 30 0
26 47 0
26 48 0
27 24 0
27 29 0
27 49 0
28 25 0
28 29 0
28 50 0
29 5 0
29 27 0
29 28 0
30 26 0
30 51 0
30 52 0
30 53 0
31 54 0
31 55 0
31 56 0
31 25 0
32 8 0
33 8 0
34 11 0
35 12 0
36 13 0
37 14 0
38 17 0
39 18 0
40 19 0
41 20 0
42 7 0
43 23 0
44 23 0
45 23 0
46 24 0
47 26 0
48 26 0
49 27 0
50 28 0
51 30 0
52 30 0
53 30 0
54 31 0
55 31 0
56 31 0
GraphDataEnd
GraphEnd
NodeEnd
NodeStart
EPTNodeID: 36
AnchorID: 560
TreeNodeGraphID: 158
Level: 8
SimplifiedLevel: 0
EditOperation: 5 29 48 0 0
AccumulatedOpsCount: 8
AccumulatedOp: 4 5 29 0 0
AccumulatedOp: 0 41 0 5 7
AccumulatedOp: 0 48 0 5 3
AccumulatedOp: 4 3 21 0 0
AccumulatedOp: 5 48 49 0 0
AccumulatedOp: 4 26 49 0 0
AccumulatedOp: 5 5 21 0 0
AccumulatedOp: 5 29 48 0 0
ChildrenCount: 0
ChildIndices:
CompletedDBGraphIDsCount: 1
CompletedDBGraphID: 15474
GraphStart
GraphDataStart
ID: 158
NumNodes: 58
NumEdges: 120
NodeLabels
6 2 2 2 2 2 3 3 4 4 4 4 4 4 4 4 4 4 4 4 4 4 4 4 4 4 4 4 4 4 4 4 5 5 5 5 5 5 5 5 5 7 5 5 5 5 5 5 3 5 5 5 5 5 5 5 5 5 
Edges
0 1 0
0 2 0
0 6 0
0 10 0
1 0 0
2 0 0
3 26 0
4 15 0
5 31 0
5 21 0
6 0 0
6 8 0
6 9 0
7 15 0
7 22 0
7 42 0
8 6 0
8 15 0
8 32 0
8 33 0
9 6 0
9 13 0
9 14 0
10 0 0
10 11 0
10 12 0
11 10 0
11 17 0
11 34 0
12 10 0
12 18 0
12 35 0
13 9 0
13 19 0
13 36 0
14 9 0
14 20 0
14 37 0
15 4 0
15 7 0
15 8 0
16 17 0
16 18 0
16 23 0
17 11 0
17 16 0
17 38 0
18 12 0
18 16 0
18 39 0
19 13 0
19 21 0
19 40 0
20 14 0
20 21 0
20 41 0
21 19 0
21 20 0
21 5 0
22 7 0
22 24 0
22 25 0
23 16 0
23 43 0
23 44 0
23 45 0
24 22 0
24 27 0
24 46 0
25 22 0
25 28 0
25 47 0
26 3 0
26 30 0
26 48 0
27 24 0
27 29 0
27 50 0
28 25 0
28 29 0
28 51 0
29 27 0
29 28 0
29 48 0
30 26 0
30 52 0
30 53 0
30 54 0
31 5 0
31 55 0
31 56 0
31 57 0
32 8 0
33 8 0
34 11 0
35 12 0
36 13 0
37 14 0
38 17 0
39 18 0
40 19 0
41 20 0
42 7 0
43 23 0
44 23 0
45 23 0
46 24 0
47 25 0
48 26 0
48 49 0
48 29 0
49 48 0
50 27 0
51 28 0
52 30 0
53 30 0
54 30 0
55 31 0
56 31 0
57 31 0
GraphDataEnd
GraphEnd
NodeEnd
NodeStart
EPTNodeID: 37
AnchorID: 560
TreeNodeGraphID: 170
Level: 12
SimplifiedLevel: 0
EditOperation: 5 58 59 0 0
AccumulatedOpsCount: 12
AccumulatedOp: 4 7 22 0 0
AccumulatedOp: 2 58 0 0 4
AccumulatedOp: 5 22 58 0 0
AccumulatedOp: 4 20 41 0 0
AccumulatedOp: 2 59 0 0 5
AccumulatedOp: 5 41 58 0 0
AccumulatedOp: 2 60 0 0 5
AccumulatedOp: 4 6 9 0 0
AccumulatedOp: 5 6 20 0 0
AccumulatedOp: 5 9 60 0 0
AccumulatedOp: 5 7 58 0 0
AccumulatedOp: 5 58 59 0 0
ChildrenCount: 0
ChildIndices:
CompletedDBGraphIDsCount: 1
CompletedDBGraphID: 10269
GraphStart
GraphDataStart
ID: 170
NumNodes: 61
NumEdges: 126
NodeLabels
6 2 2 2 2 2 3 3 4 4 4 4 4 4 4 4 4 4 4 4 4 4 4 4 4 4 4 4 4 4 4 4 5 5 5 5 5 5 5 5 5 5 5 5 5 5 5 5 5 5 5 5 5 5 5 5 5 5 4 5 5 
Edges
0 1 0
0 2 0
0 6 0
0 10 0
1 0 0
2 0 0
3 21 0
3 26 0
4 15 0
5 29 0
5 31 0
6 0 0
6 8 0
6 20 0
7 15 0
7 42 0
7 58 0
8 6 0
8 15 0
8 32 0
8 33 0
9 13 0
9 14 0
9 60 0
10 0 0
10 11 0
10 12 0
11 10 0
11 17 0
11 34 0
12 10 0
12 18 0
12 35 0
13 9 0
13 19 0
13 36 0
14 9 0
14 20 0
14 37 0
15 4 0
15 7 0
15 8 0
16 17 0
16 18 0
16 23 0
17 11 0
17 16 0
17 38 0
18 12 0
18 16 0
18 39 0
19 13 0
19 21 0
19 40 0
20 14 0
20 21 0
20 6 0
21 3 0
21 19 0
21 20 0
22 24 0
22 25 0
22 58 0
23 16 0
23 43 0
23 44 0
23 45 0
24 22 0
24 27 0
24 46 0
25 22 0
25 28 0
25 47 0
26 3 0
26 30 0
26 48 0
26 49 0
27 24 0
27 29 0
27 50 0
28 25 0
28 29 0
28 51 0
29 5 0
29 27 0
29 28 0
30 26 0
30 52 0
30 53 0
30 54 0
31 5 0
31 55 0
31 56 0
31 57 0
32 8 0
33 8 0
34 11 0
35 12 0
36 13 0
37 14 0
38 17 0
39 18 0
40 19 0
41 58 0
42 7 0
43 23 0
44 23 0
45 23 0
46 24 0
47 25 0
48 26 0
49 26 0
50 27 0
51 28 0
52 30 0
53 30 0
54 30 0
55 31 0
56 31 0
57 31 0
58 22 0
58 41 0
58 7 0
58 59 0
59 58 0
60 9 0
GraphDataEnd
GraphEnd
NodeEnd
NodeStart
EPTNodeID: 38
AnchorID: 560
TreeNodeGraphID: 179
Level: 9
SimplifiedLevel: 0
EditOperation: 5 58 61 0 0
AccumulatedOpsCount: 9
AccumulatedOp: 2 59 0 0 5
AccumulatedOp: 0 47 0 5 2
AccumulatedOp: 2 58 0 0 4
AccumulatedOp: 2 60 0 0 5
AccumulatedOp: 2 61 0 0 5
AccumulatedOp: 5 47 58 0 0
AccumulatedOp: 5 58 59 0 0
AccumulatedOp: 5 58 60 0 0
AccumulatedOp: 5 58 61 0 0
ChildrenCount: 0
ChildIndices:
CompletedDBGraphIDsCount: 1
CompletedDBGraphID: 19932
GraphStart
GraphDataStart
ID: 179
NumNodes: 62
NumEdges: 128
NodeLabels
6 2 2 2 2 2 3 3 4 4 4 4 4 4 4 4 4 4 4 4 4 4 4 4 4 4 4 4 4 4 4 4 5 5 5 5 5 5 5 5 5 5 5 5 5 5 5 2 5 5 5 5 5 5 5 5 5 5 4 5 5 5 
Edges
0 1 0
0 2 0
0 6 0
0 10 0
1 0 0
2 0 0
3 21 0
3 26 0
4 15 0
5 29 0
5 31 0
6 0 0
6 8 0
6 9 0
7 15 0
7 22 0
7 42 0
8 6 0
8 15 0
8 32 0
8 33 0
9 6 0
9 13 0
9 14 0
10 0 0
10 11 0
10 12 0
11 10 0
11 17 0
11 34 0
12 10 0
12 18 0
12 35 0
13 9 0
13 19 0
13 36 0
14 9 0
14 20 0
14 37 0
15 4 0
15 7 0
15 8 0
16 17 0
16 18 0
16 23 0
17 11 0
17 16 0
17 38 0
18 12 0
18 16 0
18 39 0
19 13 0
19 21 0
19 40 0
20 14 0
20 21 0
20 41 0
21 3 0
21 19 0
21 20 0
22 7 0
22 24 0
22 25 0
23 16 0
23 43 0
23 44 0
23 45 0
24 22 0
24 27 0
24 46 0
25 22 0
25 28 0
25 47 0
26 3 0
26 30 0
26 48 0
26 49 0
27 24 0
27 29 0
27 50 0
28 25 0
28 29 0
28 51 0
29 5 0
29 27 0
29 28 0
30 26 0
30 52 0
30 53 0
30 54 0
31 5 0
31 55 0
31 56 0
31 57 0
32 8 0
33 8 0
34 11 0
35 12 0
36 13 0
37 14 0
38 17 0
39 18 0
40 19 0
41 20 0
42 7 0
43 23 0
44 23 0
45 23 0
46 24 0
47 25 0
47 58 0
48 26 0
49 26 0
50 27 0
51 28 0
52 30 0
53 30 0
54 30 0
55 31 0
56 31 0
57 31 0
58 47 0
58 59 0
58 60 0
58 61 0
59 58 0
60 58 0
61 58 0
GraphDataEnd
GraphEnd
NodeEnd
END_EPT
