BEGIN_EPT
AnchorID: 3400  # ID of the anchor node
RootIndex: 0  # Index of the root node in tree_nodes
NodeCount: 4  # Total number of nodes in the EPT
NodeStart
EPTNodeID: 0
AnchorID: 3400
TreeNodeGraphID: 0
Level: 0
SimplifiedLevel: 0
EditOperation: -1 0 -1 0 0
AccumulatedOpsCount: 0
ChildrenCount: 3
ChildIndices: 1 2 3
CompletedDBGraphIDsCount: 0
GraphStart
GraphDataStart
ID: 0
NumNodes: 70
NumEdges: 146
NodeLabels
6 2 2 2 2 2 2 2 2 3 3 4 4 4 4 4 4 4 4 4 4 4 4 4 4 4 4 4 4 4 4 4 4 4 4 4 4 4 4 4 5 5 5 5 5 5 5 5 5 5 5 5 5 5 5 5 5 5 5 5 5 5 5 5 5 5 5 5 5 5 
Edges
0 14 0
0 17 0
1 20 0
1 27 0
2 16 0
3 22 0
3 33 0
4 20 0
5 25 0
5 35 0
6 32 0
6 37 0
7 30 0
7 38 0
8 35 0
9 11 0
9 14 0
9 16 0
10 14 0
10 15 0
11 9 0
11 12 0
11 13 0
11 40 0
12 11 0
12 15 0
12 20 0
13 11 0
13 18 0
13 19 0
14 0 0
14 9 0
14 10 0
15 10 0
15 12 0
15 21 0
16 2 0
16 9 0
16 17 0
17 0 0
17 16 0
17 24 0
18 13 0
18 22 0
18 41 0
19 13 0
19 23 0
19 42 0
20 1 0
20 4 0
20 12 0
21 15 0
21 43 0
21 44 0
21 45 0
22 3 0
22 18 0
22 25 0
23 19 0
23 25 0
23 46 0
24 17 0
24 26 0
24 47 0
25 5 0
25 22 0
25 23 0
26 24 0
26 28 0
26 29 0
27 1 0
27 34 0
27 48 0
27 49 0
28 26 0
28 30 0
28 50 0
29 26 0
29 31 0
29 51 0
30 7 0
30 28 0
30 32 0
31 29 0
31 32 0
31 52 0
32 6 0
32 30 0
32 31 0
33 3 0
33 53 0
33 54 0
33 55 0
34 27 0
34 56 0
34 57 0
34 58 0
35 5 0
35 8 0
35 36 0
36 35 0
36 59 0
36 60 0
36 61 0
37 6 0
37 39 0
37 62 0
37 63 0
38 7 0
38 64 0
38 65 0
38 66 0
39 37 0
39 67 0
39 68 0
39 69 0
40 11 0
41 18 0
42 19 0
43 21 0
44 21 0
45 21 0
46 23 0
47 24 0
48 27 0
49 27 0
50 28 0
51 29 0
52 31 0
53 33 0
54 33 0
55 33 0
56 34 0
57 34 0
58 34 0
59 36 0
60 36 0
61 36 0
62 37 0
63 37 0
64 38 0
65 38 0
66 38 0
67 39 0
68 39 0
69 39 0
GraphDataEnd
GraphEnd
NodeEnd
NodeStart
EPTNodeID: 1
AnchorID: 3400
TreeNodeGraphID: 8
Level: 8
SimplifiedLevel: 0
EditOperation: 1 8 0 2 0
AccumulatedOpsCount: 8
AccumulatedOp: 4 5 25 0 0
AccumulatedOp: 4 35 36 0 0
AccumulatedOp: 5 25 36 0 0
AccumulatedOp: 4 5 35 0 0
AccumulatedOp: 1 5 0 2 0
AccumulatedOp: 4 8 35 0 0
AccumulatedOp: 1 35 0 4 0
AccumulatedOp: 1 8 0 2 0
ChildrenCount: 0
ChildIndices:
CompletedDBGraphIDsCount: 3
CompletedDBGraphID: 9014
CompletedDBGraphID: 20211
CompletedDBGraphID: 19103
GraphStart
GraphDataStart
ID: 8
NumNodes: 67
NumEdges: 140
NodeLabels
6 2 2 2 2 2 2 3 3 4 4 4 4 4 4 4 4 4 4 4 4 4 4 4 4 4 4 4 4 4 4 4 4 4 4 4 4 5 5 5 5 5 5 5 5 5 5 5 5 5 5 5 5 5 5 5 5 5 5 5 5 5 5 5 5 5 5 
Edges
0 12 0
0 15 0
1 18 0
1 25 0
2 14 0
3 20 0
3 31 0
4 18 0
5 30 0
5 34 0
6 28 0
6 35 0
7 9 0
7 12 0
7 14 0
8 12 0
8 13 0
9 7 0
9 10 0
9 11 0
9 37 0
10 9 0
10 13 0
10 18 0
11 9 0
11 16 0
11 17 0
12 0 0
12 7 0
12 8 0
13 8 0
13 10 0
13 19 0
14 2 0
14 7 0
14 15 0
15 0 0
15 14 0
15 22 0
16 11 0
16 20 0
16 38 0
17 11 0
17 21 0
17 39 0
18 1 0
18 4 0
18 10 0
19 13 0
19 40 0
19 41 0
19 42 0
20 3 0
20 16 0
20 23 0
21 17 0
21 23 0
21 43 0
22 15 0
22 24 0
22 44 0
23 20 0
23 21 0
23 33 0
24 22 0
24 26 0
24 27 0
25 1 0
25 32 0
25 45 0
25 46 0
26 24 0
26 28 0
26 47 0
27 24 0
27 29 0
27 48 0
28 6 0
28 26 0
28 30 0
29 27 0
29 30 0
29 49 0
30 5 0
30 28 0
30 29 0
31 3 0
31 50 0
31 51 0
31 52 0
32 25 0
32 53 0
32 54 0
32 55 0
33 56 0
33 57 0
33 58 0
33 23 0
34 5 0
34 36 0
34 59 0
34 60 0
35 6 0
35 61 0
35 62 0
35 63 0
36 34 0
36 64 0
36 65 0
36 66 0
37 9 0
38 16 0
39 17 0
40 19 0
41 19 0
42 19 0
43 21 0
44 22 0
45 25 0
46 25 0
47 26 0
48 27 0
49 29 0
50 31 0
51 31 0
52 31 0
53 32 0
54 32 0
55 32 0
56 33 0
57 33 0
58 33 0
59 34 0
60 34 0
61 35 0
62 35 0
63 35 0
64 36 0
65 36 0
66 36 0
GraphDataEnd
GraphEnd
NodeEnd
NodeStart
EPTNodeID: 2
AnchorID: 3400
TreeNodeGraphID: 15
Level: 7
SimplifiedLevel: 0
EditOperation: 1 58 0 5 0
AccumulatedOpsCount: 7
AccumulatedOp: 0 34 0 4 5
AccumulatedOp: 4 34 56 0 0
AccumulatedOp: 1 56 0 5 0
AccumulatedOp: 4 34 57 0 0
AccumulatedOp: 1 57 0 5 0
AccumulatedOp: 4 34 58 0 0
AccumulatedOp: 1 58 0 5 0
ChildrenCount: 0
ChildIndices:
CompletedDBGraphIDsCount: 2
CompletedDBGraphID: 12012
CompletedDBGraphID: 11731
GraphStart
GraphDataStart
ID: 15
NumNodes: 67
NumEdges: 140
NodeLabels
6 2 2 2 2 2 2 2 2 3 3 4 4 4 4 4 4 4 4 4 4 4 4 4 4 4 4 4 4 4 4 4 4 4 5 4 4 4 4 4 5 5 5 5 5 5 5 5 5 5 5 5 5 5 5 5 5 5 5 5 5 5 5 5 5 5 5 
Edges
0 14 0
0 17 0
1 20 0
1 27 0
2 16 0
3 22 0
3 33 0
4 20 0
5 25 0
5 35 0
6 32 0
6 37 0
7 30 0
7 38 0
8 35 0
9 11 0
9 14 0
9 16 0
10 14 0
10 15 0
11 9 0
11 12 0
11 13 0
11 40 0
12 11 0
12 15 0
12 20 0
13 11 0
13 18 0
13 19 0
14 0 0
14 9 0
14 10 0
15 10 0
15 12 0
15 21 0
16 2 0
16 9 0
16 17 0
17 0 0
17 16 0
17 24 0
18 13 0
18 22 0
18 41 0
19 13 0
19 23 0
19 42 0
20 1 0
20 4 0
20 12 0
21 15 0
21 43 0
21 44 0
21 45 0
22 3 0
22 18 0
22 25 0
23 19 0
23 25 0
23 46 0
24 17 0
24 26 0
24 47 0
25 5 0
25 22 0
25 23 0
26 24 0
26 28 0
26 29 0
27 1 0
27 34 0
27 48 0
27 49 0
28 26 0
28 30 0
28 50 0
29 26 0
29 31 0
29 51 0
30 7 0
30 28 0
30 32 0
31 29 0
31 32 0
31 52 0
32 6 0
32 30 0
32 31 0
33 3 0
33 53 0
33 54 0
33 55 0
34 27 0
35 5 0
35 8 0
35 36 0
36 35 0
36 56 0
36 57 0
36 58 0
37 6 0
37 39 0
37 59 0
37 60 0
38 7 0
38 61 0
38 62 0
38 63 0
39 37 0
39 64 0
39 65 0
39 66 0
40 11 0
41 18 0
42 19 0
43 21 0
44 21 0
45 21 0
46 23 0
47 24 0
48 27 0
49 27 0
50 28 0
51 29 0
52 31 0
53 33 0
54 33 0
55 33 0
56 36 0
57 36 0
58 36 0
59 37 0
60 37 0
61 38 0
62 38 0
63 38 0
64 39 0
65 39 0
66 39 0
GraphDataEnd
GraphEnd
NodeEnd
NodeStart
EPTNodeID: 3
AnchorID: 3400
TreeNodeGraphID: 24
Level: 9
SimplifiedLevel: 0
EditOperation: 1 64 0 5 0
AccumulatedOpsCount: 9
AccumulatedOp: 4 38 65 0 0
AccumulatedOp: 0 7 0 2 5
AccumulatedOp: 4 7 38 0 0
AccumulatedOp: 4 38 66 0 0
AccumulatedOp: 1 65 0 5 0
AccumulatedOp: 1 66 0 5 0
AccumulatedOp: 4 38 64 0 0
AccumulatedOp: 1 38 0 4 0
AccumulatedOp: 1 64 0 5 0
ChildrenCount: 0
ChildIndices:
CompletedDBGraphIDsCount: 1
CompletedDBGraphID: 3058
GraphStart
GraphDataStart
ID: 24
NumNodes: 66
NumEdges: 138
NodeLabels
6 2 2 2 2 2 2 5 2 3 3 4 4 4 4 4 4 4 4 4 4 4 4 4 4 4 4 4 4 4 4 4 4 4 4 4 4 4 4 5 5 5 5 5 5 5 5 5 5 5 5 5 5 5 5 5 5 5 5 5 5 5 5 5 5 5 
Edges
0 14 0
0 17 0
1 20 0
1 27 0
2 16 0
3 22 0
3 33 0
4 20 0
5 25 0
5 35 0
6 32 0
6 37 0
7 30 0
8 35 0
9 11 0
9 14 0
9 16 0
10 14 0
10 15 0
11 9 0
11 12 0
11 13 0
11 39 0
12 11 0
12 15 0
12 20 0
13 11 0
13 18 0
13 19 0
14 0 0
14 9 0
14 10 0
15 10 0
15 12 0
15 21 0
16 2 0
16 9 0
16 17 0
17 0 0
17 16 0
17 24 0
18 13 0
18 22 0
18 40 0
19 13 0
19 23 0
19 41 0
20 1 0
20 4 0
20 12 0
21 15 0
21 42 0
21 43 0
21 44 0
22 3 0
22 18 0
22 25 0
23 19 0
23 25 0
23 45 0
24 17 0
24 26 0
24 46 0
25 5 0
25 22 0
25 23 0
26 24 0
26 28 0
26 29 0
27 1 0
27 34 0
27 47 0
27 48 0
28 26 0
28 30 0
28 49 0
29 26 0
29 31 0
29 50 0
30 7 0
30 28 0
30 32 0
31 29 0
31 32 0
31 51 0
32 6 0
32 30 0
32 31 0
33 3 0
33 52 0
33 53 0
33 54 0
34 27 0
34 55 0
34 56 0
34 57 0
35 5 0
35 8 0
35 36 0
36 35 0
36 58 0
36 59 0
36 60 0
37 6 0
37 38 0
37 61 0
37 62 0
38 37 0
38 63 0
38 64 0
38 65 0
39 11 0
40 18 0
41 19 0
42 21 0
43 21 0
44 21 0
45 23 0
46 24 0
47 27 0
48 27 0
49 28 0
50 29 0
51 31 0
52 33 0
53 33 0
54 33 0
55 34 0
56 34 0
57 34 0
58 36 0
59 36 0
60 36 0
61 37 0
62 37 0
63 38 0
64 38 0
65 38 0
GraphDataEnd
GraphEnd
NodeEnd
END_EPT
