BEGIN_EPT
AnchorID: 8541  # ID of the anchor node
RootIndex: 0  # Index of the root node in tree_nodes
NodeCount: 1  # Total number of nodes in the EPT
NodeStart
EPTNodeID: 0
AnchorID: 8541
TreeNodeGraphID: 0
Level: 0
SimplifiedLevel: 0
EditOperation: -1 0 -1 0 0
AccumulatedOpsCount: 0
ChildrenCount: 0
ChildIndices:
CompletedDBGraphIDsCount: 0
GraphStart
GraphDataStart
ID: 0
NumNodes: 70
NumEdges: 146
NodeLabels
2 2 2 2 2 4 4 4 4 4 4 4 4 4 4 4 4 4 4 4 4 4 4 4 4 4 4 4 4 4 5 5 5 5 5 5 5 5 5 5 5 5 5 5 5 5 5 5 5 5 5 5 5 5 5 5 5 5 5 5 5 5 5 5 5 5 5 5 5 5 
Edges
0 10 0
0 60 0
1 22 0
1 26 0
2 24 0
2 27 0
3 26 0
4 27 0
5 6 0
5 7 0
5 14 0
5 30 0
6 5 0
6 10 0
6 12 0
6 19 0
7 5 0
7 8 0
7 15 0
7 31 0
8 7 0
8 9 0
8 13 0
8 32 0
9 8 0
9 11 0
9 18 0
9 21 0
10 0 0
10 6 0
10 16 0
10 22 0
11 9 0
11 17 0
11 20 0
11 33 0
12 6 0
12 13 0
12 34 0
12 35 0
13 8 0
13 12 0
13 36 0
13 37 0
14 5 0
14 16 0
14 38 0
14 39 0
15 7 0
15 17 0
15 40 0
15 41 0
16 10 0
16 14 0
16 42 0
16 43 0
17 11 0
17 15 0
17 44 0
17 45 0
18 9 0
18 23 0
18 46 0
18 47 0
19 6 0
19 48 0
19 49 0
19 50 0
20 11 0
20 24 0
20 51 0
20 52 0
21 9 0
21 53 0
21 54 0
21 55 0
22 1 0
22 10 0
22 25 0
22 56 0
23 18 0
23 24 0
23 57 0
23 58 0
24 2 0
24 20 0
24 23 0
24 59 0
25 22 0
25 61 0
25 62 0
25 63 0
26 1 0
26 3 0
26 28 0
27 2 0
27 4 0
27 29 0
28 26 0
28 64 0
28 65 0
28 66 0
29 27 0
29 67 0
29 68 0
29 69 0
30 5 0
31 7 0
32 8 0
33 11 0
34 12 0
35 12 0
36 13 0
37 13 0
38 14 0
39 14 0
40 15 0
41 15 0
42 16 0
43 16 0
44 17 0
45 17 0
46 18 0
47 18 0
48 19 0
49 19 0
50 19 0
51 20 0
52 20 0
53 21 0
54 21 0
55 21 0
56 22 0
57 23 0
58 23 0
59 24 0
60 0 0
61 25 0
62 25 0
63 25 0
64 28 0
65 28 0
66 28 0
67 29 0
68 29 0
69 29 0
GraphDataEnd
GraphEnd
NodeEnd
END_EPT
