BEGIN_EPT
AnchorID: 5705  # ID of the anchor node
RootIndex: 0  # Index of the root node in tree_nodes
NodeCount: 2  # Total number of nodes in the EPT
NodeStart
EPTNodeID: 0
AnchorID: 5705
TreeNodeGraphID: 0
Level: 0
SimplifiedLevel: 0
EditOperation: -1 0 -1 0 0
AccumulatedOpsCount: 0
ChildrenCount: 1
ChildIndices: 1
CompletedDBGraphIDsCount: 0
GraphStart
GraphDataStart
ID: 0
NumNodes: 64
NumEdges: 140
NodeLabels
2 2 2 3 3 3 3 3 3 4 4 4 4 4 4 4 4 4 4 4 4 4 4 4 4 4 4 4 4 4 4 4 4 4 4 4 4 4 4 4 5 5 5 5 5 5 5 5 5 5 5 5 5 5 5 5 5 5 5 5 5 5 5 5 
Edges
0 12 0
1 14 0
2 16 0
3 7 0
3 9 0
3 13 0
4 12 0
4 14 0
4 19 0
5 8 0
5 11 0
5 16 0
6 7 0
6 10 0
7 3 0
7 6 0
8 5 0
8 17 0
9 3 0
9 10 0
9 12 0
9 40 0
10 6 0
10 9 0
10 14 0
10 41 0
11 5 0
11 15 0
11 18 0
11 42 0
12 0 0
12 4 0
12 9 0
13 3 0
13 16 0
13 43 0
13 44 0
14 1 0
14 4 0
14 10 0
15 11 0
15 17 0
15 45 0
15 46 0
16 2 0
16 5 0
16 13 0
17 8 0
17 15 0
17 20 0
18 11 0
18 22 0
18 23 0
19 4 0
19 24 0
19 25 0
20 17 0
20 21 0
20 26 0
21 20 0
21 27 0
21 30 0
22 18 0
22 28 0
22 47 0
23 18 0
23 29 0
23 48 0
24 19 0
24 33 0
24 49 0
25 19 0
25 34 0
25 50 0
26 20 0
26 31 0
26 51 0
27 21 0
27 32 0
27 36 0
28 22 0
28 35 0
28 52 0
29 23 0
29 35 0
29 53 0
30 21 0
30 38 0
30 54 0
31 26 0
31 32 0
31 55 0
32 27 0
32 31 0
32 56 0
33 24 0
33 37 0
33 58 0
34 25 0
34 37 0
34 59 0
35 28 0
35 29 0
35 57 0
36 27 0
36 39 0
36 60 0
37 33 0
37 34 0
37 61 0
38 30 0
38 39 0
38 62 0
39 36 0
39 38 0
39 63 0
40 9 0
41 10 0
42 11 0
43 13 0
44 13 0
45 15 0
46 15 0
47 22 0
48 23 0
49 24 0
50 25 0
51 26 0
52 28 0
53 29 0
54 30 0
55 31 0
56 32 0
57 35 0
58 33 0
59 34 0
60 36 0
61 37 0
62 38 0
63 39 0
GraphDataEnd
GraphEnd
NodeEnd
NodeStart
EPTNodeID: 1
AnchorID: 5705
TreeNodeGraphID: 7
Level: 7
SimplifiedLevel: 0
EditOperation: 5 61 64 0 0
AccumulatedOpsCount: 7
AccumulatedOp: 0 61 0 5 4
AccumulatedOp: 2 64 0 0 5
AccumulatedOp: 2 65 0 0 5
AccumulatedOp: 5 61 65 0 0
AccumulatedOp: 2 66 0 0 5
AccumulatedOp: 5 61 66 0 0
AccumulatedOp: 5 61 64 0 0
ChildrenCount: 0
ChildIndices:
CompletedDBGraphIDsCount: 1
CompletedDBGraphID: 15729
GraphStart
GraphDataStart
ID: 7
NumNodes: 67
NumEdges: 146
NodeLabels
2 2 2 3 3 3 3 3 3 4 4 4 4 4 4 4 4 4 4 4 4 4 4 4 4 4 4 4 4 4 4 4 4 4 4 4 4 4 4 4 5 5 5 5 5 5 5 5 5 5 5 5 5 5 5 5 5 5 5 5 5 4 5 5 5 5 5 
Edges
0 12 0
1 14 0
2 16 0
3 7 0
3 9 0
3 13 0
4 12 0
4 14 0
4 19 0
5 8 0
5 11 0
5 16 0
6 7 0
6 10 0
7 3 0
7 6 0
8 5 0
8 17 0
9 3 0
9 10 0
9 12 0
9 40 0
10 6 0
10 9 0
10 14 0
10 41 0
11 5 0
11 15 0
11 18 0
11 42 0
12 0 0
12 4 0
12 9 0
13 3 0
13 16 0
13 43 0
13 44 0
14 1 0
14 4 0
14 10 0
15 11 0
15 17 0
15 45 0
15 46 0
16 2 0
16 5 0
16 13 0
17 8 0
17 15 0
17 20 0
18 11 0
18 22 0
18 23 0
19 4 0
19 24 0
19 25 0
20 17 0
20 21 0
20 26 0
21 20 0
21 27 0
21 30 0
22 18 0
22 28 0
22 47 0
23 18 0
23 29 0
23 48 0
24 19 0
24 33 0
24 49 0
25 19 0
25 34 0
25 50 0
26 20 0
26 31 0
26 51 0
27 21 0
27 32 0
27 36 0
28 22 0
28 35 0
28 52 0
29 23 0
29 35 0
29 53 0
30 21 0
30 38 0
30 54 0
31 26 0
31 32 0
31 55 0
32 27 0
32 31 0
32 56 0
33 24 0
33 37 0
33 58 0
34 25 0
34 37 0
34 59 0
35 28 0
35 29 0
35 57 0
36 27 0
36 39 0
36 60 0
37 33 0
37 34 0
37 61 0
38 30 0
38 39 0
38 62 0
39 36 0
39 38 0
39 63 0
40 9 0
41 10 0
42 11 0
43 13 0
44 13 0
45 15 0
46 15 0
47 22 0
48 23 0
49 24 0
50 25 0
51 26 0
52 28 0
53 29 0
54 30 0
55 31 0
56 32 0
57 35 0
58 33 0
59 34 0
60 36 0
61 37 0
61 65 0
61 66 0
61 64 0
62 38 0
63 39 0
64 61 0
65 61 0
66 61 0
GraphDataEnd
GraphEnd
NodeEnd
END_EPT
