BEGIN_EPT
AnchorID: 5333  # ID of the anchor node
RootIndex: 0  # Index of the root node in tree_nodes
NodeCount: 3  # Total number of nodes in the EPT
NodeStart
EPTNodeID: 0
AnchorID: 5333
TreeNodeGraphID: 0
Level: 0
SimplifiedLevel: 0
EditOperation: -1 0 -1 0 0
AccumulatedOpsCount: 0
ChildrenCount: 1
ChildIndices: 1
CompletedDBGraphIDsCount: 0
GraphStart
GraphDataStart
ID: 0
NumNodes: 60
NumEdges: 128
NodeLabels
2 2 2 2 3 3 4 4 4 4 4 4 4 4 4 4 4 4 4 4 4 4 4 4 4 4 4 4 4 4 4 4 5 5 5 5 5 5 5 5 5 5 5 5 5 5 5 5 5 5 5 5 5 5 5 5 5 5 5 5 
Edges
0 19 0
0 20 0
1 17 0
2 19 0
3 23 0
3 25 0
4 6 0
4 7 0
4 11 0
5 12 0
5 16 0
5 17 0
6 4 0
6 8 0
6 34 0
6 35 0
7 4 0
7 9 0
7 32 0
7 33 0
8 6 0
8 10 0
8 36 0
8 37 0
9 7 0
9 10 0
9 38 0
9 39 0
10 8 0
10 9 0
10 40 0
10 41 0
11 4 0
11 17 0
11 42 0
11 43 0
12 5 0
12 13 0
12 44 0
12 45 0
13 12 0
13 14 0
13 46 0
13 47 0
14 13 0
14 15 0
14 48 0
14 49 0
15 14 0
15 16 0
15 18 0
16 5 0
16 15 0
16 19 0
17 1 0
17 5 0
17 11 0
18 15 0
18 20 0
18 21 0
19 0 0
19 2 0
19 16 0
20 0 0
20 18 0
20 22 0
21 18 0
21 23 0
21 50 0
22 20 0
22 24 0
22 51 0
23 3 0
23 21 0
23 24 0
24 22 0
24 23 0
24 52 0
25 3 0
25 26 0
25 53 0
25 54 0
26 25 0
26 27 0
26 28 0
27 26 0
27 29 0
27 55 0
28 26 0
28 30 0
28 56 0
29 27 0
29 31 0
29 57 0
30 28 0
30 31 0
30 58 0
31 29 0
31 30 0
31 59 0
32 7 0
33 7 0
34 6 0
35 6 0
36 8 0
37 8 0
38 9 0
39 9 0
40 10 0
41 10 0
42 11 0
43 11 0
44 12 0
45 12 0
46 13 0
47 13 0
48 14 0
49 14 0
50 21 0
51 22 0
52 24 0
53 25 0
54 25 0
55 27 0
56 28 0
57 29 0
58 30 0
59 31 0
GraphDataEnd
GraphEnd
NodeEnd
NodeStart
EPTNodeID: 1
AnchorID: 5333
TreeNodeGraphID: 4
Level: 4
SimplifiedLevel: 0
EditOperation: 5 3 41 0 0
AccumulatedOpsCount: 4
AccumulatedOp: 4 3 25 0 0
AccumulatedOp: 5 10 25 0 0
AccumulatedOp: 4 10 41 0 0
AccumulatedOp: 5 3 41 0 0
ChildrenCount: 1
ChildIndices: 2
CompletedDBGraphIDsCount: 1
CompletedDBGraphID: 3634
GraphStart
GraphDataStart
ID: 4
NumNodes: 60
NumEdges: 128
NodeLabels
2 2 2 2 3 3 4 4 4 4 4 4 4 4 4 4 4 4 4 4 4 4 4 4 4 4 4 4 4 4 4 4 5 5 5 5 5 5 5 5 5 5 5 5 5 5 5 5 5 5 5 5 5 5 5 5 5 5 5 5 
Edges
0 19 0
0 20 0
1 17 0
2 19 0
3 23 0
3 41 0
4 6 0
4 7 0
4 11 0
5 12 0
5 16 0
5 17 0
6 4 0
6 8 0
6 34 0
6 35 0
7 4 0
7 9 0
7 32 0
7 33 0
8 6 0
8 10 0
8 36 0
8 37 0
9 7 0
9 10 0
9 38 0
9 39 0
10 8 0
10 9 0
10 40 0
10 25 0
11 4 0
11 17 0
11 42 0
11 43 0
12 5 0
12 13 0
12 44 0
12 45 0
13 12 0
13 14 0
13 46 0
13 47 0
14 13 0
14 15 0
14 48 0
14 49 0
15 14 0
15 16 0
15 18 0
16 5 0
16 15 0
16 19 0
17 1 0
17 5 0
17 11 0
18 15 0
18 20 0
18 21 0
19 0 0
19 2 0
19 16 0
20 0 0
20 18 0
20 22 0
21 18 0
21 23 0
21 50 0
22 20 0
22 24 0
22 51 0
23 3 0
23 21 0
23 24 0
24 22 0
24 23 0
24 52 0
25 26 0
25 53 0
25 54 0
25 10 0
26 25 0
26 27 0
26 28 0
27 26 0
27 29 0
27 55 0
28 26 0
28 30 0
28 56 0
29 27 0
29 31 0
29 57 0
30 28 0
30 31 0
30 58 0
31 29 0
31 30 0
31 59 0
32 7 0
33 7 0
34 6 0
35 6 0
36 8 0
37 8 0
38 9 0
39 9 0
40 10 0
41 3 0
42 11 0
43 11 0
44 12 0
45 12 0
46 13 0
47 13 0
48 14 0
49 14 0
50 21 0
51 22 0
52 24 0
53 25 0
54 25 0
55 27 0
56 28 0
57 29 0
58 30 0
59 31 0
GraphDataEnd
GraphEnd
NodeEnd
NodeStart
EPTNodeID: 2
AnchorID: 5333
TreeNodeGraphID: 7
Level: 7
SimplifiedLevel: 0
EditOperation: 1 40 0 5 0
AccumulatedOpsCount: 3
AccumulatedOp: 0 10 0 4 3
AccumulatedOp: 4 10 40 0 0
AccumulatedOp: 1 40 0 5 0
ChildrenCount: 0
ChildIndices:
CompletedDBGraphIDsCount: 1
CompletedDBGraphID: 1370
GraphStart
GraphDataStart
ID: 7
NumNodes: 59
NumEdges: 126
NodeLabels
2 2 2 2 3 3 4 4 4 4 3 4 4 4 4 4 4 4 4 4 4 4 4 4 4 4 4 4 4 4 4 4 5 5 5 5 5 5 5 5 5 5 5 5 5 5 5 5 5 5 5 5 5 5 5 5 5 5 5 
Edges
0 19 0
0 20 0
1 17 0
2 19 0
3 23 0
3 40 0
4 6 0
4 7 0
4 11 0
5 12 0
5 16 0
5 17 0
6 4 0
6 8 0
6 34 0
6 35 0
7 4 0
7 9 0
7 32 0
7 33 0
8 6 0
8 10 0
8 36 0
8 37 0
9 7 0
9 10 0
9 38 0
9 39 0
10 8 0
10 9 0
10 25 0
11 4 0
11 17 0
11 41 0
11 42 0
12 5 0
12 13 0
12 43 0
12 44 0
13 12 0
13 14 0
13 45 0
13 46 0
14 13 0
14 15 0
14 47 0
14 48 0
15 14 0
15 16 0
15 18 0
16 5 0
16 15 0
16 19 0
17 1 0
17 5 0
17 11 0
18 15 0
18 20 0
18 21 0
19 0 0
19 2 0
19 16 0
20 0 0
20 18 0
20 22 0
21 18 0
21 23 0
21 49 0
22 20 0
22 24 0
22 50 0
23 3 0
23 21 0
23 24 0
24 22 0
24 23 0
24 51 0
25 26 0
25 52 0
25 53 0
25 10 0
26 25 0
26 27 0
26 28 0
27 26 0
27 29 0
27 54 0
28 26 0
28 30 0
28 55 0
29 27 0
29 31 0
29 56 0
30 28 0
30 31 0
30 57 0
31 29 0
31 30 0
31 58 0
32 7 0
33 7 0
34 6 0
35 6 0
36 8 0
37 8 0
38 9 0
39 9 0
40 3 0
41 11 0
42 11 0
43 12 0
44 12 0
45 13 0
46 13 0
47 14 0
48 14 0
49 21 0
50 22 0
51 24 0
52 25 0
53 25 0
54 27 0
55 28 0
56 29 0
57 30 0
58 31 0
GraphDataEnd
GraphEnd
NodeEnd
END_EPT
