BEGIN_EPT
AnchorID: 5130  # ID of the anchor node
RootIndex: 0  # Index of the root node in tree_nodes
NodeCount: 12  # Total number of nodes in the EPT
NodeStart
EPTNodeID: 0
AnchorID: 5130
TreeNodeGraphID: 0
Level: 0
SimplifiedLevel: 0
EditOperation: -1 0 -1 0 0
AccumulatedOpsCount: 0
ChildrenCount: 5
ChildIndices: 1 6 7 10 11
CompletedDBGraphIDsCount: 3
CompletedDBGraphID: 12530
CompletedDBGraphID: 8876
CompletedDBGraphID: 1940
GraphStart
GraphDataStart
ID: 0
NumNodes: 72
NumEdges: 150
NodeLabels
2 2 2 2 2 2 2 2 3 4 4 4 4 4 4 4 4 4 4 4 4 4 4 4 4 4 4 4 4 4 4 4 4 4 4 4 4 4 4 5 5 5 5 5 5 5 5 5 5 5 5 5 5 5 5 5 5 5 5 5 5 5 5 5 5 5 5 5 5 5 5 5 
Edges
0 15 0
1 23 0
1 32 0
2 23 0
3 26 0
3 34 0
4 28 0
4 33 0
5 30 0
5 35 0
6 31 0
6 36 0
7 36 0
8 12 0
8 18 0
8 45 0
9 10 0
9 14 0
9 17 0
9 39 0
10 9 0
10 12 0
10 40 0
10 41 0
11 12 0
11 13 0
11 15 0
12 8 0
12 10 0
12 11 0
13 11 0
13 16 0
13 19 0
13 42 0
14 9 0
14 15 0
14 43 0
14 44 0
15 0 0
15 11 0
15 14 0
16 13 0
16 18 0
16 23 0
17 9 0
17 20 0
17 21 0
18 8 0
18 16 0
18 22 0
19 13 0
19 24 0
19 25 0
20 17 0
20 26 0
20 46 0
21 17 0
21 27 0
21 47 0
22 18 0
22 48 0
22 49 0
22 50 0
23 1 0
23 2 0
23 16 0
24 19 0
24 28 0
24 51 0
25 19 0
25 29 0
25 52 0
26 3 0
26 20 0
26 30 0
27 21 0
27 30 0
27 53 0
28 4 0
28 24 0
28 31 0
29 25 0
29 31 0
29 54 0
30 5 0
30 26 0
30 27 0
31 6 0
31 28 0
31 29 0
32 1 0
32 55 0
32 56 0
32 57 0
33 4 0
33 37 0
33 58 0
33 59 0
34 3 0
34 60 0
34 61 0
34 62 0
35 5 0
35 63 0
35 64 0
35 65 0
36 6 0
36 7 0
36 38 0
37 33 0
37 66 0
37 67 0
37 68 0
38 36 0
38 69 0
38 70 0
38 71 0
39 9 0
40 10 0
41 10 0
42 13 0
43 14 0
44 14 0
45 8 0
46 20 0
47 21 0
48 22 0
49 22 0
50 22 0
51 24 0
52 25 0
53 27 0
54 29 0
55 32 0
56 32 0
57 32 0
58 33 0
59 33 0
60 34 0
61 34 0
62 34 0
63 35 0
64 35 0
65 35 0
66 37 0
67 37 0
68 37 0
69 38 0
70 38 0
71 38 0
GraphDataEnd
GraphEnd
NodeEnd
NodeStart
EPTNodeID: 1
AnchorID: 5130
TreeNodeGraphID: 1
Level: 1
SimplifiedLevel: 0
EditOperation: 4 36 38 0 0
AccumulatedOpsCount: 1
AccumulatedOp: 4 36 38 0 0
ChildrenCount: 2
ChildIndices: 2 5
CompletedDBGraphIDsCount: 0
GraphStart
GraphDataStart
ID: 1
NumNodes: 72
NumEdges: 148
NodeLabels
2 2 2 2 2 2 2 2 3 4 4 4 4 4 4 4 4 4 4 4 4 4 4 4 4 4 4 4 4 4 4 4 4 4 4 4 4 4 4 5 5 5 5 5 5 5 5 5 5 5 5 5 5 5 5 5 5 5 5 5 5 5 5 5 5 5 5 5 5 5 5 5 
Edges
0 15 0
1 23 0
1 32 0
2 23 0
3 26 0
3 34 0
4 28 0
4 33 0
5 30 0
5 35 0
6 31 0
6 36 0
7 36 0
8 12 0
8 18 0
8 45 0
9 10 0
9 14 0
9 17 0
9 39 0
10 9 0
10 12 0
10 40 0
10 41 0
11 12 0
11 13 0
11 15 0
12 8 0
12 10 0
12 11 0
13 11 0
13 16 0
13 19 0
13 42 0
14 9 0
14 15 0
14 43 0
14 44 0
15 0 0
15 11 0
15 14 0
16 13 0
16 18 0
16 23 0
17 9 0
17 20 0
17 21 0
18 8 0
18 16 0
18 22 0
19 13 0
19 24 0
19 25 0
20 17 0
20 26 0
20 46 0
21 17 0
21 27 0
21 47 0
22 18 0
22 48 0
22 49 0
22 50 0
23 1 0
23 2 0
23 16 0
24 19 0
24 28 0
24 51 0
25 19 0
25 29 0
25 52 0
26 3 0
26 20 0
26 30 0
27 21 0
27 30 0
27 53 0
28 4 0
28 24 0
28 31 0
29 25 0
29 31 0
29 54 0
30 5 0
30 26 0
30 27 0
31 6 0
31 28 0
31 29 0
32 1 0
32 55 0
32 56 0
32 57 0
33 4 0
33 37 0
33 58 0
33 59 0
34 3 0
34 60 0
34 61 0
34 62 0
35 5 0
35 63 0
35 64 0
35 65 0
36 6 0
36 7 0
37 33 0
37 66 0
37 67 0
37 68 0
38 69 0
38 70 0
38 71 0
39 9 0
40 10 0
41 10 0
42 13 0
43 14 0
44 14 0
45 8 0
46 20 0
47 21 0
48 22 0
49 22 0
50 22 0
51 24 0
52 25 0
53 27 0
54 29 0
55 32 0
56 32 0
57 32 0
58 33 0
59 33 0
60 34 0
61 34 0
62 34 0
63 35 0
64 35 0
65 35 0
66 37 0
67 37 0
68 37 0
69 38 0
70 38 0
71 38 0
GraphDataEnd
GraphEnd
NodeEnd
NodeStart
EPTNodeID: 2
AnchorID: 5130
TreeNodeGraphID: 3
Level: 3
SimplifiedLevel: 0
EditOperation: 4 1 32 0 0
AccumulatedOpsCount: 2
AccumulatedOp: 4 4 33 0 0
AccumulatedOp: 4 1 32 0 0
ChildrenCount: 2
ChildIndices: 3 4
CompletedDBGraphIDsCount: 0
GraphStart
GraphDataStart
ID: 3
NumNodes: 72
NumEdges: 144
NodeLabels
2 2 2 2 2 2 2 2 3 4 4 4 4 4 4 4 4 4 4 4 4 4 4 4 4 4 4 4 4 4 4 4 4 4 4 4 4 4 4 5 5 5 5 5 5 5 5 5 5 5 5 5 5 5 5 5 5 5 5 5 5 5 5 5 5 5 5 5 5 5 5 5 
Edges
0 15 0
1 23 0
2 23 0
3 26 0
3 34 0
4 28 0
5 30 0
5 35 0
6 31 0
6 36 0
7 36 0
8 12 0
8 18 0
8 45 0
9 10 0
9 14 0
9 17 0
9 39 0
10 9 0
10 12 0
10 40 0
10 41 0
11 12 0
11 13 0
11 15 0
12 8 0
12 10 0
12 11 0
13 11 0
13 16 0
13 19 0
13 42 0
14 9 0
14 15 0
14 43 0
14 44 0
15 0 0
15 11 0
15 14 0
16 13 0
16 18 0
16 23 0
17 9 0
17 20 0
17 21 0
18 8 0
18 16 0
18 22 0
19 13 0
19 24 0
19 25 0
20 17 0
20 26 0
20 46 0
21 17 0
21 27 0
21 47 0
22 18 0
22 48 0
22 49 0
22 50 0
23 1 0
23 2 0
23 16 0
24 19 0
24 28 0
24 51 0
25 19 0
25 29 0
25 52 0
26 3 0
26 20 0
26 30 0
27 21 0
27 30 0
27 53 0
28 4 0
28 24 0
28 31 0
29 25 0
29 31 0
29 54 0
30 5 0
30 26 0
30 27 0
31 6 0
31 28 0
31 29 0
32 55 0
32 56 0
32 57 0
33 37 0
33 58 0
33 59 0
34 3 0
34 60 0
34 61 0
34 62 0
35 5 0
35 63 0
35 64 0
35 65 0
36 6 0
36 7 0
37 33 0
37 66 0
37 67 0
37 68 0
38 69 0
38 70 0
38 71 0
39 9 0
40 10 0
41 10 0
42 13 0
43 14 0
44 14 0
45 8 0
46 20 0
47 21 0
48 22 0
49 22 0
50 22 0
51 24 0
52 25 0
53 27 0
54 29 0
55 32 0
56 32 0
57 32 0
58 33 0
59 33 0
60 34 0
61 34 0
62 34 0
63 35 0
64 35 0
65 35 0
66 37 0
67 37 0
68 37 0
69 38 0
70 38 0
71 38 0
GraphDataEnd
GraphEnd
NodeEnd
NodeStart
EPTNodeID: 3
AnchorID: 5130
TreeNodeGraphID: 11
Level: 11
SimplifiedLevel: 0
EditOperation: 5 32 33 0 0
AccumulatedOpsCount: 8
AccumulatedOp: 5 31 36 0 0
AccumulatedOp: 4 33 59 0 0
AccumulatedOp: 0 4 0 2 5
AccumulatedOp: 5 2 33 0 0
AccumulatedOp: 1 59 0 5 0
AccumulatedOp: 5 6 38 0 0
AccumulatedOp: 4 6 31 0 0
AccumulatedOp: 5 32 33 0 0
ChildrenCount: 0
ChildIndices:
CompletedDBGraphIDsCount: 4
CompletedDBGraphID: 17835
CompletedDBGraphID: 21742
CompletedDBGraphID: 12188
CompletedDBGraphID: 10290
GraphStart
GraphDataStart
ID: 11
NumNodes: 71
NumEdges: 148
NodeLabels
2 2 2 2 5 2 2 2 3 4 4 4 4 4 4 4 4 4 4 4 4 4 4 4 4 4 4 4 4 4 4 4 4 4 4 4 4 4 4 5 5 5 5 5 5 5 5 5 5 5 5 5 5 5 5 5 5 5 5 5 5 5 5 5 5 5 5 5 5 5 5 
Edges
0 15 0
1 23 0
2 23 0
2 33 0
3 26 0
3 34 0
4 28 0
5 30 0
5 35 0
6 36 0
6 38 0
7 36 0
8 12 0
8 18 0
8 45 0
9 10 0
9 14 0
9 17 0
9 39 0
10 9 0
10 12 0
10 40 0
10 41 0
11 12 0
11 13 0
11 15 0
12 8 0
12 10 0
12 11 0
13 11 0
13 16 0
13 19 0
13 42 0
14 9 0
14 15 0
14 43 0
14 44 0
15 0 0
15 11 0
15 14 0
16 13 0
16 18 0
16 23 0
17 9 0
17 20 0
17 21 0
18 8 0
18 16 0
18 22 0
19 13 0
19 24 0
19 25 0
20 17 0
20 26 0
20 46 0
21 17 0
21 27 0
21 47 0
22 18 0
22 48 0
22 49 0
22 50 0
23 1 0
23 2 0
23 16 0
24 19 0
24 28 0
24 51 0
25 19 0
25 29 0
25 52 0
26 3 0
26 20 0
26 30 0
27 21 0
27 30 0
27 53 0
28 4 0
28 24 0
28 31 0
29 25 0
29 31 0
29 54 0
30 5 0
30 26 0
30 27 0
31 28 0
31 29 0
31 36 0
32 55 0
32 56 0
32 57 0
32 33 0
33 37 0
33 58 0
33 2 0
33 32 0
34 3 0
34 59 0
34 60 0
34 61 0
35 5 0
35 62 0
35 63 0
35 64 0
36 6 0
36 7 0
36 31 0
37 33 0
37 65 0
37 66 0
37 67 0
38 68 0
38 69 0
38 70 0
38 6 0
39 9 0
40 10 0
41 10 0
42 13 0
43 14 0
44 14 0
45 8 0
46 20 0
47 21 0
48 22 0
49 22 0
50 22 0
51 24 0
52 25 0
53 27 0
54 29 0
55 32 0
56 32 0
57 32 0
58 33 0
59 34 0
60 34 0
61 34 0
62 35 0
63 35 0
64 35 0
65 37 0
66 37 0
67 37 0
68 38 0
69 38 0
70 38 0
GraphDataEnd
GraphEnd
NodeEnd
NodeStart
EPTNodeID: 4
AnchorID: 5130
TreeNodeGraphID: 20
Level: 12
SimplifiedLevel: 0
EditOperation: 5 32 51 0 0
AccumulatedOpsCount: 9
AccumulatedOp: 4 6 36 0 0
AccumulatedOp: 0 6 0 2 5
AccumulatedOp: 0 51 0 5 2
AccumulatedOp: 5 1 33 0 0
AccumulatedOp: 5 4 38 0 0
AccumulatedOp: 4 7 36 0 0
AccumulatedOp: 1 36 0 4 0
AccumulatedOp: 1 7 0 2 0
AccumulatedOp: 5 32 51 0 0
ChildrenCount: 0
ChildIndices:
CompletedDBGraphIDsCount: 4
CompletedDBGraphID: 15417
CompletedDBGraphID: 20615
CompletedDBGraphID: 7855
CompletedDBGraphID: 2538
GraphStart
GraphDataStart
ID: 20
NumNodes: 70
NumEdges: 146
NodeLabels
2 2 2 2 2 2 5 3 4 4 4 4 4 4 4 4 4 4 4 4 4 4 4 4 4 4 4 4 4 4 4 4 4 4 4 4 4 5 5 5 5 5 5 5 5 5 5 5 5 2 5 5 5 5 5 5 5 5 5 5 5 5 5 5 5 5 5 5 5 5 
Edges
0 14 0
1 22 0
1 32 0
2 22 0
3 25 0
3 33 0
4 27 0
4 36 0
5 29 0
5 34 0
6 30 0
7 11 0
7 17 0
7 43 0
8 9 0
8 13 0
8 16 0
8 37 0
9 8 0
9 11 0
9 38 0
9 39 0
10 11 0
10 12 0
10 14 0
11 7 0
11 9 0
11 10 0
12 10 0
12 15 0
12 18 0
12 40 0
13 8 0
13 14 0
13 41 0
13 42 0
14 0 0
14 10 0
14 13 0
15 12 0
15 17 0
15 22 0
16 8 0
16 19 0
16 20 0
17 7 0
17 15 0
17 21 0
18 12 0
18 23 0
18 24 0
19 16 0
19 25 0
19 44 0
20 16 0
20 26 0
20 45 0
21 17 0
21 46 0
21 47 0
21 48 0
22 1 0
22 2 0
22 15 0
23 18 0
23 27 0
23 49 0
24 18 0
24 28 0
24 50 0
25 3 0
25 19 0
25 29 0
26 20 0
26 29 0
26 51 0
27 4 0
27 23 0
27 30 0
28 24 0
28 30 0
28 52 0
29 5 0
29 25 0
29 26 0
30 6 0
30 27 0
30 28 0
31 53 0
31 54 0
31 55 0
31 49 0
32 35 0
32 56 0
32 57 0
32 1 0
33 3 0
33 58 0
33 59 0
33 60 0
34 5 0
34 61 0
34 62 0
34 63 0
35 32 0
35 64 0
35 65 0
35 66 0
36 67 0
36 68 0
36 69 0
36 4 0
37 8 0
38 9 0
39 9 0
40 12 0
41 13 0
42 13 0
43 7 0
44 19 0
45 20 0
46 21 0
47 21 0
48 21 0
49 23 0
49 31 0
50 24 0
51 26 0
52 28 0
53 31 0
54 31 0
55 31 0
56 32 0
57 32 0
58 33 0
59 33 0
60 33 0
61 34 0
62 34 0
63 34 0
64 35 0
65 35 0
66 35 0
67 36 0
68 36 0
69 36 0
GraphDataEnd
GraphEnd
NodeEnd
NodeStart
EPTNodeID: 5
AnchorID: 5130
TreeNodeGraphID: 26
Level: 7
SimplifiedLevel: 0
EditOperation: 5 32 38 0 0
AccumulatedOpsCount: 6
AccumulatedOp: 4 7 36 0 0
AccumulatedOp: 1 7 0 2 0
AccumulatedOp: 0 36 0 4 5
AccumulatedOp: 4 32 57 0 0
AccumulatedOp: 1 57 0 5 0
AccumulatedOp: 5 32 38 0 0
ChildrenCount: 0
ChildIndices:
CompletedDBGraphIDsCount: 4
CompletedDBGraphID: 7438
CompletedDBGraphID: 6613
CompletedDBGraphID: 21562
CompletedDBGraphID: 10199
GraphStart
GraphDataStart
ID: 26
NumNodes: 70
NumEdges: 146
NodeLabels
2 2 2 2 2 2 2 3 4 4 4 4 4 4 4 4 4 4 4 4 4 4 4 4 4 4 4 4 4 4 4 4 4 4 4 5 4 4 5 5 5 5 5 5 5 5 5 5 5 5 5 5 5 5 5 5 5 5 5 5 5 5 5 5 5 5 5 5 5 5 
Edges
0 14 0
1 22 0
1 31 0
2 22 0
3 25 0
3 33 0
4 27 0
4 32 0
5 29 0
5 34 0
6 30 0
6 35 0
7 11 0
7 17 0
7 44 0
8 9 0
8 13 0
8 16 0
8 38 0
9 8 0
9 11 0
9 39 0
9 40 0
10 11 0
10 12 0
10 14 0
11 7 0
11 9 0
11 10 0
12 10 0
12 15 0
12 18 0
12 41 0
13 8 0
13 14 0
13 42 0
13 43 0
14 0 0
14 10 0
14 13 0
15 12 0
15 17 0
15 22 0
16 8 0
16 19 0
16 20 0
17 7 0
17 15 0
17 21 0
18 12 0
18 23 0
18 24 0
19 16 0
19 25 0
19 45 0
20 16 0
20 26 0
20 46 0
21 17 0
21 47 0
21 48 0
21 49 0
22 1 0
22 2 0
22 15 0
23 18 0
23 27 0
23 50 0
24 18 0
24 28 0
24 51 0
25 3 0
25 19 0
25 29 0
26 20 0
26 29 0
26 52 0
27 4 0
27 23 0
27 30 0
28 24 0
28 30 0
28 53 0
29 5 0
29 25 0
29 26 0
30 6 0
30 27 0
30 28 0
31 1 0
31 54 0
31 55 0
31 37 0
32 4 0
32 36 0
32 56 0
32 57 0
33 3 0
33 58 0
33 59 0
33 60 0
34 5 0
34 61 0
34 62 0
34 63 0
35 6 0
36 32 0
36 64 0
36 65 0
36 66 0
37 67 0
37 68 0
37 69 0
37 31 0
38 8 0
39 9 0
40 9 0
41 12 0
42 13 0
43 13 0
44 7 0
45 19 0
46 20 0
47 21 0
48 21 0
49 21 0
50 23 0
51 24 0
52 26 0
53 28 0
54 31 0
55 31 0
56 32 0
57 32 0
58 33 0
59 33 0
60 33 0
61 34 0
62 34 0
63 34 0
64 36 0
65 36 0
66 36 0
67 37 0
68 37 0
69 37 0
GraphDataEnd
GraphEnd
NodeEnd
NodeStart
EPTNodeID: 6
AnchorID: 5130
TreeNodeGraphID: 36
Level: 10
SimplifiedLevel: 0
EditOperation: 5 33 74 0 0
AccumulatedOpsCount: 10
AccumulatedOp: 4 1 32 0 0
AccumulatedOp: 2 73 0 0 5
AccumulatedOp: 2 72 0 0 4
AccumulatedOp: 4 33 37 0 0
AccumulatedOp: 5 37 72 0 0
AccumulatedOp: 2 74 0 0 5
AccumulatedOp: 5 32 72 0 0
AccumulatedOp: 5 2 72 0 0
AccumulatedOp: 5 72 73 0 0
AccumulatedOp: 5 33 74 0 0
ChildrenCount: 0
ChildIndices:
CompletedDBGraphIDsCount: 3
CompletedDBGraphID: 6344
CompletedDBGraphID: 536
CompletedDBGraphID: 12293
GraphStart
GraphDataStart
ID: 36
NumNodes: 75
NumEdges: 156
NodeLabels
2 2 2 2 2 2 2 2 3 4 4 4 4 4 4 4 4 4 4 4 4 4 4 4 4 4 4 4 4 4 4 4 4 4 4 4 4 4 4 5 5 5 5 5 5 5 5 5 5 5 5 5 5 5 5 5 5 5 5 5 5 5 5 5 5 5 5 5 5 5 5 5 4 5 5 
Edges
0 15 0
1 23 0
2 23 0
2 72 0
3 26 0
3 34 0
4 28 0
4 33 0
5 30 0
5 35 0
6 31 0
6 36 0
7 36 0
8 12 0
8 18 0
8 45 0
9 10 0
9 14 0
9 17 0
9 39 0
10 9 0
10 12 0
10 40 0
10 41 0
11 12 0
11 13 0
11 15 0
12 8 0
12 10 0
12 11 0
13 11 0
13 16 0
13 19 0
13 42 0
14 9 0
14 15 0
14 43 0
14 44 0
15 0 0
15 11 0
15 14 0
16 13 0
16 18 0
16 23 0
17 9 0
17 20 0
17 21 0
18 8 0
18 16 0
18 22 0
19 13 0
19 24 0
19 25 0
20 17 0
20 26 0
20 46 0
21 17 0
21 27 0
21 47 0
22 18 0
22 48 0
22 49 0
22 50 0
23 1 0
23 2 0
23 16 0
24 19 0
24 28 0
24 51 0
25 19 0
25 29 0
25 52 0
26 3 0
26 20 0
26 30 0
27 21 0
27 30 0
27 53 0
28 4 0
28 24 0
28 31 0
29 25 0
29 31 0
29 54 0
30 5 0
30 26 0
30 27 0
31 6 0
31 28 0
31 29 0
32 55 0
32 56 0
32 57 0
32 72 0
33 4 0
33 58 0
33 59 0
33 74 0
34 3 0
34 60 0
34 61 0
34 62 0
35 5 0
35 63 0
35 64 0
35 65 0
36 6 0
36 7 0
36 38 0
37 66 0
37 67 0
37 68 0
37 72 0
38 36 0
38 69 0
38 70 0
38 71 0
39 9 0
40 10 0
41 10 0
42 13 0
43 14 0
44 14 0
45 8 0
46 20 0
47 21 0
48 22 0
49 22 0
50 22 0
51 24 0
52 25 0
53 27 0
54 29 0
55 32 0
56 32 0
57 32 0
58 33 0
59 33 0
60 34 0
61 34 0
62 34 0
63 35 0
64 35 0
65 35 0
66 37 0
67 37 0
68 37 0
69 38 0
70 38 0
71 38 0
72 37 0
72 32 0
72 2 0
72 73 0
73 72 0
74 33 0
GraphDataEnd
GraphEnd
NodeEnd
NodeStart
EPTNodeID: 7
AnchorID: 5130
TreeNodeGraphID: 42
Level: 6
SimplifiedLevel: 0
EditOperation: 1 67 0 5 0
AccumulatedOpsCount: 6
AccumulatedOp: 4 37 68 0 0
AccumulatedOp: 0 37 0 4 5
AccumulatedOp: 4 37 66 0 0
AccumulatedOp: 1 66 0 5 0
AccumulatedOp: 4 37 67 0 0
AccumulatedOp: 1 67 0 5 0
ChildrenCount: 2
ChildIndices: 8 9
CompletedDBGraphIDsCount: 0
GraphStart
GraphDataStart
ID: 42
NumNodes: 70
NumEdges: 144
NodeLabels
2 2 2 2 2 2 2 2 3 4 4 4 4 4 4 4 4 4 4 4 4 4 4 4 4 4 4 4 4 4 4 4 4 4 4 4 4 5 4 5 5 5 5 5 5 5 5 5 5 5 5 5 5 5 5 5 5 5 5 5 5 5 5 5 5 5 5 5 5 5 
Edges
0 15 0
1 23 0
1 32 0
2 23 0
3 26 0
3 34 0
4 28 0
4 33 0
5 30 0
5 35 0
6 31 0
6 36 0
7 36 0
8 12 0
8 18 0
8 45 0
9 10 0
9 14 0
9 17 0
9 39 0
10 9 0
10 12 0
10 40 0
10 41 0
11 12 0
11 13 0
11 15 0
12 8 0
12 10 0
12 11 0
13 11 0
13 16 0
13 19 0
13 42 0
14 9 0
14 15 0
14 43 0
14 44 0
15 0 0
15 11 0
15 14 0
16 13 0
16 18 0
16 23 0
17 9 0
17 20 0
17 21 0
18 8 0
18 16 0
18 22 0
19 13 0
19 24 0
19 25 0
20 17 0
20 26 0
20 46 0
21 17 0
21 27 0
21 47 0
22 18 0
22 48 0
22 49 0
22 50 0
23 1 0
23 2 0
23 16 0
24 19 0
24 28 0
24 51 0
25 19 0
25 29 0
25 52 0
26 3 0
26 20 0
26 30 0
27 21 0
27 30 0
27 53 0
28 4 0
28 24 0
28 31 0
29 25 0
29 31 0
29 54 0
30 5 0
30 26 0
30 27 0
31 6 0
31 28 0
31 29 0
32 1 0
32 55 0
32 56 0
32 57 0
33 4 0
33 37 0
33 58 0
33 59 0
34 3 0
34 60 0
34 61 0
34 62 0
35 5 0
35 63 0
35 64 0
35 65 0
36 6 0
36 7 0
36 38 0
37 33 0
38 36 0
38 67 0
38 68 0
38 69 0
39 9 0
40 10 0
41 10 0
42 13 0
43 14 0
44 14 0
45 8 0
46 20 0
47 21 0
48 22 0
49 22 0
50 22 0
51 24 0
52 25 0
53 27 0
54 29 0
55 32 0
56 32 0
57 32 0
58 33 0
59 33 0
60 34 0
61 34 0
62 34 0
63 35 0
64 35 0
65 35 0
67 38 0
68 38 0
69 38 0
GraphDataEnd
GraphEnd
NodeEnd
NodeStart
EPTNodeID: 8
AnchorID: 5130
TreeNodeGraphID: 44
Level: 8
SimplifiedLevel: 0
EditOperation: 5 36 68 0 0
AccumulatedOpsCount: 2
AccumulatedOp: 0 7 0 2 5
AccumulatedOp: 5 36 68 0 0
ChildrenCount: 0
ChildIndices:
CompletedDBGraphIDsCount: 4
CompletedDBGraphID: 19698
CompletedDBGraphID: 13580
CompletedDBGraphID: 17970
CompletedDBGraphID: 21295
GraphStart
GraphDataStart
ID: 44
NumNodes: 70
NumEdges: 146
NodeLabels
2 2 2 2 2 2 2 5 3 4 4 4 4 4 4 4 4 4 4 4 4 4 4 4 4 4 4 4 4 4 4 4 4 4 4 4 4 5 4 5 5 5 5 5 5 5 5 5 5 5 5 5 5 5 5 5 5 5 5 5 5 5 5 5 5 5 5 5 5 5 
Edges
0 15 0
1 23 0
1 32 0
2 23 0
3 26 0
3 34 0
4 28 0
4 33 0
5 30 0
5 35 0
6 31 0
6 36 0
7 36 0
8 12 0
8 18 0
8 45 0
9 10 0
9 14 0
9 17 0
9 39 0
10 9 0
10 12 0
10 40 0
10 41 0
11 12 0
11 13 0
11 15 0
12 8 0
12 10 0
12 11 0
13 11 0
13 16 0
13 19 0
13 42 0
14 9 0
14 15 0
14 43 0
14 44 0
15 0 0
15 11 0
15 14 0
16 13 0
16 18 0
16 23 0
17 9 0
17 20 0
17 21 0
18 8 0
18 16 0
18 22 0
19 13 0
19 24 0
19 25 0
20 17 0
20 26 0
20 46 0
21 17 0
21 27 0
21 47 0
22 18 0
22 48 0
22 49 0
22 50 0
23 1 0
23 2 0
23 16 0
24 19 0
24 28 0
24 51 0
25 19 0
25 29 0
25 52 0
26 3 0
26 20 0
26 30 0
27 21 0
27 30 0
27 53 0
28 4 0
28 24 0
28 31 0
29 25 0
29 31 0
29 54 0
30 5 0
30 26 0
30 27 0
31 6 0
31 28 0
31 29 0
32 1 0
32 55 0
32 56 0
32 57 0
33 4 0
33 37 0
33 58 0
33 59 0
34 3 0
34 60 0
34 61 0
34 62 0
35 5 0
35 63 0
35 64 0
35 65 0
36 6 0
36 7 0
36 38 0
36 66 0
37 33 0
38 36 0
38 67 0
38 68 0
38 69 0
39 9 0
40 10 0
41 10 0
42 13 0
43 14 0
44 14 0
45 8 0
46 20 0
47 21 0
48 22 0
49 22 0
50 22 0
51 24 0
52 25 0
53 27 0
54 29 0
55 32 0
56 32 0
57 32 0
58 33 0
59 33 0
60 34 0
61 34 0
62 34 0
63 35 0
64 35 0
65 35 0
66 36 0
67 38 0
68 38 0
69 38 0
GraphDataEnd
GraphEnd
NodeEnd
NodeStart
EPTNodeID: 9
AnchorID: 5130
TreeNodeGraphID: 45
Level: 7
SimplifiedLevel: 0
EditOperation: 1 68 0 5 0
AccumulatedOpsCount: 1
AccumulatedOp: 1 68 0 5 0
ChildrenCount: 0
ChildIndices:
CompletedDBGraphIDsCount: 4
CompletedDBGraphID: 13049
CompletedDBGraphID: 9602
CompletedDBGraphID: 3225
CompletedDBGraphID: 13347
GraphStart
GraphDataStart
ID: 45
NumNodes: 69
NumEdges: 144
NodeLabels
2 2 2 2 2 2 2 2 3 4 4 4 4 4 4 4 4 4 4 4 4 4 4 4 4 4 4 4 4 4 4 4 4 4 4 4 4 5 4 5 5 5 5 5 5 5 5 5 5 5 5 5 5 5 5 5 5 5 5 5 5 5 5 5 5 5 5 5 5 
Edges
0 15 0
1 23 0
1 32 0
2 23 0
3 26 0
3 34 0
4 28 0
4 33 0
5 30 0
5 35 0
6 31 0
6 36 0
7 36 0
8 12 0
8 18 0
8 45 0
9 10 0
9 14 0
9 17 0
9 39 0
10 9 0
10 12 0
10 40 0
10 41 0
11 12 0
11 13 0
11 15 0
12 8 0
12 10 0
12 11 0
13 11 0
13 16 0
13 19 0
13 42 0
14 9 0
14 15 0
14 43 0
14 44 0
15 0 0
15 11 0
15 14 0
16 13 0
16 18 0
16 23 0
17 9 0
17 20 0
17 21 0
18 8 0
18 16 0
18 22 0
19 13 0
19 24 0
19 25 0
20 17 0
20 26 0
20 46 0
21 17 0
21 27 0
21 47 0
22 18 0
22 48 0
22 49 0
22 50 0
23 1 0
23 2 0
23 16 0
24 19 0
24 28 0
24 51 0
25 19 0
25 29 0
25 52 0
26 3 0
26 20 0
26 30 0
27 21 0
27 30 0
27 53 0
28 4 0
28 24 0
28 31 0
29 25 0
29 31 0
29 54 0
30 5 0
30 26 0
30 27 0
31 6 0
31 28 0
31 29 0
32 1 0
32 55 0
32 56 0
32 57 0
33 4 0
33 37 0
33 58 0
33 59 0
34 3 0
34 60 0
34 61 0
34 62 0
35 5 0
35 63 0
35 64 0
35 65 0
36 6 0
36 7 0
36 38 0
37 33 0
38 36 0
38 66 0
38 67 0
38 68 0
39 9 0
40 10 0
41 10 0
42 13 0
43 14 0
44 14 0
45 8 0
46 20 0
47 21 0
48 22 0
49 22 0
50 22 0
51 24 0
52 25 0
53 27 0
54 29 0
55 32 0
56 32 0
57 32 0
58 33 0
59 33 0
60 34 0
61 34 0
62 34 0
63 35 0
64 35 0
65 35 0
66 38 0
67 38 0
68 38 0
GraphDataEnd
GraphEnd
NodeEnd
NodeStart
EPTNodeID: 10
AnchorID: 5130
TreeNodeGraphID: 49
Level: 4
SimplifiedLevel: 0
EditOperation: 5 32 37 0 0
AccumulatedOpsCount: 4
AccumulatedOp: 4 32 57 0 0
AccumulatedOp: 5 33 57 0 0
AccumulatedOp: 4 33 37 0 0
AccumulatedOp: 5 32 37 0 0
ChildrenCount: 0
ChildIndices:
CompletedDBGraphIDsCount: 4
CompletedDBGraphID: 8930
CompletedDBGraphID: 20491
CompletedDBGraphID: 4877
CompletedDBGraphID: 12973
GraphStart
GraphDataStart
ID: 49
NumNodes: 72
NumEdges: 150
NodeLabels
2 2 2 2 2 2 2 2 3 4 4 4 4 4 4 4 4 4 4 4 4 4 4 4 4 4 4 4 4 4 4 4 4 4 4 4 4 4 4 5 5 5 5 5 5 5 5 5 5 5 5 5 5 5 5 5 5 5 5 5 5 5 5 5 5 5 5 5 5 5 5 5 
Edges
0 15 0
1 23 0
1 32 0
2 23 0
3 26 0
3 34 0
4 28 0
4 33 0
5 30 0
5 35 0
6 31 0
6 36 0
7 36 0
8 12 0
8 18 0
8 45 0
9 10 0
9 14 0
9 17 0
9 39 0
10 9 0
10 12 0
10 40 0
10 41 0
11 12 0
11 13 0
11 15 0
12 8 0
12 10 0
12 11 0
13 11 0
13 16 0
13 19 0
13 42 0
14 9 0
14 15 0
14 43 0
14 44 0
15 0 0
15 11 0
15 14 0
16 13 0
16 18 0
16 23 0
17 9 0
17 20 0
17 21 0
18 8 0
18 16 0
18 22 0
19 13 0
19 24 0
19 25 0
20 17 0
20 26 0
20 46 0
21 17 0
21 27 0
21 47 0
22 18 0
22 48 0
22 49 0
22 50 0
23 1 0
23 2 0
23 16 0
24 19 0
24 28 0
24 51 0
25 19 0
25 29 0
25 52 0
26 3 0
26 20 0
26 30 0
27 21 0
27 30 0
27 53 0
28 4 0
28 24 0
28 31 0
29 25 0
29 31 0
29 54 0
30 5 0
30 26 0
30 27 0
31 6 0
31 28 0
31 29 0
32 1 0
32 55 0
32 56 0
32 37 0
33 4 0
33 58 0
33 59 0
33 57 0
34 3 0
34 60 0
34 61 0
34 62 0
35 5 0
35 63 0
35 64 0
35 65 0
36 6 0
36 7 0
36 38 0
37 66 0
37 67 0
37 68 0
37 32 0
38 36 0
38 69 0
38 70 0
38 71 0
39 9 0
40 10 0
41 10 0
42 13 0
43 14 0
44 14 0
45 8 0
46 20 0
47 21 0
48 22 0
49 22 0
50 22 0
51 24 0
52 25 0
53 27 0
54 29 0
55 32 0
56 32 0
57 33 0
58 33 0
59 33 0
60 34 0
61 34 0
62 34 0
63 35 0
64 35 0
65 35 0
66 37 0
67 37 0
68 37 0
69 38 0
70 38 0
71 38 0
GraphDataEnd
GraphEnd
NodeEnd
NodeStart
EPTNodeID: 11
AnchorID: 5130
TreeNodeGraphID: 56
Level: 7
SimplifiedLevel: 0
EditOperation: 5 55 74 0 0
AccumulatedOpsCount: 7
AccumulatedOp: 2 74 0 0 5
AccumulatedOp: 2 73 0 0 5
AccumulatedOp: 0 55 0 5 4
AccumulatedOp: 5 55 73 0 0
AccumulatedOp: 2 72 0 0 5
AccumulatedOp: 5 55 72 0 0
AccumulatedOp: 5 55 74 0 0
ChildrenCount: 0
ChildIndices:
CompletedDBGraphIDsCount: 4
CompletedDBGraphID: 16994
CompletedDBGraphID: 2248
CompletedDBGraphID: 11296
CompletedDBGraphID: 19206
GraphStart
GraphDataStart
ID: 56
NumNodes: 75
NumEdges: 156
NodeLabels
2 2 2 2 2 2 2 2 3 4 4 4 4 4 4 4 4 4 4 4 4 4 4 4 4 4 4 4 4 4 4 4 4 4 4 4 4 4 4 5 5 5 5 5 5 5 5 5 5 5 5 5 5 5 5 4 5 5 5 5 5 5 5 5 5 5 5 5 5 5 5 5 5 5 5 
Edges
0 15 0
1 23 0
1 32 0
2 23 0
3 26 0
3 34 0
4 28 0
4 33 0
5 30 0
5 35 0
6 31 0
6 36 0
7 36 0
8 12 0
8 18 0
8 45 0
9 10 0
9 14 0
9 17 0
9 39 0
10 9 0
10 12 0
10 40 0
10 41 0
11 12 0
11 13 0
11 15 0
12 8 0
12 10 0
12 11 0
13 11 0
13 16 0
13 19 0
13 42 0
14 9 0
14 15 0
14 43 0
14 44 0
15 0 0
15 11 0
15 14 0
16 13 0
16 18 0
16 23 0
17 9 0
17 20 0
17 21 0
18 8 0
18 16 0
18 22 0
19 13 0
19 24 0
19 25 0
20 17 0
20 26 0
20 46 0
21 17 0
21 27 0
21 47 0
22 18 0
22 48 0
22 49 0
22 50 0
23 1 0
23 2 0
23 16 0
24 19 0
24 28 0
24 51 0
25 19 0
25 29 0
25 52 0
26 3 0
26 20 0
26 30 0
27 21 0
27 30 0
27 53 0
28 4 0
28 24 0
28 31 0
29 25 0
29 31 0
29 54 0
30 5 0
30 26 0
30 27 0
31 6 0
31 28 0
31 29 0
32 1 0
32 55 0
32 56 0
32 57 0
33 4 0
33 37 0
33 58 0
33 59 0
34 3 0
34 60 0
34 61 0
34 62 0
35 5 0
35 63 0
35 64 0
35 65 0
36 6 0
36 7 0
36 38 0
37 33 0
37 66 0
37 67 0
37 68 0
38 36 0
38 69 0
38 70 0
38 71 0
39 9 0
40 10 0
41 10 0
42 13 0
43 14 0
44 14 0
45 8 0
46 20 0
47 21 0
48 22 0
49 22 0
50 22 0
51 24 0
52 25 0
53 27 0
54 29 0
55 32 0
55 73 0
55 72 0
55 74 0
56 32 0
57 32 0
58 33 0
59 33 0
60 34 0
61 34 0
62 34 0
63 35 0
64 35 0
65 35 0
66 37 0
67 37 0
68 37 0
69 38 0
70 38 0
71 38 0
72 55 0
73 55 0
74 55 0
GraphDataEnd
GraphEnd
NodeEnd
END_EPT
