BEGIN_EPT
AnchorID: 18178  # ID of the anchor node
RootIndex: 0  # Index of the root node in tree_nodes
NodeCount: 14  # Total number of nodes in the EPT
NodeStart
EPTNodeID: 0
AnchorID: 18178
TreeNodeGraphID: 0
Level: 0
SimplifiedLevel: 0
EditOperation: -1 0 -1 0 0
AccumulatedOpsCount: 0
ChildrenCount: 5
ChildIndices: 1 8 11 12 13
CompletedDBGraphIDsCount: 0
GraphStart
GraphDataStart
ID: 0
NumNodes: 61
NumEdges: 128
NodeLabels
6 2 2 2 3 3 3 3 4 4 4 4 4 4 4 4 4 4 4 4 4 4 4 4 4 4 4 4 4 4 4 4 4 4 4 5 5 5 5 5 5 5 5 5 5 5 5 5 5 5 5 5 5 5 5 5 5 5 5 5 5 
Edges
0 12 0
0 20 0
1 25 0
2 32 0
2 33 0
3 32 0
4 8 0
4 10 0
4 12 0
5 6 0
5 8 0
6 5 0
6 12 0
7 25 0
7 26 0
7 51 0
8 4 0
8 5 0
8 9 0
9 8 0
9 11 0
9 35 0
9 36 0
10 4 0
10 13 0
10 14 0
11 9 0
11 18 0
11 19 0
12 0 0
12 4 0
12 6 0
13 10 0
13 16 0
13 37 0
14 10 0
14 17 0
14 38 0
15 16 0
15 17 0
15 23 0
16 13 0
16 15 0
16 39 0
17 14 0
17 15 0
17 40 0
18 11 0
18 21 0
18 41 0
19 11 0
19 22 0
19 42 0
20 0 0
20 25 0
20 43 0
20 44 0
21 18 0
21 24 0
21 45 0
22 19 0
22 24 0
22 46 0
23 15 0
23 47 0
23 48 0
23 49 0
24 21 0
24 22 0
24 50 0
25 1 0
25 7 0
25 20 0
26 7 0
26 27 0
26 28 0
27 26 0
27 30 0
27 52 0
28 26 0
28 31 0
28 53 0
29 30 0
29 31 0
29 32 0
30 27 0
30 29 0
30 54 0
31 28 0
31 29 0
31 55 0
32 2 0
32 3 0
32 29 0
33 2 0
33 34 0
33 56 0
33 57 0
34 33 0
34 58 0
34 59 0
34 60 0
35 9 0
36 9 0
37 13 0
38 14 0
39 16 0
40 17 0
41 18 0
42 19 0
43 20 0
44 20 0
45 21 0
46 22 0
47 23 0
48 23 0
49 23 0
50 24 0
51 7 0
52 27 0
53 28 0
54 30 0
55 31 0
56 33 0
57 33 0
58 34 0
59 34 0
60 34 0
GraphDataEnd
GraphEnd
NodeEnd
NodeStart
EPTNodeID: 1
AnchorID: 18178
TreeNodeGraphID: 1
Level: 1
SimplifiedLevel: 0
EditOperation: 4 4 10 0 0
AccumulatedOpsCount: 1
AccumulatedOp: 4 4 10 0 0
ChildrenCount: 2
ChildIndices: 2 5
CompletedDBGraphIDsCount: 0
GraphStart
GraphDataStart
ID: 1
NumNodes: 61
NumEdges: 126
NodeLabels
6 2 2 2 3 3 3 3 4 4 4 4 4 4 4 4 4 4 4 4 4 4 4 4 4 4 4 4 4 4 4 4 4 4 4 5 5 5 5 5 5 5 5 5 5 5 5 5 5 5 5 5 5 5 5 5 5 5 5 5 5 
Edges
0 12 0
0 20 0
1 25 0
2 32 0
2 33 0
3 32 0
4 8 0
4 12 0
5 6 0
5 8 0
6 5 0
6 12 0
7 25 0
7 26 0
7 51 0
8 4 0
8 5 0
8 9 0
9 8 0
9 11 0
9 35 0
9 36 0
10 13 0
10 14 0
11 9 0
11 18 0
11 19 0
12 0 0
12 4 0
12 6 0
13 10 0
13 16 0
13 37 0
14 10 0
14 17 0
14 38 0
15 16 0
15 17 0
15 23 0
16 13 0
16 15 0
16 39 0
17 14 0
17 15 0
17 40 0
18 11 0
18 21 0
18 41 0
19 11 0
19 22 0
19 42 0
20 0 0
20 25 0
20 43 0
20 44 0
21 18 0
21 24 0
21 45 0
22 19 0
22 24 0
22 46 0
23 15 0
23 47 0
23 48 0
23 49 0
24 21 0
24 22 0
24 50 0
25 1 0
25 7 0
25 20 0
26 7 0
26 27 0
26 28 0
27 26 0
27 30 0
27 52 0
28 26 0
28 31 0
28 53 0
29 30 0
29 31 0
29 32 0
30 27 0
30 29 0
30 54 0
31 28 0
31 29 0
31 55 0
32 2 0
32 3 0
32 29 0
33 2 0
33 34 0
33 56 0
33 57 0
34 33 0
34 58 0
34 59 0
34 60 0
35 9 0
36 9 0
37 13 0
38 14 0
39 16 0
40 17 0
41 18 0
42 19 0
43 20 0
44 20 0
45 21 0
46 22 0
47 23 0
48 23 0
49 23 0
50 24 0
51 7 0
52 27 0
53 28 0
54 30 0
55 31 0
56 33 0
57 33 0
58 34 0
59 34 0
60 34 0
GraphDataEnd
GraphEnd
NodeEnd
NodeStart
EPTNodeID: 2
AnchorID: 18178
TreeNodeGraphID: 2
Level: 2
SimplifiedLevel: 0
EditOperation: 5 4 23 0 0
AccumulatedOpsCount: 1
AccumulatedOp: 5 4 23 0 0
ChildrenCount: 2
ChildIndices: 3 4
CompletedDBGraphIDsCount: 0
GraphStart
GraphDataStart
ID: 2
NumNodes: 61
NumEdges: 128
NodeLabels
6 2 2 2 3 3 3 3 4 4 4 4 4 4 4 4 4 4 4 4 4 4 4 4 4 4 4 4 4 4 4 4 4 4 4 5 5 5 5 5 5 5 5 5 5 5 5 5 5 5 5 5 5 5 5 5 5 5 5 5 5 
Edges
0 12 0
0 20 0
1 25 0
2 32 0
2 33 0
3 32 0
4 8 0
4 12 0
4 23 0
5 6 0
5 8 0
6 5 0
6 12 0
7 25 0
7 26 0
7 51 0
8 4 0
8 5 0
8 9 0
9 8 0
9 11 0
9 35 0
9 36 0
10 13 0
10 14 0
11 9 0
11 18 0
11 19 0
12 0 0
12 4 0
12 6 0
13 10 0
13 16 0
13 37 0
14 10 0
14 17 0
14 38 0
15 16 0
15 17 0
15 23 0
16 13 0
16 15 0
16 39 0
17 14 0
17 15 0
17 40 0
18 11 0
18 21 0
18 41 0
19 11 0
19 22 0
19 42 0
20 0 0
20 25 0
20 43 0
20 44 0
21 18 0
21 24 0
21 45 0
22 19 0
22 24 0
22 46 0
23 15 0
23 47 0
23 48 0
23 49 0
23 4 0
24 21 0
24 22 0
24 50 0
25 1 0
25 7 0
25 20 0
26 7 0
26 27 0
26 28 0
27 26 0
27 30 0
27 52 0
28 26 0
28 31 0
28 53 0
29 30 0
29 31 0
29 32 0
30 27 0
30 29 0
30 54 0
31 28 0
31 29 0
31 55 0
32 2 0
32 3 0
32 29 0
33 2 0
33 34 0
33 56 0
33 57 0
34 33 0
34 58 0
34 59 0
34 60 0
35 9 0
36 9 0
37 13 0
38 14 0
39 16 0
40 17 0
41 18 0
42 19 0
43 20 0
44 20 0
45 21 0
46 22 0
47 23 0
48 23 0
49 23 0
50 24 0
51 7 0
52 27 0
53 28 0
54 30 0
55 31 0
56 33 0
57 33 0
58 34 0
59 34 0
60 34 0
GraphDataEnd
GraphEnd
NodeEnd
NodeStart
EPTNodeID: 3
AnchorID: 18178
TreeNodeGraphID: 4
Level: 4
SimplifiedLevel: 0
EditOperation: 5 10 49 0 0
AccumulatedOpsCount: 2
AccumulatedOp: 4 23 49 0 0
AccumulatedOp: 5 10 49 0 0
ChildrenCount: 0
ChildIndices:
CompletedDBGraphIDsCount: 1
CompletedDBGraphID: 20595
GraphStart
GraphDataStart
ID: 4
NumNodes: 61
NumEdges: 128
NodeLabels
6 2 2 2 3 3 3 3 4 4 4 4 4 4 4 4 4 4 4 4 4 4 4 4 4 4 4 4 4 4 4 4 4 4 4 5 5 5 5 5 5 5 5 5 5 5 5 5 5 5 5 5 5 5 5 5 5 5 5 5 5 
Edges
0 12 0
0 20 0
1 25 0
2 32 0
2 33 0
3 32 0
4 8 0
4 12 0
4 23 0
5 6 0
5 8 0
6 5 0
6 12 0
7 25 0
7 26 0
7 51 0
8 4 0
8 5 0
8 9 0
9 8 0
9 11 0
9 35 0
9 36 0
10 13 0
10 14 0
10 49 0
11 9 0
11 18 0
11 19 0
12 0 0
12 4 0
12 6 0
13 10 0
13 16 0
13 37 0
14 10 0
14 17 0
14 38 0
15 16 0
15 17 0
15 23 0
16 13 0
16 15 0
16 39 0
17 14 0
17 15 0
17 40 0
18 11 0
18 21 0
18 41 0
19 11 0
19 22 0
19 42 0
20 0 0
20 25 0
20 43 0
20 44 0
21 18 0
21 24 0
21 45 0
22 19 0
22 24 0
22 46 0
23 15 0
23 47 0
23 48 0
23 4 0
24 21 0
24 22 0
24 50 0
25 1 0
25 7 0
25 20 0
26 7 0
26 27 0
26 28 0
27 26 0
27 30 0
27 52 0
28 26 0
28 31 0
28 53 0
29 30 0
29 31 0
29 32 0
30 27 0
30 29 0
30 54 0
31 28 0
31 29 0
31 55 0
32 2 0
32 3 0
32 29 0
33 2 0
33 34 0
33 56 0
33 57 0
34 33 0
34 58 0
34 59 0
34 60 0
35 9 0
36 9 0
37 13 0
38 14 0
39 16 0
40 17 0
41 18 0
42 19 0
43 20 0
44 20 0
45 21 0
46 22 0
47 23 0
48 23 0
49 10 0
50 24 0
51 7 0
52 27 0
53 28 0
54 30 0
55 31 0
56 33 0
57 33 0
58 34 0
59 34 0
60 34 0
GraphDataEnd
GraphEnd
NodeEnd
NodeStart
EPTNodeID: 4
AnchorID: 18178
TreeNodeGraphID: 13
Level: 11
SimplifiedLevel: 0
EditOperation: 5 8 15 0 0
AccumulatedOpsCount: 9
AccumulatedOp: 0 13 0 4 3
AccumulatedOp: 4 8 9 0 0
AccumulatedOp: 4 13 37 0 0
AccumulatedOp: 4 15 23 0 0
AccumulatedOp: 4 23 47 0 0
AccumulatedOp: 1 47 0 5 0
AccumulatedOp: 5 9 23 0 0
AccumulatedOp: 5 10 37 0 0
AccumulatedOp: 5 8 15 0 0
ChildrenCount: 0
ChildIndices:
CompletedDBGraphIDsCount: 1
CompletedDBGraphID: 17410
GraphStart
GraphDataStart
ID: 13
NumNodes: 60
NumEdges: 126
NodeLabels
6 2 2 2 3 3 3 3 4 4 4 4 4 3 4 4 4 4 4 4 4 4 4 4 4 4 4 4 4 4 4 4 4 4 4 5 5 5 5 5 5 5 5 5 5 5 5 5 5 5 5 5 5 5 5 5 5 5 5 5 
Edges
0 12 0
0 20 0
1 25 0
2 32 0
2 33 0
3 32 0
4 8 0
4 12 0
4 23 0
5 6 0
5 8 0
6 5 0
6 12 0
7 25 0
7 26 0
7 50 0
8 4 0
8 5 0
8 15 0
9 11 0
9 35 0
9 36 0
9 23 0
10 13 0
10 14 0
10 37 0
11 9 0
11 18 0
11 19 0
12 0 0
12 4 0
12 6 0
13 10 0
13 16 0
14 10 0
14 17 0
14 38 0
15 16 0
15 17 0
15 8 0
16 13 0
16 15 0
16 39 0
17 14 0
17 15 0
17 40 0
18 11 0
18 21 0
18 41 0
19 11 0
19 22 0
19 42 0
20 0 0
20 25 0
20 43 0
20 44 0
21 18 0
21 24 0
21 45 0
22 19 0
22 24 0
22 46 0
23 47 0
23 48 0
23 4 0
23 9 0
24 21 0
24 22 0
24 49 0
25 1 0
25 7 0
25 20 0
26 7 0
26 27 0
26 28 0
27 26 0
27 30 0
27 51 0
28 26 0
28 31 0
28 52 0
29 30 0
29 31 0
29 32 0
30 27 0
30 29 0
30 53 0
31 28 0
31 29 0
31 54 0
32 2 0
32 3 0
32 29 0
33 2 0
33 34 0
33 55 0
33 56 0
34 33 0
34 57 0
34 58 0
34 59 0
35 9 0
36 9 0
37 10 0
38 14 0
39 16 0
40 17 0
41 18 0
42 19 0
43 20 0
44 20 0
45 21 0
46 22 0
47 23 0
48 23 0
49 24 0
50 7 0
51 27 0
52 28 0
53 30 0
54 31 0
55 33 0
56 33 0
57 34 0
58 34 0
59 34 0
GraphDataEnd
GraphEnd
NodeEnd
NodeStart
EPTNodeID: 5
AnchorID: 18178
TreeNodeGraphID: 14
Level: 2
SimplifiedLevel: 0
EditOperation: 4 29 32 0 0
AccumulatedOpsCount: 1
AccumulatedOp: 4 29 32 0 0
ChildrenCount: 2
ChildIndices: 6 7
CompletedDBGraphIDsCount: 0
GraphStart
GraphDataStart
ID: 14
NumNodes: 61
NumEdges: 124
NodeLabels
6 2 2 2 3 3 3 3 4 4 4 4 4 4 4 4 4 4 4 4 4 4 4 4 4 4 4 4 4 4 4 4 4 4 4 5 5 5 5 5 5 5 5 5 5 5 5 5 5 5 5 5 5 5 5 5 5 5 5 5 5 
Edges
0 12 0
0 20 0
1 25 0
2 32 0
2 33 0
3 32 0
4 8 0
4 12 0
5 6 0
5 8 0
6 5 0
6 12 0
7 25 0
7 26 0
7 51 0
8 4 0
8 5 0
8 9 0
9 8 0
9 11 0
9 35 0
9 36 0
10 13 0
10 14 0
11 9 0
11 18 0
11 19 0
12 0 0
12 4 0
12 6 0
13 10 0
13 16 0
13 37 0
14 10 0
14 17 0
14 38 0
15 16 0
15 17 0
15 23 0
16 13 0
16 15 0
16 39 0
17 14 0
17 15 0
17 40 0
18 11 0
18 21 0
18 41 0
19 11 0
19 22 0
19 42 0
20 0 0
20 25 0
20 43 0
20 44 0
21 18 0
21 24 0
21 45 0
22 19 0
22 24 0
22 46 0
23 15 0
23 47 0
23 48 0
23 49 0
24 21 0
24 22 0
24 50 0
25 1 0
25 7 0
25 20 0
26 7 0
26 27 0
26 28 0
27 26 0
27 30 0
27 52 0
28 26 0
28 31 0
28 53 0
29 30 0
29 31 0
30 27 0
30 29 0
30 54 0
31 28 0
31 29 0
31 55 0
32 2 0
32 3 0
33 2 0
33 34 0
33 56 0
33 57 0
34 33 0
34 58 0
34 59 0
34 60 0
35 9 0
36 9 0
37 13 0
38 14 0
39 16 0
40 17 0
41 18 0
42 19 0
43 20 0
44 20 0
45 21 0
46 22 0
47 23 0
48 23 0
49 23 0
50 24 0
51 7 0
52 27 0
53 28 0
54 30 0
55 31 0
56 33 0
57 33 0
58 34 0
59 34 0
60 34 0
GraphDataEnd
GraphEnd
NodeEnd
NodeStart
EPTNodeID: 6
AnchorID: 18178
TreeNodeGraphID: 22
Level: 10
SimplifiedLevel: 0
EditOperation: 5 29 55 0 0
AccumulatedOpsCount: 8
AccumulatedOp: 2 61 0 0 2
AccumulatedOp: 5 31 32 0 0
AccumulatedOp: 5 10 61 0 0
AccumulatedOp: 5 4 11 0 0
AccumulatedOp: 4 9 11 0 0
AccumulatedOp: 5 9 61 0 0
AccumulatedOp: 4 31 55 0 0
AccumulatedOp: 5 29 55 0 0
ChildrenCount: 0
ChildIndices:
CompletedDBGraphIDsCount: 1
CompletedDBGraphID: 14647
GraphStart
GraphDataStart
ID: 22
NumNodes: 62
NumEdges: 130
NodeLabels
6 2 2 2 3 3 3 3 4 4 4 4 4 4 4 4 4 4 4 4 4 4 4 4 4 4 4 4 4 4 4 4 4 4 4 5 5 5 5 5 5 5 5 5 5 5 5 5 5 5 5 5 5 5 5 5 5 5 5 5 5 2 
Edges
0 12 0
0 20 0
1 25 0
2 32 0
2 33 0
3 32 0
4 8 0
4 12 0
4 11 0
5 6 0
5 8 0
6 5 0
6 12 0
7 25 0
7 26 0
7 51 0
8 4 0
8 5 0
8 9 0
9 8 0
9 35 0
9 36 0
9 61 0
10 13 0
10 14 0
10 61 0
11 18 0
11 19 0
11 4 0
12 0 0
12 4 0
12 6 0
13 10 0
13 16 0
13 37 0
14 10 0
14 17 0
14 38 0
15 16 0
15 17 0
15 23 0
16 13 0
16 15 0
16 39 0
17 14 0
17 15 0
17 40 0
18 11 0
18 21 0
18 41 0
19 11 0
19 22 0
19 42 0
20 0 0
20 25 0
20 43 0
20 44 0
21 18 0
21 24 0
21 45 0
22 19 0
22 24 0
22 46 0
23 15 0
23 47 0
23 48 0
23 49 0
24 21 0
24 22 0
24 50 0
25 1 0
25 7 0
25 20 0
26 7 0
26 27 0
26 28 0
27 26 0
27 30 0
27 52 0
28 26 0
28 31 0
28 53 0
29 30 0
29 31 0
29 55 0
30 27 0
30 29 0
30 54 0
31 28 0
31 29 0
31 32 0
32 2 0
32 3 0
32 31 0
33 2 0
33 34 0
33 56 0
33 57 0
34 33 0
34 58 0
34 59 0
34 60 0
35 9 0
36 9 0
37 13 0
38 14 0
39 16 0
40 17 0
41 18 0
42 19 0
43 20 0
44 20 0
45 21 0
46 22 0
47 23 0
48 23 0
49 23 0
50 24 0
51 7 0
52 27 0
53 28 0
54 30 0
55 29 0
56 33 0
57 33 0
58 34 0
59 34 0
60 34 0
61 10 0
61 9 0
GraphDataEnd
GraphEnd
NodeEnd
NodeStart
EPTNodeID: 7
AnchorID: 18178
TreeNodeGraphID: 32
Level: 12
SimplifiedLevel: 0
EditOperation: 5 2 29 0 0
AccumulatedOpsCount: 10
AccumulatedOp: 4 2 32 0 0
AccumulatedOp: 5 4 9 0 0
AccumulatedOp: 5 8 10 0 0
AccumulatedOp: 4 3 32 0 0
AccumulatedOp: 1 32 0 4 0
AccumulatedOp: 4 8 9 0 0
AccumulatedOp: 4 15 23 0 0
AccumulatedOp: 5 3 23 0 0
AccumulatedOp: 5 3 15 0 0
AccumulatedOp: 5 2 29 0 0
ChildrenCount: 0
ChildIndices:
CompletedDBGraphIDsCount: 1
CompletedDBGraphID: 10643
GraphStart
GraphDataStart
ID: 32
NumNodes: 60
NumEdges: 126
NodeLabels
6 2 2 2 3 3 3 3 4 4 4 4 4 4 4 4 4 4 4 4 4 4 4 4 4 4 4 4 4 4 4 4 4 4 5 5 5 5 5 5 5 5 5 5 5 5 5 5 5 5 5 5 5 5 5 5 5 5 5 5 
Edges
0 12 0
0 20 0
1 25 0
2 32 0
2 29 0
3 23 0
3 15 0
4 8 0
4 12 0
4 9 0
5 6 0
5 8 0
6 5 0
6 12 0
7 25 0
7 26 0
7 50 0
8 4 0
8 5 0
8 10 0
9 11 0
9 34 0
9 35 0
9 4 0
10 13 0
10 14 0
10 8 0
11 9 0
11 18 0
11 19 0
12 0 0
12 4 0
12 6 0
13 10 0
13 16 0
13 36 0
14 10 0
14 17 0
14 37 0
15 16 0
15 17 0
15 3 0
16 13 0
16 15 0
16 38 0
17 14 0
17 15 0
17 39 0
18 11 0
18 21 0
18 40 0
19 11 0
19 22 0
19 41 0
20 0 0
20 25 0
20 42 0
20 43 0
21 18 0
21 24 0
21 44 0
22 19 0
22 24 0
22 45 0
23 46 0
23 47 0
23 48 0
23 3 0
24 21 0
24 22 0
24 49 0
25 1 0
25 7 0
25 20 0
26 7 0
26 27 0
26 28 0
27 26 0
27 30 0
27 51 0
28 26 0
28 31 0
28 52 0
29 30 0
29 31 0
29 2 0
30 27 0
30 29 0
30 53 0
31 28 0
31 29 0
31 54 0
32 2 0
32 33 0
32 55 0
32 56 0
33 32 0
33 57 0
33 58 0
33 59 0
34 9 0
35 9 0
36 13 0
37 14 0
38 16 0
39 17 0
40 18 0
41 19 0
42 20 0
43 20 0
44 21 0
45 22 0
46 23 0
47 23 0
48 23 0
49 24 0
50 7 0
51 27 0
52 28 0
53 30 0
54 31 0
55 32 0
56 32 0
57 33 0
58 33 0
59 33 0
GraphDataEnd
GraphEnd
NodeEnd
NodeStart
EPTNodeID: 8
AnchorID: 18178
TreeNodeGraphID: 34
Level: 2
SimplifiedLevel: 0
EditOperation: 4 9 35 0 0
AccumulatedOpsCount: 2
AccumulatedOp: 4 8 9 0 0
AccumulatedOp: 4 9 35 0 0
ChildrenCount: 2
ChildIndices: 9 10
CompletedDBGraphIDsCount: 0
GraphStart
GraphDataStart
ID: 34
NumNodes: 61
NumEdges: 124
NodeLabels
6 2 2 2 3 3 3 3 4 4 4 4 4 4 4 4 4 4 4 4 4 4 4 4 4 4 4 4 4 4 4 4 4 4 4 5 5 5 5 5 5 5 5 5 5 5 5 5 5 5 5 5 5 5 5 5 5 5 5 5 5 
Edges
0 12 0
0 20 0
1 25 0
2 32 0
2 33 0
3 32 0
4 8 0
4 10 0
4 12 0
5 6 0
5 8 0
6 5 0
6 12 0
7 25 0
7 26 0
7 51 0
8 4 0
8 5 0
9 11 0
9 36 0
10 4 0
10 13 0
10 14 0
11 9 0
11 18 0
11 19 0
12 0 0
12 4 0
12 6 0
13 10 0
13 16 0
13 37 0
14 10 0
14 17 0
14 38 0
15 16 0
15 17 0
15 23 0
16 13 0
16 15 0
16 39 0
17 14 0
17 15 0
17 40 0
18 11 0
18 21 0
18 41 0
19 11 0
19 22 0
19 42 0
20 0 0
20 25 0
20 43 0
20 44 0
21 18 0
21 24 0
21 45 0
22 19 0
22 24 0
22 46 0
23 15 0
23 47 0
23 48 0
23 49 0
24 21 0
24 22 0
24 50 0
25 1 0
25 7 0
25 20 0
26 7 0
26 27 0
26 28 0
27 26 0
27 30 0
27 52 0
28 26 0
28 31 0
28 53 0
29 30 0
29 31 0
29 32 0
30 27 0
30 29 0
30 54 0
31 28 0
31 29 0
31 55 0
32 2 0
32 3 0
32 29 0
33 2 0
33 34 0
33 56 0
33 57 0
34 33 0
34 58 0
34 59 0
34 60 0
36 9 0
37 13 0
38 14 0
39 16 0
40 17 0
41 18 0
42 19 0
43 20 0
44 20 0
45 21 0
46 22 0
47 23 0
48 23 0
49 23 0
50 24 0
51 7 0
52 27 0
53 28 0
54 30 0
55 31 0
56 33 0
57 33 0
58 34 0
59 34 0
60 34 0
GraphDataEnd
GraphEnd
NodeEnd
NodeStart
EPTNodeID: 9
AnchorID: 18178
TreeNodeGraphID: 42
Level: 10
SimplifiedLevel: 0
EditOperation: 5 15 35 0 0
AccumulatedOpsCount: 8
AccumulatedOp: 0 9 0 4 3
AccumulatedOp: 0 50 0 5 1
AccumulatedOp: 5 9 23 0 0
AccumulatedOp: 4 15 23 0 0
AccumulatedOp: 4 23 47 0 0
AccumulatedOp: 1 47 0 5 0
AccumulatedOp: 5 8 23 0 0
AccumulatedOp: 5 15 35 0 0
ChildrenCount: 0
ChildIndices:
CompletedDBGraphIDsCount: 1
CompletedDBGraphID: 1348
GraphStart
GraphDataStart
ID: 42
NumNodes: 60
NumEdges: 126
NodeLabels
6 2 2 2 3 3 3 3 4 3 4 4 4 4 4 4 4 4 4 4 4 4 4 4 4 4 4 4 4 4 4 4 4 4 4 5 5 5 5 5 5 5 5 5 5 5 5 5 5 1 5 5 5 5 5 5 5 5 5 5 
Edges
0 12 0
0 20 0
1 25 0
2 32 0
2 33 0
3 32 0
4 8 0
4 10 0
4 12 0
5 6 0
5 8 0
6 5 0
6 12 0
7 25 0
7 26 0
7 50 0
8 4 0
8 5 0
8 23 0
9 11 0
9 36 0
9 23 0
10 4 0
10 13 0
10 14 0
11 9 0
11 18 0
11 19 0
12 0 0
12 4 0
12 6 0
13 10 0
13 16 0
13 37 0
14 10 0
14 17 0
14 38 0
15 16 0
15 17 0
15 35 0
16 13 0
16 15 0
16 39 0
17 14 0
17 15 0
17 40 0
18 11 0
18 21 0
18 41 0
19 11 0
19 22 0
19 42 0
20 0 0
20 25 0
20 43 0
20 44 0
21 18 0
21 24 0
21 45 0
22 19 0
22 24 0
22 46 0
23 47 0
23 48 0
23 9 0
23 8 0
24 21 0
24 22 0
24 49 0
25 1 0
25 7 0
25 20 0
26 7 0
26 27 0
26 28 0
27 26 0
27 30 0
27 51 0
28 26 0
28 31 0
28 52 0
29 30 0
29 31 0
29 32 0
30 27 0
30 29 0
30 53 0
31 28 0
31 29 0
31 54 0
32 2 0
32 3 0
32 29 0
33 2 0
33 34 0
33 55 0
33 56 0
34 33 0
34 57 0
34 58 0
34 59 0
35 15 0
36 9 0
37 13 0
38 14 0
39 16 0
40 17 0
41 18 0
42 19 0
43 20 0
44 20 0
45 21 0
46 22 0
47 23 0
48 23 0
49 24 0
50 7 0
51 27 0
52 28 0
53 30 0
54 31 0
55 33 0
56 33 0
57 34 0
58 34 0
59 34 0
GraphDataEnd
GraphEnd
NodeEnd
NodeStart
EPTNodeID: 10
AnchorID: 18178
TreeNodeGraphID: 51
Level: 11
SimplifiedLevel: 0
EditOperation: 1 50 0 5 0
AccumulatedOpsCount: 9
AccumulatedOp: 0 24 0 4 3
AccumulatedOp: 4 9 36 0 0
AccumulatedOp: 1 35 0 5 0
AccumulatedOp: 1 36 0 5 0
AccumulatedOp: 4 9 11 0 0
AccumulatedOp: 1 9 0 4 0
AccumulatedOp: 5 8 11 0 0
AccumulatedOp: 4 24 50 0 0
AccumulatedOp: 1 50 0 5 0
ChildrenCount: 0
ChildIndices:
CompletedDBGraphIDsCount: 1
CompletedDBGraphID: 4590
GraphStart
GraphDataStart
ID: 51
NumNodes: 57
NumEdges: 120
NodeLabels
6 2 2 2 3 3 3 3 4 4 4 4 4 4 4 4 4 4 4 4 4 4 4 3 4 4 4 4 4 4 4 4 4 4 5 5 5 5 5 5 5 5 5 5 5 5 5 5 5 5 5 5 5 5 5 5 5 
Edges
0 11 0
0 19 0
1 24 0
2 31 0
2 32 0
3 31 0
4 8 0
4 9 0
4 11 0
5 6 0
5 8 0
6 5 0
6 11 0
7 24 0
7 25 0
7 47 0
8 4 0
8 5 0
8 10 0
9 4 0
9 12 0
9 13 0
10 17 0
10 18 0
10 8 0
11 0 0
11 4 0
11 6 0
12 9 0
12 15 0
12 34 0
13 9 0
13 16 0
13 35 0
14 15 0
14 16 0
14 22 0
15 12 0
15 14 0
15 36 0
16 13 0
16 14 0
16 37 0
17 10 0
17 20 0
17 38 0
18 10 0
18 21 0
18 39 0
19 0 0
19 24 0
19 40 0
19 41 0
20 17 0
20 23 0
20 42 0
21 18 0
21 23 0
21 43 0
22 14 0
22 44 0
22 45 0
22 46 0
23 20 0
23 21 0
24 1 0
24 7 0
24 19 0
25 7 0
25 26 0
25 27 0
26 25 0
26 29 0
26 48 0
27 25 0
27 30 0
27 49 0
28 29 0
28 30 0
28 31 0
29 26 0
29 28 0
29 50 0
30 27 0
30 28 0
30 51 0
31 2 0
31 3 0
31 28 0
32 2 0
32 33 0
32 52 0
32 53 0
33 32 0
33 54 0
33 55 0
33 56 0
34 12 0
35 13 0
36 15 0
37 16 0
38 17 0
39 18 0
40 19 0
41 19 0
42 20 0
43 21 0
44 22 0
45 22 0
46 22 0
47 7 0
48 26 0
49 27 0
50 29 0
51 30 0
52 32 0
53 32 0
54 33 0
55 33 0
56 33 0
GraphDataEnd
GraphEnd
NodeEnd
NodeStart
EPTNodeID: 11
AnchorID: 18178
TreeNodeGraphID: 62
Level: 11
SimplifiedLevel: 0
EditOperation: 5 23 32 0 0
AccumulatedOpsCount: 11
AccumulatedOp: 4 15 23 0 0
AccumulatedOp: 4 33 57 0 0
AccumulatedOp: 0 33 0 4 2
AccumulatedOp: 1 57 0 5 0
AccumulatedOp: 4 2 32 0 0
AccumulatedOp: 4 2 33 0 0
AccumulatedOp: 1 2 0 2 0
AccumulatedOp: 4 33 56 0 0
AccumulatedOp: 1 56 0 5 0
AccumulatedOp: 5 15 33 0 0
AccumulatedOp: 5 23 32 0 0
ChildrenCount: 0
ChildIndices:
CompletedDBGraphIDsCount: 1
CompletedDBGraphID: 549
GraphStart
GraphDataStart
ID: 62
NumNodes: 58
NumEdges: 122
NodeLabels
6 2 2 3 3 3 3 4 4 4 4 4 4 4 4 4 4 4 4 4 4 4 4 4 4 4 4 4 4 4 4 4 2 4 5 5 5 5 5 5 5 5 5 5 5 5 5 5 5 5 5 5 5 5 5 5 5 5 
Edges
0 11 0
0 19 0
1 24 0
2 31 0
3 7 0
3 9 0
3 11 0
4 5 0
4 7 0
5 4 0
5 11 0
6 24 0
6 25 0
6 50 0
7 3 0
7 4 0
7 8 0
8 7 0
8 10 0
8 34 0
8 35 0
9 3 0
9 12 0
9 13 0
10 8 0
10 17 0
10 18 0
11 0 0
11 3 0
11 5 0
12 9 0
12 15 0
12 36 0
13 9 0
13 16 0
13 37 0
14 15 0
14 16 0
14 32 0
15 12 0
15 14 0
15 38 0
16 13 0
16 14 0
16 39 0
17 10 0
17 20 0
17 40 0
18 10 0
18 21 0
18 41 0
19 0 0
19 24 0
19 42 0
19 43 0
20 17 0
20 23 0
20 44 0
21 18 0
21 23 0
21 45 0
22 46 0
22 47 0
22 48 0
22 31 0
23 20 0
23 21 0
23 49 0
24 1 0
24 6 0
24 19 0
25 6 0
25 26 0
25 27 0
26 25 0
26 29 0
26 51 0
27 25 0
27 30 0
27 52 0
28 29 0
28 30 0
28 31 0
29 26 0
29 28 0
29 53 0
30 27 0
30 28 0
30 54 0
31 2 0
31 28 0
31 22 0
32 33 0
32 14 0
33 32 0
33 55 0
33 56 0
33 57 0
34 8 0
35 8 0
36 12 0
37 13 0
38 15 0
39 16 0
40 17 0
41 18 0
42 19 0
43 19 0
44 20 0
45 21 0
46 22 0
47 22 0
48 22 0
49 23 0
50 6 0
51 26 0
52 27 0
53 29 0
54 30 0
55 33 0
56 33 0
57 33 0
GraphDataEnd
GraphEnd
NodeEnd
NodeStart
EPTNodeID: 12
AnchorID: 18178
TreeNodeGraphID: 70
Level: 8
SimplifiedLevel: 0
EditOperation: 5 2 29 0 0
AccumulatedOpsCount: 8
AccumulatedOp: 4 9 11 0 0
AccumulatedOp: 4 2 32 0 0
AccumulatedOp: 4 3 32 0 0
AccumulatedOp: 5 3 9 0 0
AccumulatedOp: 4 29 32 0 0
AccumulatedOp: 1 32 0 4 0
AccumulatedOp: 5 3 11 0 0
AccumulatedOp: 5 2 29 0 0
ChildrenCount: 0
ChildIndices:
CompletedDBGraphIDsCount: 1
CompletedDBGraphID: 6776
GraphStart
GraphDataStart
ID: 70
NumNodes: 60
NumEdges: 126
NodeLabels
6 2 2 2 3 3 3 3 4 4 4 4 4 4 4 4 4 4 4 4 4 4 4 4 4 4 4 4 4 4 4 4 4 4 5 5 5 5 5 5 5 5 5 5 5 5 5 5 5 5 5 5 5 5 5 5 5 5 5 5 
Edges
0 12 0
0 20 0
1 25 0
2 32 0
2 29 0
3 9 0
3 11 0
4 8 0
4 10 0
4 12 0
5 6 0
5 8 0
6 5 0
6 12 0
7 25 0
7 26 0
7 50 0
8 4 0
8 5 0
8 9 0
9 8 0
9 34 0
9 35 0
9 3 0
10 4 0
10 13 0
10 14 0
11 18 0
11 19 0
11 3 0
12 0 0
12 4 0
12 6 0
13 10 0
13 16 0
13 36 0
14 10 0
14 17 0
14 37 0
15 16 0
15 17 0
15 23 0
16 13 0
16 15 0
16 38 0
17 14 0
17 15 0
17 39 0
18 11 0
18 21 0
18 40 0
19 11 0
19 22 0
19 41 0
20 0 0
20 25 0
20 42 0
20 43 0
21 18 0
21 24 0
21 44 0
22 19 0
22 24 0
22 45 0
23 15 0
23 46 0
23 47 0
23 48 0
24 21 0
24 22 0
24 49 0
25 1 0
25 7 0
25 20 0
26 7 0
26 27 0
26 28 0
27 26 0
27 30 0
27 51 0
28 26 0
28 31 0
28 52 0
29 30 0
29 31 0
29 2 0
30 27 0
30 29 0
30 53 0
31 28 0
31 29 0
31 54 0
32 2 0
32 33 0
32 55 0
32 56 0
33 32 0
33 57 0
33 58 0
33 59 0
34 9 0
35 9 0
36 13 0
37 14 0
38 16 0
39 17 0
40 18 0
41 19 0
42 20 0
43 20 0
44 21 0
45 22 0
46 23 0
47 23 0
48 23 0
49 24 0
50 7 0
51 27 0
52 28 0
53 30 0
54 31 0
55 32 0
56 32 0
57 33 0
58 33 0
59 33 0
GraphDataEnd
GraphEnd
NodeEnd
NodeStart
EPTNodeID: 13
AnchorID: 18178
TreeNodeGraphID: 77
Level: 7
SimplifiedLevel: 0
EditOperation: 1 58 0 5 0
AccumulatedOpsCount: 7
AccumulatedOp: 0 34 0 4 5
AccumulatedOp: 4 34 60 0 0
AccumulatedOp: 1 60 0 5 0
AccumulatedOp: 4 34 59 0 0
AccumulatedOp: 1 59 0 5 0
AccumulatedOp: 4 34 58 0 0
AccumulatedOp: 1 58 0 5 0
ChildrenCount: 0
ChildIndices:
CompletedDBGraphIDsCount: 1
CompletedDBGraphID: 13843
GraphStart
GraphDataStart
ID: 77
NumNodes: 58
NumEdges: 122
NodeLabels
6 2 2 2 3 3 3 3 4 4 4 4 4 4 4 4 4 4 4 4 4 4 4 4 4 4 4 4 4 4 4 4 4 4 5 5 5 5 5 5 5 5 5 5 5 5 5 5 5 5 5 5 5 5 5 5 5 5 
Edges
0 12 0
0 20 0
1 25 0
2 32 0
2 33 0
3 32 0
4 8 0
4 10 0
4 12 0
5 6 0
5 8 0
6 5 0
6 12 0
7 25 0
7 26 0
7 51 0
8 4 0
8 5 0
8 9 0
9 8 0
9 11 0
9 35 0
9 36 0
10 4 0
10 13 0
10 14 0
11 9 0
11 18 0
11 19 0
12 0 0
12 4 0
12 6 0
13 10 0
13 16 0
13 37 0
14 10 0
14 17 0
14 38 0
15 16 0
15 17 0
15 23 0
16 13 0
16 15 0
16 39 0
17 14 0
17 15 0
17 40 0
18 11 0
18 21 0
18 41 0
19 11 0
19 22 0
19 42 0
20 0 0
20 25 0
20 43 0
20 44 0
21 18 0
21 24 0
21 45 0
22 19 0
22 24 0
22 46 0
23 15 0
23 47 0
23 48 0
23 49 0
24 21 0
24 22 0
24 50 0
25 1 0
25 7 0
25 20 0
26 7 0
26 27 0
26 28 0
27 26 0
27 30 0
27 52 0
28 26 0
28 31 0
28 53 0
29 30 0
29 31 0
29 32 0
30 27 0
30 29 0
30 54 0
31 28 0
31 29 0
31 55 0
32 2 0
32 3 0
32 29 0
33 2 0
33 34 0
33 56 0
33 57 0
34 33 0
35 9 0
36 9 0
37 13 0
38 14 0
39 16 0
40 17 0
41 18 0
42 19 0
43 20 0
44 20 0
45 21 0
46 22 0
47 23 0
48 23 0
49 23 0
50 24 0
51 7 0
52 27 0
53 28 0
54 30 0
55 31 0
56 33 0
57 33 0
GraphDataEnd
GraphEnd
NodeEnd
END_EPT
