BEGIN_EPT
AnchorID: 6553  # ID of the anchor node
RootIndex: 0  # Index of the root node in tree_nodes
NodeCount: 21  # Total number of nodes in the EPT
NodeStart
EPTNodeID: 0
AnchorID: 6553
TreeNodeGraphID: 0
Level: 0
SimplifiedLevel: 0
EditOperation: -1 0 -1 0 0
AccumulatedOpsCount: 0
ChildrenCount: 3
ChildIndices: 1 10 20
CompletedDBGraphIDsCount: 1
CompletedDBGraphID: 2422
GraphStart
GraphDataStart
ID: 0
NumNodes: 58
NumEdges: 122
NodeLabels
6 2 2 2 2 2 3 3 4 4 4 4 4 4 4 4 4 4 4 4 4 4 4 4 4 4 4 4 4 4 4 4 4 4 5 5 5 5 5 5 5 5 5 5 5 5 5 5 5 5 5 5 5 5 5 5 5 5 
Edges
0 14 0
0 22 0
1 13 0
1 41 0
2 11 0
3 12 0
4 30 0
4 32 0
5 30 0
6 8 0
6 12 0
6 14 0
7 14 0
7 21 0
8 6 0
8 9 0
8 10 0
8 34 0
9 8 0
9 11 0
9 13 0
10 8 0
10 15 0
10 16 0
11 2 0
11 9 0
11 12 0
12 3 0
12 6 0
12 11 0
13 1 0
13 9 0
13 17 0
14 0 0
14 6 0
14 7 0
15 10 0
15 18 0
15 35 0
16 10 0
16 19 0
16 36 0
17 13 0
17 23 0
17 24 0
18 15 0
18 20 0
18 37 0
19 16 0
19 20 0
19 38 0
20 18 0
20 19 0
20 25 0
21 7 0
21 22 0
21 29 0
22 0 0
22 21 0
22 30 0
23 17 0
23 26 0
23 39 0
24 17 0
24 27 0
24 40 0
25 20 0
25 42 0
25 43 0
25 44 0
26 23 0
26 28 0
26 45 0
27 24 0
27 28 0
27 46 0
28 26 0
28 27 0
28 31 0
29 21 0
29 47 0
29 48 0
29 49 0
30 4 0
30 5 0
30 22 0
31 28 0
31 50 0
31 51 0
31 52 0
32 4 0
32 33 0
32 53 0
32 54 0
33 32 0
33 55 0
33 56 0
33 57 0
34 8 0
35 15 0
36 16 0
37 18 0
38 19 0
39 23 0
40 24 0
41 1 0
42 25 0
43 25 0
44 25 0
45 26 0
46 27 0
47 29 0
48 29 0
49 29 0
50 31 0
51 31 0
52 31 0
53 32 0
54 32 0
55 33 0
56 33 0
57 33 0
GraphDataEnd
GraphEnd
NodeEnd
NodeStart
EPTNodeID: 1
AnchorID: 6553
TreeNodeGraphID: 4
Level: 4
SimplifiedLevel: 0
EditOperation: 4 25 42 0 0
AccumulatedOpsCount: 4
AccumulatedOp: 4 25 43 0 0
AccumulatedOp: 4 25 44 0 0
AccumulatedOp: 1 44 0 5 0
AccumulatedOp: 4 25 42 0 0
ChildrenCount: 2
ChildIndices: 2 9
CompletedDBGraphIDsCount: 0
GraphStart
GraphDataStart
ID: 4
NumNodes: 57
NumEdges: 116
NodeLabels
6 2 2 2 2 2 3 3 4 4 4 4 4 4 4 4 4 4 4 4 4 4 4 4 4 4 4 4 4 4 4 4 4 4 5 5 5 5 5 5 5 5 5 5 5 5 5 5 5 5 5 5 5 5 5 5 5 
Edges
0 14 0
0 22 0
1 13 0
1 41 0
2 11 0
3 12 0
4 30 0
4 32 0
5 30 0
6 8 0
6 12 0
6 14 0
7 14 0
7 21 0
8 6 0
8 9 0
8 10 0
8 34 0
9 8 0
9 11 0
9 13 0
10 8 0
10 15 0
10 16 0
11 2 0
11 9 0
11 12 0
12 3 0
12 6 0
12 11 0
13 1 0
13 9 0
13 17 0
14 0 0
14 6 0
14 7 0
15 10 0
15 18 0
15 35 0
16 10 0
16 19 0
16 36 0
17 13 0
17 23 0
17 24 0
18 15 0
18 20 0
18 37 0
19 16 0
19 20 0
19 38 0
20 18 0
20 19 0
20 25 0
21 7 0
21 22 0
21 29 0
22 0 0
22 21 0
22 30 0
23 17 0
23 26 0
23 39 0
24 17 0
24 27 0
24 40 0
25 20 0
26 23 0
26 28 0
26 44 0
27 24 0
27 28 0
27 45 0
28 26 0
28 27 0
28 31 0
29 21 0
29 46 0
29 47 0
29 48 0
30 4 0
30 5 0
30 22 0
31 28 0
31 49 0
31 50 0
31 51 0
32 4 0
32 33 0
32 52 0
32 53 0
33 32 0
33 54 0
33 55 0
33 56 0
34 8 0
35 15 0
36 16 0
37 18 0
38 19 0
39 23 0
40 24 0
41 1 0
44 26 0
45 27 0
46 29 0
47 29 0
48 29 0
49 31 0
50 31 0
51 31 0
52 32 0
53 32 0
54 33 0
55 33 0
56 33 0
GraphDataEnd
GraphEnd
NodeEnd
NodeStart
EPTNodeID: 2
AnchorID: 6553
TreeNodeGraphID: 5
Level: 5
SimplifiedLevel: 0
EditOperation: 1 42 0 5 0
AccumulatedOpsCount: 1
AccumulatedOp: 1 42 0 5 0
ChildrenCount: 2
ChildIndices: 3 8
CompletedDBGraphIDsCount: 0
GraphStart
GraphDataStart
ID: 5
NumNodes: 56
NumEdges: 116
NodeLabels
6 2 2 2 2 2 3 3 4 4 4 4 4 4 4 4 4 4 4 4 4 4 4 4 4 4 4 4 4 4 4 4 4 4 5 5 5 5 5 5 5 5 5 5 5 5 5 5 5 5 5 5 5 5 5 5 
Edges
0 14 0
0 22 0
1 13 0
1 41 0
2 11 0
3 12 0
4 30 0
4 32 0
5 30 0
6 8 0
6 12 0
6 14 0
7 14 0
7 21 0
8 6 0
8 9 0
8 10 0
8 34 0
9 8 0
9 11 0
9 13 0
10 8 0
10 15 0
10 16 0
11 2 0
11 9 0
11 12 0
12 3 0
12 6 0
12 11 0
13 1 0
13 9 0
13 17 0
14 0 0
14 6 0
14 7 0
15 10 0
15 18 0
15 35 0
16 10 0
16 19 0
16 36 0
17 13 0
17 23 0
17 24 0
18 15 0
18 20 0
18 37 0
19 16 0
19 20 0
19 38 0
20 18 0
20 19 0
20 25 0
21 7 0
21 22 0
21 29 0
22 0 0
22 21 0
22 30 0
23 17 0
23 26 0
23 39 0
24 17 0
24 27 0
24 40 0
25 20 0
26 23 0
26 28 0
26 43 0
27 24 0
27 28 0
27 44 0
28 26 0
28 27 0
28 31 0
29 21 0
29 45 0
29 46 0
29 47 0
30 4 0
30 5 0
30 22 0
31 28 0
31 48 0
31 49 0
31 50 0
32 4 0
32 33 0
32 51 0
32 52 0
33 32 0
33 53 0
33 54 0
33 55 0
34 8 0
35 15 0
36 16 0
37 18 0
38 19 0
39 23 0
40 24 0
41 1 0
43 26 0
44 27 0
45 29 0
46 29 0
47 29 0
48 31 0
49 31 0
50 31 0
51 32 0
52 32 0
53 33 0
54 33 0
55 33 0
GraphDataEnd
GraphEnd
NodeEnd
NodeStart
EPTNodeID: 3
AnchorID: 6553
TreeNodeGraphID: 6
Level: 6
SimplifiedLevel: 0
EditOperation: 1 43 0 5 0
AccumulatedOpsCount: 1
AccumulatedOp: 1 43 0 5 0
ChildrenCount: 2
ChildIndices: 4 7
CompletedDBGraphIDsCount: 0
GraphStart
GraphDataStart
ID: 6
NumNodes: 55
NumEdges: 116
NodeLabels
6 2 2 2 2 2 3 3 4 4 4 4 4 4 4 4 4 4 4 4 4 4 4 4 4 4 4 4 4 4 4 4 4 4 5 5 5 5 5 5 5 5 5 5 5 5 5 5 5 5 5 5 5 5 5 
Edges
0 14 0
0 22 0
1 13 0
1 41 0
2 11 0
3 12 0
4 30 0
4 32 0
5 30 0
6 8 0
6 12 0
6 14 0
7 14 0
7 21 0
8 6 0
8 9 0
8 10 0
8 34 0
9 8 0
9 11 0
9 13 0
10 8 0
10 15 0
10 16 0
11 2 0
11 9 0
11 12 0
12 3 0
12 6 0
12 11 0
13 1 0
13 9 0
13 17 0
14 0 0
14 6 0
14 7 0
15 10 0
15 18 0
15 35 0
16 10 0
16 19 0
16 36 0
17 13 0
17 23 0
17 24 0
18 15 0
18 20 0
18 37 0
19 16 0
19 20 0
19 38 0
20 18 0
20 19 0
20 25 0
21 7 0
21 22 0
21 29 0
22 0 0
22 21 0
22 30 0
23 17 0
23 26 0
23 39 0
24 17 0
24 27 0
24 40 0
25 20 0
26 23 0
26 28 0
26 42 0
27 24 0
27 28 0
27 43 0
28 26 0
28 27 0
28 31 0
29 21 0
29 44 0
29 45 0
29 46 0
30 4 0
30 5 0
30 22 0
31 28 0
31 47 0
31 48 0
31 49 0
32 4 0
32 33 0
32 50 0
32 51 0
33 32 0
33 52 0
33 53 0
33 54 0
34 8 0
35 15 0
36 16 0
37 18 0
38 19 0
39 23 0
40 24 0
41 1 0
42 26 0
43 27 0
44 29 0
45 29 0
46 29 0
47 31 0
48 31 0
49 31 0
50 32 0
51 32 0
52 33 0
53 33 0
54 33 0
GraphDataEnd
GraphEnd
NodeEnd
NodeStart
EPTNodeID: 4
AnchorID: 6553
TreeNodeGraphID: 7
Level: 7
SimplifiedLevel: 0
EditOperation: 0 25 0 4 5
AccumulatedOpsCount: 1
AccumulatedOp: 0 25 0 4 5
ChildrenCount: 2
ChildIndices: 5 6
CompletedDBGraphIDsCount: 2
CompletedDBGraphID: 516
CompletedDBGraphID: 4025
GraphStart
GraphDataStart
ID: 7
NumNodes: 55
NumEdges: 116
NodeLabels
6 2 2 2 2 2 3 3 4 4 4 4 4 4 4 4 4 4 4 4 4 4 4 4 4 5 4 4 4 4 4 4 4 4 5 5 5 5 5 5 5 5 5 5 5 5 5 5 5 5 5 5 5 5 5 
Edges
0 14 0
0 22 0
1 13 0
1 41 0
2 11 0
3 12 0
4 30 0
4 32 0
5 30 0
6 8 0
6 12 0
6 14 0
7 14 0
7 21 0
8 6 0
8 9 0
8 10 0
8 34 0
9 8 0
9 11 0
9 13 0
10 8 0
10 15 0
10 16 0
11 2 0
11 9 0
11 12 0
12 3 0
12 6 0
12 11 0
13 1 0
13 9 0
13 17 0
14 0 0
14 6 0
14 7 0
15 10 0
15 18 0
15 35 0
16 10 0
16 19 0
16 36 0
17 13 0
17 23 0
17 24 0
18 15 0
18 20 0
18 37 0
19 16 0
19 20 0
19 38 0
20 18 0
20 19 0
20 25 0
21 7 0
21 22 0
21 29 0
22 0 0
22 21 0
22 30 0
23 17 0
23 26 0
23 39 0
24 17 0
24 27 0
24 40 0
25 20 0
26 23 0
26 28 0
26 42 0
27 24 0
27 28 0
27 43 0
28 26 0
28 27 0
28 31 0
29 21 0
29 44 0
29 45 0
29 46 0
30 4 0
30 5 0
30 22 0
31 28 0
31 47 0
31 48 0
31 49 0
32 4 0
32 33 0
32 50 0
32 51 0
33 32 0
33 52 0
33 53 0
33 54 0
34 8 0
35 15 0
36 16 0
37 18 0
38 19 0
39 23 0
40 24 0
41 1 0
42 26 0
43 27 0
44 29 0
45 29 0
46 29 0
47 31 0
48 31 0
49 31 0
50 32 0
51 32 0
52 33 0
53 33 0
54 33 0
GraphDataEnd
GraphEnd
NodeEnd
NodeStart
EPTNodeID: 5
AnchorID: 6553
TreeNodeGraphID: 8
Level: 8
SimplifiedLevel: 0
EditOperation: 0 38 0 5 7
AccumulatedOpsCount: 1
AccumulatedOp: 0 38 0 5 7
ChildrenCount: 0
ChildIndices:
CompletedDBGraphIDsCount: 2
CompletedDBGraphID: 15040
CompletedDBGraphID: 12090
GraphStart
GraphDataStart
ID: 8
NumNodes: 55
NumEdges: 116
NodeLabels
6 2 2 2 2 2 3 3 4 4 4 4 4 4 4 4 4 4 4 4 4 4 4 4 4 5 4 4 4 4 4 4 4 4 5 5 5 5 7 5 5 5 5 5 5 5 5 5 5 5 5 5 5 5 5 
Edges
0 14 0
0 22 0
1 13 0
1 41 0
2 11 0
3 12 0
4 30 0
4 32 0
5 30 0
6 8 0
6 12 0
6 14 0
7 14 0
7 21 0
8 6 0
8 9 0
8 10 0
8 34 0
9 8 0
9 11 0
9 13 0
10 8 0
10 15 0
10 16 0
11 2 0
11 9 0
11 12 0
12 3 0
12 6 0
12 11 0
13 1 0
13 9 0
13 17 0
14 0 0
14 6 0
14 7 0
15 10 0
15 18 0
15 35 0
16 10 0
16 19 0
16 36 0
17 13 0
17 23 0
17 24 0
18 15 0
18 20 0
18 37 0
19 16 0
19 20 0
19 38 0
20 18 0
20 19 0
20 25 0
21 7 0
21 22 0
21 29 0
22 0 0
22 21 0
22 30 0
23 17 0
23 26 0
23 39 0
24 17 0
24 27 0
24 40 0
25 20 0
26 23 0
26 28 0
26 42 0
27 24 0
27 28 0
27 43 0
28 26 0
28 27 0
28 31 0
29 21 0
29 44 0
29 45 0
29 46 0
30 4 0
30 5 0
30 22 0
31 28 0
31 47 0
31 48 0
31 49 0
32 4 0
32 33 0
32 50 0
32 51 0
33 32 0
33 52 0
33 53 0
33 54 0
34 8 0
35 15 0
36 16 0
37 18 0
38 19 0
39 23 0
40 24 0
41 1 0
42 26 0
43 27 0
44 29 0
45 29 0
46 29 0
47 31 0
48 31 0
49 31 0
50 32 0
51 32 0
52 33 0
53 33 0
54 33 0
GraphDataEnd
GraphEnd
NodeEnd
NodeStart
EPTNodeID: 6
AnchorID: 6553
TreeNodeGraphID: 9
Level: 8
SimplifiedLevel: 0
EditOperation: 0 36 0 5 1
AccumulatedOpsCount: 1
AccumulatedOp: 0 36 0 5 1
ChildrenCount: 0
ChildIndices:
CompletedDBGraphIDsCount: 2
CompletedDBGraphID: 6290
CompletedDBGraphID: 13232
GraphStart
GraphDataStart
ID: 9
NumNodes: 55
NumEdges: 116
NodeLabels
6 2 2 2 2 2 3 3 4 4 4 4 4 4 4 4 4 4 4 4 4 4 4 4 4 5 4 4 4 4 4 4 4 4 5 5 1 5 5 5 5 5 5 5 5 5 5 5 5 5 5 5 5 5 5 
Edges
0 14 0
0 22 0
1 13 0
1 41 0
2 11 0
3 12 0
4 30 0
4 32 0
5 30 0
6 8 0
6 12 0
6 14 0
7 14 0
7 21 0
8 6 0
8 9 0
8 10 0
8 34 0
9 8 0
9 11 0
9 13 0
10 8 0
10 15 0
10 16 0
11 2 0
11 9 0
11 12 0
12 3 0
12 6 0
12 11 0
13 1 0
13 9 0
13 17 0
14 0 0
14 6 0
14 7 0
15 10 0
15 18 0
15 35 0
16 10 0
16 19 0
16 36 0
17 13 0
17 23 0
17 24 0
18 15 0
18 20 0
18 37 0
19 16 0
19 20 0
19 38 0
20 18 0
20 19 0
20 25 0
21 7 0
21 22 0
21 29 0
22 0 0
22 21 0
22 30 0
23 17 0
23 26 0
23 39 0
24 17 0
24 27 0
24 40 0
25 20 0
26 23 0
26 28 0
26 42 0
27 24 0
27 28 0
27 43 0
28 26 0
28 27 0
28 31 0
29 21 0
29 44 0
29 45 0
29 46 0
30 4 0
30 5 0
30 22 0
31 28 0
31 47 0
31 48 0
31 49 0
32 4 0
32 33 0
32 50 0
32 51 0
33 32 0
33 52 0
33 53 0
33 54 0
34 8 0
35 15 0
36 16 0
37 18 0
38 19 0
39 23 0
40 24 0
41 1 0
42 26 0
43 27 0
44 29 0
45 29 0
46 29 0
47 31 0
48 31 0
49 31 0
50 32 0
51 32 0
52 33 0
53 33 0
54 33 0
GraphDataEnd
GraphEnd
NodeEnd
NodeStart
EPTNodeID: 7
AnchorID: 6553
TreeNodeGraphID: 10
Level: 7
SimplifiedLevel: 0
EditOperation: 0 25 0 4 1
AccumulatedOpsCount: 1
AccumulatedOp: 0 25 0 4 1
ChildrenCount: 0
ChildIndices:
CompletedDBGraphIDsCount: 2
CompletedDBGraphID: 15548
CompletedDBGraphID: 1139
GraphStart
GraphDataStart
ID: 10
NumNodes: 55
NumEdges: 116
NodeLabels
6 2 2 2 2 2 3 3 4 4 4 4 4 4 4 4 4 4 4 4 4 4 4 4 4 1 4 4 4 4 4 4 4 4 5 5 5 5 5 5 5 5 5 5 5 5 5 5 5 5 5 5 5 5 5 
Edges
0 14 0
0 22 0
1 13 0
1 41 0
2 11 0
3 12 0
4 30 0
4 32 0
5 30 0
6 8 0
6 12 0
6 14 0
7 14 0
7 21 0
8 6 0
8 9 0
8 10 0
8 34 0
9 8 0
9 11 0
9 13 0
10 8 0
10 15 0
10 16 0
11 2 0
11 9 0
11 12 0
12 3 0
12 6 0
12 11 0
13 1 0
13 9 0
13 17 0
14 0 0
14 6 0
14 7 0
15 10 0
15 18 0
15 35 0
16 10 0
16 19 0
16 36 0
17 13 0
17 23 0
17 24 0
18 15 0
18 20 0
18 37 0
19 16 0
19 20 0
19 38 0
20 18 0
20 19 0
20 25 0
21 7 0
21 22 0
21 29 0
22 0 0
22 21 0
22 30 0
23 17 0
23 26 0
23 39 0
24 17 0
24 27 0
24 40 0
25 20 0
26 23 0
26 28 0
26 42 0
27 24 0
27 28 0
27 43 0
28 26 0
28 27 0
28 31 0
29 21 0
29 44 0
29 45 0
29 46 0
30 4 0
30 5 0
30 22 0
31 28 0
31 47 0
31 48 0
31 49 0
32 4 0
32 33 0
32 50 0
32 51 0
33 32 0
33 52 0
33 53 0
33 54 0
34 8 0
35 15 0
36 16 0
37 18 0
38 19 0
39 23 0
40 24 0
41 1 0
42 26 0
43 27 0
44 29 0
45 29 0
46 29 0
47 31 0
48 31 0
49 31 0
50 32 0
51 32 0
52 33 0
53 33 0
54 33 0
GraphDataEnd
GraphEnd
NodeEnd
NodeStart
EPTNodeID: 8
AnchorID: 6553
TreeNodeGraphID: 15
Level: 10
SimplifiedLevel: 0
EditOperation: 5 25 31 0 0
AccumulatedOpsCount: 5
AccumulatedOp: 0 25 0 4 2
AccumulatedOp: 5 28 43 0 0
AccumulatedOp: 0 43 0 5 1
AccumulatedOp: 4 28 31 0 0
AccumulatedOp: 5 25 31 0 0
ChildrenCount: 0
ChildIndices:
CompletedDBGraphIDsCount: 2
CompletedDBGraphID: 4636
CompletedDBGraphID: 3110
GraphStart
GraphDataStart
ID: 15
NumNodes: 56
NumEdges: 118
NodeLabels
6 2 2 2 2 2 3 3 4 4 4 4 4 4 4 4 4 4 4 4 4 4 4 4 4 2 4 4 4 4 4 4 4 4 5 5 5 5 5 5 5 5 1 5 5 5 5 5 5 5 5 5 5 5 5 5 
Edges
0 14 0
0 22 0
1 13 0
1 41 0
2 11 0
3 12 0
4 30 0
4 32 0
5 30 0
6 8 0
6 12 0
6 14 0
7 14 0
7 21 0
8 6 0
8 9 0
8 10 0
8 34 0
9 8 0
9 11 0
9 13 0
10 8 0
10 15 0
10 16 0
11 2 0
11 9 0
11 12 0
12 3 0
12 6 0
12 11 0
13 1 0
13 9 0
13 17 0
14 0 0
14 6 0
14 7 0
15 10 0
15 18 0
15 35 0
16 10 0
16 19 0
16 36 0
17 13 0
17 23 0
17 24 0
18 15 0
18 20 0
18 37 0
19 16 0
19 20 0
19 38 0
20 18 0
20 19 0
20 25 0
21 7 0
21 22 0
21 29 0
22 0 0
22 21 0
22 30 0
23 17 0
23 26 0
23 39 0
24 17 0
24 27 0
24 40 0
25 20 0
25 31 0
26 23 0
26 28 0
26 43 0
27 24 0
27 28 0
27 44 0
28 26 0
28 27 0
28 42 0
29 21 0
29 45 0
29 46 0
29 47 0
30 4 0
30 5 0
30 22 0
31 48 0
31 49 0
31 50 0
31 25 0
32 4 0
32 33 0
32 51 0
32 52 0
33 32 0
33 53 0
33 54 0
33 55 0
34 8 0
35 15 0
36 16 0
37 18 0
38 19 0
39 23 0
40 24 0
41 1 0
42 28 0
43 26 0
44 27 0
45 29 0
46 29 0
47 29 0
48 31 0
49 31 0
50 31 0
51 32 0
52 32 0
53 33 0
54 33 0
55 33 0
GraphDataEnd
GraphEnd
NodeEnd
NodeStart
EPTNodeID: 9
AnchorID: 6553
TreeNodeGraphID: 20
Level: 9
SimplifiedLevel: 0
EditOperation: 5 25 31 0 0
AccumulatedOpsCount: 5
AccumulatedOp: 1 43 0 5 0
AccumulatedOp: 0 25 0 4 2
AccumulatedOp: 4 28 31 0 0
AccumulatedOp: 5 28 42 0 0
AccumulatedOp: 5 25 31 0 0
ChildrenCount: 0
ChildIndices:
CompletedDBGraphIDsCount: 2
CompletedDBGraphID: 13894
CompletedDBGraphID: 13825
GraphStart
GraphDataStart
ID: 20
NumNodes: 56
NumEdges: 118
NodeLabels
6 2 2 2 2 2 3 3 4 4 4 4 4 4 4 4 4 4 4 4 4 4 4 4 4 2 4 4 4 4 4 4 4 4 5 5 5 5 5 5 5 5 5 5 5 5 5 5 5 5 5 5 5 5 5 5 
Edges
0 14 0
0 22 0
1 13 0
1 41 0
2 11 0
3 12 0
4 30 0
4 32 0
5 30 0
6 8 0
6 12 0
6 14 0
7 14 0
7 21 0
8 6 0
8 9 0
8 10 0
8 34 0
9 8 0
9 11 0
9 13 0
10 8 0
10 15 0
10 16 0
11 2 0
11 9 0
11 12 0
12 3 0
12 6 0
12 11 0
13 1 0
13 9 0
13 17 0
14 0 0
14 6 0
14 7 0
15 10 0
15 18 0
15 35 0
16 10 0
16 19 0
16 36 0
17 13 0
17 23 0
17 24 0
18 15 0
18 20 0
18 37 0
19 16 0
19 20 0
19 38 0
20 18 0
20 19 0
20 25 0
21 7 0
21 22 0
21 29 0
22 0 0
22 21 0
22 30 0
23 17 0
23 26 0
23 39 0
24 17 0
24 27 0
24 40 0
25 20 0
25 31 0
26 23 0
26 28 0
26 43 0
27 24 0
27 28 0
27 44 0
28 26 0
28 27 0
28 42 0
29 21 0
29 45 0
29 46 0
29 47 0
30 4 0
30 5 0
30 22 0
31 48 0
31 49 0
31 50 0
31 25 0
32 4 0
32 33 0
32 51 0
32 52 0
33 32 0
33 53 0
33 54 0
33 55 0
34 8 0
35 15 0
36 16 0
37 18 0
38 19 0
39 23 0
40 24 0
41 1 0
42 28 0
43 26 0
44 27 0
45 29 0
46 29 0
47 29 0
48 31 0
49 31 0
50 31 0
51 32 0
52 32 0
53 33 0
54 33 0
55 33 0
GraphDataEnd
GraphEnd
NodeEnd
NodeStart
EPTNodeID: 10
AnchorID: 6553
TreeNodeGraphID: 21
Level: 1
SimplifiedLevel: 0
EditOperation: 4 20 25 0 0
AccumulatedOpsCount: 1
AccumulatedOp: 4 20 25 0 0
ChildrenCount: 3
ChildIndices: 11 16 17
CompletedDBGraphIDsCount: 0
GraphStart
GraphDataStart
ID: 21
NumNodes: 58
NumEdges: 120
NodeLabels
6 2 2 2 2 2 3 3 4 4 4 4 4 4 4 4 4 4 4 4 4 4 4 4 4 4 4 4 4 4 4 4 4 4 5 5 5 5 5 5 5 5 5 5 5 5 5 5 5 5 5 5 5 5 5 5 5 5 
Edges
0 14 0
0 22 0
1 13 0
1 41 0
2 11 0
3 12 0
4 30 0
4 32 0
5 30 0
6 8 0
6 12 0
6 14 0
7 14 0
7 21 0
8 6 0
8 9 0
8 10 0
8 34 0
9 8 0
9 11 0
9 13 0
10 8 0
10 15 0
10 16 0
11 2 0
11 9 0
11 12 0
12 3 0
12 6 0
12 11 0
13 1 0
13 9 0
13 17 0
14 0 0
14 6 0
14 7 0
15 10 0
15 18 0
15 35 0
16 10 0
16 19 0
16 36 0
17 13 0
17 23 0
17 24 0
18 15 0
18 20 0
18 37 0
19 16 0
19 20 0
19 38 0
20 18 0
20 19 0
21 7 0
21 22 0
21 29 0
22 0 0
22 21 0
22 30 0
23 17 0
23 26 0
23 39 0
24 17 0
24 27 0
24 40 0
25 42 0
25 43 0
25 44 0
26 23 0
26 28 0
26 45 0
27 24 0
27 28 0
27 46 0
28 26 0
28 27 0
28 31 0
29 21 0
29 47 0
29 48 0
29 49 0
30 4 0
30 5 0
30 22 0
31 28 0
31 50 0
31 51 0
31 52 0
32 4 0
32 33 0
32 53 0
32 54 0
33 32 0
33 55 0
33 56 0
33 57 0
34 8 0
35 15 0
36 16 0
37 18 0
38 19 0
39 23 0
40 24 0
41 1 0
42 25 0
43 25 0
44 25 0
45 26 0
46 27 0
47 29 0
48 29 0
49 29 0
50 31 0
51 31 0
52 31 0
53 32 0
54 32 0
55 33 0
56 33 0
57 33 0
GraphDataEnd
GraphEnd
NodeEnd
NodeStart
EPTNodeID: 11
AnchorID: 6553
TreeNodeGraphID: 22
Level: 2
SimplifiedLevel: 0
EditOperation: 4 28 31 0 0
AccumulatedOpsCount: 1
AccumulatedOp: 4 28 31 0 0
ChildrenCount: 2
ChildIndices: 12 15
CompletedDBGraphIDsCount: 0
GraphStart
GraphDataStart
ID: 22
NumNodes: 58
NumEdges: 118
NodeLabels
6 2 2 2 2 2 3 3 4 4 4 4 4 4 4 4 4 4 4 4 4 4 4 4 4 4 4 4 4 4 4 4 4 4 5 5 5 5 5 5 5 5 5 5 5 5 5 5 5 5 5 5 5 5 5 5 5 5 
Edges
0 14 0
0 22 0
1 13 0
1 41 0
2 11 0
3 12 0
4 30 0
4 32 0
5 30 0
6 8 0
6 12 0
6 14 0
7 14 0
7 21 0
8 6 0
8 9 0
8 10 0
8 34 0
9 8 0
9 11 0
9 13 0
10 8 0
10 15 0
10 16 0
11 2 0
11 9 0
11 12 0
12 3 0
12 6 0
12 11 0
13 1 0
13 9 0
13 17 0
14 0 0
14 6 0
14 7 0
15 10 0
15 18 0
15 35 0
16 10 0
16 19 0
16 36 0
17 13 0
17 23 0
17 24 0
18 15 0
18 20 0
18 37 0
19 16 0
19 20 0
19 38 0
20 18 0
20 19 0
21 7 0
21 22 0
21 29 0
22 0 0
22 21 0
22 30 0
23 17 0
23 26 0
23 39 0
24 17 0
24 27 0
24 40 0
25 42 0
25 43 0
25 44 0
26 23 0
26 28 0
26 45 0
27 24 0
27 28 0
27 46 0
28 26 0
28 27 0
29 21 0
29 47 0
29 48 0
29 49 0
30 4 0
30 5 0
30 22 0
31 50 0
31 51 0
31 52 0
32 4 0
32 33 0
32 53 0
32 54 0
33 32 0
33 55 0
33 56 0
33 57 0
34 8 0
35 15 0
36 16 0
37 18 0
38 19 0
39 23 0
40 24 0
41 1 0
42 25 0
43 25 0
44 25 0
45 26 0
46 27 0
47 29 0
48 29 0
49 29 0
50 31 0
51 31 0
52 31 0
53 32 0
54 32 0
55 33 0
56 33 0
57 33 0
GraphDataEnd
GraphEnd
NodeEnd
NodeStart
EPTNodeID: 12
AnchorID: 6553
TreeNodeGraphID: 23
Level: 3
SimplifiedLevel: 0
EditOperation: 2 59 0 0 5
AccumulatedOpsCount: 1
AccumulatedOp: 2 59 0 0 5
ChildrenCount: 2
ChildIndices: 13 14
CompletedDBGraphIDsCount: 0
GraphStart
GraphDataStart
ID: 23
NumNodes: 59
NumEdges: 118
NodeLabels
6 2 2 2 2 2 3 3 4 4 4 4 4 4 4 4 4 4 4 4 4 4 4 4 4 4 4 4 4 4 4 4 4 4 5 5 5 5 5 5 5 5 5 5 5 5 5 5 5 5 5 5 5 5 5 5 5 5 5 
Edges
0 14 0
0 22 0
1 13 0
1 41 0
2 11 0
3 12 0
4 30 0
4 32 0
5 30 0
6 8 0
6 12 0
6 14 0
7 14 0
7 21 0
8 6 0
8 9 0
8 10 0
8 34 0
9 8 0
9 11 0
9 13 0
10 8 0
10 15 0
10 16 0
11 2 0
11 9 0
11 12 0
12 3 0
12 6 0
12 11 0
13 1 0
13 9 0
13 17 0
14 0 0
14 6 0
14 7 0
15 10 0
15 18 0
15 35 0
16 10 0
16 19 0
16 36 0
17 13 0
17 23 0
17 24 0
18 15 0
18 20 0
18 37 0
19 16 0
19 20 0
19 38 0
20 18 0
20 19 0
21 7 0
21 22 0
21 29 0
22 0 0
22 21 0
22 30 0
23 17 0
23 26 0
23 39 0
24 17 0
24 27 0
24 40 0
25 42 0
25 43 0
25 44 0
26 23 0
26 28 0
26 45 0
27 24 0
27 28 0
27 46 0
28 26 0
28 27 0
29 21 0
29 47 0
29 48 0
29 49 0
30 4 0
30 5 0
30 22 0
31 50 0
31 51 0
31 52 0
32 4 0
32 33 0
32 53 0
32 54 0
33 32 0
33 55 0
33 56 0
33 57 0
34 8 0
35 15 0
36 16 0
37 18 0
38 19 0
39 23 0
40 24 0
41 1 0
42 25 0
43 25 0
44 25 0
45 26 0
46 27 0
47 29 0
48 29 0
49 29 0
50 31 0
51 31 0
52 31 0
53 32 0
54 32 0
55 33 0
56 33 0
57 33 0
GraphDataEnd
GraphEnd
NodeEnd
NodeStart
EPTNodeID: 13
AnchorID: 6553
TreeNodeGraphID: 29
Level: 9
SimplifiedLevel: 0
EditOperation: 5 31 58 0 0
AccumulatedOpsCount: 6
AccumulatedOp: 0 38 0 5 2
AccumulatedOp: 2 58 0 0 2
AccumulatedOp: 5 28 59 0 0
AccumulatedOp: 5 25 38 0 0
AccumulatedOp: 5 20 58 0 0
AccumulatedOp: 5 31 58 0 0
ChildrenCount: 0
ChildIndices:
CompletedDBGraphIDsCount: 2
CompletedDBGraphID: 8273
CompletedDBGraphID: 12052
GraphStart
GraphDataStart
ID: 29
NumNodes: 60
NumEdges: 126
NodeLabels
6 2 2 2 2 2 3 3 4 4 4 4 4 4 4 4 4 4 4 4 4 4 4 4 4 4 4 4 4 4 4 4 4 4 5 5 5 5 2 5 5 5 5 5 5 5 5 5 5 5 5 5 5 5 5 5 5 5 2 5 
Edges
0 14 0
0 22 0
1 13 0
1 41 0
2 11 0
3 12 0
4 30 0
4 32 0
5 30 0
6 8 0
6 12 0
6 14 0
7 14 0
7 21 0
8 6 0
8 9 0
8 10 0
8 34 0
9 8 0
9 11 0
9 13 0
10 8 0
10 15 0
10 16 0
11 2 0
11 9 0
11 12 0
12 3 0
12 6 0
12 11 0
13 1 0
13 9 0
13 17 0
14 0 0
14 6 0
14 7 0
15 10 0
15 18 0
15 35 0
16 10 0
16 19 0
16 36 0
17 13 0
17 23 0
17 24 0
18 15 0
18 20 0
18 37 0
19 16 0
19 20 0
19 38 0
20 18 0
20 19 0
20 58 0
21 7 0
21 22 0
21 29 0
22 0 0
22 21 0
22 30 0
23 17 0
23 26 0
23 39 0
24 17 0
24 27 0
24 40 0
25 42 0
25 43 0
25 44 0
25 38 0
26 23 0
26 28 0
26 45 0
27 24 0
27 28 0
27 46 0
28 26 0
28 27 0
28 59 0
29 21 0
29 47 0
29 48 0
29 49 0
30 4 0
30 5 0
30 22 0
31 50 0
31 51 0
31 52 0
31 58 0
32 4 0
32 33 0
32 53 0
32 54 0
33 32 0
33 55 0
33 56 0
33 57 0
34 8 0
35 15 0
36 16 0
37 18 0
38 19 0
38 25 0
39 23 0
40 24 0
41 1 0
42 25 0
43 25 0
44 25 0
45 26 0
46 27 0
47 29 0
48 29 0
49 29 0
50 31 0
51 31 0
52 31 0
53 32 0
54 32 0
55 33 0
56 33 0
57 33 0
58 20 0
58 31 0
59 28 0
GraphDataEnd
GraphEnd
NodeEnd
NodeStart
EPTNodeID: 14
AnchorID: 6553
TreeNodeGraphID: 36
Level: 10
SimplifiedLevel: 0
EditOperation: 5 28 60 0 0
AccumulatedOpsCount: 7
AccumulatedOp: 2 58 0 0 4
AccumulatedOp: 2 60 0 0 5
AccumulatedOp: 5 25 58 0 0
AccumulatedOp: 5 20 58 0 0
AccumulatedOp: 5 31 58 0 0
AccumulatedOp: 5 58 59 0 0
AccumulatedOp: 5 28 60 0 0
ChildrenCount: 0
ChildIndices:
CompletedDBGraphIDsCount: 2
CompletedDBGraphID: 3454
CompletedDBGraphID: 20509
GraphStart
GraphDataStart
ID: 36
NumNodes: 61
NumEdges: 128
NodeLabels
6 2 2 2 2 2 3 3 4 4 4 4 4 4 4 4 4 4 4 4 4 4 4 4 4 4 4 4 4 4 4 4 4 4 5 5 5 5 5 5 5 5 5 5 5 5 5 5 5 5 5 5 5 5 5 5 5 5 4 5 5 
Edges
0 14 0
0 22 0
1 13 0
1 41 0
2 11 0
3 12 0
4 30 0
4 32 0
5 30 0
6 8 0
6 12 0
6 14 0
7 14 0
7 21 0
8 6 0
8 9 0
8 10 0
8 34 0
9 8 0
9 11 0
9 13 0
10 8 0
10 15 0
10 16 0
11 2 0
11 9 0
11 12 0
12 3 0
12 6 0
12 11 0
13 1 0
13 9 0
13 17 0
14 0 0
14 6 0
14 7 0
15 10 0
15 18 0
15 35 0
16 10 0
16 19 0
16 36 0
17 13 0
17 23 0
17 24 0
18 15 0
18 20 0
18 37 0
19 16 0
19 20 0
19 38 0
20 18 0
20 19 0
20 58 0
21 7 0
21 22 0
21 29 0
22 0 0
22 21 0
22 30 0
23 17 0
23 26 0
23 39 0
24 17 0
24 27 0
24 40 0
25 42 0
25 43 0
25 44 0
25 58 0
26 23 0
26 28 0
26 45 0
27 24 0
27 28 0
27 46 0
28 26 0
28 27 0
28 60 0
29 21 0
29 47 0
29 48 0
29 49 0
30 4 0
30 5 0
30 22 0
31 50 0
31 51 0
31 52 0
31 58 0
32 4 0
32 33 0
32 53 0
32 54 0
33 32 0
33 55 0
33 56 0
33 57 0
34 8 0
35 15 0
36 16 0
37 18 0
38 19 0
39 23 0
40 24 0
41 1 0
42 25 0
43 25 0
44 25 0
45 26 0
46 27 0
47 29 0
48 29 0
49 29 0
50 31 0
51 31 0
52 31 0
53 32 0
54 32 0
55 33 0
56 33 0
57 33 0
58 25 0
58 20 0
58 31 0
58 59 0
59 58 0
60 28 0
GraphDataEnd
GraphEnd
NodeEnd
NodeStart
EPTNodeID: 15
AnchorID: 6553
TreeNodeGraphID: 45
Level: 11
SimplifiedLevel: 0
EditOperation: 5 31 59 0 0
AccumulatedOpsCount: 9
AccumulatedOp: 0 38 0 5 2
AccumulatedOp: 2 58 0 0 7
AccumulatedOp: 5 25 38 0 0
AccumulatedOp: 2 59 0 0 2
AccumulatedOp: 4 4 30 0 0
AccumulatedOp: 5 28 58 0 0
AccumulatedOp: 5 4 20 0 0
AccumulatedOp: 5 30 59 0 0
AccumulatedOp: 5 31 59 0 0
ChildrenCount: 0
ChildIndices:
CompletedDBGraphIDsCount: 1
CompletedDBGraphID: 1911
GraphStart
GraphDataStart
ID: 45
NumNodes: 60
NumEdges: 126
NodeLabels
6 2 2 2 2 2 3 3 4 4 4 4 4 4 4 4 4 4 4 4 4 4 4 4 4 4 4 4 4 4 4 4 4 4 5 5 5 5 2 5 5 5 5 5 5 5 5 5 5 5 5 5 5 5 5 5 5 5 7 2 
Edges
0 14 0
0 22 0
1 13 0
1 41 0
2 11 0
3 12 0
4 32 0
4 20 0
5 30 0
6 8 0
6 12 0
6 14 0
7 14 0
7 21 0
8 6 0
8 9 0
8 10 0
8 34 0
9 8 0
9 11 0
9 13 0
10 8 0
10 15 0
10 16 0
11 2 0
11 9 0
11 12 0
12 3 0
12 6 0
12 11 0
13 1 0
13 9 0
13 17 0
14 0 0
14 6 0
14 7 0
15 10 0
15 18 0
15 35 0
16 10 0
16 19 0
16 36 0
17 13 0
17 23 0
17 24 0
18 15 0
18 20 0
18 37 0
19 16 0
19 20 0
19 38 0
20 18 0
20 19 0
20 4 0
21 7 0
21 22 0
21 29 0
22 0 0
22 21 0
22 30 0
23 17 0
23 26 0
23 39 0
24 17 0
24 27 0
24 40 0
25 42 0
25 43 0
25 44 0
25 38 0
26 23 0
26 28 0
26 45 0
27 24 0
27 28 0
27 46 0
28 26 0
28 27 0
28 58 0
29 21 0
29 47 0
29 48 0
29 49 0
30 5 0
30 22 0
30 59 0
31 50 0
31 51 0
31 52 0
31 59 0
32 4 0
32 33 0
32 53 0
32 54 0
33 32 0
33 55 0
33 56 0
33 57 0
34 8 0
35 15 0
36 16 0
37 18 0
38 19 0
38 25 0
39 23 0
40 24 0
41 1 0
42 25 0
43 25 0
44 25 0
45 26 0
46 27 0
47 29 0
48 29 0
49 29 0
50 31 0
51 31 0
52 31 0
53 32 0
54 32 0
55 33 0
56 33 0
57 33 0
58 28 0
59 30 0
59 31 0
GraphDataEnd
GraphEnd
NodeEnd
NodeStart
EPTNodeID: 16
AnchorID: 6553
TreeNodeGraphID: 48
Level: 4
SimplifiedLevel: 0
EditOperation: 5 25 58 0 0
AccumulatedOpsCount: 3
AccumulatedOp: 2 58 0 0 2
AccumulatedOp: 5 20 58 0 0
AccumulatedOp: 5 25 58 0 0
ChildrenCount: 0
ChildIndices:
CompletedDBGraphIDsCount: 2
CompletedDBGraphID: 448
CompletedDBGraphID: 3700
GraphStart
GraphDataStart
ID: 48
NumNodes: 59
NumEdges: 124
NodeLabels
6 2 2 2 2 2 3 3 4 4 4 4 4 4 4 4 4 4 4 4 4 4 4 4 4 4 4 4 4 4 4 4 4 4 5 5 5 5 5 5 5 5 5 5 5 5 5 5 5 5 5 5 5 5 5 5 5 5 2 
Edges
0 14 0
0 22 0
1 13 0
1 41 0
2 11 0
3 12 0
4 30 0
4 32 0
5 30 0
6 8 0
6 12 0
6 14 0
7 14 0
7 21 0
8 6 0
8 9 0
8 10 0
8 34 0
9 8 0
9 11 0
9 13 0
10 8 0
10 15 0
10 16 0
11 2 0
11 9 0
11 12 0
12 3 0
12 6 0
12 11 0
13 1 0
13 9 0
13 17 0
14 0 0
14 6 0
14 7 0
15 10 0
15 18 0
15 35 0
16 10 0
16 19 0
16 36 0
17 13 0
17 23 0
17 24 0
18 15 0
18 20 0
18 37 0
19 16 0
19 20 0
19 38 0
20 18 0
20 19 0
20 58 0
21 7 0
21 22 0
21 29 0
22 0 0
22 21 0
22 30 0
23 17 0
23 26 0
23 39 0
24 17 0
24 27 0
24 40 0
25 42 0
25 43 0
25 44 0
25 58 0
26 23 0
26 28 0
26 45 0
27 24 0
27 28 0
27 46 0
28 26 0
28 27 0
28 31 0
29 21 0
29 47 0
29 48 0
29 49 0
30 4 0
30 5 0
30 22 0
31 28 0
31 50 0
31 51 0
31 52 0
32 4 0
32 33 0
32 53 0
32 54 0
33 32 0
33 55 0
33 56 0
33 57 0
34 8 0
35 15 0
36 16 0
37 18 0
38 19 0
39 23 0
40 24 0
41 1 0
42 25 0
43 25 0
44 25 0
45 26 0
46 27 0
47 29 0
48 29 0
49 29 0
50 31 0
51 31 0
52 31 0
53 32 0
54 32 0
55 33 0
56 33 0
57 33 0
58 20 0
58 25 0
GraphDataEnd
GraphEnd
NodeEnd
NodeStart
EPTNodeID: 17
AnchorID: 6553
TreeNodeGraphID: 56
Level: 9
SimplifiedLevel: 0
EditOperation: 4 31 52 0 0
AccumulatedOpsCount: 8
AccumulatedOp: 5 5 25 0 0
AccumulatedOp: 0 31 0 4 2
AccumulatedOp: 5 31 32 0 0
AccumulatedOp: 4 4 32 0 0
AccumulatedOp: 4 31 51 0 0
AccumulatedOp: 1 51 0 5 0
AccumulatedOp: 4 31 50 0 0
AccumulatedOp: 4 31 52 0 0
ChildrenCount: 2
ChildIndices: 18 19
CompletedDBGraphIDsCount: 0
GraphStart
GraphDataStart
ID: 56
NumNodes: 57
NumEdges: 116
NodeLabels
6 2 2 2 2 2 3 3 4 4 4 4 4 4 4 4 4 4 4 4 4 4 4 4 4 4 4 4 4 4 4 2 4 4 5 5 5 5 5 5 5 5 5 5 5 5 5 5 5 5 5 5 5 5 5 5 5 
Edges
0 14 0
0 22 0
1 13 0
1 41 0
2 11 0
3 12 0
4 30 0
5 30 0
5 25 0
6 8 0
6 12 0
6 14 0
7 14 0
7 21 0
8 6 0
8 9 0
8 10 0
8 34 0
9 8 0
9 11 0
9 13 0
10 8 0
10 15 0
10 16 0
11 2 0
11 9 0
11 12 0
12 3 0
12 6 0
12 11 0
13 1 0
13 9 0
13 17 0
14 0 0
14 6 0
14 7 0
15 10 0
15 18 0
15 35 0
16 10 0
16 19 0
16 36 0
17 13 0
17 23 0
17 24 0
18 15 0
18 20 0
18 37 0
19 16 0
19 20 0
19 38 0
20 18 0
20 19 0
21 7 0
21 22 0
21 29 0
22 0 0
22 21 0
22 30 0
23 17 0
23 26 0
23 39 0
24 17 0
24 27 0
24 40 0
25 42 0
25 43 0
25 44 0
25 5 0
26 23 0
26 28 0
26 45 0
27 24 0
27 28 0
27 46 0
28 26 0
28 27 0
28 31 0
29 21 0
29 47 0
29 48 0
29 49 0
30 4 0
30 5 0
30 22 0
31 28 0
31 32 0
32 33 0
32 52 0
32 53 0
32 31 0
33 32 0
33 54 0
33 55 0
33 56 0
34 8 0
35 15 0
36 16 0
37 18 0
38 19 0
39 23 0
40 24 0
41 1 0
42 25 0
43 25 0
44 25 0
45 26 0
46 27 0
47 29 0
48 29 0
49 29 0
52 32 0
53 32 0
54 33 0
55 33 0
56 33 0
GraphDataEnd
GraphEnd
NodeEnd
NodeStart
EPTNodeID: 18
AnchorID: 6553
TreeNodeGraphID: 59
Level: 12
SimplifiedLevel: 0
EditOperation: 5 20 50 0 0
AccumulatedOpsCount: 3
AccumulatedOp: 0 37 0 5 7
AccumulatedOp: 1 52 0 5 0
AccumulatedOp: 5 20 50 0 0
ChildrenCount: 0
ChildIndices:
CompletedDBGraphIDsCount: 2
CompletedDBGraphID: 12218
CompletedDBGraphID: 16247
GraphStart
GraphDataStart
ID: 59
NumNodes: 56
NumEdges: 118
NodeLabels
6 2 2 2 2 2 3 3 4 4 4 4 4 4 4 4 4 4 4 4 4 4 4 4 4 4 4 4 4 4 4 2 4 4 5 5 5 7 5 5 5 5 5 5 5 5 5 5 5 5 5 5 5 5 5 5 
Edges
0 14 0
0 22 0
1 13 0
1 41 0
2 11 0
3 12 0
4 30 0
5 30 0
5 25 0
6 8 0
6 12 0
6 14 0
7 14 0
7 21 0
8 6 0
8 9 0
8 10 0
8 34 0
9 8 0
9 11 0
9 13 0
10 8 0
10 15 0
10 16 0
11 2 0
11 9 0
11 12 0
12 3 0
12 6 0
12 11 0
13 1 0
13 9 0
13 17 0
14 0 0
14 6 0
14 7 0
15 10 0
15 18 0
15 35 0
16 10 0
16 19 0
16 36 0
17 13 0
17 23 0
17 24 0
18 15 0
18 20 0
18 37 0
19 16 0
19 20 0
19 38 0
20 18 0
20 19 0
20 50 0
21 7 0
21 22 0
21 29 0
22 0 0
22 21 0
22 30 0
23 17 0
23 26 0
23 39 0
24 17 0
24 27 0
24 40 0
25 42 0
25 43 0
25 44 0
25 5 0
26 23 0
26 28 0
26 45 0
27 24 0
27 28 0
27 46 0
28 26 0
28 27 0
28 31 0
29 21 0
29 47 0
29 48 0
29 49 0
30 4 0
30 5 0
30 22 0
31 28 0
31 32 0
32 33 0
32 51 0
32 52 0
32 31 0
33 32 0
33 53 0
33 54 0
33 55 0
34 8 0
35 15 0
36 16 0
37 18 0
38 19 0
39 23 0
40 24 0
41 1 0
42 25 0
43 25 0
44 25 0
45 26 0
46 27 0
47 29 0
48 29 0
49 29 0
50 20 0
51 32 0
52 32 0
53 33 0
54 33 0
55 33 0
GraphDataEnd
GraphEnd
NodeEnd
NodeStart
EPTNodeID: 19
AnchorID: 6553
TreeNodeGraphID: 62
Level: 12
SimplifiedLevel: 0
EditOperation: 1 50 0 5 0
AccumulatedOpsCount: 3
AccumulatedOp: 5 20 52 0 0
AccumulatedOp: 0 52 0 5 7
AccumulatedOp: 1 50 0 5 0
ChildrenCount: 0
ChildIndices:
CompletedDBGraphIDsCount: 2
CompletedDBGraphID: 2050
CompletedDBGraphID: 7642
GraphStart
GraphDataStart
ID: 62
NumNodes: 56
NumEdges: 118
NodeLabels
6 2 2 2 2 2 3 3 4 4 4 4 4 4 4 4 4 4 4 4 4 4 4 4 4 4 4 4 4 4 4 2 4 4 5 5 5 5 5 5 5 5 5 5 5 5 5 5 5 5 7 5 5 5 5 5 
Edges
0 14 0
0 22 0
1 13 0
1 41 0
2 11 0
3 12 0
4 30 0
5 30 0
5 25 0
6 8 0
6 12 0
6 14 0
7 14 0
7 21 0
8 6 0
8 9 0
8 10 0
8 34 0
9 8 0
9 11 0
9 13 0
10 8 0
10 15 0
10 16 0
11 2 0
11 9 0
11 12 0
12 3 0
12 6 0
12 11 0
13 1 0
13 9 0
13 17 0
14 0 0
14 6 0
14 7 0
15 10 0
15 18 0
15 35 0
16 10 0
16 19 0
16 36 0
17 13 0
17 23 0
17 24 0
18 15 0
18 20 0
18 37 0
19 16 0
19 20 0
19 38 0
20 18 0
20 19 0
20 50 0
21 7 0
21 22 0
21 29 0
22 0 0
22 21 0
22 30 0
23 17 0
23 26 0
23 39 0
24 17 0
24 27 0
24 40 0
25 42 0
25 43 0
25 44 0
25 5 0
26 23 0
26 28 0
26 45 0
27 24 0
27 28 0
27 46 0
28 26 0
28 27 0
28 31 0
29 21 0
29 47 0
29 48 0
29 49 0
30 4 0
30 5 0
30 22 0
31 28 0
31 32 0
32 33 0
32 51 0
32 52 0
32 31 0
33 32 0
33 53 0
33 54 0
33 55 0
34 8 0
35 15 0
36 16 0
37 18 0
38 19 0
39 23 0
40 24 0
41 1 0
42 25 0
43 25 0
44 25 0
45 26 0
46 27 0
47 29 0
48 29 0
49 29 0
50 20 0
51 32 0
52 32 0
53 33 0
54 33 0
55 33 0
GraphDataEnd
GraphEnd
NodeEnd
NodeStart
EPTNodeID: 20
AnchorID: 6553
TreeNodeGraphID: 69
Level: 7
SimplifiedLevel: 0
EditOperation: 1 52 0 5 0
AccumulatedOpsCount: 7
AccumulatedOp: 4 31 50 0 0
AccumulatedOp: 1 50 0 5 0
AccumulatedOp: 0 31 0 4 5
AccumulatedOp: 4 31 51 0 0
AccumulatedOp: 1 51 0 5 0
AccumulatedOp: 4 31 52 0 0
AccumulatedOp: 1 52 0 5 0
ChildrenCount: 0
ChildIndices:
CompletedDBGraphIDsCount: 2
CompletedDBGraphID: 713
CompletedDBGraphID: 3758
GraphStart
GraphDataStart
ID: 69
NumNodes: 55
NumEdges: 116
NodeLabels
6 2 2 2 2 2 3 3 4 4 4 4 4 4 4 4 4 4 4 4 4 4 4 4 4 4 4 4 4 4 4 5 4 4 5 5 5 5 5 5 5 5 5 5 5 5 5 5 5 5 5 5 5 5 5 
Edges
0 14 0
0 22 0
1 13 0
1 41 0
2 11 0
3 12 0
4 30 0
4 32 0
5 30 0
6 8 0
6 12 0
6 14 0
7 14 0
7 21 0
8 6 0
8 9 0
8 10 0
8 34 0
9 8 0
9 11 0
9 13 0
10 8 0
10 15 0
10 16 0
11 2 0
11 9 0
11 12 0
12 3 0
12 6 0
12 11 0
13 1 0
13 9 0
13 17 0
14 0 0
14 6 0
14 7 0
15 10 0
15 18 0
15 35 0
16 10 0
16 19 0
16 36 0
17 13 0
17 23 0
17 24 0
18 15 0
18 20 0
18 37 0
19 16 0
19 20 0
19 38 0
20 18 0
20 19 0
20 25 0
21 7 0
21 22 0
21 29 0
22 0 0
22 21 0
22 30 0
23 17 0
23 26 0
23 39 0
24 17 0
24 27 0
24 40 0
25 20 0
25 42 0
25 43 0
25 44 0
26 23 0
26 28 0
26 45 0
27 24 0
27 28 0
27 46 0
28 26 0
28 27 0
28 31 0
29 21 0
29 47 0
29 48 0
29 49 0
30 4 0
30 5 0
30 22 0
31 28 0
32 4 0
32 33 0
32 50 0
32 51 0
33 32 0
33 52 0
33 53 0
33 54 0
34 8 0
35 15 0
36 16 0
37 18 0
38 19 0
39 23 0
40 24 0
41 1 0
42 25 0
43 25 0
44 25 0
45 26 0
46 27 0
47 29 0
48 29 0
49 29 0
50 32 0
51 32 0
52 33 0
53 33 0
54 33 0
GraphDataEnd
GraphEnd
NodeEnd
END_EPT
