BEGIN_EPT
AnchorID: 16576  # ID of the anchor node
RootIndex: 0  # Index of the root node in tree_nodes
NodeCount: 6  # Total number of nodes in the EPT
NodeStart
EPTNodeID: 0
AnchorID: 16576
TreeNodeGraphID: 0
Level: 0
SimplifiedLevel: 0
EditOperation: -1 0 -1 0 0
AccumulatedOpsCount: 0
ChildrenCount: 1
ChildIndices: 1
CompletedDBGraphIDsCount: 0
GraphStart
GraphDataStart
ID: 0
NumNodes: 58
NumEdges: 120
NodeLabels
7 6 6 1 1 1 2 2 2 2 2 3 3 3 4 4 4 4 4 4 4 4 4 4 4 4 4 4 4 4 4 4 4 4 4 4 4 5 5 5 5 5 5 5 5 5 5 5 5 5 5 5 5 5 5 5 5 5 
Edges
0 19 0
1 6 0
1 7 0
1 11 0
1 16 0
2 9 0
2 10 0
2 12 0
2 35 0
3 30 0
4 30 0
5 30 0
6 1 0
7 1 0
8 17 0
9 2 0
10 2 0
11 1 0
11 14 0
11 15 0
12 2 0
12 21 0
12 32 0
13 17 0
13 22 0
13 40 0
14 11 0
14 17 0
14 37 0
14 38 0
15 11 0
15 18 0
15 19 0
16 1 0
16 24 0
16 25 0
17 8 0
17 13 0
17 14 0
18 15 0
18 20 0
18 39 0
19 0 0
19 15 0
19 26 0
20 18 0
20 27 0
20 30 0
21 12 0
21 23 0
21 28 0
22 13 0
22 23 0
22 29 0
23 21 0
23 22 0
23 41 0
24 16 0
24 33 0
24 42 0
25 16 0
25 34 0
25 43 0
26 19 0
26 27 0
26 44 0
27 20 0
27 26 0
27 45 0
28 21 0
28 31 0
28 46 0
29 22 0
29 31 0
29 47 0
30 3 0
30 4 0
30 5 0
30 20 0
31 28 0
31 29 0
31 48 0
32 12 0
32 49 0
32 50 0
32 51 0
33 24 0
33 36 0
33 52 0
34 25 0
34 36 0
34 53 0
35 2 0
35 54 0
35 55 0
35 56 0
36 33 0
36 34 0
36 57 0
37 14 0
38 14 0
39 18 0
40 13 0
41 23 0
42 24 0
43 25 0
44 26 0
45 27 0
46 28 0
47 29 0
48 31 0
49 32 0
50 32 0
51 32 0
52 33 0
53 34 0
54 35 0
55 35 0
56 35 0
57 36 0
GraphDataEnd
GraphEnd
NodeEnd
NodeStart
EPTNodeID: 1
AnchorID: 16576
TreeNodeGraphID: 4
Level: 4
SimplifiedLevel: 0
EditOperation: 0 5 0 1 5
AccumulatedOpsCount: 4
AccumulatedOp: 0 0 0 7 5
AccumulatedOp: 0 3 0 1 5
AccumulatedOp: 0 4 0 1 5
AccumulatedOp: 0 5 0 1 5
ChildrenCount: 2
ChildIndices: 2 5
CompletedDBGraphIDsCount: 1
CompletedDBGraphID: 3410
GraphStart
GraphDataStart
ID: 4
NumNodes: 58
NumEdges: 120
NodeLabels
5 6 6 5 5 5 2 2 2 2 2 3 3 3 4 4 4 4 4 4 4 4 4 4 4 4 4 4 4 4 4 4 4 4 4 4 4 5 5 5 5 5 5 5 5 5 5 5 5 5 5 5 5 5 5 5 5 5 
Edges
0 19 0
1 6 0
1 7 0
1 11 0
1 16 0
2 9 0
2 10 0
2 12 0
2 35 0
3 30 0
4 30 0
5 30 0
6 1 0
7 1 0
8 17 0
9 2 0
10 2 0
11 1 0
11 14 0
11 15 0
12 2 0
12 21 0
12 32 0
13 17 0
13 22 0
13 40 0
14 11 0
14 17 0
14 37 0
14 38 0
15 11 0
15 18 0
15 19 0
16 1 0
16 24 0
16 25 0
17 8 0
17 13 0
17 14 0
18 15 0
18 20 0
18 39 0
19 0 0
19 15 0
19 26 0
20 18 0
20 27 0
20 30 0
21 12 0
21 23 0
21 28 0
22 13 0
22 23 0
22 29 0
23 21 0
23 22 0
23 41 0
24 16 0
24 33 0
24 42 0
25 16 0
25 34 0
25 43 0
26 19 0
26 27 0
26 44 0
27 20 0
27 26 0
27 45 0
28 21 0
28 31 0
28 46 0
29 22 0
29 31 0
29 47 0
30 3 0
30 4 0
30 5 0
30 20 0
31 28 0
31 29 0
31 48 0
32 12 0
32 49 0
32 50 0
32 51 0
33 24 0
33 36 0
33 52 0
34 25 0
34 36 0
34 53 0
35 2 0
35 54 0
35 55 0
35 56 0
36 33 0
36 34 0
36 57 0
37 14 0
38 14 0
39 18 0
40 13 0
41 23 0
42 24 0
43 25 0
44 26 0
45 27 0
46 28 0
47 29 0
48 31 0
49 32 0
50 32 0
51 32 0
52 33 0
53 34 0
54 35 0
55 35 0
56 35 0
57 36 0
GraphDataEnd
GraphEnd
NodeEnd
NodeStart
EPTNodeID: 2
AnchorID: 16576
TreeNodeGraphID: 5
Level: 5
SimplifiedLevel: 0
EditOperation: 4 20 30 0 0
AccumulatedOpsCount: 1
AccumulatedOp: 4 20 30 0 0
ChildrenCount: 2
ChildIndices: 3 4
CompletedDBGraphIDsCount: 0
GraphStart
GraphDataStart
ID: 5
NumNodes: 58
NumEdges: 118
NodeLabels
5 6 6 5 5 5 2 2 2 2 2 3 3 3 4 4 4 4 4 4 4 4 4 4 4 4 4 4 4 4 4 4 4 4 4 4 4 5 5 5 5 5 5 5 5 5 5 5 5 5 5 5 5 5 5 5 5 5 
Edges
0 19 0
1 6 0
1 7 0
1 11 0
1 16 0
2 9 0
2 10 0
2 12 0
2 35 0
3 30 0
4 30 0
5 30 0
6 1 0
7 1 0
8 17 0
9 2 0
10 2 0
11 1 0
11 14 0
11 15 0
12 2 0
12 21 0
12 32 0
13 17 0
13 22 0
13 40 0
14 11 0
14 17 0
14 37 0
14 38 0
15 11 0
15 18 0
15 19 0
16 1 0
16 24 0
16 25 0
17 8 0
17 13 0
17 14 0
18 15 0
18 20 0
18 39 0
19 0 0
19 15 0
19 26 0
20 18 0
20 27 0
21 12 0
21 23 0
21 28 0
22 13 0
22 23 0
22 29 0
23 21 0
23 22 0
23 41 0
24 16 0
24 33 0
24 42 0
25 16 0
25 34 0
25 43 0
26 19 0
26 27 0
26 44 0
27 20 0
27 26 0
27 45 0
28 21 0
28 31 0
28 46 0
29 22 0
29 31 0
29 47 0
30 3 0
30 4 0
30 5 0
31 28 0
31 29 0
31 48 0
32 12 0
32 49 0
32 50 0
32 51 0
33 24 0
33 36 0
33 52 0
34 25 0
34 36 0
34 53 0
35 2 0
35 54 0
35 55 0
35 56 0
36 33 0
36 34 0
36 57 0
37 14 0
38 14 0
39 18 0
40 13 0
41 23 0
42 24 0
43 25 0
44 26 0
45 27 0
46 28 0
47 29 0
48 31 0
49 32 0
50 32 0
51 32 0
52 33 0
53 34 0
54 35 0
55 35 0
56 35 0
57 36 0
GraphDataEnd
GraphEnd
NodeEnd
NodeStart
EPTNodeID: 3
AnchorID: 16576
TreeNodeGraphID: 9
Level: 9
SimplifiedLevel: 0
EditOperation: 5 20 57 0 0
AccumulatedOpsCount: 4
AccumulatedOp: 5 30 36 0 0
AccumulatedOp: 0 44 0 5 8
AccumulatedOp: 4 36 57 0 0
AccumulatedOp: 5 20 57 0 0
ChildrenCount: 0
ChildIndices:
CompletedDBGraphIDsCount: 1
CompletedDBGraphID: 20040
GraphStart
GraphDataStart
ID: 9
NumNodes: 58
NumEdges: 120
NodeLabels
5 6 6 5 5 5 2 2 2 2 2 3 3 3 4 4 4 4 4 4 4 4 4 4 4 4 4 4 4 4 4 4 4 4 4 4 4 5 5 5 5 5 5 5 8 5 5 5 5 5 5 5 5 5 5 5 5 5 
Edges
0 19 0
1 6 0
1 7 0
1 11 0
1 16 0
2 9 0
2 10 0
2 12 0
2 35 0
3 30 0
4 30 0
5 30 0
6 1 0
7 1 0
8 17 0
9 2 0
10 2 0
11 1 0
11 14 0
11 15 0
12 2 0
12 21 0
12 32 0
13 17 0
13 22 0
13 40 0
14 11 0
14 17 0
14 37 0
14 38 0
15 11 0
15 18 0
15 19 0
16 1 0
16 24 0
16 25 0
17 8 0
17 13 0
17 14 0
18 15 0
18 20 0
18 39 0
19 0 0
19 15 0
19 26 0
20 18 0
20 27 0
20 57 0
21 12 0
21 23 0
21 28 0
22 13 0
22 23 0
22 29 0
23 21 0
23 22 0
23 41 0
24 16 0
24 33 0
24 42 0
25 16 0
25 34 0
25 43 0
26 19 0
26 27 0
26 44 0
27 20 0
27 26 0
27 45 0
28 21 0
28 31 0
28 46 0
29 22 0
29 31 0
29 47 0
30 3 0
30 4 0
30 5 0
30 36 0
31 28 0
31 29 0
31 48 0
32 12 0
32 49 0
32 50 0
32 51 0
33 24 0
33 36 0
33 52 0
34 25 0
34 36 0
34 53 0
35 2 0
35 54 0
35 55 0
35 56 0
36 33 0
36 34 0
36 30 0
37 14 0
38 14 0
39 18 0
40 13 0
41 23 0
42 24 0
43 25 0
44 26 0
45 27 0
46 28 0
47 29 0
48 31 0
49 32 0
50 32 0
51 32 0
52 33 0
53 34 0
54 35 0
55 35 0
56 35 0
57 20 0
GraphDataEnd
GraphEnd
NodeEnd
NodeStart
EPTNodeID: 4
AnchorID: 16576
TreeNodeGraphID: 14
Level: 10
SimplifiedLevel: 0
EditOperation: 0 57 0 5 2
AccumulatedOpsCount: 5
AccumulatedOp: 2 58 0 0 5
AccumulatedOp: 5 30 57 0 0
AccumulatedOp: 0 45 0 5 7
AccumulatedOp: 5 20 58 0 0
AccumulatedOp: 0 57 0 5 2
ChildrenCount: 0
ChildIndices:
CompletedDBGraphIDsCount: 1
CompletedDBGraphID: 8951
GraphStart
GraphDataStart
ID: 14
NumNodes: 59
NumEdges: 122
NodeLabels
5 6 6 5 5 5 2 2 2 2 2 3 3 3 4 4 4 4 4 4 4 4 4 4 4 4 4 4 4 4 4 4 4 4 4 4 4 5 5 5 5 5 5 5 5 7 5 5 5 5 5 5 5 5 5 5 5 2 5 
Edges
0 19 0
1 6 0
1 7 0
1 11 0
1 16 0
2 9 0
2 10 0
2 12 0
2 35 0
3 30 0
4 30 0
5 30 0
6 1 0
7 1 0
8 17 0
9 2 0
10 2 0
11 1 0
11 14 0
11 15 0
12 2 0
12 21 0
12 32 0
13 17 0
13 22 0
13 40 0
14 11 0
14 17 0
14 37 0
14 38 0
15 11 0
15 18 0
15 19 0
16 1 0
16 24 0
16 25 0
17 8 0
17 13 0
17 14 0
18 15 0
18 20 0
18 39 0
19 0 0
19 15 0
19 26 0
20 18 0
20 27 0
20 58 0
21 12 0
21 23 0
21 28 0
22 13 0
22 23 0
22 29 0
23 21 0
23 22 0
23 41 0
24 16 0
24 33 0
24 42 0
25 16 0
25 34 0
25 43 0
26 19 0
26 27 0
26 44 0
27 20 0
27 26 0
27 45 0
28 21 0
28 31 0
28 46 0
29 22 0
29 31 0
29 47 0
30 3 0
30 4 0
30 5 0
30 57 0
31 28 0
31 29 0
31 48 0
32 12 0
32 49 0
32 50 0
32 51 0
33 24 0
33 36 0
33 52 0
34 25 0
34 36 0
34 53 0
35 2 0
35 54 0
35 55 0
35 56 0
36 33 0
36 34 0
36 57 0
37 14 0
38 14 0
39 18 0
40 13 0
41 23 0
42 24 0
43 25 0
44 26 0
45 27 0
46 28 0
47 29 0
48 31 0
49 32 0
50 32 0
51 32 0
52 33 0
53 34 0
54 35 0
55 35 0
56 35 0
57 36 0
57 30 0
58 20 0
GraphDataEnd
GraphEnd
NodeEnd
NodeStart
EPTNodeID: 5
AnchorID: 16576
TreeNodeGraphID: 19
Level: 9
SimplifiedLevel: 0
EditOperation: 5 0 15 0 0
AccumulatedOpsCount: 5
AccumulatedOp: 4 0 19 0 0
AccumulatedOp: 5 11 19 0 0
AccumulatedOp: 0 57 0 5 1
AccumulatedOp: 4 11 15 0 0
AccumulatedOp: 5 0 15 0 0
ChildrenCount: 0
ChildIndices:
CompletedDBGraphIDsCount: 1
CompletedDBGraphID: 6471
GraphStart
GraphDataStart
ID: 19
NumNodes: 58
NumEdges: 120
NodeLabels
5 6 6 5 5 5 2 2 2 2 2 3 3 3 4 4 4 4 4 4 4 4 4 4 4 4 4 4 4 4 4 4 4 4 4 4 4 5 5 5 5 5 5 5 5 5 5 5 5 5 5 5 5 5 5 5 5 1 
Edges
0 15 0
1 6 0
1 7 0
1 11 0
1 16 0
2 9 0
2 10 0
2 12 0
2 35 0
3 30 0
4 30 0
5 30 0
6 1 0
7 1 0
8 17 0
9 2 0
10 2 0
11 1 0
11 14 0
11 19 0
12 2 0
12 21 0
12 32 0
13 17 0
13 22 0
13 40 0
14 11 0
14 17 0
14 37 0
14 38 0
15 18 0
15 19 0
15 0 0
16 1 0
16 24 0
16 25 0
17 8 0
17 13 0
17 14 0
18 15 0
18 20 0
18 39 0
19 15 0
19 26 0
19 11 0
20 18 0
20 27 0
20 30 0
21 12 0
21 23 0
21 28 0
22 13 0
22 23 0
22 29 0
23 21 0
23 22 0
23 41 0
24 16 0
24 33 0
24 42 0
25 16 0
25 34 0
25 43 0
26 19 0
26 27 0
26 44 0
27 20 0
27 26 0
27 45 0
28 21 0
28 31 0
28 46 0
29 22 0
29 31 0
29 47 0
30 3 0
30 4 0
30 5 0
30 20 0
31 28 0
31 29 0
31 48 0
32 12 0
32 49 0
32 50 0
32 51 0
33 24 0
33 36 0
33 52 0
34 25 0
34 36 0
34 53 0
35 2 0
35 54 0
35 55 0
35 56 0
36 33 0
36 34 0
36 57 0
37 14 0
38 14 0
39 18 0
40 13 0
41 23 0
42 24 0
43 25 0
44 26 0
45 27 0
46 28 0
47 29 0
48 31 0
49 32 0
50 32 0
51 32 0
52 33 0
53 34 0
54 35 0
55 35 0
56 35 0
57 36 0
GraphDataEnd
GraphEnd
NodeEnd
END_EPT
