BEGIN_EPT
AnchorID: 20317  # ID of the anchor node
RootIndex: 0  # Index of the root node in tree_nodes
NodeCount: 10  # Total number of nodes in the EPT
NodeStart
EPTNodeID: 0
AnchorID: 20317
TreeNodeGraphID: 0
Level: 0
SimplifiedLevel: 0
EditOperation: -1 0 -1 0 0
AccumulatedOpsCount: 0
ChildrenCount: 3
ChildIndices: 1 6 9
CompletedDBGraphIDsCount: 0
GraphStart
GraphDataStart
ID: 0
NumNodes: 55
NumEdges: 118
NodeLabels
6 2 2 2 2 3 3 3 3 3 4 4 4 4 4 4 4 4 4 4 4 4 4 4 4 4 4 4 4 4 4 4 4 4 5 5 5 5 5 5 5 5 5 5 5 5 5 5 5 5 5 5 5 5 5 
Edges
0 1 0
0 2 0
0 5 0
0 14 0
1 0 0
2 0 0
3 28 0
3 32 0
4 31 0
5 0 0
5 10 0
5 11 0
6 10 0
6 12 0
6 13 0
7 11 0
7 15 0
8 12 0
8 16 0
9 27 0
9 31 0
9 48 0
10 5 0
10 6 0
10 34 0
10 35 0
11 5 0
11 7 0
11 12 0
12 6 0
12 8 0
12 11 0
13 6 0
13 17 0
13 18 0
14 0 0
14 19 0
14 20 0
15 7 0
15 16 0
15 21 0
16 8 0
16 15 0
16 22 0
17 13 0
17 23 0
17 36 0
18 13 0
18 24 0
18 37 0
19 14 0
19 25 0
19 38 0
20 14 0
20 26 0
20 39 0
21 15 0
21 29 0
21 40 0
22 16 0
22 30 0
22 41 0
23 17 0
23 28 0
23 42 0
24 18 0
24 28 0
24 43 0
25 19 0
25 27 0
25 44 0
26 20 0
26 27 0
26 45 0
27 9 0
27 25 0
27 26 0
28 3 0
28 23 0
28 24 0
29 21 0
29 30 0
29 46 0
30 22 0
30 29 0
30 47 0
31 4 0
31 9 0
31 33 0
32 3 0
32 49 0
32 50 0
32 51 0
33 31 0
33 52 0
33 53 0
33 54 0
34 10 0
35 10 0
36 17 0
37 18 0
38 19 0
39 20 0
40 21 0
41 22 0
42 23 0
43 24 0
44 25 0
45 26 0
46 29 0
47 30 0
48 9 0
49 32 0
50 32 0
51 32 0
52 33 0
53 33 0
54 33 0
GraphDataEnd
GraphEnd
NodeEnd
NodeStart
EPTNodeID: 1
AnchorID: 20317
TreeNodeGraphID: 1
Level: 1
SimplifiedLevel: 0
EditOperation: 4 3 32 0 0
AccumulatedOpsCount: 1
AccumulatedOp: 4 3 32 0 0
ChildrenCount: 2
ChildIndices: 2 5
CompletedDBGraphIDsCount: 0
GraphStart
GraphDataStart
ID: 1
NumNodes: 55
NumEdges: 116
NodeLabels
6 2 2 2 2 3 3 3 3 3 4 4 4 4 4 4 4 4 4 4 4 4 4 4 4 4 4 4 4 4 4 4 4 4 5 5 5 5 5 5 5 5 5 5 5 5 5 5 5 5 5 5 5 5 5 
Edges
0 1 0
0 2 0
0 5 0
0 14 0
1 0 0
2 0 0
3 28 0
4 31 0
5 0 0
5 10 0
5 11 0
6 10 0
6 12 0
6 13 0
7 11 0
7 15 0
8 12 0
8 16 0
9 27 0
9 31 0
9 48 0
10 5 0
10 6 0
10 34 0
10 35 0
11 5 0
11 7 0
11 12 0
12 6 0
12 8 0
12 11 0
13 6 0
13 17 0
13 18 0
14 0 0
14 19 0
14 20 0
15 7 0
15 16 0
15 21 0
16 8 0
16 15 0
16 22 0
17 13 0
17 23 0
17 36 0
18 13 0
18 24 0
18 37 0
19 14 0
19 25 0
19 38 0
20 14 0
20 26 0
20 39 0
21 15 0
21 29 0
21 40 0
22 16 0
22 30 0
22 41 0
23 17 0
23 28 0
23 42 0
24 18 0
24 28 0
24 43 0
25 19 0
25 27 0
25 44 0
26 20 0
26 27 0
26 45 0
27 9 0
27 25 0
27 26 0
28 3 0
28 23 0
28 24 0
29 21 0
29 30 0
29 46 0
30 22 0
30 29 0
30 47 0
31 4 0
31 9 0
31 33 0
32 49 0
32 50 0
32 51 0
33 31 0
33 52 0
33 53 0
33 54 0
34 10 0
35 10 0
36 17 0
37 18 0
38 19 0
39 20 0
40 21 0
41 22 0
42 23 0
43 24 0
44 25 0
45 26 0
46 29 0
47 30 0
48 9 0
49 32 0
50 32 0
51 32 0
52 33 0
53 33 0
54 33 0
GraphDataEnd
GraphEnd
NodeEnd
NodeStart
EPTNodeID: 2
AnchorID: 20317
TreeNodeGraphID: 2
Level: 2
SimplifiedLevel: 0
EditOperation: 0 3 0 2 5
AccumulatedOpsCount: 1
AccumulatedOp: 0 3 0 2 5
ChildrenCount: 2
ChildIndices: 3 4
CompletedDBGraphIDsCount: 0
GraphStart
GraphDataStart
ID: 2
NumNodes: 55
NumEdges: 116
NodeLabels
6 2 2 5 2 3 3 3 3 3 4 4 4 4 4 4 4 4 4 4 4 4 4 4 4 4 4 4 4 4 4 4 4 4 5 5 5 5 5 5 5 5 5 5 5 5 5 5 5 5 5 5 5 5 5 
Edges
0 1 0
0 2 0
0 5 0
0 14 0
1 0 0
2 0 0
3 28 0
4 31 0
5 0 0
5 10 0
5 11 0
6 10 0
6 12 0
6 13 0
7 11 0
7 15 0
8 12 0
8 16 0
9 27 0
9 31 0
9 48 0
10 5 0
10 6 0
10 34 0
10 35 0
11 5 0
11 7 0
11 12 0
12 6 0
12 8 0
12 11 0
13 6 0
13 17 0
13 18 0
14 0 0
14 19 0
14 20 0
15 7 0
15 16 0
15 21 0
16 8 0
16 15 0
16 22 0
17 13 0
17 23 0
17 36 0
18 13 0
18 24 0
18 37 0
19 14 0
19 25 0
19 38 0
20 14 0
20 26 0
20 39 0
21 15 0
21 29 0
21 40 0
22 16 0
22 30 0
22 41 0
23 17 0
23 28 0
23 42 0
24 18 0
24 28 0
24 43 0
25 19 0
25 27 0
25 44 0
26 20 0
26 27 0
26 45 0
27 9 0
27 25 0
27 26 0
28 3 0
28 23 0
28 24 0
29 21 0
29 30 0
29 46 0
30 22 0
30 29 0
30 47 0
31 4 0
31 9 0
31 33 0
32 49 0
32 50 0
32 51 0
33 31 0
33 52 0
33 53 0
33 54 0
34 10 0
35 10 0
36 17 0
37 18 0
38 19 0
39 20 0
40 21 0
41 22 0
42 23 0
43 24 0
44 25 0
45 26 0
46 29 0
47 30 0
48 9 0
49 32 0
50 32 0
51 32 0
52 33 0
53 33 0
54 33 0
GraphDataEnd
GraphEnd
NodeEnd
NodeStart
EPTNodeID: 3
AnchorID: 20317
TreeNodeGraphID: 5
Level: 5
SimplifiedLevel: 0
EditOperation: 5 17 32 0 0
AccumulatedOpsCount: 3
AccumulatedOp: 4 17 36 0 0
AccumulatedOp: 1 36 0 5 0
AccumulatedOp: 5 17 32 0 0
ChildrenCount: 0
ChildIndices:
CompletedDBGraphIDsCount: 1
CompletedDBGraphID: 12727
GraphStart
GraphDataStart
ID: 5
NumNodes: 54
NumEdges: 116
NodeLabels
6 2 2 5 2 3 3 3 3 3 4 4 4 4 4 4 4 4 4 4 4 4 4 4 4 4 4 4 4 4 4 4 4 4 5 5 5 5 5 5 5 5 5 5 5 5 5 5 5 5 5 5 5 5 
Edges
0 1 0
0 2 0
0 5 0
0 14 0
1 0 0
2 0 0
3 28 0
4 31 0
5 0 0
5 10 0
5 11 0
6 10 0
6 12 0
6 13 0
7 11 0
7 15 0
8 12 0
8 16 0
9 27 0
9 31 0
9 47 0
10 5 0
10 6 0
10 34 0
10 35 0
11 5 0
11 7 0
11 12 0
12 6 0
12 8 0
12 11 0
13 6 0
13 17 0
13 18 0
14 0 0
14 19 0
14 20 0
15 7 0
15 16 0
15 21 0
16 8 0
16 15 0
16 22 0
17 13 0
17 23 0
17 32 0
18 13 0
18 24 0
18 36 0
19 14 0
19 25 0
19 37 0
20 14 0
20 26 0
20 38 0
21 15 0
21 29 0
21 39 0
22 16 0
22 30 0
22 40 0
23 17 0
23 28 0
23 41 0
24 18 0
24 28 0
24 42 0
25 19 0
25 27 0
25 43 0
26 20 0
26 27 0
26 44 0
27 9 0
27 25 0
27 26 0
28 3 0
28 23 0
28 24 0
29 21 0
29 30 0
29 45 0
30 22 0
30 29 0
30 46 0
31 4 0
31 9 0
31 33 0
32 48 0
32 49 0
32 50 0
32 17 0
33 31 0
33 51 0
33 52 0
33 53 0
34 10 0
35 10 0
36 18 0
37 19 0
38 20 0
39 21 0
40 22 0
41 23 0
42 24 0
43 25 0
44 26 0
45 29 0
46 30 0
47 9 0
48 32 0
49 32 0
50 32 0
51 33 0
52 33 0
53 33 0
GraphDataEnd
GraphEnd
NodeEnd
NodeStart
EPTNodeID: 4
AnchorID: 20317
TreeNodeGraphID: 12
Level: 9
SimplifiedLevel: 0
EditOperation: 1 51 0 5 0
AccumulatedOpsCount: 7
AccumulatedOp: 4 32 49 0 0
AccumulatedOp: 1 49 0 5 0
AccumulatedOp: 4 32 50 0 0
AccumulatedOp: 1 50 0 5 0
AccumulatedOp: 4 32 51 0 0
AccumulatedOp: 1 32 0 4 0
AccumulatedOp: 1 51 0 5 0
ChildrenCount: 0
ChildIndices:
CompletedDBGraphIDsCount: 1
CompletedDBGraphID: 8675
GraphStart
GraphDataStart
ID: 12
NumNodes: 51
NumEdges: 110
NodeLabels
6 2 2 5 2 3 3 3 3 3 4 4 4 4 4 4 4 4 4 4 4 4 4 4 4 4 4 4 4 4 4 4 4 5 5 5 5 5 5 5 5 5 5 5 5 5 5 5 5 5 5 
Edges
0 1 0
0 2 0
0 5 0
0 14 0
1 0 0
2 0 0
3 28 0
4 31 0
5 0 0
5 10 0
5 11 0
6 10 0
6 12 0
6 13 0
7 11 0
7 15 0
8 12 0
8 16 0
9 27 0
9 31 0
9 47 0
10 5 0
10 6 0
10 33 0
10 34 0
11 5 0
11 7 0
11 12 0
12 6 0
12 8 0
12 11 0
13 6 0
13 17 0
13 18 0
14 0 0
14 19 0
14 20 0
15 7 0
15 16 0
15 21 0
16 8 0
16 15 0
16 22 0
17 13 0
17 23 0
17 35 0
18 13 0
18 24 0
18 36 0
19 14 0
19 25 0
19 37 0
20 14 0
20 26 0
20 38 0
21 15 0
21 29 0
21 39 0
22 16 0
22 30 0
22 40 0
23 17 0
23 28 0
23 41 0
24 18 0
24 28 0
24 42 0
25 19 0
25 27 0
25 43 0
26 20 0
26 27 0
26 44 0
27 9 0
27 25 0
27 26 0
28 3 0
28 23 0
28 24 0
29 21 0
29 30 0
29 45 0
30 22 0
30 29 0
30 46 0
31 4 0
31 9 0
31 32 0
32 31 0
32 48 0
32 49 0
32 50 0
33 10 0
34 10 0
35 17 0
36 18 0
37 19 0
38 20 0
39 21 0
40 22 0
41 23 0
42 24 0
43 25 0
44 26 0
45 29 0
46 30 0
47 9 0
48 32 0
49 32 0
50 32 0
GraphDataEnd
GraphEnd
NodeEnd
NodeStart
EPTNodeID: 5
AnchorID: 20317
TreeNodeGraphID: 15
Level: 4
SimplifiedLevel: 0
EditOperation: 5 28 32 0 0
AccumulatedOpsCount: 3
AccumulatedOp: 4 3 28 0 0
AccumulatedOp: 1 3 0 2 0
AccumulatedOp: 5 28 32 0 0
ChildrenCount: 0
ChildIndices:
CompletedDBGraphIDsCount: 1
CompletedDBGraphID: 1080
GraphStart
GraphDataStart
ID: 15
NumNodes: 54
NumEdges: 116
NodeLabels
6 2 2 2 3 3 3 3 3 4 4 4 4 4 4 4 4 4 4 4 4 4 4 4 4 4 4 4 4 4 4 4 4 5 5 5 5 5 5 5 5 5 5 5 5 5 5 5 5 5 5 5 5 5 
Edges
0 1 0
0 2 0
0 4 0
0 13 0
1 0 0
2 0 0
3 30 0
4 0 0
4 9 0
4 10 0
5 9 0
5 11 0
5 12 0
6 10 0
6 14 0
7 11 0
7 15 0
8 26 0
8 30 0
8 47 0
9 4 0
9 5 0
9 33 0
9 34 0
10 4 0
10 6 0
10 11 0
11 5 0
11 7 0
11 10 0
12 5 0
12 16 0
12 17 0
13 0 0
13 18 0
13 19 0
14 6 0
14 15 0
14 20 0
15 7 0
15 14 0
15 21 0
16 12 0
16 22 0
16 35 0
17 12 0
17 23 0
17 36 0
18 13 0
18 24 0
18 37 0
19 13 0
19 25 0
19 38 0
20 14 0
20 28 0
20 39 0
21 15 0
21 29 0
21 40 0
22 16 0
22 27 0
22 41 0
23 17 0
23 27 0
23 42 0
24 18 0
24 26 0
24 43 0
25 19 0
25 26 0
25 44 0
26 8 0
26 24 0
26 25 0
27 22 0
27 23 0
27 31 0
28 20 0
28 29 0
28 45 0
29 21 0
29 28 0
29 46 0
30 3 0
30 8 0
30 32 0
31 48 0
31 49 0
31 50 0
31 27 0
32 30 0
32 51 0
32 52 0
32 53 0
33 9 0
34 9 0
35 16 0
36 17 0
37 18 0
38 19 0
39 20 0
40 21 0
41 22 0
42 23 0
43 24 0
44 25 0
45 28 0
46 29 0
47 8 0
48 31 0
49 31 0
50 31 0
51 32 0
52 32 0
53 32 0
GraphDataEnd
GraphEnd
NodeEnd
NodeStart
EPTNodeID: 6
AnchorID: 20317
TreeNodeGraphID: 16
Level: 1
SimplifiedLevel: 0
EditOperation: 4 9 48 0 0
AccumulatedOpsCount: 1
AccumulatedOp: 4 9 48 0 0
ChildrenCount: 2
ChildIndices: 7 8
CompletedDBGraphIDsCount: 0
GraphStart
GraphDataStart
ID: 16
NumNodes: 55
NumEdges: 116
NodeLabels
6 2 2 2 2 3 3 3 3 3 4 4 4 4 4 4 4 4 4 4 4 4 4 4 4 4 4 4 4 4 4 4 4 4 5 5 5 5 5 5 5 5 5 5 5 5 5 5 5 5 5 5 5 5 5 
Edges
0 1 0
0 2 0
0 5 0
0 14 0
1 0 0
2 0 0
3 28 0
3 32 0
4 31 0
5 0 0
5 10 0
5 11 0
6 10 0
6 12 0
6 13 0
7 11 0
7 15 0
8 12 0
8 16 0
9 27 0
9 31 0
10 5 0
10 6 0
10 34 0
10 35 0
11 5 0
11 7 0
11 12 0
12 6 0
12 8 0
12 11 0
13 6 0
13 17 0
13 18 0
14 0 0
14 19 0
14 20 0
15 7 0
15 16 0
15 21 0
16 8 0
16 15 0
16 22 0
17 13 0
17 23 0
17 36 0
18 13 0
18 24 0
18 37 0
19 14 0
19 25 0
19 38 0
20 14 0
20 26 0
20 39 0
21 15 0
21 29 0
21 40 0
22 16 0
22 30 0
22 41 0
23 17 0
23 28 0
23 42 0
24 18 0
24 28 0
24 43 0
25 19 0
25 27 0
25 44 0
26 20 0
26 27 0
26 45 0
27 9 0
27 25 0
27 26 0
28 3 0
28 23 0
28 24 0
29 21 0
29 30 0
29 46 0
30 22 0
30 29 0
30 47 0
31 4 0
31 9 0
31 33 0
32 3 0
32 49 0
32 50 0
32 51 0
33 31 0
33 52 0
33 53 0
33 54 0
34 10 0
35 10 0
36 17 0
37 18 0
38 19 0
39 20 0
40 21 0
41 22 0
42 23 0
43 24 0
44 25 0
45 26 0
46 29 0
47 30 0
49 32 0
50 32 0
51 32 0
52 33 0
53 33 0
54 33 0
GraphDataEnd
GraphEnd
NodeEnd
NodeStart
EPTNodeID: 7
AnchorID: 20317
TreeNodeGraphID: 25
Level: 10
SimplifiedLevel: 0
EditOperation: 1 48 0 5 0
AccumulatedOpsCount: 9
AccumulatedOp: 4 9 27 0 0
AccumulatedOp: 4 31 33 0 0
AccumulatedOp: 4 9 31 0 0
AccumulatedOp: 1 9 0 3 0
AccumulatedOp: 5 27 33 0 0
AccumulatedOp: 4 4 31 0 0
AccumulatedOp: 1 4 0 2 0
AccumulatedOp: 1 31 0 4 0
AccumulatedOp: 1 48 0 5 0
ChildrenCount: 0
ChildIndices:
CompletedDBGraphIDsCount: 1
CompletedDBGraphID: 18073
GraphStart
GraphDataStart
ID: 25
NumNodes: 51
NumEdges: 110
NodeLabels
6 2 2 2 3 3 3 3 4 4 4 4 4 4 4 4 4 4 4 4 4 4 4 4 4 4 4 4 4 4 4 5 5 5 5 5 5 5 5 5 5 5 5 5 5 5 5 5 5 5 5 
Edges
0 1 0
0 2 0
0 4 0
0 12 0
1 0 0
2 0 0
3 26 0
3 29 0
4 0 0
4 8 0
4 9 0
5 8 0
5 10 0
5 11 0
6 9 0
6 13 0
7 10 0
7 14 0
8 4 0
8 5 0
8 31 0
8 32 0
9 4 0
9 6 0
9 10 0
10 5 0
10 7 0
10 9 0
11 5 0
11 15 0
11 16 0
12 0 0
12 17 0
12 18 0
13 6 0
13 14 0
13 19 0
14 7 0
14 13 0
14 20 0
15 11 0
15 21 0
15 33 0
16 11 0
16 22 0
16 34 0
17 12 0
17 23 0
17 35 0
18 12 0
18 24 0
18 36 0
19 13 0
19 27 0
19 37 0
20 14 0
20 28 0
20 38 0
21 15 0
21 26 0
21 39 0
22 16 0
22 26 0
22 40 0
23 17 0
23 25 0
23 41 0
24 18 0
24 25 0
24 42 0
25 23 0
25 24 0
25 30 0
26 3 0
26 21 0
26 22 0
27 19 0
27 28 0
27 43 0
28 20 0
28 27 0
28 44 0
29 3 0
29 45 0
29 46 0
29 47 0
30 48 0
30 49 0
30 50 0
30 25 0
31 8 0
32 8 0
33 15 0
34 16 0
35 17 0
36 18 0
37 19 0
38 20 0
39 21 0
40 22 0
41 23 0
42 24 0
43 27 0
44 28 0
45 29 0
46 29 0
47 29 0
48 30 0
49 30 0
50 30 0
GraphDataEnd
GraphEnd
NodeEnd
NodeStart
EPTNodeID: 8
AnchorID: 20317
TreeNodeGraphID: 28
Level: 4
SimplifiedLevel: 0
EditOperation: 5 31 48 0 0
AccumulatedOpsCount: 3
AccumulatedOp: 0 4 0 2 5
AccumulatedOp: 0 9 0 3 2
AccumulatedOp: 5 31 48 0 0
ChildrenCount: 0
ChildIndices:
CompletedDBGraphIDsCount: 1
CompletedDBGraphID: 11243
GraphStart
GraphDataStart
ID: 28
NumNodes: 55
NumEdges: 118
NodeLabels
6 2 2 2 5 3 3 3 3 2 4 4 4 4 4 4 4 4 4 4 4 4 4 4 4 4 4 4 4 4 4 4 4 4 5 5 5 5 5 5 5 5 5 5 5 5 5 5 5 5 5 5 5 5 5 
Edges
0 1 0
0 2 0
0 5 0
0 14 0
1 0 0
2 0 0
3 28 0
3 32 0
4 31 0
5 0 0
5 10 0
5 11 0
6 10 0
6 12 0
6 13 0
7 11 0
7 15 0
8 12 0
8 16 0
9 27 0
9 31 0
10 5 0
10 6 0
10 34 0
10 35 0
11 5 0
11 7 0
11 12 0
12 6 0
12 8 0
12 11 0
13 6 0
13 17 0
13 18 0
14 0 0
14 19 0
14 20 0
15 7 0
15 16 0
15 21 0
16 8 0
16 15 0
16 22 0
17 13 0
17 23 0
17 36 0
18 13 0
18 24 0
18 37 0
19 14 0
19 25 0
19 38 0
20 14 0
20 26 0
20 39 0
21 15 0
21 29 0
21 40 0
22 16 0
22 30 0
22 41 0
23 17 0
23 28 0
23 42 0
24 18 0
24 28 0
24 43 0
25 19 0
25 27 0
25 44 0
26 20 0
26 27 0
26 45 0
27 9 0
27 25 0
27 26 0
28 3 0
28 23 0
28 24 0
29 21 0
29 30 0
29 46 0
30 22 0
30 29 0
30 47 0
31 4 0
31 9 0
31 33 0
31 48 0
32 3 0
32 49 0
32 50 0
32 51 0
33 31 0
33 52 0
33 53 0
33 54 0
34 10 0
35 10 0
36 17 0
37 18 0
38 19 0
39 20 0
40 21 0
41 22 0
42 23 0
43 24 0
44 25 0
45 26 0
46 29 0
47 30 0
48 31 0
49 32 0
50 32 0
51 32 0
52 33 0
53 33 0
54 33 0
GraphDataEnd
GraphEnd
NodeEnd
NodeStart
EPTNodeID: 9
AnchorID: 20317
TreeNodeGraphID: 35
Level: 7
SimplifiedLevel: 0
EditOperation: 5 3 49 0 0
AccumulatedOpsCount: 7
AccumulatedOp: 4 3 28 0 0
AccumulatedOp: 5 28 32 0 0
AccumulatedOp: 0 51 0 5 2
AccumulatedOp: 4 32 49 0 0
AccumulatedOp: 4 32 50 0 0
AccumulatedOp: 1 50 0 5 0
AccumulatedOp: 5 3 49 0 0
ChildrenCount: 0
ChildIndices:
CompletedDBGraphIDsCount: 1
CompletedDBGraphID: 13093
GraphStart
GraphDataStart
ID: 35
NumNodes: 54
NumEdges: 116
NodeLabels
6 2 2 2 2 3 3 3 3 3 4 4 4 4 4 4 4 4 4 4 4 4 4 4 4 4 4 4 4 4 4 4 4 4 5 5 5 5 5 5 5 5 5 5 5 5 5 5 5 5 2 5 5 5 
Edges
0 1 0
0 2 0
0 5 0
0 14 0
1 0 0
2 0 0
3 32 0
3 49 0
4 31 0
5 0 0
5 10 0
5 11 0
6 10 0
6 12 0
6 13 0
7 11 0
7 15 0
8 12 0
8 16 0
9 27 0
9 31 0
9 48 0
10 5 0
10 6 0
10 34 0
10 35 0
11 5 0
11 7 0
11 12 0
12 6 0
12 8 0
12 11 0
13 6 0
13 17 0
13 18 0
14 0 0
14 19 0
14 20 0
15 7 0
15 16 0
15 21 0
16 8 0
16 15 0
16 22 0
17 13 0
17 23 0
17 36 0
18 13 0
18 24 0
18 37 0
19 14 0
19 25 0
19 38 0
20 14 0
20 26 0
20 39 0
21 15 0
21 29 0
21 40 0
22 16 0
22 30 0
22 41 0
23 17 0
23 28 0
23 42 0
24 18 0
24 28 0
24 43 0
25 19 0
25 27 0
25 44 0
26 20 0
26 27 0
26 45 0
27 9 0
27 25 0
27 26 0
28 23 0
28 24 0
28 32 0
29 21 0
29 30 0
29 46 0
30 22 0
30 29 0
30 47 0
31 4 0
31 9 0
31 33 0
32 3 0
32 50 0
32 28 0
33 31 0
33 51 0
33 52 0
33 53 0
34 10 0
35 10 0
36 17 0
37 18 0
38 19 0
39 20 0
40 21 0
41 22 0
42 23 0
43 24 0
44 25 0
45 26 0
46 29 0
47 30 0
48 9 0
49 3 0
50 32 0
51 33 0
52 33 0
53 33 0
GraphDataEnd
GraphEnd
NodeEnd
END_EPT
