BEGIN_EPT
AnchorID: 12384  # ID of the anchor node
RootIndex: 0  # Index of the root node in tree_nodes
NodeCount: 13  # Total number of nodes in the EPT
NodeStart
EPTNodeID: 0
AnchorID: 12384
TreeNodeGraphID: 0
Level: 0
SimplifiedLevel: 0
EditOperation: -1 0 -1 0 0
AccumulatedOpsCount: 0
ChildrenCount: 4
ChildIndices: 1 8 9 12
CompletedDBGraphIDsCount: 0
GraphStart
GraphDataStart
ID: 0
NumNodes: 59
NumEdges: 122
NodeLabels
6 2 2 2 2 2 3 3 4 4 4 4 4 4 4 4 4 4 4 4 4 4 4 4 4 4 4 4 4 4 4 4 4 5 5 5 5 5 5 5 5 5 5 5 5 5 5 5 5 5 5 5 5 5 5 5 5 5 5 
Edges
0 1 0
0 2 0
0 6 0
0 10 0
1 0 0
2 0 0
3 12 0
4 31 0
4 32 0
5 31 0
6 0 0
6 8 0
6 9 0
7 12 0
7 23 0
7 45 0
8 6 0
8 11 0
8 33 0
8 34 0
9 6 0
9 12 0
9 35 0
9 36 0
10 0 0
10 13 0
10 14 0
11 8 0
11 15 0
11 16 0
12 3 0
12 7 0
12 9 0
13 10 0
13 19 0
13 37 0
14 10 0
14 20 0
14 38 0
15 11 0
15 21 0
15 39 0
16 11 0
16 22 0
16 40 0
17 19 0
17 20 0
17 24 0
18 21 0
18 22 0
18 25 0
19 13 0
19 17 0
19 41 0
20 14 0
20 17 0
20 42 0
21 15 0
21 18 0
21 43 0
22 16 0
22 18 0
22 44 0
23 7 0
23 26 0
23 27 0
24 17 0
24 46 0
24 47 0
24 48 0
25 18 0
25 49 0
25 50 0
25 51 0
26 23 0
26 28 0
26 52 0
27 23 0
27 29 0
27 53 0
28 26 0
28 30 0
28 54 0
29 27 0
29 30 0
29 55 0
30 28 0
30 29 0
30 31 0
31 4 0
31 5 0
31 30 0
32 4 0
32 56 0
32 57 0
32 58 0
33 8 0
34 8 0
35 9 0
36 9 0
37 13 0
38 14 0
39 15 0
40 16 0
41 19 0
42 20 0
43 21 0
44 22 0
45 7 0
46 24 0
47 24 0
48 24 0
49 25 0
50 25 0
51 25 0
52 26 0
53 27 0
54 28 0
55 29 0
56 32 0
57 32 0
58 32 0
GraphDataEnd
GraphEnd
NodeEnd
NodeStart
EPTNodeID: 1
AnchorID: 12384
TreeNodeGraphID: 1
Level: 1
SimplifiedLevel: 0
EditOperation: 4 4 31 0 0
AccumulatedOpsCount: 1
AccumulatedOp: 4 4 31 0 0
ChildrenCount: 2
ChildIndices: 2 7
CompletedDBGraphIDsCount: 0
GraphStart
GraphDataStart
ID: 1
NumNodes: 59
NumEdges: 120
NodeLabels
6 2 2 2 2 2 3 3 4 4 4 4 4 4 4 4 4 4 4 4 4 4 4 4 4 4 4 4 4 4 4 4 4 5 5 5 5 5 5 5 5 5 5 5 5 5 5 5 5 5 5 5 5 5 5 5 5 5 5 
Edges
0 1 0
0 2 0
0 6 0
0 10 0
1 0 0
2 0 0
3 12 0
4 32 0
5 31 0
6 0 0
6 8 0
6 9 0
7 12 0
7 23 0
7 45 0
8 6 0
8 11 0
8 33 0
8 34 0
9 6 0
9 12 0
9 35 0
9 36 0
10 0 0
10 13 0
10 14 0
11 8 0
11 15 0
11 16 0
12 3 0
12 7 0
12 9 0
13 10 0
13 19 0
13 37 0
14 10 0
14 20 0
14 38 0
15 11 0
15 21 0
15 39 0
16 11 0
16 22 0
16 40 0
17 19 0
17 20 0
17 24 0
18 21 0
18 22 0
18 25 0
19 13 0
19 17 0
19 41 0
20 14 0
20 17 0
20 42 0
21 15 0
21 18 0
21 43 0
22 16 0
22 18 0
22 44 0
23 7 0
23 26 0
23 27 0
24 17 0
24 46 0
24 47 0
24 48 0
25 18 0
25 49 0
25 50 0
25 51 0
26 23 0
26 28 0
26 52 0
27 23 0
27 29 0
27 53 0
28 26 0
28 30 0
28 54 0
29 27 0
29 30 0
29 55 0
30 28 0
30 29 0
30 31 0
31 5 0
31 30 0
32 4 0
32 56 0
32 57 0
32 58 0
33 8 0
34 8 0
35 9 0
36 9 0
37 13 0
38 14 0
39 15 0
40 16 0
41 19 0
42 20 0
43 21 0
44 22 0
45 7 0
46 24 0
47 24 0
48 24 0
49 25 0
50 25 0
51 25 0
52 26 0
53 27 0
54 28 0
55 29 0
56 32 0
57 32 0
58 32 0
GraphDataEnd
GraphEnd
NodeEnd
NodeStart
EPTNodeID: 2
AnchorID: 12384
TreeNodeGraphID: 2
Level: 2
SimplifiedLevel: 0
EditOperation: 4 5 31 0 0
AccumulatedOpsCount: 1
AccumulatedOp: 4 5 31 0 0
ChildrenCount: 2
ChildIndices: 3 6
CompletedDBGraphIDsCount: 0
GraphStart
GraphDataStart
ID: 2
NumNodes: 59
NumEdges: 118
NodeLabels
6 2 2 2 2 2 3 3 4 4 4 4 4 4 4 4 4 4 4 4 4 4 4 4 4 4 4 4 4 4 4 4 4 5 5 5 5 5 5 5 5 5 5 5 5 5 5 5 5 5 5 5 5 5 5 5 5 5 5 
Edges
0 1 0
0 2 0
0 6 0
0 10 0
1 0 0
2 0 0
3 12 0
4 32 0
6 0 0
6 8 0
6 9 0
7 12 0
7 23 0
7 45 0
8 6 0
8 11 0
8 33 0
8 34 0
9 6 0
9 12 0
9 35 0
9 36 0
10 0 0
10 13 0
10 14 0
11 8 0
11 15 0
11 16 0
12 3 0
12 7 0
12 9 0
13 10 0
13 19 0
13 37 0
14 10 0
14 20 0
14 38 0
15 11 0
15 21 0
15 39 0
16 11 0
16 22 0
16 40 0
17 19 0
17 20 0
17 24 0
18 21 0
18 22 0
18 25 0
19 13 0
19 17 0
19 41 0
20 14 0
20 17 0
20 42 0
21 15 0
21 18 0
21 43 0
22 16 0
22 18 0
22 44 0
23 7 0
23 26 0
23 27 0
24 17 0
24 46 0
24 47 0
24 48 0
25 18 0
25 49 0
25 50 0
25 51 0
26 23 0
26 28 0
26 52 0
27 23 0
27 29 0
27 53 0
28 26 0
28 30 0
28 54 0
29 27 0
29 30 0
29 55 0
30 28 0
30 29 0
30 31 0
31 30 0
32 4 0
32 56 0
32 57 0
32 58 0
33 8 0
34 8 0
35 9 0
36 9 0
37 13 0
38 14 0
39 15 0
40 16 0
41 19 0
42 20 0
43 21 0
44 22 0
45 7 0
46 24 0
47 24 0
48 24 0
49 25 0
50 25 0
51 25 0
52 26 0
53 27 0
54 28 0
55 29 0
56 32 0
57 32 0
58 32 0
GraphDataEnd
GraphEnd
NodeEnd
NodeStart
EPTNodeID: 3
AnchorID: 12384
TreeNodeGraphID: 3
Level: 3
SimplifiedLevel: 0
EditOperation: 1 5 0 2 0
AccumulatedOpsCount: 1
AccumulatedOp: 1 5 0 2 0
ChildrenCount: 2
ChildIndices: 4 5
CompletedDBGraphIDsCount: 0
GraphStart
GraphDataStart
ID: 3
NumNodes: 58
NumEdges: 118
NodeLabels
6 2 2 2 2 3 3 4 4 4 4 4 4 4 4 4 4 4 4 4 4 4 4 4 4 4 4 4 4 4 4 4 5 5 5 5 5 5 5 5 5 5 5 5 5 5 5 5 5 5 5 5 5 5 5 5 5 5 
Edges
0 1 0
0 2 0
0 5 0
0 9 0
1 0 0
2 0 0
3 11 0
4 31 0
5 0 0
5 7 0
5 8 0
6 11 0
6 22 0
6 44 0
7 5 0
7 10 0
7 32 0
7 33 0
8 5 0
8 11 0
8 34 0
8 35 0
9 0 0
9 12 0
9 13 0
10 7 0
10 14 0
10 15 0
11 3 0
11 6 0
11 8 0
12 9 0
12 18 0
12 36 0
13 9 0
13 19 0
13 37 0
14 10 0
14 20 0
14 38 0
15 10 0
15 21 0
15 39 0
16 18 0
16 19 0
16 23 0
17 20 0
17 21 0
17 24 0
18 12 0
18 16 0
18 40 0
19 13 0
19 16 0
19 41 0
20 14 0
20 17 0
20 42 0
21 15 0
21 17 0
21 43 0
22 6 0
22 25 0
22 26 0
23 16 0
23 45 0
23 46 0
23 47 0
24 17 0
24 48 0
24 49 0
24 50 0
25 22 0
25 27 0
25 51 0
26 22 0
26 28 0
26 52 0
27 25 0
27 29 0
27 53 0
28 26 0
28 29 0
28 54 0
29 27 0
29 28 0
29 30 0
30 29 0
31 4 0
31 55 0
31 56 0
31 57 0
32 7 0
33 7 0
34 8 0
35 8 0
36 12 0
37 13 0
38 14 0
39 15 0
40 18 0
41 19 0
42 20 0
43 21 0
44 6 0
45 23 0
46 23 0
47 23 0
48 24 0
49 24 0
50 24 0
51 25 0
52 26 0
53 27 0
54 28 0
55 31 0
56 31 0
57 31 0
GraphDataEnd
GraphEnd
NodeEnd
NodeStart
EPTNodeID: 4
AnchorID: 12384
TreeNodeGraphID: 13
Level: 13
SimplifiedLevel: 0
EditOperation: 5 6 11 0 0
AccumulatedOpsCount: 10
AccumulatedOp: 0 44 0 5 7
AccumulatedOp: 5 4 30 0 0
AccumulatedOp: 4 8 11 0 0
AccumulatedOp: 5 8 23 0 0
AccumulatedOp: 5 7 8 0 0
AccumulatedOp: 4 6 8 0 0
AccumulatedOp: 4 7 23 0 0
AccumulatedOp: 4 30 31 0 0
AccumulatedOp: 1 31 0 4 0
AccumulatedOp: 5 6 11 0 0
ChildrenCount: 0
ChildIndices:
CompletedDBGraphIDsCount: 1
CompletedDBGraphID: 19868
GraphStart
GraphDataStart
ID: 13
NumNodes: 57
NumEdges: 118
NodeLabels
6 2 2 2 2 3 3 4 4 4 4 4 4 4 4 4 4 4 4 4 4 4 4 4 4 4 4 4 4 4 4 5 5 5 5 5 5 5 5 5 5 5 7 5 5 5 5 5 5 5 5 5 5 5 5 5 5 
Edges
0 1 0
0 2 0
0 5 0
0 9 0
1 0 0
2 0 0
3 11 0
4 30 0
4 29 0
5 0 0
5 8 0
5 10 0
6 11 0
6 43 0
6 7 0
7 31 0
7 32 0
7 22 0
7 6 0
8 5 0
8 11 0
8 33 0
8 34 0
9 0 0
9 12 0
9 13 0
10 14 0
10 15 0
10 5 0
11 3 0
11 6 0
11 8 0
12 9 0
12 18 0
12 35 0
13 9 0
13 19 0
13 36 0
14 10 0
14 20 0
14 37 0
15 10 0
15 21 0
15 38 0
16 18 0
16 19 0
16 23 0
17 20 0
17 21 0
17 24 0
18 12 0
18 16 0
18 39 0
19 13 0
19 16 0
19 40 0
20 14 0
20 17 0
20 41 0
21 15 0
21 17 0
21 42 0
22 25 0
22 26 0
22 7 0
23 16 0
23 44 0
23 45 0
23 46 0
24 17 0
24 47 0
24 48 0
24 49 0
25 22 0
25 27 0
25 50 0
26 22 0
26 28 0
26 51 0
27 25 0
27 29 0
27 52 0
28 26 0
28 29 0
28 53 0
29 27 0
29 28 0
29 4 0
30 4 0
30 54 0
30 55 0
30 56 0
31 7 0
32 7 0
33 8 0
34 8 0
35 12 0
36 13 0
37 14 0
38 15 0
39 18 0
40 19 0
41 20 0
42 21 0
43 6 0
44 23 0
45 23 0
46 23 0
47 24 0
48 24 0
49 24 0
50 25 0
51 26 0
52 27 0
53 28 0
54 30 0
55 30 0
56 30 0
GraphDataEnd
GraphEnd
NodeEnd
NodeStart
EPTNodeID: 5
AnchorID: 12384
TreeNodeGraphID: 17
Level: 7
SimplifiedLevel: 0
EditOperation: 5 4 27 0 0
AccumulatedOpsCount: 4
AccumulatedOp: 0 31 0 4 5
AccumulatedOp: 4 27 53 0 0
AccumulatedOp: 1 53 0 5 0
AccumulatedOp: 5 4 27 0 0
ChildrenCount: 0
ChildIndices:
CompletedDBGraphIDsCount: 1
CompletedDBGraphID: 8790
GraphStart
GraphDataStart
ID: 17
NumNodes: 57
NumEdges: 118
NodeLabels
6 2 2 2 2 3 3 4 4 4 4 4 4 4 4 4 4 4 4 4 4 4 4 4 4 4 4 4 4 4 5 4 5 5 5 5 5 5 5 5 5 5 5 5 5 5 5 5 5 5 5 5 5 5 5 5 5 
Edges
0 1 0
0 2 0
0 5 0
0 9 0
1 0 0
2 0 0
3 11 0
4 31 0
4 26 0
5 0 0
5 7 0
5 8 0
6 11 0
6 22 0
6 44 0
7 5 0
7 10 0
7 32 0
7 33 0
8 5 0
8 11 0
8 34 0
8 35 0
9 0 0
9 12 0
9 13 0
10 7 0
10 14 0
10 15 0
11 3 0
11 6 0
11 8 0
12 9 0
12 18 0
12 36 0
13 9 0
13 19 0
13 37 0
14 10 0
14 20 0
14 38 0
15 10 0
15 21 0
15 39 0
16 18 0
16 19 0
16 23 0
17 20 0
17 21 0
17 24 0
18 12 0
18 16 0
18 40 0
19 13 0
19 16 0
19 41 0
20 14 0
20 17 0
20 42 0
21 15 0
21 17 0
21 43 0
22 6 0
22 25 0
22 26 0
23 16 0
23 45 0
23 46 0
23 47 0
24 17 0
24 48 0
24 49 0
24 50 0
25 22 0
25 27 0
25 51 0
26 22 0
26 28 0
26 4 0
27 25 0
27 29 0
27 52 0
28 26 0
28 29 0
28 53 0
29 27 0
29 28 0
29 30 0
30 29 0
31 4 0
31 54 0
31 55 0
31 56 0
32 7 0
33 7 0
34 8 0
35 8 0
36 12 0
37 13 0
38 14 0
39 15 0
40 18 0
41 19 0
42 20 0
43 21 0
44 6 0
45 23 0
46 23 0
47 23 0
48 24 0
49 24 0
50 24 0
51 25 0
52 27 0
53 28 0
54 31 0
55 31 0
56 31 0
GraphDataEnd
GraphEnd
NodeEnd
NodeStart
EPTNodeID: 6
AnchorID: 12384
TreeNodeGraphID: 23
Level: 8
SimplifiedLevel: 0
EditOperation: 5 4 29 0 0
AccumulatedOpsCount: 6
AccumulatedOp: 0 31 0 4 5
AccumulatedOp: 0 4 0 2 4
AccumulatedOp: 4 29 55 0 0
AccumulatedOp: 1 55 0 5 0
AccumulatedOp: 5 4 5 0 0
AccumulatedOp: 5 4 29 0 0
ChildrenCount: 0
ChildIndices:
CompletedDBGraphIDsCount: 1
CompletedDBGraphID: 2261
GraphStart
GraphDataStart
ID: 23
NumNodes: 58
NumEdges: 120
NodeLabels
6 2 2 2 4 2 3 3 4 4 4 4 4 4 4 4 4 4 4 4 4 4 4 4 4 4 4 4 4 4 4 5 4 5 5 5 5 5 5 5 5 5 5 5 5 5 5 5 5 5 5 5 5 5 5 5 5 5 
Edges
0 1 0
0 2 0
0 6 0
0 10 0
1 0 0
2 0 0
3 12 0
4 32 0
4 5 0
4 29 0
5 4 0
6 0 0
6 8 0
6 9 0
7 12 0
7 23 0
7 45 0
8 6 0
8 11 0
8 33 0
8 34 0
9 6 0
9 12 0
9 35 0
9 36 0
10 0 0
10 13 0
10 14 0
11 8 0
11 15 0
11 16 0
12 3 0
12 7 0
12 9 0
13 10 0
13 19 0
13 37 0
14 10 0
14 20 0
14 38 0
15 11 0
15 21 0
15 39 0
16 11 0
16 22 0
16 40 0
17 19 0
17 20 0
17 24 0
18 21 0
18 22 0
18 25 0
19 13 0
19 17 0
19 41 0
20 14 0
20 17 0
20 42 0
21 15 0
21 18 0
21 43 0
22 16 0
22 18 0
22 44 0
23 7 0
23 26 0
23 27 0
24 17 0
24 46 0
24 47 0
24 48 0
25 18 0
25 49 0
25 50 0
25 51 0
26 23 0
26 28 0
26 52 0
27 23 0
27 29 0
27 53 0
28 26 0
28 30 0
28 54 0
29 27 0
29 30 0
29 4 0
30 28 0
30 29 0
30 31 0
31 30 0
32 4 0
32 55 0
32 56 0
32 57 0
33 8 0
34 8 0
35 9 0
36 9 0
37 13 0
38 14 0
39 15 0
40 16 0
41 19 0
42 20 0
43 21 0
44 22 0
45 7 0
46 24 0
47 24 0
48 24 0
49 25 0
50 25 0
51 25 0
52 26 0
53 27 0
54 28 0
55 32 0
56 32 0
57 32 0
GraphDataEnd
GraphEnd
NodeEnd
NodeStart
EPTNodeID: 7
AnchorID: 12384
TreeNodeGraphID: 30
Level: 8
SimplifiedLevel: 0
EditOperation: 5 24 31 0 0
AccumulatedOpsCount: 7
AccumulatedOp: 0 5 0 2 5
AccumulatedOp: 0 4 0 2 5
AccumulatedOp: 5 4 17 0 0
AccumulatedOp: 4 4 32 0 0
AccumulatedOp: 4 17 24 0 0
AccumulatedOp: 5 31 32 0 0
AccumulatedOp: 5 24 31 0 0
ChildrenCount: 0
ChildIndices:
CompletedDBGraphIDsCount: 1
CompletedDBGraphID: 440
GraphStart
GraphDataStart
ID: 30
NumNodes: 59
NumEdges: 122
NodeLabels
6 2 2 2 5 5 3 3 4 4 4 4 4 4 4 4 4 4 4 4 4 4 4 4 4 4 4 4 4 4 4 4 4 5 5 5 5 5 5 5 5 5 5 5 5 5 5 5 5 5 5 5 5 5 5 5 5 5 5 
Edges
0 1 0
0 2 0
0 6 0
0 10 0
1 0 0
2 0 0
3 12 0
4 17 0
5 31 0
6 0 0
6 8 0
6 9 0
7 12 0
7 23 0
7 45 0
8 6 0
8 11 0
8 33 0
8 34 0
9 6 0
9 12 0
9 35 0
9 36 0
10 0 0
10 13 0
10 14 0
11 8 0
11 15 0
11 16 0
12 3 0
12 7 0
12 9 0
13 10 0
13 19 0
13 37 0
14 10 0
14 20 0
14 38 0
15 11 0
15 21 0
15 39 0
16 11 0
16 22 0
16 40 0
17 19 0
17 20 0
17 4 0
18 21 0
18 22 0
18 25 0
19 13 0
19 17 0
19 41 0
20 14 0
20 17 0
20 42 0
21 15 0
21 18 0
21 43 0
22 16 0
22 18 0
22 44 0
23 7 0
23 26 0
23 27 0
24 46 0
24 47 0
24 48 0
24 31 0
25 18 0
25 49 0
25 50 0
25 51 0
26 23 0
26 28 0
26 52 0
27 23 0
27 29 0
27 53 0
28 26 0
28 30 0
28 54 0
29 27 0
29 30 0
29 55 0
30 28 0
30 29 0
30 31 0
31 5 0
31 30 0
31 32 0
31 24 0
32 56 0
32 57 0
32 58 0
32 31 0
33 8 0
34 8 0
35 9 0
36 9 0
37 13 0
38 14 0
39 15 0
40 16 0
41 19 0
42 20 0
43 21 0
44 22 0
45 7 0
46 24 0
47 24 0
48 24 0
49 25 0
50 25 0
51 25 0
52 26 0
53 27 0
54 28 0
55 29 0
56 32 0
57 32 0
58 32 0
GraphDataEnd
GraphEnd
NodeEnd
NodeStart
EPTNodeID: 8
AnchorID: 12384
TreeNodeGraphID: 37
Level: 7
SimplifiedLevel: 0
EditOperation: 4 26 28 0 0
AccumulatedOpsCount: 7
AccumulatedOp: 4 5 31 0 0
AccumulatedOp: 1 5 0 2 0
AccumulatedOp: 0 28 0 4 5
AccumulatedOp: 5 26 31 0 0
AccumulatedOp: 4 28 54 0 0
AccumulatedOp: 1 54 0 5 0
AccumulatedOp: 4 26 28 0 0
ChildrenCount: 0
ChildIndices:
CompletedDBGraphIDsCount: 1
CompletedDBGraphID: 16743
GraphStart
GraphDataStart
ID: 37
NumNodes: 57
NumEdges: 118
NodeLabels
6 2 2 2 2 3 3 4 4 4 4 4 4 4 4 4 4 4 4 4 4 4 4 4 4 4 4 5 4 4 4 4 5 5 5 5 5 5 5 5 5 5 5 5 5 5 5 5 5 5 5 5 5 5 5 5 5 
Edges
0 1 0
0 2 0
0 5 0
0 9 0
1 0 0
2 0 0
3 11 0
4 30 0
4 31 0
5 0 0
5 7 0
5 8 0
6 11 0
6 22 0
6 44 0
7 5 0
7 10 0
7 32 0
7 33 0
8 5 0
8 11 0
8 34 0
8 35 0
9 0 0
9 12 0
9 13 0
10 7 0
10 14 0
10 15 0
11 3 0
11 6 0
11 8 0
12 9 0
12 18 0
12 36 0
13 9 0
13 19 0
13 37 0
14 10 0
14 20 0
14 38 0
15 10 0
15 21 0
15 39 0
16 18 0
16 19 0
16 23 0
17 20 0
17 21 0
17 24 0
18 12 0
18 16 0
18 40 0
19 13 0
19 16 0
19 41 0
20 14 0
20 17 0
20 42 0
21 15 0
21 17 0
21 43 0
22 6 0
22 25 0
22 26 0
23 16 0
23 45 0
23 46 0
23 47 0
24 17 0
24 48 0
24 49 0
24 50 0
25 22 0
25 51 0
25 30 0
26 22 0
26 28 0
26 52 0
27 29 0
28 26 0
28 29 0
28 53 0
29 27 0
29 28 0
29 30 0
30 4 0
30 29 0
30 25 0
31 4 0
31 54 0
31 55 0
31 56 0
32 7 0
33 7 0
34 8 0
35 8 0
36 12 0
37 13 0
38 14 0
39 15 0
40 18 0
41 19 0
42 20 0
43 21 0
44 6 0
45 23 0
46 23 0
47 23 0
48 24 0
49 24 0
50 24 0
51 25 0
52 26 0
53 28 0
54 31 0
55 31 0
56 31 0
GraphDataEnd
GraphEnd
NodeEnd
NodeStart
EPTNodeID: 9
AnchorID: 12384
TreeNodeGraphID: 38
Level: 1
SimplifiedLevel: 0
EditOperation: 4 30 31 0 0
AccumulatedOpsCount: 1
AccumulatedOp: 4 30 31 0 0
ChildrenCount: 2
ChildIndices: 10 11
CompletedDBGraphIDsCount: 0
GraphStart
GraphDataStart
ID: 38
NumNodes: 59
NumEdges: 120
NodeLabels
6 2 2 2 2 2 3 3 4 4 4 4 4 4 4 4 4 4 4 4 4 4 4 4 4 4 4 4 4 4 4 4 4 5 5 5 5 5 5 5 5 5 5 5 5 5 5 5 5 5 5 5 5 5 5 5 5 5 5 
Edges
0 1 0
0 2 0
0 6 0
0 10 0
1 0 0
2 0 0
3 12 0
4 31 0
4 32 0
5 31 0
6 0 0
6 8 0
6 9 0
7 12 0
7 23 0
7 45 0
8 6 0
8 11 0
8 33 0
8 34 0
9 6 0
9 12 0
9 35 0
9 36 0
10 0 0
10 13 0
10 14 0
11 8 0
11 15 0
11 16 0
12 3 0
12 7 0
12 9 0
13 10 0
13 19 0
13 37 0
14 10 0
14 20 0
14 38 0
15 11 0
15 21 0
15 39 0
16 11 0
16 22 0
16 40 0
17 19 0
17 20 0
17 24 0
18 21 0
18 22 0
18 25 0
19 13 0
19 17 0
19 41 0
20 14 0
20 17 0
20 42 0
21 15 0
21 18 0
21 43 0
22 16 0
22 18 0
22 44 0
23 7 0
23 26 0
23 27 0
24 17 0
24 46 0
24 47 0
24 48 0
25 18 0
25 49 0
25 50 0
25 51 0
26 23 0
26 28 0
26 52 0
27 23 0
27 29 0
27 53 0
28 26 0
28 30 0
28 54 0
29 27 0
29 30 0
29 55 0
30 28 0
30 29 0
31 4 0
31 5 0
32 4 0
32 56 0
32 57 0
32 58 0
33 8 0
34 8 0
35 9 0
36 9 0
37 13 0
38 14 0
39 15 0
40 16 0
41 19 0
42 20 0
43 21 0
44 22 0
45 7 0
46 24 0
47 24 0
48 24 0
49 25 0
50 25 0
51 25 0
52 26 0
53 27 0
54 28 0
55 29 0
56 32 0
57 32 0
58 32 0
GraphDataEnd
GraphEnd
NodeEnd
NodeStart
EPTNodeID: 10
AnchorID: 12384
TreeNodeGraphID: 44
Level: 7
SimplifiedLevel: 0
EditOperation: 5 31 32 0 0
AccumulatedOpsCount: 6
AccumulatedOp: 5 4 30 0 0
AccumulatedOp: 0 5 0 2 5
AccumulatedOp: 2 59 0 0 5
AccumulatedOp: 5 31 59 0 0
AccumulatedOp: 4 4 32 0 0
AccumulatedOp: 5 31 32 0 0
ChildrenCount: 0
ChildIndices:
CompletedDBGraphIDsCount: 1
CompletedDBGraphID: 19410
GraphStart
GraphDataStart
ID: 44
NumNodes: 60
NumEdges: 124
NodeLabels
6 2 2 2 2 5 3 3 4 4 4 4 4 4 4 4 4 4 4 4 4 4 4 4 4 4 4 4 4 4 4 4 4 5 5 5 5 5 5 5 5 5 5 5 5 5 5 5 5 5 5 5 5 5 5 5 5 5 5 5 
Edges
0 1 0
0 2 0
0 6 0
0 10 0
1 0 0
2 0 0
3 12 0
4 31 0
4 30 0
5 31 0
6 0 0
6 8 0
6 9 0
7 12 0
7 23 0
7 45 0
8 6 0
8 11 0
8 33 0
8 34 0
9 6 0
9 12 0
9 35 0
9 36 0
10 0 0
10 13 0
10 14 0
11 8 0
11 15 0
11 16 0
12 3 0
12 7 0
12 9 0
13 10 0
13 19 0
13 37 0
14 10 0
14 20 0
14 38 0
15 11 0
15 21 0
15 39 0
16 11 0
16 22 0
16 40 0
17 19 0
17 20 0
17 24 0
18 21 0
18 22 0
18 25 0
19 13 0
19 17 0
19 41 0
20 14 0
20 17 0
20 42 0
21 15 0
21 18 0
21 43 0
22 16 0
22 18 0
22 44 0
23 7 0
23 26 0
23 27 0
24 17 0
24 46 0
24 47 0
24 48 0
25 18 0
25 49 0
25 50 0
25 51 0
26 23 0
26 28 0
26 52 0
27 23 0
27 29 0
27 53 0
28 26 0
28 30 0
28 54 0
29 27 0
29 30 0
29 55 0
30 28 0
30 29 0
30 4 0
31 4 0
31 5 0
31 59 0
31 32 0
32 56 0
32 57 0
32 58 0
32 31 0
33 8 0
34 8 0
35 9 0
36 9 0
37 13 0
38 14 0
39 15 0
40 16 0
41 19 0
42 20 0
43 21 0
44 22 0
45 7 0
46 24 0
47 24 0
48 24 0
49 25 0
50 25 0
51 25 0
52 26 0
53 27 0
54 28 0
55 29 0
56 32 0
57 32 0
58 32 0
59 31 0
GraphDataEnd
GraphEnd
NodeEnd
NodeStart
EPTNodeID: 11
AnchorID: 12384
TreeNodeGraphID: 54
Level: 11
SimplifiedLevel: 0
EditOperation: 5 26 31 0 0
AccumulatedOpsCount: 10
AccumulatedOp: 0 24 0 4 8
AccumulatedOp: 4 24 46 0 0
AccumulatedOp: 5 30 46 0 0
AccumulatedOp: 4 26 52 0 0
AccumulatedOp: 1 52 0 5 0
AccumulatedOp: 4 24 47 0 0
AccumulatedOp: 1 47 0 5 0
AccumulatedOp: 4 24 48 0 0
AccumulatedOp: 1 48 0 5 0
AccumulatedOp: 5 26 31 0 0
ChildrenCount: 0
ChildIndices:
CompletedDBGraphIDsCount: 1
CompletedDBGraphID: 22608
GraphStart
GraphDataStart
ID: 54
NumNodes: 56
NumEdges: 116
NodeLabels
6 2 2 2 2 2 3 3 4 4 4 4 4 4 4 4 4 4 4 4 4 4 4 4 8 4 4 4 4 4 4 4 4 5 5 5 5 5 5 5 5 5 5 5 5 5 5 5 5 5 5 5 5 5 5 5 
Edges
0 1 0
0 2 0
0 6 0
0 10 0
1 0 0
2 0 0
3 12 0
4 31 0
4 32 0
5 31 0
6 0 0
6 8 0
6 9 0
7 12 0
7 23 0
7 45 0
8 6 0
8 11 0
8 33 0
8 34 0
9 6 0
9 12 0
9 35 0
9 36 0
10 0 0
10 13 0
10 14 0
11 8 0
11 15 0
11 16 0
12 3 0
12 7 0
12 9 0
13 10 0
13 19 0
13 37 0
14 10 0
14 20 0
14 38 0
15 11 0
15 21 0
15 39 0
16 11 0
16 22 0
16 40 0
17 19 0
17 20 0
17 24 0
18 21 0
18 22 0
18 25 0
19 13 0
19 17 0
19 41 0
20 14 0
20 17 0
20 42 0
21 15 0
21 18 0
21 43 0
22 16 0
22 18 0
22 44 0
23 7 0
23 26 0
23 27 0
24 17 0
25 18 0
25 47 0
25 48 0
25 49 0
26 23 0
26 28 0
26 31 0
27 23 0
27 29 0
27 50 0
28 26 0
28 30 0
28 51 0
29 27 0
29 30 0
29 52 0
30 28 0
30 29 0
30 46 0
31 4 0
31 5 0
31 26 0
32 4 0
32 53 0
32 54 0
32 55 0
33 8 0
34 8 0
35 9 0
36 9 0
37 13 0
38 14 0
39 15 0
40 16 0
41 19 0
42 20 0
43 21 0
44 22 0
45 7 0
46 30 0
47 25 0
48 25 0
49 25 0
50 27 0
51 28 0
52 29 0
53 32 0
54 32 0
55 32 0
GraphDataEnd
GraphEnd
NodeEnd
NodeStart
EPTNodeID: 12
AnchorID: 12384
TreeNodeGraphID: 61
Level: 7
SimplifiedLevel: 0
EditOperation: 1 51 0 5 0
AccumulatedOpsCount: 7
AccumulatedOp: 0 25 0 4 7
AccumulatedOp: 4 25 50 0 0
AccumulatedOp: 1 50 0 5 0
AccumulatedOp: 4 25 49 0 0
AccumulatedOp: 1 49 0 5 0
AccumulatedOp: 4 25 51 0 0
AccumulatedOp: 1 51 0 5 0
ChildrenCount: 0
ChildIndices:
CompletedDBGraphIDsCount: 1
CompletedDBGraphID: 11100
GraphStart
GraphDataStart
ID: 61
NumNodes: 56
NumEdges: 116
NodeLabels
6 2 2 2 2 2 3 3 4 4 4 4 4 4 4 4 4 4 4 4 4 4 4 4 4 7 4 4 4 4 4 4 4 5 5 5 5 5 5 5 5 5 5 5 5 5 5 5 5 5 5 5 5 5 5 5 
Edges
0 1 0
0 2 0
0 6 0
0 10 0
1 0 0
2 0 0
3 12 0
4 31 0
4 32 0
5 31 0
6 0 0
6 8 0
6 9 0
7 12 0
7 23 0
7 45 0
8 6 0
8 11 0
8 33 0
8 34 0
9 6 0
9 12 0
9 35 0
9 36 0
10 0 0
10 13 0
10 14 0
11 8 0
11 15 0
11 16 0
12 3 0
12 7 0
12 9 0
13 10 0
13 19 0
13 37 0
14 10 0
14 20 0
14 38 0
15 11 0
15 21 0
15 39 0
16 11 0
16 22 0
16 40 0
17 19 0
17 20 0
17 24 0
18 21 0
18 22 0
18 25 0
19 13 0
19 17 0
19 41 0
20 14 0
20 17 0
20 42 0
21 15 0
21 18 0
21 43 0
22 16 0
22 18 0
22 44 0
23 7 0
23 26 0
23 27 0
24 17 0
24 46 0
24 47 0
24 48 0
25 18 0
26 23 0
26 28 0
26 49 0
27 23 0
27 29 0
27 50 0
28 26 0
28 30 0
28 51 0
29 27 0
29 30 0
29 52 0
30 28 0
30 29 0
30 31 0
31 4 0
31 5 0
31 30 0
32 4 0
32 53 0
32 54 0
32 55 0
33 8 0
34 8 0
35 9 0
36 9 0
37 13 0
38 14 0
39 15 0
40 16 0
41 19 0
42 20 0
43 21 0
44 22 0
45 7 0
46 24 0
47 24 0
48 24 0
49 26 0
50 27 0
51 28 0
52 29 0
53 32 0
54 32 0
55 32 0
GraphDataEnd
GraphEnd
NodeEnd
END_EPT
