BEGIN_EPT
AnchorID: 21599  # ID of the anchor node
RootIndex: 0  # Index of the root node in tree_nodes
NodeCount: 1  # Total number of nodes in the EPT
NodeStart
EPTNodeID: 0
AnchorID: 21599
TreeNodeGraphID: 0
Level: 0
SimplifiedLevel: 0
EditOperation: -1 0 -1 0 0
AccumulatedOpsCount: 0
ChildrenCount: 0
ChildIndices:
CompletedDBGraphIDsCount: 1
CompletedDBGraphID: 5103
GraphStart
GraphDataStart
ID: 0
NumNodes: 70
NumEdges: 148
NodeLabels
6 1 2 2 3 3 3 3 3 4 4 4 4 4 4 4 4 4 4 4 4 4 4 4 4 4 4 4 4 4 4 4 4 4 4 4 4 4 4 4 5 5 5 5 5 5 5 5 5 5 5 5 5 5 5 5 5 5 5 5 5 5 5 5 5 5 5 5 5 5 
Edges
0 17 0
1 37 0
2 11 0
3 13 0
4 9 0
4 12 0
4 17 0
5 11 0
5 13 0
5 16 0
6 7 0
6 14 0
6 18 0
7 6 0
7 15 0
8 17 0
8 27 0
8 52 0
9 4 0
9 10 0
9 11 0
9 40 0
10 9 0
10 13 0
10 41 0
10 42 0
11 2 0
11 5 0
11 9 0
12 4 0
12 14 0
12 15 0
13 3 0
13 5 0
13 10 0
14 6 0
14 12 0
14 19 0
15 7 0
15 12 0
15 21 0
16 5 0
16 20 0
16 22 0
17 0 0
17 4 0
17 8 0
18 6 0
18 23 0
18 43 0
18 44 0
19 14 0
19 45 0
19 46 0
19 47 0
20 16 0
20 24 0
20 25 0
21 15 0
21 48 0
21 49 0
21 50 0
22 16 0
22 26 0
22 51 0
23 18 0
23 29 0
23 30 0
24 20 0
24 28 0
24 53 0
25 20 0
25 54 0
25 55 0
25 56 0
26 22 0
26 28 0
26 57 0
27 8 0
27 31 0
27 32 0
28 24 0
28 26 0
28 58 0
29 23 0
29 33 0
29 59 0
30 23 0
30 34 0
30 60 0
31 27 0
31 35 0
31 61 0
32 27 0
32 36 0
32 62 0
33 29 0
33 37 0
33 63 0
34 30 0
34 37 0
34 64 0
35 31 0
35 38 0
35 65 0
36 32 0
36 38 0
36 66 0
37 1 0
37 33 0
37 34 0
38 35 0
38 36 0
38 39 0
39 38 0
39 67 0
39 68 0
39 69 0
40 9 0
41 10 0
42 10 0
43 18 0
44 18 0
45 19 0
46 19 0
47 19 0
48 21 0
49 21 0
50 21 0
51 22 0
52 8 0
53 24 0
54 25 0
55 25 0
56 25 0
57 26 0
58 28 0
59 29 0
60 30 0
61 31 0
62 32 0
63 33 0
64 34 0
65 35 0
66 36 0
67 39 0
68 39 0
69 39 0
GraphDataEnd
GraphEnd
NodeEnd
END_EPT
