BEGIN_EPT
AnchorID: 17138  # ID of the anchor node
RootIndex: 0  # Index of the root node in tree_nodes
NodeCount: 1  # Total number of nodes in the EPT
NodeStart
EPTNodeID: 0
AnchorID: 17138
TreeNodeGraphID: 0
Level: 0
SimplifiedLevel: 0
EditOperation: -1 0 -1 0 0
AccumulatedOpsCount: 0
ChildrenCount: 0
ChildIndices:
CompletedDBGraphIDsCount: 0
GraphStart
GraphDataStart
ID: 0
NumNodes: 75
NumEdges: 154
NodeLabels
6 6 2 2 2 2 3 3 4 4 4 4 4 4 4 4 4 4 4 4 4 4 4 4 4 4 4 4 4 4 4 4 4 4 4 5 5 5 5 5 5 5 5 5 5 5 5 5 5 5 5 5 5 5 5 5 5 5 5 5 5 5 5 5 5 5 5 5 5 5 5 5 5 5 5 
Edges
0 2 0
0 3 0
0 6 0
0 13 0
1 4 0
1 5 0
1 7 0
1 14 0
2 0 0
3 0 0
4 1 0
5 1 0
6 0 0
6 9 0
6 10 0
7 1 0
7 8 0
7 11 0
8 7 0
8 9 0
8 37 0
8 38 0
9 6 0
9 8 0
9 35 0
9 36 0
10 6 0
10 12 0
10 39 0
10 40 0
11 7 0
11 12 0
11 41 0
11 42 0
12 10 0
12 11 0
12 43 0
12 44 0
13 0 0
13 16 0
13 18 0
14 1 0
14 15 0
14 17 0
15 14 0
15 20 0
15 25 0
16 13 0
16 19 0
16 26 0
17 14 0
17 22 0
17 27 0
18 13 0
18 21 0
18 28 0
19 16 0
19 23 0
19 29 0
20 15 0
20 24 0
20 30 0
21 18 0
21 23 0
21 31 0
22 17 0
22 24 0
22 32 0
23 19 0
23 21 0
23 33 0
24 20 0
24 22 0
24 34 0
25 15 0
25 48 0
25 49 0
25 50 0
26 16 0
26 45 0
26 46 0
26 47 0
27 17 0
27 54 0
27 55 0
27 56 0
28 18 0
28 51 0
28 52 0
28 53 0
29 19 0
29 60 0
29 61 0
29 62 0
30 20 0
30 57 0
30 58 0
30 59 0
31 21 0
31 66 0
31 67 0
31 68 0
32 22 0
32 63 0
32 64 0
32 65 0
33 23 0
33 72 0
33 73 0
33 74 0
34 24 0
34 69 0
34 70 0
34 71 0
35 9 0
36 9 0
37 8 0
38 8 0
39 10 0
40 10 0
41 11 0
42 11 0
43 12 0
44 12 0
45 26 0
46 26 0
47 26 0
48 25 0
49 25 0
50 25 0
51 28 0
52 28 0
53 28 0
54 27 0
55 27 0
56 27 0
57 30 0
58 30 0
59 30 0
60 29 0
61 29 0
62 29 0
63 32 0
64 32 0
65 32 0
66 31 0
67 31 0
68 31 0
69 34 0
70 34 0
71 34 0
72 33 0
73 33 0
74 33 0
GraphDataEnd
GraphEnd
NodeEnd
END_EPT
