BEGIN_EPT
AnchorID: 5776  # ID of the anchor node
RootIndex: 0  # Index of the root node in tree_nodes
NodeCount: 8  # Total number of nodes in the EPT
NodeStart
EPTNodeID: 0
AnchorID: 5776
TreeNodeGraphID: 0
Level: 0
SimplifiedLevel: 0
EditOperation: -1 0 -1 0 0
AccumulatedOpsCount: 0
ChildrenCount: 3
ChildIndices: 1 4 5
CompletedDBGraphIDsCount: 0
GraphStart
GraphDataStart
ID: 0
NumNodes: 61
NumEdges: 126
NodeLabels
7 2 2 2 3 3 3 4 4 4 4 4 4 4 4 4 4 4 4 4 4 4 4 4 4 4 4 4 4 4 4 5 5 5 5 5 5 5 5 5 5 5 5 5 5 5 5 5 5 5 5 5 5 5 5 5 5 5 5 5 5 
Edges
0 14 0
1 11 0
2 22 0
2 23 0
3 21 0
4 7 0
4 8 0
4 11 0
5 9 0
5 10 0
5 12 0
6 20 0
6 21 0
6 49 0
7 4 0
7 10 0
7 31 0
7 32 0
8 4 0
8 9 0
8 33 0
8 34 0
9 5 0
9 8 0
9 37 0
9 38 0
10 5 0
10 7 0
10 35 0
10 36 0
11 1 0
11 4 0
11 13 0
12 5 0
12 14 0
12 15 0
13 11 0
13 16 0
13 17 0
13 39 0
14 0 0
14 12 0
14 18 0
15 12 0
15 19 0
15 40 0
16 13 0
16 41 0
16 42 0
16 43 0
17 13 0
17 44 0
17 45 0
17 46 0
18 14 0
18 20 0
18 47 0
19 15 0
19 20 0
19 48 0
20 6 0
20 18 0
20 19 0
21 3 0
21 6 0
21 22 0
22 2 0
22 21 0
22 50 0
22 51 0
23 2 0
23 26 0
23 27 0
24 25 0
24 26 0
24 29 0
25 24 0
25 28 0
25 30 0
26 23 0
26 24 0
26 52 0
27 23 0
27 28 0
27 53 0
28 25 0
28 27 0
28 54 0
29 24 0
29 55 0
29 56 0
29 57 0
30 25 0
30 58 0
30 59 0
30 60 0
31 7 0
32 7 0
33 8 0
34 8 0
35 10 0
36 10 0
37 9 0
38 9 0
39 13 0
40 15 0
41 16 0
42 16 0
43 16 0
44 17 0
45 17 0
46 17 0
47 18 0
48 19 0
49 6 0
50 22 0
51 22 0
52 26 0
53 27 0
54 28 0
55 29 0
56 29 0
57 29 0
58 30 0
59 30 0
60 30 0
GraphDataEnd
GraphEnd
NodeEnd
NodeStart
EPTNodeID: 1
AnchorID: 5776
TreeNodeGraphID: 1
Level: 1
SimplifiedLevel: 0
EditOperation: 4 28 54 0 0
AccumulatedOpsCount: 1
AccumulatedOp: 4 28 54 0 0
ChildrenCount: 2
ChildIndices: 2 3
CompletedDBGraphIDsCount: 0
GraphStart
GraphDataStart
ID: 1
NumNodes: 61
NumEdges: 124
NodeLabels
7 2 2 2 3 3 3 4 4 4 4 4 4 4 4 4 4 4 4 4 4 4 4 4 4 4 4 4 4 4 4 5 5 5 5 5 5 5 5 5 5 5 5 5 5 5 5 5 5 5 5 5 5 5 5 5 5 5 5 5 5 
Edges
0 14 0
1 11 0
2 22 0
2 23 0
3 21 0
4 7 0
4 8 0
4 11 0
5 9 0
5 10 0
5 12 0
6 20 0
6 21 0
6 49 0
7 4 0
7 10 0
7 31 0
7 32 0
8 4 0
8 9 0
8 33 0
8 34 0
9 5 0
9 8 0
9 37 0
9 38 0
10 5 0
10 7 0
10 35 0
10 36 0
11 1 0
11 4 0
11 13 0
12 5 0
12 14 0
12 15 0
13 11 0
13 16 0
13 17 0
13 39 0
14 0 0
14 12 0
14 18 0
15 12 0
15 19 0
15 40 0
16 13 0
16 41 0
16 42 0
16 43 0
17 13 0
17 44 0
17 45 0
17 46 0
18 14 0
18 20 0
18 47 0
19 15 0
19 20 0
19 48 0
20 6 0
20 18 0
20 19 0
21 3 0
21 6 0
21 22 0
22 2 0
22 21 0
22 50 0
22 51 0
23 2 0
23 26 0
23 27 0
24 25 0
24 26 0
24 29 0
25 24 0
25 28 0
25 30 0
26 23 0
26 24 0
26 52 0
27 23 0
27 28 0
27 53 0
28 25 0
28 27 0
29 24 0
29 55 0
29 56 0
29 57 0
30 25 0
30 58 0
30 59 0
30 60 0
31 7 0
32 7 0
33 8 0
34 8 0
35 10 0
36 10 0
37 9 0
38 9 0
39 13 0
40 15 0
41 16 0
42 16 0
43 16 0
44 17 0
45 17 0
46 17 0
47 18 0
48 19 0
49 6 0
50 22 0
51 22 0
52 26 0
53 27 0
55 29 0
56 29 0
57 29 0
58 30 0
59 30 0
60 30 0
GraphDataEnd
GraphEnd
NodeEnd
NodeStart
EPTNodeID: 2
AnchorID: 5776
TreeNodeGraphID: 11
Level: 11
SimplifiedLevel: 0
EditOperation: 5 28 29 0 0
AccumulatedOpsCount: 10
AccumulatedOp: 0 25 0 4 2
AccumulatedOp: 4 29 56 0 0
AccumulatedOp: 1 56 0 5 0
AccumulatedOp: 5 21 24 0 0
AccumulatedOp: 4 29 57 0 0
AccumulatedOp: 1 57 0 5 0
AccumulatedOp: 4 21 22 0 0
AccumulatedOp: 4 24 25 0 0
AccumulatedOp: 5 22 54 0 0
AccumulatedOp: 5 28 29 0 0
ChildrenCount: 0
ChildIndices:
CompletedDBGraphIDsCount: 1
CompletedDBGraphID: 4690
GraphStart
GraphDataStart
ID: 11
NumNodes: 59
NumEdges: 122
NodeLabels
7 2 2 2 3 3 3 4 4 4 4 4 4 4 4 4 4 4 4 4 4 4 4 4 4 2 4 4 4 4 4 5 5 5 5 5 5 5 5 5 5 5 5 5 5 5 5 5 5 5 5 5 5 5 5 5 5 5 5 
Edges
0 14 0
1 11 0
2 22 0
2 23 0
3 21 0
4 7 0
4 8 0
4 11 0
5 9 0
5 10 0
5 12 0
6 20 0
6 21 0
6 49 0
7 4 0
7 10 0
7 31 0
7 32 0
8 4 0
8 9 0
8 33 0
8 34 0
9 5 0
9 8 0
9 37 0
9 38 0
10 5 0
10 7 0
10 35 0
10 36 0
11 1 0
11 4 0
11 13 0
12 5 0
12 14 0
12 15 0
13 11 0
13 16 0
13 17 0
13 39 0
14 0 0
14 12 0
14 18 0
15 12 0
15 19 0
15 40 0
16 13 0
16 41 0
16 42 0
16 43 0
17 13 0
17 44 0
17 45 0
17 46 0
18 14 0
18 20 0
18 47 0
19 15 0
19 20 0
19 48 0
20 6 0
20 18 0
20 19 0
21 3 0
21 6 0
21 24 0
22 2 0
22 50 0
22 51 0
22 54 0
23 2 0
23 26 0
23 27 0
24 26 0
24 29 0
24 21 0
25 28 0
25 30 0
26 23 0
26 24 0
26 52 0
27 23 0
27 28 0
27 53 0
28 25 0
28 27 0
28 29 0
29 24 0
29 55 0
29 28 0
30 25 0
30 56 0
30 57 0
30 58 0
31 7 0
32 7 0
33 8 0
34 8 0
35 10 0
36 10 0
37 9 0
38 9 0
39 13 0
40 15 0
41 16 0
42 16 0
43 16 0
44 17 0
45 17 0
46 17 0
47 18 0
48 19 0
49 6 0
50 22 0
51 22 0
52 26 0
53 27 0
54 22 0
55 29 0
56 30 0
57 30 0
58 30 0
GraphDataEnd
GraphEnd
NodeEnd
NodeStart
EPTNodeID: 3
AnchorID: 5776
TreeNodeGraphID: 18
Level: 8
SimplifiedLevel: 0
EditOperation: 5 28 30 0 0
AccumulatedOpsCount: 7
AccumulatedOp: 4 0 14 0 0
AccumulatedOp: 4 6 20 0 0
AccumulatedOp: 4 25 30 0 0
AccumulatedOp: 5 0 25 0 0
AccumulatedOp: 5 6 14 0 0
AccumulatedOp: 5 20 54 0 0
AccumulatedOp: 5 28 30 0 0
ChildrenCount: 0
ChildIndices:
CompletedDBGraphIDsCount: 1
CompletedDBGraphID: 15799
GraphStart
GraphDataStart
ID: 18
NumNodes: 61
NumEdges: 126
NodeLabels
7 2 2 2 3 3 3 4 4 4 4 4 4 4 4 4 4 4 4 4 4 4 4 4 4 4 4 4 4 4 4 5 5 5 5 5 5 5 5 5 5 5 5 5 5 5 5 5 5 5 5 5 5 5 5 5 5 5 5 5 5 
Edges
0 25 0
1 11 0
2 22 0
2 23 0
3 21 0
4 7 0
4 8 0
4 11 0
5 9 0
5 10 0
5 12 0
6 21 0
6 49 0
6 14 0
7 4 0
7 10 0
7 31 0
7 32 0
8 4 0
8 9 0
8 33 0
8 34 0
9 5 0
9 8 0
9 37 0
9 38 0
10 5 0
10 7 0
10 35 0
10 36 0
11 1 0
11 4 0
11 13 0
12 5 0
12 14 0
12 15 0
13 11 0
13 16 0
13 17 0
13 39 0
14 12 0
14 18 0
14 6 0
15 12 0
15 19 0
15 40 0
16 13 0
16 41 0
16 42 0
16 43 0
17 13 0
17 44 0
17 45 0
17 46 0
18 14 0
18 20 0
18 47 0
19 15 0
19 20 0
19 48 0
20 18 0
20 19 0
20 54 0
21 3 0
21 6 0
21 22 0
22 2 0
22 21 0
22 50 0
22 51 0
23 2 0
23 26 0
23 27 0
24 25 0
24 26 0
24 29 0
25 24 0
25 28 0
25 0 0
26 23 0
26 24 0
26 52 0
27 23 0
27 28 0
27 53 0
28 25 0
28 27 0
28 30 0
29 24 0
29 55 0
29 56 0
29 57 0
30 58 0
30 59 0
30 60 0
30 28 0
31 7 0
32 7 0
33 8 0
34 8 0
35 10 0
36 10 0
37 9 0
38 9 0
39 13 0
40 15 0
41 16 0
42 16 0
43 16 0
44 17 0
45 17 0
46 17 0
47 18 0
48 19 0
49 6 0
50 22 0
51 22 0
52 26 0
53 27 0
54 20 0
55 29 0
56 29 0
57 29 0
58 30 0
59 30 0
60 30 0
GraphDataEnd
GraphEnd
NodeEnd
NodeStart
EPTNodeID: 4
AnchorID: 5776
TreeNodeGraphID: 22
Level: 4
SimplifiedLevel: 0
EditOperation: 5 25 52 0 0
AccumulatedOpsCount: 4
AccumulatedOp: 4 25 30 0 0
AccumulatedOp: 4 26 52 0 0
AccumulatedOp: 5 26 30 0 0
AccumulatedOp: 5 25 52 0 0
ChildrenCount: 0
ChildIndices:
CompletedDBGraphIDsCount: 1
CompletedDBGraphID: 8436
GraphStart
GraphDataStart
ID: 22
NumNodes: 61
NumEdges: 126
NodeLabels
7 2 2 2 3 3 3 4 4 4 4 4 4 4 4 4 4 4 4 4 4 4 4 4 4 4 4 4 4 4 4 5 5 5 5 5 5 5 5 5 5 5 5 5 5 5 5 5 5 5 5 5 5 5 5 5 5 5 5 5 5 
Edges
0 14 0
1 11 0
2 22 0
2 23 0
3 21 0
4 7 0
4 8 0
4 11 0
5 9 0
5 10 0
5 12 0
6 20 0
6 21 0
6 49 0
7 4 0
7 10 0
7 31 0
7 32 0
8 4 0
8 9 0
8 33 0
8 34 0
9 5 0
9 8 0
9 37 0
9 38 0
10 5 0
10 7 0
10 35 0
10 36 0
11 1 0
11 4 0
11 13 0
12 5 0
12 14 0
12 15 0
13 11 0
13 16 0
13 17 0
13 39 0
14 0 0
14 12 0
14 18 0
15 12 0
15 19 0
15 40 0
16 13 0
16 41 0
16 42 0
16 43 0
17 13 0
17 44 0
17 45 0
17 46 0
18 14 0
18 20 0
18 47 0
19 15 0
19 20 0
19 48 0
20 6 0
20 18 0
20 19 0
21 3 0
21 6 0
21 22 0
22 2 0
22 21 0
22 50 0
22 51 0
23 2 0
23 26 0
23 27 0
24 25 0
24 26 0
24 29 0
25 24 0
25 28 0
25 52 0
26 23 0
26 24 0
26 30 0
27 23 0
27 28 0
27 53 0
28 25 0
28 27 0
28 54 0
29 24 0
29 55 0
29 56 0
29 57 0
30 58 0
30 59 0
30 60 0
30 26 0
31 7 0
32 7 0
33 8 0
34 8 0
35 10 0
36 10 0
37 9 0
38 9 0
39 13 0
40 15 0
41 16 0
42 16 0
43 16 0
44 17 0
45 17 0
46 17 0
47 18 0
48 19 0
49 6 0
50 22 0
51 22 0
52 25 0
53 27 0
54 28 0
55 29 0
56 29 0
57 29 0
58 30 0
59 30 0
60 30 0
GraphDataEnd
GraphEnd
NodeEnd
NodeStart
EPTNodeID: 5
AnchorID: 5776
TreeNodeGraphID: 23
Level: 1
SimplifiedLevel: 0
EditOperation: 4 24 29 0 0
AccumulatedOpsCount: 1
AccumulatedOp: 4 24 29 0 0
ChildrenCount: 2
ChildIndices: 6 7
CompletedDBGraphIDsCount: 0
GraphStart
GraphDataStart
ID: 23
NumNodes: 61
NumEdges: 124
NodeLabels
7 2 2 2 3 3 3 4 4 4 4 4 4 4 4 4 4 4 4 4 4 4 4 4 4 4 4 4 4 4 4 5 5 5 5 5 5 5 5 5 5 5 5 5 5 5 5 5 5 5 5 5 5 5 5 5 5 5 5 5 5 
Edges
0 14 0
1 11 0
2 22 0
2 23 0
3 21 0
4 7 0
4 8 0
4 11 0
5 9 0
5 10 0
5 12 0
6 20 0
6 21 0
6 49 0
7 4 0
7 10 0
7 31 0
7 32 0
8 4 0
8 9 0
8 33 0
8 34 0
9 5 0
9 8 0
9 37 0
9 38 0
10 5 0
10 7 0
10 35 0
10 36 0
11 1 0
11 4 0
11 13 0
12 5 0
12 14 0
12 15 0
13 11 0
13 16 0
13 17 0
13 39 0
14 0 0
14 12 0
14 18 0
15 12 0
15 19 0
15 40 0
16 13 0
16 41 0
16 42 0
16 43 0
17 13 0
17 44 0
17 45 0
17 46 0
18 14 0
18 20 0
18 47 0
19 15 0
19 20 0
19 48 0
20 6 0
20 18 0
20 19 0
21 3 0
21 6 0
21 22 0
22 2 0
22 21 0
22 50 0
22 51 0
23 2 0
23 26 0
23 27 0
24 25 0
24 26 0
25 24 0
25 28 0
25 30 0
26 23 0
26 24 0
26 52 0
27 23 0
27 28 0
27 53 0
28 25 0
28 27 0
28 54 0
29 55 0
29 56 0
29 57 0
30 25 0
30 58 0
30 59 0
30 60 0
31 7 0
32 7 0
33 8 0
34 8 0
35 10 0
36 10 0
37 9 0
38 9 0
39 13 0
40 15 0
41 16 0
42 16 0
43 16 0
44 17 0
45 17 0
46 17 0
47 18 0
48 19 0
49 6 0
50 22 0
51 22 0
52 26 0
53 27 0
54 28 0
55 29 0
56 29 0
57 29 0
58 30 0
59 30 0
60 30 0
GraphDataEnd
GraphEnd
NodeEnd
NodeStart
EPTNodeID: 6
AnchorID: 5776
TreeNodeGraphID: 33
Level: 11
SimplifiedLevel: 0
EditOperation: 1 60 0 5 0
AccumulatedOpsCount: 10
AccumulatedOp: 0 30 0 4 5
AccumulatedOp: 4 21 22 0 0
AccumulatedOp: 4 30 59 0 0
AccumulatedOp: 1 59 0 5 0
AccumulatedOp: 5 21 24 0 0
AccumulatedOp: 4 30 58 0 0
AccumulatedOp: 1 58 0 5 0
AccumulatedOp: 5 22 29 0 0
AccumulatedOp: 4 30 60 0 0
AccumulatedOp: 1 60 0 5 0
ChildrenCount: 0
ChildIndices:
CompletedDBGraphIDsCount: 1
CompletedDBGraphID: 18704
GraphStart
GraphDataStart
ID: 33
NumNodes: 58
NumEdges: 120
NodeLabels
7 2 2 2 3 3 3 4 4 4 4 4 4 4 4 4 4 4 4 4 4 4 4 4 4 4 4 4 4 4 5 5 5 5 5 5 5 5 5 5 5 5 5 5 5 5 5 5 5 5 5 5 5 5 5 5 5 5 
Edges
0 14 0
1 11 0
2 22 0
2 23 0
3 21 0
4 7 0
4 8 0
4 11 0
5 9 0
5 10 0
5 12 0
6 20 0
6 21 0
6 49 0
7 4 0
7 10 0
7 31 0
7 32 0
8 4 0
8 9 0
8 33 0
8 34 0
9 5 0
9 8 0
9 37 0
9 38 0
10 5 0
10 7 0
10 35 0
10 36 0
11 1 0
11 4 0
11 13 0
12 5 0
12 14 0
12 15 0
13 11 0
13 16 0
13 17 0
13 39 0
14 0 0
14 12 0
14 18 0
15 12 0
15 19 0
15 40 0
16 13 0
16 41 0
16 42 0
16 43 0
17 13 0
17 44 0
17 45 0
17 46 0
18 14 0
18 20 0
18 47 0
19 15 0
19 20 0
19 48 0
20 6 0
20 18 0
20 19 0
21 3 0
21 6 0
21 24 0
22 2 0
22 50 0
22 51 0
22 29 0
23 2 0
23 26 0
23 27 0
24 25 0
24 26 0
24 21 0
25 24 0
25 28 0
25 30 0
26 23 0
26 24 0
26 52 0
27 23 0
27 28 0
27 53 0
28 25 0
28 27 0
28 54 0
29 55 0
29 56 0
29 57 0
29 22 0
30 25 0
31 7 0
32 7 0
33 8 0
34 8 0
35 10 0
36 10 0
37 9 0
38 9 0
39 13 0
40 15 0
41 16 0
42 16 0
43 16 0
44 17 0
45 17 0
46 17 0
47 18 0
48 19 0
49 6 0
50 22 0
51 22 0
52 26 0
53 27 0
54 28 0
55 29 0
56 29 0
57 29 0
GraphDataEnd
GraphEnd
NodeEnd
NodeStart
EPTNodeID: 7
AnchorID: 5776
TreeNodeGraphID: 36
Level: 4
SimplifiedLevel: 0
EditOperation: 5 24 53 0 0
AccumulatedOpsCount: 3
AccumulatedOp: 4 27 53 0 0
AccumulatedOp: 5 27 29 0 0
AccumulatedOp: 5 24 53 0 0
ChildrenCount: 0
ChildIndices:
CompletedDBGraphIDsCount: 1
CompletedDBGraphID: 12553
GraphStart
GraphDataStart
ID: 36
NumNodes: 61
NumEdges: 126
NodeLabels
7 2 2 2 3 3 3 4 4 4 4 4 4 4 4 4 4 4 4 4 4 4 4 4 4 4 4 4 4 4 4 5 5 5 5 5 5 5 5 5 5 5 5 5 5 5 5 5 5 5 5 5 5 5 5 5 5 5 5 5 5 
Edges
0 14 0
1 11 0
2 22 0
2 23 0
3 21 0
4 7 0
4 8 0
4 11 0
5 9 0
5 10 0
5 12 0
6 20 0
6 21 0
6 49 0
7 4 0
7 10 0
7 31 0
7 32 0
8 4 0
8 9 0
8 33 0
8 34 0
9 5 0
9 8 0
9 37 0
9 38 0
10 5 0
10 7 0
10 35 0
10 36 0
11 1 0
11 4 0
11 13 0
12 5 0
12 14 0
12 15 0
13 11 0
13 16 0
13 17 0
13 39 0
14 0 0
14 12 0
14 18 0
15 12 0
15 19 0
15 40 0
16 13 0
16 41 0
16 42 0
16 43 0
17 13 0
17 44 0
17 45 0
17 46 0
18 14 0
18 20 0
18 47 0
19 15 0
19 20 0
19 48 0
20 6 0
20 18 0
20 19 0
21 3 0
21 6 0
21 22 0
22 2 0
22 21 0
22 50 0
22 51 0
23 2 0
23 26 0
23 27 0
24 25 0
24 26 0
24 53 0
25 24 0
25 28 0
25 30 0
26 23 0
26 24 0
26 52 0
27 23 0
27 28 0
27 29 0
28 25 0
28 27 0
28 54 0
29 55 0
29 56 0
29 57 0
29 27 0
30 25 0
30 58 0
30 59 0
30 60 0
31 7 0
32 7 0
33 8 0
34 8 0
35 10 0
36 10 0
37 9 0
38 9 0
39 13 0
40 15 0
41 16 0
42 16 0
43 16 0
44 17 0
45 17 0
46 17 0
47 18 0
48 19 0
49 6 0
50 22 0
51 22 0
52 26 0
53 24 0
54 28 0
55 29 0
56 29 0
57 29 0
58 30 0
59 30 0
60 30 0
GraphDataEnd
GraphEnd
NodeEnd
END_EPT
