BEGIN_EPT
AnchorID: 17800  # ID of the anchor node
RootIndex: 0  # Index of the root node in tree_nodes
NodeCount: 2  # Total number of nodes in the EPT
NodeStart
EPTNodeID: 0
AnchorID: 17800
TreeNodeGraphID: 0
Level: 0
SimplifiedLevel: 0
EditOperation: -1 0 -1 0 0
AccumulatedOpsCount: 0
ChildrenCount: 1
ChildIndices: 1
CompletedDBGraphIDsCount: 0
GraphStart
GraphDataStart
ID: 0
NumNodes: 60
NumEdges: 126
NodeLabels
6 6 1 2 2 2 2 3 3 3 4 4 4 4 4 4 4 4 4 4 4 4 4 4 4 4 4 4 4 4 4 4 4 4 4 4 5 5 5 5 5 5 5 5 5 5 5 5 5 5 5 5 5 5 5 5 5 5 5 5 
Edges
0 19 0
0 20 0
1 18 0
1 25 0
2 32 0
3 26 0
3 33 0
4 16 0
5 17 0
6 26 0
7 11 0
7 13 0
7 36 0
8 16 0
8 19 0
8 22 0
9 18 0
9 19 0
10 11 0
10 12 0
10 21 0
11 7 0
11 10 0
11 17 0
12 10 0
12 13 0
12 26 0
13 7 0
13 12 0
13 24 0
14 15 0
14 16 0
14 18 0
15 14 0
15 23 0
15 25 0
16 4 0
16 8 0
16 14 0
17 5 0
17 11 0
17 20 0
18 1 0
18 9 0
18 14 0
19 0 0
19 8 0
19 9 0
20 0 0
20 17 0
20 37 0
20 38 0
21 10 0
21 39 0
21 40 0
21 41 0
22 8 0
22 29 0
22 42 0
22 43 0
23 15 0
23 27 0
23 28 0
24 13 0
24 44 0
24 45 0
24 46 0
25 1 0
25 15 0
25 47 0
26 3 0
26 6 0
26 12 0
27 23 0
27 30 0
27 48 0
28 23 0
28 31 0
28 49 0
29 22 0
29 34 0
29 50 0
30 27 0
30 32 0
30 51 0
31 28 0
31 32 0
31 52 0
32 2 0
32 30 0
32 31 0
33 3 0
33 35 0
33 53 0
33 54 0
34 29 0
34 55 0
34 56 0
35 33 0
35 57 0
35 58 0
35 59 0
36 7 0
37 20 0
38 20 0
39 21 0
40 21 0
41 21 0
42 22 0
43 22 0
44 24 0
45 24 0
46 24 0
47 25 0
48 27 0
49 28 0
50 29 0
51 30 0
52 31 0
53 33 0
54 33 0
55 34 0
56 34 0
57 35 0
58 35 0
59 35 0
GraphDataEnd
GraphEnd
NodeEnd
NodeStart
EPTNodeID: 1
AnchorID: 17800
TreeNodeGraphID: 1
Level: 1
SimplifiedLevel: 0
EditOperation: 0 2 0 1 5
AccumulatedOpsCount: 1
AccumulatedOp: 0 2 0 1 5
ChildrenCount: 0
ChildIndices:
CompletedDBGraphIDsCount: 1
CompletedDBGraphID: 9004
GraphStart
GraphDataStart
ID: 1
NumNodes: 60
NumEdges: 126
NodeLabels
6 6 5 2 2 2 2 3 3 3 4 4 4 4 4 4 4 4 4 4 4 4 4 4 4 4 4 4 4 4 4 4 4 4 4 4 5 5 5 5 5 5 5 5 5 5 5 5 5 5 5 5 5 5 5 5 5 5 5 5 
Edges
0 19 0
0 20 0
1 18 0
1 25 0
2 32 0
3 26 0
3 33 0
4 16 0
5 17 0
6 26 0
7 11 0
7 13 0
7 36 0
8 16 0
8 19 0
8 22 0
9 18 0
9 19 0
10 11 0
10 12 0
10 21 0
11 7 0
11 10 0
11 17 0
12 10 0
12 13 0
12 26 0
13 7 0
13 12 0
13 24 0
14 15 0
14 16 0
14 18 0
15 14 0
15 23 0
15 25 0
16 4 0
16 8 0
16 14 0
17 5 0
17 11 0
17 20 0
18 1 0
18 9 0
18 14 0
19 0 0
19 8 0
19 9 0
20 0 0
20 17 0
20 37 0
20 38 0
21 10 0
21 39 0
21 40 0
21 41 0
22 8 0
22 29 0
22 42 0
22 43 0
23 15 0
23 27 0
23 28 0
24 13 0
24 44 0
24 45 0
24 46 0
25 1 0
25 15 0
25 47 0
26 3 0
26 6 0
26 12 0
27 23 0
27 30 0
27 48 0
28 23 0
28 31 0
28 49 0
29 22 0
29 34 0
29 50 0
30 27 0
30 32 0
30 51 0
31 28 0
31 32 0
31 52 0
32 2 0
32 30 0
32 31 0
33 3 0
33 35 0
33 53 0
33 54 0
34 29 0
34 55 0
34 56 0
35 33 0
35 57 0
35 58 0
35 59 0
36 7 0
37 20 0
38 20 0
39 21 0
40 21 0
41 21 0
42 22 0
43 22 0
44 24 0
45 24 0
46 24 0
47 25 0
48 27 0
49 28 0
50 29 0
51 30 0
52 31 0
53 33 0
54 33 0
55 34 0
56 34 0
57 35 0
58 35 0
59 35 0
GraphDataEnd
GraphEnd
NodeEnd
END_EPT
