BEGIN_EPT
AnchorID: 20548  # ID of the anchor node
RootIndex: 0  # Index of the root node in tree_nodes
NodeCount: 4  # Total number of nodes in the EPT
NodeStart
EPTNodeID: 0
AnchorID: 20548
TreeNodeGraphID: 0
Level: 0
SimplifiedLevel: 0
EditOperation: -1 0 -1 0 0
AccumulatedOpsCount: 0
ChildrenCount: 1
ChildIndices: 1
CompletedDBGraphIDsCount: 0
GraphStart
GraphDataStart
ID: 0
NumNodes: 56
NumEdges: 122
NodeLabels
6 2 2 3 3 3 3 3 4 4 4 4 4 4 4 4 4 4 4 4 4 4 4 4 4 4 4 4 4 4 4 4 4 5 5 5 5 5 5 5 5 5 5 5 5 5 5 5 5 5 5 5 5 5 5 5 
Edges
0 20 0
0 26 0
1 12 0
1 13 0
2 19 0
3 8 0
3 9 0
3 10 0
4 11 0
4 14 0
4 45 0
5 6 0
5 17 0
5 19 0
6 5 0
6 14 0
7 17 0
7 20 0
8 3 0
8 11 0
8 33 0
8 34 0
9 3 0
9 12 0
9 35 0
9 36 0
10 3 0
10 13 0
10 37 0
10 38 0
11 4 0
11 8 0
11 39 0
11 40 0
12 1 0
12 9 0
12 43 0
12 44 0
13 1 0
13 10 0
13 41 0
13 42 0
14 4 0
14 6 0
14 15 0
15 14 0
15 16 0
15 22 0
16 15 0
16 17 0
16 23 0
17 5 0
17 7 0
17 16 0
18 19 0
18 20 0
18 21 0
19 2 0
19 5 0
19 18 0
20 0 0
20 7 0
20 18 0
21 18 0
21 25 0
21 26 0
22 15 0
22 24 0
22 46 0
23 16 0
23 27 0
23 47 0
24 22 0
24 27 0
24 48 0
25 21 0
25 28 0
25 29 0
26 0 0
26 21 0
26 49 0
27 23 0
27 24 0
27 50 0
28 25 0
28 30 0
28 51 0
29 25 0
29 31 0
29 52 0
30 28 0
30 32 0
30 53 0
31 29 0
31 32 0
31 54 0
32 30 0
32 31 0
32 55 0
33 8 0
34 8 0
35 9 0
36 9 0
37 10 0
38 10 0
39 11 0
40 11 0
41 13 0
42 13 0
43 12 0
44 12 0
45 4 0
46 22 0
47 23 0
48 24 0
49 26 0
50 27 0
51 28 0
52 29 0
53 30 0
54 31 0
55 32 0
GraphDataEnd
GraphEnd
NodeEnd
NodeStart
EPTNodeID: 1
AnchorID: 20548
TreeNodeGraphID: 2
Level: 2
SimplifiedLevel: 0
EditOperation: 4 4 45 0 0
AccumulatedOpsCount: 2
AccumulatedOp: 5 1 45 0 0
AccumulatedOp: 4 4 45 0 0
ChildrenCount: 2
ChildIndices: 2 3
CompletedDBGraphIDsCount: 0
GraphStart
GraphDataStart
ID: 2
NumNodes: 56
NumEdges: 122
NodeLabels
6 2 2 3 3 3 3 3 4 4 4 4 4 4 4 4 4 4 4 4 4 4 4 4 4 4 4 4 4 4 4 4 4 5 5 5 5 5 5 5 5 5 5 5 5 5 5 5 5 5 5 5 5 5 5 5 
Edges
0 20 0
0 26 0
1 12 0
1 13 0
1 45 0
2 19 0
3 8 0
3 9 0
3 10 0
4 11 0
4 14 0
5 6 0
5 17 0
5 19 0
6 5 0
6 14 0
7 17 0
7 20 0
8 3 0
8 11 0
8 33 0
8 34 0
9 3 0
9 12 0
9 35 0
9 36 0
10 3 0
10 13 0
10 37 0
10 38 0
11 4 0
11 8 0
11 39 0
11 40 0
12 1 0
12 9 0
12 43 0
12 44 0
13 1 0
13 10 0
13 41 0
13 42 0
14 4 0
14 6 0
14 15 0
15 14 0
15 16 0
15 22 0
16 15 0
16 17 0
16 23 0
17 5 0
17 7 0
17 16 0
18 19 0
18 20 0
18 21 0
19 2 0
19 5 0
19 18 0
20 0 0
20 7 0
20 18 0
21 18 0
21 25 0
21 26 0
22 15 0
22 24 0
22 46 0
23 16 0
23 27 0
23 47 0
24 22 0
24 27 0
24 48 0
25 21 0
25 28 0
25 29 0
26 0 0
26 21 0
26 49 0
27 23 0
27 24 0
27 50 0
28 25 0
28 30 0
28 51 0
29 25 0
29 31 0
29 52 0
30 28 0
30 32 0
30 53 0
31 29 0
31 32 0
31 54 0
32 30 0
32 31 0
32 55 0
33 8 0
34 8 0
35 9 0
36 9 0
37 10 0
38 10 0
39 11 0
40 11 0
41 13 0
42 13 0
43 12 0
44 12 0
45 1 0
46 22 0
47 23 0
48 24 0
49 26 0
50 27 0
51 28 0
52 29 0
53 30 0
54 31 0
55 32 0
GraphDataEnd
GraphEnd
NodeEnd
NodeStart
EPTNodeID: 2
AnchorID: 20548
TreeNodeGraphID: 4
Level: 4
SimplifiedLevel: 0
EditOperation: 5 4 12 0 0
AccumulatedOpsCount: 2
AccumulatedOp: 4 1 12 0 0
AccumulatedOp: 5 4 12 0 0
ChildrenCount: 0
ChildIndices:
CompletedDBGraphIDsCount: 1
CompletedDBGraphID: 1129
GraphStart
GraphDataStart
ID: 4
NumNodes: 56
NumEdges: 122
NodeLabels
6 2 2 3 3 3 3 3 4 4 4 4 4 4 4 4 4 4 4 4 4 4 4 4 4 4 4 4 4 4 4 4 4 5 5 5 5 5 5 5 5 5 5 5 5 5 5 5 5 5 5 5 5 5 5 5 
Edges
0 20 0
0 26 0
1 13 0
1 45 0
2 19 0
3 8 0
3 9 0
3 10 0
4 11 0
4 14 0
4 12 0
5 6 0
5 17 0
5 19 0
6 5 0
6 14 0
7 17 0
7 20 0
8 3 0
8 11 0
8 33 0
8 34 0
9 3 0
9 12 0
9 35 0
9 36 0
10 3 0
10 13 0
10 37 0
10 38 0
11 4 0
11 8 0
11 39 0
11 40 0
12 9 0
12 43 0
12 44 0
12 4 0
13 1 0
13 10 0
13 41 0
13 42 0
14 4 0
14 6 0
14 15 0
15 14 0
15 16 0
15 22 0
16 15 0
16 17 0
16 23 0
17 5 0
17 7 0
17 16 0
18 19 0
18 20 0
18 21 0
19 2 0
19 5 0
19 18 0
20 0 0
20 7 0
20 18 0
21 18 0
21 25 0
21 26 0
22 15 0
22 24 0
22 46 0
23 16 0
23 27 0
23 47 0
24 22 0
24 27 0
24 48 0
25 21 0
25 28 0
25 29 0
26 0 0
26 21 0
26 49 0
27 23 0
27 24 0
27 50 0
28 25 0
28 30 0
28 51 0
29 25 0
29 31 0
29 52 0
30 28 0
30 32 0
30 53 0
31 29 0
31 32 0
31 54 0
32 30 0
32 31 0
32 55 0
33 8 0
34 8 0
35 9 0
36 9 0
37 10 0
38 10 0
39 11 0
40 11 0
41 13 0
42 13 0
43 12 0
44 12 0
45 1 0
46 22 0
47 23 0
48 24 0
49 26 0
50 27 0
51 28 0
52 29 0
53 30 0
54 31 0
55 32 0
GraphDataEnd
GraphEnd
NodeEnd
NodeStart
EPTNodeID: 3
AnchorID: 20548
TreeNodeGraphID: 7
Level: 5
SimplifiedLevel: 0
EditOperation: 5 4 13 0 0
AccumulatedOpsCount: 3
AccumulatedOp: 0 55 0 5 7
AccumulatedOp: 4 1 13 0 0
AccumulatedOp: 5 4 13 0 0
ChildrenCount: 0
ChildIndices:
CompletedDBGraphIDsCount: 1
CompletedDBGraphID: 11508
GraphStart
GraphDataStart
ID: 7
NumNodes: 56
NumEdges: 122
NodeLabels
6 2 2 3 3 3 3 3 4 4 4 4 4 4 4 4 4 4 4 4 4 4 4 4 4 4 4 4 4 4 4 4 4 5 5 5 5 5 5 5 5 5 5 5 5 5 5 5 5 5 5 5 5 5 5 7 
Edges
0 20 0
0 26 0
1 12 0
1 45 0
2 19 0
3 8 0
3 9 0
3 10 0
4 11 0
4 14 0
4 13 0
5 6 0
5 17 0
5 19 0
6 5 0
6 14 0
7 17 0
7 20 0
8 3 0
8 11 0
8 33 0
8 34 0
9 3 0
9 12 0
9 35 0
9 36 0
10 3 0
10 13 0
10 37 0
10 38 0
11 4 0
11 8 0
11 39 0
11 40 0
12 1 0
12 9 0
12 43 0
12 44 0
13 10 0
13 41 0
13 42 0
13 4 0
14 4 0
14 6 0
14 15 0
15 14 0
15 16 0
15 22 0
16 15 0
16 17 0
16 23 0
17 5 0
17 7 0
17 16 0
18 19 0
18 20 0
18 21 0
19 2 0
19 5 0
19 18 0
20 0 0
20 7 0
20 18 0
21 18 0
21 25 0
21 26 0
22 15 0
22 24 0
22 46 0
23 16 0
23 27 0
23 47 0
24 22 0
24 27 0
24 48 0
25 21 0
25 28 0
25 29 0
26 0 0
26 21 0
26 49 0
27 23 0
27 24 0
27 50 0
28 25 0
28 30 0
28 51 0
29 25 0
29 31 0
29 52 0
30 28 0
30 32 0
30 53 0
31 29 0
31 32 0
31 54 0
32 30 0
32 31 0
32 55 0
33 8 0
34 8 0
35 9 0
36 9 0
37 10 0
38 10 0
39 11 0
40 11 0
41 13 0
42 13 0
43 12 0
44 12 0
45 1 0
46 22 0
47 23 0
48 24 0
49 26 0
50 27 0
51 28 0
52 29 0
53 30 0
54 31 0
55 32 0
GraphDataEnd
GraphEnd
NodeEnd
END_EPT
