BEGIN_EPT
AnchorID: 8582  # ID of the anchor node
RootIndex: 0  # Index of the root node in tree_nodes
NodeCount: 6  # Total number of nodes in the EPT
NodeStart
EPTNodeID: 0
AnchorID: 8582
TreeNodeGraphID: 0
Level: 0
SimplifiedLevel: 0
EditOperation: -1 0 -1 0 0
AccumulatedOpsCount: 0
ChildrenCount: 3
ChildIndices: 1 4 5
CompletedDBGraphIDsCount: 0
GraphStart
GraphDataStart
ID: 0
NumNodes: 62
NumEdges: 130
NodeLabels
2 2 2 2 2 3 3 3 4 4 4 4 4 4 4 4 4 4 4 4 4 4 4 4 4 4 4 4 4 4 4 4 4 4 4 5 5 5 5 5 5 5 5 5 5 5 5 5 5 5 5 5 5 5 5 5 5 5 5 5 5 5 
Edges
0 18 0
0 32 0
1 17 0
1 31 0
2 18 0
3 17 0
4 28 0
4 34 0
5 12 0
5 13 0
5 37 0
6 7 0
6 15 0
6 21 0
7 6 0
7 14 0
8 9 0
8 10 0
8 11 0
8 35 0
9 8 0
9 14 0
9 15 0
10 8 0
10 12 0
10 17 0
11 8 0
11 13 0
11 18 0
12 5 0
12 10 0
12 19 0
13 5 0
13 11 0
13 20 0
14 7 0
14 9 0
14 16 0
15 6 0
15 9 0
15 36 0
16 14 0
16 22 0
16 23 0
17 1 0
17 3 0
17 10 0
18 0 0
18 2 0
18 11 0
19 12 0
19 38 0
19 42 0
19 43 0
20 13 0
20 39 0
20 40 0
20 41 0
21 6 0
21 24 0
21 25 0
22 16 0
22 26 0
22 44 0
23 16 0
23 27 0
23 45 0
24 21 0
24 29 0
24 46 0
25 21 0
25 30 0
25 47 0
26 22 0
26 28 0
26 48 0
27 23 0
27 28 0
27 49 0
28 4 0
28 26 0
28 27 0
29 24 0
29 33 0
29 50 0
30 25 0
30 33 0
30 51 0
31 1 0
31 55 0
31 56 0
31 57 0
32 0 0
32 52 0
32 53 0
32 54 0
33 29 0
33 30 0
33 58 0
34 4 0
34 59 0
34 60 0
34 61 0
35 8 0
36 15 0
37 5 0
38 19 0
39 20 0
40 20 0
41 20 0
42 19 0
43 19 0
44 22 0
45 23 0
46 24 0
47 25 0
48 26 0
49 27 0
50 29 0
51 30 0
52 32 0
53 32 0
54 32 0
55 31 0
56 31 0
57 31 0
58 33 0
59 34 0
60 34 0
61 34 0
GraphDataEnd
GraphEnd
NodeEnd
NodeStart
EPTNodeID: 1
AnchorID: 8582
TreeNodeGraphID: 4
Level: 4
SimplifiedLevel: 0
EditOperation: 4 4 34 0 0
AccumulatedOpsCount: 4
AccumulatedOp: 0 4 0 2 5
AccumulatedOp: 2 63 0 0 5
AccumulatedOp: 2 62 0 0 5
AccumulatedOp: 4 4 34 0 0
ChildrenCount: 2
ChildIndices: 2 3
CompletedDBGraphIDsCount: 0
GraphStart
GraphDataStart
ID: 4
NumNodes: 64
NumEdges: 128
NodeLabels
2 2 2 2 5 3 3 3 4 4 4 4 4 4 4 4 4 4 4 4 4 4 4 4 4 4 4 4 4 4 4 4 4 4 4 5 5 5 5 5 5 5 5 5 5 5 5 5 5 5 5 5 5 5 5 5 5 5 5 5 5 5 5 5 
Edges
0 18 0
0 32 0
1 17 0
1 31 0
2 18 0
3 17 0
4 28 0
5 12 0
5 13 0
5 37 0
6 7 0
6 15 0
6 21 0
7 6 0
7 14 0
8 9 0
8 10 0
8 11 0
8 35 0
9 8 0
9 14 0
9 15 0
10 8 0
10 12 0
10 17 0
11 8 0
11 13 0
11 18 0
12 5 0
12 10 0
12 19 0
13 5 0
13 11 0
13 20 0
14 7 0
14 9 0
14 16 0
15 6 0
15 9 0
15 36 0
16 14 0
16 22 0
16 23 0
17 1 0
17 3 0
17 10 0
18 0 0
18 2 0
18 11 0
19 12 0
19 38 0
19 42 0
19 43 0
20 13 0
20 39 0
20 40 0
20 41 0
21 6 0
21 24 0
21 25 0
22 16 0
22 26 0
22 44 0
23 16 0
23 27 0
23 45 0
24 21 0
24 29 0
24 46 0
25 21 0
25 30 0
25 47 0
26 22 0
26 28 0
26 48 0
27 23 0
27 28 0
27 49 0
28 4 0
28 26 0
28 27 0
29 24 0
29 33 0
29 50 0
30 25 0
30 33 0
30 51 0
31 1 0
31 55 0
31 56 0
31 57 0
32 0 0
32 52 0
32 53 0
32 54 0
33 29 0
33 30 0
33 58 0
34 59 0
34 60 0
34 61 0
35 8 0
36 15 0
37 5 0
38 19 0
39 20 0
40 20 0
41 20 0
42 19 0
43 19 0
44 22 0
45 23 0
46 24 0
47 25 0
48 26 0
49 27 0
50 29 0
51 30 0
52 32 0
53 32 0
54 32 0
55 31 0
56 31 0
57 31 0
58 33 0
59 34 0
60 34 0
61 34 0
GraphDataEnd
GraphEnd
NodeEnd
NodeStart
EPTNodeID: 2
AnchorID: 8582
TreeNodeGraphID: 10
Level: 10
SimplifiedLevel: 0
EditOperation: 5 52 63 0 0
AccumulatedOpsCount: 6
AccumulatedOp: 5 52 55 0 0
AccumulatedOp: 0 52 0 5 4
AccumulatedOp: 5 31 34 0 0
AccumulatedOp: 4 31 55 0 0
AccumulatedOp: 5 52 62 0 0
AccumulatedOp: 5 52 63 0 0
ChildrenCount: 0
ChildIndices:
CompletedDBGraphIDsCount: 1
CompletedDBGraphID: 21204
GraphStart
GraphDataStart
ID: 10
NumNodes: 64
NumEdges: 134
NodeLabels
2 2 2 2 5 3 3 3 4 4 4 4 4 4 4 4 4 4 4 4 4 4 4 4 4 4 4 4 4 4 4 4 4 4 4 5 5 5 5 5 5 5 5 5 5 5 5 5 5 5 5 5 4 5 5 5 5 5 5 5 5 5 5 5 
Edges
0 18 0
0 32 0
1 17 0
1 31 0
2 18 0
3 17 0
4 28 0
5 12 0
5 13 0
5 37 0
6 7 0
6 15 0
6 21 0
7 6 0
7 14 0
8 9 0
8 10 0
8 11 0
8 35 0
9 8 0
9 14 0
9 15 0
10 8 0
10 12 0
10 17 0
11 8 0
11 13 0
11 18 0
12 5 0
12 10 0
12 19 0
13 5 0
13 11 0
13 20 0
14 7 0
14 9 0
14 16 0
15 6 0
15 9 0
15 36 0
16 14 0
16 22 0
16 23 0
17 1 0
17 3 0
17 10 0
18 0 0
18 2 0
18 11 0
19 12 0
19 38 0
19 42 0
19 43 0
20 13 0
20 39 0
20 40 0
20 41 0
21 6 0
21 24 0
21 25 0
22 16 0
22 26 0
22 44 0
23 16 0
23 27 0
23 45 0
24 21 0
24 29 0
24 46 0
25 21 0
25 30 0
25 47 0
26 22 0
26 28 0
26 48 0
27 23 0
27 28 0
27 49 0
28 4 0
28 26 0
28 27 0
29 24 0
29 33 0
29 50 0
30 25 0
30 33 0
30 51 0
31 1 0
31 56 0
31 57 0
31 34 0
32 0 0
32 52 0
32 53 0
32 54 0
33 29 0
33 30 0
33 58 0
34 59 0
34 60 0
34 61 0
34 31 0
35 8 0
36 15 0
37 5 0
38 19 0
39 20 0
40 20 0
41 20 0
42 19 0
43 19 0
44 22 0
45 23 0
46 24 0
47 25 0
48 26 0
49 27 0
50 29 0
51 30 0
52 32 0
52 55 0
52 62 0
52 63 0
53 32 0
54 32 0
55 52 0
56 31 0
57 31 0
58 33 0
59 34 0
60 34 0
61 34 0
62 52 0
63 52 0
GraphDataEnd
GraphEnd
NodeEnd
NodeStart
EPTNodeID: 3
AnchorID: 8582
TreeNodeGraphID: 16
Level: 10
SimplifiedLevel: 0
EditOperation: 5 49 63 0 0
AccumulatedOpsCount: 6
AccumulatedOp: 4 22 44 0 0
AccumulatedOp: 0 49 0 5 4
AccumulatedOp: 5 49 62 0 0
AccumulatedOp: 5 22 34 0 0
AccumulatedOp: 5 44 49 0 0
AccumulatedOp: 5 49 63 0 0
ChildrenCount: 0
ChildIndices:
CompletedDBGraphIDsCount: 1
CompletedDBGraphID: 9554
GraphStart
GraphDataStart
ID: 16
NumNodes: 64
NumEdges: 134
NodeLabels
2 2 2 2 5 3 3 3 4 4 4 4 4 4 4 4 4 4 4 4 4 4 4 4 4 4 4 4 4 4 4 4 4 4 4 5 5 5 5 5 5 5 5 5 5 5 5 5 5 4 5 5 5 5 5 5 5 5 5 5 5 5 5 5 
Edges
0 18 0
0 32 0
1 17 0
1 31 0
2 18 0
3 17 0
4 28 0
5 12 0
5 13 0
5 37 0
6 7 0
6 15 0
6 21 0
7 6 0
7 14 0
8 9 0
8 10 0
8 11 0
8 35 0
9 8 0
9 14 0
9 15 0
10 8 0
10 12 0
10 17 0
11 8 0
11 13 0
11 18 0
12 5 0
12 10 0
12 19 0
13 5 0
13 11 0
13 20 0
14 7 0
14 9 0
14 16 0
15 6 0
15 9 0
15 36 0
16 14 0
16 22 0
16 23 0
17 1 0
17 3 0
17 10 0
18 0 0
18 2 0
18 11 0
19 12 0
19 38 0
19 42 0
19 43 0
20 13 0
20 39 0
20 40 0
20 41 0
21 6 0
21 24 0
21 25 0
22 16 0
22 26 0
22 34 0
23 16 0
23 27 0
23 45 0
24 21 0
24 29 0
24 46 0
25 21 0
25 30 0
25 47 0
26 22 0
26 28 0
26 48 0
27 23 0
27 28 0
27 49 0
28 4 0
28 26 0
28 27 0
29 24 0
29 33 0
29 50 0
30 25 0
30 33 0
30 51 0
31 1 0
31 55 0
31 56 0
31 57 0
32 0 0
32 52 0
32 53 0
32 54 0
33 29 0
33 30 0
33 58 0
34 59 0
34 60 0
34 61 0
34 22 0
35 8 0
36 15 0
37 5 0
38 19 0
39 20 0
40 20 0
41 20 0
42 19 0
43 19 0
44 49 0
45 23 0
46 24 0
47 25 0
48 26 0
49 27 0
49 62 0
49 44 0
49 63 0
50 29 0
51 30 0
52 32 0
53 32 0
54 32 0
55 31 0
56 31 0
57 31 0
58 33 0
59 34 0
60 34 0
61 34 0
62 49 0
63 49 0
GraphDataEnd
GraphEnd
NodeEnd
NodeStart
EPTNodeID: 4
AnchorID: 8582
TreeNodeGraphID: 17
Level: 1
SimplifiedLevel: 0
EditOperation: 0 48 0 5 8
AccumulatedOpsCount: 1
AccumulatedOp: 0 48 0 5 8
ChildrenCount: 0
ChildIndices:
CompletedDBGraphIDsCount: 1
CompletedDBGraphID: 20717
GraphStart
GraphDataStart
ID: 17
NumNodes: 62
NumEdges: 130
NodeLabels
2 2 2 2 2 3 3 3 4 4 4 4 4 4 4 4 4 4 4 4 4 4 4 4 4 4 4 4 4 4 4 4 4 4 4 5 5 5 5 5 5 5 5 5 5 5 5 5 8 5 5 5 5 5 5 5 5 5 5 5 5 5 
Edges
0 18 0
0 32 0
1 17 0
1 31 0
2 18 0
3 17 0
4 28 0
4 34 0
5 12 0
5 13 0
5 37 0
6 7 0
6 15 0
6 21 0
7 6 0
7 14 0
8 9 0
8 10 0
8 11 0
8 35 0
9 8 0
9 14 0
9 15 0
10 8 0
10 12 0
10 17 0
11 8 0
11 13 0
11 18 0
12 5 0
12 10 0
12 19 0
13 5 0
13 11 0
13 20 0
14 7 0
14 9 0
14 16 0
15 6 0
15 9 0
15 36 0
16 14 0
16 22 0
16 23 0
17 1 0
17 3 0
17 10 0
18 0 0
18 2 0
18 11 0
19 12 0
19 38 0
19 42 0
19 43 0
20 13 0
20 39 0
20 40 0
20 41 0
21 6 0
21 24 0
21 25 0
22 16 0
22 26 0
22 44 0
23 16 0
23 27 0
23 45 0
24 21 0
24 29 0
24 46 0
25 21 0
25 30 0
25 47 0
26 22 0
26 28 0
26 48 0
27 23 0
27 28 0
27 49 0
28 4 0
28 26 0
28 27 0
29 24 0
29 33 0
29 50 0
30 25 0
30 33 0
30 51 0
31 1 0
31 55 0
31 56 0
31 57 0
32 0 0
32 52 0
32 53 0
32 54 0
33 29 0
33 30 0
33 58 0
34 4 0
34 59 0
34 60 0
34 61 0
35 8 0
36 15 0
37 5 0
38 19 0
39 20 0
40 20 0
41 20 0
42 19 0
43 19 0
44 22 0
45 23 0
46 24 0
47 25 0
48 26 0
49 27 0
50 29 0
51 30 0
52 32 0
53 32 0
54 32 0
55 31 0
56 31 0
57 31 0
58 33 0
59 34 0
60 34 0
61 34 0
GraphDataEnd
GraphEnd
NodeEnd
NodeStart
EPTNodeID: 5
AnchorID: 8582
TreeNodeGraphID: 18
Level: 1
SimplifiedLevel: 0
EditOperation: 0 48 0 5 7
AccumulatedOpsCount: 1
AccumulatedOp: 0 48 0 5 7
ChildrenCount: 0
ChildIndices:
CompletedDBGraphIDsCount: 1
CompletedDBGraphID: 19153
GraphStart
GraphDataStart
ID: 18
NumNodes: 62
NumEdges: 130
NodeLabels
2 2 2 2 2 3 3 3 4 4 4 4 4 4 4 4 4 4 4 4 4 4 4 4 4 4 4 4 4 4 4 4 4 4 4 5 5 5 5 5 5 5 5 5 5 5 5 5 7 5 5 5 5 5 5 5 5 5 5 5 5 5 
Edges
0 18 0
0 32 0
1 17 0
1 31 0
2 18 0
3 17 0
4 28 0
4 34 0
5 12 0
5 13 0
5 37 0
6 7 0
6 15 0
6 21 0
7 6 0
7 14 0
8 9 0
8 10 0
8 11 0
8 35 0
9 8 0
9 14 0
9 15 0
10 8 0
10 12 0
10 17 0
11 8 0
11 13 0
11 18 0
12 5 0
12 10 0
12 19 0
13 5 0
13 11 0
13 20 0
14 7 0
14 9 0
14 16 0
15 6 0
15 9 0
15 36 0
16 14 0
16 22 0
16 23 0
17 1 0
17 3 0
17 10 0
18 0 0
18 2 0
18 11 0
19 12 0
19 38 0
19 42 0
19 43 0
20 13 0
20 39 0
20 40 0
20 41 0
21 6 0
21 24 0
21 25 0
22 16 0
22 26 0
22 44 0
23 16 0
23 27 0
23 45 0
24 21 0
24 29 0
24 46 0
25 21 0
25 30 0
25 47 0
26 22 0
26 28 0
26 48 0
27 23 0
27 28 0
27 49 0
28 4 0
28 26 0
28 27 0
29 24 0
29 33 0
29 50 0
30 25 0
30 33 0
30 51 0
31 1 0
31 55 0
31 56 0
31 57 0
32 0 0
32 52 0
32 53 0
32 54 0
33 29 0
33 30 0
33 58 0
34 4 0
34 59 0
34 60 0
34 61 0
35 8 0
36 15 0
37 5 0
38 19 0
39 20 0
40 20 0
41 20 0
42 19 0
43 19 0
44 22 0
45 23 0
46 24 0
47 25 0
48 26 0
49 27 0
50 29 0
51 30 0
52 32 0
53 32 0
54 32 0
55 31 0
56 31 0
57 31 0
58 33 0
59 34 0
60 34 0
61 34 0
GraphDataEnd
GraphEnd
NodeEnd
END_EPT
