BEGIN_EPT
AnchorID: 15723  # ID of the anchor node
RootIndex: 0  # Index of the root node in tree_nodes
NodeCount: 4  # Total number of nodes in the EPT
NodeStart
EPTNodeID: 0
AnchorID: 15723
TreeNodeGraphID: 0
Level: 0
SimplifiedLevel: 0
EditOperation: -1 0 -1 0 0
AccumulatedOpsCount: 0
ChildrenCount: 1
ChildIndices: 1
CompletedDBGraphIDsCount: 0
GraphStart
GraphDataStart
ID: 0
NumNodes: 68
NumEdges: 142
NodeLabels
6 6 2 2 2 2 2 2 2 3 3 4 4 4 4 4 4 4 4 4 4 4 4 4 4 4 4 4 4 4 4 4 4 4 4 4 5 5 5 5 5 5 5 5 5 5 5 5 5 5 5 5 5 5 5 5 5 5 5 5 5 5 5 5 5 5 5 5 
Edges
0 4 0
0 5 0
0 9 0
0 23 0
1 6 0
1 7 0
1 10 0
1 24 0
2 15 0
2 16 0
3 17 0
3 18 0
4 0 0
5 0 0
6 1 0
7 1 0
8 31 0
9 0 0
9 11 0
9 12 0
10 1 0
10 13 0
10 14 0
11 9 0
11 15 0
11 36 0
11 37 0
12 9 0
12 16 0
12 38 0
12 39 0
13 10 0
13 17 0
13 42 0
13 43 0
14 10 0
14 18 0
14 40 0
14 41 0
15 2 0
15 11 0
15 19 0
15 44 0
16 2 0
16 12 0
16 20 0
16 45 0
17 3 0
17 13 0
17 21 0
17 46 0
18 3 0
18 14 0
18 22 0
18 47 0
19 15 0
19 48 0
19 49 0
19 50 0
20 16 0
20 51 0
20 52 0
20 53 0
21 17 0
21 54 0
21 55 0
21 56 0
22 18 0
22 57 0
22 58 0
22 59 0
23 0 0
23 25 0
23 27 0
24 1 0
24 26 0
24 28 0
25 23 0
25 29 0
25 60 0
26 24 0
26 30 0
26 61 0
27 23 0
27 32 0
27 62 0
28 24 0
28 33 0
28 63 0
29 25 0
29 31 0
29 34 0
30 26 0
30 31 0
30 35 0
31 8 0
31 29 0
31 30 0
32 27 0
32 34 0
32 64 0
33 28 0
33 35 0
33 65 0
34 29 0
34 32 0
34 66 0
35 30 0
35 33 0
35 67 0
36 11 0
37 11 0
38 12 0
39 12 0
40 14 0
41 14 0
42 13 0
43 13 0
44 15 0
45 16 0
46 17 0
47 18 0
48 19 0
49 19 0
50 19 0
51 20 0
52 20 0
53 20 0
54 21 0
55 21 0
56 21 0
57 22 0
58 22 0
59 22 0
60 25 0
61 26 0
62 27 0
63 28 0
64 32 0
65 33 0
66 34 0
67 35 0
GraphDataEnd
GraphEnd
NodeEnd
NodeStart
EPTNodeID: 1
AnchorID: 15723
TreeNodeGraphID: 4
Level: 4
SimplifiedLevel: 0
EditOperation: 1 67 0 5 0
AccumulatedOpsCount: 4
AccumulatedOp: 4 34 66 0 0
AccumulatedOp: 5 34 35 0 0
AccumulatedOp: 4 35 67 0 0
AccumulatedOp: 1 67 0 5 0
ChildrenCount: 2
ChildIndices: 2 3
CompletedDBGraphIDsCount: 0
GraphStart
GraphDataStart
ID: 4
NumNodes: 67
NumEdges: 140
NodeLabels
6 6 2 2 2 2 2 2 2 3 3 4 4 4 4 4 4 4 4 4 4 4 4 4 4 4 4 4 4 4 4 4 4 4 4 4 5 5 5 5 5 5 5 5 5 5 5 5 5 5 5 5 5 5 5 5 5 5 5 5 5 5 5 5 5 5 5 
Edges
0 4 0
0 5 0
0 9 0
0 23 0
1 6 0
1 7 0
1 10 0
1 24 0
2 15 0
2 16 0
3 17 0
3 18 0
4 0 0
5 0 0
6 1 0
7 1 0
8 31 0
9 0 0
9 11 0
9 12 0
10 1 0
10 13 0
10 14 0
11 9 0
11 15 0
11 36 0
11 37 0
12 9 0
12 16 0
12 38 0
12 39 0
13 10 0
13 17 0
13 42 0
13 43 0
14 10 0
14 18 0
14 40 0
14 41 0
15 2 0
15 11 0
15 19 0
15 44 0
16 2 0
16 12 0
16 20 0
16 45 0
17 3 0
17 13 0
17 21 0
17 46 0
18 3 0
18 14 0
18 22 0
18 47 0
19 15 0
19 48 0
19 49 0
19 50 0
20 16 0
20 51 0
20 52 0
20 53 0
21 17 0
21 54 0
21 55 0
21 56 0
22 18 0
22 57 0
22 58 0
22 59 0
23 0 0
23 25 0
23 27 0
24 1 0
24 26 0
24 28 0
25 23 0
25 29 0
25 60 0
26 24 0
26 30 0
26 61 0
27 23 0
27 32 0
27 62 0
28 24 0
28 33 0
28 63 0
29 25 0
29 31 0
29 34 0
30 26 0
30 31 0
30 35 0
31 8 0
31 29 0
31 30 0
32 27 0
32 34 0
32 64 0
33 28 0
33 35 0
33 65 0
34 29 0
34 32 0
34 35 0
35 30 0
35 33 0
35 34 0
36 11 0
37 11 0
38 12 0
39 12 0
40 14 0
41 14 0
42 13 0
43 13 0
44 15 0
45 16 0
46 17 0
47 18 0
48 19 0
49 19 0
50 19 0
51 20 0
52 20 0
53 20 0
54 21 0
55 21 0
56 21 0
57 22 0
58 22 0
59 22 0
60 25 0
61 26 0
62 27 0
63 28 0
64 32 0
65 33 0
GraphDataEnd
GraphEnd
NodeEnd
NodeStart
EPTNodeID: 2
AnchorID: 15723
TreeNodeGraphID: 5
Level: 5
SimplifiedLevel: 0
EditOperation: 1 66 0 5 0
AccumulatedOpsCount: 1
AccumulatedOp: 1 66 0 5 0
ChildrenCount: 0
ChildIndices:
CompletedDBGraphIDsCount: 1
CompletedDBGraphID: 15924
GraphStart
GraphDataStart
ID: 5
NumNodes: 66
NumEdges: 140
NodeLabels
6 6 2 2 2 2 2 2 2 3 3 4 4 4 4 4 4 4 4 4 4 4 4 4 4 4 4 4 4 4 4 4 4 4 4 4 5 5 5 5 5 5 5 5 5 5 5 5 5 5 5 5 5 5 5 5 5 5 5 5 5 5 5 5 5 5 
Edges
0 4 0
0 5 0
0 9 0
0 23 0
1 6 0
1 7 0
1 10 0
1 24 0
2 15 0
2 16 0
3 17 0
3 18 0
4 0 0
5 0 0
6 1 0
7 1 0
8 31 0
9 0 0
9 11 0
9 12 0
10 1 0
10 13 0
10 14 0
11 9 0
11 15 0
11 36 0
11 37 0
12 9 0
12 16 0
12 38 0
12 39 0
13 10 0
13 17 0
13 42 0
13 43 0
14 10 0
14 18 0
14 40 0
14 41 0
15 2 0
15 11 0
15 19 0
15 44 0
16 2 0
16 12 0
16 20 0
16 45 0
17 3 0
17 13 0
17 21 0
17 46 0
18 3 0
18 14 0
18 22 0
18 47 0
19 15 0
19 48 0
19 49 0
19 50 0
20 16 0
20 51 0
20 52 0
20 53 0
21 17 0
21 54 0
21 55 0
21 56 0
22 18 0
22 57 0
22 58 0
22 59 0
23 0 0
23 25 0
23 27 0
24 1 0
24 26 0
24 28 0
25 23 0
25 29 0
25 60 0
26 24 0
26 30 0
26 61 0
27 23 0
27 32 0
27 62 0
28 24 0
28 33 0
28 63 0
29 25 0
29 31 0
29 34 0
30 26 0
30 31 0
30 35 0
31 8 0
31 29 0
31 30 0
32 27 0
32 34 0
32 64 0
33 28 0
33 35 0
33 65 0
34 29 0
34 32 0
34 35 0
35 30 0
35 33 0
35 34 0
36 11 0
37 11 0
38 12 0
39 12 0
40 14 0
41 14 0
42 13 0
43 13 0
44 15 0
45 16 0
46 17 0
47 18 0
48 19 0
49 19 0
50 19 0
51 20 0
52 20 0
53 20 0
54 21 0
55 21 0
56 21 0
57 22 0
58 22 0
59 22 0
60 25 0
61 26 0
62 27 0
63 28 0
64 32 0
65 33 0
GraphDataEnd
GraphEnd
NodeEnd
NodeStart
EPTNodeID: 3
AnchorID: 15723
TreeNodeGraphID: 7
Level: 6
SimplifiedLevel: 0
EditOperation: 5 31 66 0 0
AccumulatedOpsCount: 2
AccumulatedOp: 0 8 0 2 5
AccumulatedOp: 5 31 66 0 0
ChildrenCount: 0
ChildIndices:
CompletedDBGraphIDsCount: 1
CompletedDBGraphID: 4186
GraphStart
GraphDataStart
ID: 7
NumNodes: 67
NumEdges: 142
NodeLabels
6 6 2 2 2 2 2 2 5 3 3 4 4 4 4 4 4 4 4 4 4 4 4 4 4 4 4 4 4 4 4 4 4 4 4 4 5 5 5 5 5 5 5 5 5 5 5 5 5 5 5 5 5 5 5 5 5 5 5 5 5 5 5 5 5 5 5 
Edges
0 4 0
0 5 0
0 9 0
0 23 0
1 6 0
1 7 0
1 10 0
1 24 0
2 15 0
2 16 0
3 17 0
3 18 0
4 0 0
5 0 0
6 1 0
7 1 0
8 31 0
9 0 0
9 11 0
9 12 0
10 1 0
10 13 0
10 14 0
11 9 0
11 15 0
11 36 0
11 37 0
12 9 0
12 16 0
12 38 0
12 39 0
13 10 0
13 17 0
13 42 0
13 43 0
14 10 0
14 18 0
14 40 0
14 41 0
15 2 0
15 11 0
15 19 0
15 44 0
16 2 0
16 12 0
16 20 0
16 45 0
17 3 0
17 13 0
17 21 0
17 46 0
18 3 0
18 14 0
18 22 0
18 47 0
19 15 0
19 48 0
19 49 0
19 50 0
20 16 0
20 51 0
20 52 0
20 53 0
21 17 0
21 54 0
21 55 0
21 56 0
22 18 0
22 57 0
22 58 0
22 59 0
23 0 0
23 25 0
23 27 0
24 1 0
24 26 0
24 28 0
25 23 0
25 29 0
25 60 0
26 24 0
26 30 0
26 61 0
27 23 0
27 32 0
27 62 0
28 24 0
28 33 0
28 63 0
29 25 0
29 31 0
29 34 0
30 26 0
30 31 0
30 35 0
31 8 0
31 29 0
31 30 0
31 66 0
32 27 0
32 34 0
32 64 0
33 28 0
33 35 0
33 65 0
34 29 0
34 32 0
34 35 0
35 30 0
35 33 0
35 34 0
36 11 0
37 11 0
38 12 0
39 12 0
40 14 0
41 14 0
42 13 0
43 13 0
44 15 0
45 16 0
46 17 0
47 18 0
48 19 0
49 19 0
50 19 0
51 20 0
52 20 0
53 20 0
54 21 0
55 21 0
56 21 0
57 22 0
58 22 0
59 22 0
60 25 0
61 26 0
62 27 0
63 28 0
64 32 0
65 33 0
66 31 0
GraphDataEnd
GraphEnd
NodeEnd
END_EPT
