BEGIN_EPT
AnchorID: 5657  # ID of the anchor node
RootIndex: 0  # Index of the root node in tree_nodes
NodeCount: 18  # Total number of nodes in the EPT
NodeStart
EPTNodeID: 0
AnchorID: 5657
TreeNodeGraphID: 0
Level: 0
SimplifiedLevel: 0
EditOperation: -1 0 -1 0 0
AccumulatedOpsCount: 0
ChildrenCount: 3
ChildIndices: 1 16 17
CompletedDBGraphIDsCount: 0
GraphStart
GraphDataStart
ID: 0
NumNodes: 62
NumEdges: 130
NodeLabels
7 7 6 2 2 2 3 3 3 4 4 4 4 4 4 4 4 4 4 4 4 4 4 4 4 4 4 4 4 4 4 4 4 4 4 5 5 5 5 5 5 5 5 5 5 5 5 5 5 5 5 5 5 5 5 5 5 5 5 5 5 5 
Edges
0 26 0
1 33 0
2 4 0
2 5 0
2 8 0
2 18 0
3 14 0
4 2 0
5 2 0
6 9 0
6 10 0
6 13 0
7 11 0
7 12 0
7 14 0
8 2 0
8 15 0
8 17 0
9 6 0
9 11 0
9 37 0
9 38 0
10 6 0
10 12 0
10 35 0
10 36 0
11 7 0
11 9 0
11 39 0
11 40 0
12 7 0
12 10 0
12 41 0
12 42 0
13 6 0
13 16 0
13 43 0
13 44 0
14 3 0
14 7 0
14 15 0
15 8 0
15 14 0
15 45 0
15 46 0
16 13 0
16 20 0
16 21 0
17 8 0
17 19 0
17 47 0
17 48 0
18 2 0
18 24 0
18 25 0
19 17 0
19 26 0
19 27 0
20 16 0
20 22 0
20 49 0
21 16 0
21 23 0
21 50 0
22 20 0
22 28 0
22 51 0
23 21 0
23 28 0
23 52 0
24 18 0
24 29 0
24 53 0
25 18 0
25 30 0
25 54 0
26 0 0
26 19 0
26 31 0
27 19 0
27 32 0
27 55 0
28 22 0
28 23 0
28 56 0
29 24 0
29 33 0
29 57 0
30 25 0
30 33 0
30 58 0
31 26 0
31 34 0
31 59 0
32 27 0
32 34 0
32 60 0
33 1 0
33 29 0
33 30 0
34 31 0
34 32 0
34 61 0
35 10 0
36 10 0
37 9 0
38 9 0
39 11 0
40 11 0
41 12 0
42 12 0
43 13 0
44 13 0
45 15 0
46 15 0
47 17 0
48 17 0
49 20 0
50 21 0
51 22 0
52 23 0
53 24 0
54 25 0
55 27 0
56 28 0
57 29 0
58 30 0
59 31 0
60 32 0
61 34 0
GraphDataEnd
GraphEnd
NodeEnd
NodeStart
EPTNodeID: 1
AnchorID: 5657
TreeNodeGraphID: 1
Level: 1
SimplifiedLevel: 0
EditOperation: 4 6 13 0 0
AccumulatedOpsCount: 1
AccumulatedOp: 4 6 13 0 0
ChildrenCount: 4
ChildIndices: 2 11 14 15
CompletedDBGraphIDsCount: 0
GraphStart
GraphDataStart
ID: 1
NumNodes: 62
NumEdges: 128
NodeLabels
7 7 6 2 2 2 3 3 3 4 4 4 4 4 4 4 4 4 4 4 4 4 4 4 4 4 4 4 4 4 4 4 4 4 4 5 5 5 5 5 5 5 5 5 5 5 5 5 5 5 5 5 5 5 5 5 5 5 5 5 5 5 
Edges
0 26 0
1 33 0
2 4 0
2 5 0
2 8 0
2 18 0
3 14 0
4 2 0
5 2 0
6 9 0
6 10 0
7 11 0
7 12 0
7 14 0
8 2 0
8 15 0
8 17 0
9 6 0
9 11 0
9 37 0
9 38 0
10 6 0
10 12 0
10 35 0
10 36 0
11 7 0
11 9 0
11 39 0
11 40 0
12 7 0
12 10 0
12 41 0
12 42 0
13 16 0
13 43 0
13 44 0
14 3 0
14 7 0
14 15 0
15 8 0
15 14 0
15 45 0
15 46 0
16 13 0
16 20 0
16 21 0
17 8 0
17 19 0
17 47 0
17 48 0
18 2 0
18 24 0
18 25 0
19 17 0
19 26 0
19 27 0
20 16 0
20 22 0
20 49 0
21 16 0
21 23 0
21 50 0
22 20 0
22 28 0
22 51 0
23 21 0
23 28 0
23 52 0
24 18 0
24 29 0
24 53 0
25 18 0
25 30 0
25 54 0
26 0 0
26 19 0
26 31 0
27 19 0
27 32 0
27 55 0
28 22 0
28 23 0
28 56 0
29 24 0
29 33 0
29 57 0
30 25 0
30 33 0
30 58 0
31 26 0
31 34 0
31 59 0
32 27 0
32 34 0
32 60 0
33 1 0
33 29 0
33 30 0
34 31 0
34 32 0
34 61 0
35 10 0
36 10 0
37 9 0
38 9 0
39 11 0
40 11 0
41 12 0
42 12 0
43 13 0
44 13 0
45 15 0
46 15 0
47 17 0
48 17 0
49 20 0
50 21 0
51 22 0
52 23 0
53 24 0
54 25 0
55 27 0
56 28 0
57 29 0
58 30 0
59 31 0
60 32 0
61 34 0
GraphDataEnd
GraphEnd
NodeEnd
NodeStart
EPTNodeID: 2
AnchorID: 5657
TreeNodeGraphID: 2
Level: 2
SimplifiedLevel: 0
EditOperation: 0 0 0 7 5
AccumulatedOpsCount: 1
AccumulatedOp: 0 0 0 7 5
ChildrenCount: 2
ChildIndices: 3 10
CompletedDBGraphIDsCount: 0
GraphStart
GraphDataStart
ID: 2
NumNodes: 62
NumEdges: 128
NodeLabels
5 7 6 2 2 2 3 3 3 4 4 4 4 4 4 4 4 4 4 4 4 4 4 4 4 4 4 4 4 4 4 4 4 4 4 5 5 5 5 5 5 5 5 5 5 5 5 5 5 5 5 5 5 5 5 5 5 5 5 5 5 5 
Edges
0 26 0
1 33 0
2 4 0
2 5 0
2 8 0
2 18 0
3 14 0
4 2 0
5 2 0
6 9 0
6 10 0
7 11 0
7 12 0
7 14 0
8 2 0
8 15 0
8 17 0
9 6 0
9 11 0
9 37 0
9 38 0
10 6 0
10 12 0
10 35 0
10 36 0
11 7 0
11 9 0
11 39 0
11 40 0
12 7 0
12 10 0
12 41 0
12 42 0
13 16 0
13 43 0
13 44 0
14 3 0
14 7 0
14 15 0
15 8 0
15 14 0
15 45 0
15 46 0
16 13 0
16 20 0
16 21 0
17 8 0
17 19 0
17 47 0
17 48 0
18 2 0
18 24 0
18 25 0
19 17 0
19 26 0
19 27 0
20 16 0
20 22 0
20 49 0
21 16 0
21 23 0
21 50 0
22 20 0
22 28 0
22 51 0
23 21 0
23 28 0
23 52 0
24 18 0
24 29 0
24 53 0
25 18 0
25 30 0
25 54 0
26 0 0
26 19 0
26 31 0
27 19 0
27 32 0
27 55 0
28 22 0
28 23 0
28 56 0
29 24 0
29 33 0
29 57 0
30 25 0
30 33 0
30 58 0
31 26 0
31 34 0
31 59 0
32 27 0
32 34 0
32 60 0
33 1 0
33 29 0
33 30 0
34 31 0
34 32 0
34 61 0
35 10 0
36 10 0
37 9 0
38 9 0
39 11 0
40 11 0
41 12 0
42 12 0
43 13 0
44 13 0
45 15 0
46 15 0
47 17 0
48 17 0
49 20 0
50 21 0
51 22 0
52 23 0
53 24 0
54 25 0
55 27 0
56 28 0
57 29 0
58 30 0
59 31 0
60 32 0
61 34 0
GraphDataEnd
GraphEnd
NodeEnd
NodeStart
EPTNodeID: 3
AnchorID: 5657
TreeNodeGraphID: 4
Level: 4
SimplifiedLevel: 0
EditOperation: 5 6 16 0 0
AccumulatedOpsCount: 2
AccumulatedOp: 4 13 16 0 0
AccumulatedOp: 5 6 16 0 0
ChildrenCount: 3
ChildIndices: 4 8 9
CompletedDBGraphIDsCount: 0
GraphStart
GraphDataStart
ID: 4
NumNodes: 62
NumEdges: 128
NodeLabels
5 7 6 2 2 2 3 3 3 4 4 4 4 4 4 4 4 4 4 4 4 4 4 4 4 4 4 4 4 4 4 4 4 4 4 5 5 5 5 5 5 5 5 5 5 5 5 5 5 5 5 5 5 5 5 5 5 5 5 5 5 5 
Edges
0 26 0
1 33 0
2 4 0
2 5 0
2 8 0
2 18 0
3 14 0
4 2 0
5 2 0
6 9 0
6 10 0
6 16 0
7 11 0
7 12 0
7 14 0
8 2 0
8 15 0
8 17 0
9 6 0
9 11 0
9 37 0
9 38 0
10 6 0
10 12 0
10 35 0
10 36 0
11 7 0
11 9 0
11 39 0
11 40 0
12 7 0
12 10 0
12 41 0
12 42 0
13 43 0
13 44 0
14 3 0
14 7 0
14 15 0
15 8 0
15 14 0
15 45 0
15 46 0
16 20 0
16 21 0
16 6 0
17 8 0
17 19 0
17 47 0
17 48 0
18 2 0
18 24 0
18 25 0
19 17 0
19 26 0
19 27 0
20 16 0
20 22 0
20 49 0
21 16 0
21 23 0
21 50 0
22 20 0
22 28 0
22 51 0
23 21 0
23 28 0
23 52 0
24 18 0
24 29 0
24 53 0
25 18 0
25 30 0
25 54 0
26 0 0
26 19 0
26 31 0
27 19 0
27 32 0
27 55 0
28 22 0
28 23 0
28 56 0
29 24 0
29 33 0
29 57 0
30 25 0
30 33 0
30 58 0
31 26 0
31 34 0
31 59 0
32 27 0
32 34 0
32 60 0
33 1 0
33 29 0
33 30 0
34 31 0
34 32 0
34 61 0
35 10 0
36 10 0
37 9 0
38 9 0
39 11 0
40 11 0
41 12 0
42 12 0
43 13 0
44 13 0
45 15 0
46 15 0
47 17 0
48 17 0
49 20 0
50 21 0
51 22 0
52 23 0
53 24 0
54 25 0
55 27 0
56 28 0
57 29 0
58 30 0
59 31 0
60 32 0
61 34 0
GraphDataEnd
GraphEnd
NodeEnd
NodeStart
EPTNodeID: 4
AnchorID: 5657
TreeNodeGraphID: 5
Level: 5
SimplifiedLevel: 0
EditOperation: 0 1 0 7 5
AccumulatedOpsCount: 1
AccumulatedOp: 0 1 0 7 5
ChildrenCount: 2
ChildIndices: 5 7
CompletedDBGraphIDsCount: 0
GraphStart
GraphDataStart
ID: 5
NumNodes: 62
NumEdges: 128
NodeLabels
5 5 6 2 2 2 3 3 3 4 4 4 4 4 4 4 4 4 4 4 4 4 4 4 4 4 4 4 4 4 4 4 4 4 4 5 5 5 5 5 5 5 5 5 5 5 5 5 5 5 5 5 5 5 5 5 5 5 5 5 5 5 
Edges
0 26 0
1 33 0
2 4 0
2 5 0
2 8 0
2 18 0
3 14 0
4 2 0
5 2 0
6 9 0
6 10 0
6 16 0
7 11 0
7 12 0
7 14 0
8 2 0
8 15 0
8 17 0
9 6 0
9 11 0
9 37 0
9 38 0
10 6 0
10 12 0
10 35 0
10 36 0
11 7 0
11 9 0
11 39 0
11 40 0
12 7 0
12 10 0
12 41 0
12 42 0
13 43 0
13 44 0
14 3 0
14 7 0
14 15 0
15 8 0
15 14 0
15 45 0
15 46 0
16 20 0
16 21 0
16 6 0
17 8 0
17 19 0
17 47 0
17 48 0
18 2 0
18 24 0
18 25 0
19 17 0
19 26 0
19 27 0
20 16 0
20 22 0
20 49 0
21 16 0
21 23 0
21 50 0
22 20 0
22 28 0
22 51 0
23 21 0
23 28 0
23 52 0
24 18 0
24 29 0
24 53 0
25 18 0
25 30 0
25 54 0
26 0 0
26 19 0
26 31 0
27 19 0
27 32 0
27 55 0
28 22 0
28 23 0
28 56 0
29 24 0
29 33 0
29 57 0
30 25 0
30 33 0
30 58 0
31 26 0
31 34 0
31 59 0
32 27 0
32 34 0
32 60 0
33 1 0
33 29 0
33 30 0
34 31 0
34 32 0
34 61 0
35 10 0
36 10 0
37 9 0
38 9 0
39 11 0
40 11 0
41 12 0
42 12 0
43 13 0
44 13 0
45 15 0
46 15 0
47 17 0
48 17 0
49 20 0
50 21 0
51 22 0
52 23 0
53 24 0
54 25 0
55 27 0
56 28 0
57 29 0
58 30 0
59 31 0
60 32 0
61 34 0
GraphDataEnd
GraphEnd
NodeEnd
NodeStart
EPTNodeID: 5
AnchorID: 5657
TreeNodeGraphID: 8
Level: 8
SimplifiedLevel: 0
EditOperation: 5 1 13 0 0
AccumulatedOpsCount: 3
AccumulatedOp: 4 1 33 0 0
AccumulatedOp: 5 13 33 0 0
AccumulatedOp: 5 1 13 0 0
ChildrenCount: 1
ChildIndices: 6
CompletedDBGraphIDsCount: 1
CompletedDBGraphID: 6226
GraphStart
GraphDataStart
ID: 8
NumNodes: 62
NumEdges: 130
NodeLabels
5 5 6 2 2 2 3 3 3 4 4 4 4 4 4 4 4 4 4 4 4 4 4 4 4 4 4 4 4 4 4 4 4 4 4 5 5 5 5 5 5 5 5 5 5 5 5 5 5 5 5 5 5 5 5 5 5 5 5 5 5 5 
Edges
0 26 0
1 13 0
2 4 0
2 5 0
2 8 0
2 18 0
3 14 0
4 2 0
5 2 0
6 9 0
6 10 0
6 16 0
7 11 0
7 12 0
7 14 0
8 2 0
8 15 0
8 17 0
9 6 0
9 11 0
9 37 0
9 38 0
10 6 0
10 12 0
10 35 0
10 36 0
11 7 0
11 9 0
11 39 0
11 40 0
12 7 0
12 10 0
12 41 0
12 42 0
13 43 0
13 44 0
13 33 0
13 1 0
14 3 0
14 7 0
14 15 0
15 8 0
15 14 0
15 45 0
15 46 0
16 20 0
16 21 0
16 6 0
17 8 0
17 19 0
17 47 0
17 48 0
18 2 0
18 24 0
18 25 0
19 17 0
19 26 0
19 27 0
20 16 0
20 22 0
20 49 0
21 16 0
21 23 0
21 50 0
22 20 0
22 28 0
22 51 0
23 21 0
23 28 0
23 52 0
24 18 0
24 29 0
24 53 0
25 18 0
25 30 0
25 54 0
26 0 0
26 19 0
26 31 0
27 19 0
27 32 0
27 55 0
28 22 0
28 23 0
28 56 0
29 24 0
29 33 0
29 57 0
30 25 0
30 33 0
30 58 0
31 26 0
31 34 0
31 59 0
32 27 0
32 34 0
32 60 0
33 29 0
33 30 0
33 13 0
34 31 0
34 32 0
34 61 0
35 10 0
36 10 0
37 9 0
38 9 0
39 11 0
40 11 0
41 12 0
42 12 0
43 13 0
44 13 0
45 15 0
46 15 0
47 17 0
48 17 0
49 20 0
50 21 0
51 22 0
52 23 0
53 24 0
54 25 0
55 27 0
56 28 0
57 29 0
58 30 0
59 31 0
60 32 0
61 34 0
GraphDataEnd
GraphEnd
NodeEnd
NodeStart
EPTNodeID: 6
AnchorID: 5657
TreeNodeGraphID: 10
Level: 10
SimplifiedLevel: 0
EditOperation: 0 61 0 5 1
AccumulatedOpsCount: 2
AccumulatedOp: 0 50 0 5 1
AccumulatedOp: 0 61 0 5 1
ChildrenCount: 0
ChildIndices:
CompletedDBGraphIDsCount: 1
CompletedDBGraphID: 16769
GraphStart
GraphDataStart
ID: 10
NumNodes: 62
NumEdges: 130
NodeLabels
5 5 6 2 2 2 3 3 3 4 4 4 4 4 4 4 4 4 4 4 4 4 4 4 4 4 4 4 4 4 4 4 4 4 4 5 5 5 5 5 5 5 5 5 5 5 5 5 5 5 1 5 5 5 5 5 5 5 5 5 5 1 
Edges
0 26 0
1 13 0
2 4 0
2 5 0
2 8 0
2 18 0
3 14 0
4 2 0
5 2 0
6 9 0
6 10 0
6 16 0
7 11 0
7 12 0
7 14 0
8 2 0
8 15 0
8 17 0
9 6 0
9 11 0
9 37 0
9 38 0
10 6 0
10 12 0
10 35 0
10 36 0
11 7 0
11 9 0
11 39 0
11 40 0
12 7 0
12 10 0
12 41 0
12 42 0
13 43 0
13 44 0
13 33 0
13 1 0
14 3 0
14 7 0
14 15 0
15 8 0
15 14 0
15 45 0
15 46 0
16 20 0
16 21 0
16 6 0
17 8 0
17 19 0
17 47 0
17 48 0
18 2 0
18 24 0
18 25 0
19 17 0
19 26 0
19 27 0
20 16 0
20 22 0
20 49 0
21 16 0
21 23 0
21 50 0
22 20 0
22 28 0
22 51 0
23 21 0
23 28 0
23 52 0
24 18 0
24 29 0
24 53 0
25 18 0
25 30 0
25 54 0
26 0 0
26 19 0
26 31 0
27 19 0
27 32 0
27 55 0
28 22 0
28 23 0
28 56 0
29 24 0
29 33 0
29 57 0
30 25 0
30 33 0
30 58 0
31 26 0
31 34 0
31 59 0
32 27 0
32 34 0
32 60 0
33 29 0
33 30 0
33 13 0
34 31 0
34 32 0
34 61 0
35 10 0
36 10 0
37 9 0
38 9 0
39 11 0
40 11 0
41 12 0
42 12 0
43 13 0
44 13 0
45 15 0
46 15 0
47 17 0
48 17 0
49 20 0
50 21 0
51 22 0
52 23 0
53 24 0
54 25 0
55 27 0
56 28 0
57 29 0
58 30 0
59 31 0
60 32 0
61 34 0
GraphDataEnd
GraphEnd
NodeEnd
NodeStart
EPTNodeID: 7
AnchorID: 5657
TreeNodeGraphID: 14
Level: 9
SimplifiedLevel: 0
EditOperation: 5 13 61 0 0
AccumulatedOpsCount: 4
AccumulatedOp: 0 56 0 5 1
AccumulatedOp: 4 34 61 0 0
AccumulatedOp: 5 13 34 0 0
AccumulatedOp: 5 13 61 0 0
ChildrenCount: 0
ChildIndices:
CompletedDBGraphIDsCount: 1
CompletedDBGraphID: 20340
GraphStart
GraphDataStart
ID: 14
NumNodes: 62
NumEdges: 130
NodeLabels
5 5 6 2 2 2 3 3 3 4 4 4 4 4 4 4 4 4 4 4 4 4 4 4 4 4 4 4 4 4 4 4 4 4 4 5 5 5 5 5 5 5 5 5 5 5 5 5 5 5 5 5 5 5 5 5 1 5 5 5 5 5 
Edges
0 26 0
1 33 0
2 4 0
2 5 0
2 8 0
2 18 0
3 14 0
4 2 0
5 2 0
6 9 0
6 10 0
6 16 0
7 11 0
7 12 0
7 14 0
8 2 0
8 15 0
8 17 0
9 6 0
9 11 0
9 37 0
9 38 0
10 6 0
10 12 0
10 35 0
10 36 0
11 7 0
11 9 0
11 39 0
11 40 0
12 7 0
12 10 0
12 41 0
12 42 0
13 43 0
13 44 0
13 34 0
13 61 0
14 3 0
14 7 0
14 15 0
15 8 0
15 14 0
15 45 0
15 46 0
16 20 0
16 21 0
16 6 0
17 8 0
17 19 0
17 47 0
17 48 0
18 2 0
18 24 0
18 25 0
19 17 0
19 26 0
19 27 0
20 16 0
20 22 0
20 49 0
21 16 0
21 23 0
21 50 0
22 20 0
22 28 0
22 51 0
23 21 0
23 28 0
23 52 0
24 18 0
24 29 0
24 53 0
25 18 0
25 30 0
25 54 0
26 0 0
26 19 0
26 31 0
27 19 0
27 32 0
27 55 0
28 22 0
28 23 0
28 56 0
29 24 0
29 33 0
29 57 0
30 25 0
30 33 0
30 58 0
31 26 0
31 34 0
31 59 0
32 27 0
32 34 0
32 60 0
33 1 0
33 29 0
33 30 0
34 31 0
34 32 0
34 13 0
35 10 0
36 10 0
37 9 0
38 9 0
39 11 0
40 11 0
41 12 0
42 12 0
43 13 0
44 13 0
45 15 0
46 15 0
47 17 0
48 17 0
49 20 0
50 21 0
51 22 0
52 23 0
53 24 0
54 25 0
55 27 0
56 28 0
57 29 0
58 30 0
59 31 0
60 32 0
61 13 0
GraphDataEnd
GraphEnd
NodeEnd
NodeStart
EPTNodeID: 8
AnchorID: 5657
TreeNodeGraphID: 19
Level: 9
SimplifiedLevel: 0
EditOperation: 5 13 61 0 0
AccumulatedOpsCount: 5
AccumulatedOp: 4 34 61 0 0
AccumulatedOp: 0 1 0 7 8
AccumulatedOp: 0 51 0 5 7
AccumulatedOp: 5 13 34 0 0
AccumulatedOp: 5 13 61 0 0
ChildrenCount: 0
ChildIndices:
CompletedDBGraphIDsCount: 1
CompletedDBGraphID: 16394
GraphStart
GraphDataStart
ID: 19
NumNodes: 62
NumEdges: 130
NodeLabels
5 8 6 2 2 2 3 3 3 4 4 4 4 4 4 4 4 4 4 4 4 4 4 4 4 4 4 4 4 4 4 4 4 4 4 5 5 5 5 5 5 5 5 5 5 5 5 5 5 5 5 7 5 5 5 5 5 5 5 5 5 5 
Edges
0 26 0
1 33 0
2 4 0
2 5 0
2 8 0
2 18 0
3 14 0
4 2 0
5 2 0
6 9 0
6 10 0
6 16 0
7 11 0
7 12 0
7 14 0
8 2 0
8 15 0
8 17 0
9 6 0
9 11 0
9 37 0
9 38 0
10 6 0
10 12 0
10 35 0
10 36 0
11 7 0
11 9 0
11 39 0
11 40 0
12 7 0
12 10 0
12 41 0
12 42 0
13 43 0
13 44 0
13 34 0
13 61 0
14 3 0
14 7 0
14 15 0
15 8 0
15 14 0
15 45 0
15 46 0
16 20 0
16 21 0
16 6 0
17 8 0
17 19 0
17 47 0
17 48 0
18 2 0
18 24 0
18 25 0
19 17 0
19 26 0
19 27 0
20 16 0
20 22 0
20 49 0
21 16 0
21 23 0
21 50 0
22 20 0
22 28 0
22 51 0
23 21 0
23 28 0
23 52 0
24 18 0
24 29 0
24 53 0
25 18 0
25 30 0
25 54 0
26 0 0
26 19 0
26 31 0
27 19 0
27 32 0
27 55 0
28 22 0
28 23 0
28 56 0
29 24 0
29 33 0
29 57 0
30 25 0
30 33 0
30 58 0
31 26 0
31 34 0
31 59 0
32 27 0
32 34 0
32 60 0
33 1 0
33 29 0
33 30 0
34 31 0
34 32 0
34 13 0
35 10 0
36 10 0
37 9 0
38 9 0
39 11 0
40 11 0
41 12 0
42 12 0
43 13 0
44 13 0
45 15 0
46 15 0
47 17 0
48 17 0
49 20 0
50 21 0
51 22 0
52 23 0
53 24 0
54 25 0
55 27 0
56 28 0
57 29 0
58 30 0
59 31 0
60 32 0
61 13 0
GraphDataEnd
GraphEnd
NodeEnd
NodeStart
EPTNodeID: 9
AnchorID: 5657
TreeNodeGraphID: 27
Level: 12
SimplifiedLevel: 0
EditOperation: 0 61 0 5 7
AccumulatedOpsCount: 8
AccumulatedOp: 0 1 0 7 8
AccumulatedOp: 0 52 0 5 7
AccumulatedOp: 4 13 44 0 0
AccumulatedOp: 1 44 0 5 0
AccumulatedOp: 4 13 43 0 0
AccumulatedOp: 1 13 0 4 0
AccumulatedOp: 1 43 0 5 0
AccumulatedOp: 0 61 0 5 7
ChildrenCount: 0
ChildIndices:
CompletedDBGraphIDsCount: 1
CompletedDBGraphID: 22435
GraphStart
GraphDataStart
ID: 27
NumNodes: 59
NumEdges: 124
NodeLabels
5 8 6 2 2 2 3 3 3 4 4 4 4 4 4 4 4 4 4 4 4 4 4 4 4 4 4 4 4 4 4 4 4 4 5 5 5 5 5 5 5 5 5 5 5 5 5 5 5 7 5 5 5 5 5 5 5 5 7 
Edges
0 25 0
1 32 0
2 4 0
2 5 0
2 8 0
2 17 0
3 13 0
4 2 0
5 2 0
6 9 0
6 10 0
6 15 0
7 11 0
7 12 0
7 13 0
8 2 0
8 14 0
8 16 0
9 6 0
9 11 0
9 36 0
9 37 0
10 6 0
10 12 0
10 34 0
10 35 0
11 7 0
11 9 0
11 38 0
11 39 0
12 7 0
12 10 0
12 40 0
12 41 0
13 3 0
13 7 0
13 14 0
14 8 0
14 13 0
14 42 0
14 43 0
15 19 0
15 20 0
15 6 0
16 8 0
16 18 0
16 44 0
16 45 0
17 2 0
17 23 0
17 24 0
18 16 0
18 25 0
18 26 0
19 15 0
19 21 0
19 46 0
20 15 0
20 22 0
20 47 0
21 19 0
21 27 0
21 48 0
22 20 0
22 27 0
22 49 0
23 17 0
23 28 0
23 50 0
24 17 0
24 29 0
24 51 0
25 0 0
25 18 0
25 30 0
26 18 0
26 31 0
26 52 0
27 21 0
27 22 0
27 53 0
28 23 0
28 32 0
28 54 0
29 24 0
29 32 0
29 55 0
30 25 0
30 33 0
30 56 0
31 26 0
31 33 0
31 57 0
32 1 0
32 28 0
32 29 0
33 30 0
33 31 0
33 58 0
34 10 0
35 10 0
36 9 0
37 9 0
38 11 0
39 11 0
40 12 0
41 12 0
42 14 0
43 14 0
44 16 0
45 16 0
46 19 0
47 20 0
48 21 0
49 22 0
50 23 0
51 24 0
52 26 0
53 27 0
54 28 0
55 29 0
56 30 0
57 31 0
58 33 0
GraphDataEnd
GraphEnd
NodeEnd
NodeStart
EPTNodeID: 10
AnchorID: 5657
TreeNodeGraphID: 33
Level: 8
SimplifiedLevel: 0
EditOperation: 5 6 18 0 0
AccumulatedOpsCount: 6
AccumulatedOp: 0 1 0 7 1
AccumulatedOp: 4 2 18 0 0
AccumulatedOp: 4 28 56 0 0
AccumulatedOp: 5 13 56 0 0
AccumulatedOp: 5 2 28 0 0
AccumulatedOp: 5 6 18 0 0
ChildrenCount: 0
ChildIndices:
CompletedDBGraphIDsCount: 1
CompletedDBGraphID: 14429
GraphStart
GraphDataStart
ID: 33
NumNodes: 62
NumEdges: 130
NodeLabels
5 1 6 2 2 2 3 3 3 4 4 4 4 4 4 4 4 4 4 4 4 4 4 4 4 4 4 4 4 4 4 4 4 4 4 5 5 5 5 5 5 5 5 5 5 5 5 5 5 5 5 5 5 5 5 5 5 5 5 5 5 5 
Edges
0 26 0
1 33 0
2 4 0
2 5 0
2 8 0
2 28 0
3 14 0
4 2 0
5 2 0
6 9 0
6 10 0
6 18 0
7 11 0
7 12 0
7 14 0
8 2 0
8 15 0
8 17 0
9 6 0
9 11 0
9 37 0
9 38 0
10 6 0
10 12 0
10 35 0
10 36 0
11 7 0
11 9 0
11 39 0
11 40 0
12 7 0
12 10 0
12 41 0
12 42 0
13 16 0
13 43 0
13 44 0
13 56 0
14 3 0
14 7 0
14 15 0
15 8 0
15 14 0
15 45 0
15 46 0
16 13 0
16 20 0
16 21 0
17 8 0
17 19 0
17 47 0
17 48 0
18 24 0
18 25 0
18 6 0
19 17 0
19 26 0
19 27 0
20 16 0
20 22 0
20 49 0
21 16 0
21 23 0
21 50 0
22 20 0
22 28 0
22 51 0
23 21 0
23 28 0
23 52 0
24 18 0
24 29 0
24 53 0
25 18 0
25 30 0
25 54 0
26 0 0
26 19 0
26 31 0
27 19 0
27 32 0
27 55 0
28 22 0
28 23 0
28 2 0
29 24 0
29 33 0
29 57 0
30 25 0
30 33 0
30 58 0
31 26 0
31 34 0
31 59 0
32 27 0
32 34 0
32 60 0
33 1 0
33 29 0
33 30 0
34 31 0
34 32 0
34 61 0
35 10 0
36 10 0
37 9 0
38 9 0
39 11 0
40 11 0
41 12 0
42 12 0
43 13 0
44 13 0
45 15 0
46 15 0
47 17 0
48 17 0
49 20 0
50 21 0
51 22 0
52 23 0
53 24 0
54 25 0
55 27 0
56 13 0
57 29 0
58 30 0
59 31 0
60 32 0
61 34 0
GraphDataEnd
GraphEnd
NodeEnd
NodeStart
EPTNodeID: 11
AnchorID: 5657
TreeNodeGraphID: 34
Level: 2
SimplifiedLevel: 0
EditOperation: 0 1 0 7 5
AccumulatedOpsCount: 1
AccumulatedOp: 0 1 0 7 5
ChildrenCount: 2
ChildIndices: 12 13
CompletedDBGraphIDsCount: 0
GraphStart
GraphDataStart
ID: 34
NumNodes: 62
NumEdges: 128
NodeLabels
7 5 6 2 2 2 3 3 3 4 4 4 4 4 4 4 4 4 4 4 4 4 4 4 4 4 4 4 4 4 4 4 4 4 4 5 5 5 5 5 5 5 5 5 5 5 5 5 5 5 5 5 5 5 5 5 5 5 5 5 5 5 
Edges
0 26 0
1 33 0
2 4 0
2 5 0
2 8 0
2 18 0
3 14 0
4 2 0
5 2 0
6 9 0
6 10 0
7 11 0
7 12 0
7 14 0
8 2 0
8 15 0
8 17 0
9 6 0
9 11 0
9 37 0
9 38 0
10 6 0
10 12 0
10 35 0
10 36 0
11 7 0
11 9 0
11 39 0
11 40 0
12 7 0
12 10 0
12 41 0
12 42 0
13 16 0
13 43 0
13 44 0
14 3 0
14 7 0
14 15 0
15 8 0
15 14 0
15 45 0
15 46 0
16 13 0
16 20 0
16 21 0
17 8 0
17 19 0
17 47 0
17 48 0
18 2 0
18 24 0
18 25 0
19 17 0
19 26 0
19 27 0
20 16 0
20 22 0
20 49 0
21 16 0
21 23 0
21 50 0
22 20 0
22 28 0
22 51 0
23 21 0
23 28 0
23 52 0
24 18 0
24 29 0
24 53 0
25 18 0
25 30 0
25 54 0
26 0 0
26 19 0
26 31 0
27 19 0
27 32 0
27 55 0
28 22 0
28 23 0
28 56 0
29 24 0
29 33 0
29 57 0
30 25 0
30 33 0
30 58 0
31 26 0
31 34 0
31 59 0
32 27 0
32 34 0
32 60 0
33 1 0
33 29 0
33 30 0
34 31 0
34 32 0
34 61 0
35 10 0
36 10 0
37 9 0
38 9 0
39 11 0
40 11 0
41 12 0
42 12 0
43 13 0
44 13 0
45 15 0
46 15 0
47 17 0
48 17 0
49 20 0
50 21 0
51 22 0
52 23 0
53 24 0
54 25 0
55 27 0
56 28 0
57 29 0
58 30 0
59 31 0
60 32 0
61 34 0
GraphDataEnd
GraphEnd
NodeEnd
NodeStart
EPTNodeID: 12
AnchorID: 5657
TreeNodeGraphID: 39
Level: 7
SimplifiedLevel: 0
EditOperation: 4 20 49 0 0
AccumulatedOpsCount: 5
AccumulatedOp: 0 56 0 5 7
AccumulatedOp: 5 6 20 0 0
AccumulatedOp: 0 61 0 5 7
AccumulatedOp: 5 13 49 0 0
AccumulatedOp: 4 20 49 0 0
ChildrenCount: 0
ChildIndices:
CompletedDBGraphIDsCount: 1
CompletedDBGraphID: 18958
GraphStart
GraphDataStart
ID: 39
NumNodes: 62
NumEdges: 130
NodeLabels
7 5 6 2 2 2 3 3 3 4 4 4 4 4 4 4 4 4 4 4 4 4 4 4 4 4 4 4 4 4 4 4 4 4 4 5 5 5 5 5 5 5 5 5 5 5 5 5 5 5 5 5 5 5 5 5 7 5 5 5 5 7 
Edges
0 26 0
1 33 0
2 4 0
2 5 0
2 8 0
2 18 0
3 14 0
4 2 0
5 2 0
6 9 0
6 10 0
6 20 0
7 11 0
7 12 0
7 14 0
8 2 0
8 15 0
8 17 0
9 6 0
9 11 0
9 37 0
9 38 0
10 6 0
10 12 0
10 35 0
10 36 0
11 7 0
11 9 0
11 39 0
11 40 0
12 7 0
12 10 0
12 41 0
12 42 0
13 16 0
13 43 0
13 44 0
13 49 0
14 3 0
14 7 0
14 15 0
15 8 0
15 14 0
15 45 0
15 46 0
16 13 0
16 20 0
16 21 0
17 8 0
17 19 0
17 47 0
17 48 0
18 2 0
18 24 0
18 25 0
19 17 0
19 26 0
19 27 0
20 16 0
20 22 0
20 6 0
21 16 0
21 23 0
21 50 0
22 20 0
22 28 0
22 51 0
23 21 0
23 28 0
23 52 0
24 18 0
24 29 0
24 53 0
25 18 0
25 30 0
25 54 0
26 0 0
26 19 0
26 31 0
27 19 0
27 32 0
27 55 0
28 22 0
28 23 0
28 56 0
29 24 0
29 33 0
29 57 0
30 25 0
30 33 0
30 58 0
31 26 0
31 34 0
31 59 0
32 27 0
32 34 0
32 60 0
33 1 0
33 29 0
33 30 0
34 31 0
34 32 0
34 61 0
35 10 0
36 10 0
37 9 0
38 9 0
39 11 0
40 11 0
41 12 0
42 12 0
43 13 0
44 13 0
45 15 0
46 15 0
47 17 0
48 17 0
49 13 0
50 21 0
51 22 0
52 23 0
53 24 0
54 25 0
55 27 0
56 28 0
57 29 0
58 30 0
59 31 0
60 32 0
61 34 0
GraphDataEnd
GraphEnd
NodeEnd
NodeStart
EPTNodeID: 13
AnchorID: 5657
TreeNodeGraphID: 46
Level: 9
SimplifiedLevel: 0
EditOperation: 5 6 18 0 0
AccumulatedOpsCount: 7
AccumulatedOp: 0 0 0 7 1
AccumulatedOp: 5 2 28 0 0
AccumulatedOp: 0 57 0 5 7
AccumulatedOp: 4 2 18 0 0
AccumulatedOp: 5 13 56 0 0
AccumulatedOp: 4 28 56 0 0
AccumulatedOp: 5 6 18 0 0
ChildrenCount: 0
ChildIndices:
CompletedDBGraphIDsCount: 1
CompletedDBGraphID: 4409
GraphStart
GraphDataStart
ID: 46
NumNodes: 62
NumEdges: 130
NodeLabels
1 5 6 2 2 2 3 3 3 4 4 4 4 4 4 4 4 4 4 4 4 4 4 4 4 4 4 4 4 4 4 4 4 4 4 5 5 5 5 5 5 5 5 5 5 5 5 5 5 5 5 5 5 5 5 5 5 7 5 5 5 5 
Edges
0 26 0
1 33 0
2 4 0
2 5 0
2 8 0
2 28 0
3 14 0
4 2 0
5 2 0
6 9 0
6 10 0
6 18 0
7 11 0
7 12 0
7 14 0
8 2 0
8 15 0
8 17 0
9 6 0
9 11 0
9 37 0
9 38 0
10 6 0
10 12 0
10 35 0
10 36 0
11 7 0
11 9 0
11 39 0
11 40 0
12 7 0
12 10 0
12 41 0
12 42 0
13 16 0
13 43 0
13 44 0
13 56 0
14 3 0
14 7 0
14 15 0
15 8 0
15 14 0
15 45 0
15 46 0
16 13 0
16 20 0
16 21 0
17 8 0
17 19 0
17 47 0
17 48 0
18 24 0
18 25 0
18 6 0
19 17 0
19 26 0
19 27 0
20 16 0
20 22 0
20 49 0
21 16 0
21 23 0
21 50 0
22 20 0
22 28 0
22 51 0
23 21 0
23 28 0
23 52 0
24 18 0
24 29 0
24 53 0
25 18 0
25 30 0
25 54 0
26 0 0
26 19 0
26 31 0
27 19 0
27 32 0
27 55 0
28 22 0
28 23 0
28 2 0
29 24 0
29 33 0
29 57 0
30 25 0
30 33 0
30 58 0
31 26 0
31 34 0
31 59 0
32 27 0
32 34 0
32 60 0
33 1 0
33 29 0
33 30 0
34 31 0
34 32 0
34 61 0
35 10 0
36 10 0
37 9 0
38 9 0
39 11 0
40 11 0
41 12 0
42 12 0
43 13 0
44 13 0
45 15 0
46 15 0
47 17 0
48 17 0
49 20 0
50 21 0
51 22 0
52 23 0
53 24 0
54 25 0
55 27 0
56 13 0
57 29 0
58 30 0
59 31 0
60 32 0
61 34 0
GraphDataEnd
GraphEnd
NodeEnd
NodeStart
EPTNodeID: 14
AnchorID: 5657
TreeNodeGraphID: 54
Level: 9
SimplifiedLevel: 0
EditOperation: 5 6 28 0 0
AccumulatedOpsCount: 8
AccumulatedOp: 4 28 56 0 0
AccumulatedOp: 0 13 0 4 1
AccumulatedOp: 4 13 44 0 0
AccumulatedOp: 1 44 0 5 0
AccumulatedOp: 4 13 43 0 0
AccumulatedOp: 1 43 0 5 0
AccumulatedOp: 1 56 0 5 0
AccumulatedOp: 5 6 28 0 0
ChildrenCount: 0
ChildIndices:
CompletedDBGraphIDsCount: 1
CompletedDBGraphID: 878
GraphStart
GraphDataStart
ID: 54
NumNodes: 59
NumEdges: 124
NodeLabels
7 7 6 2 2 2 3 3 3 4 4 4 4 1 4 4 4 4 4 4 4 4 4 4 4 4 4 4 4 4 4 4 4 4 4 5 5 5 5 5 5 5 5 5 5 5 5 5 5 5 5 5 5 5 5 5 5 5 5 
Edges
0 26 0
1 33 0
2 4 0
2 5 0
2 8 0
2 18 0
3 14 0
4 2 0
5 2 0
6 9 0
6 10 0
6 28 0
7 11 0
7 12 0
7 14 0
8 2 0
8 15 0
8 17 0
9 6 0
9 11 0
9 37 0
9 38 0
10 6 0
10 12 0
10 35 0
10 36 0
11 7 0
11 9 0
11 39 0
11 40 0
12 7 0
12 10 0
12 41 0
12 42 0
13 16 0
14 3 0
14 7 0
14 15 0
15 8 0
15 14 0
15 43 0
15 44 0
16 13 0
16 20 0
16 21 0
17 8 0
17 19 0
17 45 0
17 46 0
18 2 0
18 24 0
18 25 0
19 17 0
19 26 0
19 27 0
20 16 0
20 22 0
20 47 0
21 16 0
21 23 0
21 48 0
22 20 0
22 28 0
22 49 0
23 21 0
23 28 0
23 50 0
24 18 0
24 29 0
24 51 0
25 18 0
25 30 0
25 52 0
26 0 0
26 19 0
26 31 0
27 19 0
27 32 0
27 53 0
28 22 0
28 23 0
28 6 0
29 24 0
29 33 0
29 54 0
30 25 0
30 33 0
30 55 0
31 26 0
31 34 0
31 56 0
32 27 0
32 34 0
32 57 0
33 1 0
33 29 0
33 30 0
34 31 0
34 32 0
34 58 0
35 10 0
36 10 0
37 9 0
38 9 0
39 11 0
40 11 0
41 12 0
42 12 0
43 15 0
44 15 0
45 17 0
46 17 0
47 20 0
48 21 0
49 22 0
50 23 0
51 24 0
52 25 0
53 27 0
54 29 0
55 30 0
56 31 0
57 32 0
58 34 0
GraphDataEnd
GraphEnd
NodeEnd
NodeStart
EPTNodeID: 15
AnchorID: 5657
TreeNodeGraphID: 59
Level: 6
SimplifiedLevel: 0
EditOperation: 5 13 49 0 0
AccumulatedOpsCount: 5
AccumulatedOp: 0 0 0 7 1
AccumulatedOp: 0 56 0 5 7
AccumulatedOp: 5 6 20 0 0
AccumulatedOp: 4 20 49 0 0
AccumulatedOp: 5 13 49 0 0
ChildrenCount: 0
ChildIndices:
CompletedDBGraphIDsCount: 1
CompletedDBGraphID: 2876
GraphStart
GraphDataStart
ID: 59
NumNodes: 62
NumEdges: 130
NodeLabels
1 7 6 2 2 2 3 3 3 4 4 4 4 4 4 4 4 4 4 4 4 4 4 4 4 4 4 4 4 4 4 4 4 4 4 5 5 5 5 5 5 5 5 5 5 5 5 5 5 5 5 5 5 5 5 5 7 5 5 5 5 5 
Edges
0 26 0
1 33 0
2 4 0
2 5 0
2 8 0
2 18 0
3 14 0
4 2 0
5 2 0
6 9 0
6 10 0
6 20 0
7 11 0
7 12 0
7 14 0
8 2 0
8 15 0
8 17 0
9 6 0
9 11 0
9 37 0
9 38 0
10 6 0
10 12 0
10 35 0
10 36 0
11 7 0
11 9 0
11 39 0
11 40 0
12 7 0
12 10 0
12 41 0
12 42 0
13 16 0
13 43 0
13 44 0
13 49 0
14 3 0
14 7 0
14 15 0
15 8 0
15 14 0
15 45 0
15 46 0
16 13 0
16 20 0
16 21 0
17 8 0
17 19 0
17 47 0
17 48 0
18 2 0
18 24 0
18 25 0
19 17 0
19 26 0
19 27 0
20 16 0
20 22 0
20 6 0
21 16 0
21 23 0
21 50 0
22 20 0
22 28 0
22 51 0
23 21 0
23 28 0
23 52 0
24 18 0
24 29 0
24 53 0
25 18 0
25 30 0
25 54 0
26 0 0
26 19 0
26 31 0
27 19 0
27 32 0
27 55 0
28 22 0
28 23 0
28 56 0
29 24 0
29 33 0
29 57 0
30 25 0
30 33 0
30 58 0
31 26 0
31 34 0
31 59 0
32 27 0
32 34 0
32 60 0
33 1 0
33 29 0
33 30 0
34 31 0
34 32 0
34 61 0
35 10 0
36 10 0
37 9 0
38 9 0
39 11 0
40 11 0
41 12 0
42 12 0
43 13 0
44 13 0
45 15 0
46 15 0
47 17 0
48 17 0
49 13 0
50 21 0
51 22 0
52 23 0
53 24 0
54 25 0
55 27 0
56 28 0
57 29 0
58 30 0
59 31 0
60 32 0
61 34 0
GraphDataEnd
GraphEnd
NodeEnd
NodeStart
EPTNodeID: 16
AnchorID: 5657
TreeNodeGraphID: 67
Level: 8
SimplifiedLevel: 0
EditOperation: 5 17 33 0 0
AccumulatedOpsCount: 8
AccumulatedOp: 0 1 0 7 5
AccumulatedOp: 0 0 0 7 1
AccumulatedOp: 4 17 19 0 0
AccumulatedOp: 5 8 19 0 0
AccumulatedOp: 4 1 33 0 0
AccumulatedOp: 5 1 17 0 0
AccumulatedOp: 4 8 17 0 0
AccumulatedOp: 5 17 33 0 0
ChildrenCount: 0
ChildIndices:
CompletedDBGraphIDsCount: 1
CompletedDBGraphID: 22148
GraphStart
GraphDataStart
ID: 67
NumNodes: 62
NumEdges: 130
NodeLabels
1 5 6 2 2 2 3 3 3 4 4 4 4 4 4 4 4 4 4 4 4 4 4 4 4 4 4 4 4 4 4 4 4 4 4 5 5 5 5 5 5 5 5 5 5 5 5 5 5 5 5 5 5 5 5 5 5 5 5 5 5 5 
Edges
0 26 0
1 17 0
2 4 0
2 5 0
2 8 0
2 18 0
3 14 0
4 2 0
5 2 0
6 9 0
6 10 0
6 13 0
7 11 0
7 12 0
7 14 0
8 2 0
8 15 0
8 19 0
9 6 0
9 11 0
9 37 0
9 38 0
10 6 0
10 12 0
10 35 0
10 36 0
11 7 0
11 9 0
11 39 0
11 40 0
12 7 0
12 10 0
12 41 0
12 42 0
13 6 0
13 16 0
13 43 0
13 44 0
14 3 0
14 7 0
14 15 0
15 8 0
15 14 0
15 45 0
15 46 0
16 13 0
16 20 0
16 21 0
17 47 0
17 48 0
17 1 0
17 33 0
18 2 0
18 24 0
18 25 0
19 26 0
19 27 0
19 8 0
20 16 0
20 22 0
20 49 0
21 16 0
21 23 0
21 50 0
22 20 0
22 28 0
22 51 0
23 21 0
23 28 0
23 52 0
24 18 0
24 29 0
24 53 0
25 18 0
25 30 0
25 54 0
26 0 0
26 19 0
26 31 0
27 19 0
27 32 0
27 55 0
28 22 0
28 23 0
28 56 0
29 24 0
29 33 0
29 57 0
30 25 0
30 33 0
30 58 0
31 26 0
31 34 0
31 59 0
32 27 0
32 34 0
32 60 0
33 29 0
33 30 0
33 17 0
34 31 0
34 32 0
34 61 0
35 10 0
36 10 0
37 9 0
38 9 0
39 11 0
40 11 0
41 12 0
42 12 0
43 13 0
44 13 0
45 15 0
46 15 0
47 17 0
48 17 0
49 20 0
50 21 0
51 22 0
52 23 0
53 24 0
54 25 0
55 27 0
56 28 0
57 29 0
58 30 0
59 31 0
60 32 0
61 34 0
GraphDataEnd
GraphEnd
NodeEnd
NodeStart
EPTNodeID: 17
AnchorID: 5657
TreeNodeGraphID: 74
Level: 7
SimplifiedLevel: 0
EditOperation: 5 1 63 0 0
AccumulatedOpsCount: 7
AccumulatedOp: 0 1 0 7 4
AccumulatedOp: 2 62 0 0 5
AccumulatedOp: 2 63 0 0 5
AccumulatedOp: 5 1 62 0 0
AccumulatedOp: 2 64 0 0 5
AccumulatedOp: 5 1 64 0 0
AccumulatedOp: 5 1 63 0 0
ChildrenCount: 0
ChildIndices:
CompletedDBGraphIDsCount: 1
CompletedDBGraphID: 2756
GraphStart
GraphDataStart
ID: 74
NumNodes: 65
NumEdges: 136
NodeLabels
7 4 6 2 2 2 3 3 3 4 4 4 4 4 4 4 4 4 4 4 4 4 4 4 4 4 4 4 4 4 4 4 4 4 4 5 5 5 5 5 5 5 5 5 5 5 5 5 5 5 5 5 5 5 5 5 5 5 5 5 5 5 5 5 5 
Edges
0 26 0
1 33 0
1 62 0
1 64 0
1 63 0
2 4 0
2 5 0
2 8 0
2 18 0
3 14 0
4 2 0
5 2 0
6 9 0
6 10 0
6 13 0
7 11 0
7 12 0
7 14 0
8 2 0
8 15 0
8 17 0
9 6 0
9 11 0
9 37 0
9 38 0
10 6 0
10 12 0
10 35 0
10 36 0
11 7 0
11 9 0
11 39 0
11 40 0
12 7 0
12 10 0
12 41 0
12 42 0
13 6 0
13 16 0
13 43 0
13 44 0
14 3 0
14 7 0
14 15 0
15 8 0
15 14 0
15 45 0
15 46 0
16 13 0
16 20 0
16 21 0
17 8 0
17 19 0
17 47 0
17 48 0
18 2 0
18 24 0
18 25 0
19 17 0
19 26 0
19 27 0
20 16 0
20 22 0
20 49 0
21 16 0
21 23 0
21 50 0
22 20 0
22 28 0
22 51 0
23 21 0
23 28 0
23 52 0
24 18 0
24 29 0
24 53 0
25 18 0
25 30 0
25 54 0
26 0 0
26 19 0
26 31 0
27 19 0
27 32 0
27 55 0
28 22 0
28 23 0
28 56 0
29 24 0
29 33 0
29 57 0
30 25 0
30 33 0
30 58 0
31 26 0
31 34 0
31 59 0
32 27 0
32 34 0
32 60 0
33 1 0
33 29 0
33 30 0
34 31 0
34 32 0
34 61 0
35 10 0
36 10 0
37 9 0
38 9 0
39 11 0
40 11 0
41 12 0
42 12 0
43 13 0
44 13 0
45 15 0
46 15 0
47 17 0
48 17 0
49 20 0
50 21 0
51 22 0
52 23 0
53 24 0
54 25 0
55 27 0
56 28 0
57 29 0
58 30 0
59 31 0
60 32 0
61 34 0
62 1 0
63 1 0
64 1 0
GraphDataEnd
GraphEnd
NodeEnd
END_EPT
