BEGIN_EPT
AnchorID: 12913  # ID of the anchor node
RootIndex: 0  # Index of the root node in tree_nodes
NodeCount: 14  # Total number of nodes in the EPT
NodeStart
EPTNodeID: 0
AnchorID: 12913
TreeNodeGraphID: 0
Level: 0
SimplifiedLevel: 0
EditOperation: -1 0 -1 0 0
AccumulatedOpsCount: 0
ChildrenCount: 3
ChildIndices: 1 12 13
CompletedDBGraphIDsCount: 1
CompletedDBGraphID: 11432
GraphStart
GraphDataStart
ID: 0
NumNodes: 61
NumEdges: 128
NodeLabels
2 2 2 2 2 2 2 3 3 4 4 4 4 4 4 4 4 4 4 4 4 4 4 4 4 4 4 4 4 4 4 4 4 4 4 5 5 5 5 5 5 5 5 5 5 5 5 5 5 5 5 5 5 5 5 5 5 5 5 5 5 
Edges
0 16 0
1 21 0
1 26 0
2 21 0
3 23 0
3 28 0
4 25 0
4 27 0
5 8 0
6 8 0
7 11 0
7 17 0
7 42 0
8 5 0
8 6 0
8 34 0
9 10 0
9 15 0
9 18 0
9 35 0
10 9 0
10 11 0
10 16 0
11 7 0
11 10 0
11 12 0
12 11 0
12 13 0
12 36 0
12 37 0
13 12 0
13 14 0
13 38 0
13 39 0
14 13 0
14 16 0
14 40 0
14 41 0
15 9 0
15 17 0
15 21 0
16 0 0
16 10 0
16 14 0
17 7 0
17 15 0
17 19 0
18 9 0
18 20 0
18 22 0
19 17 0
19 43 0
19 44 0
19 45 0
20 18 0
20 23 0
20 46 0
21 1 0
21 2 0
21 15 0
22 18 0
22 24 0
22 47 0
23 3 0
23 20 0
23 25 0
24 22 0
24 25 0
24 48 0
25 4 0
25 23 0
25 24 0
26 1 0
26 49 0
26 50 0
26 51 0
27 4 0
27 29 0
27 52 0
27 53 0
28 3 0
28 54 0
28 55 0
28 56 0
29 27 0
29 30 0
29 31 0
30 29 0
30 32 0
30 57 0
31 29 0
31 33 0
31 58 0
32 30 0
32 34 0
32 59 0
33 31 0
33 34 0
33 60 0
34 8 0
34 32 0
34 33 0
35 9 0
36 12 0
37 12 0
38 13 0
39 13 0
40 14 0
41 14 0
42 7 0
43 19 0
44 19 0
45 19 0
46 20 0
47 22 0
48 24 0
49 26 0
50 26 0
51 26 0
52 27 0
53 27 0
54 28 0
55 28 0
56 28 0
57 30 0
58 31 0
59 32 0
60 33 0
GraphDataEnd
GraphEnd
NodeEnd
NodeStart
EPTNodeID: 1
AnchorID: 12913
TreeNodeGraphID: 3
Level: 3
SimplifiedLevel: 0
EditOperation: 1 6 0 2 0
AccumulatedOpsCount: 3
AccumulatedOp: 4 5 8 0 0
AccumulatedOp: 4 6 8 0 0
AccumulatedOp: 1 6 0 2 0
ChildrenCount: 2
ChildIndices: 2 11
CompletedDBGraphIDsCount: 0
GraphStart
GraphDataStart
ID: 3
NumNodes: 60
NumEdges: 124
NodeLabels
2 2 2 2 2 2 3 3 4 4 4 4 4 4 4 4 4 4 4 4 4 4 4 4 4 4 4 4 4 4 4 4 4 4 5 5 5 5 5 5 5 5 5 5 5 5 5 5 5 5 5 5 5 5 5 5 5 5 5 5 
Edges
0 15 0
1 20 0
1 25 0
2 20 0
3 22 0
3 27 0
4 24 0
4 26 0
6 10 0
6 16 0
6 41 0
7 33 0
8 9 0
8 14 0
8 17 0
8 34 0
9 8 0
9 10 0
9 15 0
10 6 0
10 9 0
10 11 0
11 10 0
11 12 0
11 35 0
11 36 0
12 11 0
12 13 0
12 37 0
12 38 0
13 12 0
13 15 0
13 39 0
13 40 0
14 8 0
14 16 0
14 20 0
15 0 0
15 9 0
15 13 0
16 6 0
16 14 0
16 18 0
17 8 0
17 19 0
17 21 0
18 16 0
18 42 0
18 43 0
18 44 0
19 17 0
19 22 0
19 45 0
20 1 0
20 2 0
20 14 0
21 17 0
21 23 0
21 46 0
22 3 0
22 19 0
22 24 0
23 21 0
23 24 0
23 47 0
24 4 0
24 22 0
24 23 0
25 1 0
25 48 0
25 49 0
25 50 0
26 4 0
26 28 0
26 51 0
26 52 0
27 3 0
27 53 0
27 54 0
27 55 0
28 26 0
28 29 0
28 30 0
29 28 0
29 31 0
29 56 0
30 28 0
30 32 0
30 57 0
31 29 0
31 33 0
31 58 0
32 30 0
32 33 0
32 59 0
33 7 0
33 31 0
33 32 0
34 8 0
35 11 0
36 11 0
37 12 0
38 12 0
39 13 0
40 13 0
41 6 0
42 18 0
43 18 0
44 18 0
45 19 0
46 21 0
47 23 0
48 25 0
49 25 0
50 25 0
51 26 0
52 26 0
53 27 0
54 27 0
55 27 0
56 29 0
57 30 0
58 31 0
59 32 0
GraphDataEnd
GraphEnd
NodeEnd
NodeStart
EPTNodeID: 2
AnchorID: 12913
TreeNodeGraphID: 4
Level: 4
SimplifiedLevel: 0
EditOperation: 1 5 0 2 0
AccumulatedOpsCount: 1
AccumulatedOp: 1 5 0 2 0
ChildrenCount: 2
ChildIndices: 3 10
CompletedDBGraphIDsCount: 0
GraphStart
GraphDataStart
ID: 4
NumNodes: 59
NumEdges: 124
NodeLabels
2 2 2 2 2 3 3 4 4 4 4 4 4 4 4 4 4 4 4 4 4 4 4 4 4 4 4 4 4 4 4 4 4 5 5 5 5 5 5 5 5 5 5 5 5 5 5 5 5 5 5 5 5 5 5 5 5 5 5 
Edges
0 14 0
1 19 0
1 24 0
2 19 0
3 21 0
3 26 0
4 23 0
4 25 0
5 9 0
5 15 0
5 40 0
6 32 0
7 8 0
7 13 0
7 16 0
7 33 0
8 7 0
8 9 0
8 14 0
9 5 0
9 8 0
9 10 0
10 9 0
10 11 0
10 34 0
10 35 0
11 10 0
11 12 0
11 36 0
11 37 0
12 11 0
12 14 0
12 38 0
12 39 0
13 7 0
13 15 0
13 19 0
14 0 0
14 8 0
14 12 0
15 5 0
15 13 0
15 17 0
16 7 0
16 18 0
16 20 0
17 15 0
17 41 0
17 42 0
17 43 0
18 16 0
18 21 0
18 44 0
19 1 0
19 2 0
19 13 0
20 16 0
20 22 0
20 45 0
21 3 0
21 18 0
21 23 0
22 20 0
22 23 0
22 46 0
23 4 0
23 21 0
23 22 0
24 1 0
24 47 0
24 48 0
24 49 0
25 4 0
25 27 0
25 50 0
25 51 0
26 3 0
26 52 0
26 53 0
26 54 0
27 25 0
27 28 0
27 29 0
28 27 0
28 30 0
28 55 0
29 27 0
29 31 0
29 56 0
30 28 0
30 32 0
30 57 0
31 29 0
31 32 0
31 58 0
32 6 0
32 30 0
32 31 0
33 7 0
34 10 0
35 10 0
36 11 0
37 11 0
38 12 0
39 12 0
40 5 0
41 17 0
42 17 0
43 17 0
44 18 0
45 20 0
46 22 0
47 24 0
48 24 0
49 24 0
50 25 0
51 25 0
52 26 0
53 26 0
54 26 0
55 28 0
56 29 0
57 30 0
58 31 0
GraphDataEnd
GraphEnd
NodeEnd
NodeStart
EPTNodeID: 3
AnchorID: 12913
TreeNodeGraphID: 5
Level: 5
SimplifiedLevel: 0
EditOperation: 4 27 29 0 0
AccumulatedOpsCount: 1
AccumulatedOp: 4 27 29 0 0
ChildrenCount: 2
ChildIndices: 4 9
CompletedDBGraphIDsCount: 0
GraphStart
GraphDataStart
ID: 5
NumNodes: 59
NumEdges: 122
NodeLabels
2 2 2 2 2 3 3 4 4 4 4 4 4 4 4 4 4 4 4 4 4 4 4 4 4 4 4 4 4 4 4 4 4 5 5 5 5 5 5 5 5 5 5 5 5 5 5 5 5 5 5 5 5 5 5 5 5 5 5 
Edges
0 14 0
1 19 0
1 24 0
2 19 0
3 21 0
3 26 0
4 23 0
4 25 0
5 9 0
5 15 0
5 40 0
6 32 0
7 8 0
7 13 0
7 16 0
7 33 0
8 7 0
8 9 0
8 14 0
9 5 0
9 8 0
9 10 0
10 9 0
10 11 0
10 34 0
10 35 0
11 10 0
11 12 0
11 36 0
11 37 0
12 11 0
12 14 0
12 38 0
12 39 0
13 7 0
13 15 0
13 19 0
14 0 0
14 8 0
14 12 0
15 5 0
15 13 0
15 17 0
16 7 0
16 18 0
16 20 0
17 15 0
17 41 0
17 42 0
17 43 0
18 16 0
18 21 0
18 44 0
19 1 0
19 2 0
19 13 0
20 16 0
20 22 0
20 45 0
21 3 0
21 18 0
21 23 0
22 20 0
22 23 0
22 46 0
23 4 0
23 21 0
23 22 0
24 1 0
24 47 0
24 48 0
24 49 0
25 4 0
25 50 0
25 51 0
26 3 0
26 52 0
26 53 0
26 54 0
27 28 0
27 29 0
28 27 0
28 30 0
28 55 0
29 27 0
29 31 0
29 56 0
30 28 0
30 32 0
30 57 0
31 29 0
31 32 0
31 58 0
32 6 0
32 30 0
32 31 0
33 7 0
34 10 0
35 10 0
36 11 0
37 11 0
38 12 0
39 12 0
40 5 0
41 17 0
42 17 0
43 17 0
44 18 0
45 20 0
46 22 0
47 24 0
48 24 0
49 24 0
50 25 0
51 25 0
52 26 0
53 26 0
54 26 0
55 28 0
56 29 0
57 30 0
58 31 0
GraphDataEnd
GraphEnd
NodeEnd
NodeStart
EPTNodeID: 4
AnchorID: 12913
TreeNodeGraphID: 7
Level: 7
SimplifiedLevel: 0
EditOperation: 5 4 29 0 0
AccumulatedOpsCount: 2
AccumulatedOp: 4 4 25 0 0
AccumulatedOp: 5 4 29 0 0
ChildrenCount: 2
ChildIndices: 5 8
CompletedDBGraphIDsCount: 0
GraphStart
GraphDataStart
ID: 7
NumNodes: 59
NumEdges: 122
NodeLabels
2 2 2 2 2 3 3 4 4 4 4 4 4 4 4 4 4 4 4 4 4 4 4 4 4 4 4 4 4 4 4 4 4 5 5 5 5 5 5 5 5 5 5 5 5 5 5 5 5 5 5 5 5 5 5 5 5 5 5 
Edges
0 14 0
1 19 0
1 24 0
2 19 0
3 21 0
3 26 0
4 25 0
4 27 0
5 9 0
5 15 0
5 40 0
6 32 0
7 8 0
7 13 0
7 16 0
7 33 0
8 7 0
8 9 0
8 14 0
9 5 0
9 8 0
9 10 0
10 9 0
10 11 0
10 34 0
10 35 0
11 10 0
11 12 0
11 36 0
11 37 0
12 11 0
12 14 0
12 38 0
12 39 0
13 7 0
13 15 0
13 19 0
14 0 0
14 8 0
14 12 0
15 5 0
15 13 0
15 17 0
16 7 0
16 18 0
16 20 0
17 15 0
17 41 0
17 42 0
17 43 0
18 16 0
18 21 0
18 44 0
19 1 0
19 2 0
19 13 0
20 16 0
20 22 0
20 45 0
21 3 0
21 18 0
21 23 0
22 20 0
22 23 0
22 46 0
23 21 0
23 22 0
24 1 0
24 47 0
24 48 0
24 49 0
25 4 0
25 50 0
25 51 0
26 3 0
26 52 0
26 53 0
26 54 0
27 28 0
27 29 0
27 4 0
28 27 0
28 30 0
28 55 0
29 27 0
29 31 0
29 56 0
30 28 0
30 32 0
30 57 0
31 29 0
31 32 0
31 58 0
32 6 0
32 30 0
32 31 0
33 7 0
34 10 0
35 10 0
36 11 0
37 11 0
38 12 0
39 12 0
40 5 0
41 17 0
42 17 0
43 17 0
44 18 0
45 20 0
46 22 0
47 24 0
48 24 0
49 24 0
50 25 0
51 25 0
52 26 0
53 26 0
54 26 0
55 28 0
56 29 0
57 30 0
58 31 0
GraphDataEnd
GraphEnd
NodeEnd
NodeStart
EPTNodeID: 5
AnchorID: 12913
TreeNodeGraphID: 10
Level: 10
SimplifiedLevel: 0
EditOperation: 5 23 27 0 0
AccumulatedOpsCount: 3
AccumulatedOp: 5 3 25 0 0
AccumulatedOp: 4 3 23 0 0
AccumulatedOp: 5 23 27 0 0
ChildrenCount: 2
ChildIndices: 6 7
CompletedDBGraphIDsCount: 0
GraphStart
GraphDataStart
ID: 10
NumNodes: 59
NumEdges: 124
NodeLabels
2 2 2 2 2 3 3 4 4 4 4 4 4 4 4 4 4 4 4 4 4 4 4 4 4 4 4 4 4 4 4 4 4 5 5 5 5 5 5 5 5 5 5 5 5 5 5 5 5 5 5 5 5 5 5 5 5 5 5 
Edges
0 14 0
1 19 0
1 24 0
2 19 0
3 26 0
3 23 0
4 25 0
4 27 0
5 9 0
5 15 0
5 40 0
6 32 0
7 8 0
7 13 0
7 16 0
7 33 0
8 7 0
8 9 0
8 14 0
9 5 0
9 8 0
9 10 0
10 9 0
10 11 0
10 34 0
10 35 0
11 10 0
11 12 0
11 36 0
11 37 0
12 11 0
12 14 0
12 38 0
12 39 0
13 7 0
13 15 0
13 19 0
14 0 0
14 8 0
14 12 0
15 5 0
15 13 0
15 17 0
16 7 0
16 18 0
16 20 0
17 15 0
17 41 0
17 42 0
17 43 0
18 16 0
18 21 0
18 44 0
19 1 0
19 2 0
19 13 0
20 16 0
20 22 0
20 45 0
21 18 0
21 23 0
21 25 0
22 20 0
22 23 0
22 46 0
23 21 0
23 22 0
23 3 0
24 1 0
24 47 0
24 48 0
24 49 0
25 4 0
25 50 0
25 51 0
25 21 0
26 3 0
26 52 0
26 53 0
26 54 0
27 28 0
27 29 0
27 4 0
28 27 0
28 30 0
28 55 0
29 27 0
29 31 0
29 56 0
30 28 0
30 32 0
30 57 0
31 29 0
31 32 0
31 58 0
32 6 0
32 30 0
32 31 0
33 7 0
34 10 0
35 10 0
36 11 0
37 11 0
38 12 0
39 12 0
40 5 0
41 17 0
42 17 0
43 17 0
44 18 0
45 20 0
46 22 0
47 24 0
48 24 0
49 24 0
50 25 0
51 25 0
52 26 0
53 26 0
54 26 0
55 28 0
56 29 0
57 30 0
58 31 0
GraphDataEnd
GraphEnd
NodeEnd
NodeStart
EPTNodeID: 6
AnchorID: 12913
TreeNodeGraphID: 11
Level: 11
SimplifiedLevel: 0
EditOperation: 0 8 0 3 7
AccumulatedOpsCount: 1
AccumulatedOp: 0 8 0 3 7
ChildrenCount: 0
ChildIndices:
CompletedDBGraphIDsCount: 2
CompletedDBGraphID: 10291
CompletedDBGraphID: 22447
GraphStart
GraphDataStart
ID: 11
NumNodes: 59
NumEdges: 124
NodeLabels
2 2 2 2 2 3 7 4 4 4 4 4 4 4 4 4 4 4 4 4 4 4 4 4 4 4 4 4 4 4 4 4 4 5 5 5 5 5 5 5 5 5 5 5 5 5 5 5 5 5 5 5 5 5 5 5 5 5 5 
Edges
0 14 0
1 19 0
1 24 0
2 19 0
3 26 0
3 23 0
4 25 0
4 27 0
5 9 0
5 15 0
5 40 0
6 32 0
7 8 0
7 13 0
7 16 0
7 33 0
8 7 0
8 9 0
8 14 0
9 5 0
9 8 0
9 10 0
10 9 0
10 11 0
10 34 0
10 35 0
11 10 0
11 12 0
11 36 0
11 37 0
12 11 0
12 14 0
12 38 0
12 39 0
13 7 0
13 15 0
13 19 0
14 0 0
14 8 0
14 12 0
15 5 0
15 13 0
15 17 0
16 7 0
16 18 0
16 20 0
17 15 0
17 41 0
17 42 0
17 43 0
18 16 0
18 21 0
18 44 0
19 1 0
19 2 0
19 13 0
20 16 0
20 22 0
20 45 0
21 18 0
21 23 0
21 25 0
22 20 0
22 23 0
22 46 0
23 21 0
23 22 0
23 3 0
24 1 0
24 47 0
24 48 0
24 49 0
25 4 0
25 50 0
25 51 0
25 21 0
26 3 0
26 52 0
26 53 0
26 54 0
27 28 0
27 29 0
27 4 0
28 27 0
28 30 0
28 55 0
29 27 0
29 31 0
29 56 0
30 28 0
30 32 0
30 57 0
31 29 0
31 32 0
31 58 0
32 6 0
32 30 0
32 31 0
33 7 0
34 10 0
35 10 0
36 11 0
37 11 0
38 12 0
39 12 0
40 5 0
41 17 0
42 17 0
43 17 0
44 18 0
45 20 0
46 22 0
47 24 0
48 24 0
49 24 0
50 25 0
51 25 0
52 26 0
53 26 0
54 26 0
55 28 0
56 29 0
57 30 0
58 31 0
GraphDataEnd
GraphEnd
NodeEnd
NodeStart
EPTNodeID: 7
AnchorID: 12913
TreeNodeGraphID: 13
Level: 12
SimplifiedLevel: 0
EditOperation: 0 59 0 5 7
AccumulatedOpsCount: 2
AccumulatedOp: 0 8 0 3 1
AccumulatedOp: 0 59 0 5 7
ChildrenCount: 0
ChildIndices:
CompletedDBGraphIDsCount: 1
CompletedDBGraphID: 7695
GraphStart
GraphDataStart
ID: 13
NumNodes: 59
NumEdges: 124
NodeLabels
2 2 2 2 2 3 1 4 4 4 4 4 4 4 4 4 4 4 4 4 4 4 4 4 4 4 4 4 4 4 4 4 4 5 5 5 5 5 5 5 5 5 5 5 5 5 5 5 5 5 5 5 5 5 5 5 5 7 5 
Edges
0 14 0
1 19 0
1 24 0
2 19 0
3 26 0
3 23 0
4 25 0
4 27 0
5 9 0
5 15 0
5 40 0
6 32 0
7 8 0
7 13 0
7 16 0
7 33 0
8 7 0
8 9 0
8 14 0
9 5 0
9 8 0
9 10 0
10 9 0
10 11 0
10 34 0
10 35 0
11 10 0
11 12 0
11 36 0
11 37 0
12 11 0
12 14 0
12 38 0
12 39 0
13 7 0
13 15 0
13 19 0
14 0 0
14 8 0
14 12 0
15 5 0
15 13 0
15 17 0
16 7 0
16 18 0
16 20 0
17 15 0
17 41 0
17 42 0
17 43 0
18 16 0
18 21 0
18 44 0
19 1 0
19 2 0
19 13 0
20 16 0
20 22 0
20 45 0
21 18 0
21 23 0
21 25 0
22 20 0
22 23 0
22 46 0
23 21 0
23 22 0
23 3 0
24 1 0
24 47 0
24 48 0
24 49 0
25 4 0
25 50 0
25 51 0
25 21 0
26 3 0
26 52 0
26 53 0
26 54 0
27 28 0
27 29 0
27 4 0
28 27 0
28 30 0
28 55 0
29 27 0
29 31 0
29 56 0
30 28 0
30 32 0
30 57 0
31 29 0
31 32 0
31 58 0
32 6 0
32 30 0
32 31 0
33 7 0
34 10 0
35 10 0
36 11 0
37 11 0
38 12 0
39 12 0
40 5 0
41 17 0
42 17 0
43 17 0
44 18 0
45 20 0
46 22 0
47 24 0
48 24 0
49 24 0
50 25 0
51 25 0
52 26 0
53 26 0
54 26 0
55 28 0
56 29 0
57 30 0
58 31 0
GraphDataEnd
GraphEnd
NodeEnd
NodeStart
EPTNodeID: 8
AnchorID: 12913
TreeNodeGraphID: 15
Level: 9
SimplifiedLevel: 0
EditOperation: 5 25 27 0 0
AccumulatedOpsCount: 2
AccumulatedOp: 0 8 0 3 1
AccumulatedOp: 5 25 27 0 0
ChildrenCount: 0
ChildIndices:
CompletedDBGraphIDsCount: 1
CompletedDBGraphID: 3539
GraphStart
GraphDataStart
ID: 15
NumNodes: 59
NumEdges: 124
NodeLabels
2 2 2 2 2 3 1 4 4 4 4 4 4 4 4 4 4 4 4 4 4 4 4 4 4 4 4 4 4 4 4 4 4 5 5 5 5 5 5 5 5 5 5 5 5 5 5 5 5 5 5 5 5 5 5 5 5 5 5 
Edges
0 14 0
1 19 0
1 24 0
2 19 0
3 21 0
3 26 0
4 25 0
4 27 0
5 9 0
5 15 0
5 40 0
6 32 0
7 8 0
7 13 0
7 16 0
7 33 0
8 7 0
8 9 0
8 14 0
9 5 0
9 8 0
9 10 0
10 9 0
10 11 0
10 34 0
10 35 0
11 10 0
11 12 0
11 36 0
11 37 0
12 11 0
12 14 0
12 38 0
12 39 0
13 7 0
13 15 0
13 19 0
14 0 0
14 8 0
14 12 0
15 5 0
15 13 0
15 17 0
16 7 0
16 18 0
16 20 0
17 15 0
17 41 0
17 42 0
17 43 0
18 16 0
18 21 0
18 44 0
19 1 0
19 2 0
19 13 0
20 16 0
20 22 0
20 45 0
21 3 0
21 18 0
21 23 0
22 20 0
22 23 0
22 46 0
23 21 0
23 22 0
23 25 0
24 1 0
24 47 0
24 48 0
24 49 0
25 4 0
25 50 0
25 51 0
25 23 0
26 3 0
26 52 0
26 53 0
26 54 0
27 28 0
27 29 0
27 4 0
28 27 0
28 30 0
28 55 0
29 27 0
29 31 0
29 56 0
30 28 0
30 32 0
30 57 0
31 29 0
31 32 0
31 58 0
32 6 0
32 30 0
32 31 0
33 7 0
34 10 0
35 10 0
36 11 0
37 11 0
38 12 0
39 12 0
40 5 0
41 17 0
42 17 0
43 17 0
44 18 0
45 20 0
46 22 0
47 24 0
48 24 0
49 24 0
50 25 0
51 25 0
52 26 0
53 26 0
54 26 0
55 28 0
56 29 0
57 30 0
58 31 0
GraphDataEnd
GraphEnd
NodeEnd
NodeStart
EPTNodeID: 9
AnchorID: 12913
TreeNodeGraphID: 19
Level: 9
SimplifiedLevel: 0
EditOperation: 4 26 51 0 0
AccumulatedOpsCount: 4
AccumulatedOp: 0 8 0 3 5
AccumulatedOp: 5 26 29 0 0
AccumulatedOp: 5 27 51 0 0
AccumulatedOp: 4 26 51 0 0
ChildrenCount: 0
ChildIndices:
CompletedDBGraphIDsCount: 2
CompletedDBGraphID: 19381
CompletedDBGraphID: 324
GraphStart
GraphDataStart
ID: 19
NumNodes: 59
NumEdges: 124
NodeLabels
2 2 2 2 2 3 5 4 4 4 4 4 4 4 4 4 4 4 4 4 4 4 4 4 4 4 4 4 4 4 4 4 4 5 5 5 5 5 5 5 5 5 5 5 5 5 5 5 5 5 5 5 5 5 5 5 5 5 5 
Edges
0 14 0
1 19 0
1 24 0
2 19 0
3 21 0
3 26 0
4 23 0
4 25 0
5 9 0
5 15 0
5 40 0
6 32 0
7 8 0
7 13 0
7 16 0
7 33 0
8 7 0
8 9 0
8 14 0
9 5 0
9 8 0
9 10 0
10 9 0
10 11 0
10 34 0
10 35 0
11 10 0
11 12 0
11 36 0
11 37 0
12 11 0
12 14 0
12 38 0
12 39 0
13 7 0
13 15 0
13 19 0
14 0 0
14 8 0
14 12 0
15 5 0
15 13 0
15 17 0
16 7 0
16 18 0
16 20 0
17 15 0
17 41 0
17 42 0
17 43 0
18 16 0
18 21 0
18 44 0
19 1 0
19 2 0
19 13 0
20 16 0
20 22 0
20 45 0
21 3 0
21 18 0
21 23 0
22 20 0
22 23 0
22 46 0
23 4 0
23 21 0
23 22 0
24 1 0
24 47 0
24 48 0
24 27 0
25 4 0
25 50 0
25 51 0
25 49 0
26 3 0
26 52 0
26 53 0
26 54 0
27 28 0
27 29 0
27 24 0
28 27 0
28 30 0
28 55 0
29 27 0
29 31 0
29 56 0
30 28 0
30 32 0
30 57 0
31 29 0
31 32 0
31 58 0
32 6 0
32 30 0
32 31 0
33 7 0
34 10 0
35 10 0
36 11 0
37 11 0
38 12 0
39 12 0
40 5 0
41 17 0
42 17 0
43 17 0
44 18 0
45 20 0
46 22 0
47 24 0
48 24 0
49 25 0
50 25 0
51 25 0
52 26 0
53 26 0
54 26 0
55 28 0
56 29 0
57 30 0
58 31 0
GraphDataEnd
GraphEnd
NodeEnd
NodeStart
EPTNodeID: 10
AnchorID: 12913
TreeNodeGraphID: 26
Level: 11
SimplifiedLevel: 0
EditOperation: 5 4 56 0 0
AccumulatedOpsCount: 7
AccumulatedOp: 0 8 0 3 5
AccumulatedOp: 5 26 28 0 0
AccumulatedOp: 4 4 27 0 0
AccumulatedOp: 4 28 56 0 0
AccumulatedOp: 5 1 27 0 0
AccumulatedOp: 4 1 26 0 0
AccumulatedOp: 5 4 56 0 0
ChildrenCount: 0
ChildIndices:
CompletedDBGraphIDsCount: 2
CompletedDBGraphID: 21319
CompletedDBGraphID: 14355
GraphStart
GraphDataStart
ID: 26
NumNodes: 59
NumEdges: 124
NodeLabels
2 2 2 2 2 3 5 4 4 4 4 4 4 4 4 4 4 4 4 4 4 4 4 4 4 4 4 4 4 4 4 4 4 5 5 5 5 5 5 5 5 5 5 5 5 5 5 5 5 5 5 5 5 5 5 5 5 5 5 
Edges
0 14 0
1 19 0
1 25 0
2 19 0
3 21 0
3 26 0
4 23 0
4 54 0
5 9 0
5 15 0
5 40 0
6 32 0
7 8 0
7 13 0
7 16 0
7 33 0
8 7 0
8 9 0
8 14 0
9 5 0
9 8 0
9 10 0
10 9 0
10 11 0
10 34 0
10 35 0
11 10 0
11 12 0
11 36 0
11 37 0
12 11 0
12 14 0
12 38 0
12 39 0
13 7 0
13 15 0
13 19 0
14 0 0
14 8 0
14 12 0
15 5 0
15 13 0
15 17 0
16 7 0
16 18 0
16 20 0
17 15 0
17 41 0
17 42 0
17 43 0
18 16 0
18 21 0
18 44 0
19 1 0
19 2 0
19 13 0
20 16 0
20 22 0
20 45 0
21 3 0
21 18 0
21 23 0
22 20 0
22 23 0
22 46 0
23 4 0
23 21 0
23 22 0
24 47 0
24 48 0
24 49 0
24 26 0
25 27 0
25 50 0
25 51 0
25 1 0
26 3 0
26 52 0
26 53 0
26 24 0
27 25 0
27 28 0
27 29 0
28 27 0
28 30 0
28 55 0
29 27 0
29 31 0
29 56 0
30 28 0
30 32 0
30 57 0
31 29 0
31 32 0
31 58 0
32 6 0
32 30 0
32 31 0
33 7 0
34 10 0
35 10 0
36 11 0
37 11 0
38 12 0
39 12 0
40 5 0
41 17 0
42 17 0
43 17 0
44 18 0
45 20 0
46 22 0
47 24 0
48 24 0
49 24 0
50 25 0
51 25 0
52 26 0
53 26 0
54 4 0
55 28 0
56 29 0
57 30 0
58 31 0
GraphDataEnd
GraphEnd
NodeEnd
NodeStart
EPTNodeID: 11
AnchorID: 12913
TreeNodeGraphID: 35
Level: 12
SimplifiedLevel: 0
EditOperation: 5 7 51 0 0
AccumulatedOpsCount: 9
AccumulatedOp: 0 8 0 3 5
AccumulatedOp: 0 48 0 5 8
AccumulatedOp: 4 7 11 0 0
AccumulatedOp: 4 17 19 0 0
AccumulatedOp: 4 26 51 0 0
AccumulatedOp: 5 19 26 0 0
AccumulatedOp: 5 0 17 0 0
AccumulatedOp: 5 5 11 0 0
AccumulatedOp: 5 7 51 0 0
ChildrenCount: 0
ChildIndices:
CompletedDBGraphIDsCount: 1
CompletedDBGraphID: 9363
GraphStart
GraphDataStart
ID: 35
NumNodes: 60
NumEdges: 126
NodeLabels
2 2 2 2 2 2 3 5 4 4 4 4 4 4 4 4 4 4 4 4 4 4 4 4 4 4 4 4 4 4 4 4 4 4 5 5 5 5 5 5 5 5 5 5 5 5 5 8 5 5 5 5 5 5 5 5 5 5 5 5 
Edges
0 15 0
0 16 0
1 20 0
1 25 0
2 20 0
3 22 0
3 27 0
4 24 0
4 26 0
5 10 0
6 16 0
6 41 0
6 50 0
7 33 0
8 9 0
8 14 0
8 17 0
8 34 0
9 8 0
9 10 0
9 15 0
10 9 0
10 11 0
10 5 0
11 10 0
11 12 0
11 35 0
11 36 0
12 11 0
12 13 0
12 37 0
12 38 0
13 12 0
13 15 0
13 39 0
13 40 0
14 8 0
14 16 0
14 20 0
15 0 0
15 9 0
15 13 0
16 6 0
16 14 0
16 0 0
17 8 0
17 19 0
17 21 0
18 42 0
18 43 0
18 44 0
18 25 0
19 17 0
19 22 0
19 45 0
20 1 0
20 2 0
20 14 0
21 17 0
21 23 0
21 46 0
22 3 0
22 19 0
22 24 0
23 21 0
23 24 0
23 47 0
24 4 0
24 22 0
24 23 0
25 1 0
25 48 0
25 49 0
25 18 0
26 4 0
26 28 0
26 51 0
26 52 0
27 3 0
27 53 0
27 54 0
27 55 0
28 26 0
28 29 0
28 30 0
29 28 0
29 31 0
29 56 0
30 28 0
30 32 0
30 57 0
31 29 0
31 33 0
31 58 0
32 30 0
32 33 0
32 59 0
33 7 0
33 31 0
33 32 0
34 8 0
35 11 0
36 11 0
37 12 0
38 12 0
39 13 0
40 13 0
41 6 0
42 18 0
43 18 0
44 18 0
45 19 0
46 21 0
47 23 0
48 25 0
49 25 0
50 6 0
51 26 0
52 26 0
53 27 0
54 27 0
55 27 0
56 29 0
57 30 0
58 31 0
59 32 0
GraphDataEnd
GraphEnd
NodeEnd
NodeStart
EPTNodeID: 12
AnchorID: 12913
TreeNodeGraphID: 48
Level: 13
SimplifiedLevel: 0
EditOperation: 5 29 61 0 0
AccumulatedOpsCount: 13
AccumulatedOp: 4 27 29 0 0
AccumulatedOp: 0 4 0 2 5
AccumulatedOp: 4 8 34 0 0
AccumulatedOp: 0 6 0 2 5
AccumulatedOp: 5 8 25 0 0
AccumulatedOp: 5 8 49 0 0
AccumulatedOp: 5 26 27 0 0
AccumulatedOp: 5 5 34 0 0
AccumulatedOp: 0 8 0 3 4
AccumulatedOp: 2 61 0 0 1
AccumulatedOp: 4 4 25 0 0
AccumulatedOp: 4 26 49 0 0
AccumulatedOp: 5 29 61 0 0
ChildrenCount: 0
ChildIndices:
CompletedDBGraphIDsCount: 1
CompletedDBGraphID: 17252
GraphStart
GraphDataStart
ID: 48
NumNodes: 62
NumEdges: 130
NodeLabels
2 2 2 2 5 2 5 3 4 4 4 4 4 4 4 4 4 4 4 4 4 4 4 4 4 4 4 4 4 4 4 4 4 4 4 5 5 5 5 5 5 5 5 5 5 5 5 5 5 5 5 5 5 5 5 5 5 5 5 5 5 1 
Edges
0 16 0
1 21 0
1 26 0
2 21 0
3 23 0
3 28 0
4 27 0
5 8 0
5 34 0
6 8 0
7 11 0
7 17 0
7 42 0
8 5 0
8 6 0
8 25 0
8 49 0
9 10 0
9 15 0
9 18 0
9 35 0
10 9 0
10 11 0
10 16 0
11 7 0
11 10 0
11 12 0
12 11 0
12 13 0
12 36 0
12 37 0
13 12 0
13 14 0
13 38 0
13 39 0
14 13 0
14 16 0
14 40 0
14 41 0
15 9 0
15 17 0
15 21 0
16 0 0
16 10 0
16 14 0
17 7 0
17 15 0
17 19 0
18 9 0
18 20 0
18 22 0
19 17 0
19 43 0
19 44 0
19 45 0
20 18 0
20 23 0
20 46 0
21 1 0
21 2 0
21 15 0
22 18 0
22 24 0
22 47 0
23 3 0
23 20 0
23 25 0
24 22 0
24 25 0
24 48 0
25 23 0
25 24 0
25 8 0
26 1 0
26 50 0
26 51 0
26 27 0
27 4 0
27 52 0
27 53 0
27 26 0
28 3 0
28 54 0
28 55 0
28 56 0
29 30 0
29 31 0
29 61 0
30 29 0
30 32 0
30 57 0
31 29 0
31 33 0
31 58 0
32 30 0
32 34 0
32 59 0
33 31 0
33 34 0
33 60 0
34 32 0
34 33 0
34 5 0
35 9 0
36 12 0
37 12 0
38 13 0
39 13 0
40 14 0
41 14 0
42 7 0
43 19 0
44 19 0
45 19 0
46 20 0
47 22 0
48 24 0
49 8 0
50 26 0
51 26 0
52 27 0
53 27 0
54 28 0
55 28 0
56 28 0
57 30 0
58 31 0
59 32 0
60 33 0
61 29 0
GraphDataEnd
GraphEnd
NodeEnd
NodeStart
EPTNodeID: 13
AnchorID: 12913
TreeNodeGraphID: 55
Level: 7
SimplifiedLevel: 0
EditOperation: 5 49 63 0 0
AccumulatedOpsCount: 7
AccumulatedOp: 0 49 0 5 4
AccumulatedOp: 2 63 0 0 5
AccumulatedOp: 2 61 0 0 5
AccumulatedOp: 2 62 0 0 5
AccumulatedOp: 5 49 61 0 0
AccumulatedOp: 5 49 62 0 0
AccumulatedOp: 5 49 63 0 0
ChildrenCount: 0
ChildIndices:
CompletedDBGraphIDsCount: 1
CompletedDBGraphID: 21861
GraphStart
GraphDataStart
ID: 55
NumNodes: 64
NumEdges: 134
NodeLabels
2 2 2 2 2 2 2 3 3 4 4 4 4 4 4 4 4 4 4 4 4 4 4 4 4 4 4 4 4 4 4 4 4 4 4 5 5 5 5 5 5 5 5 5 5 5 5 5 5 4 5 5 5 5 5 5 5 5 5 5 5 5 5 5 
Edges
0 16 0
1 21 0
1 26 0
2 21 0
3 23 0
3 28 0
4 25 0
4 27 0
5 8 0
6 8 0
7 11 0
7 17 0
7 42 0
8 5 0
8 6 0
8 34 0
9 10 0
9 15 0
9 18 0
9 35 0
10 9 0
10 11 0
10 16 0
11 7 0
11 10 0
11 12 0
12 11 0
12 13 0
12 36 0
12 37 0
13 12 0
13 14 0
13 38 0
13 39 0
14 13 0
14 16 0
14 40 0
14 41 0
15 9 0
15 17 0
15 21 0
16 0 0
16 10 0
16 14 0
17 7 0
17 15 0
17 19 0
18 9 0
18 20 0
18 22 0
19 17 0
19 43 0
19 44 0
19 45 0
20 18 0
20 23 0
20 46 0
21 1 0
21 2 0
21 15 0
22 18 0
22 24 0
22 47 0
23 3 0
23 20 0
23 25 0
24 22 0
24 25 0
24 48 0
25 4 0
25 23 0
25 24 0
26 1 0
26 49 0
26 50 0
26 51 0
27 4 0
27 29 0
27 52 0
27 53 0
28 3 0
28 54 0
28 55 0
28 56 0
29 27 0
29 30 0
29 31 0
30 29 0
30 32 0
30 57 0
31 29 0
31 33 0
31 58 0
32 30 0
32 34 0
32 59 0
33 31 0
33 34 0
33 60 0
34 8 0
34 32 0
34 33 0
35 9 0
36 12 0
37 12 0
38 13 0
39 13 0
40 14 0
41 14 0
42 7 0
43 19 0
44 19 0
45 19 0
46 20 0
47 22 0
48 24 0
49 26 0
49 61 0
49 62 0
49 63 0
50 26 0
51 26 0
52 27 0
53 27 0
54 28 0
55 28 0
56 28 0
57 30 0
58 31 0
59 32 0
60 33 0
61 49 0
62 49 0
63 49 0
GraphDataEnd
GraphEnd
NodeEnd
END_EPT
