BEGIN_EPT
AnchorID: 9079  # ID of the anchor node
RootIndex: 0  # Index of the root node in tree_nodes
NodeCount: 20  # Total number of nodes in the EPT
NodeStart
EPTNodeID: 0
AnchorID: 9079
TreeNodeGraphID: 0
Level: 0
SimplifiedLevel: 0
EditOperation: -1 0 -1 0 0
AccumulatedOpsCount: 0
ChildrenCount: 5
ChildIndices: 1 11 15 16 19
CompletedDBGraphIDsCount: 3
CompletedDBGraphID: 10194
CompletedDBGraphID: 21936
CompletedDBGraphID: 16924
GraphStart
GraphDataStart
ID: 0
NumNodes: 67
NumEdges: 140
NodeLabels
8 2 2 2 2 2 2 2 3 4 4 4 4 4 4 4 4 4 4 4 4 4 4 4 4 4 4 4 4 4 4 4 4 4 4 4 4 5 5 5 5 5 5 5 5 5 5 5 5 5 5 5 5 5 5 5 5 5 5 5 5 5 5 5 5 5 5 
Edges
0 30 0
1 15 0
2 23 0
2 32 0
3 23 0
4 26 0
4 33 0
5 28 0
5 34 0
6 29 0
6 35 0
7 31 0
7 36 0
8 12 0
8 18 0
8 43 0
9 10 0
9 14 0
9 17 0
9 37 0
10 9 0
10 12 0
10 38 0
10 39 0
11 12 0
11 13 0
11 15 0
12 8 0
12 10 0
12 11 0
13 11 0
13 16 0
13 19 0
13 40 0
14 9 0
14 15 0
14 41 0
14 42 0
15 1 0
15 11 0
15 14 0
16 13 0
16 18 0
16 23 0
17 9 0
17 20 0
17 21 0
18 8 0
18 16 0
18 22 0
19 13 0
19 24 0
19 25 0
20 17 0
20 26 0
20 44 0
21 17 0
21 27 0
21 45 0
22 18 0
22 46 0
22 47 0
22 48 0
23 2 0
23 3 0
23 16 0
24 19 0
24 28 0
24 49 0
25 19 0
25 30 0
25 50 0
26 4 0
26 20 0
26 29 0
27 21 0
27 29 0
27 51 0
28 5 0
28 24 0
28 31 0
29 6 0
29 26 0
29 27 0
30 0 0
30 25 0
30 31 0
31 7 0
31 28 0
31 30 0
32 2 0
32 52 0
32 53 0
32 54 0
33 4 0
33 55 0
33 56 0
33 57 0
34 5 0
34 58 0
34 59 0
34 60 0
35 6 0
35 61 0
35 62 0
35 63 0
36 7 0
36 64 0
36 65 0
36 66 0
37 9 0
38 10 0
39 10 0
40 13 0
41 14 0
42 14 0
43 8 0
44 20 0
45 21 0
46 22 0
47 22 0
48 22 0
49 24 0
50 25 0
51 27 0
52 32 0
53 32 0
54 32 0
55 33 0
56 33 0
57 33 0
58 34 0
59 34 0
60 34 0
61 35 0
62 35 0
63 35 0
64 36 0
65 36 0
66 36 0
GraphDataEnd
GraphEnd
NodeEnd
NodeStart
EPTNodeID: 1
AnchorID: 9079
TreeNodeGraphID: 1
Level: 1
SimplifiedLevel: 0
EditOperation: 4 7 36 0 0
AccumulatedOpsCount: 1
AccumulatedOp: 4 7 36 0 0
ChildrenCount: 4
ChildIndices: 2 8 9 10
CompletedDBGraphIDsCount: 0
GraphStart
GraphDataStart
ID: 1
NumNodes: 67
NumEdges: 138
NodeLabels
8 2 2 2 2 2 2 2 3 4 4 4 4 4 4 4 4 4 4 4 4 4 4 4 4 4 4 4 4 4 4 4 4 4 4 4 4 5 5 5 5 5 5 5 5 5 5 5 5 5 5 5 5 5 5 5 5 5 5 5 5 5 5 5 5 5 5 
Edges
0 30 0
1 15 0
2 23 0
2 32 0
3 23 0
4 26 0
4 33 0
5 28 0
5 34 0
6 29 0
6 35 0
7 31 0
8 12 0
8 18 0
8 43 0
9 10 0
9 14 0
9 17 0
9 37 0
10 9 0
10 12 0
10 38 0
10 39 0
11 12 0
11 13 0
11 15 0
12 8 0
12 10 0
12 11 0
13 11 0
13 16 0
13 19 0
13 40 0
14 9 0
14 15 0
14 41 0
14 42 0
15 1 0
15 11 0
15 14 0
16 13 0
16 18 0
16 23 0
17 9 0
17 20 0
17 21 0
18 8 0
18 16 0
18 22 0
19 13 0
19 24 0
19 25 0
20 17 0
20 26 0
20 44 0
21 17 0
21 27 0
21 45 0
22 18 0
22 46 0
22 47 0
22 48 0
23 2 0
23 3 0
23 16 0
24 19 0
24 28 0
24 49 0
25 19 0
25 30 0
25 50 0
26 4 0
26 20 0
26 29 0
27 21 0
27 29 0
27 51 0
28 5 0
28 24 0
28 31 0
29 6 0
29 26 0
29 27 0
30 0 0
30 25 0
30 31 0
31 7 0
31 28 0
31 30 0
32 2 0
32 52 0
32 53 0
32 54 0
33 4 0
33 55 0
33 56 0
33 57 0
34 5 0
34 58 0
34 59 0
34 60 0
35 6 0
35 61 0
35 62 0
35 63 0
36 64 0
36 65 0
36 66 0
37 9 0
38 10 0
39 10 0
40 13 0
41 14 0
42 14 0
43 8 0
44 20 0
45 21 0
46 22 0
47 22 0
48 22 0
49 24 0
50 25 0
51 27 0
52 32 0
53 32 0
54 32 0
55 33 0
56 33 0
57 33 0
58 34 0
59 34 0
60 34 0
61 35 0
62 35 0
63 35 0
64 36 0
65 36 0
66 36 0
GraphDataEnd
GraphEnd
NodeEnd
NodeStart
EPTNodeID: 2
AnchorID: 9079
TreeNodeGraphID: 2
Level: 2
SimplifiedLevel: 0
EditOperation: 5 32 36 0 0
AccumulatedOpsCount: 1
AccumulatedOp: 5 32 36 0 0
ChildrenCount: 3
ChildIndices: 3 6 7
CompletedDBGraphIDsCount: 0
GraphStart
GraphDataStart
ID: 2
NumNodes: 67
NumEdges: 140
NodeLabels
8 2 2 2 2 2 2 2 3 4 4 4 4 4 4 4 4 4 4 4 4 4 4 4 4 4 4 4 4 4 4 4 4 4 4 4 4 5 5 5 5 5 5 5 5 5 5 5 5 5 5 5 5 5 5 5 5 5 5 5 5 5 5 5 5 5 5 
Edges
0 30 0
1 15 0
2 23 0
2 32 0
3 23 0
4 26 0
4 33 0
5 28 0
5 34 0
6 29 0
6 35 0
7 31 0
8 12 0
8 18 0
8 43 0
9 10 0
9 14 0
9 17 0
9 37 0
10 9 0
10 12 0
10 38 0
10 39 0
11 12 0
11 13 0
11 15 0
12 8 0
12 10 0
12 11 0
13 11 0
13 16 0
13 19 0
13 40 0
14 9 0
14 15 0
14 41 0
14 42 0
15 1 0
15 11 0
15 14 0
16 13 0
16 18 0
16 23 0
17 9 0
17 20 0
17 21 0
18 8 0
18 16 0
18 22 0
19 13 0
19 24 0
19 25 0
20 17 0
20 26 0
20 44 0
21 17 0
21 27 0
21 45 0
22 18 0
22 46 0
22 47 0
22 48 0
23 2 0
23 3 0
23 16 0
24 19 0
24 28 0
24 49 0
25 19 0
25 30 0
25 50 0
26 4 0
26 20 0
26 29 0
27 21 0
27 29 0
27 51 0
28 5 0
28 24 0
28 31 0
29 6 0
29 26 0
29 27 0
30 0 0
30 25 0
30 31 0
31 7 0
31 28 0
31 30 0
32 2 0
32 52 0
32 53 0
32 54 0
32 36 0
33 4 0
33 55 0
33 56 0
33 57 0
34 5 0
34 58 0
34 59 0
34 60 0
35 6 0
35 61 0
35 62 0
35 63 0
36 64 0
36 65 0
36 66 0
36 32 0
37 9 0
38 10 0
39 10 0
40 13 0
41 14 0
42 14 0
43 8 0
44 20 0
45 21 0
46 22 0
47 22 0
48 22 0
49 24 0
50 25 0
51 27 0
52 32 0
53 32 0
54 32 0
55 33 0
56 33 0
57 33 0
58 34 0
59 34 0
60 34 0
61 35 0
62 35 0
63 35 0
64 36 0
65 36 0
66 36 0
GraphDataEnd
GraphEnd
NodeEnd
NodeStart
EPTNodeID: 3
AnchorID: 9079
TreeNodeGraphID: 3
Level: 3
SimplifiedLevel: 0
EditOperation: 4 32 54 0 0
AccumulatedOpsCount: 1
AccumulatedOp: 4 32 54 0 0
ChildrenCount: 2
ChildIndices: 4 5
CompletedDBGraphIDsCount: 0
GraphStart
GraphDataStart
ID: 3
NumNodes: 67
NumEdges: 138
NodeLabels
8 2 2 2 2 2 2 2 3 4 4 4 4 4 4 4 4 4 4 4 4 4 4 4 4 4 4 4 4 4 4 4 4 4 4 4 4 5 5 5 5 5 5 5 5 5 5 5 5 5 5 5 5 5 5 5 5 5 5 5 5 5 5 5 5 5 5 
Edges
0 30 0
1 15 0
2 23 0
2 32 0
3 23 0
4 26 0
4 33 0
5 28 0
5 34 0
6 29 0
6 35 0
7 31 0
8 12 0
8 18 0
8 43 0
9 10 0
9 14 0
9 17 0
9 37 0
10 9 0
10 12 0
10 38 0
10 39 0
11 12 0
11 13 0
11 15 0
12 8 0
12 10 0
12 11 0
13 11 0
13 16 0
13 19 0
13 40 0
14 9 0
14 15 0
14 41 0
14 42 0
15 1 0
15 11 0
15 14 0
16 13 0
16 18 0
16 23 0
17 9 0
17 20 0
17 21 0
18 8 0
18 16 0
18 22 0
19 13 0
19 24 0
19 25 0
20 17 0
20 26 0
20 44 0
21 17 0
21 27 0
21 45 0
22 18 0
22 46 0
22 47 0
22 48 0
23 2 0
23 3 0
23 16 0
24 19 0
24 28 0
24 49 0
25 19 0
25 30 0
25 50 0
26 4 0
26 20 0
26 29 0
27 21 0
27 29 0
27 51 0
28 5 0
28 24 0
28 31 0
29 6 0
29 26 0
29 27 0
30 0 0
30 25 0
30 31 0
31 7 0
31 28 0
31 30 0
32 2 0
32 52 0
32 53 0
32 36 0
33 4 0
33 55 0
33 56 0
33 57 0
34 5 0
34 58 0
34 59 0
34 60 0
35 6 0
35 61 0
35 62 0
35 63 0
36 64 0
36 65 0
36 66 0
36 32 0
37 9 0
38 10 0
39 10 0
40 13 0
41 14 0
42 14 0
43 8 0
44 20 0
45 21 0
46 22 0
47 22 0
48 22 0
49 24 0
50 25 0
51 27 0
52 32 0
53 32 0
55 33 0
56 33 0
57 33 0
58 34 0
59 34 0
60 34 0
61 35 0
62 35 0
63 35 0
64 36 0
65 36 0
66 36 0
GraphDataEnd
GraphEnd
NodeEnd
NodeStart
EPTNodeID: 4
AnchorID: 9079
TreeNodeGraphID: 4
Level: 4
SimplifiedLevel: 0
EditOperation: 5 7 54 0 0
AccumulatedOpsCount: 1
AccumulatedOp: 5 7 54 0 0
ChildrenCount: 0
ChildIndices:
CompletedDBGraphIDsCount: 4
CompletedDBGraphID: 5291
CompletedDBGraphID: 6400
CompletedDBGraphID: 9450
CompletedDBGraphID: 18070
GraphStart
GraphDataStart
ID: 4
NumNodes: 67
NumEdges: 140
NodeLabels
8 2 2 2 2 2 2 2 3 4 4 4 4 4 4 4 4 4 4 4 4 4 4 4 4 4 4 4 4 4 4 4 4 4 4 4 4 5 5 5 5 5 5 5 5 5 5 5 5 5 5 5 5 5 5 5 5 5 5 5 5 5 5 5 5 5 5 
Edges
0 30 0
1 15 0
2 23 0
2 32 0
3 23 0
4 26 0
4 33 0
5 28 0
5 34 0
6 29 0
6 35 0
7 31 0
7 54 0
8 12 0
8 18 0
8 43 0
9 10 0
9 14 0
9 17 0
9 37 0
10 9 0
10 12 0
10 38 0
10 39 0
11 12 0
11 13 0
11 15 0
12 8 0
12 10 0
12 11 0
13 11 0
13 16 0
13 19 0
13 40 0
14 9 0
14 15 0
14 41 0
14 42 0
15 1 0
15 11 0
15 14 0
16 13 0
16 18 0
16 23 0
17 9 0
17 20 0
17 21 0
18 8 0
18 16 0
18 22 0
19 13 0
19 24 0
19 25 0
20 17 0
20 26 0
20 44 0
21 17 0
21 27 0
21 45 0
22 18 0
22 46 0
22 47 0
22 48 0
23 2 0
23 3 0
23 16 0
24 19 0
24 28 0
24 49 0
25 19 0
25 30 0
25 50 0
26 4 0
26 20 0
26 29 0
27 21 0
27 29 0
27 51 0
28 5 0
28 24 0
28 31 0
29 6 0
29 26 0
29 27 0
30 0 0
30 25 0
30 31 0
31 7 0
31 28 0
31 30 0
32 2 0
32 52 0
32 53 0
32 36 0
33 4 0
33 55 0
33 56 0
33 57 0
34 5 0
34 58 0
34 59 0
34 60 0
35 6 0
35 61 0
35 62 0
35 63 0
36 64 0
36 65 0
36 66 0
36 32 0
37 9 0
38 10 0
39 10 0
40 13 0
41 14 0
42 14 0
43 8 0
44 20 0
45 21 0
46 22 0
47 22 0
48 22 0
49 24 0
50 25 0
51 27 0
52 32 0
53 32 0
54 7 0
55 33 0
56 33 0
57 33 0
58 34 0
59 34 0
60 34 0
61 35 0
62 35 0
63 35 0
64 36 0
65 36 0
66 36 0
GraphDataEnd
GraphEnd
NodeEnd
NodeStart
EPTNodeID: 5
AnchorID: 9079
TreeNodeGraphID: 14
Level: 13
SimplifiedLevel: 0
EditOperation: 5 31 34 0 0
AccumulatedOpsCount: 10
AccumulatedOp: 0 0 0 8 5
AccumulatedOp: 0 5 0 2 5
AccumulatedOp: 1 54 0 5 0
AccumulatedOp: 0 58 0 5 1
AccumulatedOp: 4 5 34 0 0
AccumulatedOp: 0 59 0 5 1
AccumulatedOp: 0 60 0 5 1
AccumulatedOp: 4 7 31 0 0
AccumulatedOp: 1 7 0 2 0
AccumulatedOp: 5 31 34 0 0
ChildrenCount: 0
ChildIndices:
CompletedDBGraphIDsCount: 4
CompletedDBGraphID: 14782
CompletedDBGraphID: 7725
CompletedDBGraphID: 7939
CompletedDBGraphID: 8588
GraphStart
GraphDataStart
ID: 14
NumNodes: 65
NumEdges: 136
NodeLabels
5 2 2 2 2 5 2 3 4 4 4 4 4 4 4 4 4 4 4 4 4 4 4 4 4 4 4 4 4 4 4 4 4 4 4 4 5 5 5 5 5 5 5 5 5 5 5 5 5 5 5 5 5 5 5 5 1 1 1 5 5 5 5 5 5 
Edges
0 29 0
1 14 0
2 22 0
2 31 0
3 22 0
4 25 0
4 32 0
5 27 0
6 28 0
6 34 0
7 11 0
7 17 0
7 42 0
8 9 0
8 13 0
8 16 0
8 36 0
9 8 0
9 11 0
9 37 0
9 38 0
10 11 0
10 12 0
10 14 0
11 7 0
11 9 0
11 10 0
12 10 0
12 15 0
12 18 0
12 39 0
13 8 0
13 14 0
13 40 0
13 41 0
14 1 0
14 10 0
14 13 0
15 12 0
15 17 0
15 22 0
16 8 0
16 19 0
16 20 0
17 7 0
17 15 0
17 21 0
18 12 0
18 23 0
18 24 0
19 16 0
19 25 0
19 43 0
20 16 0
20 26 0
20 44 0
21 17 0
21 45 0
21 46 0
21 47 0
22 2 0
22 3 0
22 15 0
23 18 0
23 27 0
23 48 0
24 18 0
24 29 0
24 49 0
25 4 0
25 19 0
25 28 0
26 20 0
26 28 0
26 50 0
27 5 0
27 23 0
27 30 0
28 6 0
28 25 0
28 26 0
29 0 0
29 24 0
29 30 0
30 27 0
30 29 0
30 33 0
31 2 0
31 51 0
31 52 0
31 35 0
32 4 0
32 53 0
32 54 0
32 55 0
33 56 0
33 57 0
33 58 0
33 30 0
34 6 0
34 59 0
34 60 0
34 61 0
35 62 0
35 63 0
35 64 0
35 31 0
36 8 0
37 9 0
38 9 0
39 12 0
40 13 0
41 13 0
42 7 0
43 19 0
44 20 0
45 21 0
46 21 0
47 21 0
48 23 0
49 24 0
50 26 0
51 31 0
52 31 0
53 32 0
54 32 0
55 32 0
56 33 0
57 33 0
58 33 0
59 34 0
60 34 0
61 34 0
62 35 0
63 35 0
64 35 0
GraphDataEnd
GraphEnd
NodeEnd
NodeStart
EPTNodeID: 6
AnchorID: 9079
TreeNodeGraphID: 22
Level: 10
SimplifiedLevel: 0
EditOperation: 5 28 67 0 0
AccumulatedOpsCount: 8
AccumulatedOp: 0 0 0 8 5
AccumulatedOp: 4 24 28 0 0
AccumulatedOp: 4 32 52 0 0
AccumulatedOp: 0 7 0 2 4
AccumulatedOp: 5 7 52 0 0
AccumulatedOp: 2 67 0 0 2
AccumulatedOp: 5 7 24 0 0
AccumulatedOp: 5 28 67 0 0
ChildrenCount: 0
ChildIndices:
CompletedDBGraphIDsCount: 4
CompletedDBGraphID: 4772
CompletedDBGraphID: 11524
CompletedDBGraphID: 9470
CompletedDBGraphID: 7351
GraphStart
GraphDataStart
ID: 22
NumNodes: 68
NumEdges: 142
NodeLabels
5 2 2 2 2 2 2 4 3 4 4 4 4 4 4 4 4 4 4 4 4 4 4 4 4 4 4 4 4 4 4 4 4 4 4 4 4 5 5 5 5 5 5 5 5 5 5 5 5 5 5 5 5 5 5 5 5 5 5 5 5 5 5 5 5 5 5 2 
Edges
0 30 0
1 15 0
2 23 0
2 32 0
3 23 0
4 26 0
4 33 0
5 28 0
5 34 0
6 29 0
6 35 0
7 31 0
7 52 0
7 24 0
8 12 0
8 18 0
8 43 0
9 10 0
9 14 0
9 17 0
9 37 0
10 9 0
10 12 0
10 38 0
10 39 0
11 12 0
11 13 0
11 15 0
12 8 0
12 10 0
12 11 0
13 11 0
13 16 0
13 19 0
13 40 0
14 9 0
14 15 0
14 41 0
14 42 0
15 1 0
15 11 0
15 14 0
16 13 0
16 18 0
16 23 0
17 9 0
17 20 0
17 21 0
18 8 0
18 16 0
18 22 0
19 13 0
19 24 0
19 25 0
20 17 0
20 26 0
20 44 0
21 17 0
21 27 0
21 45 0
22 18 0
22 46 0
22 47 0
22 48 0
23 2 0
23 3 0
23 16 0
24 19 0
24 49 0
24 7 0
25 19 0
25 30 0
25 50 0
26 4 0
26 20 0
26 29 0
27 21 0
27 29 0
27 51 0
28 5 0
28 31 0
28 67 0
29 6 0
29 26 0
29 27 0
30 0 0
30 25 0
30 31 0
31 7 0
31 28 0
31 30 0
32 2 0
32 53 0
32 54 0
32 36 0
33 4 0
33 55 0
33 56 0
33 57 0
34 5 0
34 58 0
34 59 0
34 60 0
35 6 0
35 61 0
35 62 0
35 63 0
36 64 0
36 65 0
36 66 0
36 32 0
37 9 0
38 10 0
39 10 0
40 13 0
41 14 0
42 14 0
43 8 0
44 20 0
45 21 0
46 22 0
47 22 0
48 22 0
49 24 0
50 25 0
51 27 0
52 7 0
53 32 0
54 32 0
55 33 0
56 33 0
57 33 0
58 34 0
59 34 0
60 34 0
61 35 0
62 35 0
63 35 0
64 36 0
65 36 0
66 36 0
67 28 0
GraphDataEnd
GraphEnd
NodeEnd
NodeStart
EPTNodeID: 7
AnchorID: 9079
TreeNodeGraphID: 31
Level: 11
SimplifiedLevel: 0
EditOperation: 5 58 69 0 0
AccumulatedOpsCount: 9
AccumulatedOp: 4 32 52 0 0
AccumulatedOp: 0 58 0 5 4
AccumulatedOp: 2 68 0 0 5
AccumulatedOp: 5 7 52 0 0
AccumulatedOp: 2 67 0 0 5
AccumulatedOp: 2 69 0 0 5
AccumulatedOp: 5 58 67 0 0
AccumulatedOp: 5 58 68 0 0
AccumulatedOp: 5 58 69 0 0
ChildrenCount: 0
ChildIndices:
CompletedDBGraphIDsCount: 3
CompletedDBGraphID: 15203
CompletedDBGraphID: 6622
CompletedDBGraphID: 16492
GraphStart
GraphDataStart
ID: 31
NumNodes: 70
NumEdges: 146
NodeLabels
8 2 2 2 2 2 2 2 3 4 4 4 4 4 4 4 4 4 4 4 4 4 4 4 4 4 4 4 4 4 4 4 4 4 4 4 4 5 5 5 5 5 5 5 5 5 5 5 5 5 5 5 5 5 5 5 5 5 4 5 5 5 5 5 5 5 5 5 5 5 
Edges
0 30 0
1 15 0
2 23 0
2 32 0
3 23 0
4 26 0
4 33 0
5 28 0
5 34 0
6 29 0
6 35 0
7 31 0
7 52 0
8 12 0
8 18 0
8 43 0
9 10 0
9 14 0
9 17 0
9 37 0
10 9 0
10 12 0
10 38 0
10 39 0
11 12 0
11 13 0
11 15 0
12 8 0
12 10 0
12 11 0
13 11 0
13 16 0
13 19 0
13 40 0
14 9 0
14 15 0
14 41 0
14 42 0
15 1 0
15 11 0
15 14 0
16 13 0
16 18 0
16 23 0
17 9 0
17 20 0
17 21 0
18 8 0
18 16 0
18 22 0
19 13 0
19 24 0
19 25 0
20 17 0
20 26 0
20 44 0
21 17 0
21 27 0
21 45 0
22 18 0
22 46 0
22 47 0
22 48 0
23 2 0
23 3 0
23 16 0
24 19 0
24 28 0
24 49 0
25 19 0
25 30 0
25 50 0
26 4 0
26 20 0
26 29 0
27 21 0
27 29 0
27 51 0
28 5 0
28 24 0
28 31 0
29 6 0
29 26 0
29 27 0
30 0 0
30 25 0
30 31 0
31 7 0
31 28 0
31 30 0
32 2 0
32 53 0
32 54 0
32 36 0
33 4 0
33 55 0
33 56 0
33 57 0
34 5 0
34 58 0
34 59 0
34 60 0
35 6 0
35 61 0
35 62 0
35 63 0
36 64 0
36 65 0
36 66 0
36 32 0
37 9 0
38 10 0
39 10 0
40 13 0
41 14 0
42 14 0
43 8 0
44 20 0
45 21 0
46 22 0
47 22 0
48 22 0
49 24 0
50 25 0
51 27 0
52 7 0
53 32 0
54 32 0
55 33 0
56 33 0
57 33 0
58 34 0
58 67 0
58 68 0
58 69 0
59 34 0
60 34 0
61 35 0
62 35 0
63 35 0
64 36 0
65 36 0
66 36 0
67 58 0
68 58 0
69 58 0
GraphDataEnd
GraphEnd
NodeEnd
NodeStart
EPTNodeID: 8
AnchorID: 9079
TreeNodeGraphID: 35
Level: 5
SimplifiedLevel: 0
EditOperation: 5 34 36 0 0
AccumulatedOpsCount: 4
AccumulatedOp: 0 0 0 8 5
AccumulatedOp: 4 34 60 0 0
AccumulatedOp: 5 7 60 0 0
AccumulatedOp: 5 34 36 0 0
ChildrenCount: 0
ChildIndices:
CompletedDBGraphIDsCount: 4
CompletedDBGraphID: 368
CompletedDBGraphID: 2992
CompletedDBGraphID: 12715
CompletedDBGraphID: 14454
GraphStart
GraphDataStart
ID: 35
NumNodes: 67
NumEdges: 140
NodeLabels
5 2 2 2 2 2 2 2 3 4 4 4 4 4 4 4 4 4 4 4 4 4 4 4 4 4 4 4 4 4 4 4 4 4 4 4 4 5 5 5 5 5 5 5 5 5 5 5 5 5 5 5 5 5 5 5 5 5 5 5 5 5 5 5 5 5 5 
Edges
0 30 0
1 15 0
2 23 0
2 32 0
3 23 0
4 26 0
4 33 0
5 28 0
5 34 0
6 29 0
6 35 0
7 31 0
7 60 0
8 12 0
8 18 0
8 43 0
9 10 0
9 14 0
9 17 0
9 37 0
10 9 0
10 12 0
10 38 0
10 39 0
11 12 0
11 13 0
11 15 0
12 8 0
12 10 0
12 11 0
13 11 0
13 16 0
13 19 0
13 40 0
14 9 0
14 15 0
14 41 0
14 42 0
15 1 0
15 11 0
15 14 0
16 13 0
16 18 0
16 23 0
17 9 0
17 20 0
17 21 0
18 8 0
18 16 0
18 22 0
19 13 0
19 24 0
19 25 0
20 17 0
20 26 0
20 44 0
21 17 0
21 27 0
21 45 0
22 18 0
22 46 0
22 47 0
22 48 0
23 2 0
23 3 0
23 16 0
24 19 0
24 28 0
24 49 0
25 19 0
25 30 0
25 50 0
26 4 0
26 20 0
26 29 0
27 21 0
27 29 0
27 51 0
28 5 0
28 24 0
28 31 0
29 6 0
29 26 0
29 27 0
30 0 0
30 25 0
30 31 0
31 7 0
31 28 0
31 30 0
32 2 0
32 52 0
32 53 0
32 54 0
33 4 0
33 55 0
33 56 0
33 57 0
34 5 0
34 58 0
34 59 0
34 36 0
35 6 0
35 61 0
35 62 0
35 63 0
36 64 0
36 65 0
36 66 0
36 34 0
37 9 0
38 10 0
39 10 0
40 13 0
41 14 0
42 14 0
43 8 0
44 20 0
45 21 0
46 22 0
47 22 0
48 22 0
49 24 0
50 25 0
51 27 0
52 32 0
53 32 0
54 32 0
55 33 0
56 33 0
57 33 0
58 34 0
59 34 0
60 7 0
61 35 0
62 35 0
63 35 0
64 36 0
65 36 0
66 36 0
GraphDataEnd
GraphEnd
NodeEnd
NodeStart
EPTNodeID: 9
AnchorID: 9079
TreeNodeGraphID: 47
Level: 13
SimplifiedLevel: 0
EditOperation: 5 34 49 0 0
AccumulatedOpsCount: 12
AccumulatedOp: 0 5 0 2 5
AccumulatedOp: 0 7 0 2 5
AccumulatedOp: 0 49 0 5 2
AccumulatedOp: 4 5 34 0 0
AccumulatedOp: 4 36 65 0 0
AccumulatedOp: 1 65 0 5 0
AccumulatedOp: 4 36 64 0 0
AccumulatedOp: 1 64 0 5 0
AccumulatedOp: 4 36 66 0 0
AccumulatedOp: 1 36 0 4 0
AccumulatedOp: 1 66 0 5 0
AccumulatedOp: 5 34 49 0 0
ChildrenCount: 0
ChildIndices:
CompletedDBGraphIDsCount: 4
CompletedDBGraphID: 19425
CompletedDBGraphID: 4605
CompletedDBGraphID: 5478
CompletedDBGraphID: 17940
GraphStart
GraphDataStart
ID: 47
NumNodes: 63
NumEdges: 132
NodeLabels
8 2 2 2 2 5 2 5 3 4 4 4 4 4 4 4 4 4 4 4 4 4 4 4 4 4 4 4 4 4 4 4 4 4 4 4 5 5 5 5 5 5 5 5 5 5 5 5 2 5 5 5 5 5 5 5 5 5 5 5 5 5 5 
Edges
0 30 0
1 15 0
2 23 0
2 32 0
3 23 0
4 26 0
4 33 0
5 28 0
6 29 0
6 35 0
7 31 0
8 12 0
8 18 0
8 42 0
9 10 0
9 14 0
9 17 0
9 36 0
10 9 0
10 12 0
10 37 0
10 38 0
11 12 0
11 13 0
11 15 0
12 8 0
12 10 0
12 11 0
13 11 0
13 16 0
13 19 0
13 39 0
14 9 0
14 15 0
14 40 0
14 41 0
15 1 0
15 11 0
15 14 0
16 13 0
16 18 0
16 23 0
17 9 0
17 20 0
17 21 0
18 8 0
18 16 0
18 22 0
19 13 0
19 24 0
19 25 0
20 17 0
20 26 0
20 43 0
21 17 0
21 27 0
21 44 0
22 18 0
22 45 0
22 46 0
22 47 0
23 2 0
23 3 0
23 16 0
24 19 0
24 28 0
24 48 0
25 19 0
25 30 0
25 49 0
26 4 0
26 20 0
26 29 0
27 21 0
27 29 0
27 50 0
28 5 0
28 24 0
28 31 0
29 6 0
29 26 0
29 27 0
30 0 0
30 25 0
30 31 0
31 7 0
31 28 0
31 30 0
32 2 0
32 51 0
32 52 0
32 53 0
33 4 0
33 54 0
33 55 0
33 56 0
34 57 0
34 58 0
34 59 0
34 48 0
35 6 0
35 60 0
35 61 0
35 62 0
36 9 0
37 10 0
38 10 0
39 13 0
40 14 0
41 14 0
42 8 0
43 20 0
44 21 0
45 22 0
46 22 0
47 22 0
48 24 0
48 34 0
49 25 0
50 27 0
51 32 0
52 32 0
53 32 0
54 33 0
55 33 0
56 33 0
57 34 0
58 34 0
59 34 0
60 35 0
61 35 0
62 35 0
GraphDataEnd
GraphEnd
NodeEnd
NodeStart
EPTNodeID: 10
AnchorID: 9079
TreeNodeGraphID: 50
Level: 4
SimplifiedLevel: 0
EditOperation: 5 34 36 0 0
AccumulatedOpsCount: 3
AccumulatedOp: 4 34 60 0 0
AccumulatedOp: 5 7 60 0 0
AccumulatedOp: 5 34 36 0 0
ChildrenCount: 0
ChildIndices:
CompletedDBGraphIDsCount: 4
CompletedDBGraphID: 8716
CompletedDBGraphID: 16867
CompletedDBGraphID: 17093
CompletedDBGraphID: 5672
GraphStart
GraphDataStart
ID: 50
NumNodes: 67
NumEdges: 140
NodeLabels
8 2 2 2 2 2 2 2 3 4 4 4 4 4 4 4 4 4 4 4 4 4 4 4 4 4 4 4 4 4 4 4 4 4 4 4 4 5 5 5 5 5 5 5 5 5 5 5 5 5 5 5 5 5 5 5 5 5 5 5 5 5 5 5 5 5 5 
Edges
0 30 0
1 15 0
2 23 0
2 32 0
3 23 0
4 26 0
4 33 0
5 28 0
5 34 0
6 29 0
6 35 0
7 31 0
7 60 0
8 12 0
8 18 0
8 43 0
9 10 0
9 14 0
9 17 0
9 37 0
10 9 0
10 12 0
10 38 0
10 39 0
11 12 0
11 13 0
11 15 0
12 8 0
12 10 0
12 11 0
13 11 0
13 16 0
13 19 0
13 40 0
14 9 0
14 15 0
14 41 0
14 42 0
15 1 0
15 11 0
15 14 0
16 13 0
16 18 0
16 23 0
17 9 0
17 20 0
17 21 0
18 8 0
18 16 0
18 22 0
19 13 0
19 24 0
19 25 0
20 17 0
20 26 0
20 44 0
21 17 0
21 27 0
21 45 0
22 18 0
22 46 0
22 47 0
22 48 0
23 2 0
23 3 0
23 16 0
24 19 0
24 28 0
24 49 0
25 19 0
25 30 0
25 50 0
26 4 0
26 20 0
26 29 0
27 21 0
27 29 0
27 51 0
28 5 0
28 24 0
28 31 0
29 6 0
29 26 0
29 27 0
30 0 0
30 25 0
30 31 0
31 7 0
31 28 0
31 30 0
32 2 0
32 52 0
32 53 0
32 54 0
33 4 0
33 55 0
33 56 0
33 57 0
34 5 0
34 58 0
34 59 0
34 36 0
35 6 0
35 61 0
35 62 0
35 63 0
36 64 0
36 65 0
36 66 0
36 34 0
37 9 0
38 10 0
39 10 0
40 13 0
41 14 0
42 14 0
43 8 0
44 20 0
45 21 0
46 22 0
47 22 0
48 22 0
49 24 0
50 25 0
51 27 0
52 32 0
53 32 0
54 32 0
55 33 0
56 33 0
57 33 0
58 34 0
59 34 0
60 7 0
61 35 0
62 35 0
63 35 0
64 36 0
65 36 0
66 36 0
GraphDataEnd
GraphEnd
NodeEnd
NodeStart
EPTNodeID: 11
AnchorID: 9079
TreeNodeGraphID: 51
Level: 1
SimplifiedLevel: 0
EditOperation: 0 0 0 8 5
AccumulatedOpsCount: 1
AccumulatedOp: 0 0 0 8 5
ChildrenCount: 2
ChildIndices: 12 14
CompletedDBGraphIDsCount: 0
GraphStart
GraphDataStart
ID: 51
NumNodes: 67
NumEdges: 140
NodeLabels
5 2 2 2 2 2 2 2 3 4 4 4 4 4 4 4 4 4 4 4 4 4 4 4 4 4 4 4 4 4 4 4 4 4 4 4 4 5 5 5 5 5 5 5 5 5 5 5 5 5 5 5 5 5 5 5 5 5 5 5 5 5 5 5 5 5 5 
Edges
0 30 0
1 15 0
2 23 0
2 32 0
3 23 0
4 26 0
4 33 0
5 28 0
5 34 0
6 29 0
6 35 0
7 31 0
7 36 0
8 12 0
8 18 0
8 43 0
9 10 0
9 14 0
9 17 0
9 37 0
10 9 0
10 12 0
10 38 0
10 39 0
11 12 0
11 13 0
11 15 0
12 8 0
12 10 0
12 11 0
13 11 0
13 16 0
13 19 0
13 40 0
14 9 0
14 15 0
14 41 0
14 42 0
15 1 0
15 11 0
15 14 0
16 13 0
16 18 0
16 23 0
17 9 0
17 20 0
17 21 0
18 8 0
18 16 0
18 22 0
19 13 0
19 24 0
19 25 0
20 17 0
20 26 0
20 44 0
21 17 0
21 27 0
21 45 0
22 18 0
22 46 0
22 47 0
22 48 0
23 2 0
23 3 0
23 16 0
24 19 0
24 28 0
24 49 0
25 19 0
25 30 0
25 50 0
26 4 0
26 20 0
26 29 0
27 21 0
27 29 0
27 51 0
28 5 0
28 24 0
28 31 0
29 6 0
29 26 0
29 27 0
30 0 0
30 25 0
30 31 0
31 7 0
31 28 0
31 30 0
32 2 0
32 52 0
32 53 0
32 54 0
33 4 0
33 55 0
33 56 0
33 57 0
34 5 0
34 58 0
34 59 0
34 60 0
35 6 0
35 61 0
35 62 0
35 63 0
36 7 0
36 64 0
36 65 0
36 66 0
37 9 0
38 10 0
39 10 0
40 13 0
41 14 0
42 14 0
43 8 0
44 20 0
45 21 0
46 22 0
47 22 0
48 22 0
49 24 0
50 25 0
51 27 0
52 32 0
53 32 0
54 32 0
55 33 0
56 33 0
57 33 0
58 34 0
59 34 0
60 34 0
61 35 0
62 35 0
63 35 0
64 36 0
65 36 0
66 36 0
GraphDataEnd
GraphEnd
NodeEnd
NodeStart
EPTNodeID: 12
AnchorID: 9079
TreeNodeGraphID: 52
Level: 2
SimplifiedLevel: 0
EditOperation: 0 50 0 5 8
AccumulatedOpsCount: 1
AccumulatedOp: 0 50 0 5 8
ChildrenCount: 1
ChildIndices: 13
CompletedDBGraphIDsCount: 4
CompletedDBGraphID: 15096
CompletedDBGraphID: 2652
CompletedDBGraphID: 9342
CompletedDBGraphID: 16779
GraphStart
GraphDataStart
ID: 52
NumNodes: 67
NumEdges: 140
NodeLabels
5 2 2 2 2 2 2 2 3 4 4 4 4 4 4 4 4 4 4 4 4 4 4 4 4 4 4 4 4 4 4 4 4 4 4 4 4 5 5 5 5 5 5 5 5 5 5 5 5 5 8 5 5 5 5 5 5 5 5 5 5 5 5 5 5 5 5 
Edges
0 30 0
1 15 0
2 23 0
2 32 0
3 23 0
4 26 0
4 33 0
5 28 0
5 34 0
6 29 0
6 35 0
7 31 0
7 36 0
8 12 0
8 18 0
8 43 0
9 10 0
9 14 0
9 17 0
9 37 0
10 9 0
10 12 0
10 38 0
10 39 0
11 12 0
11 13 0
11 15 0
12 8 0
12 10 0
12 11 0
13 11 0
13 16 0
13 19 0
13 40 0
14 9 0
14 15 0
14 41 0
14 42 0
15 1 0
15 11 0
15 14 0
16 13 0
16 18 0
16 23 0
17 9 0
17 20 0
17 21 0
18 8 0
18 16 0
18 22 0
19 13 0
19 24 0
19 25 0
20 17 0
20 26 0
20 44 0
21 17 0
21 27 0
21 45 0
22 18 0
22 46 0
22 47 0
22 48 0
23 2 0
23 3 0
23 16 0
24 19 0
24 28 0
24 49 0
25 19 0
25 30 0
25 50 0
26 4 0
26 20 0
26 29 0
27 21 0
27 29 0
27 51 0
28 5 0
28 24 0
28 31 0
29 6 0
29 26 0
29 27 0
30 0 0
30 25 0
30 31 0
31 7 0
31 28 0
31 30 0
32 2 0
32 52 0
32 53 0
32 54 0
33 4 0
33 55 0
33 56 0
33 57 0
34 5 0
34 58 0
34 59 0
34 60 0
35 6 0
35 61 0
35 62 0
35 63 0
36 7 0
36 64 0
36 65 0
36 66 0
37 9 0
38 10 0
39 10 0
40 13 0
41 14 0
42 14 0
43 8 0
44 20 0
45 21 0
46 22 0
47 22 0
48 22 0
49 24 0
50 25 0
51 27 0
52 32 0
53 32 0
54 32 0
55 33 0
56 33 0
57 33 0
58 34 0
59 34 0
60 34 0
61 35 0
62 35 0
63 35 0
64 36 0
65 36 0
66 36 0
GraphDataEnd
GraphEnd
NodeEnd
NodeStart
EPTNodeID: 13
AnchorID: 9079
TreeNodeGraphID: 59
Level: 9
SimplifiedLevel: 0
EditOperation: 5 52 69 0 0
AccumulatedOpsCount: 7
AccumulatedOp: 0 52 0 5 4
AccumulatedOp: 2 67 0 0 5
AccumulatedOp: 5 52 67 0 0
AccumulatedOp: 2 68 0 0 5
AccumulatedOp: 2 69 0 0 5
AccumulatedOp: 5 52 68 0 0
AccumulatedOp: 5 52 69 0 0
ChildrenCount: 0
ChildIndices:
CompletedDBGraphIDsCount: 4
CompletedDBGraphID: 22170
CompletedDBGraphID: 14843
CompletedDBGraphID: 1670
CompletedDBGraphID: 18680
GraphStart
GraphDataStart
ID: 59
NumNodes: 70
NumEdges: 146
NodeLabels
5 2 2 2 2 2 2 2 3 4 4 4 4 4 4 4 4 4 4 4 4 4 4 4 4 4 4 4 4 4 4 4 4 4 4 4 4 5 5 5 5 5 5 5 5 5 5 5 5 5 8 5 4 5 5 5 5 5 5 5 5 5 5 5 5 5 5 5 5 5 
Edges
0 30 0
1 15 0
2 23 0
2 32 0
3 23 0
4 26 0
4 33 0
5 28 0
5 34 0
6 29 0
6 35 0
7 31 0
7 36 0
8 12 0
8 18 0
8 43 0
9 10 0
9 14 0
9 17 0
9 37 0
10 9 0
10 12 0
10 38 0
10 39 0
11 12 0
11 13 0
11 15 0
12 8 0
12 10 0
12 11 0
13 11 0
13 16 0
13 19 0
13 40 0
14 9 0
14 15 0
14 41 0
14 42 0
15 1 0
15 11 0
15 14 0
16 13 0
16 18 0
16 23 0
17 9 0
17 20 0
17 21 0
18 8 0
18 16 0
18 22 0
19 13 0
19 24 0
19 25 0
20 17 0
20 26 0
20 44 0
21 17 0
21 27 0
21 45 0
22 18 0
22 46 0
22 47 0
22 48 0
23 2 0
23 3 0
23 16 0
24 19 0
24 28 0
24 49 0
25 19 0
25 30 0
25 50 0
26 4 0
26 20 0
26 29 0
27 21 0
27 29 0
27 51 0
28 5 0
28 24 0
28 31 0
29 6 0
29 26 0
29 27 0
30 0 0
30 25 0
30 31 0
31 7 0
31 28 0
31 30 0
32 2 0
32 52 0
32 53 0
32 54 0
33 4 0
33 55 0
33 56 0
33 57 0
34 5 0
34 58 0
34 59 0
34 60 0
35 6 0
35 61 0
35 62 0
35 63 0
36 7 0
36 64 0
36 65 0
36 66 0
37 9 0
38 10 0
39 10 0
40 13 0
41 14 0
42 14 0
43 8 0
44 20 0
45 21 0
46 22 0
47 22 0
48 22 0
49 24 0
50 25 0
51 27 0
52 32 0
52 67 0
52 68 0
52 69 0
53 32 0
54 32 0
55 33 0
56 33 0
57 33 0
58 34 0
59 34 0
60 34 0
61 35 0
62 35 0
63 35 0
64 36 0
65 36 0
66 36 0
67 52 0
68 52 0
69 52 0
GraphDataEnd
GraphEnd
NodeEnd
NodeStart
EPTNodeID: 14
AnchorID: 9079
TreeNodeGraphID: 69
Level: 11
SimplifiedLevel: 0
EditOperation: 5 31 34 0 0
AccumulatedOpsCount: 10
AccumulatedOp: 4 34 60 0 0
AccumulatedOp: 4 24 28 0 0
AccumulatedOp: 1 60 0 5 0
AccumulatedOp: 4 34 59 0 0
AccumulatedOp: 1 59 0 5 0
AccumulatedOp: 4 5 34 0 0
AccumulatedOp: 4 7 31 0 0
AccumulatedOp: 5 7 28 0 0
AccumulatedOp: 5 24 34 0 0
AccumulatedOp: 5 31 34 0 0
ChildrenCount: 0
ChildIndices:
CompletedDBGraphIDsCount: 4
CompletedDBGraphID: 10131
CompletedDBGraphID: 4385
CompletedDBGraphID: 21971
CompletedDBGraphID: 9553
GraphStart
GraphDataStart
ID: 69
NumNodes: 65
NumEdges: 136
NodeLabels
5 2 2 2 2 2 2 2 3 4 4 4 4 4 4 4 4 4 4 4 4 4 4 4 4 4 4 4 4 4 4 4 4 4 4 4 4 5 5 5 5 5 5 5 5 5 5 5 5 5 5 5 5 5 5 5 5 5 5 5 5 5 5 5 5 
Edges
0 30 0
1 15 0
2 23 0
2 32 0
3 23 0
4 26 0
4 33 0
5 28 0
6 29 0
6 35 0
7 36 0
7 28 0
8 12 0
8 18 0
8 43 0
9 10 0
9 14 0
9 17 0
9 37 0
10 9 0
10 12 0
10 38 0
10 39 0
11 12 0
11 13 0
11 15 0
12 8 0
12 10 0
12 11 0
13 11 0
13 16 0
13 19 0
13 40 0
14 9 0
14 15 0
14 41 0
14 42 0
15 1 0
15 11 0
15 14 0
16 13 0
16 18 0
16 23 0
17 9 0
17 20 0
17 21 0
18 8 0
18 16 0
18 22 0
19 13 0
19 24 0
19 25 0
20 17 0
20 26 0
20 44 0
21 17 0
21 27 0
21 45 0
22 18 0
22 46 0
22 47 0
22 48 0
23 2 0
23 3 0
23 16 0
24 19 0
24 49 0
24 34 0
25 19 0
25 30 0
25 50 0
26 4 0
26 20 0
26 29 0
27 21 0
27 29 0
27 51 0
28 5 0
28 31 0
28 7 0
29 6 0
29 26 0
29 27 0
30 0 0
30 25 0
30 31 0
31 28 0
31 30 0
31 34 0
32 2 0
32 52 0
32 53 0
32 54 0
33 4 0
33 55 0
33 56 0
33 57 0
34 58 0
34 24 0
34 31 0
35 6 0
35 59 0
35 60 0
35 61 0
36 7 0
36 62 0
36 63 0
36 64 0
37 9 0
38 10 0
39 10 0
40 13 0
41 14 0
42 14 0
43 8 0
44 20 0
45 21 0
46 22 0
47 22 0
48 22 0
49 24 0
50 25 0
51 27 0
52 32 0
53 32 0
54 32 0
55 33 0
56 33 0
57 33 0
58 34 0
59 35 0
60 35 0
61 35 0
62 36 0
63 36 0
64 36 0
GraphDataEnd
GraphEnd
NodeEnd
NodeStart
EPTNodeID: 15
AnchorID: 9079
TreeNodeGraphID: 78
Level: 9
SimplifiedLevel: 0
EditOperation: 5 7 24 0 0
AccumulatedOpsCount: 9
AccumulatedOp: 4 5 34 0 0
AccumulatedOp: 5 32 34 0 0
AccumulatedOp: 0 5 0 2 5
AccumulatedOp: 5 31 49 0 0
AccumulatedOp: 4 7 31 0 0
AccumulatedOp: 4 24 49 0 0
AccumulatedOp: 4 32 54 0 0
AccumulatedOp: 1 54 0 5 0
AccumulatedOp: 5 7 24 0 0
ChildrenCount: 0
ChildIndices:
CompletedDBGraphIDsCount: 4
CompletedDBGraphID: 18781
CompletedDBGraphID: 6336
CompletedDBGraphID: 11056
CompletedDBGraphID: 3303
GraphStart
GraphDataStart
ID: 78
NumNodes: 66
NumEdges: 138
NodeLabels
8 2 2 2 2 5 2 2 3 4 4 4 4 4 4 4 4 4 4 4 4 4 4 4 4 4 4 4 4 4 4 4 4 4 4 4 4 5 5 5 5 5 5 5 5 5 5 5 5 5 5 5 5 5 5 5 5 5 5 5 5 5 5 5 5 5 
Edges
0 30 0
1 15 0
2 23 0
2 32 0
3 23 0
4 26 0
4 33 0
5 28 0
6 29 0
6 35 0
7 36 0
7 24 0
8 12 0
8 18 0
8 43 0
9 10 0
9 14 0
9 17 0
9 37 0
10 9 0
10 12 0
10 38 0
10 39 0
11 12 0
11 13 0
11 15 0
12 8 0
12 10 0
12 11 0
13 11 0
13 16 0
13 19 0
13 40 0
14 9 0
14 15 0
14 41 0
14 42 0
15 1 0
15 11 0
15 14 0
16 13 0
16 18 0
16 23 0
17 9 0
17 20 0
17 21 0
18 8 0
18 16 0
18 22 0
19 13 0
19 24 0
19 25 0
20 17 0
20 26 0
20 44 0
21 17 0
21 27 0
21 45 0
22 18 0
22 46 0
22 47 0
22 48 0
23 2 0
23 3 0
23 16 0
24 19 0
24 28 0
24 7 0
25 19 0
25 30 0
25 50 0
26 4 0
26 20 0
26 29 0
27 21 0
27 29 0
27 51 0
28 5 0
28 24 0
28 31 0
29 6 0
29 26 0
29 27 0
30 0 0
30 25 0
30 31 0
31 28 0
31 30 0
31 49 0
32 2 0
32 52 0
32 53 0
32 34 0
33 4 0
33 54 0
33 55 0
33 56 0
34 57 0
34 58 0
34 59 0
34 32 0
35 6 0
35 60 0
35 61 0
35 62 0
36 7 0
36 63 0
36 64 0
36 65 0
37 9 0
38 10 0
39 10 0
40 13 0
41 14 0
42 14 0
43 8 0
44 20 0
45 21 0
46 22 0
47 22 0
48 22 0
49 31 0
50 25 0
51 27 0
52 32 0
53 32 0
54 33 0
55 33 0
56 33 0
57 34 0
58 34 0
59 34 0
60 35 0
61 35 0
62 35 0
63 36 0
64 36 0
65 36 0
GraphDataEnd
GraphEnd
NodeEnd
NodeStart
EPTNodeID: 16
AnchorID: 9079
TreeNodeGraphID: 81
Level: 3
SimplifiedLevel: 0
EditOperation: 2 67 0 0 5
AccumulatedOpsCount: 3
AccumulatedOp: 2 69 0 0 5
AccumulatedOp: 2 68 0 0 5
AccumulatedOp: 2 67 0 0 5
ChildrenCount: 2
ChildIndices: 17 18
CompletedDBGraphIDsCount: 0
GraphStart
GraphDataStart
ID: 81
NumNodes: 70
NumEdges: 140
NodeLabels
8 2 2 2 2 2 2 2 3 4 4 4 4 4 4 4 4 4 4 4 4 4 4 4 4 4 4 4 4 4 4 4 4 4 4 4 4 5 5 5 5 5 5 5 5 5 5 5 5 5 5 5 5 5 5 5 5 5 5 5 5 5 5 5 5 5 5 5 5 5 
Edges
0 30 0
1 15 0
2 23 0
2 32 0
3 23 0
4 26 0
4 33 0
5 28 0
5 34 0
6 29 0
6 35 0
7 31 0
7 36 0
8 12 0
8 18 0
8 43 0
9 10 0
9 14 0
9 17 0
9 37 0
10 9 0
10 12 0
10 38 0
10 39 0
11 12 0
11 13 0
11 15 0
12 8 0
12 10 0
12 11 0
13 11 0
13 16 0
13 19 0
13 40 0
14 9 0
14 15 0
14 41 0
14 42 0
15 1 0
15 11 0
15 14 0
16 13 0
16 18 0
16 23 0
17 9 0
17 20 0
17 21 0
18 8 0
18 16 0
18 22 0
19 13 0
19 24 0
19 25 0
20 17 0
20 26 0
20 44 0
21 17 0
21 27 0
21 45 0
22 18 0
22 46 0
22 47 0
22 48 0
23 2 0
23 3 0
23 16 0
24 19 0
24 28 0
24 49 0
25 19 0
25 30 0
25 50 0
26 4 0
26 20 0
26 29 0
27 21 0
27 29 0
27 51 0
28 5 0
28 24 0
28 31 0
29 6 0
29 26 0
29 27 0
30 0 0
30 25 0
30 31 0
31 7 0
31 28 0
31 30 0
32 2 0
32 52 0
32 53 0
32 54 0
33 4 0
33 55 0
33 56 0
33 57 0
34 5 0
34 58 0
34 59 0
34 60 0
35 6 0
35 61 0
35 62 0
35 63 0
36 7 0
36 64 0
36 65 0
36 66 0
37 9 0
38 10 0
39 10 0
40 13 0
41 14 0
42 14 0
43 8 0
44 20 0
45 21 0
46 22 0
47 22 0
48 22 0
49 24 0
50 25 0
51 27 0
52 32 0
53 32 0
54 32 0
55 33 0
56 33 0
57 33 0
58 34 0
59 34 0
60 34 0
61 35 0
62 35 0
63 35 0
64 36 0
65 36 0
66 36 0
GraphDataEnd
GraphEnd
NodeEnd
NodeStart
EPTNodeID: 17
AnchorID: 9079
TreeNodeGraphID: 85
Level: 7
SimplifiedLevel: 0
EditOperation: 5 58 69 0 0
AccumulatedOpsCount: 4
AccumulatedOp: 0 58 0 5 4
AccumulatedOp: 5 58 67 0 0
AccumulatedOp: 5 58 68 0 0
AccumulatedOp: 5 58 69 0 0
ChildrenCount: 0
ChildIndices:
CompletedDBGraphIDsCount: 4
CompletedDBGraphID: 12487
CompletedDBGraphID: 5213
CompletedDBGraphID: 21368
CompletedDBGraphID: 269
GraphStart
GraphDataStart
ID: 85
NumNodes: 70
NumEdges: 146
NodeLabels
8 2 2 2 2 2 2 2 3 4 4 4 4 4 4 4 4 4 4 4 4 4 4 4 4 4 4 4 4 4 4 4 4 4 4 4 4 5 5 5 5 5 5 5 5 5 5 5 5 5 5 5 5 5 5 5 5 5 4 5 5 5 5 5 5 5 5 5 5 5 
Edges
0 30 0
1 15 0
2 23 0
2 32 0
3 23 0
4 26 0
4 33 0
5 28 0
5 34 0
6 29 0
6 35 0
7 31 0
7 36 0
8 12 0
8 18 0
8 43 0
9 10 0
9 14 0
9 17 0
9 37 0
10 9 0
10 12 0
10 38 0
10 39 0
11 12 0
11 13 0
11 15 0
12 8 0
12 10 0
12 11 0
13 11 0
13 16 0
13 19 0
13 40 0
14 9 0
14 15 0
14 41 0
14 42 0
15 1 0
15 11 0
15 14 0
16 13 0
16 18 0
16 23 0
17 9 0
17 20 0
17 21 0
18 8 0
18 16 0
18 22 0
19 13 0
19 24 0
19 25 0
20 17 0
20 26 0
20 44 0
21 17 0
21 27 0
21 45 0
22 18 0
22 46 0
22 47 0
22 48 0
23 2 0
23 3 0
23 16 0
24 19 0
24 28 0
24 49 0
25 19 0
25 30 0
25 50 0
26 4 0
26 20 0
26 29 0
27 21 0
27 29 0
27 51 0
28 5 0
28 24 0
28 31 0
29 6 0
29 26 0
29 27 0
30 0 0
30 25 0
30 31 0
31 7 0
31 28 0
31 30 0
32 2 0
32 52 0
32 53 0
32 54 0
33 4 0
33 55 0
33 56 0
33 57 0
34 5 0
34 58 0
34 59 0
34 60 0
35 6 0
35 61 0
35 62 0
35 63 0
36 7 0
36 64 0
36 65 0
36 66 0
37 9 0
38 10 0
39 10 0
40 13 0
41 14 0
42 14 0
43 8 0
44 20 0
45 21 0
46 22 0
47 22 0
48 22 0
49 24 0
50 25 0
51 27 0
52 32 0
53 32 0
54 32 0
55 33 0
56 33 0
57 33 0
58 34 0
58 67 0
58 68 0
58 69 0
59 34 0
60 34 0
61 35 0
62 35 0
63 35 0
64 36 0
65 36 0
66 36 0
67 58 0
68 58 0
69 58 0
GraphDataEnd
GraphEnd
NodeEnd
NodeStart
EPTNodeID: 18
AnchorID: 9079
TreeNodeGraphID: 89
Level: 7
SimplifiedLevel: 0
EditOperation: 5 52 68 0 0
AccumulatedOpsCount: 4
AccumulatedOp: 5 52 69 0 0
AccumulatedOp: 0 52 0 5 4
AccumulatedOp: 5 52 67 0 0
AccumulatedOp: 5 52 68 0 0
ChildrenCount: 0
ChildIndices:
CompletedDBGraphIDsCount: 4
CompletedDBGraphID: 12643
CompletedDBGraphID: 4370
CompletedDBGraphID: 11516
CompletedDBGraphID: 944
GraphStart
GraphDataStart
ID: 89
NumNodes: 70
NumEdges: 146
NodeLabels
8 2 2 2 2 2 2 2 3 4 4 4 4 4 4 4 4 4 4 4 4 4 4 4 4 4 4 4 4 4 4 4 4 4 4 4 4 5 5 5 5 5 5 5 5 5 5 5 5 5 5 5 4 5 5 5 5 5 5 5 5 5 5 5 5 5 5 5 5 5 
Edges
0 30 0
1 15 0
2 23 0
2 32 0
3 23 0
4 26 0
4 33 0
5 28 0
5 34 0
6 29 0
6 35 0
7 31 0
7 36 0
8 12 0
8 18 0
8 43 0
9 10 0
9 14 0
9 17 0
9 37 0
10 9 0
10 12 0
10 38 0
10 39 0
11 12 0
11 13 0
11 15 0
12 8 0
12 10 0
12 11 0
13 11 0
13 16 0
13 19 0
13 40 0
14 9 0
14 15 0
14 41 0
14 42 0
15 1 0
15 11 0
15 14 0
16 13 0
16 18 0
16 23 0
17 9 0
17 20 0
17 21 0
18 8 0
18 16 0
18 22 0
19 13 0
19 24 0
19 25 0
20 17 0
20 26 0
20 44 0
21 17 0
21 27 0
21 45 0
22 18 0
22 46 0
22 47 0
22 48 0
23 2 0
23 3 0
23 16 0
24 19 0
24 28 0
24 49 0
25 19 0
25 30 0
25 50 0
26 4 0
26 20 0
26 29 0
27 21 0
27 29 0
27 51 0
28 5 0
28 24 0
28 31 0
29 6 0
29 26 0
29 27 0
30 0 0
30 25 0
30 31 0
31 7 0
31 28 0
31 30 0
32 2 0
32 52 0
32 53 0
32 54 0
33 4 0
33 55 0
33 56 0
33 57 0
34 5 0
34 58 0
34 59 0
34 60 0
35 6 0
35 61 0
35 62 0
35 63 0
36 7 0
36 64 0
36 65 0
36 66 0
37 9 0
38 10 0
39 10 0
40 13 0
41 14 0
42 14 0
43 8 0
44 20 0
45 21 0
46 22 0
47 22 0
48 22 0
49 24 0
50 25 0
51 27 0
52 32 0
52 69 0
52 67 0
52 68 0
53 32 0
54 32 0
55 33 0
56 33 0
57 33 0
58 34 0
59 34 0
60 34 0
61 35 0
62 35 0
63 35 0
64 36 0
65 36 0
66 36 0
67 52 0
68 52 0
69 52 0
GraphDataEnd
GraphEnd
NodeEnd
NodeStart
EPTNodeID: 19
AnchorID: 9079
TreeNodeGraphID: 96
Level: 7
SimplifiedLevel: 0
EditOperation: 1 66 0 5 0
AccumulatedOpsCount: 7
AccumulatedOp: 4 36 64 0 0
AccumulatedOp: 0 36 0 4 5
AccumulatedOp: 1 64 0 5 0
AccumulatedOp: 4 36 65 0 0
AccumulatedOp: 1 65 0 5 0
AccumulatedOp: 4 36 66 0 0
AccumulatedOp: 1 66 0 5 0
ChildrenCount: 0
ChildIndices:
CompletedDBGraphIDsCount: 4
CompletedDBGraphID: 1410
CompletedDBGraphID: 6063
CompletedDBGraphID: 12328
CompletedDBGraphID: 13645
GraphStart
GraphDataStart
ID: 96
NumNodes: 64
NumEdges: 134
NodeLabels
8 2 2 2 2 2 2 2 3 4 4 4 4 4 4 4 4 4 4 4 4 4 4 4 4 4 4 4 4 4 4 4 4 4 4 4 5 5 5 5 5 5 5 5 5 5 5 5 5 5 5 5 5 5 5 5 5 5 5 5 5 5 5 5 
Edges
0 30 0
1 15 0
2 23 0
2 32 0
3 23 0
4 26 0
4 33 0
5 28 0
5 34 0
6 29 0
6 35 0
7 31 0
7 36 0
8 12 0
8 18 0
8 43 0
9 10 0
9 14 0
9 17 0
9 37 0
10 9 0
10 12 0
10 38 0
10 39 0
11 12 0
11 13 0
11 15 0
12 8 0
12 10 0
12 11 0
13 11 0
13 16 0
13 19 0
13 40 0
14 9 0
14 15 0
14 41 0
14 42 0
15 1 0
15 11 0
15 14 0
16 13 0
16 18 0
16 23 0
17 9 0
17 20 0
17 21 0
18 8 0
18 16 0
18 22 0
19 13 0
19 24 0
19 25 0
20 17 0
20 26 0
20 44 0
21 17 0
21 27 0
21 45 0
22 18 0
22 46 0
22 47 0
22 48 0
23 2 0
23 3 0
23 16 0
24 19 0
24 28 0
24 49 0
25 19 0
25 30 0
25 50 0
26 4 0
26 20 0
26 29 0
27 21 0
27 29 0
27 51 0
28 5 0
28 24 0
28 31 0
29 6 0
29 26 0
29 27 0
30 0 0
30 25 0
30 31 0
31 7 0
31 28 0
31 30 0
32 2 0
32 52 0
32 53 0
32 54 0
33 4 0
33 55 0
33 56 0
33 57 0
34 5 0
34 58 0
34 59 0
34 60 0
35 6 0
35 61 0
35 62 0
35 63 0
36 7 0
37 9 0
38 10 0
39 10 0
40 13 0
41 14 0
42 14 0
43 8 0
44 20 0
45 21 0
46 22 0
47 22 0
48 22 0
49 24 0
50 25 0
51 27 0
52 32 0
53 32 0
54 32 0
55 33 0
56 33 0
57 33 0
58 34 0
59 34 0
60 34 0
61 35 0
62 35 0
63 35 0
GraphDataEnd
GraphEnd
NodeEnd
END_EPT
