BEGIN_EPT
AnchorID: 17747  # ID of the anchor node
RootIndex: 0  # Index of the root node in tree_nodes
NodeCount: 4  # Total number of nodes in the EPT
NodeStart
EPTNodeID: 0
AnchorID: 17747
TreeNodeGraphID: 0
Level: 0
SimplifiedLevel: 0
EditOperation: -1 0 -1 0 0
AccumulatedOpsCount: 0
ChildrenCount: 1
ChildIndices: 1
CompletedDBGraphIDsCount: 0
GraphStart
GraphDataStart
ID: 0
NumNodes: 54
NumEdges: 114
NodeLabels
1 1 1 1 2 2 2 3 3 3 3 3 3 4 4 4 4 4 4 4 4 4 4 4 4 4 4 4 4 4 4 4 4 4 4 4 5 5 5 5 5 5 5 5 5 5 5 5 5 5 5 5 5 5 
Edges
0 31 0
1 32 0
2 33 0
3 34 0
4 28 0
5 10 0
6 10 0
7 8 0
7 13 0
7 14 0
8 7 0
8 17 0
9 12 0
9 22 0
9 29 0
10 5 0
10 6 0
10 16 0
11 27 0
11 28 0
11 51 0
12 9 0
12 27 0
13 7 0
13 15 0
13 36 0
13 37 0
14 7 0
14 16 0
14 20 0
15 13 0
15 18 0
15 21 0
16 10 0
16 14 0
16 17 0
17 8 0
17 16 0
17 23 0
18 15 0
18 19 0
18 38 0
19 18 0
19 24 0
19 28 0
20 14 0
20 39 0
20 40 0
20 41 0
21 15 0
21 26 0
21 42 0
22 9 0
22 25 0
22 43 0
22 44 0
23 17 0
23 45 0
23 46 0
23 47 0
24 19 0
24 26 0
24 48 0
25 22 0
25 31 0
25 32 0
26 21 0
26 24 0
26 49 0
27 11 0
27 12 0
27 30 0
28 4 0
28 11 0
28 19 0
29 9 0
29 30 0
29 50 0
30 27 0
30 29 0
30 52 0
31 0 0
31 25 0
31 34 0
32 1 0
32 25 0
32 33 0
33 2 0
33 32 0
33 35 0
34 3 0
34 31 0
34 35 0
35 33 0
35 34 0
35 53 0
36 13 0
37 13 0
38 18 0
39 20 0
40 20 0
41 20 0
42 21 0
43 22 0
44 22 0
45 23 0
46 23 0
47 23 0
48 24 0
49 26 0
50 29 0
51 11 0
52 30 0
53 35 0
GraphDataEnd
GraphEnd
NodeEnd
NodeStart
EPTNodeID: 1
AnchorID: 17747
TreeNodeGraphID: 3
Level: 3
SimplifiedLevel: 0
EditOperation: 0 3 0 1 5
AccumulatedOpsCount: 3
AccumulatedOp: 0 1 0 1 5
AccumulatedOp: 0 2 0 1 5
AccumulatedOp: 0 3 0 1 5
ChildrenCount: 1
ChildIndices: 2
CompletedDBGraphIDsCount: 1
CompletedDBGraphID: 17450
GraphStart
GraphDataStart
ID: 3
NumNodes: 54
NumEdges: 114
NodeLabels
1 5 5 5 2 2 2 3 3 3 3 3 3 4 4 4 4 4 4 4 4 4 4 4 4 4 4 4 4 4 4 4 4 4 4 4 5 5 5 5 5 5 5 5 5 5 5 5 5 5 5 5 5 5 
Edges
0 31 0
1 32 0
2 33 0
3 34 0
4 28 0
5 10 0
6 10 0
7 8 0
7 13 0
7 14 0
8 7 0
8 17 0
9 12 0
9 22 0
9 29 0
10 5 0
10 6 0
10 16 0
11 27 0
11 28 0
11 51 0
12 9 0
12 27 0
13 7 0
13 15 0
13 36 0
13 37 0
14 7 0
14 16 0
14 20 0
15 13 0
15 18 0
15 21 0
16 10 0
16 14 0
16 17 0
17 8 0
17 16 0
17 23 0
18 15 0
18 19 0
18 38 0
19 18 0
19 24 0
19 28 0
20 14 0
20 39 0
20 40 0
20 41 0
21 15 0
21 26 0
21 42 0
22 9 0
22 25 0
22 43 0
22 44 0
23 17 0
23 45 0
23 46 0
23 47 0
24 19 0
24 26 0
24 48 0
25 22 0
25 31 0
25 32 0
26 21 0
26 24 0
26 49 0
27 11 0
27 12 0
27 30 0
28 4 0
28 11 0
28 19 0
29 9 0
29 30 0
29 50 0
30 27 0
30 29 0
30 52 0
31 0 0
31 25 0
31 34 0
32 1 0
32 25 0
32 33 0
33 2 0
33 32 0
33 35 0
34 3 0
34 31 0
34 35 0
35 33 0
35 34 0
35 53 0
36 13 0
37 13 0
38 18 0
39 20 0
40 20 0
41 20 0
42 21 0
43 22 0
44 22 0
45 23 0
46 23 0
47 23 0
48 24 0
49 26 0
50 29 0
51 11 0
52 30 0
53 35 0
GraphDataEnd
GraphEnd
NodeEnd
NodeStart
EPTNodeID: 2
AnchorID: 17747
TreeNodeGraphID: 4
Level: 4
SimplifiedLevel: 0
EditOperation: 0 0 0 1 5
AccumulatedOpsCount: 1
AccumulatedOp: 0 0 0 1 5
ChildrenCount: 1
ChildIndices: 3
CompletedDBGraphIDsCount: 1
CompletedDBGraphID: 10530
GraphStart
GraphDataStart
ID: 4
NumNodes: 54
NumEdges: 114
NodeLabels
5 5 5 5 2 2 2 3 3 3 3 3 3 4 4 4 4 4 4 4 4 4 4 4 4 4 4 4 4 4 4 4 4 4 4 4 5 5 5 5 5 5 5 5 5 5 5 5 5 5 5 5 5 5 
Edges
0 31 0
1 32 0
2 33 0
3 34 0
4 28 0
5 10 0
6 10 0
7 8 0
7 13 0
7 14 0
8 7 0
8 17 0
9 12 0
9 22 0
9 29 0
10 5 0
10 6 0
10 16 0
11 27 0
11 28 0
11 51 0
12 9 0
12 27 0
13 7 0
13 15 0
13 36 0
13 37 0
14 7 0
14 16 0
14 20 0
15 13 0
15 18 0
15 21 0
16 10 0
16 14 0
16 17 0
17 8 0
17 16 0
17 23 0
18 15 0
18 19 0
18 38 0
19 18 0
19 24 0
19 28 0
20 14 0
20 39 0
20 40 0
20 41 0
21 15 0
21 26 0
21 42 0
22 9 0
22 25 0
22 43 0
22 44 0
23 17 0
23 45 0
23 46 0
23 47 0
24 19 0
24 26 0
24 48 0
25 22 0
25 31 0
25 32 0
26 21 0
26 24 0
26 49 0
27 11 0
27 12 0
27 30 0
28 4 0
28 11 0
28 19 0
29 9 0
29 30 0
29 50 0
30 27 0
30 29 0
30 52 0
31 0 0
31 25 0
31 34 0
32 1 0
32 25 0
32 33 0
33 2 0
33 32 0
33 35 0
34 3 0
34 31 0
34 35 0
35 33 0
35 34 0
35 53 0
36 13 0
37 13 0
38 18 0
39 20 0
40 20 0
41 20 0
42 21 0
43 22 0
44 22 0
45 23 0
46 23 0
47 23 0
48 24 0
49 26 0
50 29 0
51 11 0
52 30 0
53 35 0
GraphDataEnd
GraphEnd
NodeEnd
NodeStart
EPTNodeID: 3
AnchorID: 17747
TreeNodeGraphID: 8
Level: 8
SimplifiedLevel: 0
EditOperation: 5 11 35 0 0
AccumulatedOpsCount: 4
AccumulatedOp: 5 27 53 0 0
AccumulatedOp: 4 35 53 0 0
AccumulatedOp: 4 11 27 0 0
AccumulatedOp: 5 11 35 0 0
ChildrenCount: 0
ChildIndices:
CompletedDBGraphIDsCount: 1
CompletedDBGraphID: 19411
GraphStart
GraphDataStart
ID: 8
NumNodes: 54
NumEdges: 114
NodeLabels
5 5 5 5 2 2 2 3 3 3 3 3 3 4 4 4 4 4 4 4 4 4 4 4 4 4 4 4 4 4 4 4 4 4 4 4 5 5 5 5 5 5 5 5 5 5 5 5 5 5 5 5 5 5 
Edges
0 31 0
1 32 0
2 33 0
3 34 0
4 28 0
5 10 0
6 10 0
7 8 0
7 13 0
7 14 0
8 7 0
8 17 0
9 12 0
9 22 0
9 29 0
10 5 0
10 6 0
10 16 0
11 28 0
11 51 0
11 35 0
12 9 0
12 27 0
13 7 0
13 15 0
13 36 0
13 37 0
14 7 0
14 16 0
14 20 0
15 13 0
15 18 0
15 21 0
16 10 0
16 14 0
16 17 0
17 8 0
17 16 0
17 23 0
18 15 0
18 19 0
18 38 0
19 18 0
19 24 0
19 28 0
20 14 0
20 39 0
20 40 0
20 41 0
21 15 0
21 26 0
21 42 0
22 9 0
22 25 0
22 43 0
22 44 0
23 17 0
23 45 0
23 46 0
23 47 0
24 19 0
24 26 0
24 48 0
25 22 0
25 31 0
25 32 0
26 21 0
26 24 0
26 49 0
27 12 0
27 30 0
27 53 0
28 4 0
28 11 0
28 19 0
29 9 0
29 30 0
29 50 0
30 27 0
30 29 0
30 52 0
31 0 0
31 25 0
31 34 0
32 1 0
32 25 0
32 33 0
33 2 0
33 32 0
33 35 0
34 3 0
34 31 0
34 35 0
35 33 0
35 34 0
35 11 0
36 13 0
37 13 0
38 18 0
39 20 0
40 20 0
41 20 0
42 21 0
43 22 0
44 22 0
45 23 0
46 23 0
47 23 0
48 24 0
49 26 0
50 29 0
51 11 0
52 30 0
53 27 0
GraphDataEnd
GraphEnd
NodeEnd
END_EPT
