BEGIN_EPT
AnchorID: 4749  # ID of the anchor node
RootIndex: 0  # Index of the root node in tree_nodes
NodeCount: 1  # Total number of nodes in the EPT
NodeStart
EPTNodeID: 0
AnchorID: 4749
TreeNodeGraphID: 0
Level: 0
SimplifiedLevel: 0
EditOperation: -1 0 -1 0 0
AccumulatedOpsCount: 0
ChildrenCount: 0
ChildIndices:
CompletedDBGraphIDsCount: 0
GraphStart
GraphDataStart
ID: 0
NumNodes: 72
NumEdges: 148
NodeLabels
6 6 2 2 2 2 2 2 2 2 3 3 4 4 4 4 4 4 4 4 4 4 4 4 4 4 4 4 4 4 4 4 4 4 4 4 4 4 4 4 5 5 5 5 5 5 5 5 5 5 5 5 5 5 5 5 5 5 5 5 5 5 5 5 5 5 5 5 5 5 5 5 
Edges
0 4 0
0 5 0
0 10 0
0 23 0
1 2 0
1 3 0
1 11 0
1 22 0
2 1 0
3 1 0
4 0 0
5 0 0
6 15 0
7 14 0
8 37 0
8 38 0
9 36 0
9 39 0
10 0 0
10 13 0
10 15 0
11 1 0
11 12 0
11 14 0
12 11 0
12 17 0
12 19 0
13 10 0
13 16 0
13 18 0
14 7 0
14 11 0
14 21 0
15 6 0
15 10 0
15 20 0
16 13 0
16 17 0
16 40 0
17 12 0
17 16 0
17 41 0
18 13 0
18 19 0
18 42 0
19 12 0
19 18 0
19 43 0
20 15 0
20 25 0
20 44 0
20 45 0
21 14 0
21 24 0
21 46 0
21 47 0
22 1 0
22 27 0
22 29 0
23 0 0
23 26 0
23 28 0
24 21 0
24 30 0
24 50 0
24 51 0
25 20 0
25 31 0
25 48 0
25 49 0
26 23 0
26 33 0
26 53 0
27 22 0
27 32 0
27 52 0
28 23 0
28 35 0
28 55 0
29 22 0
29 34 0
29 54 0
30 24 0
30 56 0
30 57 0
30 58 0
31 25 0
31 59 0
31 60 0
31 61 0
32 27 0
32 36 0
32 63 0
33 26 0
33 37 0
33 62 0
34 29 0
34 36 0
34 65 0
35 28 0
35 37 0
35 64 0
36 9 0
36 32 0
36 34 0
37 8 0
37 33 0
37 35 0
38 8 0
38 67 0
38 68 0
38 69 0
39 9 0
39 66 0
39 70 0
39 71 0
40 16 0
41 17 0
42 18 0
43 19 0
44 20 0
45 20 0
46 21 0
47 21 0
48 25 0
49 25 0
50 24 0
51 24 0
52 27 0
53 26 0
54 29 0
55 28 0
56 30 0
57 30 0
58 30 0
59 31 0
60 31 0
61 31 0
62 33 0
63 32 0
64 35 0
65 34 0
66 39 0
67 38 0
68 38 0
69 38 0
70 39 0
71 39 0
GraphDataEnd
GraphEnd
NodeEnd
END_EPT
