BEGIN_EPT
AnchorID: 13157  # ID of the anchor node
RootIndex: 0  # Index of the root node in tree_nodes
NodeCount: 1  # Total number of nodes in the EPT
NodeStart
EPTNodeID: 0
AnchorID: 13157
TreeNodeGraphID: 0
Level: 0
SimplifiedLevel: 0
EditOperation: -1 0 -1 0 0
AccumulatedOpsCount: 0
ChildrenCount: 0
ChildIndices:
CompletedDBGraphIDsCount: 0
GraphStart
GraphDataStart
ID: 0
NumNodes: 71
NumEdges: 150
NodeLabels
2 2 2 2 3 3 3 3 3 4 4 4 4 4 4 4 4 4 4 4 4 4 4 4 4 4 4 4 4 4 4 4 4 4 4 4 4 4 5 5 5 5 5 5 5 5 5 5 5 5 5 5 5 5 5 5 5 5 5 5 5 5 5 5 5 5 5 5 5 5 5 
Edges
0 19 0
1 20 0
2 34 0
2 36 0
3 35 0
3 37 0
4 9 0
4 10 0
4 17 0
5 11 0
5 12 0
5 18 0
6 13 0
6 14 0
6 19 0
7 15 0
7 16 0
7 20 0
8 28 0
8 29 0
9 4 0
9 13 0
9 40 0
9 41 0
10 4 0
10 14 0
10 38 0
10 39 0
11 5 0
11 16 0
11 43 0
11 44 0
12 5 0
12 15 0
12 42 0
12 45 0
13 6 0
13 9 0
13 46 0
13 47 0
14 6 0
14 10 0
14 48 0
14 49 0
15 7 0
15 12 0
15 50 0
15 51 0
16 7 0
16 11 0
16 52 0
16 53 0
17 4 0
17 24 0
17 25 0
18 5 0
18 26 0
18 27 0
19 0 0
19 6 0
19 21 0
20 1 0
20 7 0
20 22 0
21 19 0
21 23 0
21 28 0
22 20 0
22 23 0
22 29 0
23 21 0
23 22 0
23 54 0
24 17 0
24 30 0
24 55 0
25 17 0
25 31 0
25 56 0
26 18 0
26 32 0
26 57 0
27 18 0
27 33 0
27 58 0
28 8 0
28 21 0
28 59 0
29 8 0
29 22 0
29 60 0
30 24 0
30 34 0
30 61 0
31 25 0
31 34 0
31 62 0
32 26 0
32 35 0
32 63 0
33 27 0
33 35 0
33 64 0
34 2 0
34 30 0
34 31 0
35 3 0
35 32 0
35 33 0
36 2 0
36 65 0
36 66 0
36 67 0
37 3 0
37 68 0
37 69 0
37 70 0
38 10 0
39 10 0
40 9 0
41 9 0
42 12 0
43 11 0
44 11 0
45 12 0
46 13 0
47 13 0
48 14 0
49 14 0
50 15 0
51 15 0
52 16 0
53 16 0
54 23 0
55 24 0
56 25 0
57 26 0
58 27 0
59 28 0
60 29 0
61 30 0
62 31 0
63 32 0
64 33 0
65 36 0
66 36 0
67 36 0
68 37 0
69 37 0
70 37 0
GraphDataEnd
GraphEnd
NodeEnd
END_EPT
