BEGIN_EPT
AnchorID: 2481  # ID of the anchor node
RootIndex: 0  # Index of the root node in tree_nodes
NodeCount: 1  # Total number of nodes in the EPT
NodeStart
EPTNodeID: 0
AnchorID: 2481
TreeNodeGraphID: 0
Level: 0
SimplifiedLevel: 0
EditOperation: -1 0 -1 0 0
AccumulatedOpsCount: 0
ChildrenCount: 0
ChildIndices:
CompletedDBGraphIDsCount: 0
GraphStart
GraphDataStart
ID: 0
NumNodes: 78
NumEdges: 164
NodeLabels
6 2 2 2 3 3 3 4 4 4 4 4 4 4 4 4 4 4 4 4 4 4 4 4 4 4 4 4 4 4 4 4 4 4 4 4 4 4 4 5 5 5 5 5 5 5 5 5 5 5 5 5 5 5 5 5 5 5 5 5 5 5 5 5 5 5 5 5 5 5 5 5 5 5 5 5 5 5 
Edges
0 1 0
0 2 0
0 4 0
0 20 0
1 0 0
2 0 0
3 18 0
4 0 0
4 7 0
4 13 0
5 14 0
5 15 0
5 18 0
6 16 0
6 17 0
6 19 0
7 4 0
7 8 0
7 9 0
7 39 0
8 7 0
8 10 0
8 42 0
8 43 0
9 7 0
9 11 0
9 40 0
9 41 0
10 8 0
10 12 0
10 46 0
10 47 0
11 9 0
11 12 0
11 44 0
11 45 0
12 10 0
12 11 0
12 48 0
12 49 0
13 4 0
13 18 0
13 50 0
13 51 0
14 5 0
14 17 0
14 52 0
14 53 0
15 5 0
15 16 0
15 54 0
15 55 0
16 6 0
16 15 0
16 58 0
16 59 0
17 6 0
17 14 0
17 56 0
17 57 0
18 3 0
18 5 0
18 13 0
19 6 0
19 21 0
19 22 0
19 60 0
20 0 0
20 23 0
20 24 0
21 19 0
21 25 0
21 27 0
22 19 0
22 26 0
22 28 0
23 20 0
23 29 0
23 61 0
24 20 0
24 30 0
24 62 0
25 21 0
25 32 0
25 64 0
26 22 0
26 33 0
26 63 0
27 21 0
27 34 0
27 66 0
28 22 0
28 35 0
28 65 0
29 23 0
29 31 0
29 67 0
30 24 0
30 31 0
30 68 0
31 29 0
31 30 0
31 38 0
32 25 0
32 36 0
32 69 0
33 26 0
33 37 0
33 70 0
34 27 0
34 36 0
34 71 0
35 28 0
35 37 0
35 72 0
36 32 0
36 34 0
36 74 0
37 33 0
37 35 0
37 73 0
38 31 0
38 75 0
38 76 0
38 77 0
39 7 0
40 9 0
41 9 0
42 8 0
43 8 0
44 11 0
45 11 0
46 10 0
47 10 0
48 12 0
49 12 0
50 13 0
51 13 0
52 14 0
53 14 0
54 15 0
55 15 0
56 17 0
57 17 0
58 16 0
59 16 0
60 19 0
61 23 0
62 24 0
63 26 0
64 25 0
65 28 0
66 27 0
67 29 0
68 30 0
69 32 0
70 33 0
71 34 0
72 35 0
73 37 0
74 36 0
75 38 0
76 38 0
77 38 0
GraphDataEnd
GraphEnd
NodeEnd
END_EPT
