BEGIN_EPT
AnchorID: 2953  # ID of the anchor node
RootIndex: 0  # Index of the root node in tree_nodes
NodeCount: 1  # Total number of nodes in the EPT
NodeStart
EPTNodeID: 0
AnchorID: 2953
TreeNodeGraphID: 0
Level: 0
SimplifiedLevel: 0
EditOperation: -1 0 -1 0 0
AccumulatedOpsCount: 0
ChildrenCount: 0
ChildIndices:
CompletedDBGraphIDsCount: 0
GraphStart
GraphDataStart
ID: 0
NumNodes: 71
NumEdges: 150
NodeLabels
7 2 2 2 2 2 2 3 4 4 4 4 4 4 4 4 4 4 4 4 4 4 4 4 4 4 4 4 4 4 4 4 4 4 4 4 4 4 4 5 5 5 5 5 5 5 5 5 5 5 5 5 5 5 5 5 5 5 5 5 5 5 5 5 5 5 5 5 5 5 5 
Edges
0 24 0
1 17 0
2 18 0
3 27 0
3 34 0
4 29 0
4 35 0
5 36 0
5 37 0
6 36 0
7 11 0
7 12 0
7 22 0
8 9 0
8 10 0
8 21 0
8 39 0
9 8 0
9 12 0
9 17 0
10 8 0
10 11 0
10 18 0
11 7 0
11 10 0
11 13 0
12 7 0
12 9 0
12 14 0
13 11 0
13 16 0
13 40 0
13 41 0
14 12 0
14 15 0
14 42 0
14 43 0
15 14 0
15 20 0
15 46 0
15 47 0
16 13 0
16 19 0
16 44 0
16 45 0
17 1 0
17 9 0
17 20 0
18 2 0
18 10 0
18 19 0
19 16 0
19 18 0
19 49 0
19 50 0
20 15 0
20 17 0
20 48 0
20 51 0
21 8 0
21 23 0
21 24 0
22 7 0
22 25 0
22 26 0
23 21 0
23 27 0
23 52 0
24 0 0
24 21 0
24 28 0
25 22 0
25 30 0
25 53 0
26 22 0
26 31 0
26 54 0
27 3 0
27 23 0
27 29 0
28 24 0
28 29 0
28 55 0
29 4 0
29 27 0
29 28 0
30 25 0
30 32 0
30 56 0
31 26 0
31 32 0
31 57 0
32 30 0
32 31 0
32 33 0
33 32 0
33 58 0
33 59 0
33 60 0
34 3 0
34 61 0
34 62 0
34 63 0
35 4 0
35 36 0
35 64 0
35 65 0
36 5 0
36 6 0
36 35 0
37 5 0
37 38 0
37 66 0
37 67 0
38 37 0
38 68 0
38 69 0
38 70 0
39 8 0
40 13 0
41 13 0
42 14 0
43 14 0
44 16 0
45 16 0
46 15 0
47 15 0
48 20 0
49 19 0
50 19 0
51 20 0
52 23 0
53 25 0
54 26 0
55 28 0
56 30 0
57 31 0
58 33 0
59 33 0
60 33 0
61 34 0
62 34 0
63 34 0
64 35 0
65 35 0
66 37 0
67 37 0
68 38 0
69 38 0
70 38 0
GraphDataEnd
GraphEnd
NodeEnd
END_EPT
