BEGIN_EPT
AnchorID: 12889  # ID of the anchor node
RootIndex: 0  # Index of the root node in tree_nodes
NodeCount: 2  # Total number of nodes in the EPT
NodeStart
EPTNodeID: 0
AnchorID: 12889
TreeNodeGraphID: 0
Level: 0
SimplifiedLevel: 0
EditOperation: -1 0 -1 0 0
AccumulatedOpsCount: 0
ChildrenCount: 1
ChildIndices: 1
CompletedDBGraphIDsCount: 0
GraphStart
GraphDataStart
ID: 0
NumNodes: 70
NumEdges: 152
NodeLabels
1 1 2 3 3 3 3 3 4 4 4 4 4 4 4 4 4 4 4 4 4 4 4 4 4 4 4 4 4 4 4 4 4 4 4 4 4 5 5 5 5 5 5 5 5 5 5 5 5 5 5 5 5 5 5 5 5 5 5 5 5 5 5 5 5 5 5 5 5 5 
Edges
0 29 0
1 29 0
2 22 0
3 10 0
3 18 0
3 19 0
4 20 0
4 21 0
4 22 0
5 6 0
5 24 0
5 26 0
6 5 0
6 25 0
7 24 0
7 27 0
8 10 0
8 13 0
8 15 0
8 37 0
9 10 0
9 14 0
9 16 0
9 38 0
10 3 0
10 8 0
10 9 0
10 39 0
11 13 0
11 14 0
11 17 0
11 40 0
12 15 0
12 16 0
12 17 0
12 41 0
13 8 0
13 11 0
13 42 0
13 43 0
14 9 0
14 11 0
14 48 0
14 49 0
15 8 0
15 12 0
15 46 0
15 47 0
16 9 0
16 12 0
16 44 0
16 45 0
17 11 0
17 12 0
17 50 0
17 51 0
18 3 0
18 20 0
18 52 0
18 53 0
19 3 0
19 21 0
19 54 0
19 55 0
20 4 0
20 18 0
20 58 0
20 59 0
21 4 0
21 19 0
21 56 0
21 57 0
22 2 0
22 4 0
22 23 0
23 22 0
23 24 0
23 25 0
24 5 0
24 7 0
24 23 0
25 6 0
25 23 0
25 60 0
26 5 0
26 28 0
26 29 0
27 7 0
27 28 0
27 30 0
28 26 0
28 27 0
28 61 0
29 0 0
29 1 0
29 26 0
29 62 0
30 27 0
30 31 0
30 32 0
31 30 0
31 33 0
31 63 0
32 30 0
32 34 0
32 64 0
33 31 0
33 35 0
33 65 0
34 32 0
34 35 0
34 66 0
35 33 0
35 34 0
35 36 0
36 35 0
36 67 0
36 68 0
36 69 0
37 8 0
38 9 0
39 10 0
40 11 0
41 12 0
42 13 0
43 13 0
44 16 0
45 16 0
46 15 0
47 15 0
48 14 0
49 14 0
50 17 0
51 17 0
52 18 0
53 18 0
54 19 0
55 19 0
56 21 0
57 21 0
58 20 0
59 20 0
60 25 0
61 28 0
62 29 0
63 31 0
64 32 0
65 33 0
66 34 0
67 36 0
68 36 0
69 36 0
GraphDataEnd
GraphEnd
NodeEnd
NodeStart
EPTNodeID: 1
AnchorID: 12889
TreeNodeGraphID: 4
Level: 4
SimplifiedLevel: 0
EditOperation: 5 36 70 0 0
AccumulatedOpsCount: 4
AccumulatedOp: 2 70 0 0 2
AccumulatedOp: 4 35 36 0 0
AccumulatedOp: 5 35 70 0 0
AccumulatedOp: 5 36 70 0 0
ChildrenCount: 0
ChildIndices:
CompletedDBGraphIDsCount: 1
CompletedDBGraphID: 12656
GraphStart
GraphDataStart
ID: 4
NumNodes: 71
NumEdges: 154
NodeLabels
1 1 2 3 3 3 3 3 4 4 4 4 4 4 4 4 4 4 4 4 4 4 4 4 4 4 4 4 4 4 4 4 4 4 4 4 4 5 5 5 5 5 5 5 5 5 5 5 5 5 5 5 5 5 5 5 5 5 5 5 5 5 5 5 5 5 5 5 5 5 2 
Edges
0 29 0
1 29 0
2 22 0
3 10 0
3 18 0
3 19 0
4 20 0
4 21 0
4 22 0
5 6 0
5 24 0
5 26 0
6 5 0
6 25 0
7 24 0
7 27 0
8 10 0
8 13 0
8 15 0
8 37 0
9 10 0
9 14 0
9 16 0
9 38 0
10 3 0
10 8 0
10 9 0
10 39 0
11 13 0
11 14 0
11 17 0
11 40 0
12 15 0
12 16 0
12 17 0
12 41 0
13 8 0
13 11 0
13 42 0
13 43 0
14 9 0
14 11 0
14 48 0
14 49 0
15 8 0
15 12 0
15 46 0
15 47 0
16 9 0
16 12 0
16 44 0
16 45 0
17 11 0
17 12 0
17 50 0
17 51 0
18 3 0
18 20 0
18 52 0
18 53 0
19 3 0
19 21 0
19 54 0
19 55 0
20 4 0
20 18 0
20 58 0
20 59 0
21 4 0
21 19 0
21 56 0
21 57 0
22 2 0
22 4 0
22 23 0
23 22 0
23 24 0
23 25 0
24 5 0
24 7 0
24 23 0
25 6 0
25 23 0
25 60 0
26 5 0
26 28 0
26 29 0
27 7 0
27 28 0
27 30 0
28 26 0
28 27 0
28 61 0
29 0 0
29 1 0
29 26 0
29 62 0
30 27 0
30 31 0
30 32 0
31 30 0
31 33 0
31 63 0
32 30 0
32 34 0
32 64 0
33 31 0
33 35 0
33 65 0
34 32 0
34 35 0
34 66 0
35 33 0
35 34 0
35 70 0
36 67 0
36 68 0
36 69 0
36 70 0
37 8 0
38 9 0
39 10 0
40 11 0
41 12 0
42 13 0
43 13 0
44 16 0
45 16 0
46 15 0
47 15 0
48 14 0
49 14 0
50 17 0
51 17 0
52 18 0
53 18 0
54 19 0
55 19 0
56 21 0
57 21 0
58 20 0
59 20 0
60 25 0
61 28 0
62 29 0
63 31 0
64 32 0
65 33 0
66 34 0
67 36 0
68 36 0
69 36 0
70 35 0
70 36 0
GraphDataEnd
GraphEnd
NodeEnd
END_EPT
