BEGIN_EPT
AnchorID: 5082  # ID of the anchor node
RootIndex: 0  # Index of the root node in tree_nodes
NodeCount: 23  # Total number of nodes in the EPT
NodeStart
EPTNodeID: 0
AnchorID: 5082
TreeNodeGraphID: 0
Level: 0
SimplifiedLevel: 0
EditOperation: -1 0 -1 0 0
AccumulatedOpsCount: 0
ChildrenCount: 7
ChildIndices: 1 13 14 15 20 21 22
CompletedDBGraphIDsCount: 0
GraphStart
GraphDataStart
ID: 0
NumNodes: 57
NumEdges: 120
NodeLabels
6 2 2 3 3 3 3 4 4 4 4 4 4 4 4 4 4 4 4 4 4 4 4 4 4 4 4 4 4 4 4 5 5 5 5 5 5 5 5 5 5 5 5 5 5 5 5 5 5 5 5 5 5 5 5 5 5 
Edges
0 11 0
0 18 0
1 13 0
2 14 0
3 7 0
3 8 0
3 11 0
4 10 0
4 14 0
4 16 0
5 13 0
5 14 0
5 17 0
6 10 0
6 11 0
7 3 0
7 9 0
7 31 0
7 32 0
8 3 0
8 10 0
8 13 0
9 7 0
9 12 0
9 33 0
9 34 0
10 4 0
10 6 0
10 8 0
11 0 0
11 3 0
11 6 0
12 9 0
12 15 0
12 35 0
12 36 0
13 1 0
13 5 0
13 8 0
14 2 0
14 4 0
14 5 0
15 12 0
15 19 0
15 20 0
16 4 0
16 37 0
16 38 0
16 39 0
17 5 0
17 40 0
17 41 0
17 42 0
18 0 0
18 21 0
18 43 0
18 44 0
19 15 0
19 22 0
19 45 0
20 15 0
20 23 0
20 46 0
21 18 0
21 24 0
21 25 0
22 19 0
22 26 0
22 47 0
23 20 0
23 26 0
23 48 0
24 21 0
24 27 0
24 49 0
25 21 0
25 28 0
25 50 0
26 22 0
26 23 0
26 51 0
27 24 0
27 29 0
27 30 0
28 25 0
28 29 0
28 52 0
29 27 0
29 28 0
29 53 0
30 27 0
30 54 0
30 55 0
30 56 0
31 7 0
32 7 0
33 9 0
34 9 0
35 12 0
36 12 0
37 16 0
38 16 0
39 16 0
40 17 0
41 17 0
42 17 0
43 18 0
44 18 0
45 19 0
46 20 0
47 22 0
48 23 0
49 24 0
50 25 0
51 26 0
52 28 0
53 29 0
54 30 0
55 30 0
56 30 0
GraphDataEnd
GraphEnd
NodeEnd
NodeStart
EPTNodeID: 1
AnchorID: 5082
TreeNodeGraphID: 1
Level: 1
SimplifiedLevel: 0
EditOperation: 4 30 56 0 0
AccumulatedOpsCount: 1
AccumulatedOp: 4 30 56 0 0
ChildrenCount: 2
ChildIndices: 2 12
CompletedDBGraphIDsCount: 0
GraphStart
GraphDataStart
ID: 1
NumNodes: 57
NumEdges: 118
NodeLabels
6 2 2 3 3 3 3 4 4 4 4 4 4 4 4 4 4 4 4 4 4 4 4 4 4 4 4 4 4 4 4 5 5 5 5 5 5 5 5 5 5 5 5 5 5 5 5 5 5 5 5 5 5 5 5 5 5 
Edges
0 11 0
0 18 0
1 13 0
2 14 0
3 7 0
3 8 0
3 11 0
4 10 0
4 14 0
4 16 0
5 13 0
5 14 0
5 17 0
6 10 0
6 11 0
7 3 0
7 9 0
7 31 0
7 32 0
8 3 0
8 10 0
8 13 0
9 7 0
9 12 0
9 33 0
9 34 0
10 4 0
10 6 0
10 8 0
11 0 0
11 3 0
11 6 0
12 9 0
12 15 0
12 35 0
12 36 0
13 1 0
13 5 0
13 8 0
14 2 0
14 4 0
14 5 0
15 12 0
15 19 0
15 20 0
16 4 0
16 37 0
16 38 0
16 39 0
17 5 0
17 40 0
17 41 0
17 42 0
18 0 0
18 21 0
18 43 0
18 44 0
19 15 0
19 22 0
19 45 0
20 15 0
20 23 0
20 46 0
21 18 0
21 24 0
21 25 0
22 19 0
22 26 0
22 47 0
23 20 0
23 26 0
23 48 0
24 21 0
24 27 0
24 49 0
25 21 0
25 28 0
25 50 0
26 22 0
26 23 0
26 51 0
27 24 0
27 29 0
27 30 0
28 25 0
28 29 0
28 52 0
29 27 0
29 28 0
29 53 0
30 27 0
30 54 0
30 55 0
31 7 0
32 7 0
33 9 0
34 9 0
35 12 0
36 12 0
37 16 0
38 16 0
39 16 0
40 17 0
41 17 0
42 17 0
43 18 0
44 18 0
45 19 0
46 20 0
47 22 0
48 23 0
49 24 0
50 25 0
51 26 0
52 28 0
53 29 0
54 30 0
55 30 0
GraphDataEnd
GraphEnd
NodeEnd
NodeStart
EPTNodeID: 2
AnchorID: 5082
TreeNodeGraphID: 2
Level: 2
SimplifiedLevel: 0
EditOperation: 1 56 0 5 0
AccumulatedOpsCount: 1
AccumulatedOp: 1 56 0 5 0
ChildrenCount: 2
ChildIndices: 3 11
CompletedDBGraphIDsCount: 0
GraphStart
GraphDataStart
ID: 2
NumNodes: 56
NumEdges: 118
NodeLabels
6 2 2 3 3 3 3 4 4 4 4 4 4 4 4 4 4 4 4 4 4 4 4 4 4 4 4 4 4 4 4 5 5 5 5 5 5 5 5 5 5 5 5 5 5 5 5 5 5 5 5 5 5 5 5 5 
Edges
0 11 0
0 18 0
1 13 0
2 14 0
3 7 0
3 8 0
3 11 0
4 10 0
4 14 0
4 16 0
5 13 0
5 14 0
5 17 0
6 10 0
6 11 0
7 3 0
7 9 0
7 31 0
7 32 0
8 3 0
8 10 0
8 13 0
9 7 0
9 12 0
9 33 0
9 34 0
10 4 0
10 6 0
10 8 0
11 0 0
11 3 0
11 6 0
12 9 0
12 15 0
12 35 0
12 36 0
13 1 0
13 5 0
13 8 0
14 2 0
14 4 0
14 5 0
15 12 0
15 19 0
15 20 0
16 4 0
16 37 0
16 38 0
16 39 0
17 5 0
17 40 0
17 41 0
17 42 0
18 0 0
18 21 0
18 43 0
18 44 0
19 15 0
19 22 0
19 45 0
20 15 0
20 23 0
20 46 0
21 18 0
21 24 0
21 25 0
22 19 0
22 26 0
22 47 0
23 20 0
23 26 0
23 48 0
24 21 0
24 27 0
24 49 0
25 21 0
25 28 0
25 50 0
26 22 0
26 23 0
26 51 0
27 24 0
27 29 0
27 30 0
28 25 0
28 29 0
28 52 0
29 27 0
29 28 0
29 53 0
30 27 0
30 54 0
30 55 0
31 7 0
32 7 0
33 9 0
34 9 0
35 12 0
36 12 0
37 16 0
38 16 0
39 16 0
40 17 0
41 17 0
42 17 0
43 18 0
44 18 0
45 19 0
46 20 0
47 22 0
48 23 0
49 24 0
50 25 0
51 26 0
52 28 0
53 29 0
54 30 0
55 30 0
GraphDataEnd
GraphEnd
NodeEnd
NodeStart
EPTNodeID: 3
AnchorID: 5082
TreeNodeGraphID: 3
Level: 3
SimplifiedLevel: 0
EditOperation: 4 30 55 0 0
AccumulatedOpsCount: 1
AccumulatedOp: 4 30 55 0 0
ChildrenCount: 2
ChildIndices: 4 10
CompletedDBGraphIDsCount: 0
GraphStart
GraphDataStart
ID: 3
NumNodes: 56
NumEdges: 116
NodeLabels
6 2 2 3 3 3 3 4 4 4 4 4 4 4 4 4 4 4 4 4 4 4 4 4 4 4 4 4 4 4 4 5 5 5 5 5 5 5 5 5 5 5 5 5 5 5 5 5 5 5 5 5 5 5 5 5 
Edges
0 11 0
0 18 0
1 13 0
2 14 0
3 7 0
3 8 0
3 11 0
4 10 0
4 14 0
4 16 0
5 13 0
5 14 0
5 17 0
6 10 0
6 11 0
7 3 0
7 9 0
7 31 0
7 32 0
8 3 0
8 10 0
8 13 0
9 7 0
9 12 0
9 33 0
9 34 0
10 4 0
10 6 0
10 8 0
11 0 0
11 3 0
11 6 0
12 9 0
12 15 0
12 35 0
12 36 0
13 1 0
13 5 0
13 8 0
14 2 0
14 4 0
14 5 0
15 12 0
15 19 0
15 20 0
16 4 0
16 37 0
16 38 0
16 39 0
17 5 0
17 40 0
17 41 0
17 42 0
18 0 0
18 21 0
18 43 0
18 44 0
19 15 0
19 22 0
19 45 0
20 15 0
20 23 0
20 46 0
21 18 0
21 24 0
21 25 0
22 19 0
22 26 0
22 47 0
23 20 0
23 26 0
23 48 0
24 21 0
24 27 0
24 49 0
25 21 0
25 28 0
25 50 0
26 22 0
26 23 0
26 51 0
27 24 0
27 29 0
27 30 0
28 25 0
28 29 0
28 52 0
29 27 0
29 28 0
29 53 0
30 27 0
30 54 0
31 7 0
32 7 0
33 9 0
34 9 0
35 12 0
36 12 0
37 16 0
38 16 0
39 16 0
40 17 0
41 17 0
42 17 0
43 18 0
44 18 0
45 19 0
46 20 0
47 22 0
48 23 0
49 24 0
50 25 0
51 26 0
52 28 0
53 29 0
54 30 0
GraphDataEnd
GraphEnd
NodeEnd
NodeStart
EPTNodeID: 4
AnchorID: 5082
TreeNodeGraphID: 6
Level: 6
SimplifiedLevel: 0
EditOperation: 1 54 0 5 0
AccumulatedOpsCount: 3
AccumulatedOp: 4 30 54 0 0
AccumulatedOp: 0 30 0 4 5
AccumulatedOp: 1 54 0 5 0
ChildrenCount: 2
ChildIndices: 5 9
CompletedDBGraphIDsCount: 0
GraphStart
GraphDataStart
ID: 6
NumNodes: 55
NumEdges: 114
NodeLabels
6 2 2 3 3 3 3 4 4 4 4 4 4 4 4 4 4 4 4 4 4 4 4 4 4 4 4 4 4 4 5 5 5 5 5 5 5 5 5 5 5 5 5 5 5 5 5 5 5 5 5 5 5 5 5 
Edges
0 11 0
0 18 0
1 13 0
2 14 0
3 7 0
3 8 0
3 11 0
4 10 0
4 14 0
4 16 0
5 13 0
5 14 0
5 17 0
6 10 0
6 11 0
7 3 0
7 9 0
7 31 0
7 32 0
8 3 0
8 10 0
8 13 0
9 7 0
9 12 0
9 33 0
9 34 0
10 4 0
10 6 0
10 8 0
11 0 0
11 3 0
11 6 0
12 9 0
12 15 0
12 35 0
12 36 0
13 1 0
13 5 0
13 8 0
14 2 0
14 4 0
14 5 0
15 12 0
15 19 0
15 20 0
16 4 0
16 37 0
16 38 0
16 39 0
17 5 0
17 40 0
17 41 0
17 42 0
18 0 0
18 21 0
18 43 0
18 44 0
19 15 0
19 22 0
19 45 0
20 15 0
20 23 0
20 46 0
21 18 0
21 24 0
21 25 0
22 19 0
22 26 0
22 47 0
23 20 0
23 26 0
23 48 0
24 21 0
24 27 0
24 49 0
25 21 0
25 28 0
25 50 0
26 22 0
26 23 0
26 51 0
27 24 0
27 29 0
27 30 0
28 25 0
28 29 0
28 52 0
29 27 0
29 28 0
29 53 0
30 27 0
31 7 0
32 7 0
33 9 0
34 9 0
35 12 0
36 12 0
37 16 0
38 16 0
39 16 0
40 17 0
41 17 0
42 17 0
43 18 0
44 18 0
45 19 0
46 20 0
47 22 0
48 23 0
49 24 0
50 25 0
51 26 0
52 28 0
53 29 0
GraphDataEnd
GraphEnd
NodeEnd
NodeStart
EPTNodeID: 5
AnchorID: 5082
TreeNodeGraphID: 7
Level: 7
SimplifiedLevel: 0
EditOperation: 1 55 0 5 0
AccumulatedOpsCount: 1
AccumulatedOp: 1 55 0 5 0
ChildrenCount: 3
ChildIndices: 6 7 8
CompletedDBGraphIDsCount: 1
CompletedDBGraphID: 15153
GraphStart
GraphDataStart
ID: 7
NumNodes: 54
NumEdges: 114
NodeLabels
6 2 2 3 3 3 3 4 4 4 4 4 4 4 4 4 4 4 4 4 4 4 4 4 4 4 4 4 4 4 5 5 5 5 5 5 5 5 5 5 5 5 5 5 5 5 5 5 5 5 5 5 5 5 
Edges
0 11 0
0 18 0
1 13 0
2 14 0
3 7 0
3 8 0
3 11 0
4 10 0
4 14 0
4 16 0
5 13 0
5 14 0
5 17 0
6 10 0
6 11 0
7 3 0
7 9 0
7 31 0
7 32 0
8 3 0
8 10 0
8 13 0
9 7 0
9 12 0
9 33 0
9 34 0
10 4 0
10 6 0
10 8 0
11 0 0
11 3 0
11 6 0
12 9 0
12 15 0
12 35 0
12 36 0
13 1 0
13 5 0
13 8 0
14 2 0
14 4 0
14 5 0
15 12 0
15 19 0
15 20 0
16 4 0
16 37 0
16 38 0
16 39 0
17 5 0
17 40 0
17 41 0
17 42 0
18 0 0
18 21 0
18 43 0
18 44 0
19 15 0
19 22 0
19 45 0
20 15 0
20 23 0
20 46 0
21 18 0
21 24 0
21 25 0
22 19 0
22 26 0
22 47 0
23 20 0
23 26 0
23 48 0
24 21 0
24 27 0
24 49 0
25 21 0
25 28 0
25 50 0
26 22 0
26 23 0
26 51 0
27 24 0
27 29 0
27 30 0
28 25 0
28 29 0
28 52 0
29 27 0
29 28 0
29 53 0
30 27 0
31 7 0
32 7 0
33 9 0
34 9 0
35 12 0
36 12 0
37 16 0
38 16 0
39 16 0
40 17 0
41 17 0
42 17 0
43 18 0
44 18 0
45 19 0
46 20 0
47 22 0
48 23 0
49 24 0
50 25 0
51 26 0
52 28 0
53 29 0
GraphDataEnd
GraphEnd
NodeEnd
NodeStart
EPTNodeID: 6
AnchorID: 5082
TreeNodeGraphID: 8
Level: 8
SimplifiedLevel: 0
EditOperation: 0 53 0 5 7
AccumulatedOpsCount: 1
AccumulatedOp: 0 53 0 5 7
ChildrenCount: 0
ChildIndices:
CompletedDBGraphIDsCount: 1
CompletedDBGraphID: 7665
GraphStart
GraphDataStart
ID: 8
NumNodes: 54
NumEdges: 114
NodeLabels
6 2 2 3 3 3 3 4 4 4 4 4 4 4 4 4 4 4 4 4 4 4 4 4 4 4 4 4 4 4 5 5 5 5 5 5 5 5 5 5 5 5 5 5 5 5 5 5 5 5 5 5 5 7 
Edges
0 11 0
0 18 0
1 13 0
2 14 0
3 7 0
3 8 0
3 11 0
4 10 0
4 14 0
4 16 0
5 13 0
5 14 0
5 17 0
6 10 0
6 11 0
7 3 0
7 9 0
7 31 0
7 32 0
8 3 0
8 10 0
8 13 0
9 7 0
9 12 0
9 33 0
9 34 0
10 4 0
10 6 0
10 8 0
11 0 0
11 3 0
11 6 0
12 9 0
12 15 0
12 35 0
12 36 0
13 1 0
13 5 0
13 8 0
14 2 0
14 4 0
14 5 0
15 12 0
15 19 0
15 20 0
16 4 0
16 37 0
16 38 0
16 39 0
17 5 0
17 40 0
17 41 0
17 42 0
18 0 0
18 21 0
18 43 0
18 44 0
19 15 0
19 22 0
19 45 0
20 15 0
20 23 0
20 46 0
21 18 0
21 24 0
21 25 0
22 19 0
22 26 0
22 47 0
23 20 0
23 26 0
23 48 0
24 21 0
24 27 0
24 49 0
25 21 0
25 28 0
25 50 0
26 22 0
26 23 0
26 51 0
27 24 0
27 29 0
27 30 0
28 25 0
28 29 0
28 52 0
29 27 0
29 28 0
29 53 0
30 27 0
31 7 0
32 7 0
33 9 0
34 9 0
35 12 0
36 12 0
37 16 0
38 16 0
39 16 0
40 17 0
41 17 0
42 17 0
43 18 0
44 18 0
45 19 0
46 20 0
47 22 0
48 23 0
49 24 0
50 25 0
51 26 0
52 28 0
53 29 0
GraphDataEnd
GraphEnd
NodeEnd
NodeStart
EPTNodeID: 7
AnchorID: 5082
TreeNodeGraphID: 9
Level: 8
SimplifiedLevel: 0
EditOperation: 0 53 0 5 1
AccumulatedOpsCount: 1
AccumulatedOp: 0 53 0 5 1
ChildrenCount: 0
ChildIndices:
CompletedDBGraphIDsCount: 1
CompletedDBGraphID: 14345
GraphStart
GraphDataStart
ID: 9
NumNodes: 54
NumEdges: 114
NodeLabels
6 2 2 3 3 3 3 4 4 4 4 4 4 4 4 4 4 4 4 4 4 4 4 4 4 4 4 4 4 4 5 5 5 5 5 5 5 5 5 5 5 5 5 5 5 5 5 5 5 5 5 5 5 1 
Edges
0 11 0
0 18 0
1 13 0
2 14 0
3 7 0
3 8 0
3 11 0
4 10 0
4 14 0
4 16 0
5 13 0
5 14 0
5 17 0
6 10 0
6 11 0
7 3 0
7 9 0
7 31 0
7 32 0
8 3 0
8 10 0
8 13 0
9 7 0
9 12 0
9 33 0
9 34 0
10 4 0
10 6 0
10 8 0
11 0 0
11 3 0
11 6 0
12 9 0
12 15 0
12 35 0
12 36 0
13 1 0
13 5 0
13 8 0
14 2 0
14 4 0
14 5 0
15 12 0
15 19 0
15 20 0
16 4 0
16 37 0
16 38 0
16 39 0
17 5 0
17 40 0
17 41 0
17 42 0
18 0 0
18 21 0
18 43 0
18 44 0
19 15 0
19 22 0
19 45 0
20 15 0
20 23 0
20 46 0
21 18 0
21 24 0
21 25 0
22 19 0
22 26 0
22 47 0
23 20 0
23 26 0
23 48 0
24 21 0
24 27 0
24 49 0
25 21 0
25 28 0
25 50 0
26 22 0
26 23 0
26 51 0
27 24 0
27 29 0
27 30 0
28 25 0
28 29 0
28 52 0
29 27 0
29 28 0
29 53 0
30 27 0
31 7 0
32 7 0
33 9 0
34 9 0
35 12 0
36 12 0
37 16 0
38 16 0
39 16 0
40 17 0
41 17 0
42 17 0
43 18 0
44 18 0
45 19 0
46 20 0
47 22 0
48 23 0
49 24 0
50 25 0
51 26 0
52 28 0
53 29 0
GraphDataEnd
GraphEnd
NodeEnd
NodeStart
EPTNodeID: 8
AnchorID: 5082
TreeNodeGraphID: 11
Level: 9
SimplifiedLevel: 0
EditOperation: 0 50 0 5 7
AccumulatedOpsCount: 2
AccumulatedOp: 0 49 0 5 1
AccumulatedOp: 0 50 0 5 7
ChildrenCount: 0
ChildIndices:
CompletedDBGraphIDsCount: 1
CompletedDBGraphID: 2657
GraphStart
GraphDataStart
ID: 11
NumNodes: 54
NumEdges: 114
NodeLabels
6 2 2 3 3 3 3 4 4 4 4 4 4 4 4 4 4 4 4 4 4 4 4 4 4 4 4 4 4 4 5 5 5 5 5 5 5 5 5 5 5 5 5 5 5 5 5 5 5 1 7 5 5 5 
Edges
0 11 0
0 18 0
1 13 0
2 14 0
3 7 0
3 8 0
3 11 0
4 10 0
4 14 0
4 16 0
5 13 0
5 14 0
5 17 0
6 10 0
6 11 0
7 3 0
7 9 0
7 31 0
7 32 0
8 3 0
8 10 0
8 13 0
9 7 0
9 12 0
9 33 0
9 34 0
10 4 0
10 6 0
10 8 0
11 0 0
11 3 0
11 6 0
12 9 0
12 15 0
12 35 0
12 36 0
13 1 0
13 5 0
13 8 0
14 2 0
14 4 0
14 5 0
15 12 0
15 19 0
15 20 0
16 4 0
16 37 0
16 38 0
16 39 0
17 5 0
17 40 0
17 41 0
17 42 0
18 0 0
18 21 0
18 43 0
18 44 0
19 15 0
19 22 0
19 45 0
20 15 0
20 23 0
20 46 0
21 18 0
21 24 0
21 25 0
22 19 0
22 26 0
22 47 0
23 20 0
23 26 0
23 48 0
24 21 0
24 27 0
24 49 0
25 21 0
25 28 0
25 50 0
26 22 0
26 23 0
26 51 0
27 24 0
27 29 0
27 30 0
28 25 0
28 29 0
28 52 0
29 27 0
29 28 0
29 53 0
30 27 0
31 7 0
32 7 0
33 9 0
34 9 0
35 12 0
36 12 0
37 16 0
38 16 0
39 16 0
40 17 0
41 17 0
42 17 0
43 18 0
44 18 0
45 19 0
46 20 0
47 22 0
48 23 0
49 24 0
50 25 0
51 26 0
52 28 0
53 29 0
GraphDataEnd
GraphEnd
NodeEnd
NodeStart
EPTNodeID: 9
AnchorID: 5082
TreeNodeGraphID: 16
Level: 11
SimplifiedLevel: 0
EditOperation: 5 17 29 0 0
AccumulatedOpsCount: 5
AccumulatedOp: 4 29 53 0 0
AccumulatedOp: 1 53 0 5 0
AccumulatedOp: 5 5 55 0 0
AccumulatedOp: 4 5 17 0 0
AccumulatedOp: 5 17 29 0 0
ChildrenCount: 0
ChildIndices:
CompletedDBGraphIDsCount: 1
CompletedDBGraphID: 18233
GraphStart
GraphDataStart
ID: 16
NumNodes: 54
NumEdges: 114
NodeLabels
6 2 2 3 3 3 3 4 4 4 4 4 4 4 4 4 4 4 4 4 4 4 4 4 4 4 4 4 4 4 5 5 5 5 5 5 5 5 5 5 5 5 5 5 5 5 5 5 5 5 5 5 5 5 
Edges
0 11 0
0 18 0
1 13 0
2 14 0
3 7 0
3 8 0
3 11 0
4 10 0
4 14 0
4 16 0
5 13 0
5 14 0
5 53 0
6 10 0
6 11 0
7 3 0
7 9 0
7 31 0
7 32 0
8 3 0
8 10 0
8 13 0
9 7 0
9 12 0
9 33 0
9 34 0
10 4 0
10 6 0
10 8 0
11 0 0
11 3 0
11 6 0
12 9 0
12 15 0
12 35 0
12 36 0
13 1 0
13 5 0
13 8 0
14 2 0
14 4 0
14 5 0
15 12 0
15 19 0
15 20 0
16 4 0
16 37 0
16 38 0
16 39 0
17 40 0
17 41 0
17 42 0
17 29 0
18 0 0
18 21 0
18 43 0
18 44 0
19 15 0
19 22 0
19 45 0
20 15 0
20 23 0
20 46 0
21 18 0
21 24 0
21 25 0
22 19 0
22 26 0
22 47 0
23 20 0
23 26 0
23 48 0
24 21 0
24 27 0
24 49 0
25 21 0
25 28 0
25 50 0
26 22 0
26 23 0
26 51 0
27 24 0
27 29 0
27 30 0
28 25 0
28 29 0
28 52 0
29 27 0
29 28 0
29 17 0
30 27 0
31 7 0
32 7 0
33 9 0
34 9 0
35 12 0
36 12 0
37 16 0
38 16 0
39 16 0
40 17 0
41 17 0
42 17 0
43 18 0
44 18 0
45 19 0
46 20 0
47 22 0
48 23 0
49 24 0
50 25 0
51 26 0
52 28 0
53 5 0
GraphDataEnd
GraphEnd
NodeEnd
NodeStart
EPTNodeID: 10
AnchorID: 5082
TreeNodeGraphID: 20
Level: 7
SimplifiedLevel: 0
EditOperation: 5 21 55 0 0
AccumulatedOpsCount: 4
AccumulatedOp: 0 54 0 5 2
AccumulatedOp: 5 18 30 0 0
AccumulatedOp: 4 18 21 0 0
AccumulatedOp: 5 21 55 0 0
ChildrenCount: 0
ChildIndices:
CompletedDBGraphIDsCount: 1
CompletedDBGraphID: 7897
GraphStart
GraphDataStart
ID: 20
NumNodes: 56
NumEdges: 118
NodeLabels
6 2 2 3 3 3 3 4 4 4 4 4 4 4 4 4 4 4 4 4 4 4 4 4 4 4 4 4 4 4 4 5 5 5 5 5 5 5 5 5 5 5 5 5 5 5 5 5 5 5 5 5 5 5 2 5 
Edges
0 11 0
0 18 0
1 13 0
2 14 0
3 7 0
3 8 0
3 11 0
4 10 0
4 14 0
4 16 0
5 13 0
5 14 0
5 17 0
6 10 0
6 11 0
7 3 0
7 9 0
7 31 0
7 32 0
8 3 0
8 10 0
8 13 0
9 7 0
9 12 0
9 33 0
9 34 0
10 4 0
10 6 0
10 8 0
11 0 0
11 3 0
11 6 0
12 9 0
12 15 0
12 35 0
12 36 0
13 1 0
13 5 0
13 8 0
14 2 0
14 4 0
14 5 0
15 12 0
15 19 0
15 20 0
16 4 0
16 37 0
16 38 0
16 39 0
17 5 0
17 40 0
17 41 0
17 42 0
18 0 0
18 43 0
18 44 0
18 30 0
19 15 0
19 22 0
19 45 0
20 15 0
20 23 0
20 46 0
21 24 0
21 25 0
21 55 0
22 19 0
22 26 0
22 47 0
23 20 0
23 26 0
23 48 0
24 21 0
24 27 0
24 49 0
25 21 0
25 28 0
25 50 0
26 22 0
26 23 0
26 51 0
27 24 0
27 29 0
27 30 0
28 25 0
28 29 0
28 52 0
29 27 0
29 28 0
29 53 0
30 27 0
30 54 0
30 18 0
31 7 0
32 7 0
33 9 0
34 9 0
35 12 0
36 12 0
37 16 0
38 16 0
39 16 0
40 17 0
41 17 0
42 17 0
43 18 0
44 18 0
45 19 0
46 20 0
47 22 0
48 23 0
49 24 0
50 25 0
51 26 0
52 28 0
53 29 0
54 30 0
55 21 0
GraphDataEnd
GraphEnd
NodeEnd
NodeStart
EPTNodeID: 11
AnchorID: 5082
TreeNodeGraphID: 29
Level: 11
SimplifiedLevel: 0
EditOperation: 1 42 0 5 0
AccumulatedOpsCount: 9
AccumulatedOp: 5 18 30 0 0
AccumulatedOp: 0 17 0 4 5
AccumulatedOp: 4 17 40 0 0
AccumulatedOp: 1 40 0 5 0
AccumulatedOp: 5 21 41 0 0
AccumulatedOp: 4 18 21 0 0
AccumulatedOp: 4 17 41 0 0
AccumulatedOp: 4 17 42 0 0
AccumulatedOp: 1 42 0 5 0
ChildrenCount: 0
ChildIndices:
CompletedDBGraphIDsCount: 1
CompletedDBGraphID: 17205
GraphStart
GraphDataStart
ID: 29
NumNodes: 54
NumEdges: 114
NodeLabels
6 2 2 3 3 3 3 4 4 4 4 4 4 4 4 4 4 5 4 4 4 4 4 4 4 4 4 4 4 4 4 5 5 5 5 5 5 5 5 5 5 5 5 5 5 5 5 5 5 5 5 5 5 5 
Edges
0 11 0
0 18 0
1 13 0
2 14 0
3 7 0
3 8 0
3 11 0
4 10 0
4 14 0
4 16 0
5 13 0
5 14 0
5 17 0
6 10 0
6 11 0
7 3 0
7 9 0
7 31 0
7 32 0
8 3 0
8 10 0
8 13 0
9 7 0
9 12 0
9 33 0
9 34 0
10 4 0
10 6 0
10 8 0
11 0 0
11 3 0
11 6 0
12 9 0
12 15 0
12 35 0
12 36 0
13 1 0
13 5 0
13 8 0
14 2 0
14 4 0
14 5 0
15 12 0
15 19 0
15 20 0
16 4 0
16 37 0
16 38 0
16 39 0
17 5 0
18 0 0
18 41 0
18 42 0
18 30 0
19 15 0
19 22 0
19 43 0
20 15 0
20 23 0
20 44 0
21 24 0
21 25 0
21 40 0
22 19 0
22 26 0
22 45 0
23 20 0
23 26 0
23 46 0
24 21 0
24 27 0
24 47 0
25 21 0
25 28 0
25 48 0
26 22 0
26 23 0
26 49 0
27 24 0
27 29 0
27 30 0
28 25 0
28 29 0
28 50 0
29 27 0
29 28 0
29 51 0
30 27 0
30 52 0
30 53 0
30 18 0
31 7 0
32 7 0
33 9 0
34 9 0
35 12 0
36 12 0
37 16 0
38 16 0
39 16 0
40 21 0
41 18 0
42 18 0
43 19 0
44 20 0
45 22 0
46 23 0
47 24 0
48 25 0
49 26 0
50 28 0
51 29 0
52 30 0
53 30 0
GraphDataEnd
GraphEnd
NodeEnd
NodeStart
EPTNodeID: 12
AnchorID: 5082
TreeNodeGraphID: 32
Level: 4
SimplifiedLevel: 0
EditOperation: 5 21 56 0 0
AccumulatedOpsCount: 3
AccumulatedOp: 4 18 21 0 0
AccumulatedOp: 5 18 30 0 0
AccumulatedOp: 5 21 56 0 0
ChildrenCount: 0
ChildIndices:
CompletedDBGraphIDsCount: 1
CompletedDBGraphID: 22607
GraphStart
GraphDataStart
ID: 32
NumNodes: 57
NumEdges: 120
NodeLabels
6 2 2 3 3 3 3 4 4 4 4 4 4 4 4 4 4 4 4 4 4 4 4 4 4 4 4 4 4 4 4 5 5 5 5 5 5 5 5 5 5 5 5 5 5 5 5 5 5 5 5 5 5 5 5 5 5 
Edges
0 11 0
0 18 0
1 13 0
2 14 0
3 7 0
3 8 0
3 11 0
4 10 0
4 14 0
4 16 0
5 13 0
5 14 0
5 17 0
6 10 0
6 11 0
7 3 0
7 9 0
7 31 0
7 32 0
8 3 0
8 10 0
8 13 0
9 7 0
9 12 0
9 33 0
9 34 0
10 4 0
10 6 0
10 8 0
11 0 0
11 3 0
11 6 0
12 9 0
12 15 0
12 35 0
12 36 0
13 1 0
13 5 0
13 8 0
14 2 0
14 4 0
14 5 0
15 12 0
15 19 0
15 20 0
16 4 0
16 37 0
16 38 0
16 39 0
17 5 0
17 40 0
17 41 0
17 42 0
18 0 0
18 43 0
18 44 0
18 30 0
19 15 0
19 22 0
19 45 0
20 15 0
20 23 0
20 46 0
21 24 0
21 25 0
21 56 0
22 19 0
22 26 0
22 47 0
23 20 0
23 26 0
23 48 0
24 21 0
24 27 0
24 49 0
25 21 0
25 28 0
25 50 0
26 22 0
26 23 0
26 51 0
27 24 0
27 29 0
27 30 0
28 25 0
28 29 0
28 52 0
29 27 0
29 28 0
29 53 0
30 27 0
30 54 0
30 55 0
30 18 0
31 7 0
32 7 0
33 9 0
34 9 0
35 12 0
36 12 0
37 16 0
38 16 0
39 16 0
40 17 0
41 17 0
42 17 0
43 18 0
44 18 0
45 19 0
46 20 0
47 22 0
48 23 0
49 24 0
50 25 0
51 26 0
52 28 0
53 29 0
54 30 0
55 30 0
56 21 0
GraphDataEnd
GraphEnd
NodeEnd
NodeStart
EPTNodeID: 13
AnchorID: 5082
TreeNodeGraphID: 39
Level: 7
SimplifiedLevel: 0
EditOperation: 5 18 30 0 0
AccumulatedOpsCount: 7
AccumulatedOp: 4 30 54 0 0
AccumulatedOp: 0 0 0 6 3
AccumulatedOp: 2 57 0 0 5
AccumulatedOp: 5 0 54 0 0
AccumulatedOp: 4 18 21 0 0
AccumulatedOp: 5 21 57 0 0
AccumulatedOp: 5 18 30 0 0
ChildrenCount: 0
ChildIndices:
CompletedDBGraphIDsCount: 1
CompletedDBGraphID: 7063
GraphStart
GraphDataStart
ID: 39
NumNodes: 58
NumEdges: 122
NodeLabels
3 2 2 3 3 3 3 4 4 4 4 4 4 4 4 4 4 4 4 4 4 4 4 4 4 4 4 4 4 4 4 5 5 5 5 5 5 5 5 5 5 5 5 5 5 5 5 5 5 5 5 5 5 5 5 5 5 5 
Edges
0 11 0
0 18 0
0 54 0
1 13 0
2 14 0
3 7 0
3 8 0
3 11 0
4 10 0
4 14 0
4 16 0
5 13 0
5 14 0
5 17 0
6 10 0
6 11 0
7 3 0
7 9 0
7 31 0
7 32 0
8 3 0
8 10 0
8 13 0
9 7 0
9 12 0
9 33 0
9 34 0
10 4 0
10 6 0
10 8 0
11 0 0
11 3 0
11 6 0
12 9 0
12 15 0
12 35 0
12 36 0
13 1 0
13 5 0
13 8 0
14 2 0
14 4 0
14 5 0
15 12 0
15 19 0
15 20 0
16 4 0
16 37 0
16 38 0
16 39 0
17 5 0
17 40 0
17 41 0
17 42 0
18 0 0
18 43 0
18 44 0
18 30 0
19 15 0
19 22 0
19 45 0
20 15 0
20 23 0
20 46 0
21 24 0
21 25 0
21 57 0
22 19 0
22 26 0
22 47 0
23 20 0
23 26 0
23 48 0
24 21 0
24 27 0
24 49 0
25 21 0
25 28 0
25 50 0
26 22 0
26 23 0
26 51 0
27 24 0
27 29 0
27 30 0
28 25 0
28 29 0
28 52 0
29 27 0
29 28 0
29 53 0
30 27 0
30 55 0
30 56 0
30 18 0
31 7 0
32 7 0
33 9 0
34 9 0
35 12 0
36 12 0
37 16 0
38 16 0
39 16 0
40 17 0
41 17 0
42 17 0
43 18 0
44 18 0
45 19 0
46 20 0
47 22 0
48 23 0
49 24 0
50 25 0
51 26 0
52 28 0
53 29 0
54 0 0
55 30 0
56 30 0
57 21 0
GraphDataEnd
GraphEnd
NodeEnd
NodeStart
EPTNodeID: 14
AnchorID: 5082
TreeNodeGraphID: 50
Level: 11
SimplifiedLevel: 0
EditOperation: 1 34 0 5 0
AccumulatedOpsCount: 11
AccumulatedOp: 4 18 21 0 0
AccumulatedOp: 5 18 26 0 0
AccumulatedOp: 4 26 51 0 0
AccumulatedOp: 0 9 0 4 5
AccumulatedOp: 1 51 0 5 0
AccumulatedOp: 4 7 9 0 0
AccumulatedOp: 4 9 33 0 0
AccumulatedOp: 1 33 0 5 0
AccumulatedOp: 5 7 21 0 0
AccumulatedOp: 4 9 34 0 0
AccumulatedOp: 1 34 0 5 0
ChildrenCount: 0
ChildIndices:
CompletedDBGraphIDsCount: 1
CompletedDBGraphID: 18458
GraphStart
GraphDataStart
ID: 50
NumNodes: 54
NumEdges: 114
NodeLabels
6 2 2 3 3 3 3 4 4 5 4 4 4 4 4 4 4 4 4 4 4 4 4 4 4 4 4 4 4 4 4 5 5 5 5 5 5 5 5 5 5 5 5 5 5 5 5 5 5 5 5 5 5 5 
Edges
0 11 0
0 18 0
1 13 0
2 14 0
3 7 0
3 8 0
3 11 0
4 10 0
4 14 0
4 16 0
5 13 0
5 14 0
5 17 0
6 10 0
6 11 0
7 3 0
7 31 0
7 32 0
7 21 0
8 3 0
8 10 0
8 13 0
9 12 0
10 4 0
10 6 0
10 8 0
11 0 0
11 3 0
11 6 0
12 9 0
12 15 0
12 33 0
12 34 0
13 1 0
13 5 0
13 8 0
14 2 0
14 4 0
14 5 0
15 12 0
15 19 0
15 20 0
16 4 0
16 35 0
16 36 0
16 37 0
17 5 0
17 38 0
17 39 0
17 40 0
18 0 0
18 41 0
18 42 0
18 26 0
19 15 0
19 22 0
19 43 0
20 15 0
20 23 0
20 44 0
21 24 0
21 25 0
21 7 0
22 19 0
22 26 0
22 45 0
23 20 0
23 26 0
23 46 0
24 21 0
24 27 0
24 47 0
25 21 0
25 28 0
25 48 0
26 22 0
26 23 0
26 18 0
27 24 0
27 29 0
27 30 0
28 25 0
28 29 0
28 49 0
29 27 0
29 28 0
29 50 0
30 27 0
30 51 0
30 52 0
30 53 0
31 7 0
32 7 0
33 12 0
34 12 0
35 16 0
36 16 0
37 16 0
38 17 0
39 17 0
40 17 0
41 18 0
42 18 0
43 19 0
44 20 0
45 22 0
46 23 0
47 24 0
48 25 0
49 28 0
50 29 0
51 30 0
52 30 0
53 30 0
GraphDataEnd
GraphEnd
NodeEnd
NodeStart
EPTNodeID: 15
AnchorID: 5082
TreeNodeGraphID: 52
Level: 2
SimplifiedLevel: 0
EditOperation: 4 9 12 0 0
AccumulatedOpsCount: 2
AccumulatedOp: 0 0 0 6 3
AccumulatedOp: 4 9 12 0 0
ChildrenCount: 2
ChildIndices: 16 19
CompletedDBGraphIDsCount: 0
GraphStart
GraphDataStart
ID: 52
NumNodes: 57
NumEdges: 118
NodeLabels
3 2 2 3 3 3 3 4 4 4 4 4 4 4 4 4 4 4 4 4 4 4 4 4 4 4 4 4 4 4 4 5 5 5 5 5 5 5 5 5 5 5 5 5 5 5 5 5 5 5 5 5 5 5 5 5 5 
Edges
0 11 0
0 18 0
1 13 0
2 14 0
3 7 0
3 8 0
3 11 0
4 10 0
4 14 0
4 16 0
5 13 0
5 14 0
5 17 0
6 10 0
6 11 0
7 3 0
7 9 0
7 31 0
7 32 0
8 3 0
8 10 0
8 13 0
9 7 0
9 33 0
9 34 0
10 4 0
10 6 0
10 8 0
11 0 0
11 3 0
11 6 0
12 15 0
12 35 0
12 36 0
13 1 0
13 5 0
13 8 0
14 2 0
14 4 0
14 5 0
15 12 0
15 19 0
15 20 0
16 4 0
16 37 0
16 38 0
16 39 0
17 5 0
17 40 0
17 41 0
17 42 0
18 0 0
18 21 0
18 43 0
18 44 0
19 15 0
19 22 0
19 45 0
20 15 0
20 23 0
20 46 0
21 18 0
21 24 0
21 25 0
22 19 0
22 26 0
22 47 0
23 20 0
23 26 0
23 48 0
24 21 0
24 27 0
24 49 0
25 21 0
25 28 0
25 50 0
26 22 0
26 23 0
26 51 0
27 24 0
27 29 0
27 30 0
28 25 0
28 29 0
28 52 0
29 27 0
29 28 0
29 53 0
30 27 0
30 54 0
30 55 0
30 56 0
31 7 0
32 7 0
33 9 0
34 9 0
35 12 0
36 12 0
37 16 0
38 16 0
39 16 0
40 17 0
41 17 0
42 17 0
43 18 0
44 18 0
45 19 0
46 20 0
47 22 0
48 23 0
49 24 0
50 25 0
51 26 0
52 28 0
53 29 0
54 30 0
55 30 0
56 30 0
GraphDataEnd
GraphEnd
NodeEnd
NodeStart
EPTNodeID: 16
AnchorID: 5082
TreeNodeGraphID: 54
Level: 4
SimplifiedLevel: 0
EditOperation: 5 0 8 0 0
AccumulatedOpsCount: 2
AccumulatedOp: 4 3 8 0 0
AccumulatedOp: 5 0 8 0 0
ChildrenCount: 2
ChildIndices: 17 18
CompletedDBGraphIDsCount: 0
GraphStart
GraphDataStart
ID: 54
NumNodes: 57
NumEdges: 118
NodeLabels
3 2 2 3 3 3 3 4 4 4 4 4 4 4 4 4 4 4 4 4 4 4 4 4 4 4 4 4 4 4 4 5 5 5 5 5 5 5 5 5 5 5 5 5 5 5 5 5 5 5 5 5 5 5 5 5 5 
Edges
0 11 0
0 18 0
0 8 0
1 13 0
2 14 0
3 7 0
3 11 0
4 10 0
4 14 0
4 16 0
5 13 0
5 14 0
5 17 0
6 10 0
6 11 0
7 3 0
7 9 0
7 31 0
7 32 0
8 10 0
8 13 0
8 0 0
9 7 0
9 33 0
9 34 0
10 4 0
10 6 0
10 8 0
11 0 0
11 3 0
11 6 0
12 15 0
12 35 0
12 36 0
13 1 0
13 5 0
13 8 0
14 2 0
14 4 0
14 5 0
15 12 0
15 19 0
15 20 0
16 4 0
16 37 0
16 38 0
16 39 0
17 5 0
17 40 0
17 41 0
17 42 0
18 0 0
18 21 0
18 43 0
18 44 0
19 15 0
19 22 0
19 45 0
20 15 0
20 23 0
20 46 0
21 18 0
21 24 0
21 25 0
22 19 0
22 26 0
22 47 0
23 20 0
23 26 0
23 48 0
24 21 0
24 27 0
24 49 0
25 21 0
25 28 0
25 50 0
26 22 0
26 23 0
26 51 0
27 24 0
27 29 0
27 30 0
28 25 0
28 29 0
28 52 0
29 27 0
29 28 0
29 53 0
30 27 0
30 54 0
30 55 0
30 56 0
31 7 0
32 7 0
33 9 0
34 9 0
35 12 0
36 12 0
37 16 0
38 16 0
39 16 0
40 17 0
41 17 0
42 17 0
43 18 0
44 18 0
45 19 0
46 20 0
47 22 0
48 23 0
49 24 0
50 25 0
51 26 0
52 28 0
53 29 0
54 30 0
55 30 0
56 30 0
GraphDataEnd
GraphEnd
NodeEnd
NodeStart
EPTNodeID: 17
AnchorID: 5082
TreeNodeGraphID: 58
Level: 8
SimplifiedLevel: 0
EditOperation: 0 33 0 5 2
AccumulatedOpsCount: 4
AccumulatedOp: 0 34 0 5 2
AccumulatedOp: 5 12 34 0 0
AccumulatedOp: 0 3 0 3 6
AccumulatedOp: 0 33 0 5 2
ChildrenCount: 0
ChildIndices:
CompletedDBGraphIDsCount: 1
CompletedDBGraphID: 15004
GraphStart
GraphDataStart
ID: 58
NumNodes: 57
NumEdges: 120
NodeLabels
3 2 2 6 3 3 3 4 4 4 4 4 4 4 4 4 4 4 4 4 4 4 4 4 4 4 4 4 4 4 4 5 5 2 2 5 5 5 5 5 5 5 5 5 5 5 5 5 5 5 5 5 5 5 5 5 5 
Edges
0 11 0
0 18 0
0 8 0
1 13 0
2 14 0
3 7 0
3 11 0
4 10 0
4 14 0
4 16 0
5 13 0
5 14 0
5 17 0
6 10 0
6 11 0
7 3 0
7 9 0
7 31 0
7 32 0
8 10 0
8 13 0
8 0 0
9 7 0
9 33 0
9 34 0
10 4 0
10 6 0
10 8 0
11 0 0
11 3 0
11 6 0
12 15 0
12 35 0
12 36 0
12 34 0
13 1 0
13 5 0
13 8 0
14 2 0
14 4 0
14 5 0
15 12 0
15 19 0
15 20 0
16 4 0
16 37 0
16 38 0
16 39 0
17 5 0
17 40 0
17 41 0
17 42 0
18 0 0
18 21 0
18 43 0
18 44 0
19 15 0
19 22 0
19 45 0
20 15 0
20 23 0
20 46 0
21 18 0
21 24 0
21 25 0
22 19 0
22 26 0
22 47 0
23 20 0
23 26 0
23 48 0
24 21 0
24 27 0
24 49 0
25 21 0
25 28 0
25 50 0
26 22 0
26 23 0
26 51 0
27 24 0
27 29 0
27 30 0
28 25 0
28 29 0
28 52 0
29 27 0
29 28 0
29 53 0
30 27 0
30 54 0
30 55 0
30 56 0
31 7 0
32 7 0
33 9 0
34 9 0
34 12 0
35 12 0
36 12 0
37 16 0
38 16 0
39 16 0
40 17 0
41 17 0
42 17 0
43 18 0
44 18 0
45 19 0
46 20 0
47 22 0
48 23 0
49 24 0
50 25 0
51 26 0
52 28 0
53 29 0
54 30 0
55 30 0
56 30 0
GraphDataEnd
GraphEnd
NodeEnd
NodeStart
EPTNodeID: 18
AnchorID: 5082
TreeNodeGraphID: 64
Level: 10
SimplifiedLevel: 0
EditOperation: 5 3 12 0 0
AccumulatedOpsCount: 6
AccumulatedOp: 0 9 0 4 5
AccumulatedOp: 4 9 34 0 0
AccumulatedOp: 1 34 0 5 0
AccumulatedOp: 4 9 33 0 0
AccumulatedOp: 1 33 0 5 0
AccumulatedOp: 5 3 12 0 0
ChildrenCount: 0
ChildIndices:
CompletedDBGraphIDsCount: 1
CompletedDBGraphID: 3909
GraphStart
GraphDataStart
ID: 64
NumNodes: 55
NumEdges: 116
NodeLabels
3 2 2 3 3 3 3 4 4 5 4 4 4 4 4 4 4 4 4 4 4 4 4 4 4 4 4 4 4 4 4 5 5 5 5 5 5 5 5 5 5 5 5 5 5 5 5 5 5 5 5 5 5 5 5 
Edges
0 11 0
0 18 0
0 8 0
1 13 0
2 14 0
3 7 0
3 11 0
3 12 0
4 10 0
4 14 0
4 16 0
5 13 0
5 14 0
5 17 0
6 10 0
6 11 0
7 3 0
7 9 0
7 31 0
7 32 0
8 10 0
8 13 0
8 0 0
9 7 0
10 4 0
10 6 0
10 8 0
11 0 0
11 3 0
11 6 0
12 15 0
12 33 0
12 34 0
12 3 0
13 1 0
13 5 0
13 8 0
14 2 0
14 4 0
14 5 0
15 12 0
15 19 0
15 20 0
16 4 0
16 35 0
16 36 0
16 37 0
17 5 0
17 38 0
17 39 0
17 40 0
18 0 0
18 21 0
18 41 0
18 42 0
19 15 0
19 22 0
19 43 0
20 15 0
20 23 0
20 44 0
21 18 0
21 24 0
21 25 0
22 19 0
22 26 0
22 45 0
23 20 0
23 26 0
23 46 0
24 21 0
24 27 0
24 47 0
25 21 0
25 28 0
25 48 0
26 22 0
26 23 0
26 49 0
27 24 0
27 29 0
27 30 0
28 25 0
28 29 0
28 50 0
29 27 0
29 28 0
29 51 0
30 27 0
30 52 0
30 53 0
30 54 0
31 7 0
32 7 0
33 12 0
34 12 0
35 16 0
36 16 0
37 16 0
38 17 0
39 17 0
40 17 0
41 18 0
42 18 0
43 19 0
44 20 0
45 22 0
46 23 0
47 24 0
48 25 0
49 26 0
50 28 0
51 29 0
52 30 0
53 30 0
54 30 0
GraphDataEnd
GraphEnd
NodeEnd
NodeStart
EPTNodeID: 19
AnchorID: 5082
TreeNodeGraphID: 73
Level: 11
SimplifiedLevel: 0
EditOperation: 1 12 0 4 0
AccumulatedOpsCount: 9
AccumulatedOp: 5 9 15 0 0
AccumulatedOp: 4 12 36 0 0
AccumulatedOp: 5 27 35 0 0
AccumulatedOp: 1 36 0 5 0
AccumulatedOp: 4 27 30 0 0
AccumulatedOp: 4 12 15 0 0
AccumulatedOp: 5 0 30 0 0
AccumulatedOp: 4 12 35 0 0
AccumulatedOp: 1 12 0 4 0
ChildrenCount: 0
ChildIndices:
CompletedDBGraphIDsCount: 1
CompletedDBGraphID: 17110
GraphStart
GraphDataStart
ID: 73
NumNodes: 55
NumEdges: 116
NodeLabels
3 2 2 3 3 3 3 4 4 4 4 4 4 4 4 4 4 4 4 4 4 4 4 4 4 4 4 4 4 4 5 5 5 5 5 5 5 5 5 5 5 5 5 5 5 5 5 5 5 5 5 5 5 5 5 
Edges
0 11 0
0 17 0
0 29 0
1 12 0
2 13 0
3 7 0
3 8 0
3 11 0
4 10 0
4 13 0
4 15 0
5 12 0
5 13 0
5 16 0
6 10 0
6 11 0
7 3 0
7 9 0
7 30 0
7 31 0
8 3 0
8 10 0
8 12 0
9 7 0
9 32 0
9 33 0
9 14 0
10 4 0
10 6 0
10 8 0
11 0 0
11 3 0
11 6 0
12 1 0
12 5 0
12 8 0
13 2 0
13 4 0
13 5 0
14 18 0
14 19 0
14 9 0
15 4 0
15 35 0
15 36 0
15 37 0
16 5 0
16 38 0
16 39 0
16 40 0
17 0 0
17 20 0
17 41 0
17 42 0
18 14 0
18 21 0
18 43 0
19 14 0
19 22 0
19 44 0
20 17 0
20 23 0
20 24 0
21 18 0
21 25 0
21 45 0
22 19 0
22 25 0
22 46 0
23 20 0
23 26 0
23 47 0
24 20 0
24 27 0
24 48 0
25 21 0
25 22 0
25 49 0
26 23 0
26 28 0
26 34 0
27 24 0
27 28 0
27 50 0
28 26 0
28 27 0
28 51 0
29 52 0
29 53 0
29 54 0
29 0 0
30 7 0
31 7 0
32 9 0
33 9 0
34 26 0
35 15 0
36 15 0
37 15 0
38 16 0
39 16 0
40 16 0
41 17 0
42 17 0
43 18 0
44 19 0
45 21 0
46 22 0
47 23 0
48 24 0
49 25 0
50 27 0
51 28 0
52 29 0
53 29 0
54 29 0
GraphDataEnd
GraphEnd
NodeEnd
NodeStart
EPTNodeID: 20
AnchorID: 5082
TreeNodeGraphID: 82
Level: 9
SimplifiedLevel: 0
EditOperation: 1 33 0 5 0
AccumulatedOpsCount: 9
AccumulatedOp: 4 9 34 0 0
AccumulatedOp: 5 7 23 0 0
AccumulatedOp: 0 9 0 4 5
AccumulatedOp: 1 34 0 5 0
AccumulatedOp: 4 23 48 0 0
AccumulatedOp: 1 48 0 5 0
AccumulatedOp: 4 7 9 0 0
AccumulatedOp: 4 9 33 0 0
AccumulatedOp: 1 33 0 5 0
ChildrenCount: 0
ChildIndices:
CompletedDBGraphIDsCount: 1
CompletedDBGraphID: 18719
GraphStart
GraphDataStart
ID: 82
NumNodes: 54
NumEdges: 114
NodeLabels
6 2 2 3 3 3 3 4 4 5 4 4 4 4 4 4 4 4 4 4 4 4 4 4 4 4 4 4 4 4 4 5 5 5 5 5 5 5 5 5 5 5 5 5 5 5 5 5 5 5 5 5 5 5 
Edges
0 11 0
0 18 0
1 13 0
2 14 0
3 7 0
3 8 0
3 11 0
4 10 0
4 14 0
4 16 0
5 13 0
5 14 0
5 17 0
6 10 0
6 11 0
7 3 0
7 31 0
7 32 0
7 23 0
8 3 0
8 10 0
8 13 0
9 12 0
10 4 0
10 6 0
10 8 0
11 0 0
11 3 0
11 6 0
12 9 0
12 15 0
12 33 0
12 34 0
13 1 0
13 5 0
13 8 0
14 2 0
14 4 0
14 5 0
15 12 0
15 19 0
15 20 0
16 4 0
16 35 0
16 36 0
16 37 0
17 5 0
17 38 0
17 39 0
17 40 0
18 0 0
18 21 0
18 41 0
18 42 0
19 15 0
19 22 0
19 43 0
20 15 0
20 23 0
20 44 0
21 18 0
21 24 0
21 25 0
22 19 0
22 26 0
22 45 0
23 20 0
23 26 0
23 7 0
24 21 0
24 27 0
24 46 0
25 21 0
25 28 0
25 47 0
26 22 0
26 23 0
26 48 0
27 24 0
27 29 0
27 30 0
28 25 0
28 29 0
28 49 0
29 27 0
29 28 0
29 50 0
30 27 0
30 51 0
30 52 0
30 53 0
31 7 0
32 7 0
33 12 0
34 12 0
35 16 0
36 16 0
37 16 0
38 17 0
39 17 0
40 17 0
41 18 0
42 18 0
43 19 0
44 20 0
45 22 0
46 24 0
47 25 0
48 26 0
49 28 0
50 29 0
51 30 0
52 30 0
53 30 0
GraphDataEnd
GraphEnd
NodeEnd
NodeStart
EPTNodeID: 21
AnchorID: 5082
TreeNodeGraphID: 89
Level: 7
SimplifiedLevel: 0
EditOperation: 1 42 0 5 0
AccumulatedOpsCount: 7
AccumulatedOp: 4 17 40 0 0
AccumulatedOp: 0 17 0 4 5
AccumulatedOp: 1 40 0 5 0
AccumulatedOp: 4 17 41 0 0
AccumulatedOp: 1 41 0 5 0
AccumulatedOp: 4 17 42 0 0
AccumulatedOp: 1 42 0 5 0
ChildrenCount: 0
ChildIndices:
CompletedDBGraphIDsCount: 1
CompletedDBGraphID: 6
GraphStart
GraphDataStart
ID: 89
NumNodes: 54
NumEdges: 114
NodeLabels
6 2 2 3 3 3 3 4 4 4 4 4 4 4 4 4 4 5 4 4 4 4 4 4 4 4 4 4 4 4 4 5 5 5 5 5 5 5 5 5 5 5 5 5 5 5 5 5 5 5 5 5 5 5 
Edges
0 11 0
0 18 0
1 13 0
2 14 0
3 7 0
3 8 0
3 11 0
4 10 0
4 14 0
4 16 0
5 13 0
5 14 0
5 17 0
6 10 0
6 11 0
7 3 0
7 9 0
7 31 0
7 32 0
8 3 0
8 10 0
8 13 0
9 7 0
9 12 0
9 33 0
9 34 0
10 4 0
10 6 0
10 8 0
11 0 0
11 3 0
11 6 0
12 9 0
12 15 0
12 35 0
12 36 0
13 1 0
13 5 0
13 8 0
14 2 0
14 4 0
14 5 0
15 12 0
15 19 0
15 20 0
16 4 0
16 37 0
16 38 0
16 39 0
17 5 0
18 0 0
18 21 0
18 40 0
18 41 0
19 15 0
19 22 0
19 42 0
20 15 0
20 23 0
20 43 0
21 18 0
21 24 0
21 25 0
22 19 0
22 26 0
22 44 0
23 20 0
23 26 0
23 45 0
24 21 0
24 27 0
24 46 0
25 21 0
25 28 0
25 47 0
26 22 0
26 23 0
26 48 0
27 24 0
27 29 0
27 30 0
28 25 0
28 29 0
28 49 0
29 27 0
29 28 0
29 50 0
30 27 0
30 51 0
30 52 0
30 53 0
31 7 0
32 7 0
33 9 0
34 9 0
35 12 0
36 12 0
37 16 0
38 16 0
39 16 0
40 18 0
41 18 0
42 19 0
43 20 0
44 22 0
45 23 0
46 24 0
47 25 0
48 26 0
49 28 0
50 29 0
51 30 0
52 30 0
53 30 0
GraphDataEnd
GraphEnd
NodeEnd
NodeStart
EPTNodeID: 22
AnchorID: 5082
TreeNodeGraphID: 93
Level: 4
SimplifiedLevel: 0
EditOperation: 5 27 53 0 0
AccumulatedOpsCount: 4
AccumulatedOp: 4 27 30 0 0
AccumulatedOp: 4 29 53 0 0
AccumulatedOp: 5 29 30 0 0
AccumulatedOp: 5 27 53 0 0
ChildrenCount: 0
ChildIndices:
CompletedDBGraphIDsCount: 1
CompletedDBGraphID: 18757
GraphStart
GraphDataStart
ID: 93
NumNodes: 57
NumEdges: 120
NodeLabels
6 2 2 3 3 3 3 4 4 4 4 4 4 4 4 4 4 4 4 4 4 4 4 4 4 4 4 4 4 4 4 5 5 5 5 5 5 5 5 5 5 5 5 5 5 5 5 5 5 5 5 5 5 5 5 5 5 
Edges
0 11 0
0 18 0
1 13 0
2 14 0
3 7 0
3 8 0
3 11 0
4 10 0
4 14 0
4 16 0
5 13 0
5 14 0
5 17 0
6 10 0
6 11 0
7 3 0
7 9 0
7 31 0
7 32 0
8 3 0
8 10 0
8 13 0
9 7 0
9 12 0
9 33 0
9 34 0
10 4 0
10 6 0
10 8 0
11 0 0
11 3 0
11 6 0
12 9 0
12 15 0
12 35 0
12 36 0
13 1 0
13 5 0
13 8 0
14 2 0
14 4 0
14 5 0
15 12 0
15 19 0
15 20 0
16 4 0
16 37 0
16 38 0
16 39 0
17 5 0
17 40 0
17 41 0
17 42 0
18 0 0
18 21 0
18 43 0
18 44 0
19 15 0
19 22 0
19 45 0
20 15 0
20 23 0
20 46 0
21 18 0
21 24 0
21 25 0
22 19 0
22 26 0
22 47 0
23 20 0
23 26 0
23 48 0
24 21 0
24 27 0
24 49 0
25 21 0
25 28 0
25 50 0
26 22 0
26 23 0
26 51 0
27 24 0
27 29 0
27 53 0
28 25 0
28 29 0
28 52 0
29 27 0
29 28 0
29 30 0
30 54 0
30 55 0
30 56 0
30 29 0
31 7 0
32 7 0
33 9 0
34 9 0
35 12 0
36 12 0
37 16 0
38 16 0
39 16 0
40 17 0
41 17 0
42 17 0
43 18 0
44 18 0
45 19 0
46 20 0
47 22 0
48 23 0
49 24 0
50 25 0
51 26 0
52 28 0
53 27 0
54 30 0
55 30 0
56 30 0
GraphDataEnd
GraphEnd
NodeEnd
END_EPT
