BEGIN_EPT
AnchorID: 11381  # ID of the anchor node
RootIndex: 0  # Index of the root node in tree_nodes
NodeCount: 2  # Total number of nodes in the EPT
NodeStart
EPTNodeID: 0
AnchorID: 11381
TreeNodeGraphID: 0
Level: 0
SimplifiedLevel: 0
EditOperation: -1 0 -1 0 0
AccumulatedOpsCount: 0
ChildrenCount: 1
ChildIndices: 1
CompletedDBGraphIDsCount: 0
GraphStart
GraphDataStart
ID: 0
NumNodes: 68
NumEdges: 140
NodeLabels
6 6 2 2 2 2 3 3 3 4 4 4 4 4 4 4 4 4 4 4 4 4 4 4 4 4 4 4 4 4 4 4 4 5 5 5 5 5 5 5 5 5 5 5 5 5 5 5 5 5 5 5 5 5 5 5 5 5 5 5 5 5 5 5 5 5 5 5 
Edges
0 2 0
0 3 0
0 7 0
0 15 0
1 4 0
1 5 0
1 8 0
1 21 0
2 0 0
3 0 0
4 1 0
5 1 0
6 9 0
6 10 0
6 13 0
7 0 0
7 11 0
7 12 0
8 1 0
8 14 0
8 45 0
9 6 0
9 12 0
9 33 0
9 34 0
10 6 0
10 11 0
10 35 0
10 36 0
11 7 0
11 10 0
11 37 0
11 38 0
12 7 0
12 9 0
12 39 0
12 40 0
13 6 0
13 14 0
13 41 0
13 42 0
14 8 0
14 13 0
14 43 0
14 44 0
15 0 0
15 16 0
15 17 0
16 15 0
16 19 0
16 22 0
17 15 0
17 18 0
17 46 0
18 17 0
18 20 0
18 24 0
19 16 0
19 20 0
19 47 0
20 18 0
20 19 0
20 26 0
21 1 0
21 23 0
21 25 0
22 16 0
22 48 0
22 49 0
22 50 0
23 21 0
23 29 0
23 30 0
24 18 0
24 51 0
24 52 0
24 53 0
25 21 0
25 27 0
25 54 0
26 20 0
26 55 0
26 56 0
26 57 0
27 25 0
27 28 0
27 31 0
28 27 0
28 29 0
28 32 0
29 23 0
29 28 0
29 58 0
30 23 0
30 59 0
30 60 0
30 61 0
31 27 0
31 62 0
31 63 0
31 64 0
32 28 0
32 65 0
32 66 0
32 67 0
33 9 0
34 9 0
35 10 0
36 10 0
37 11 0
38 11 0
39 12 0
40 12 0
41 13 0
42 13 0
43 14 0
44 14 0
45 8 0
46 17 0
47 19 0
48 22 0
49 22 0
50 22 0
51 24 0
52 24 0
53 24 0
54 25 0
55 26 0
56 26 0
57 26 0
58 29 0
59 30 0
60 30 0
61 30 0
62 31 0
63 31 0
64 31 0
65 32 0
66 32 0
67 32 0
GraphDataEnd
GraphEnd
NodeEnd
NodeStart
EPTNodeID: 1
AnchorID: 11381
TreeNodeGraphID: 8
Level: 8
SimplifiedLevel: 0
EditOperation: 5 27 47 0 0
AccumulatedOpsCount: 8
AccumulatedOp: 4 18 24 0 0
AccumulatedOp: 5 19 24 0 0
AccumulatedOp: 4 19 47 0 0
AccumulatedOp: 4 27 31 0 0
AccumulatedOp: 4 29 58 0 0
AccumulatedOp: 5 18 58 0 0
AccumulatedOp: 5 29 31 0 0
AccumulatedOp: 5 27 47 0 0
ChildrenCount: 0
ChildIndices:
CompletedDBGraphIDsCount: 1
CompletedDBGraphID: 9086
GraphStart
GraphDataStart
ID: 8
NumNodes: 68
NumEdges: 140
NodeLabels
6 6 2 2 2 2 3 3 3 4 4 4 4 4 4 4 4 4 4 4 4 4 4 4 4 4 4 4 4 4 4 4 4 5 5 5 5 5 5 5 5 5 5 5 5 5 5 5 5 5 5 5 5 5 5 5 5 5 5 5 5 5 5 5 5 5 5 5 
Edges
0 2 0
0 3 0
0 7 0
0 15 0
1 4 0
1 5 0
1 8 0
1 21 0
2 0 0
3 0 0
4 1 0
5 1 0
6 9 0
6 10 0
6 13 0
7 0 0
7 11 0
7 12 0
8 1 0
8 14 0
8 45 0
9 6 0
9 12 0
9 33 0
9 34 0
10 6 0
10 11 0
10 35 0
10 36 0
11 7 0
11 10 0
11 37 0
11 38 0
12 7 0
12 9 0
12 39 0
12 40 0
13 6 0
13 14 0
13 41 0
13 42 0
14 8 0
14 13 0
14 43 0
14 44 0
15 0 0
15 16 0
15 17 0
16 15 0
16 19 0
16 22 0
17 15 0
17 18 0
17 46 0
18 17 0
18 20 0
18 58 0
19 16 0
19 20 0
19 24 0
20 18 0
20 19 0
20 26 0
21 1 0
21 23 0
21 25 0
22 16 0
22 48 0
22 49 0
22 50 0
23 21 0
23 29 0
23 30 0
24 51 0
24 52 0
24 53 0
24 19 0
25 21 0
25 27 0
25 54 0
26 20 0
26 55 0
26 56 0
26 57 0
27 25 0
27 28 0
27 47 0
28 27 0
28 29 0
28 32 0
29 23 0
29 28 0
29 31 0
30 23 0
30 59 0
30 60 0
30 61 0
31 62 0
31 63 0
31 64 0
31 29 0
32 28 0
32 65 0
32 66 0
32 67 0
33 9 0
34 9 0
35 10 0
36 10 0
37 11 0
38 11 0
39 12 0
40 12 0
41 13 0
42 13 0
43 14 0
44 14 0
45 8 0
46 17 0
47 27 0
48 22 0
49 22 0
50 22 0
51 24 0
52 24 0
53 24 0
54 25 0
55 26 0
56 26 0
57 26 0
58 18 0
59 30 0
60 30 0
61 30 0
62 31 0
63 31 0
64 31 0
65 32 0
66 32 0
67 32 0
GraphDataEnd
GraphEnd
NodeEnd
END_EPT
