BEGIN_EPT
AnchorID: 10759  # ID of the anchor node
RootIndex: 0  # Index of the root node in tree_nodes
NodeCount: 4  # Total number of nodes in the EPT
NodeStart
EPTNodeID: 0
AnchorID: 10759
TreeNodeGraphID: 0
Level: 0
SimplifiedLevel: 0
EditOperation: -1 0 -1 0 0
AccumulatedOpsCount: 0
ChildrenCount: 1
ChildIndices: 1
CompletedDBGraphIDsCount: 0
GraphStart
GraphDataStart
ID: 0
NumNodes: 75
NumEdges: 158
NodeLabels
7 6 2 2 2 3 3 3 4 4 4 4 4 4 4 4 4 4 4 4 4 4 4 4 4 4 4 4 4 4 4 4 4 4 4 4 4 4 4 4 4 5 5 5 5 5 5 5 5 5 5 5 5 5 5 5 5 5 5 5 5 5 5 5 5 5 5 5 5 5 5 5 5 5 5 
Edges
0 32 0
1 3 0
1 4 0
1 7 0
1 26 0
2 15 0
3 1 0
4 1 0
5 8 0
5 9 0
5 10 0
6 11 0
6 12 0
6 15 0
7 1 0
7 16 0
7 21 0
8 5 0
8 12 0
8 41 0
8 42 0
9 5 0
9 11 0
9 43 0
9 44 0
10 5 0
10 13 0
10 14 0
10 45 0
11 6 0
11 9 0
11 48 0
11 49 0
12 6 0
12 8 0
12 46 0
12 47 0
13 10 0
13 17 0
13 19 0
14 10 0
14 18 0
14 20 0
15 2 0
15 6 0
15 16 0
16 7 0
16 15 0
16 50 0
16 51 0
17 13 0
17 23 0
17 53 0
18 14 0
18 22 0
18 52 0
19 13 0
19 25 0
19 55 0
20 14 0
20 24 0
20 54 0
21 7 0
21 27 0
21 56 0
21 57 0
22 18 0
22 28 0
22 59 0
23 17 0
23 29 0
23 58 0
24 20 0
24 28 0
24 60 0
25 19 0
25 29 0
25 61 0
26 1 0
26 30 0
26 31 0
27 21 0
27 32 0
27 33 0
28 22 0
28 24 0
28 62 0
29 23 0
29 25 0
29 63 0
30 26 0
30 34 0
30 64 0
31 26 0
31 35 0
31 65 0
32 0 0
32 27 0
32 37 0
33 27 0
33 38 0
33 66 0
34 30 0
34 36 0
34 67 0
35 31 0
35 36 0
35 68 0
36 34 0
36 35 0
36 40 0
37 32 0
37 39 0
37 69 0
38 33 0
38 39 0
38 70 0
39 37 0
39 38 0
39 71 0
40 36 0
40 72 0
40 73 0
40 74 0
41 8 0
42 8 0
43 9 0
44 9 0
45 10 0
46 12 0
47 12 0
48 11 0
49 11 0
50 16 0
51 16 0
52 18 0
53 17 0
54 20 0
55 19 0
56 21 0
57 21 0
58 23 0
59 22 0
60 24 0
61 25 0
62 28 0
63 29 0
64 30 0
65 31 0
66 33 0
67 34 0
68 35 0
69 37 0
70 38 0
71 39 0
72 40 0
73 40 0
74 40 0
GraphDataEnd
GraphEnd
NodeEnd
NodeStart
EPTNodeID: 1
AnchorID: 10759
TreeNodeGraphID: 7
Level: 7
SimplifiedLevel: 0
EditOperation: 1 74 0 5 0
AccumulatedOpsCount: 7
AccumulatedOp: 0 0 0 7 5
AccumulatedOp: 4 40 72 0 0
AccumulatedOp: 1 72 0 5 0
AccumulatedOp: 4 40 73 0 0
AccumulatedOp: 1 73 0 5 0
AccumulatedOp: 4 40 74 0 0
AccumulatedOp: 1 74 0 5 0
ChildrenCount: 2
ChildIndices: 2 3
CompletedDBGraphIDsCount: 0
GraphStart
GraphDataStart
ID: 7
NumNodes: 72
NumEdges: 152
NodeLabels
5 6 2 2 2 3 3 3 4 4 4 4 4 4 4 4 4 4 4 4 4 4 4 4 4 4 4 4 4 4 4 4 4 4 4 4 4 4 4 4 4 5 5 5 5 5 5 5 5 5 5 5 5 5 5 5 5 5 5 5 5 5 5 5 5 5 5 5 5 5 5 5 
Edges
0 32 0
1 3 0
1 4 0
1 7 0
1 26 0
2 15 0
3 1 0
4 1 0
5 8 0
5 9 0
5 10 0
6 11 0
6 12 0
6 15 0
7 1 0
7 16 0
7 21 0
8 5 0
8 12 0
8 41 0
8 42 0
9 5 0
9 11 0
9 43 0
9 44 0
10 5 0
10 13 0
10 14 0
10 45 0
11 6 0
11 9 0
11 48 0
11 49 0
12 6 0
12 8 0
12 46 0
12 47 0
13 10 0
13 17 0
13 19 0
14 10 0
14 18 0
14 20 0
15 2 0
15 6 0
15 16 0
16 7 0
16 15 0
16 50 0
16 51 0
17 13 0
17 23 0
17 53 0
18 14 0
18 22 0
18 52 0
19 13 0
19 25 0
19 55 0
20 14 0
20 24 0
20 54 0
21 7 0
21 27 0
21 56 0
21 57 0
22 18 0
22 28 0
22 59 0
23 17 0
23 29 0
23 58 0
24 20 0
24 28 0
24 60 0
25 19 0
25 29 0
25 61 0
26 1 0
26 30 0
26 31 0
27 21 0
27 32 0
27 33 0
28 22 0
28 24 0
28 62 0
29 23 0
29 25 0
29 63 0
30 26 0
30 34 0
30 64 0
31 26 0
31 35 0
31 65 0
32 0 0
32 27 0
32 37 0
33 27 0
33 38 0
33 66 0
34 30 0
34 36 0
34 67 0
35 31 0
35 36 0
35 68 0
36 34 0
36 35 0
36 40 0
37 32 0
37 39 0
37 69 0
38 33 0
38 39 0
38 70 0
39 37 0
39 38 0
39 71 0
40 36 0
41 8 0
42 8 0
43 9 0
44 9 0
45 10 0
46 12 0
47 12 0
48 11 0
49 11 0
50 16 0
51 16 0
52 18 0
53 17 0
54 20 0
55 19 0
56 21 0
57 21 0
58 23 0
59 22 0
60 24 0
61 25 0
62 28 0
63 29 0
64 30 0
65 31 0
66 33 0
67 34 0
68 35 0
69 37 0
70 38 0
71 39 0
GraphDataEnd
GraphEnd
NodeEnd
NodeStart
EPTNodeID: 2
AnchorID: 10759
TreeNodeGraphID: 9
Level: 9
SimplifiedLevel: 0
EditOperation: 0 40 0 4 5
AccumulatedOpsCount: 2
AccumulatedOp: 0 71 0 5 7
AccumulatedOp: 0 40 0 4 5
ChildrenCount: 0
ChildIndices:
CompletedDBGraphIDsCount: 1
CompletedDBGraphID: 10042
GraphStart
GraphDataStart
ID: 9
NumNodes: 72
NumEdges: 152
NodeLabels
5 6 2 2 2 3 3 3 4 4 4 4 4 4 4 4 4 4 4 4 4 4 4 4 4 4 4 4 4 4 4 4 4 4 4 4 4 4 4 4 5 5 5 5 5 5 5 5 5 5 5 5 5 5 5 5 5 5 5 5 5 5 5 5 5 5 5 5 5 5 5 7 
Edges
0 32 0
1 3 0
1 4 0
1 7 0
1 26 0
2 15 0
3 1 0
4 1 0
5 8 0
5 9 0
5 10 0
6 11 0
6 12 0
6 15 0
7 1 0
7 16 0
7 21 0
8 5 0
8 12 0
8 41 0
8 42 0
9 5 0
9 11 0
9 43 0
9 44 0
10 5 0
10 13 0
10 14 0
10 45 0
11 6 0
11 9 0
11 48 0
11 49 0
12 6 0
12 8 0
12 46 0
12 47 0
13 10 0
13 17 0
13 19 0
14 10 0
14 18 0
14 20 0
15 2 0
15 6 0
15 16 0
16 7 0
16 15 0
16 50 0
16 51 0
17 13 0
17 23 0
17 53 0
18 14 0
18 22 0
18 52 0
19 13 0
19 25 0
19 55 0
20 14 0
20 24 0
20 54 0
21 7 0
21 27 0
21 56 0
21 57 0
22 18 0
22 28 0
22 59 0
23 17 0
23 29 0
23 58 0
24 20 0
24 28 0
24 60 0
25 19 0
25 29 0
25 61 0
26 1 0
26 30 0
26 31 0
27 21 0
27 32 0
27 33 0
28 22 0
28 24 0
28 62 0
29 23 0
29 25 0
29 63 0
30 26 0
30 34 0
30 64 0
31 26 0
31 35 0
31 65 0
32 0 0
32 27 0
32 37 0
33 27 0
33 38 0
33 66 0
34 30 0
34 36 0
34 67 0
35 31 0
35 36 0
35 68 0
36 34 0
36 35 0
36 40 0
37 32 0
37 39 0
37 69 0
38 33 0
38 39 0
38 70 0
39 37 0
39 38 0
39 71 0
40 36 0
41 8 0
42 8 0
43 9 0
44 9 0
45 10 0
46 12 0
47 12 0
48 11 0
49 11 0
50 16 0
51 16 0
52 18 0
53 17 0
54 20 0
55 19 0
56 21 0
57 21 0
58 23 0
59 22 0
60 24 0
61 25 0
62 28 0
63 29 0
64 30 0
65 31 0
66 33 0
67 34 0
68 35 0
69 37 0
70 38 0
71 39 0
GraphDataEnd
GraphEnd
NodeEnd
NodeStart
EPTNodeID: 3
AnchorID: 10759
TreeNodeGraphID: 10
Level: 8
SimplifiedLevel: 0
EditOperation: 0 40 0 4 1
AccumulatedOpsCount: 1
AccumulatedOp: 0 40 0 4 1
ChildrenCount: 0
ChildIndices:
CompletedDBGraphIDsCount: 1
CompletedDBGraphID: 10927
GraphStart
GraphDataStart
ID: 10
NumNodes: 72
NumEdges: 152
NodeLabels
5 6 2 2 2 3 3 3 4 4 4 4 4 4 4 4 4 4 4 4 4 4 4 4 4 4 4 4 4 4 4 4 4 4 4 4 4 4 4 4 1 5 5 5 5 5 5 5 5 5 5 5 5 5 5 5 5 5 5 5 5 5 5 5 5 5 5 5 5 5 5 5 
Edges
0 32 0
1 3 0
1 4 0
1 7 0
1 26 0
2 15 0
3 1 0
4 1 0
5 8 0
5 9 0
5 10 0
6 11 0
6 12 0
6 15 0
7 1 0
7 16 0
7 21 0
8 5 0
8 12 0
8 41 0
8 42 0
9 5 0
9 11 0
9 43 0
9 44 0
10 5 0
10 13 0
10 14 0
10 45 0
11 6 0
11 9 0
11 48 0
11 49 0
12 6 0
12 8 0
12 46 0
12 47 0
13 10 0
13 17 0
13 19 0
14 10 0
14 18 0
14 20 0
15 2 0
15 6 0
15 16 0
16 7 0
16 15 0
16 50 0
16 51 0
17 13 0
17 23 0
17 53 0
18 14 0
18 22 0
18 52 0
19 13 0
19 25 0
19 55 0
20 14 0
20 24 0
20 54 0
21 7 0
21 27 0
21 56 0
21 57 0
22 18 0
22 28 0
22 59 0
23 17 0
23 29 0
23 58 0
24 20 0
24 28 0
24 60 0
25 19 0
25 29 0
25 61 0
26 1 0
26 30 0
26 31 0
27 21 0
27 32 0
27 33 0
28 22 0
28 24 0
28 62 0
29 23 0
29 25 0
29 63 0
30 26 0
30 34 0
30 64 0
31 26 0
31 35 0
31 65 0
32 0 0
32 27 0
32 37 0
33 27 0
33 38 0
33 66 0
34 30 0
34 36 0
34 67 0
35 31 0
35 36 0
35 68 0
36 34 0
36 35 0
36 40 0
37 32 0
37 39 0
37 69 0
38 33 0
38 39 0
38 70 0
39 37 0
39 38 0
39 71 0
40 36 0
41 8 0
42 8 0
43 9 0
44 9 0
45 10 0
46 12 0
47 12 0
48 11 0
49 11 0
50 16 0
51 16 0
52 18 0
53 17 0
54 20 0
55 19 0
56 21 0
57 21 0
58 23 0
59 22 0
60 24 0
61 25 0
62 28 0
63 29 0
64 30 0
65 31 0
66 33 0
67 34 0
68 35 0
69 37 0
70 38 0
71 39 0
GraphDataEnd
GraphEnd
NodeEnd
END_EPT
