BEGIN_EPT
AnchorID: 14256  # ID of the anchor node
RootIndex: 0  # Index of the root node in tree_nodes
NodeCount: 13  # Total number of nodes in the EPT
NodeStart
EPTNodeID: 0
AnchorID: 14256
TreeNodeGraphID: 0
Level: 0
SimplifiedLevel: 0
EditOperation: -1 0 -1 0 0
AccumulatedOpsCount: 0
ChildrenCount: 2
ChildIndices: 1 12
CompletedDBGraphIDsCount: 0
GraphStart
GraphDataStart
ID: 0
NumNodes: 62
NumEdges: 130
NodeLabels
6 2 2 3 3 3 3 4 4 4 4 4 4 4 4 4 4 4 4 4 4 4 4 4 4 4 4 4 4 4 4 4 4 4 5 5 5 5 5 5 5 5 5 5 5 5 5 5 5 5 5 5 5 5 5 5 5 5 5 5 5 5 
Edges
0 13 0
0 18 0
1 29 0
1 33 0
2 23 0
3 7 0
3 12 0
3 13 0
4 9 0
4 23 0
4 38 0
5 6 0
5 7 0
6 5 0
6 13 0
7 3 0
7 5 0
7 8 0
8 7 0
8 15 0
8 34 0
8 35 0
9 4 0
9 10 0
9 11 0
10 9 0
10 16 0
10 19 0
11 9 0
11 17 0
11 20 0
12 3 0
12 21 0
12 22 0
13 0 0
13 3 0
13 6 0
14 16 0
14 17 0
14 24 0
15 8 0
15 25 0
15 26 0
16 10 0
16 14 0
16 36 0
17 11 0
17 14 0
17 37 0
18 0 0
18 23 0
18 39 0
18 40 0
19 10 0
19 41 0
19 42 0
19 43 0
20 11 0
20 44 0
20 45 0
20 46 0
21 12 0
21 27 0
21 47 0
22 12 0
22 28 0
22 48 0
23 2 0
23 4 0
23 18 0
24 14 0
24 49 0
24 50 0
24 51 0
25 15 0
25 30 0
25 52 0
26 15 0
26 31 0
26 53 0
27 21 0
27 29 0
27 54 0
28 22 0
28 29 0
28 55 0
29 1 0
29 27 0
29 28 0
30 25 0
30 32 0
30 56 0
31 26 0
31 32 0
31 57 0
32 30 0
32 31 0
32 58 0
33 1 0
33 59 0
33 60 0
33 61 0
34 8 0
35 8 0
36 16 0
37 17 0
38 4 0
39 18 0
40 18 0
41 19 0
42 19 0
43 19 0
44 20 0
45 20 0
46 20 0
47 21 0
48 22 0
49 24 0
50 24 0
51 24 0
52 25 0
53 26 0
54 27 0
55 28 0
56 30 0
57 31 0
58 32 0
59 33 0
60 33 0
61 33 0
GraphDataEnd
GraphEnd
NodeEnd
NodeStart
EPTNodeID: 1
AnchorID: 14256
TreeNodeGraphID: 1
Level: 1
SimplifiedLevel: 0
EditOperation: 4 8 15 0 0
AccumulatedOpsCount: 1
AccumulatedOp: 4 8 15 0 0
ChildrenCount: 3
ChildIndices: 2 8 11
CompletedDBGraphIDsCount: 0
GraphStart
GraphDataStart
ID: 1
NumNodes: 62
NumEdges: 128
NodeLabels
6 2 2 3 3 3 3 4 4 4 4 4 4 4 4 4 4 4 4 4 4 4 4 4 4 4 4 4 4 4 4 4 4 4 5 5 5 5 5 5 5 5 5 5 5 5 5 5 5 5 5 5 5 5 5 5 5 5 5 5 5 5 
Edges
0 13 0
0 18 0
1 29 0
1 33 0
2 23 0
3 7 0
3 12 0
3 13 0
4 9 0
4 23 0
4 38 0
5 6 0
5 7 0
6 5 0
6 13 0
7 3 0
7 5 0
7 8 0
8 7 0
8 34 0
8 35 0
9 4 0
9 10 0
9 11 0
10 9 0
10 16 0
10 19 0
11 9 0
11 17 0
11 20 0
12 3 0
12 21 0
12 22 0
13 0 0
13 3 0
13 6 0
14 16 0
14 17 0
14 24 0
15 25 0
15 26 0
16 10 0
16 14 0
16 36 0
17 11 0
17 14 0
17 37 0
18 0 0
18 23 0
18 39 0
18 40 0
19 10 0
19 41 0
19 42 0
19 43 0
20 11 0
20 44 0
20 45 0
20 46 0
21 12 0
21 27 0
21 47 0
22 12 0
22 28 0
22 48 0
23 2 0
23 4 0
23 18 0
24 14 0
24 49 0
24 50 0
24 51 0
25 15 0
25 30 0
25 52 0
26 15 0
26 31 0
26 53 0
27 21 0
27 29 0
27 54 0
28 22 0
28 29 0
28 55 0
29 1 0
29 27 0
29 28 0
30 25 0
30 32 0
30 56 0
31 26 0
31 32 0
31 57 0
32 30 0
32 31 0
32 58 0
33 1 0
33 59 0
33 60 0
33 61 0
34 8 0
35 8 0
36 16 0
37 17 0
38 4 0
39 18 0
40 18 0
41 19 0
42 19 0
43 19 0
44 20 0
45 20 0
46 20 0
47 21 0
48 22 0
49 24 0
50 24 0
51 24 0
52 25 0
53 26 0
54 27 0
55 28 0
56 30 0
57 31 0
58 32 0
59 33 0
60 33 0
61 33 0
GraphDataEnd
GraphEnd
NodeEnd
NodeStart
EPTNodeID: 2
AnchorID: 14256
TreeNodeGraphID: 3
Level: 3
SimplifiedLevel: 0
EditOperation: 5 3 15 0 0
AccumulatedOpsCount: 2
AccumulatedOp: 4 3 12 0 0
AccumulatedOp: 5 3 15 0 0
ChildrenCount: 3
ChildIndices: 3 6 7
CompletedDBGraphIDsCount: 0
GraphStart
GraphDataStart
ID: 3
NumNodes: 62
NumEdges: 128
NodeLabels
6 2 2 3 3 3 3 4 4 4 4 4 4 4 4 4 4 4 4 4 4 4 4 4 4 4 4 4 4 4 4 4 4 4 5 5 5 5 5 5 5 5 5 5 5 5 5 5 5 5 5 5 5 5 5 5 5 5 5 5 5 5 
Edges
0 13 0
0 18 0
1 29 0
1 33 0
2 23 0
3 7 0
3 13 0
3 15 0
4 9 0
4 23 0
4 38 0
5 6 0
5 7 0
6 5 0
6 13 0
7 3 0
7 5 0
7 8 0
8 7 0
8 34 0
8 35 0
9 4 0
9 10 0
9 11 0
10 9 0
10 16 0
10 19 0
11 9 0
11 17 0
11 20 0
12 21 0
12 22 0
13 0 0
13 3 0
13 6 0
14 16 0
14 17 0
14 24 0
15 25 0
15 26 0
15 3 0
16 10 0
16 14 0
16 36 0
17 11 0
17 14 0
17 37 0
18 0 0
18 23 0
18 39 0
18 40 0
19 10 0
19 41 0
19 42 0
19 43 0
20 11 0
20 44 0
20 45 0
20 46 0
21 12 0
21 27 0
21 47 0
22 12 0
22 28 0
22 48 0
23 2 0
23 4 0
23 18 0
24 14 0
24 49 0
24 50 0
24 51 0
25 15 0
25 30 0
25 52 0
26 15 0
26 31 0
26 53 0
27 21 0
27 29 0
27 54 0
28 22 0
28 29 0
28 55 0
29 1 0
29 27 0
29 28 0
30 25 0
30 32 0
30 56 0
31 26 0
31 32 0
31 57 0
32 30 0
32 31 0
32 58 0
33 1 0
33 59 0
33 60 0
33 61 0
34 8 0
35 8 0
36 16 0
37 17 0
38 4 0
39 18 0
40 18 0
41 19 0
42 19 0
43 19 0
44 20 0
45 20 0
46 20 0
47 21 0
48 22 0
49 24 0
50 24 0
51 24 0
52 25 0
53 26 0
54 27 0
55 28 0
56 30 0
57 31 0
58 32 0
59 33 0
60 33 0
61 33 0
GraphDataEnd
GraphEnd
NodeEnd
NodeStart
EPTNodeID: 3
AnchorID: 14256
TreeNodeGraphID: 6
Level: 6
SimplifiedLevel: 0
EditOperation: 5 14 44 0 0
AccumulatedOpsCount: 3
AccumulatedOp: 4 14 24 0 0
AccumulatedOp: 4 20 44 0 0
AccumulatedOp: 5 14 44 0 0
ChildrenCount: 2
ChildIndices: 4 5
CompletedDBGraphIDsCount: 0
GraphStart
GraphDataStart
ID: 6
NumNodes: 62
NumEdges: 126
NodeLabels
6 2 2 3 3 3 3 4 4 4 4 4 4 4 4 4 4 4 4 4 4 4 4 4 4 4 4 4 4 4 4 4 4 4 5 5 5 5 5 5 5 5 5 5 5 5 5 5 5 5 5 5 5 5 5 5 5 5 5 5 5 5 
Edges
0 13 0
0 18 0
1 29 0
1 33 0
2 23 0
3 7 0
3 13 0
3 15 0
4 9 0
4 23 0
4 38 0
5 6 0
5 7 0
6 5 0
6 13 0
7 3 0
7 5 0
7 8 0
8 7 0
8 34 0
8 35 0
9 4 0
9 10 0
9 11 0
10 9 0
10 16 0
10 19 0
11 9 0
11 17 0
11 20 0
12 21 0
12 22 0
13 0 0
13 3 0
13 6 0
14 16 0
14 17 0
14 44 0
15 25 0
15 26 0
15 3 0
16 10 0
16 14 0
16 36 0
17 11 0
17 14 0
17 37 0
18 0 0
18 23 0
18 39 0
18 40 0
19 10 0
19 41 0
19 42 0
19 43 0
20 11 0
20 45 0
20 46 0
21 12 0
21 27 0
21 47 0
22 12 0
22 28 0
22 48 0
23 2 0
23 4 0
23 18 0
24 49 0
24 50 0
24 51 0
25 15 0
25 30 0
25 52 0
26 15 0
26 31 0
26 53 0
27 21 0
27 29 0
27 54 0
28 22 0
28 29 0
28 55 0
29 1 0
29 27 0
29 28 0
30 25 0
30 32 0
30 56 0
31 26 0
31 32 0
31 57 0
32 30 0
32 31 0
32 58 0
33 1 0
33 59 0
33 60 0
33 61 0
34 8 0
35 8 0
36 16 0
37 17 0
38 4 0
39 18 0
40 18 0
41 19 0
42 19 0
43 19 0
44 14 0
45 20 0
46 20 0
47 21 0
48 22 0
49 24 0
50 24 0
51 24 0
52 25 0
53 26 0
54 27 0
55 28 0
56 30 0
57 31 0
58 32 0
59 33 0
60 33 0
61 33 0
GraphDataEnd
GraphEnd
NodeEnd
NodeStart
EPTNodeID: 4
AnchorID: 14256
TreeNodeGraphID: 13
Level: 13
SimplifiedLevel: 0
EditOperation: 5 8 62 0 0
AccumulatedOpsCount: 7
AccumulatedOp: 4 7 8 0 0
AccumulatedOp: 0 55 0 5 2
AccumulatedOp: 2 62 0 0 5
AccumulatedOp: 5 24 55 0 0
AccumulatedOp: 5 8 20 0 0
AccumulatedOp: 5 7 12 0 0
AccumulatedOp: 5 8 62 0 0
ChildrenCount: 0
ChildIndices:
CompletedDBGraphIDsCount: 1
CompletedDBGraphID: 3996
GraphStart
GraphDataStart
ID: 13
NumNodes: 63
NumEdges: 132
NodeLabels
6 2 2 3 3 3 3 4 4 4 4 4 4 4 4 4 4 4 4 4 4 4 4 4 4 4 4 4 4 4 4 4 4 4 5 5 5 5 5 5 5 5 5 5 5 5 5 5 5 5 5 5 5 5 5 2 5 5 5 5 5 5 5 
Edges
0 13 0
0 18 0
1 29 0
1 33 0
2 23 0
3 7 0
3 13 0
3 15 0
4 9 0
4 23 0
4 38 0
5 6 0
5 7 0
6 5 0
6 13 0
7 3 0
7 5 0
7 12 0
8 34 0
8 35 0
8 20 0
8 62 0
9 4 0
9 10 0
9 11 0
10 9 0
10 16 0
10 19 0
11 9 0
11 17 0
11 20 0
12 21 0
12 22 0
12 7 0
13 0 0
13 3 0
13 6 0
14 16 0
14 17 0
14 44 0
15 25 0
15 26 0
15 3 0
16 10 0
16 14 0
16 36 0
17 11 0
17 14 0
17 37 0
18 0 0
18 23 0
18 39 0
18 40 0
19 10 0
19 41 0
19 42 0
19 43 0
20 11 0
20 45 0
20 46 0
20 8 0
21 12 0
21 27 0
21 47 0
22 12 0
22 28 0
22 48 0
23 2 0
23 4 0
23 18 0
24 49 0
24 50 0
24 51 0
24 55 0
25 15 0
25 30 0
25 52 0
26 15 0
26 31 0
26 53 0
27 21 0
27 29 0
27 54 0
28 22 0
28 29 0
28 55 0
29 1 0
29 27 0
29 28 0
30 25 0
30 32 0
30 56 0
31 26 0
31 32 0
31 57 0
32 30 0
32 31 0
32 58 0
33 1 0
33 59 0
33 60 0
33 61 0
34 8 0
35 8 0
36 16 0
37 17 0
38 4 0
39 18 0
40 18 0
41 19 0
42 19 0
43 19 0
44 14 0
45 20 0
46 20 0
47 21 0
48 22 0
49 24 0
50 24 0
51 24 0
52 25 0
53 26 0
54 27 0
55 28 0
55 24 0
56 30 0
57 31 0
58 32 0
59 33 0
60 33 0
61 33 0
62 8 0
GraphDataEnd
GraphEnd
NodeEnd
NodeStart
EPTNodeID: 5
AnchorID: 14256
TreeNodeGraphID: 17
Level: 10
SimplifiedLevel: 0
EditOperation: 5 20 24 0 0
AccumulatedOpsCount: 4
AccumulatedOp: 2 62 0 0 2
AccumulatedOp: 5 8 62 0 0
AccumulatedOp: 5 12 62 0 0
AccumulatedOp: 5 20 24 0 0
ChildrenCount: 0
ChildIndices:
CompletedDBGraphIDsCount: 1
CompletedDBGraphID: 7537
GraphStart
GraphDataStart
ID: 17
NumNodes: 63
NumEdges: 132
NodeLabels
6 2 2 3 3 3 3 4 4 4 4 4 4 4 4 4 4 4 4 4 4 4 4 4 4 4 4 4 4 4 4 4 4 4 5 5 5 5 5 5 5 5 5 5 5 5 5 5 5 5 5 5 5 5 5 5 5 5 5 5 5 5 2 
Edges
0 13 0
0 18 0
1 29 0
1 33 0
2 23 0
3 7 0
3 13 0
3 15 0
4 9 0
4 23 0
4 38 0
5 6 0
5 7 0
6 5 0
6 13 0
7 3 0
7 5 0
7 8 0
8 7 0
8 34 0
8 35 0
8 62 0
9 4 0
9 10 0
9 11 0
10 9 0
10 16 0
10 19 0
11 9 0
11 17 0
11 20 0
12 21 0
12 22 0
12 62 0
13 0 0
13 3 0
13 6 0
14 16 0
14 17 0
14 44 0
15 25 0
15 26 0
15 3 0
16 10 0
16 14 0
16 36 0
17 11 0
17 14 0
17 37 0
18 0 0
18 23 0
18 39 0
18 40 0
19 10 0
19 41 0
19 42 0
19 43 0
20 11 0
20 45 0
20 46 0
20 24 0
21 12 0
21 27 0
21 47 0
22 12 0
22 28 0
22 48 0
23 2 0
23 4 0
23 18 0
24 49 0
24 50 0
24 51 0
24 20 0
25 15 0
25 30 0
25 52 0
26 15 0
26 31 0
26 53 0
27 21 0
27 29 0
27 54 0
28 22 0
28 29 0
28 55 0
29 1 0
29 27 0
29 28 0
30 25 0
30 32 0
30 56 0
31 26 0
31 32 0
31 57 0
32 30 0
32 31 0
32 58 0
33 1 0
33 59 0
33 60 0
33 61 0
34 8 0
35 8 0
36 16 0
37 17 0
38 4 0
39 18 0
40 18 0
41 19 0
42 19 0
43 19 0
44 14 0
45 20 0
46 20 0
47 21 0
48 22 0
49 24 0
50 24 0
51 24 0
52 25 0
53 26 0
54 27 0
55 28 0
56 30 0
57 31 0
58 32 0
59 33 0
60 33 0
61 33 0
62 8 0
62 12 0
GraphDataEnd
GraphEnd
NodeEnd
NodeStart
EPTNodeID: 6
AnchorID: 14256
TreeNodeGraphID: 26
Level: 12
SimplifiedLevel: 0
EditOperation: 5 12 50 0 0
AccumulatedOpsCount: 9
AccumulatedOp: 0 55 0 5 2
AccumulatedOp: 0 24 0 4 5
AccumulatedOp: 5 8 55 0 0
AccumulatedOp: 4 24 49 0 0
AccumulatedOp: 1 49 0 5 0
AccumulatedOp: 4 24 50 0 0
AccumulatedOp: 4 24 51 0 0
AccumulatedOp: 1 51 0 5 0
AccumulatedOp: 5 12 50 0 0
ChildrenCount: 0
ChildIndices:
CompletedDBGraphIDsCount: 1
CompletedDBGraphID: 14251
GraphStart
GraphDataStart
ID: 26
NumNodes: 60
NumEdges: 126
NodeLabels
6 2 2 3 3 3 3 4 4 4 4 4 4 4 4 4 4 4 4 4 4 4 4 4 5 4 4 4 4 4 4 4 4 4 5 5 5 5 5 5 5 5 5 5 5 5 5 5 5 5 5 5 5 2 5 5 5 5 5 5 
Edges
0 13 0
0 18 0
1 29 0
1 33 0
2 23 0
3 7 0
3 13 0
3 15 0
4 9 0
4 23 0
4 38 0
5 6 0
5 7 0
6 5 0
6 13 0
7 3 0
7 5 0
7 8 0
8 7 0
8 34 0
8 35 0
8 53 0
9 4 0
9 10 0
9 11 0
10 9 0
10 16 0
10 19 0
11 9 0
11 17 0
11 20 0
12 21 0
12 22 0
12 49 0
13 0 0
13 3 0
13 6 0
14 16 0
14 17 0
14 24 0
15 25 0
15 26 0
15 3 0
16 10 0
16 14 0
16 36 0
17 11 0
17 14 0
17 37 0
18 0 0
18 23 0
18 39 0
18 40 0
19 10 0
19 41 0
19 42 0
19 43 0
20 11 0
20 44 0
20 45 0
20 46 0
21 12 0
21 27 0
21 47 0
22 12 0
22 28 0
22 48 0
23 2 0
23 4 0
23 18 0
24 14 0
25 15 0
25 30 0
25 50 0
26 15 0
26 31 0
26 51 0
27 21 0
27 29 0
27 52 0
28 22 0
28 29 0
28 53 0
29 1 0
29 27 0
29 28 0
30 25 0
30 32 0
30 54 0
31 26 0
31 32 0
31 55 0
32 30 0
32 31 0
32 56 0
33 1 0
33 57 0
33 58 0
33 59 0
34 8 0
35 8 0
36 16 0
37 17 0
38 4 0
39 18 0
40 18 0
41 19 0
42 19 0
43 19 0
44 20 0
45 20 0
46 20 0
47 21 0
48 22 0
49 12 0
50 25 0
51 26 0
52 27 0
53 28 0
53 8 0
54 30 0
55 31 0
56 32 0
57 33 0
58 33 0
59 33 0
GraphDataEnd
GraphEnd
NodeEnd
NodeStart
EPTNodeID: 7
AnchorID: 14256
TreeNodeGraphID: 34
Level: 11
SimplifiedLevel: 0
EditOperation: 1 60 0 5 0
AccumulatedOpsCount: 8
AccumulatedOp: 0 59 0 5 3
AccumulatedOp: 5 12 33 0 0
AccumulatedOp: 4 33 61 0 0
AccumulatedOp: 5 1 8 0 0
AccumulatedOp: 1 61 0 5 0
AccumulatedOp: 4 1 33 0 0
AccumulatedOp: 4 33 60 0 0
AccumulatedOp: 1 60 0 5 0
ChildrenCount: 0
ChildIndices:
CompletedDBGraphIDsCount: 1
CompletedDBGraphID: 10238
GraphStart
GraphDataStart
ID: 34
NumNodes: 60
NumEdges: 126
NodeLabels
6 2 2 3 3 3 3 4 4 4 4 4 4 4 4 4 4 4 4 4 4 4 4 4 4 4 4 4 4 4 4 4 4 4 5 5 5 5 5 5 5 5 5 5 5 5 5 5 5 5 5 5 5 5 5 5 5 5 5 3 
Edges
0 13 0
0 18 0
1 29 0
1 8 0
2 23 0
3 7 0
3 13 0
3 15 0
4 9 0
4 23 0
4 38 0
5 6 0
5 7 0
6 5 0
6 13 0
7 3 0
7 5 0
7 8 0
8 7 0
8 34 0
8 35 0
8 1 0
9 4 0
9 10 0
9 11 0
10 9 0
10 16 0
10 19 0
11 9 0
11 17 0
11 20 0
12 21 0
12 22 0
12 33 0
13 0 0
13 3 0
13 6 0
14 16 0
14 17 0
14 24 0
15 25 0
15 26 0
15 3 0
16 10 0
16 14 0
16 36 0
17 11 0
17 14 0
17 37 0
18 0 0
18 23 0
18 39 0
18 40 0
19 10 0
19 41 0
19 42 0
19 43 0
20 11 0
20 44 0
20 45 0
20 46 0
21 12 0
21 27 0
21 47 0
22 12 0
22 28 0
22 48 0
23 2 0
23 4 0
23 18 0
24 14 0
24 49 0
24 50 0
24 51 0
25 15 0
25 30 0
25 52 0
26 15 0
26 31 0
26 53 0
27 21 0
27 29 0
27 54 0
28 22 0
28 29 0
28 55 0
29 1 0
29 27 0
29 28 0
30 25 0
30 32 0
30 56 0
31 26 0
31 32 0
31 57 0
32 30 0
32 31 0
32 58 0
33 59 0
33 12 0
34 8 0
35 8 0
36 16 0
37 17 0
38 4 0
39 18 0
40 18 0
41 19 0
42 19 0
43 19 0
44 20 0
45 20 0
46 20 0
47 21 0
48 22 0
49 24 0
50 24 0
51 24 0
52 25 0
53 26 0
54 27 0
55 28 0
56 30 0
57 31 0
58 32 0
59 33 0
GraphDataEnd
GraphEnd
NodeEnd
NodeStart
EPTNodeID: 8
AnchorID: 14256
TreeNodeGraphID: 40
Level: 7
SimplifiedLevel: 0
EditOperation: 5 7 15 0 0
AccumulatedOpsCount: 6
AccumulatedOp: 4 7 8 0 0
AccumulatedOp: 4 8 34 0 0
AccumulatedOp: 4 8 35 0 0
AccumulatedOp: 1 8 0 4 0
AccumulatedOp: 1 35 0 5 0
AccumulatedOp: 5 7 15 0 0
ChildrenCount: 2
ChildIndices: 9 10
CompletedDBGraphIDsCount: 0
GraphStart
GraphDataStart
ID: 40
NumNodes: 60
NumEdges: 124
NodeLabels
6 2 2 3 3 3 3 4 4 4 4 4 4 4 4 4 4 4 4 4 4 4 4 4 4 4 4 4 4 4 4 4 4 5 5 5 5 5 5 5 5 5 5 5 5 5 5 5 5 5 5 5 5 5 5 5 5 5 5 5 
Edges
0 12 0
0 17 0
1 28 0
1 32 0
2 22 0
3 7 0
3 11 0
3 12 0
4 8 0
4 22 0
4 36 0
5 6 0
5 7 0
6 5 0
6 12 0
7 3 0
7 5 0
7 14 0
8 4 0
8 9 0
8 10 0
9 8 0
9 15 0
9 18 0
10 8 0
10 16 0
10 19 0
11 3 0
11 20 0
11 21 0
12 0 0
12 3 0
12 6 0
13 15 0
13 16 0
13 23 0
14 24 0
14 25 0
14 7 0
15 9 0
15 13 0
15 34 0
16 10 0
16 13 0
16 35 0
17 0 0
17 22 0
17 37 0
17 38 0
18 9 0
18 39 0
18 40 0
18 41 0
19 10 0
19 42 0
19 43 0
19 44 0
20 11 0
20 26 0
20 45 0
21 11 0
21 27 0
21 46 0
22 2 0
22 4 0
22 17 0
23 13 0
23 47 0
23 48 0
23 49 0
24 14 0
24 29 0
24 50 0
25 14 0
25 30 0
25 51 0
26 20 0
26 28 0
26 52 0
27 21 0
27 28 0
27 53 0
28 1 0
28 26 0
28 27 0
29 24 0
29 31 0
29 54 0
30 25 0
30 31 0
30 55 0
31 29 0
31 30 0
31 56 0
32 1 0
32 57 0
32 58 0
32 59 0
34 15 0
35 16 0
36 4 0
37 17 0
38 17 0
39 18 0
40 18 0
41 18 0
42 19 0
43 19 0
44 19 0
45 20 0
46 21 0
47 23 0
48 23 0
49 23 0
50 24 0
51 25 0
52 26 0
53 27 0
54 29 0
55 30 0
56 31 0
57 32 0
58 32 0
59 32 0
GraphDataEnd
GraphEnd
NodeEnd
NodeStart
EPTNodeID: 9
AnchorID: 14256
TreeNodeGraphID: 41
Level: 8
SimplifiedLevel: 0
EditOperation: 1 34 0 5 0
AccumulatedOpsCount: 1
AccumulatedOp: 1 34 0 5 0
ChildrenCount: 0
ChildIndices:
CompletedDBGraphIDsCount: 1
CompletedDBGraphID: 10437
GraphStart
GraphDataStart
ID: 41
NumNodes: 59
NumEdges: 124
NodeLabels
6 2 2 3 3 3 3 4 4 4 4 4 4 4 4 4 4 4 4 4 4 4 4 4 4 4 4 4 4 4 4 4 4 5 5 5 5 5 5 5 5 5 5 5 5 5 5 5 5 5 5 5 5 5 5 5 5 5 5 
Edges
0 12 0
0 17 0
1 28 0
1 32 0
2 22 0
3 7 0
3 11 0
3 12 0
4 8 0
4 22 0
4 35 0
5 6 0
5 7 0
6 5 0
6 12 0
7 3 0
7 5 0
7 14 0
8 4 0
8 9 0
8 10 0
9 8 0
9 15 0
9 18 0
10 8 0
10 16 0
10 19 0
11 3 0
11 20 0
11 21 0
12 0 0
12 3 0
12 6 0
13 15 0
13 16 0
13 23 0
14 24 0
14 25 0
14 7 0
15 9 0
15 13 0
15 33 0
16 10 0
16 13 0
16 34 0
17 0 0
17 22 0
17 36 0
17 37 0
18 9 0
18 38 0
18 39 0
18 40 0
19 10 0
19 41 0
19 42 0
19 43 0
20 11 0
20 26 0
20 44 0
21 11 0
21 27 0
21 45 0
22 2 0
22 4 0
22 17 0
23 13 0
23 46 0
23 47 0
23 48 0
24 14 0
24 29 0
24 49 0
25 14 0
25 30 0
25 50 0
26 20 0
26 28 0
26 51 0
27 21 0
27 28 0
27 52 0
28 1 0
28 26 0
28 27 0
29 24 0
29 31 0
29 53 0
30 25 0
30 31 0
30 54 0
31 29 0
31 30 0
31 55 0
32 1 0
32 56 0
32 57 0
32 58 0
33 15 0
34 16 0
35 4 0
36 17 0
37 17 0
38 18 0
39 18 0
40 18 0
41 19 0
42 19 0
43 19 0
44 20 0
45 21 0
46 23 0
47 23 0
48 23 0
49 24 0
50 25 0
51 26 0
52 27 0
53 29 0
54 30 0
55 31 0
56 32 0
57 32 0
58 32 0
GraphDataEnd
GraphEnd
NodeEnd
NodeStart
EPTNodeID: 10
AnchorID: 14256
TreeNodeGraphID: 46
Level: 12
SimplifiedLevel: 0
EditOperation: 5 29 34 0 0
AccumulatedOpsCount: 5
AccumulatedOp: 4 1 29 0 0
AccumulatedOp: 4 21 47 0 0
AccumulatedOp: 1 47 0 5 0
AccumulatedOp: 5 1 21 0 0
AccumulatedOp: 5 29 34 0 0
ChildrenCount: 0
ChildIndices:
CompletedDBGraphIDsCount: 1
CompletedDBGraphID: 14866
GraphStart
GraphDataStart
ID: 46
NumNodes: 59
NumEdges: 124
NodeLabels
6 2 2 3 3 3 3 4 4 4 4 4 4 4 4 4 4 4 4 4 4 4 4 4 4 4 4 4 4 4 4 4 4 5 5 5 5 5 5 5 5 5 5 5 5 5 5 5 5 5 5 5 5 5 5 5 5 5 5 
Edges
0 12 0
0 17 0
1 32 0
1 20 0
2 22 0
3 7 0
3 11 0
3 12 0
4 8 0
4 22 0
4 36 0
5 6 0
5 7 0
6 5 0
6 12 0
7 3 0
7 5 0
7 14 0
8 4 0
8 9 0
8 10 0
9 8 0
9 15 0
9 18 0
10 8 0
10 16 0
10 19 0
11 3 0
11 20 0
11 21 0
12 0 0
12 3 0
12 6 0
13 15 0
13 16 0
13 23 0
14 24 0
14 25 0
14 7 0
15 9 0
15 13 0
15 34 0
16 10 0
16 13 0
16 35 0
17 0 0
17 22 0
17 37 0
17 38 0
18 9 0
18 39 0
18 40 0
18 41 0
19 10 0
19 42 0
19 43 0
19 44 0
20 11 0
20 26 0
20 1 0
21 11 0
21 27 0
21 45 0
22 2 0
22 4 0
22 17 0
23 13 0
23 46 0
23 47 0
23 48 0
24 14 0
24 29 0
24 49 0
25 14 0
25 30 0
25 50 0
26 20 0
26 28 0
26 51 0
27 21 0
27 28 0
27 52 0
28 26 0
28 27 0
28 33 0
29 24 0
29 31 0
29 53 0
30 25 0
30 31 0
30 54 0
31 29 0
31 30 0
31 55 0
32 1 0
32 56 0
32 57 0
32 58 0
33 28 0
34 15 0
35 16 0
36 4 0
37 17 0
38 17 0
39 18 0
40 18 0
41 18 0
42 19 0
43 19 0
44 19 0
45 21 0
46 23 0
47 23 0
48 23 0
49 24 0
50 25 0
51 26 0
52 27 0
53 29 0
54 30 0
55 31 0
56 32 0
57 32 0
58 32 0
GraphDataEnd
GraphEnd
NodeEnd
NodeStart
EPTNodeID: 11
AnchorID: 14256
TreeNodeGraphID: 58
Level: 13
SimplifiedLevel: 0
EditOperation: 5 8 52 0 0
AccumulatedOpsCount: 12
AccumulatedOp: 4 24 49 0 0
AccumulatedOp: 0 1 0 2 5
AccumulatedOp: 0 24 0 4 5
AccumulatedOp: 4 1 33 0 0
AccumulatedOp: 5 15 33 0 0
AccumulatedOp: 1 49 0 5 0
AccumulatedOp: 4 24 50 0 0
AccumulatedOp: 1 50 0 5 0
AccumulatedOp: 0 52 0 5 2
AccumulatedOp: 4 24 51 0 0
AccumulatedOp: 1 51 0 5 0
AccumulatedOp: 5 8 52 0 0
ChildrenCount: 0
ChildIndices:
CompletedDBGraphIDsCount: 1
CompletedDBGraphID: 18894
GraphStart
GraphDataStart
ID: 58
NumNodes: 59
NumEdges: 124
NodeLabels
6 5 2 3 3 3 3 4 4 4 4 4 4 4 4 4 4 4 4 4 4 4 4 4 5 4 4 4 4 4 4 4 4 4 5 5 5 5 5 5 5 5 5 5 5 5 5 5 5 2 5 5 5 5 5 5 5 5 5 
Edges
0 13 0
0 18 0
1 29 0
2 23 0
3 7 0
3 12 0
3 13 0
4 9 0
4 23 0
4 38 0
5 6 0
5 7 0
6 5 0
6 13 0
7 3 0
7 5 0
7 8 0
8 7 0
8 34 0
8 35 0
8 49 0
9 4 0
9 10 0
9 11 0
10 9 0
10 16 0
10 19 0
11 9 0
11 17 0
11 20 0
12 3 0
12 21 0
12 22 0
13 0 0
13 3 0
13 6 0
14 16 0
14 17 0
14 24 0
15 25 0
15 26 0
15 33 0
16 10 0
16 14 0
16 36 0
17 11 0
17 14 0
17 37 0
18 0 0
18 23 0
18 39 0
18 40 0
19 10 0
19 41 0
19 42 0
19 43 0
20 11 0
20 44 0
20 45 0
20 46 0
21 12 0
21 27 0
21 47 0
22 12 0
22 28 0
22 48 0
23 2 0
23 4 0
23 18 0
24 14 0
25 15 0
25 30 0
25 49 0
26 15 0
26 31 0
26 50 0
27 21 0
27 29 0
27 51 0
28 22 0
28 29 0
28 52 0
29 1 0
29 27 0
29 28 0
30 25 0
30 32 0
30 53 0
31 26 0
31 32 0
31 54 0
32 30 0
32 31 0
32 55 0
33 56 0
33 57 0
33 58 0
33 15 0
34 8 0
35 8 0
36 16 0
37 17 0
38 4 0
39 18 0
40 18 0
41 19 0
42 19 0
43 19 0
44 20 0
45 20 0
46 20 0
47 21 0
48 22 0
49 25 0
49 8 0
50 26 0
51 27 0
52 28 0
53 30 0
54 31 0
55 32 0
56 33 0
57 33 0
58 33 0
GraphDataEnd
GraphEnd
NodeEnd
NodeStart
EPTNodeID: 12
AnchorID: 14256
TreeNodeGraphID: 67
Level: 9
SimplifiedLevel: 0
EditOperation: 1 61 0 5 0
AccumulatedOpsCount: 9
AccumulatedOp: 4 1 33 0 0
AccumulatedOp: 0 1 0 2 5
AccumulatedOp: 4 33 60 0 0
AccumulatedOp: 1 60 0 5 0
AccumulatedOp: 4 33 59 0 0
AccumulatedOp: 1 59 0 5 0
AccumulatedOp: 4 33 61 0 0
AccumulatedOp: 1 33 0 4 0
AccumulatedOp: 1 61 0 5 0
ChildrenCount: 0
ChildIndices:
CompletedDBGraphIDsCount: 1
CompletedDBGraphID: 4551
GraphStart
GraphDataStart
ID: 67
NumNodes: 58
NumEdges: 122
NodeLabels
6 5 2 3 3 3 3 4 4 4 4 4 4 4 4 4 4 4 4 4 4 4 4 4 4 4 4 4 4 4 4 4 4 5 5 5 5 5 5 5 5 5 5 5 5 5 5 5 5 5 5 5 5 5 5 5 5 5 
Edges
0 13 0
0 18 0
1 29 0
2 23 0
3 7 0
3 12 0
3 13 0
4 9 0
4 23 0
4 37 0
5 6 0
5 7 0
6 5 0
6 13 0
7 3 0
7 5 0
7 8 0
8 7 0
8 15 0
8 33 0
8 34 0
9 4 0
9 10 0
9 11 0
10 9 0
10 16 0
10 19 0
11 9 0
11 17 0
11 20 0
12 3 0
12 21 0
12 22 0
13 0 0
13 3 0
13 6 0
14 16 0
14 17 0
14 24 0
15 8 0
15 25 0
15 26 0
16 10 0
16 14 0
16 35 0
17 11 0
17 14 0
17 36 0
18 0 0
18 23 0
18 38 0
18 39 0
19 10 0
19 40 0
19 41 0
19 42 0
20 11 0
20 43 0
20 44 0
20 45 0
21 12 0
21 27 0
21 46 0
22 12 0
22 28 0
22 47 0
23 2 0
23 4 0
23 18 0
24 14 0
24 48 0
24 49 0
24 50 0
25 15 0
25 30 0
25 51 0
26 15 0
26 31 0
26 52 0
27 21 0
27 29 0
27 53 0
28 22 0
28 29 0
28 54 0
29 1 0
29 27 0
29 28 0
30 25 0
30 32 0
30 55 0
31 26 0
31 32 0
31 56 0
32 30 0
32 31 0
32 57 0
33 8 0
34 8 0
35 16 0
36 17 0
37 4 0
38 18 0
39 18 0
40 19 0
41 19 0
42 19 0
43 20 0
44 20 0
45 20 0
46 21 0
47 22 0
48 24 0
49 24 0
50 24 0
51 25 0
52 26 0
53 27 0
54 28 0
55 30 0
56 31 0
57 32 0
GraphDataEnd
GraphEnd
NodeEnd
END_EPT
