BEGIN_EPT
AnchorID: 10760  # ID of the anchor node
RootIndex: 0  # Index of the root node in tree_nodes
NodeCount: 4  # Total number of nodes in the EPT
NodeStart
EPTNodeID: 0
AnchorID: 10760
TreeNodeGraphID: 0
Level: 0
SimplifiedLevel: 0
EditOperation: -1 0 -1 0 0
AccumulatedOpsCount: 0
ChildrenCount: 1
ChildIndices: 1
CompletedDBGraphIDsCount: 0
GraphStart
GraphDataStart
ID: 0
NumNodes: 62
NumEdges: 128
NodeLabels
6 2 2 2 2 2 2 3 4 4 4 4 4 4 4 4 4 4 4 4 4 4 4 4 4 4 4 4 4 4 4 4 4 5 5 5 5 5 5 5 5 5 5 5 5 5 5 5 5 5 5 5 5 5 5 5 5 5 5 5 5 5 
Edges
0 4 0
0 5 0
0 7 0
0 16 0
1 12 0
1 19 0
2 18 0
2 24 0
3 12 0
4 0 0
5 0 0
6 24 0
7 0 0
7 8 0
7 35 0
8 7 0
8 9 0
8 12 0
8 33 0
9 8 0
9 10 0
9 11 0
9 34 0
10 9 0
10 36 0
10 37 0
10 38 0
11 9 0
11 39 0
11 40 0
11 41 0
12 1 0
12 3 0
12 8 0
13 14 0
13 15 0
13 25 0
14 13 0
14 18 0
14 22 0
15 13 0
15 17 0
15 24 0
16 0 0
16 26 0
16 27 0
17 15 0
17 21 0
17 42 0
17 43 0
18 2 0
18 14 0
18 20 0
19 1 0
19 20 0
19 23 0
20 18 0
20 19 0
20 44 0
21 17 0
21 31 0
21 45 0
21 46 0
22 14 0
22 23 0
22 47 0
23 19 0
23 22 0
23 48 0
24 2 0
24 6 0
24 15 0
25 13 0
25 49 0
25 50 0
25 51 0
26 16 0
26 28 0
26 52 0
27 16 0
27 29 0
27 53 0
28 26 0
28 30 0
28 54 0
29 27 0
29 30 0
29 55 0
30 28 0
30 29 0
30 32 0
31 21 0
31 56 0
31 57 0
31 58 0
32 30 0
32 59 0
32 60 0
32 61 0
33 8 0
34 9 0
35 7 0
36 10 0
37 10 0
38 10 0
39 11 0
40 11 0
41 11 0
42 17 0
43 17 0
44 20 0
45 21 0
46 21 0
47 22 0
48 23 0
49 25 0
50 25 0
51 25 0
52 26 0
53 27 0
54 28 0
55 29 0
56 31 0
57 31 0
58 31 0
59 32 0
60 32 0
61 32 0
GraphDataEnd
GraphEnd
NodeEnd
NodeStart
EPTNodeID: 1
AnchorID: 10760
TreeNodeGraphID: 1
Level: 1
SimplifiedLevel: 0
EditOperation: 4 11 41 0 0
AccumulatedOpsCount: 1
AccumulatedOp: 4 11 41 0 0
ChildrenCount: 2
ChildIndices: 2 3
CompletedDBGraphIDsCount: 0
GraphStart
GraphDataStart
ID: 1
NumNodes: 62
NumEdges: 126
NodeLabels
6 2 2 2 2 2 2 3 4 4 4 4 4 4 4 4 4 4 4 4 4 4 4 4 4 4 4 4 4 4 4 4 4 5 5 5 5 5 5 5 5 5 5 5 5 5 5 5 5 5 5 5 5 5 5 5 5 5 5 5 5 5 
Edges
0 4 0
0 5 0
0 7 0
0 16 0
1 12 0
1 19 0
2 18 0
2 24 0
3 12 0
4 0 0
5 0 0
6 24 0
7 0 0
7 8 0
7 35 0
8 7 0
8 9 0
8 12 0
8 33 0
9 8 0
9 10 0
9 11 0
9 34 0
10 9 0
10 36 0
10 37 0
10 38 0
11 9 0
11 39 0
11 40 0
12 1 0
12 3 0
12 8 0
13 14 0
13 15 0
13 25 0
14 13 0
14 18 0
14 22 0
15 13 0
15 17 0
15 24 0
16 0 0
16 26 0
16 27 0
17 15 0
17 21 0
17 42 0
17 43 0
18 2 0
18 14 0
18 20 0
19 1 0
19 20 0
19 23 0
20 18 0
20 19 0
20 44 0
21 17 0
21 31 0
21 45 0
21 46 0
22 14 0
22 23 0
22 47 0
23 19 0
23 22 0
23 48 0
24 2 0
24 6 0
24 15 0
25 13 0
25 49 0
25 50 0
25 51 0
26 16 0
26 28 0
26 52 0
27 16 0
27 29 0
27 53 0
28 26 0
28 30 0
28 54 0
29 27 0
29 30 0
29 55 0
30 28 0
30 29 0
30 32 0
31 21 0
31 56 0
31 57 0
31 58 0
32 30 0
32 59 0
32 60 0
32 61 0
33 8 0
34 9 0
35 7 0
36 10 0
37 10 0
38 10 0
39 11 0
40 11 0
42 17 0
43 17 0
44 20 0
45 21 0
46 21 0
47 22 0
48 23 0
49 25 0
50 25 0
51 25 0
52 26 0
53 27 0
54 28 0
55 29 0
56 31 0
57 31 0
58 31 0
59 32 0
60 32 0
61 32 0
GraphDataEnd
GraphEnd
NodeEnd
NodeStart
EPTNodeID: 2
AnchorID: 10760
TreeNodeGraphID: 13
Level: 13
SimplifiedLevel: 0
EditOperation: 5 8 17 0 0
AccumulatedOpsCount: 12
AccumulatedOp: 0 11 0 4 5
AccumulatedOp: 4 11 40 0 0
AccumulatedOp: 1 40 0 5 0
AccumulatedOp: 1 41 0 5 0
AccumulatedOp: 4 11 39 0 0
AccumulatedOp: 5 15 39 0 0
AccumulatedOp: 4 8 9 0 0
AccumulatedOp: 4 15 17 0 0
AccumulatedOp: 5 9 23 0 0
AccumulatedOp: 4 23 48 0 0
AccumulatedOp: 1 48 0 5 0
AccumulatedOp: 5 8 17 0 0
ChildrenCount: 0
ChildIndices:
CompletedDBGraphIDsCount: 2
CompletedDBGraphID: 10869
CompletedDBGraphID: 2401
GraphStart
GraphDataStart
ID: 13
NumNodes: 59
NumEdges: 122
NodeLabels
6 2 2 2 2 2 2 3 4 4 4 5 4 4 4 4 4 4 4 4 4 4 4 4 4 4 4 4 4 4 4 4 4 5 5 5 5 5 5 5 5 5 5 5 5 5 5 5 5 5 5 5 5 5 5 5 5 5 5 
Edges
0 4 0
0 5 0
0 7 0
0 16 0
1 12 0
1 19 0
2 18 0
2 24 0
3 12 0
4 0 0
5 0 0
6 24 0
7 0 0
7 8 0
7 35 0
8 7 0
8 12 0
8 33 0
8 17 0
9 10 0
9 11 0
9 34 0
9 23 0
10 9 0
10 36 0
10 37 0
10 38 0
11 9 0
12 1 0
12 3 0
12 8 0
13 14 0
13 15 0
13 25 0
14 13 0
14 18 0
14 22 0
15 13 0
15 24 0
15 39 0
16 0 0
16 26 0
16 27 0
17 21 0
17 40 0
17 41 0
17 8 0
18 2 0
18 14 0
18 20 0
19 1 0
19 20 0
19 23 0
20 18 0
20 19 0
20 42 0
21 17 0
21 31 0
21 43 0
21 44 0
22 14 0
22 23 0
22 45 0
23 19 0
23 22 0
23 9 0
24 2 0
24 6 0
24 15 0
25 13 0
25 46 0
25 47 0
25 48 0
26 16 0
26 28 0
26 49 0
27 16 0
27 29 0
27 50 0
28 26 0
28 30 0
28 51 0
29 27 0
29 30 0
29 52 0
30 28 0
30 29 0
30 32 0
31 21 0
31 53 0
31 54 0
31 55 0
32 30 0
32 56 0
32 57 0
32 58 0
33 8 0
34 9 0
35 7 0
36 10 0
37 10 0
38 10 0
39 15 0
40 17 0
41 17 0
42 20 0
43 21 0
44 21 0
45 22 0
46 25 0
47 25 0
48 25 0
49 26 0
50 27 0
51 28 0
52 29 0
53 31 0
54 31 0
55 31 0
56 32 0
57 32 0
58 32 0
GraphDataEnd
GraphEnd
NodeEnd
NodeStart
EPTNodeID: 3
AnchorID: 10760
TreeNodeGraphID: 16
Level: 4
SimplifiedLevel: 0
EditOperation: 5 10 11 0 0
AccumulatedOpsCount: 3
AccumulatedOp: 4 9 10 0 0
AccumulatedOp: 5 9 41 0 0
AccumulatedOp: 5 10 11 0 0
ChildrenCount: 0
ChildIndices:
CompletedDBGraphIDsCount: 2
CompletedDBGraphID: 15670
CompletedDBGraphID: 10286
GraphStart
GraphDataStart
ID: 16
NumNodes: 62
NumEdges: 128
NodeLabels
6 2 2 2 2 2 2 3 4 4 4 4 4 4 4 4 4 4 4 4 4 4 4 4 4 4 4 4 4 4 4 4 4 5 5 5 5 5 5 5 5 5 5 5 5 5 5 5 5 5 5 5 5 5 5 5 5 5 5 5 5 5 
Edges
0 4 0
0 5 0
0 7 0
0 16 0
1 12 0
1 19 0
2 18 0
2 24 0
3 12 0
4 0 0
5 0 0
6 24 0
7 0 0
7 8 0
7 35 0
8 7 0
8 9 0
8 12 0
8 33 0
9 8 0
9 11 0
9 34 0
9 41 0
10 36 0
10 37 0
10 38 0
10 11 0
11 9 0
11 39 0
11 40 0
11 10 0
12 1 0
12 3 0
12 8 0
13 14 0
13 15 0
13 25 0
14 13 0
14 18 0
14 22 0
15 13 0
15 17 0
15 24 0
16 0 0
16 26 0
16 27 0
17 15 0
17 21 0
17 42 0
17 43 0
18 2 0
18 14 0
18 20 0
19 1 0
19 20 0
19 23 0
20 18 0
20 19 0
20 44 0
21 17 0
21 31 0
21 45 0
21 46 0
22 14 0
22 23 0
22 47 0
23 19 0
23 22 0
23 48 0
24 2 0
24 6 0
24 15 0
25 13 0
25 49 0
25 50 0
25 51 0
26 16 0
26 28 0
26 52 0
27 16 0
27 29 0
27 53 0
28 26 0
28 30 0
28 54 0
29 27 0
29 30 0
29 55 0
30 28 0
30 29 0
30 32 0
31 21 0
31 56 0
31 57 0
31 58 0
32 30 0
32 59 0
32 60 0
32 61 0
33 8 0
34 9 0
35 7 0
36 10 0
37 10 0
38 10 0
39 11 0
40 11 0
41 9 0
42 17 0
43 17 0
44 20 0
45 21 0
46 21 0
47 22 0
48 23 0
49 25 0
50 25 0
51 25 0
52 26 0
53 27 0
54 28 0
55 29 0
56 31 0
57 31 0
58 31 0
59 32 0
60 32 0
61 32 0
GraphDataEnd
GraphEnd
NodeEnd
END_EPT
