BEGIN_EPT
AnchorID: 2804  # ID of the anchor node
RootIndex: 0  # Index of the root node in tree_nodes
NodeCount: 6  # Total number of nodes in the EPT
NodeStart
EPTNodeID: 0
AnchorID: 2804
TreeNodeGraphID: 0
Level: 0
SimplifiedLevel: 0
EditOperation: -1 0 -1 0 0
AccumulatedOpsCount: 0
ChildrenCount: 3
ChildIndices: 1 4 5
CompletedDBGraphIDsCount: 1
CompletedDBGraphID: 4525
GraphStart
GraphDataStart
ID: 0
NumNodes: 62
NumEdges: 128
NodeLabels
2 2 2 2 2 2 3 3 4 4 4 4 4 4 4 4 4 4 4 4 4 4 4 4 4 4 4 4 4 4 4 4 4 4 5 5 5 5 5 5 5 5 5 5 5 5 5 5 5 5 5 5 5 5 5 5 5 5 5 5 5 5 
Edges
0 17 0
0 18 0
1 19 0
1 25 0
2 21 0
2 28 0
3 21 0
4 26 0
4 32 0
5 27 0
5 33 0
6 18 0
6 48 0
6 49 0
7 24 0
8 9 0
8 11 0
8 14 0
8 34 0
9 8 0
9 10 0
9 12 0
10 9 0
10 16 0
10 20 0
11 8 0
11 17 0
11 21 0
12 9 0
12 13 0
12 35 0
13 12 0
13 15 0
13 19 0
14 8 0
14 18 0
14 24 0
15 13 0
15 16 0
15 22 0
16 10 0
16 15 0
16 36 0
17 0 0
17 11 0
17 23 0
18 0 0
18 6 0
18 14 0
19 1 0
19 13 0
19 37 0
19 38 0
20 10 0
20 39 0
20 40 0
20 41 0
21 2 0
21 3 0
21 11 0
22 15 0
22 42 0
22 43 0
22 44 0
23 17 0
23 45 0
23 46 0
23 47 0
24 7 0
24 14 0
25 1 0
25 26 0
25 27 0
26 4 0
26 25 0
26 29 0
27 5 0
27 25 0
27 30 0
28 2 0
28 50 0
28 51 0
28 52 0
29 26 0
29 31 0
29 53 0
30 27 0
30 31 0
30 54 0
31 29 0
31 30 0
31 55 0
32 4 0
32 56 0
32 57 0
32 58 0
33 5 0
33 59 0
33 60 0
33 61 0
34 8 0
35 12 0
36 16 0
37 19 0
38 19 0
39 20 0
40 20 0
41 20 0
42 22 0
43 22 0
44 22 0
45 23 0
46 23 0
47 23 0
48 6 0
49 6 0
50 28 0
51 28 0
52 28 0
53 29 0
54 30 0
55 31 0
56 32 0
57 32 0
58 32 0
59 33 0
60 33 0
61 33 0
GraphDataEnd
GraphEnd
NodeEnd
NodeStart
EPTNodeID: 1
AnchorID: 2804
TreeNodeGraphID: 4
Level: 4
SimplifiedLevel: 0
EditOperation: 5 50 63 0 0
AccumulatedOpsCount: 4
AccumulatedOp: 2 62 0 0 5
AccumulatedOp: 0 50 0 5 4
AccumulatedOp: 2 63 0 0 5
AccumulatedOp: 5 50 63 0 0
ChildrenCount: 2
ChildIndices: 2 3
CompletedDBGraphIDsCount: 0
GraphStart
GraphDataStart
ID: 4
NumNodes: 64
NumEdges: 130
NodeLabels
2 2 2 2 2 2 3 3 4 4 4 4 4 4 4 4 4 4 4 4 4 4 4 4 4 4 4 4 4 4 4 4 4 4 5 5 5 5 5 5 5 5 5 5 5 5 5 5 5 5 4 5 5 5 5 5 5 5 5 5 5 5 5 5 
Edges
0 17 0
0 18 0
1 19 0
1 25 0
2 21 0
2 28 0
3 21 0
4 26 0
4 32 0
5 27 0
5 33 0
6 18 0
6 48 0
6 49 0
7 24 0
8 9 0
8 11 0
8 14 0
8 34 0
9 8 0
9 10 0
9 12 0
10 9 0
10 16 0
10 20 0
11 8 0
11 17 0
11 21 0
12 9 0
12 13 0
12 35 0
13 12 0
13 15 0
13 19 0
14 8 0
14 18 0
14 24 0
15 13 0
15 16 0
15 22 0
16 10 0
16 15 0
16 36 0
17 0 0
17 11 0
17 23 0
18 0 0
18 6 0
18 14 0
19 1 0
19 13 0
19 37 0
19 38 0
20 10 0
20 39 0
20 40 0
20 41 0
21 2 0
21 3 0
21 11 0
22 15 0
22 42 0
22 43 0
22 44 0
23 17 0
23 45 0
23 46 0
23 47 0
24 7 0
24 14 0
25 1 0
25 26 0
25 27 0
26 4 0
26 25 0
26 29 0
27 5 0
27 25 0
27 30 0
28 2 0
28 50 0
28 51 0
28 52 0
29 26 0
29 31 0
29 53 0
30 27 0
30 31 0
30 54 0
31 29 0
31 30 0
31 55 0
32 4 0
32 56 0
32 57 0
32 58 0
33 5 0
33 59 0
33 60 0
33 61 0
34 8 0
35 12 0
36 16 0
37 19 0
38 19 0
39 20 0
40 20 0
41 20 0
42 22 0
43 22 0
44 22 0
45 23 0
46 23 0
47 23 0
48 6 0
49 6 0
50 28 0
50 63 0
51 28 0
52 28 0
53 29 0
54 30 0
55 31 0
56 32 0
57 32 0
58 32 0
59 33 0
60 33 0
61 33 0
63 50 0
GraphDataEnd
GraphEnd
NodeEnd
NodeStart
EPTNodeID: 2
AnchorID: 2804
TreeNodeGraphID: 7
Level: 7
SimplifiedLevel: 0
EditOperation: 5 50 64 0 0
AccumulatedOpsCount: 3
AccumulatedOp: 2 64 0 0 5
AccumulatedOp: 5 50 62 0 0
AccumulatedOp: 5 50 64 0 0
ChildrenCount: 0
ChildIndices:
CompletedDBGraphIDsCount: 2
CompletedDBGraphID: 12470
CompletedDBGraphID: 7764
GraphStart
GraphDataStart
ID: 7
NumNodes: 65
NumEdges: 134
NodeLabels
2 2 2 2 2 2 3 3 4 4 4 4 4 4 4 4 4 4 4 4 4 4 4 4 4 4 4 4 4 4 4 4 4 4 5 5 5 5 5 5 5 5 5 5 5 5 5 5 5 5 4 5 5 5 5 5 5 5 5 5 5 5 5 5 5 
Edges
0 17 0
0 18 0
1 19 0
1 25 0
2 21 0
2 28 0
3 21 0
4 26 0
4 32 0
5 27 0
5 33 0
6 18 0
6 48 0
6 49 0
7 24 0
8 9 0
8 11 0
8 14 0
8 34 0
9 8 0
9 10 0
9 12 0
10 9 0
10 16 0
10 20 0
11 8 0
11 17 0
11 21 0
12 9 0
12 13 0
12 35 0
13 12 0
13 15 0
13 19 0
14 8 0
14 18 0
14 24 0
15 13 0
15 16 0
15 22 0
16 10 0
16 15 0
16 36 0
17 0 0
17 11 0
17 23 0
18 0 0
18 6 0
18 14 0
19 1 0
19 13 0
19 37 0
19 38 0
20 10 0
20 39 0
20 40 0
20 41 0
21 2 0
21 3 0
21 11 0
22 15 0
22 42 0
22 43 0
22 44 0
23 17 0
23 45 0
23 46 0
23 47 0
24 7 0
24 14 0
25 1 0
25 26 0
25 27 0
26 4 0
26 25 0
26 29 0
27 5 0
27 25 0
27 30 0
28 2 0
28 50 0
28 51 0
28 52 0
29 26 0
29 31 0
29 53 0
30 27 0
30 31 0
30 54 0
31 29 0
31 30 0
31 55 0
32 4 0
32 56 0
32 57 0
32 58 0
33 5 0
33 59 0
33 60 0
33 61 0
34 8 0
35 12 0
36 16 0
37 19 0
38 19 0
39 20 0
40 20 0
41 20 0
42 22 0
43 22 0
44 22 0
45 23 0
46 23 0
47 23 0
48 6 0
49 6 0
50 28 0
50 63 0
50 62 0
50 64 0
51 28 0
52 28 0
53 29 0
54 30 0
55 31 0
56 32 0
57 32 0
58 32 0
59 33 0
60 33 0
61 33 0
62 50 0
63 50 0
64 50 0
GraphDataEnd
GraphEnd
NodeEnd
NodeStart
EPTNodeID: 3
AnchorID: 2804
TreeNodeGraphID: 17
Level: 14
SimplifiedLevel: 0
EditOperation: 5 35 50 0 0
AccumulatedOpsCount: 10
AccumulatedOp: 0 5 0 2 5
AccumulatedOp: 4 31 55 0 0
AccumulatedOp: 4 8 9 0 0
AccumulatedOp: 5 12 33 0 0
AccumulatedOp: 4 5 33 0 0
AccumulatedOp: 5 50 55 0 0
AccumulatedOp: 4 12 35 0 0
AccumulatedOp: 5 9 62 0 0
AccumulatedOp: 5 8 31 0 0
AccumulatedOp: 5 35 50 0 0
ChildrenCount: 0
ChildIndices:
CompletedDBGraphIDsCount: 2
CompletedDBGraphID: 17944
CompletedDBGraphID: 1804
GraphStart
GraphDataStart
ID: 17
NumNodes: 64
NumEdges: 132
NodeLabels
2 2 2 2 2 5 3 3 4 4 4 4 4 4 4 4 4 4 4 4 4 4 4 4 4 4 4 4 4 4 4 4 4 4 5 5 5 5 5 5 5 5 5 5 5 5 5 5 5 5 4 5 5 5 5 5 5 5 5 5 5 5 5 5 
Edges
0 17 0
0 18 0
1 19 0
1 25 0
2 21 0
2 28 0
3 21 0
4 26 0
4 32 0
5 27 0
6 18 0
6 48 0
6 49 0
7 24 0
8 11 0
8 14 0
8 34 0
8 31 0
9 10 0
9 12 0
9 62 0
10 9 0
10 16 0
10 20 0
11 8 0
11 17 0
11 21 0
12 9 0
12 13 0
12 33 0
13 12 0
13 15 0
13 19 0
14 8 0
14 18 0
14 24 0
15 13 0
15 16 0
15 22 0
16 10 0
16 15 0
16 36 0
17 0 0
17 11 0
17 23 0
18 0 0
18 6 0
18 14 0
19 1 0
19 13 0
19 37 0
19 38 0
20 10 0
20 39 0
20 40 0
20 41 0
21 2 0
21 3 0
21 11 0
22 15 0
22 42 0
22 43 0
22 44 0
23 17 0
23 45 0
23 46 0
23 47 0
24 7 0
24 14 0
25 1 0
25 26 0
25 27 0
26 4 0
26 25 0
26 29 0
27 5 0
27 25 0
27 30 0
28 2 0
28 50 0
28 51 0
28 52 0
29 26 0
29 31 0
29 53 0
30 27 0
30 31 0
30 54 0
31 29 0
31 30 0
31 8 0
32 4 0
32 56 0
32 57 0
32 58 0
33 59 0
33 60 0
33 61 0
33 12 0
34 8 0
35 50 0
36 16 0
37 19 0
38 19 0
39 20 0
40 20 0
41 20 0
42 22 0
43 22 0
44 22 0
45 23 0
46 23 0
47 23 0
48 6 0
49 6 0
50 28 0
50 63 0
50 55 0
50 35 0
51 28 0
52 28 0
53 29 0
54 30 0
55 50 0
56 32 0
57 32 0
58 32 0
59 33 0
60 33 0
61 33 0
62 9 0
63 50 0
GraphDataEnd
GraphEnd
NodeEnd
NodeStart
EPTNodeID: 4
AnchorID: 2804
TreeNodeGraphID: 26
Level: 9
SimplifiedLevel: 0
EditOperation: 5 8 31 0 0
AccumulatedOpsCount: 9
AccumulatedOp: 4 31 55 0 0
AccumulatedOp: 5 9 35 0 0
AccumulatedOp: 0 5 0 2 5
AccumulatedOp: 1 55 0 5 0
AccumulatedOp: 4 5 33 0 0
AccumulatedOp: 5 12 33 0 0
AccumulatedOp: 4 8 9 0 0
AccumulatedOp: 4 12 35 0 0
AccumulatedOp: 5 8 31 0 0
ChildrenCount: 0
ChildIndices:
CompletedDBGraphIDsCount: 2
CompletedDBGraphID: 8999
CompletedDBGraphID: 4475
GraphStart
GraphDataStart
ID: 26
NumNodes: 61
NumEdges: 126
NodeLabels
2 2 2 2 2 5 3 3 4 4 4 4 4 4 4 4 4 4 4 4 4 4 4 4 4 4 4 4 4 4 4 4 4 4 5 5 5 5 5 5 5 5 5 5 5 5 5 5 5 5 5 5 5 5 5 5 5 5 5 5 5 
Edges
0 17 0
0 18 0
1 19 0
1 25 0
2 21 0
2 28 0
3 21 0
4 26 0
4 32 0
5 27 0
6 18 0
6 48 0
6 49 0
7 24 0
8 11 0
8 14 0
8 34 0
8 31 0
9 10 0
9 12 0
9 35 0
10 9 0
10 16 0
10 20 0
11 8 0
11 17 0
11 21 0
12 9 0
12 13 0
12 33 0
13 12 0
13 15 0
13 19 0
14 8 0
14 18 0
14 24 0
15 13 0
15 16 0
15 22 0
16 10 0
16 15 0
16 36 0
17 0 0
17 11 0
17 23 0
18 0 0
18 6 0
18 14 0
19 1 0
19 13 0
19 37 0
19 38 0
20 10 0
20 39 0
20 40 0
20 41 0
21 2 0
21 3 0
21 11 0
22 15 0
22 42 0
22 43 0
22 44 0
23 17 0
23 45 0
23 46 0
23 47 0
24 7 0
24 14 0
25 1 0
25 26 0
25 27 0
26 4 0
26 25 0
26 29 0
27 5 0
27 25 0
27 30 0
28 2 0
28 50 0
28 51 0
28 52 0
29 26 0
29 31 0
29 53 0
30 27 0
30 31 0
30 54 0
31 29 0
31 30 0
31 8 0
32 4 0
32 55 0
32 56 0
32 57 0
33 58 0
33 59 0
33 60 0
33 12 0
34 8 0
35 9 0
36 16 0
37 19 0
38 19 0
39 20 0
40 20 0
41 20 0
42 22 0
43 22 0
44 22 0
45 23 0
46 23 0
47 23 0
48 6 0
49 6 0
50 28 0
51 28 0
52 28 0
53 29 0
54 30 0
55 32 0
56 32 0
57 32 0
58 33 0
59 33 0
60 33 0
GraphDataEnd
GraphEnd
NodeEnd
NodeStart
EPTNodeID: 5
AnchorID: 2804
TreeNodeGraphID: 32
Level: 6
SimplifiedLevel: 0
EditOperation: 5 2 52 0 0
AccumulatedOpsCount: 6
AccumulatedOp: 0 2 0 2 4
AccumulatedOp: 4 28 52 0 0
AccumulatedOp: 4 23 47 0 0
AccumulatedOp: 5 23 28 0 0
AccumulatedOp: 5 2 47 0 0
AccumulatedOp: 5 2 52 0 0
ChildrenCount: 0
ChildIndices:
CompletedDBGraphIDsCount: 2
CompletedDBGraphID: 7236
CompletedDBGraphID: 9814
GraphStart
GraphDataStart
ID: 32
NumNodes: 62
NumEdges: 130
NodeLabels
2 2 4 2 2 2 3 3 4 4 4 4 4 4 4 4 4 4 4 4 4 4 4 4 4 4 4 4 4 4 4 4 4 4 5 5 5 5 5 5 5 5 5 5 5 5 5 5 5 5 5 5 5 5 5 5 5 5 5 5 5 5 
Edges
0 17 0
0 18 0
1 19 0
1 25 0
2 21 0
2 28 0
2 47 0
2 52 0
3 21 0
4 26 0
4 32 0
5 27 0
5 33 0
6 18 0
6 48 0
6 49 0
7 24 0
8 9 0
8 11 0
8 14 0
8 34 0
9 8 0
9 10 0
9 12 0
10 9 0
10 16 0
10 20 0
11 8 0
11 17 0
11 21 0
12 9 0
12 13 0
12 35 0
13 12 0
13 15 0
13 19 0
14 8 0
14 18 0
14 24 0
15 13 0
15 16 0
15 22 0
16 10 0
16 15 0
16 36 0
17 0 0
17 11 0
17 23 0
18 0 0
18 6 0
18 14 0
19 1 0
19 13 0
19 37 0
19 38 0
20 10 0
20 39 0
20 40 0
20 41 0
21 2 0
21 3 0
21 11 0
22 15 0
22 42 0
22 43 0
22 44 0
23 17 0
23 45 0
23 46 0
23 28 0
24 7 0
24 14 0
25 1 0
25 26 0
25 27 0
26 4 0
26 25 0
26 29 0
27 5 0
27 25 0
27 30 0
28 2 0
28 50 0
28 51 0
28 23 0
29 26 0
29 31 0
29 53 0
30 27 0
30 31 0
30 54 0
31 29 0
31 30 0
31 55 0
32 4 0
32 56 0
32 57 0
32 58 0
33 5 0
33 59 0
33 60 0
33 61 0
34 8 0
35 12 0
36 16 0
37 19 0
38 19 0
39 20 0
40 20 0
41 20 0
42 22 0
43 22 0
44 22 0
45 23 0
46 23 0
47 2 0
48 6 0
49 6 0
50 28 0
51 28 0
52 2 0
53 29 0
54 30 0
55 31 0
56 32 0
57 32 0
58 32 0
59 33 0
60 33 0
61 33 0
GraphDataEnd
GraphEnd
NodeEnd
END_EPT
