BEGIN_EPT
AnchorID: 2210  # ID of the anchor node
RootIndex: 0  # Index of the root node in tree_nodes
NodeCount: 10  # Total number of nodes in the EPT
NodeStart
EPTNodeID: 0
AnchorID: 2210
TreeNodeGraphID: 0
Level: 0
SimplifiedLevel: 0
EditOperation: -1 0 -1 0 0
AccumulatedOpsCount: 0
ChildrenCount: 3
ChildIndices: 1 8 9
CompletedDBGraphIDsCount: 0
GraphStart
GraphDataStart
ID: 0
NumNodes: 63
NumEdges: 132
NodeLabels
6 2 2 2 3 3 3 3 4 4 4 4 4 4 4 4 4 4 4 4 4 4 4 4 4 4 4 4 4 4 4 4 4 4 4 5 5 5 5 5 5 5 5 5 5 5 5 5 5 5 5 5 5 5 5 5 5 5 5 5 5 5 5 
Edges
0 11 0
0 18 0
1 23 0
1 32 0
2 22 0
3 31 0
3 34 0
4 8 0
4 9 0
4 11 0
5 10 0
5 14 0
5 37 0
6 7 0
6 8 0
7 6 0
7 11 0
8 4 0
8 6 0
8 10 0
9 4 0
9 12 0
9 13 0
10 5 0
10 8 0
10 35 0
10 36 0
11 0 0
11 4 0
11 7 0
12 9 0
12 16 0
12 38 0
13 9 0
13 17 0
13 39 0
14 5 0
14 19 0
14 20 0
15 16 0
15 17 0
15 21 0
16 12 0
16 15 0
16 40 0
17 13 0
17 15 0
17 41 0
18 0 0
18 22 0
18 42 0
18 43 0
19 14 0
19 24 0
19 44 0
20 14 0
20 25 0
20 45 0
21 15 0
21 46 0
21 47 0
21 48 0
22 2 0
22 18 0
22 26 0
23 1 0
23 24 0
23 25 0
24 19 0
24 23 0
24 49 0
25 20 0
25 23 0
25 50 0
26 22 0
26 27 0
26 28 0
27 26 0
27 29 0
27 51 0
28 26 0
28 30 0
28 52 0
29 27 0
29 31 0
29 53 0
30 28 0
30 31 0
30 54 0
31 3 0
31 29 0
31 30 0
32 1 0
32 33 0
32 55 0
32 56 0
33 32 0
33 57 0
33 58 0
33 59 0
34 3 0
34 60 0
34 61 0
34 62 0
35 10 0
36 10 0
37 5 0
38 12 0
39 13 0
40 16 0
41 17 0
42 18 0
43 18 0
44 19 0
45 20 0
46 21 0
47 21 0
48 21 0
49 24 0
50 25 0
51 27 0
52 28 0
53 29 0
54 30 0
55 32 0
56 32 0
57 33 0
58 33 0
59 33 0
60 34 0
61 34 0
62 34 0
GraphDataEnd
GraphEnd
NodeEnd
NodeStart
EPTNodeID: 1
AnchorID: 2210
TreeNodeGraphID: 1
Level: 1
SimplifiedLevel: 0
EditOperation: 4 22 26 0 0
AccumulatedOpsCount: 1
AccumulatedOp: 4 22 26 0 0
ChildrenCount: 4
ChildIndices: 2 5 6 7
CompletedDBGraphIDsCount: 0
GraphStart
GraphDataStart
ID: 1
NumNodes: 63
NumEdges: 130
NodeLabels
6 2 2 2 3 3 3 3 4 4 4 4 4 4 4 4 4 4 4 4 4 4 4 4 4 4 4 4 4 4 4 4 4 4 4 5 5 5 5 5 5 5 5 5 5 5 5 5 5 5 5 5 5 5 5 5 5 5 5 5 5 5 5 
Edges
0 11 0
0 18 0
1 23 0
1 32 0
2 22 0
3 31 0
3 34 0
4 8 0
4 9 0
4 11 0
5 10 0
5 14 0
5 37 0
6 7 0
6 8 0
7 6 0
7 11 0
8 4 0
8 6 0
8 10 0
9 4 0
9 12 0
9 13 0
10 5 0
10 8 0
10 35 0
10 36 0
11 0 0
11 4 0
11 7 0
12 9 0
12 16 0
12 38 0
13 9 0
13 17 0
13 39 0
14 5 0
14 19 0
14 20 0
15 16 0
15 17 0
15 21 0
16 12 0
16 15 0
16 40 0
17 13 0
17 15 0
17 41 0
18 0 0
18 22 0
18 42 0
18 43 0
19 14 0
19 24 0
19 44 0
20 14 0
20 25 0
20 45 0
21 15 0
21 46 0
21 47 0
21 48 0
22 2 0
22 18 0
23 1 0
23 24 0
23 25 0
24 19 0
24 23 0
24 49 0
25 20 0
25 23 0
25 50 0
26 27 0
26 28 0
27 26 0
27 29 0
27 51 0
28 26 0
28 30 0
28 52 0
29 27 0
29 31 0
29 53 0
30 28 0
30 31 0
30 54 0
31 3 0
31 29 0
31 30 0
32 1 0
32 33 0
32 55 0
32 56 0
33 32 0
33 57 0
33 58 0
33 59 0
34 3 0
34 60 0
34 61 0
34 62 0
35 10 0
36 10 0
37 5 0
38 12 0
39 13 0
40 16 0
41 17 0
42 18 0
43 18 0
44 19 0
45 20 0
46 21 0
47 21 0
48 21 0
49 24 0
50 25 0
51 27 0
52 28 0
53 29 0
54 30 0
55 32 0
56 32 0
57 33 0
58 33 0
59 33 0
60 34 0
61 34 0
62 34 0
GraphDataEnd
GraphEnd
NodeEnd
NodeStart
EPTNodeID: 2
AnchorID: 2210
TreeNodeGraphID: 4
Level: 4
SimplifiedLevel: 0
EditOperation: 5 3 22 0 0
AccumulatedOpsCount: 3
AccumulatedOp: 0 3 0 2 3
AccumulatedOp: 4 3 34 0 0
AccumulatedOp: 5 3 22 0 0
ChildrenCount: 2
ChildIndices: 3 4
CompletedDBGraphIDsCount: 0
GraphStart
GraphDataStart
ID: 4
NumNodes: 63
NumEdges: 130
NodeLabels
6 2 2 3 3 3 3 3 4 4 4 4 4 4 4 4 4 4 4 4 4 4 4 4 4 4 4 4 4 4 4 4 4 4 4 5 5 5 5 5 5 5 5 5 5 5 5 5 5 5 5 5 5 5 5 5 5 5 5 5 5 5 5 
Edges
0 11 0
0 18 0
1 23 0
1 32 0
2 22 0
3 31 0
3 22 0
4 8 0
4 9 0
4 11 0
5 10 0
5 14 0
5 37 0
6 7 0
6 8 0
7 6 0
7 11 0
8 4 0
8 6 0
8 10 0
9 4 0
9 12 0
9 13 0
10 5 0
10 8 0
10 35 0
10 36 0
11 0 0
11 4 0
11 7 0
12 9 0
12 16 0
12 38 0
13 9 0
13 17 0
13 39 0
14 5 0
14 19 0
14 20 0
15 16 0
15 17 0
15 21 0
16 12 0
16 15 0
16 40 0
17 13 0
17 15 0
17 41 0
18 0 0
18 22 0
18 42 0
18 43 0
19 14 0
19 24 0
19 44 0
20 14 0
20 25 0
20 45 0
21 15 0
21 46 0
21 47 0
21 48 0
22 2 0
22 18 0
22 3 0
23 1 0
23 24 0
23 25 0
24 19 0
24 23 0
24 49 0
25 20 0
25 23 0
25 50 0
26 27 0
26 28 0
27 26 0
27 29 0
27 51 0
28 26 0
28 30 0
28 52 0
29 27 0
29 31 0
29 53 0
30 28 0
30 31 0
30 54 0
31 3 0
31 29 0
31 30 0
32 1 0
32 33 0
32 55 0
32 56 0
33 32 0
33 57 0
33 58 0
33 59 0
34 60 0
34 61 0
34 62 0
35 10 0
36 10 0
37 5 0
38 12 0
39 13 0
40 16 0
41 17 0
42 18 0
43 18 0
44 19 0
45 20 0
46 21 0
47 21 0
48 21 0
49 24 0
50 25 0
51 27 0
52 28 0
53 29 0
54 30 0
55 32 0
56 32 0
57 33 0
58 33 0
59 33 0
60 34 0
61 34 0
62 34 0
GraphDataEnd
GraphEnd
NodeEnd
NodeStart
EPTNodeID: 3
AnchorID: 2210
TreeNodeGraphID: 10
Level: 10
SimplifiedLevel: 0
EditOperation: 5 26 32 0 0
AccumulatedOpsCount: 6
AccumulatedOp: 0 55 0 5 2
AccumulatedOp: 4 1 32 0 0
AccumulatedOp: 4 32 56 0 0
AccumulatedOp: 5 3 56 0 0
AccumulatedOp: 5 1 34 0 0
AccumulatedOp: 5 26 32 0 0
ChildrenCount: 0
ChildIndices:
CompletedDBGraphIDsCount: 1
CompletedDBGraphID: 6544
GraphStart
GraphDataStart
ID: 10
NumNodes: 63
NumEdges: 132
NodeLabels
6 2 2 3 3 3 3 3 4 4 4 4 4 4 4 4 4 4 4 4 4 4 4 4 4 4 4 4 4 4 4 4 4 4 4 5 5 5 5 5 5 5 5 5 5 5 5 5 5 5 5 5 5 5 5 2 5 5 5 5 5 5 5 
Edges
0 11 0
0 18 0
1 23 0
1 34 0
2 22 0
3 31 0
3 22 0
3 56 0
4 8 0
4 9 0
4 11 0
5 10 0
5 14 0
5 37 0
6 7 0
6 8 0
7 6 0
7 11 0
8 4 0
8 6 0
8 10 0
9 4 0
9 12 0
9 13 0
10 5 0
10 8 0
10 35 0
10 36 0
11 0 0
11 4 0
11 7 0
12 9 0
12 16 0
12 38 0
13 9 0
13 17 0
13 39 0
14 5 0
14 19 0
14 20 0
15 16 0
15 17 0
15 21 0
16 12 0
16 15 0
16 40 0
17 13 0
17 15 0
17 41 0
18 0 0
18 22 0
18 42 0
18 43 0
19 14 0
19 24 0
19 44 0
20 14 0
20 25 0
20 45 0
21 15 0
21 46 0
21 47 0
21 48 0
22 2 0
22 18 0
22 3 0
23 1 0
23 24 0
23 25 0
24 19 0
24 23 0
24 49 0
25 20 0
25 23 0
25 50 0
26 27 0
26 28 0
26 32 0
27 26 0
27 29 0
27 51 0
28 26 0
28 30 0
28 52 0
29 27 0
29 31 0
29 53 0
30 28 0
30 31 0
30 54 0
31 3 0
31 29 0
31 30 0
32 33 0
32 55 0
32 26 0
33 32 0
33 57 0
33 58 0
33 59 0
34 60 0
34 61 0
34 62 0
34 1 0
35 10 0
36 10 0
37 5 0
38 12 0
39 13 0
40 16 0
41 17 0
42 18 0
43 18 0
44 19 0
45 20 0
46 21 0
47 21 0
48 21 0
49 24 0
50 25 0
51 27 0
52 28 0
53 29 0
54 30 0
55 32 0
56 3 0
57 33 0
58 33 0
59 33 0
60 34 0
61 34 0
62 34 0
GraphDataEnd
GraphEnd
NodeEnd
NodeStart
EPTNodeID: 4
AnchorID: 2210
TreeNodeGraphID: 13
Level: 7
SimplifiedLevel: 0
EditOperation: 5 3 63 0 0
AccumulatedOpsCount: 3
AccumulatedOp: 5 26 34 0 0
AccumulatedOp: 2 63 0 0 5
AccumulatedOp: 5 3 63 0 0
ChildrenCount: 0
ChildIndices:
CompletedDBGraphIDsCount: 1
CompletedDBGraphID: 5310
GraphStart
GraphDataStart
ID: 13
NumNodes: 64
NumEdges: 134
NodeLabels
6 2 2 3 3 3 3 3 4 4 4 4 4 4 4 4 4 4 4 4 4 4 4 4 4 4 4 4 4 4 4 4 4 4 4 5 5 5 5 5 5 5 5 5 5 5 5 5 5 5 5 5 5 5 5 5 5 5 5 5 5 5 5 5 
Edges
0 11 0
0 18 0
1 23 0
1 32 0
2 22 0
3 31 0
3 22 0
3 63 0
4 8 0
4 9 0
4 11 0
5 10 0
5 14 0
5 37 0
6 7 0
6 8 0
7 6 0
7 11 0
8 4 0
8 6 0
8 10 0
9 4 0
9 12 0
9 13 0
10 5 0
10 8 0
10 35 0
10 36 0
11 0 0
11 4 0
11 7 0
12 9 0
12 16 0
12 38 0
13 9 0
13 17 0
13 39 0
14 5 0
14 19 0
14 20 0
15 16 0
15 17 0
15 21 0
16 12 0
16 15 0
16 40 0
17 13 0
17 15 0
17 41 0
18 0 0
18 22 0
18 42 0
18 43 0
19 14 0
19 24 0
19 44 0
20 14 0
20 25 0
20 45 0
21 15 0
21 46 0
21 47 0
21 48 0
22 2 0
22 18 0
22 3 0
23 1 0
23 24 0
23 25 0
24 19 0
24 23 0
24 49 0
25 20 0
25 23 0
25 50 0
26 27 0
26 28 0
26 34 0
27 26 0
27 29 0
27 51 0
28 26 0
28 30 0
28 52 0
29 27 0
29 31 0
29 53 0
30 28 0
30 31 0
30 54 0
31 3 0
31 29 0
31 30 0
32 1 0
32 33 0
32 55 0
32 56 0
33 32 0
33 57 0
33 58 0
33 59 0
34 60 0
34 61 0
34 62 0
34 26 0
35 10 0
36 10 0
37 5 0
38 12 0
39 13 0
40 16 0
41 17 0
42 18 0
43 18 0
44 19 0
45 20 0
46 21 0
47 21 0
48 21 0
49 24 0
50 25 0
51 27 0
52 28 0
53 29 0
54 30 0
55 32 0
56 32 0
57 33 0
58 33 0
59 33 0
60 34 0
61 34 0
62 34 0
63 3 0
GraphDataEnd
GraphEnd
NodeEnd
NodeStart
EPTNodeID: 5
AnchorID: 2210
TreeNodeGraphID: 21
Level: 9
SimplifiedLevel: 0
EditOperation: 5 64 65 0 0
AccumulatedOpsCount: 8
AccumulatedOp: 0 3 0 2 4
AccumulatedOp: 2 63 0 0 2
AccumulatedOp: 2 64 0 0 3
AccumulatedOp: 2 65 0 0 5
AccumulatedOp: 5 22 64 0 0
AccumulatedOp: 5 3 63 0 0
AccumulatedOp: 5 26 64 0 0
AccumulatedOp: 5 64 65 0 0
ChildrenCount: 0
ChildIndices:
CompletedDBGraphIDsCount: 1
CompletedDBGraphID: 21390
GraphStart
GraphDataStart
ID: 21
NumNodes: 66
NumEdges: 138
NodeLabels
6 2 2 4 3 3 3 3 4 4 4 4 4 4 4 4 4 4 4 4 4 4 4 4 4 4 4 4 4 4 4 4 4 4 4 5 5 5 5 5 5 5 5 5 5 5 5 5 5 5 5 5 5 5 5 5 5 5 5 5 5 5 5 2 3 5 
Edges
0 11 0
0 18 0
1 23 0
1 32 0
2 22 0
3 31 0
3 34 0
3 63 0
4 8 0
4 9 0
4 11 0
5 10 0
5 14 0
5 37 0
6 7 0
6 8 0
7 6 0
7 11 0
8 4 0
8 6 0
8 10 0
9 4 0
9 12 0
9 13 0
10 5 0
10 8 0
10 35 0
10 36 0
11 0 0
11 4 0
11 7 0
12 9 0
12 16 0
12 38 0
13 9 0
13 17 0
13 39 0
14 5 0
14 19 0
14 20 0
15 16 0
15 17 0
15 21 0
16 12 0
16 15 0
16 40 0
17 13 0
17 15 0
17 41 0
18 0 0
18 22 0
18 42 0
18 43 0
19 14 0
19 24 0
19 44 0
20 14 0
20 25 0
20 45 0
21 15 0
21 46 0
21 47 0
21 48 0
22 2 0
22 18 0
22 64 0
23 1 0
23 24 0
23 25 0
24 19 0
24 23 0
24 49 0
25 20 0
25 23 0
25 50 0
26 27 0
26 28 0
26 64 0
27 26 0
27 29 0
27 51 0
28 26 0
28 30 0
28 52 0
29 27 0
29 31 0
29 53 0
30 28 0
30 31 0
30 54 0
31 3 0
31 29 0
31 30 0
32 1 0
32 33 0
32 55 0
32 56 0
33 32 0
33 57 0
33 58 0
33 59 0
34 3 0
34 60 0
34 61 0
34 62 0
35 10 0
36 10 0
37 5 0
38 12 0
39 13 0
40 16 0
41 17 0
42 18 0
43 18 0
44 19 0
45 20 0
46 21 0
47 21 0
48 21 0
49 24 0
50 25 0
51 27 0
52 28 0
53 29 0
54 30 0
55 32 0
56 32 0
57 33 0
58 33 0
59 33 0
60 34 0
61 34 0
62 34 0
63 3 0
64 22 0
64 26 0
64 65 0
65 64 0
GraphDataEnd
GraphEnd
NodeEnd
NodeStart
EPTNodeID: 6
AnchorID: 2210
TreeNodeGraphID: 33
Level: 13
SimplifiedLevel: 0
EditOperation: 5 8 26 0 0
AccumulatedOpsCount: 12
AccumulatedOp: 5 21 35 0 0
AccumulatedOp: 4 10 36 0 0
AccumulatedOp: 5 15 35 0 0
AccumulatedOp: 0 35 0 5 2
AccumulatedOp: 1 36 0 5 0
AccumulatedOp: 4 10 35 0 0
AccumulatedOp: 4 5 10 0 0
AccumulatedOp: 5 5 22 0 0
AccumulatedOp: 4 8 10 0 0
AccumulatedOp: 1 10 0 4 0
AccumulatedOp: 4 15 21 0 0
AccumulatedOp: 5 8 26 0 0
ChildrenCount: 0
ChildIndices:
CompletedDBGraphIDsCount: 1
CompletedDBGraphID: 6016
GraphStart
GraphDataStart
ID: 33
NumNodes: 61
NumEdges: 128
NodeLabels
6 2 2 2 3 3 3 3 4 4 4 4 4 4 4 4 4 4 4 4 4 4 4 4 4 4 4 4 4 4 4 4 4 4 2 5 5 5 5 5 5 5 5 5 5 5 5 5 5 5 5 5 5 5 5 5 5 5 5 5 5 
Edges
0 10 0
0 17 0
1 22 0
1 31 0
2 21 0
3 30 0
3 33 0
4 8 0
4 9 0
4 10 0
5 13 0
5 35 0
5 21 0
6 7 0
6 8 0
7 6 0
7 10 0
8 4 0
8 6 0
8 25 0
9 4 0
9 11 0
9 12 0
10 0 0
10 4 0
10 7 0
11 9 0
11 15 0
11 36 0
12 9 0
12 16 0
12 37 0
13 5 0
13 18 0
13 19 0
14 15 0
14 16 0
14 34 0
15 11 0
15 14 0
15 38 0
16 12 0
16 14 0
16 39 0
17 0 0
17 21 0
17 40 0
17 41 0
18 13 0
18 23 0
18 42 0
19 13 0
19 24 0
19 43 0
20 44 0
20 45 0
20 46 0
20 34 0
21 2 0
21 17 0
21 5 0
22 1 0
22 23 0
22 24 0
23 18 0
23 22 0
23 47 0
24 19 0
24 22 0
24 48 0
25 26 0
25 27 0
25 8 0
26 25 0
26 28 0
26 49 0
27 25 0
27 29 0
27 50 0
28 26 0
28 30 0
28 51 0
29 27 0
29 30 0
29 52 0
30 3 0
30 28 0
30 29 0
31 1 0
31 32 0
31 53 0
31 54 0
32 31 0
32 55 0
32 56 0
32 57 0
33 3 0
33 58 0
33 59 0
33 60 0
34 20 0
34 14 0
35 5 0
36 11 0
37 12 0
38 15 0
39 16 0
40 17 0
41 17 0
42 18 0
43 19 0
44 20 0
45 20 0
46 20 0
47 23 0
48 24 0
49 26 0
50 27 0
51 28 0
52 29 0
53 31 0
54 31 0
55 32 0
56 32 0
57 32 0
58 33 0
59 33 0
60 33 0
GraphDataEnd
GraphEnd
NodeEnd
NodeStart
EPTNodeID: 7
AnchorID: 2210
TreeNodeGraphID: 45
Level: 13
SimplifiedLevel: 0
EditOperation: 5 32 47 0 0
AccumulatedOpsCount: 12
AccumulatedOp: 5 4 30 0 0
AccumulatedOp: 0 21 0 4 3
AccumulatedOp: 5 26 48 0 0
AccumulatedOp: 4 4 9 0 0
AccumulatedOp: 4 21 48 0 0
AccumulatedOp: 5 21 22 0 0
AccumulatedOp: 4 21 47 0 0
AccumulatedOp: 4 30 54 0 0
AccumulatedOp: 1 54 0 5 0
AccumulatedOp: 5 9 33 0 0
AccumulatedOp: 4 32 33 0 0
AccumulatedOp: 5 32 47 0 0
ChildrenCount: 0
ChildIndices:
CompletedDBGraphIDsCount: 1
CompletedDBGraphID: 18234
GraphStart
GraphDataStart
ID: 45
NumNodes: 62
NumEdges: 130
NodeLabels
6 2 2 2 3 3 3 3 4 4 4 4 4 4 4 4 4 4 4 4 4 3 4 4 4 4 4 4 4 4 4 4 4 4 4 5 5 5 5 5 5 5 5 5 5 5 5 5 5 5 5 5 5 5 5 5 5 5 5 5 5 5 
Edges
0 11 0
0 18 0
1 23 0
1 32 0
2 22 0
3 31 0
3 34 0
4 8 0
4 11 0
4 30 0
5 10 0
5 14 0
5 37 0
6 7 0
6 8 0
7 6 0
7 11 0
8 4 0
8 6 0
8 10 0
9 12 0
9 13 0
9 33 0
10 5 0
10 8 0
10 35 0
10 36 0
11 0 0
11 4 0
11 7 0
12 9 0
12 16 0
12 38 0
13 9 0
13 17 0
13 39 0
14 5 0
14 19 0
14 20 0
15 16 0
15 17 0
15 21 0
16 12 0
16 15 0
16 40 0
17 13 0
17 15 0
17 41 0
18 0 0
18 22 0
18 42 0
18 43 0
19 14 0
19 24 0
19 44 0
20 14 0
20 25 0
20 45 0
21 15 0
21 46 0
21 22 0
22 2 0
22 18 0
22 21 0
23 1 0
23 24 0
23 25 0
24 19 0
24 23 0
24 49 0
25 20 0
25 23 0
25 50 0
26 27 0
26 28 0
26 48 0
27 26 0
27 29 0
27 51 0
28 26 0
28 30 0
28 52 0
29 27 0
29 31 0
29 53 0
30 28 0
30 31 0
30 4 0
31 3 0
31 29 0
31 30 0
32 1 0
32 54 0
32 55 0
32 47 0
33 56 0
33 57 0
33 58 0
33 9 0
34 3 0
34 59 0
34 60 0
34 61 0
35 10 0
36 10 0
37 5 0
38 12 0
39 13 0
40 16 0
41 17 0
42 18 0
43 18 0
44 19 0
45 20 0
46 21 0
47 32 0
48 26 0
49 24 0
50 25 0
51 27 0
52 28 0
53 29 0
54 32 0
55 32 0
56 33 0
57 33 0
58 33 0
59 34 0
60 34 0
61 34 0
GraphDataEnd
GraphEnd
NodeEnd
NodeStart
EPTNodeID: 8
AnchorID: 2210
TreeNodeGraphID: 59
Level: 14
SimplifiedLevel: 0
EditOperation: 5 23 34 0 0
AccumulatedOpsCount: 14
AccumulatedOp: 0 3 0 2 3
AccumulatedOp: 0 0 0 6 5
AccumulatedOp: 0 1 0 2 6
AccumulatedOp: 4 0 11 0 0
AccumulatedOp: 5 1 11 0 0
AccumulatedOp: 0 56 0 5 4
AccumulatedOp: 2 63 0 0 2
AccumulatedOp: 5 56 63 0 0
AccumulatedOp: 2 64 0 0 5
AccumulatedOp: 4 1 23 0 0
AccumulatedOp: 4 3 34 0 0
AccumulatedOp: 5 3 64 0 0
AccumulatedOp: 5 3 56 0 0
AccumulatedOp: 5 23 34 0 0
ChildrenCount: 0
ChildIndices:
CompletedDBGraphIDsCount: 2
CompletedDBGraphID: 4553
CompletedDBGraphID: 1305
GraphStart
GraphDataStart
ID: 59
NumNodes: 65
NumEdges: 136
NodeLabels
5 6 2 3 3 3 3 3 4 4 4 4 4 4 4 4 4 4 4 4 4 4 4 4 4 4 4 4 4 4 4 4 4 4 4 5 5 5 5 5 5 5 5 5 5 5 5 5 5 5 5 5 5 5 5 5 4 5 5 5 5 5 5 2 5 
Edges
0 18 0
1 32 0
1 11 0
2 22 0
3 31 0
3 64 0
3 56 0
4 8 0
4 9 0
4 11 0
5 10 0
5 14 0
5 37 0
6 7 0
6 8 0
7 6 0
7 11 0
8 4 0
8 6 0
8 10 0
9 4 0
9 12 0
9 13 0
10 5 0
10 8 0
10 35 0
10 36 0
11 4 0
11 7 0
11 1 0
12 9 0
12 16 0
12 38 0
13 9 0
13 17 0
13 39 0
14 5 0
14 19 0
14 20 0
15 16 0
15 17 0
15 21 0
16 12 0
16 15 0
16 40 0
17 13 0
17 15 0
17 41 0
18 0 0
18 22 0
18 42 0
18 43 0
19 14 0
19 24 0
19 44 0
20 14 0
20 25 0
20 45 0
21 15 0
21 46 0
21 47 0
21 48 0
22 2 0
22 18 0
22 26 0
23 24 0
23 25 0
23 34 0
24 19 0
24 23 0
24 49 0
25 20 0
25 23 0
25 50 0
26 22 0
26 27 0
26 28 0
27 26 0
27 29 0
27 51 0
28 26 0
28 30 0
28 52 0
29 27 0
29 31 0
29 53 0
30 28 0
30 31 0
30 54 0
31 3 0
31 29 0
31 30 0
32 1 0
32 33 0
32 55 0
32 56 0
33 32 0
33 57 0
33 58 0
33 59 0
34 60 0
34 61 0
34 62 0
34 23 0
35 10 0
36 10 0
37 5 0
38 12 0
39 13 0
40 16 0
41 17 0
42 18 0
43 18 0
44 19 0
45 20 0
46 21 0
47 21 0
48 21 0
49 24 0
50 25 0
51 27 0
52 28 0
53 29 0
54 30 0
55 32 0
56 32 0
56 63 0
56 3 0
57 33 0
58 33 0
59 33 0
60 34 0
61 34 0
62 34 0
63 56 0
64 3 0
GraphDataEnd
GraphEnd
NodeEnd
NodeStart
EPTNodeID: 9
AnchorID: 2210
TreeNodeGraphID: 69
Level: 10
SimplifiedLevel: 0
EditOperation: 5 31 46 0 0
AccumulatedOpsCount: 10
AccumulatedOp: 4 21 48 0 0
AccumulatedOp: 4 15 21 0 0
AccumulatedOp: 4 21 47 0 0
AccumulatedOp: 1 47 0 5 0
AccumulatedOp: 5 3 15 0 0
AccumulatedOp: 1 48 0 5 0
AccumulatedOp: 4 3 31 0 0
AccumulatedOp: 4 21 46 0 0
AccumulatedOp: 1 21 0 4 0
AccumulatedOp: 5 31 46 0 0
ChildrenCount: 0
ChildIndices:
CompletedDBGraphIDsCount: 1
CompletedDBGraphID: 11772
GraphStart
GraphDataStart
ID: 69
NumNodes: 60
NumEdges: 126
NodeLabels
6 2 2 2 3 3 3 3 4 4 4 4 4 4 4 4 4 4 4 4 4 4 4 4 4 4 4 4 4 4 4 4 4 4 5 5 5 5 5 5 5 5 5 5 5 5 5 5 5 5 5 5 5 5 5 5 5 5 5 5 
Edges
0 11 0
0 18 0
1 22 0
1 31 0
2 21 0
3 33 0
3 15 0
4 8 0
4 9 0
4 11 0
5 10 0
5 14 0
5 36 0
6 7 0
6 8 0
7 6 0
7 11 0
8 4 0
8 6 0
8 10 0
9 4 0
9 12 0
9 13 0
10 5 0
10 8 0
10 34 0
10 35 0
11 0 0
11 4 0
11 7 0
12 9 0
12 16 0
12 37 0
13 9 0
13 17 0
13 38 0
14 5 0
14 19 0
14 20 0
15 16 0
15 17 0
15 3 0
16 12 0
16 15 0
16 39 0
17 13 0
17 15 0
17 40 0
18 0 0
18 21 0
18 41 0
18 42 0
19 14 0
19 23 0
19 43 0
20 14 0
20 24 0
20 44 0
21 2 0
21 18 0
21 25 0
22 1 0
22 23 0
22 24 0
23 19 0
23 22 0
23 46 0
24 20 0
24 22 0
24 47 0
25 21 0
25 26 0
25 27 0
26 25 0
26 28 0
26 48 0
27 25 0
27 29 0
27 49 0
28 26 0
28 30 0
28 50 0
29 27 0
29 30 0
29 51 0
30 28 0
30 29 0
30 45 0
31 1 0
31 32 0
31 52 0
31 53 0
32 31 0
32 54 0
32 55 0
32 56 0
33 3 0
33 57 0
33 58 0
33 59 0
34 10 0
35 10 0
36 5 0
37 12 0
38 13 0
39 16 0
40 17 0
41 18 0
42 18 0
43 19 0
44 20 0
45 30 0
46 23 0
47 24 0
48 26 0
49 27 0
50 28 0
51 29 0
52 31 0
53 31 0
54 32 0
55 32 0
56 32 0
57 33 0
58 33 0
59 33 0
GraphDataEnd
GraphEnd
NodeEnd
END_EPT
