BEGIN_EPT
AnchorID: 2826  # ID of the anchor node
RootIndex: 0  # Index of the root node in tree_nodes
NodeCount: 8  # Total number of nodes in the EPT
NodeStart
EPTNodeID: 0
AnchorID: 2826
TreeNodeGraphID: 0
Level: 0
SimplifiedLevel: 0
EditOperation: -1 0 -1 0 0
AccumulatedOpsCount: 0
ChildrenCount: 3
ChildIndices: 1 6 7
CompletedDBGraphIDsCount: 1
CompletedDBGraphID: 3079
GraphStart
GraphDataStart
ID: 0
NumNodes: 64
NumEdges: 134
NodeLabels
2 2 2 2 2 3 3 3 3 3 4 4 4 4 4 4 4 4 4 4 4 4 4 4 4 4 4 4 4 4 4 4 4 4 4 5 5 5 5 5 5 5 5 5 5 5 5 5 5 5 5 5 5 5 5 5 5 5 5 5 5 5 5 5 
Edges
0 14 0
0 49 0
1 16 0
1 24 0
2 15 0
3 17 0
4 33 0
4 34 0
5 10 0
5 11 0
5 13 0
6 12 0
6 17 0
6 19 0
7 12 0
7 13 0
8 15 0
8 17 0
8 20 0
9 13 0
9 18 0
9 40 0
10 5 0
10 14 0
10 35 0
10 36 0
11 5 0
11 12 0
11 15 0
12 6 0
12 7 0
12 11 0
13 5 0
13 7 0
13 9 0
14 0 0
14 10 0
14 16 0
14 37 0
15 2 0
15 8 0
15 11 0
16 1 0
16 14 0
16 38 0
16 39 0
17 3 0
17 6 0
17 8 0
18 9 0
18 21 0
18 41 0
18 42 0
19 6 0
19 43 0
19 44 0
19 45 0
20 8 0
20 46 0
20 47 0
20 48 0
21 18 0
21 22 0
21 23 0
22 21 0
22 25 0
22 50 0
23 21 0
23 26 0
23 51 0
24 1 0
24 28 0
24 29 0
25 22 0
25 27 0
25 52 0
26 23 0
26 27 0
26 53 0
27 25 0
27 26 0
27 30 0
28 24 0
28 31 0
28 54 0
29 24 0
29 32 0
29 55 0
30 27 0
30 56 0
30 57 0
30 58 0
31 28 0
31 33 0
31 59 0
32 29 0
32 33 0
32 60 0
33 4 0
33 31 0
33 32 0
34 4 0
34 61 0
34 62 0
34 63 0
35 10 0
36 10 0
37 14 0
38 16 0
39 16 0
40 9 0
41 18 0
42 18 0
43 19 0
44 19 0
45 19 0
46 20 0
47 20 0
48 20 0
49 0 0
50 22 0
51 23 0
52 25 0
53 26 0
54 28 0
55 29 0
56 30 0
57 30 0
58 30 0
59 31 0
60 32 0
61 34 0
62 34 0
63 34 0
GraphDataEnd
GraphEnd
NodeEnd
NodeStart
EPTNodeID: 1
AnchorID: 2826
TreeNodeGraphID: 1
Level: 1
SimplifiedLevel: 0
EditOperation: 4 30 58 0 0
AccumulatedOpsCount: 1
AccumulatedOp: 4 30 58 0 0
ChildrenCount: 3
ChildIndices: 2 4 5
CompletedDBGraphIDsCount: 0
GraphStart
GraphDataStart
ID: 1
NumNodes: 64
NumEdges: 132
NodeLabels
2 2 2 2 2 3 3 3 3 3 4 4 4 4 4 4 4 4 4 4 4 4 4 4 4 4 4 4 4 4 4 4 4 4 4 5 5 5 5 5 5 5 5 5 5 5 5 5 5 5 5 5 5 5 5 5 5 5 5 5 5 5 5 5 
Edges
0 14 0
0 49 0
1 16 0
1 24 0
2 15 0
3 17 0
4 33 0
4 34 0
5 10 0
5 11 0
5 13 0
6 12 0
6 17 0
6 19 0
7 12 0
7 13 0
8 15 0
8 17 0
8 20 0
9 13 0
9 18 0
9 40 0
10 5 0
10 14 0
10 35 0
10 36 0
11 5 0
11 12 0
11 15 0
12 6 0
12 7 0
12 11 0
13 5 0
13 7 0
13 9 0
14 0 0
14 10 0
14 16 0
14 37 0
15 2 0
15 8 0
15 11 0
16 1 0
16 14 0
16 38 0
16 39 0
17 3 0
17 6 0
17 8 0
18 9 0
18 21 0
18 41 0
18 42 0
19 6 0
19 43 0
19 44 0
19 45 0
20 8 0
20 46 0
20 47 0
20 48 0
21 18 0
21 22 0
21 23 0
22 21 0
22 25 0
22 50 0
23 21 0
23 26 0
23 51 0
24 1 0
24 28 0
24 29 0
25 22 0
25 27 0
25 52 0
26 23 0
26 27 0
26 53 0
27 25 0
27 26 0
27 30 0
28 24 0
28 31 0
28 54 0
29 24 0
29 32 0
29 55 0
30 27 0
30 56 0
30 57 0
31 28 0
31 33 0
31 59 0
32 29 0
32 33 0
32 60 0
33 4 0
33 31 0
33 32 0
34 4 0
34 61 0
34 62 0
34 63 0
35 10 0
36 10 0
37 14 0
38 16 0
39 16 0
40 9 0
41 18 0
42 18 0
43 19 0
44 19 0
45 19 0
46 20 0
47 20 0
48 20 0
49 0 0
50 22 0
51 23 0
52 25 0
53 26 0
54 28 0
55 29 0
56 30 0
57 30 0
59 31 0
60 32 0
61 34 0
62 34 0
63 34 0
GraphDataEnd
GraphEnd
NodeEnd
NodeStart
EPTNodeID: 2
AnchorID: 2826
TreeNodeGraphID: 4
Level: 4
SimplifiedLevel: 0
EditOperation: 5 21 58 0 0
AccumulatedOpsCount: 3
AccumulatedOp: 4 18 21 0 0
AccumulatedOp: 5 18 30 0 0
AccumulatedOp: 5 21 58 0 0
ChildrenCount: 1
ChildIndices: 3
CompletedDBGraphIDsCount: 2
CompletedDBGraphID: 19171
CompletedDBGraphID: 13539
GraphStart
GraphDataStart
ID: 4
NumNodes: 64
NumEdges: 134
NodeLabels
2 2 2 2 2 3 3 3 3 3 4 4 4 4 4 4 4 4 4 4 4 4 4 4 4 4 4 4 4 4 4 4 4 4 4 5 5 5 5 5 5 5 5 5 5 5 5 5 5 5 5 5 5 5 5 5 5 5 5 5 5 5 5 5 
Edges
0 14 0
0 49 0
1 16 0
1 24 0
2 15 0
3 17 0
4 33 0
4 34 0
5 10 0
5 11 0
5 13 0
6 12 0
6 17 0
6 19 0
7 12 0
7 13 0
8 15 0
8 17 0
8 20 0
9 13 0
9 18 0
9 40 0
10 5 0
10 14 0
10 35 0
10 36 0
11 5 0
11 12 0
11 15 0
12 6 0
12 7 0
12 11 0
13 5 0
13 7 0
13 9 0
14 0 0
14 10 0
14 16 0
14 37 0
15 2 0
15 8 0
15 11 0
16 1 0
16 14 0
16 38 0
16 39 0
17 3 0
17 6 0
17 8 0
18 9 0
18 41 0
18 42 0
18 30 0
19 6 0
19 43 0
19 44 0
19 45 0
20 8 0
20 46 0
20 47 0
20 48 0
21 22 0
21 23 0
21 58 0
22 21 0
22 25 0
22 50 0
23 21 0
23 26 0
23 51 0
24 1 0
24 28 0
24 29 0
25 22 0
25 27 0
25 52 0
26 23 0
26 27 0
26 53 0
27 25 0
27 26 0
27 30 0
28 24 0
28 31 0
28 54 0
29 24 0
29 32 0
29 55 0
30 27 0
30 56 0
30 57 0
30 18 0
31 28 0
31 33 0
31 59 0
32 29 0
32 33 0
32 60 0
33 4 0
33 31 0
33 32 0
34 4 0
34 61 0
34 62 0
34 63 0
35 10 0
36 10 0
37 14 0
38 16 0
39 16 0
40 9 0
41 18 0
42 18 0
43 19 0
44 19 0
45 19 0
46 20 0
47 20 0
48 20 0
49 0 0
50 22 0
51 23 0
52 25 0
53 26 0
54 28 0
55 29 0
56 30 0
57 30 0
58 21 0
59 31 0
60 32 0
61 34 0
62 34 0
63 34 0
GraphDataEnd
GraphEnd
NodeEnd
NodeStart
EPTNodeID: 3
AnchorID: 2826
TreeNodeGraphID: 12
Level: 12
SimplifiedLevel: 0
EditOperation: 5 20 34 0 0
AccumulatedOpsCount: 8
AccumulatedOp: 4 4 34 0 0
AccumulatedOp: 4 4 33 0 0
AccumulatedOp: 1 4 0 2 0
AccumulatedOp: 5 20 33 0 0
AccumulatedOp: 4 8 20 0 0
AccumulatedOp: 4 20 48 0 0
AccumulatedOp: 5 8 48 0 0
AccumulatedOp: 5 20 34 0 0
ChildrenCount: 0
ChildIndices:
CompletedDBGraphIDsCount: 2
CompletedDBGraphID: 6457
CompletedDBGraphID: 13000
GraphStart
GraphDataStart
ID: 12
NumNodes: 63
NumEdges: 132
NodeLabels
2 2 2 2 3 3 3 3 3 4 4 4 4 4 4 4 4 4 4 4 4 4 4 4 4 4 4 4 4 4 4 4 4 4 5 5 5 5 5 5 5 5 5 5 5 5 5 5 5 5 5 5 5 5 5 5 5 5 5 5 5 5 5 
Edges
0 13 0
0 48 0
1 15 0
1 23 0
2 14 0
3 16 0
4 9 0
4 10 0
4 12 0
5 11 0
5 16 0
5 18 0
6 11 0
6 12 0
7 14 0
7 16 0
7 47 0
8 12 0
8 17 0
8 39 0
9 4 0
9 13 0
9 34 0
9 35 0
10 4 0
10 11 0
10 14 0
11 5 0
11 6 0
11 10 0
12 4 0
12 6 0
12 8 0
13 0 0
13 9 0
13 15 0
13 36 0
14 2 0
14 7 0
14 10 0
15 1 0
15 13 0
15 37 0
15 38 0
16 3 0
16 5 0
16 7 0
17 8 0
17 40 0
17 41 0
17 29 0
18 5 0
18 42 0
18 43 0
18 44 0
19 45 0
19 46 0
19 32 0
19 33 0
20 21 0
20 22 0
20 57 0
21 20 0
21 24 0
21 49 0
22 20 0
22 25 0
22 50 0
23 1 0
23 27 0
23 28 0
24 21 0
24 26 0
24 51 0
25 22 0
25 26 0
25 52 0
26 24 0
26 25 0
26 29 0
27 23 0
27 30 0
27 53 0
28 23 0
28 31 0
28 54 0
29 26 0
29 55 0
29 56 0
29 17 0
30 27 0
30 32 0
30 58 0
31 28 0
31 32 0
31 59 0
32 30 0
32 31 0
32 19 0
33 60 0
33 61 0
33 62 0
33 19 0
34 9 0
35 9 0
36 13 0
37 15 0
38 15 0
39 8 0
40 17 0
41 17 0
42 18 0
43 18 0
44 18 0
45 19 0
46 19 0
47 7 0
48 0 0
49 21 0
50 22 0
51 24 0
52 25 0
53 27 0
54 28 0
55 29 0
56 29 0
57 20 0
58 30 0
59 31 0
60 33 0
61 33 0
62 33 0
GraphDataEnd
GraphEnd
NodeEnd
NodeStart
EPTNodeID: 4
AnchorID: 2826
TreeNodeGraphID: 19
Level: 8
SimplifiedLevel: 0
EditOperation: 5 27 58 0 0
AccumulatedOpsCount: 7
AccumulatedOp: 4 4 34 0 0
AccumulatedOp: 5 30 33 0 0
AccumulatedOp: 5 30 34 0 0
AccumulatedOp: 4 4 33 0 0
AccumulatedOp: 1 4 0 2 0
AccumulatedOp: 4 27 30 0 0
AccumulatedOp: 5 27 58 0 0
ChildrenCount: 0
ChildIndices:
CompletedDBGraphIDsCount: 2
CompletedDBGraphID: 22601
CompletedDBGraphID: 22271
GraphStart
GraphDataStart
ID: 19
NumNodes: 63
NumEdges: 132
NodeLabels
2 2 2 2 3 3 3 3 3 4 4 4 4 4 4 4 4 4 4 4 4 4 4 4 4 4 4 4 4 4 4 4 4 4 5 5 5 5 5 5 5 5 5 5 5 5 5 5 5 5 5 5 5 5 5 5 5 5 5 5 5 5 5 
Edges
0 13 0
0 48 0
1 15 0
1 23 0
2 14 0
3 16 0
4 9 0
4 10 0
4 12 0
5 11 0
5 16 0
5 18 0
6 11 0
6 12 0
7 14 0
7 16 0
7 19 0
8 12 0
8 17 0
8 39 0
9 4 0
9 13 0
9 34 0
9 35 0
10 4 0
10 11 0
10 14 0
11 5 0
11 6 0
11 10 0
12 4 0
12 6 0
12 8 0
13 0 0
13 9 0
13 15 0
13 36 0
14 2 0
14 7 0
14 10 0
15 1 0
15 13 0
15 37 0
15 38 0
16 3 0
16 5 0
16 7 0
17 8 0
17 20 0
17 40 0
17 41 0
18 5 0
18 42 0
18 43 0
18 44 0
19 7 0
19 45 0
19 46 0
19 47 0
20 17 0
20 21 0
20 22 0
21 20 0
21 24 0
21 49 0
22 20 0
22 25 0
22 50 0
23 1 0
23 27 0
23 28 0
24 21 0
24 26 0
24 51 0
25 22 0
25 26 0
25 52 0
26 24 0
26 25 0
26 57 0
27 23 0
27 30 0
27 53 0
28 23 0
28 31 0
28 54 0
29 55 0
29 56 0
29 32 0
29 33 0
30 27 0
30 32 0
30 58 0
31 28 0
31 32 0
31 59 0
32 30 0
32 31 0
32 29 0
33 60 0
33 61 0
33 62 0
33 29 0
34 9 0
35 9 0
36 13 0
37 15 0
38 15 0
39 8 0
40 17 0
41 17 0
42 18 0
43 18 0
44 18 0
45 19 0
46 19 0
47 19 0
48 0 0
49 21 0
50 22 0
51 24 0
52 25 0
53 27 0
54 28 0
55 29 0
56 29 0
57 26 0
58 30 0
59 31 0
60 33 0
61 33 0
62 33 0
GraphDataEnd
GraphEnd
NodeEnd
NodeStart
EPTNodeID: 5
AnchorID: 2826
TreeNodeGraphID: 25
Level: 7
SimplifiedLevel: 0
EditOperation: 1 57 0 5 0
AccumulatedOpsCount: 6
AccumulatedOp: 1 58 0 5 0
AccumulatedOp: 0 30 0 4 5
AccumulatedOp: 4 30 56 0 0
AccumulatedOp: 1 56 0 5 0
AccumulatedOp: 4 30 57 0 0
AccumulatedOp: 1 57 0 5 0
ChildrenCount: 0
ChildIndices:
CompletedDBGraphIDsCount: 2
CompletedDBGraphID: 4852
CompletedDBGraphID: 14892
GraphStart
GraphDataStart
ID: 25
NumNodes: 61
NumEdges: 128
NodeLabels
2 2 2 2 2 3 3 3 3 3 4 4 4 4 4 4 4 4 4 4 4 4 4 4 4 4 4 4 4 4 5 4 4 4 4 5 5 5 5 5 5 5 5 5 5 5 5 5 5 5 5 5 5 5 5 5 5 5 5 5 5 
Edges
0 14 0
0 49 0
1 16 0
1 24 0
2 15 0
3 17 0
4 33 0
4 34 0
5 10 0
5 11 0
5 13 0
6 12 0
6 17 0
6 19 0
7 12 0
7 13 0
8 15 0
8 17 0
8 20 0
9 13 0
9 18 0
9 40 0
10 5 0
10 14 0
10 35 0
10 36 0
11 5 0
11 12 0
11 15 0
12 6 0
12 7 0
12 11 0
13 5 0
13 7 0
13 9 0
14 0 0
14 10 0
14 16 0
14 37 0
15 2 0
15 8 0
15 11 0
16 1 0
16 14 0
16 38 0
16 39 0
17 3 0
17 6 0
17 8 0
18 9 0
18 21 0
18 41 0
18 42 0
19 6 0
19 43 0
19 44 0
19 45 0
20 8 0
20 46 0
20 47 0
20 48 0
21 18 0
21 22 0
21 23 0
22 21 0
22 25 0
22 50 0
23 21 0
23 26 0
23 51 0
24 1 0
24 28 0
24 29 0
25 22 0
25 27 0
25 52 0
26 23 0
26 27 0
26 53 0
27 25 0
27 26 0
27 30 0
28 24 0
28 31 0
28 54 0
29 24 0
29 32 0
29 55 0
30 27 0
31 28 0
31 33 0
31 56 0
32 29 0
32 33 0
32 57 0
33 4 0
33 31 0
33 32 0
34 4 0
34 58 0
34 59 0
34 60 0
35 10 0
36 10 0
37 14 0
38 16 0
39 16 0
40 9 0
41 18 0
42 18 0
43 19 0
44 19 0
45 19 0
46 20 0
47 20 0
48 20 0
49 0 0
50 22 0
51 23 0
52 25 0
53 26 0
54 28 0
55 29 0
56 31 0
57 32 0
58 34 0
59 34 0
60 34 0
GraphDataEnd
GraphEnd
NodeEnd
NodeStart
EPTNodeID: 6
AnchorID: 2826
TreeNodeGraphID: 29
Level: 4
SimplifiedLevel: 0
EditOperation: 5 27 40 0 0
AccumulatedOpsCount: 4
AccumulatedOp: 4 27 30 0 0
AccumulatedOp: 4 9 40 0 0
AccumulatedOp: 5 9 30 0 0
AccumulatedOp: 5 27 40 0 0
ChildrenCount: 0
ChildIndices:
CompletedDBGraphIDsCount: 2
CompletedDBGraphID: 9851
CompletedDBGraphID: 13341
GraphStart
GraphDataStart
ID: 29
NumNodes: 64
NumEdges: 134
NodeLabels
2 2 2 2 2 3 3 3 3 3 4 4 4 4 4 4 4 4 4 4 4 4 4 4 4 4 4 4 4 4 4 4 4 4 4 5 5 5 5 5 5 5 5 5 5 5 5 5 5 5 5 5 5 5 5 5 5 5 5 5 5 5 5 5 
Edges
0 14 0
0 49 0
1 16 0
1 24 0
2 15 0
3 17 0
4 33 0
4 34 0
5 10 0
5 11 0
5 13 0
6 12 0
6 17 0
6 19 0
7 12 0
7 13 0
8 15 0
8 17 0
8 20 0
9 13 0
9 18 0
9 30 0
10 5 0
10 14 0
10 35 0
10 36 0
11 5 0
11 12 0
11 15 0
12 6 0
12 7 0
12 11 0
13 5 0
13 7 0
13 9 0
14 0 0
14 10 0
14 16 0
14 37 0
15 2 0
15 8 0
15 11 0
16 1 0
16 14 0
16 38 0
16 39 0
17 3 0
17 6 0
17 8 0
18 9 0
18 21 0
18 41 0
18 42 0
19 6 0
19 43 0
19 44 0
19 45 0
20 8 0
20 46 0
20 47 0
20 48 0
21 18 0
21 22 0
21 23 0
22 21 0
22 25 0
22 50 0
23 21 0
23 26 0
23 51 0
24 1 0
24 28 0
24 29 0
25 22 0
25 27 0
25 52 0
26 23 0
26 27 0
26 53 0
27 25 0
27 26 0
27 40 0
28 24 0
28 31 0
28 54 0
29 24 0
29 32 0
29 55 0
30 56 0
30 57 0
30 58 0
30 9 0
31 28 0
31 33 0
31 59 0
32 29 0
32 33 0
32 60 0
33 4 0
33 31 0
33 32 0
34 4 0
34 61 0
34 62 0
34 63 0
35 10 0
36 10 0
37 14 0
38 16 0
39 16 0
40 27 0
41 18 0
42 18 0
43 19 0
44 19 0
45 19 0
46 20 0
47 20 0
48 20 0
49 0 0
50 22 0
51 23 0
52 25 0
53 26 0
54 28 0
55 29 0
56 30 0
57 30 0
58 30 0
59 31 0
60 32 0
61 34 0
62 34 0
63 34 0
GraphDataEnd
GraphEnd
NodeEnd
NodeStart
EPTNodeID: 7
AnchorID: 2826
TreeNodeGraphID: 36
Level: 7
SimplifiedLevel: 0
EditOperation: 1 48 0 5 0
AccumulatedOpsCount: 7
AccumulatedOp: 4 20 48 0 0
AccumulatedOp: 0 20 0 4 5
AccumulatedOp: 4 20 47 0 0
AccumulatedOp: 4 20 46 0 0
AccumulatedOp: 1 46 0 5 0
AccumulatedOp: 1 47 0 5 0
AccumulatedOp: 1 48 0 5 0
ChildrenCount: 0
ChildIndices:
CompletedDBGraphIDsCount: 2
CompletedDBGraphID: 19708
CompletedDBGraphID: 1082
GraphStart
GraphDataStart
ID: 36
NumNodes: 61
NumEdges: 128
NodeLabels
2 2 2 2 2 3 3 3 3 3 4 4 4 4 4 4 4 4 4 4 5 4 4 4 4 4 4 4 4 4 4 4 4 4 4 5 5 5 5 5 5 5 5 5 5 5 5 5 5 5 5 5 5 5 5 5 5 5 5 5 5 
Edges
0 14 0
0 46 0
1 16 0
1 24 0
2 15 0
3 17 0
4 33 0
4 34 0
5 10 0
5 11 0
5 13 0
6 12 0
6 17 0
6 19 0
7 12 0
7 13 0
8 15 0
8 17 0
8 20 0
9 13 0
9 18 0
9 40 0
10 5 0
10 14 0
10 35 0
10 36 0
11 5 0
11 12 0
11 15 0
12 6 0
12 7 0
12 11 0
13 5 0
13 7 0
13 9 0
14 0 0
14 10 0
14 16 0
14 37 0
15 2 0
15 8 0
15 11 0
16 1 0
16 14 0
16 38 0
16 39 0
17 3 0
17 6 0
17 8 0
18 9 0
18 21 0
18 41 0
18 42 0
19 6 0
19 43 0
19 44 0
19 45 0
20 8 0
21 18 0
21 22 0
21 23 0
22 21 0
22 25 0
22 47 0
23 21 0
23 26 0
23 48 0
24 1 0
24 28 0
24 29 0
25 22 0
25 27 0
25 49 0
26 23 0
26 27 0
26 50 0
27 25 0
27 26 0
27 30 0
28 24 0
28 31 0
28 51 0
29 24 0
29 32 0
29 52 0
30 27 0
30 53 0
30 54 0
30 55 0
31 28 0
31 33 0
31 56 0
32 29 0
32 33 0
32 57 0
33 4 0
33 31 0
33 32 0
34 4 0
34 58 0
34 59 0
34 60 0
35 10 0
36 10 0
37 14 0
38 16 0
39 16 0
40 9 0
41 18 0
42 18 0
43 19 0
44 19 0
45 19 0
46 0 0
47 22 0
48 23 0
49 25 0
50 26 0
51 28 0
52 29 0
53 30 0
54 30 0
55 30 0
56 31 0
57 32 0
58 34 0
59 34 0
60 34 0
GraphDataEnd
GraphEnd
NodeEnd
END_EPT
