BEGIN_EPT
AnchorID: 22145  # ID of the anchor node
RootIndex: 0  # Index of the root node in tree_nodes
NodeCount: 9  # Total number of nodes in the EPT
NodeStart
EPTNodeID: 0
AnchorID: 22145
TreeNodeGraphID: 0
Level: 0
SimplifiedLevel: 0
EditOperation: -1 0 -1 0 0
AccumulatedOpsCount: 0
ChildrenCount: 4
ChildIndices: 1 6 7 8
CompletedDBGraphIDsCount: 0
GraphStart
GraphDataStart
ID: 0
NumNodes: 64
NumEdges: 132
NodeLabels
6 2 2 2 2 2 3 3 4 4 4 4 4 4 4 4 4 4 4 4 4 4 4 4 4 4 4 4 4 4 4 4 4 4 5 5 5 5 5 5 5 5 5 5 5 5 5 5 5 5 5 5 5 5 5 5 5 5 5 5 5 5 5 5 
Edges
0 1 0
0 2 0
0 6 0
0 10 0
1 0 0
2 0 0
3 15 0
4 21 0
4 32 0
5 25 0
5 33 0
6 0 0
6 8 0
6 9 0
7 15 0
7 19 0
7 41 0
8 6 0
8 11 0
8 12 0
9 6 0
9 15 0
9 34 0
9 35 0
10 0 0
10 17 0
10 18 0
11 8 0
11 13 0
11 36 0
12 8 0
12 14 0
12 37 0
13 11 0
13 16 0
13 22 0
14 12 0
14 16 0
14 23 0
15 3 0
15 7 0
15 9 0
16 13 0
16 14 0
16 38 0
17 10 0
17 21 0
17 39 0
18 10 0
18 24 0
18 40 0
19 7 0
19 20 0
19 27 0
20 19 0
20 26 0
20 28 0
21 4 0
21 17 0
21 25 0
22 13 0
22 42 0
22 43 0
22 44 0
23 14 0
23 45 0
23 46 0
23 47 0
24 18 0
24 25 0
24 48 0
25 5 0
25 21 0
25 24 0
26 20 0
26 31 0
26 49 0
26 50 0
27 19 0
27 29 0
27 51 0
28 20 0
28 30 0
28 52 0
29 27 0
29 30 0
29 53 0
30 28 0
30 29 0
30 54 0
31 26 0
31 55 0
31 56 0
31 57 0
32 4 0
32 58 0
32 59 0
32 60 0
33 5 0
33 61 0
33 62 0
33 63 0
34 9 0
35 9 0
36 11 0
37 12 0
38 16 0
39 17 0
40 18 0
41 7 0
42 22 0
43 22 0
44 22 0
45 23 0
46 23 0
47 23 0
48 24 0
49 26 0
50 26 0
51 27 0
52 28 0
53 29 0
54 30 0
55 31 0
56 31 0
57 31 0
58 32 0
59 32 0
60 32 0
61 33 0
62 33 0
63 33 0
GraphDataEnd
GraphEnd
NodeEnd
NodeStart
EPTNodeID: 1
AnchorID: 22145
TreeNodeGraphID: 1
Level: 1
SimplifiedLevel: 0
EditOperation: 4 26 31 0 0
AccumulatedOpsCount: 1
AccumulatedOp: 4 26 31 0 0
ChildrenCount: 2
ChildIndices: 2 5
CompletedDBGraphIDsCount: 0
GraphStart
GraphDataStart
ID: 1
NumNodes: 64
NumEdges: 130
NodeLabels
6 2 2 2 2 2 3 3 4 4 4 4 4 4 4 4 4 4 4 4 4 4 4 4 4 4 4 4 4 4 4 4 4 4 5 5 5 5 5 5 5 5 5 5 5 5 5 5 5 5 5 5 5 5 5 5 5 5 5 5 5 5 5 5 
Edges
0 1 0
0 2 0
0 6 0
0 10 0
1 0 0
2 0 0
3 15 0
4 21 0
4 32 0
5 25 0
5 33 0
6 0 0
6 8 0
6 9 0
7 15 0
7 19 0
7 41 0
8 6 0
8 11 0
8 12 0
9 6 0
9 15 0
9 34 0
9 35 0
10 0 0
10 17 0
10 18 0
11 8 0
11 13 0
11 36 0
12 8 0
12 14 0
12 37 0
13 11 0
13 16 0
13 22 0
14 12 0
14 16 0
14 23 0
15 3 0
15 7 0
15 9 0
16 13 0
16 14 0
16 38 0
17 10 0
17 21 0
17 39 0
18 10 0
18 24 0
18 40 0
19 7 0
19 20 0
19 27 0
20 19 0
20 26 0
20 28 0
21 4 0
21 17 0
21 25 0
22 13 0
22 42 0
22 43 0
22 44 0
23 14 0
23 45 0
23 46 0
23 47 0
24 18 0
24 25 0
24 48 0
25 5 0
25 21 0
25 24 0
26 20 0
26 49 0
26 50 0
27 19 0
27 29 0
27 51 0
28 20 0
28 30 0
28 52 0
29 27 0
29 30 0
29 53 0
30 28 0
30 29 0
30 54 0
31 55 0
31 56 0
31 57 0
32 4 0
32 58 0
32 59 0
32 60 0
33 5 0
33 61 0
33 62 0
33 63 0
34 9 0
35 9 0
36 11 0
37 12 0
38 16 0
39 17 0
40 18 0
41 7 0
42 22 0
43 22 0
44 22 0
45 23 0
46 23 0
47 23 0
48 24 0
49 26 0
50 26 0
51 27 0
52 28 0
53 29 0
54 30 0
55 31 0
56 31 0
57 31 0
58 32 0
59 32 0
60 32 0
61 33 0
62 33 0
63 33 0
GraphDataEnd
GraphEnd
NodeEnd
NodeStart
EPTNodeID: 2
AnchorID: 22145
TreeNodeGraphID: 6
Level: 6
SimplifiedLevel: 0
EditOperation: 1 50 0 5 0
AccumulatedOpsCount: 5
AccumulatedOp: 0 26 0 4 5
AccumulatedOp: 4 26 49 0 0
AccumulatedOp: 1 49 0 5 0
AccumulatedOp: 4 26 50 0 0
AccumulatedOp: 1 50 0 5 0
ChildrenCount: 2
ChildIndices: 3 4
CompletedDBGraphIDsCount: 0
GraphStart
GraphDataStart
ID: 6
NumNodes: 62
NumEdges: 126
NodeLabels
6 2 2 2 2 2 3 3 4 4 4 4 4 4 4 4 4 4 4 4 4 4 4 4 4 4 5 4 4 4 4 4 4 4 5 5 5 5 5 5 5 5 5 5 5 5 5 5 5 5 5 5 5 5 5 5 5 5 5 5 5 5 
Edges
0 1 0
0 2 0
0 6 0
0 10 0
1 0 0
2 0 0
3 15 0
4 21 0
4 32 0
5 25 0
5 33 0
6 0 0
6 8 0
6 9 0
7 15 0
7 19 0
7 41 0
8 6 0
8 11 0
8 12 0
9 6 0
9 15 0
9 34 0
9 35 0
10 0 0
10 17 0
10 18 0
11 8 0
11 13 0
11 36 0
12 8 0
12 14 0
12 37 0
13 11 0
13 16 0
13 22 0
14 12 0
14 16 0
14 23 0
15 3 0
15 7 0
15 9 0
16 13 0
16 14 0
16 38 0
17 10 0
17 21 0
17 39 0
18 10 0
18 24 0
18 40 0
19 7 0
19 20 0
19 27 0
20 19 0
20 26 0
20 28 0
21 4 0
21 17 0
21 25 0
22 13 0
22 42 0
22 43 0
22 44 0
23 14 0
23 45 0
23 46 0
23 47 0
24 18 0
24 25 0
24 48 0
25 5 0
25 21 0
25 24 0
26 20 0
27 19 0
27 29 0
27 49 0
28 20 0
28 30 0
28 50 0
29 27 0
29 30 0
29 51 0
30 28 0
30 29 0
30 52 0
31 53 0
31 54 0
31 55 0
32 4 0
32 56 0
32 57 0
32 58 0
33 5 0
33 59 0
33 60 0
33 61 0
34 9 0
35 9 0
36 11 0
37 12 0
38 16 0
39 17 0
40 18 0
41 7 0
42 22 0
43 22 0
44 22 0
45 23 0
46 23 0
47 23 0
48 24 0
49 27 0
50 28 0
51 29 0
52 30 0
53 31 0
54 31 0
55 31 0
56 32 0
57 32 0
58 32 0
59 33 0
60 33 0
61 33 0
GraphDataEnd
GraphEnd
NodeEnd
NodeStart
EPTNodeID: 3
AnchorID: 22145
TreeNodeGraphID: 8
Level: 8
SimplifiedLevel: 0
EditOperation: 5 31 53 0 0
AccumulatedOpsCount: 2
AccumulatedOp: 0 53 0 5 2
AccumulatedOp: 5 31 53 0 0
ChildrenCount: 0
ChildIndices:
CompletedDBGraphIDsCount: 1
CompletedDBGraphID: 21743
GraphStart
GraphDataStart
ID: 8
NumNodes: 62
NumEdges: 128
NodeLabels
6 2 2 2 2 2 3 3 4 4 4 4 4 4 4 4 4 4 4 4 4 4 4 4 4 4 5 4 4 4 4 4 4 4 5 5 5 5 5 5 5 5 5 5 5 5 5 5 5 5 5 2 5 5 5 5 5 5 5 5 5 5 
Edges
0 1 0
0 2 0
0 6 0
0 10 0
1 0 0
2 0 0
3 15 0
4 21 0
4 32 0
5 25 0
5 33 0
6 0 0
6 8 0
6 9 0
7 15 0
7 19 0
7 41 0
8 6 0
8 11 0
8 12 0
9 6 0
9 15 0
9 34 0
9 35 0
10 0 0
10 17 0
10 18 0
11 8 0
11 13 0
11 36 0
12 8 0
12 14 0
12 37 0
13 11 0
13 16 0
13 22 0
14 12 0
14 16 0
14 23 0
15 3 0
15 7 0
15 9 0
16 13 0
16 14 0
16 38 0
17 10 0
17 21 0
17 39 0
18 10 0
18 24 0
18 40 0
19 7 0
19 20 0
19 27 0
20 19 0
20 26 0
20 28 0
21 4 0
21 17 0
21 25 0
22 13 0
22 42 0
22 43 0
22 44 0
23 14 0
23 45 0
23 46 0
23 47 0
24 18 0
24 25 0
24 48 0
25 5 0
25 21 0
25 24 0
26 20 0
27 19 0
27 29 0
27 49 0
28 20 0
28 30 0
28 50 0
29 27 0
29 30 0
29 51 0
30 28 0
30 29 0
30 52 0
31 53 0
31 54 0
31 55 0
31 51 0
32 4 0
32 56 0
32 57 0
32 58 0
33 5 0
33 59 0
33 60 0
33 61 0
34 9 0
35 9 0
36 11 0
37 12 0
38 16 0
39 17 0
40 18 0
41 7 0
42 22 0
43 22 0
44 22 0
45 23 0
46 23 0
47 23 0
48 24 0
49 27 0
50 28 0
51 29 0
51 31 0
52 30 0
53 31 0
54 31 0
55 31 0
56 32 0
57 32 0
58 32 0
59 33 0
60 33 0
61 33 0
GraphDataEnd
GraphEnd
NodeEnd
NodeStart
EPTNodeID: 4
AnchorID: 22145
TreeNodeGraphID: 11
Level: 9
SimplifiedLevel: 0
EditOperation: 1 54 0 5 0
AccumulatedOpsCount: 3
AccumulatedOp: 5 30 31 0 0
AccumulatedOp: 4 30 54 0 0
AccumulatedOp: 1 54 0 5 0
ChildrenCount: 0
ChildIndices:
CompletedDBGraphIDsCount: 1
CompletedDBGraphID: 21608
GraphStart
GraphDataStart
ID: 11
NumNodes: 61
NumEdges: 126
NodeLabels
6 2 2 2 2 2 3 3 4 4 4 4 4 4 4 4 4 4 4 4 4 4 4 4 4 4 5 4 4 4 4 4 4 4 5 5 5 5 5 5 5 5 5 5 5 5 5 5 5 5 5 5 5 5 5 5 5 5 5 5 5 
Edges
0 1 0
0 2 0
0 6 0
0 10 0
1 0 0
2 0 0
3 15 0
4 21 0
4 32 0
5 25 0
5 33 0
6 0 0
6 8 0
6 9 0
7 15 0
7 19 0
7 41 0
8 6 0
8 11 0
8 12 0
9 6 0
9 15 0
9 34 0
9 35 0
10 0 0
10 17 0
10 18 0
11 8 0
11 13 0
11 36 0
12 8 0
12 14 0
12 37 0
13 11 0
13 16 0
13 22 0
14 12 0
14 16 0
14 23 0
15 3 0
15 7 0
15 9 0
16 13 0
16 14 0
16 38 0
17 10 0
17 21 0
17 39 0
18 10 0
18 24 0
18 40 0
19 7 0
19 20 0
19 27 0
20 19 0
20 26 0
20 28 0
21 4 0
21 17 0
21 25 0
22 13 0
22 42 0
22 43 0
22 44 0
23 14 0
23 45 0
23 46 0
23 47 0
24 18 0
24 25 0
24 48 0
25 5 0
25 21 0
25 24 0
26 20 0
27 19 0
27 29 0
27 49 0
28 20 0
28 30 0
28 50 0
29 27 0
29 30 0
29 51 0
30 28 0
30 29 0
30 31 0
31 52 0
31 53 0
31 54 0
31 30 0
32 4 0
32 55 0
32 56 0
32 57 0
33 5 0
33 58 0
33 59 0
33 60 0
34 9 0
35 9 0
36 11 0
37 12 0
38 16 0
39 17 0
40 18 0
41 7 0
42 22 0
43 22 0
44 22 0
45 23 0
46 23 0
47 23 0
48 24 0
49 27 0
50 28 0
51 29 0
52 31 0
53 31 0
54 31 0
55 32 0
56 32 0
57 32 0
58 33 0
59 33 0
60 33 0
GraphDataEnd
GraphEnd
NodeEnd
NodeStart
EPTNodeID: 5
AnchorID: 22145
TreeNodeGraphID: 23
Level: 13
SimplifiedLevel: 0
EditOperation: 5 31 64 0 0
AccumulatedOpsCount: 12
AccumulatedOp: 4 30 54 0 0
AccumulatedOp: 0 37 0 5 2
AccumulatedOp: 4 13 22 0 0
AccumulatedOp: 2 64 0 0 2
AccumulatedOp: 5 14 54 0 0
AccumulatedOp: 4 14 23 0 0
AccumulatedOp: 2 65 0 0 5
AccumulatedOp: 5 23 30 0 0
AccumulatedOp: 5 26 65 0 0
AccumulatedOp: 5 22 37 0 0
AccumulatedOp: 5 13 64 0 0
AccumulatedOp: 5 31 64 0 0
ChildrenCount: 0
ChildIndices:
CompletedDBGraphIDsCount: 1
CompletedDBGraphID: 12610
GraphStart
GraphDataStart
ID: 23
NumNodes: 66
NumEdges: 136
NodeLabels
6 2 2 2 2 2 3 3 4 4 4 4 4 4 4 4 4 4 4 4 4 4 4 4 4 4 4 4 4 4 4 4 4 4 5 5 5 2 5 5 5 5 5 5 5 5 5 5 5 5 5 5 5 5 5 5 5 5 5 5 5 5 5 5 2 5 
Edges
0 1 0
0 2 0
0 6 0
0 10 0
1 0 0
2 0 0
3 15 0
4 21 0
4 32 0
5 25 0
5 33 0
6 0 0
6 8 0
6 9 0
7 15 0
7 19 0
7 41 0
8 6 0
8 11 0
8 12 0
9 6 0
9 15 0
9 34 0
9 35 0
10 0 0
10 17 0
10 18 0
11 8 0
11 13 0
11 36 0
12 8 0
12 14 0
12 37 0
13 11 0
13 16 0
13 64 0
14 12 0
14 16 0
14 54 0
15 3 0
15 7 0
15 9 0
16 13 0
16 14 0
16 38 0
17 10 0
17 21 0
17 39 0
18 10 0
18 24 0
18 40 0
19 7 0
19 20 0
19 27 0
20 19 0
20 26 0
20 28 0
21 4 0
21 17 0
21 25 0
22 42 0
22 43 0
22 44 0
22 37 0
23 45 0
23 46 0
23 47 0
23 30 0
24 18 0
24 25 0
24 48 0
25 5 0
25 21 0
25 24 0
26 20 0
26 49 0
26 50 0
26 65 0
27 19 0
27 29 0
27 51 0
28 20 0
28 30 0
28 52 0
29 27 0
29 30 0
29 53 0
30 28 0
30 29 0
30 23 0
31 55 0
31 56 0
31 57 0
31 64 0
32 4 0
32 58 0
32 59 0
32 60 0
33 5 0
33 61 0
33 62 0
33 63 0
34 9 0
35 9 0
36 11 0
37 12 0
37 22 0
38 16 0
39 17 0
40 18 0
41 7 0
42 22 0
43 22 0
44 22 0
45 23 0
46 23 0
47 23 0
48 24 0
49 26 0
50 26 0
51 27 0
52 28 0
53 29 0
54 14 0
55 31 0
56 31 0
57 31 0
58 32 0
59 32 0
60 32 0
61 33 0
62 33 0
63 33 0
64 13 0
64 31 0
65 26 0
GraphDataEnd
GraphEnd
NodeEnd
NodeStart
EPTNodeID: 6
AnchorID: 22145
TreeNodeGraphID: 32
Level: 9
SimplifiedLevel: 0
EditOperation: 5 14 50 0 0
AccumulatedOpsCount: 9
AccumulatedOp: 4 26 50 0 0
AccumulatedOp: 0 37 0 5 2
AccumulatedOp: 4 13 22 0 0
AccumulatedOp: 2 64 0 0 7
AccumulatedOp: 5 13 64 0 0
AccumulatedOp: 5 23 26 0 0
AccumulatedOp: 4 14 23 0 0
AccumulatedOp: 5 22 37 0 0
AccumulatedOp: 5 14 50 0 0
ChildrenCount: 0
ChildIndices:
CompletedDBGraphIDsCount: 1
CompletedDBGraphID: 15645
GraphStart
GraphDataStart
ID: 32
NumNodes: 65
NumEdges: 134
NodeLabels
6 2 2 2 2 2 3 3 4 4 4 4 4 4 4 4 4 4 4 4 4 4 4 4 4 4 4 4 4 4 4 4 4 4 5 5 5 2 5 5 5 5 5 5 5 5 5 5 5 5 5 5 5 5 5 5 5 5 5 5 5 5 5 5 7 
Edges
0 1 0
0 2 0
0 6 0
0 10 0
1 0 0
2 0 0
3 15 0
4 21 0
4 32 0
5 25 0
5 33 0
6 0 0
6 8 0
6 9 0
7 15 0
7 19 0
7 41 0
8 6 0
8 11 0
8 12 0
9 6 0
9 15 0
9 34 0
9 35 0
10 0 0
10 17 0
10 18 0
11 8 0
11 13 0
11 36 0
12 8 0
12 14 0
12 37 0
13 11 0
13 16 0
13 64 0
14 12 0
14 16 0
14 50 0
15 3 0
15 7 0
15 9 0
16 13 0
16 14 0
16 38 0
17 10 0
17 21 0
17 39 0
18 10 0
18 24 0
18 40 0
19 7 0
19 20 0
19 27 0
20 19 0
20 26 0
20 28 0
21 4 0
21 17 0
21 25 0
22 42 0
22 43 0
22 44 0
22 37 0
23 45 0
23 46 0
23 47 0
23 26 0
24 18 0
24 25 0
24 48 0
25 5 0
25 21 0
25 24 0
26 20 0
26 31 0
26 49 0
26 23 0
27 19 0
27 29 0
27 51 0
28 20 0
28 30 0
28 52 0
29 27 0
29 30 0
29 53 0
30 28 0
30 29 0
30 54 0
31 26 0
31 55 0
31 56 0
31 57 0
32 4 0
32 58 0
32 59 0
32 60 0
33 5 0
33 61 0
33 62 0
33 63 0
34 9 0
35 9 0
36 11 0
37 12 0
37 22 0
38 16 0
39 17 0
40 18 0
41 7 0
42 22 0
43 22 0
44 22 0
45 23 0
46 23 0
47 23 0
48 24 0
49 26 0
50 14 0
51 27 0
52 28 0
53 29 0
54 30 0
55 31 0
56 31 0
57 31 0
58 32 0
59 32 0
60 32 0
61 33 0
62 33 0
63 33 0
64 13 0
GraphDataEnd
GraphEnd
NodeEnd
NodeStart
EPTNodeID: 7
AnchorID: 22145
TreeNodeGraphID: 45
Level: 13
SimplifiedLevel: 0
EditOperation: 5 27 33 0 0
AccumulatedOpsCount: 13
AccumulatedOp: 4 5 25 0 0
AccumulatedOp: 0 4 0 2 5
AccumulatedOp: 4 11 36 0 0
AccumulatedOp: 4 6 8 0 0
AccumulatedOp: 5 6 11 0 0
AccumulatedOp: 4 4 32 0 0
AccumulatedOp: 4 5 33 0 0
AccumulatedOp: 1 5 0 2 0
AccumulatedOp: 5 25 32 0 0
AccumulatedOp: 4 27 51 0 0
AccumulatedOp: 1 51 0 5 0
AccumulatedOp: 5 8 36 0 0
AccumulatedOp: 5 27 33 0 0
ChildrenCount: 0
ChildIndices:
CompletedDBGraphIDsCount: 1
CompletedDBGraphID: 18560
GraphStart
GraphDataStart
ID: 45
NumNodes: 62
NumEdges: 128
NodeLabels
6 2 2 2 5 3 3 4 4 4 4 4 4 4 4 4 4 4 4 4 4 4 4 4 4 4 4 4 4 4 4 4 4 5 5 5 5 5 5 5 5 5 5 5 5 5 5 5 5 5 5 5 5 5 5 5 5 5 5 5 5 5 
Edges
0 1 0
0 2 0
0 5 0
0 9 0
1 0 0
2 0 0
3 14 0
4 20 0
5 0 0
5 8 0
5 10 0
6 14 0
6 18 0
6 40 0
7 10 0
7 11 0
7 35 0
8 5 0
8 14 0
8 33 0
8 34 0
9 0 0
9 16 0
9 17 0
10 7 0
10 12 0
10 5 0
11 7 0
11 13 0
11 36 0
12 10 0
12 15 0
12 21 0
13 11 0
13 15 0
13 22 0
14 3 0
14 6 0
14 8 0
15 12 0
15 13 0
15 37 0
16 9 0
16 20 0
16 38 0
17 9 0
17 23 0
17 39 0
18 6 0
18 19 0
18 26 0
19 18 0
19 25 0
19 27 0
20 4 0
20 16 0
20 24 0
21 12 0
21 41 0
21 42 0
21 43 0
22 13 0
22 44 0
22 45 0
22 46 0
23 17 0
23 24 0
23 47 0
24 20 0
24 23 0
24 31 0
25 19 0
25 30 0
25 48 0
25 49 0
26 18 0
26 28 0
26 32 0
27 19 0
27 29 0
27 50 0
28 26 0
28 29 0
28 51 0
29 27 0
29 28 0
29 52 0
30 25 0
30 53 0
30 54 0
30 55 0
31 56 0
31 57 0
31 58 0
31 24 0
32 59 0
32 60 0
32 61 0
32 26 0
33 8 0
34 8 0
35 7 0
36 11 0
37 15 0
38 16 0
39 17 0
40 6 0
41 21 0
42 21 0
43 21 0
44 22 0
45 22 0
46 22 0
47 23 0
48 25 0
49 25 0
50 27 0
51 28 0
52 29 0
53 30 0
54 30 0
55 30 0
56 31 0
57 31 0
58 31 0
59 32 0
60 32 0
61 32 0
GraphDataEnd
GraphEnd
NodeEnd
NodeStart
EPTNodeID: 8
AnchorID: 22145
TreeNodeGraphID: 52
Level: 7
SimplifiedLevel: 0
EditOperation: 1 57 0 5 0
AccumulatedOpsCount: 7
AccumulatedOp: 4 31 55 0 0
AccumulatedOp: 4 31 56 0 0
AccumulatedOp: 0 31 0 4 5
AccumulatedOp: 1 55 0 5 0
AccumulatedOp: 1 56 0 5 0
AccumulatedOp: 4 31 57 0 0
AccumulatedOp: 1 57 0 5 0
ChildrenCount: 0
ChildIndices:
CompletedDBGraphIDsCount: 1
CompletedDBGraphID: 19749
GraphStart
GraphDataStart
ID: 52
NumNodes: 61
NumEdges: 126
NodeLabels
6 2 2 2 2 2 3 3 4 4 4 4 4 4 4 4 4 4 4 4 4 4 4 4 4 4 4 4 4 4 4 5 4 4 5 5 5 5 5 5 5 5 5 5 5 5 5 5 5 5 5 5 5 5 5 5 5 5 5 5 5 
Edges
0 1 0
0 2 0
0 6 0
0 10 0
1 0 0
2 0 0
3 15 0
4 21 0
4 32 0
5 25 0
5 33 0
6 0 0
6 8 0
6 9 0
7 15 0
7 19 0
7 41 0
8 6 0
8 11 0
8 12 0
9 6 0
9 15 0
9 34 0
9 35 0
10 0 0
10 17 0
10 18 0
11 8 0
11 13 0
11 36 0
12 8 0
12 14 0
12 37 0
13 11 0
13 16 0
13 22 0
14 12 0
14 16 0
14 23 0
15 3 0
15 7 0
15 9 0
16 13 0
16 14 0
16 38 0
17 10 0
17 21 0
17 39 0
18 10 0
18 24 0
18 40 0
19 7 0
19 20 0
19 27 0
20 19 0
20 26 0
20 28 0
21 4 0
21 17 0
21 25 0
22 13 0
22 42 0
22 43 0
22 44 0
23 14 0
23 45 0
23 46 0
23 47 0
24 18 0
24 25 0
24 48 0
25 5 0
25 21 0
25 24 0
26 20 0
26 31 0
26 49 0
26 50 0
27 19 0
27 29 0
27 51 0
28 20 0
28 30 0
28 52 0
29 27 0
29 30 0
29 53 0
30 28 0
30 29 0
30 54 0
31 26 0
32 4 0
32 55 0
32 56 0
32 57 0
33 5 0
33 58 0
33 59 0
33 60 0
34 9 0
35 9 0
36 11 0
37 12 0
38 16 0
39 17 0
40 18 0
41 7 0
42 22 0
43 22 0
44 22 0
45 23 0
46 23 0
47 23 0
48 24 0
49 26 0
50 26 0
51 27 0
52 28 0
53 29 0
54 30 0
55 32 0
56 32 0
57 32 0
58 33 0
59 33 0
60 33 0
GraphDataEnd
GraphEnd
NodeEnd
END_EPT
