BEGIN_EPT
AnchorID: 10536  # ID of the anchor node
RootIndex: 0  # Index of the root node in tree_nodes
NodeCount: 16  # Total number of nodes in the EPT
NodeStart
EPTNodeID: 0
AnchorID: 10536
TreeNodeGraphID: 0
Level: 0
SimplifiedLevel: 0
EditOperation: -1 0 -1 0 0
AccumulatedOpsCount: 0
ChildrenCount: 3
ChildIndices: 1 10 15
CompletedDBGraphIDsCount: 0
GraphStart
GraphDataStart
ID: 0
NumNodes: 63
NumEdges: 136
NodeLabels
2 3 3 3 3 3 4 4 4 4 4 4 4 4 4 4 4 4 4 4 4 4 4 4 4 4 4 4 4 4 4 4 4 4 5 5 5 5 5 5 5 5 5 5 5 5 5 5 5 5 5 5 5 5 5 5 5 5 5 5 5 5 5 
Edges
0 21 0
0 27 0
1 7 0
1 10 0
1 11 0
2 7 0
2 16 0
2 18 0
3 14 0
3 15 0
3 19 0
4 16 0
4 20 0
5 23 0
6 7 0
6 8 0
6 9 0
7 1 0
7 2 0
7 6 0
8 6 0
8 12 0
8 17 0
9 6 0
9 13 0
9 34 0
9 35 0
10 1 0
10 14 0
10 37 0
10 38 0
11 1 0
11 15 0
11 36 0
11 39 0
12 8 0
12 13 0
12 40 0
12 41 0
13 9 0
13 12 0
13 42 0
13 43 0
14 3 0
14 10 0
14 46 0
14 47 0
15 3 0
15 11 0
15 44 0
15 45 0
16 2 0
16 4 0
16 17 0
17 8 0
17 16 0
17 23 0
18 2 0
18 20 0
18 22 0
19 3 0
19 21 0
19 48 0
19 49 0
20 4 0
20 18 0
20 24 0
21 0 0
21 19 0
21 50 0
21 51 0
22 18 0
22 25 0
22 52 0
23 5 0
23 17 0
24 20 0
24 26 0
24 53 0
25 22 0
25 26 0
25 54 0
26 24 0
26 25 0
26 55 0
27 0 0
27 28 0
27 29 0
28 27 0
28 30 0
28 56 0
29 27 0
29 31 0
29 57 0
30 28 0
30 32 0
30 58 0
31 29 0
31 32 0
31 59 0
32 30 0
32 31 0
32 33 0
33 32 0
33 60 0
33 61 0
33 62 0
34 9 0
35 9 0
36 11 0
37 10 0
38 10 0
39 11 0
40 12 0
41 12 0
42 13 0
43 13 0
44 15 0
45 15 0
46 14 0
47 14 0
48 19 0
49 19 0
50 21 0
51 21 0
52 22 0
53 24 0
54 25 0
55 26 0
56 28 0
57 29 0
58 30 0
59 31 0
60 33 0
61 33 0
62 33 0
GraphDataEnd
GraphEnd
NodeEnd
NodeStart
EPTNodeID: 1
AnchorID: 10536
TreeNodeGraphID: 1
Level: 1
SimplifiedLevel: 0
EditOperation: 4 33 62 0 0
AccumulatedOpsCount: 1
AccumulatedOp: 4 33 62 0 0
ChildrenCount: 2
ChildIndices: 2 9
CompletedDBGraphIDsCount: 0
GraphStart
GraphDataStart
ID: 1
NumNodes: 63
NumEdges: 134
NodeLabels
2 3 3 3 3 3 4 4 4 4 4 4 4 4 4 4 4 4 4 4 4 4 4 4 4 4 4 4 4 4 4 4 4 4 5 5 5 5 5 5 5 5 5 5 5 5 5 5 5 5 5 5 5 5 5 5 5 5 5 5 5 5 5 
Edges
0 21 0
0 27 0
1 7 0
1 10 0
1 11 0
2 7 0
2 16 0
2 18 0
3 14 0
3 15 0
3 19 0
4 16 0
4 20 0
5 23 0
6 7 0
6 8 0
6 9 0
7 1 0
7 2 0
7 6 0
8 6 0
8 12 0
8 17 0
9 6 0
9 13 0
9 34 0
9 35 0
10 1 0
10 14 0
10 37 0
10 38 0
11 1 0
11 15 0
11 36 0
11 39 0
12 8 0
12 13 0
12 40 0
12 41 0
13 9 0
13 12 0
13 42 0
13 43 0
14 3 0
14 10 0
14 46 0
14 47 0
15 3 0
15 11 0
15 44 0
15 45 0
16 2 0
16 4 0
16 17 0
17 8 0
17 16 0
17 23 0
18 2 0
18 20 0
18 22 0
19 3 0
19 21 0
19 48 0
19 49 0
20 4 0
20 18 0
20 24 0
21 0 0
21 19 0
21 50 0
21 51 0
22 18 0
22 25 0
22 52 0
23 5 0
23 17 0
24 20 0
24 26 0
24 53 0
25 22 0
25 26 0
25 54 0
26 24 0
26 25 0
26 55 0
27 0 0
27 28 0
27 29 0
28 27 0
28 30 0
28 56 0
29 27 0
29 31 0
29 57 0
30 28 0
30 32 0
30 58 0
31 29 0
31 32 0
31 59 0
32 30 0
32 31 0
32 33 0
33 32 0
33 60 0
33 61 0
34 9 0
35 9 0
36 11 0
37 10 0
38 10 0
39 11 0
40 12 0
41 12 0
42 13 0
43 13 0
44 15 0
45 15 0
46 14 0
47 14 0
48 19 0
49 19 0
50 21 0
51 21 0
52 22 0
53 24 0
54 25 0
55 26 0
56 28 0
57 29 0
58 30 0
59 31 0
60 33 0
61 33 0
GraphDataEnd
GraphEnd
NodeEnd
NodeStart
EPTNodeID: 2
AnchorID: 10536
TreeNodeGraphID: 2
Level: 2
SimplifiedLevel: 0
EditOperation: 4 33 61 0 0
AccumulatedOpsCount: 1
AccumulatedOp: 4 33 61 0 0
ChildrenCount: 2
ChildIndices: 3 8
CompletedDBGraphIDsCount: 0
GraphStart
GraphDataStart
ID: 2
NumNodes: 63
NumEdges: 132
NodeLabels
2 3 3 3 3 3 4 4 4 4 4 4 4 4 4 4 4 4 4 4 4 4 4 4 4 4 4 4 4 4 4 4 4 4 5 5 5 5 5 5 5 5 5 5 5 5 5 5 5 5 5 5 5 5 5 5 5 5 5 5 5 5 5 
Edges
0 21 0
0 27 0
1 7 0
1 10 0
1 11 0
2 7 0
2 16 0
2 18 0
3 14 0
3 15 0
3 19 0
4 16 0
4 20 0
5 23 0
6 7 0
6 8 0
6 9 0
7 1 0
7 2 0
7 6 0
8 6 0
8 12 0
8 17 0
9 6 0
9 13 0
9 34 0
9 35 0
10 1 0
10 14 0
10 37 0
10 38 0
11 1 0
11 15 0
11 36 0
11 39 0
12 8 0
12 13 0
12 40 0
12 41 0
13 9 0
13 12 0
13 42 0
13 43 0
14 3 0
14 10 0
14 46 0
14 47 0
15 3 0
15 11 0
15 44 0
15 45 0
16 2 0
16 4 0
16 17 0
17 8 0
17 16 0
17 23 0
18 2 0
18 20 0
18 22 0
19 3 0
19 21 0
19 48 0
19 49 0
20 4 0
20 18 0
20 24 0
21 0 0
21 19 0
21 50 0
21 51 0
22 18 0
22 25 0
22 52 0
23 5 0
23 17 0
24 20 0
24 26 0
24 53 0
25 22 0
25 26 0
25 54 0
26 24 0
26 25 0
26 55 0
27 0 0
27 28 0
27 29 0
28 27 0
28 30 0
28 56 0
29 27 0
29 31 0
29 57 0
30 28 0
30 32 0
30 58 0
31 29 0
31 32 0
31 59 0
32 30 0
32 31 0
32 33 0
33 32 0
33 60 0
34 9 0
35 9 0
36 11 0
37 10 0
38 10 0
39 11 0
40 12 0
41 12 0
42 13 0
43 13 0
44 15 0
45 15 0
46 14 0
47 14 0
48 19 0
49 19 0
50 21 0
51 21 0
52 22 0
53 24 0
54 25 0
55 26 0
56 28 0
57 29 0
58 30 0
59 31 0
60 33 0
GraphDataEnd
GraphEnd
NodeEnd
NodeStart
EPTNodeID: 3
AnchorID: 10536
TreeNodeGraphID: 7
Level: 7
SimplifiedLevel: 0
EditOperation: 5 19 29 0 0
AccumulatedOpsCount: 5
AccumulatedOp: 4 33 60 0 0
AccumulatedOp: 1 62 0 5 0
AccumulatedOp: 4 19 21 0 0
AccumulatedOp: 4 29 57 0 0
AccumulatedOp: 5 19 29 0 0
ChildrenCount: 2
ChildIndices: 4 7
CompletedDBGraphIDsCount: 0
GraphStart
GraphDataStart
ID: 7
NumNodes: 62
NumEdges: 128
NodeLabels
2 3 3 3 3 3 4 4 4 4 4 4 4 4 4 4 4 4 4 4 4 4 4 4 4 4 4 4 4 4 4 4 4 4 5 5 5 5 5 5 5 5 5 5 5 5 5 5 5 5 5 5 5 5 5 5 5 5 5 5 5 5 
Edges
0 21 0
0 27 0
1 7 0
1 10 0
1 11 0
2 7 0
2 16 0
2 18 0
3 14 0
3 15 0
3 19 0
4 16 0
4 20 0
5 23 0
6 7 0
6 8 0
6 9 0
7 1 0
7 2 0
7 6 0
8 6 0
8 12 0
8 17 0
9 6 0
9 13 0
9 34 0
9 35 0
10 1 0
10 14 0
10 37 0
10 38 0
11 1 0
11 15 0
11 36 0
11 39 0
12 8 0
12 13 0
12 40 0
12 41 0
13 9 0
13 12 0
13 42 0
13 43 0
14 3 0
14 10 0
14 46 0
14 47 0
15 3 0
15 11 0
15 44 0
15 45 0
16 2 0
16 4 0
16 17 0
17 8 0
17 16 0
17 23 0
18 2 0
18 20 0
18 22 0
19 3 0
19 48 0
19 49 0
19 29 0
20 4 0
20 18 0
20 24 0
21 0 0
21 50 0
21 51 0
22 18 0
22 25 0
22 52 0
23 5 0
23 17 0
24 20 0
24 26 0
24 53 0
25 22 0
25 26 0
25 54 0
26 24 0
26 25 0
26 55 0
27 0 0
27 28 0
27 29 0
28 27 0
28 30 0
28 56 0
29 27 0
29 31 0
29 19 0
30 28 0
30 32 0
30 58 0
31 29 0
31 32 0
31 59 0
32 30 0
32 31 0
32 33 0
33 32 0
34 9 0
35 9 0
36 11 0
37 10 0
38 10 0
39 11 0
40 12 0
41 12 0
42 13 0
43 13 0
44 15 0
45 15 0
46 14 0
47 14 0
48 19 0
49 19 0
50 21 0
51 21 0
52 22 0
53 24 0
54 25 0
55 26 0
56 28 0
58 30 0
59 31 0
GraphDataEnd
GraphEnd
NodeEnd
NodeStart
EPTNodeID: 4
AnchorID: 10536
TreeNodeGraphID: 8
Level: 8
SimplifiedLevel: 0
EditOperation: 0 33 0 4 1
AccumulatedOpsCount: 1
AccumulatedOp: 0 33 0 4 1
ChildrenCount: 2
ChildIndices: 5 6
CompletedDBGraphIDsCount: 0
GraphStart
GraphDataStart
ID: 8
NumNodes: 62
NumEdges: 128
NodeLabels
2 3 3 3 3 3 4 4 4 4 4 4 4 4 4 4 4 4 4 4 4 4 4 4 4 4 4 4 4 4 4 4 4 1 5 5 5 5 5 5 5 5 5 5 5 5 5 5 5 5 5 5 5 5 5 5 5 5 5 5 5 5 
Edges
0 21 0
0 27 0
1 7 0
1 10 0
1 11 0
2 7 0
2 16 0
2 18 0
3 14 0
3 15 0
3 19 0
4 16 0
4 20 0
5 23 0
6 7 0
6 8 0
6 9 0
7 1 0
7 2 0
7 6 0
8 6 0
8 12 0
8 17 0
9 6 0
9 13 0
9 34 0
9 35 0
10 1 0
10 14 0
10 37 0
10 38 0
11 1 0
11 15 0
11 36 0
11 39 0
12 8 0
12 13 0
12 40 0
12 41 0
13 9 0
13 12 0
13 42 0
13 43 0
14 3 0
14 10 0
14 46 0
14 47 0
15 3 0
15 11 0
15 44 0
15 45 0
16 2 0
16 4 0
16 17 0
17 8 0
17 16 0
17 23 0
18 2 0
18 20 0
18 22 0
19 3 0
19 48 0
19 49 0
19 29 0
20 4 0
20 18 0
20 24 0
21 0 0
21 50 0
21 51 0
22 18 0
22 25 0
22 52 0
23 5 0
23 17 0
24 20 0
24 26 0
24 53 0
25 22 0
25 26 0
25 54 0
26 24 0
26 25 0
26 55 0
27 0 0
27 28 0
27 29 0
28 27 0
28 30 0
28 56 0
29 27 0
29 31 0
29 19 0
30 28 0
30 32 0
30 58 0
31 29 0
31 32 0
31 59 0
32 30 0
32 31 0
32 33 0
33 32 0
34 9 0
35 9 0
36 11 0
37 10 0
38 10 0
39 11 0
40 12 0
41 12 0
42 13 0
43 13 0
44 15 0
45 15 0
46 14 0
47 14 0
48 19 0
49 19 0
50 21 0
51 21 0
52 22 0
53 24 0
54 25 0
55 26 0
56 28 0
58 30 0
59 31 0
GraphDataEnd
GraphEnd
NodeEnd
NodeStart
EPTNodeID: 5
AnchorID: 10536
TreeNodeGraphID: 12
Level: 12
SimplifiedLevel: 0
EditOperation: 5 21 60 0 0
AccumulatedOpsCount: 4
AccumulatedOp: 5 9 57 0 0
AccumulatedOp: 4 6 9 0 0
AccumulatedOp: 5 6 61 0 0
AccumulatedOp: 5 21 60 0 0
ChildrenCount: 0
ChildIndices:
CompletedDBGraphIDsCount: 1
CompletedDBGraphID: 15439
GraphStart
GraphDataStart
ID: 12
NumNodes: 62
NumEdges: 132
NodeLabels
2 3 3 3 3 3 4 4 4 4 4 4 4 4 4 4 4 4 4 4 4 4 4 4 4 4 4 4 4 4 4 4 4 1 5 5 5 5 5 5 5 5 5 5 5 5 5 5 5 5 5 5 5 5 5 5 5 5 5 5 5 5 
Edges
0 21 0
0 27 0
1 7 0
1 10 0
1 11 0
2 7 0
2 16 0
2 18 0
3 14 0
3 15 0
3 19 0
4 16 0
4 20 0
5 23 0
6 7 0
6 8 0
6 61 0
7 1 0
7 2 0
7 6 0
8 6 0
8 12 0
8 17 0
9 13 0
9 34 0
9 35 0
9 57 0
10 1 0
10 14 0
10 37 0
10 38 0
11 1 0
11 15 0
11 36 0
11 39 0
12 8 0
12 13 0
12 40 0
12 41 0
13 9 0
13 12 0
13 42 0
13 43 0
14 3 0
14 10 0
14 46 0
14 47 0
15 3 0
15 11 0
15 44 0
15 45 0
16 2 0
16 4 0
16 17 0
17 8 0
17 16 0
17 23 0
18 2 0
18 20 0
18 22 0
19 3 0
19 48 0
19 49 0
19 29 0
20 4 0
20 18 0
20 24 0
21 0 0
21 50 0
21 51 0
21 60 0
22 18 0
22 25 0
22 52 0
23 5 0
23 17 0
24 20 0
24 26 0
24 53 0
25 22 0
25 26 0
25 54 0
26 24 0
26 25 0
26 55 0
27 0 0
27 28 0
27 29 0
28 27 0
28 30 0
28 56 0
29 27 0
29 31 0
29 19 0
30 28 0
30 32 0
30 58 0
31 29 0
31 32 0
31 59 0
32 30 0
32 31 0
32 33 0
33 32 0
34 9 0
35 9 0
36 11 0
37 10 0
38 10 0
39 11 0
40 12 0
41 12 0
42 13 0
43 13 0
44 15 0
45 15 0
46 14 0
47 14 0
48 19 0
49 19 0
50 21 0
51 21 0
52 22 0
53 24 0
54 25 0
55 26 0
56 28 0
57 9 0
58 30 0
59 31 0
60 21 0
61 6 0
GraphDataEnd
GraphEnd
NodeEnd
NodeStart
EPTNodeID: 6
AnchorID: 10536
TreeNodeGraphID: 15
Level: 11
SimplifiedLevel: 0
EditOperation: 5 21 57 0 0
AccumulatedOpsCount: 3
AccumulatedOp: 1 60 0 5 0
AccumulatedOp: 1 61 0 5 0
AccumulatedOp: 5 21 57 0 0
ChildrenCount: 0
ChildIndices:
CompletedDBGraphIDsCount: 1
CompletedDBGraphID: 1199
GraphStart
GraphDataStart
ID: 15
NumNodes: 60
NumEdges: 130
NodeLabels
2 3 3 3 3 3 4 4 4 4 4 4 4 4 4 4 4 4 4 4 4 4 4 4 4 4 4 4 4 4 4 4 4 1 5 5 5 5 5 5 5 5 5 5 5 5 5 5 5 5 5 5 5 5 5 5 5 5 5 5 
Edges
0 21 0
0 27 0
1 7 0
1 10 0
1 11 0
2 7 0
2 16 0
2 18 0
3 14 0
3 15 0
3 19 0
4 16 0
4 20 0
5 23 0
6 7 0
6 8 0
6 9 0
7 1 0
7 2 0
7 6 0
8 6 0
8 12 0
8 17 0
9 6 0
9 13 0
9 34 0
9 35 0
10 1 0
10 14 0
10 37 0
10 38 0
11 1 0
11 15 0
11 36 0
11 39 0
12 8 0
12 13 0
12 40 0
12 41 0
13 9 0
13 12 0
13 42 0
13 43 0
14 3 0
14 10 0
14 46 0
14 47 0
15 3 0
15 11 0
15 44 0
15 45 0
16 2 0
16 4 0
16 17 0
17 8 0
17 16 0
17 23 0
18 2 0
18 20 0
18 22 0
19 3 0
19 48 0
19 49 0
19 29 0
20 4 0
20 18 0
20 24 0
21 0 0
21 50 0
21 51 0
21 57 0
22 18 0
22 25 0
22 52 0
23 5 0
23 17 0
24 20 0
24 26 0
24 53 0
25 22 0
25 26 0
25 54 0
26 24 0
26 25 0
26 55 0
27 0 0
27 28 0
27 29 0
28 27 0
28 30 0
28 56 0
29 27 0
29 31 0
29 19 0
30 28 0
30 32 0
30 58 0
31 29 0
31 32 0
31 59 0
32 30 0
32 31 0
32 33 0
33 32 0
34 9 0
35 9 0
36 11 0
37 10 0
38 10 0
39 11 0
40 12 0
41 12 0
42 13 0
43 13 0
44 15 0
45 15 0
46 14 0
47 14 0
48 19 0
49 19 0
50 21 0
51 21 0
52 22 0
53 24 0
54 25 0
55 26 0
56 28 0
57 21 0
58 30 0
59 31 0
GraphDataEnd
GraphEnd
NodeEnd
NodeStart
EPTNodeID: 7
AnchorID: 10536
TreeNodeGraphID: 20
Level: 12
SimplifiedLevel: 0
EditOperation: 5 21 60 0 0
AccumulatedOpsCount: 5
AccumulatedOp: 5 9 57 0 0
AccumulatedOp: 0 33 0 4 7
AccumulatedOp: 4 6 9 0 0
AccumulatedOp: 5 6 61 0 0
AccumulatedOp: 5 21 60 0 0
ChildrenCount: 0
ChildIndices:
CompletedDBGraphIDsCount: 1
CompletedDBGraphID: 5400
GraphStart
GraphDataStart
ID: 20
NumNodes: 62
NumEdges: 132
NodeLabels
2 3 3 3 3 3 4 4 4 4 4 4 4 4 4 4 4 4 4 4 4 4 4 4 4 4 4 4 4 4 4 4 4 7 5 5 5 5 5 5 5 5 5 5 5 5 5 5 5 5 5 5 5 5 5 5 5 5 5 5 5 5 
Edges
0 21 0
0 27 0
1 7 0
1 10 0
1 11 0
2 7 0
2 16 0
2 18 0
3 14 0
3 15 0
3 19 0
4 16 0
4 20 0
5 23 0
6 7 0
6 8 0
6 61 0
7 1 0
7 2 0
7 6 0
8 6 0
8 12 0
8 17 0
9 13 0
9 34 0
9 35 0
9 57 0
10 1 0
10 14 0
10 37 0
10 38 0
11 1 0
11 15 0
11 36 0
11 39 0
12 8 0
12 13 0
12 40 0
12 41 0
13 9 0
13 12 0
13 42 0
13 43 0
14 3 0
14 10 0
14 46 0
14 47 0
15 3 0
15 11 0
15 44 0
15 45 0
16 2 0
16 4 0
16 17 0
17 8 0
17 16 0
17 23 0
18 2 0
18 20 0
18 22 0
19 3 0
19 48 0
19 49 0
19 29 0
20 4 0
20 18 0
20 24 0
21 0 0
21 50 0
21 51 0
21 60 0
22 18 0
22 25 0
22 52 0
23 5 0
23 17 0
24 20 0
24 26 0
24 53 0
25 22 0
25 26 0
25 54 0
26 24 0
26 25 0
26 55 0
27 0 0
27 28 0
27 29 0
28 27 0
28 30 0
28 56 0
29 27 0
29 31 0
29 19 0
30 28 0
30 32 0
30 58 0
31 29 0
31 32 0
31 59 0
32 30 0
32 31 0
32 33 0
33 32 0
34 9 0
35 9 0
36 11 0
37 10 0
38 10 0
39 11 0
40 12 0
41 12 0
42 13 0
43 13 0
44 15 0
45 15 0
46 14 0
47 14 0
48 19 0
49 19 0
50 21 0
51 21 0
52 22 0
53 24 0
54 25 0
55 26 0
56 28 0
57 9 0
58 30 0
59 31 0
60 21 0
61 6 0
GraphDataEnd
GraphEnd
NodeEnd
NodeStart
EPTNodeID: 8
AnchorID: 10536
TreeNodeGraphID: 28
Level: 10
SimplifiedLevel: 0
EditOperation: 5 12 62 0 0
AccumulatedOpsCount: 8
AccumulatedOp: 0 0 0 2 5
AccumulatedOp: 4 21 51 0 0
AccumulatedOp: 1 51 0 5 0
AccumulatedOp: 5 21 33 0 0
AccumulatedOp: 4 0 21 0 0
AccumulatedOp: 5 13 61 0 0
AccumulatedOp: 4 12 13 0 0
AccumulatedOp: 5 12 62 0 0
ChildrenCount: 0
ChildIndices:
CompletedDBGraphIDsCount: 1
CompletedDBGraphID: 5626
GraphStart
GraphDataStart
ID: 28
NumNodes: 62
NumEdges: 132
NodeLabels
5 3 3 3 3 3 4 4 4 4 4 4 4 4 4 4 4 4 4 4 4 4 4 4 4 4 4 4 4 4 4 4 4 4 5 5 5 5 5 5 5 5 5 5 5 5 5 5 5 5 5 5 5 5 5 5 5 5 5 5 5 5 
Edges
0 27 0
1 7 0
1 10 0
1 11 0
2 7 0
2 16 0
2 18 0
3 14 0
3 15 0
3 19 0
4 16 0
4 20 0
5 23 0
6 7 0
6 8 0
6 9 0
7 1 0
7 2 0
7 6 0
8 6 0
8 12 0
8 17 0
9 6 0
9 13 0
9 34 0
9 35 0
10 1 0
10 14 0
10 37 0
10 38 0
11 1 0
11 15 0
11 36 0
11 39 0
12 8 0
12 40 0
12 41 0
12 61 0
13 9 0
13 42 0
13 43 0
13 60 0
14 3 0
14 10 0
14 46 0
14 47 0
15 3 0
15 11 0
15 44 0
15 45 0
16 2 0
16 4 0
16 17 0
17 8 0
17 16 0
17 23 0
18 2 0
18 20 0
18 22 0
19 3 0
19 21 0
19 48 0
19 49 0
20 4 0
20 18 0
20 24 0
21 19 0
21 50 0
21 33 0
22 18 0
22 25 0
22 51 0
23 5 0
23 17 0
24 20 0
24 26 0
24 52 0
25 22 0
25 26 0
25 53 0
26 24 0
26 25 0
26 54 0
27 0 0
27 28 0
27 29 0
28 27 0
28 30 0
28 55 0
29 27 0
29 31 0
29 56 0
30 28 0
30 32 0
30 57 0
31 29 0
31 32 0
31 58 0
32 30 0
32 31 0
32 33 0
33 32 0
33 59 0
33 21 0
34 9 0
35 9 0
36 11 0
37 10 0
38 10 0
39 11 0
40 12 0
41 12 0
42 13 0
43 13 0
44 15 0
45 15 0
46 14 0
47 14 0
48 19 0
49 19 0
50 21 0
51 22 0
52 24 0
53 25 0
54 26 0
55 28 0
56 29 0
57 30 0
58 31 0
59 33 0
60 13 0
61 12 0
GraphDataEnd
GraphEnd
NodeEnd
NodeStart
EPTNodeID: 9
AnchorID: 10536
TreeNodeGraphID: 38
Level: 11
SimplifiedLevel: 0
EditOperation: 5 9 62 0 0
AccumulatedOpsCount: 10
AccumulatedOp: 4 6 9 0 0
AccumulatedOp: 5 3 33 0 0
AccumulatedOp: 0 19 0 4 5
AccumulatedOp: 4 19 48 0 0
AccumulatedOp: 0 57 0 5 1
AccumulatedOp: 4 3 19 0 0
AccumulatedOp: 4 19 49 0 0
AccumulatedOp: 1 49 0 5 0
AccumulatedOp: 5 6 48 0 0
AccumulatedOp: 5 9 62 0 0
ChildrenCount: 0
ChildIndices:
CompletedDBGraphIDsCount: 1
CompletedDBGraphID: 8108
GraphStart
GraphDataStart
ID: 38
NumNodes: 62
NumEdges: 132
NodeLabels
2 3 3 3 3 3 4 4 4 4 4 4 4 4 4 4 4 4 4 5 4 4 4 4 4 4 4 4 4 4 4 4 4 4 5 5 5 5 5 5 5 5 5 5 5 5 5 5 5 5 5 5 5 5 5 5 1 5 5 5 5 5 
Edges
0 21 0
0 27 0
1 7 0
1 10 0
1 11 0
2 7 0
2 16 0
2 18 0
3 14 0
3 15 0
3 33 0
4 16 0
4 20 0
5 23 0
6 7 0
6 8 0
6 48 0
7 1 0
7 2 0
7 6 0
8 6 0
8 12 0
8 17 0
9 13 0
9 34 0
9 35 0
9 61 0
10 1 0
10 14 0
10 37 0
10 38 0
11 1 0
11 15 0
11 36 0
11 39 0
12 8 0
12 13 0
12 40 0
12 41 0
13 9 0
13 12 0
13 42 0
13 43 0
14 3 0
14 10 0
14 46 0
14 47 0
15 3 0
15 11 0
15 44 0
15 45 0
16 2 0
16 4 0
16 17 0
17 8 0
17 16 0
17 23 0
18 2 0
18 20 0
18 22 0
19 21 0
20 4 0
20 18 0
20 24 0
21 0 0
21 19 0
21 49 0
21 50 0
22 18 0
22 25 0
22 51 0
23 5 0
23 17 0
24 20 0
24 26 0
24 52 0
25 22 0
25 26 0
25 53 0
26 24 0
26 25 0
26 54 0
27 0 0
27 28 0
27 29 0
28 27 0
28 30 0
28 55 0
29 27 0
29 31 0
29 56 0
30 28 0
30 32 0
30 57 0
31 29 0
31 32 0
31 58 0
32 30 0
32 31 0
32 33 0
33 32 0
33 59 0
33 60 0
33 3 0
34 9 0
35 9 0
36 11 0
37 10 0
38 10 0
39 11 0
40 12 0
41 12 0
42 13 0
43 13 0
44 15 0
45 15 0
46 14 0
47 14 0
48 6 0
49 21 0
50 21 0
51 22 0
52 24 0
53 25 0
54 26 0
55 28 0
56 29 0
57 30 0
58 31 0
59 33 0
60 33 0
61 9 0
GraphDataEnd
GraphEnd
NodeEnd
NodeStart
EPTNodeID: 10
AnchorID: 10536
TreeNodeGraphID: 42
Level: 4
SimplifiedLevel: 0
EditOperation: 4 32 33 0 0
AccumulatedOpsCount: 4
AccumulatedOp: 4 0 21 0 0
AccumulatedOp: 0 0 0 2 5
AccumulatedOp: 4 9 13 0 0
AccumulatedOp: 4 32 33 0 0
ChildrenCount: 2
ChildIndices: 11 14
CompletedDBGraphIDsCount: 0
GraphStart
GraphDataStart
ID: 42
NumNodes: 63
NumEdges: 130
NodeLabels
5 3 3 3 3 3 4 4 4 4 4 4 4 4 4 4 4 4 4 4 4 4 4 4 4 4 4 4 4 4 4 4 4 4 5 5 5 5 5 5 5 5 5 5 5 5 5 5 5 5 5 5 5 5 5 5 5 5 5 5 5 5 5 
Edges
0 27 0
1 7 0
1 10 0
1 11 0
2 7 0
2 16 0
2 18 0
3 14 0
3 15 0
3 19 0
4 16 0
4 20 0
5 23 0
6 7 0
6 8 0
6 9 0
7 1 0
7 2 0
7 6 0
8 6 0
8 12 0
8 17 0
9 6 0
9 34 0
9 35 0
10 1 0
10 14 0
10 37 0
10 38 0
11 1 0
11 15 0
11 36 0
11 39 0
12 8 0
12 13 0
12 40 0
12 41 0
13 12 0
13 42 0
13 43 0
14 3 0
14 10 0
14 46 0
14 47 0
15 3 0
15 11 0
15 44 0
15 45 0
16 2 0
16 4 0
16 17 0
17 8 0
17 16 0
17 23 0
18 2 0
18 20 0
18 22 0
19 3 0
19 21 0
19 48 0
19 49 0
20 4 0
20 18 0
20 24 0
21 19 0
21 50 0
21 51 0
22 18 0
22 25 0
22 52 0
23 5 0
23 17 0
24 20 0
24 26 0
24 53 0
25 22 0
25 26 0
25 54 0
26 24 0
26 25 0
26 55 0
27 0 0
27 28 0
27 29 0
28 27 0
28 30 0
28 56 0
29 27 0
29 31 0
29 57 0
30 28 0
30 32 0
30 58 0
31 29 0
31 32 0
31 59 0
32 30 0
32 31 0
33 60 0
33 61 0
33 62 0
34 9 0
35 9 0
36 11 0
37 10 0
38 10 0
39 11 0
40 12 0
41 12 0
42 13 0
43 13 0
44 15 0
45 15 0
46 14 0
47 14 0
48 19 0
49 19 0
50 21 0
51 21 0
52 22 0
53 24 0
54 25 0
55 26 0
56 28 0
57 29 0
58 30 0
59 31 0
60 33 0
61 33 0
62 33 0
GraphDataEnd
GraphEnd
NodeEnd
NodeStart
EPTNodeID: 11
AnchorID: 10536
TreeNodeGraphID: 43
Level: 5
SimplifiedLevel: 0
EditOperation: 5 21 32 0 0
AccumulatedOpsCount: 1
AccumulatedOp: 5 21 32 0 0
ChildrenCount: 2
ChildIndices: 12 13
CompletedDBGraphIDsCount: 0
GraphStart
GraphDataStart
ID: 43
NumNodes: 63
NumEdges: 132
NodeLabels
5 3 3 3 3 3 4 4 4 4 4 4 4 4 4 4 4 4 4 4 4 4 4 4 4 4 4 4 4 4 4 4 4 4 5 5 5 5 5 5 5 5 5 5 5 5 5 5 5 5 5 5 5 5 5 5 5 5 5 5 5 5 5 
Edges
0 27 0
1 7 0
1 10 0
1 11 0
2 7 0
2 16 0
2 18 0
3 14 0
3 15 0
3 19 0
4 16 0
4 20 0
5 23 0
6 7 0
6 8 0
6 9 0
7 1 0
7 2 0
7 6 0
8 6 0
8 12 0
8 17 0
9 6 0
9 34 0
9 35 0
10 1 0
10 14 0
10 37 0
10 38 0
11 1 0
11 15 0
11 36 0
11 39 0
12 8 0
12 13 0
12 40 0
12 41 0
13 12 0
13 42 0
13 43 0
14 3 0
14 10 0
14 46 0
14 47 0
15 3 0
15 11 0
15 44 0
15 45 0
16 2 0
16 4 0
16 17 0
17 8 0
17 16 0
17 23 0
18 2 0
18 20 0
18 22 0
19 3 0
19 21 0
19 48 0
19 49 0
20 4 0
20 18 0
20 24 0
21 19 0
21 50 0
21 51 0
21 32 0
22 18 0
22 25 0
22 52 0
23 5 0
23 17 0
24 20 0
24 26 0
24 53 0
25 22 0
25 26 0
25 54 0
26 24 0
26 25 0
26 55 0
27 0 0
27 28 0
27 29 0
28 27 0
28 30 0
28 56 0
29 27 0
29 31 0
29 57 0
30 28 0
30 32 0
30 58 0
31 29 0
31 32 0
31 59 0
32 30 0
32 31 0
32 21 0
33 60 0
33 61 0
33 62 0
34 9 0
35 9 0
36 11 0
37 10 0
38 10 0
39 11 0
40 12 0
41 12 0
42 13 0
43 13 0
44 15 0
45 15 0
46 14 0
47 14 0
48 19 0
49 19 0
50 21 0
51 21 0
52 22 0
53 24 0
54 25 0
55 26 0
56 28 0
57 29 0
58 30 0
59 31 0
60 33 0
61 33 0
62 33 0
GraphDataEnd
GraphEnd
NodeEnd
NodeStart
EPTNodeID: 12
AnchorID: 10536
TreeNodeGraphID: 49
Level: 11
SimplifiedLevel: 0
EditOperation: 5 9 33 0 0
AccumulatedOpsCount: 6
AccumulatedOp: 4 13 43 0 0
AccumulatedOp: 1 43 0 5 0
AccumulatedOp: 0 13 0 4 5
AccumulatedOp: 4 13 42 0 0
AccumulatedOp: 1 42 0 5 0
AccumulatedOp: 5 9 33 0 0
ChildrenCount: 0
ChildIndices:
CompletedDBGraphIDsCount: 1
CompletedDBGraphID: 19871
GraphStart
GraphDataStart
ID: 49
NumNodes: 61
NumEdges: 130
NodeLabels
5 3 3 3 3 3 4 4 4 4 4 4 4 5 4 4 4 4 4 4 4 4 4 4 4 4 4 4 4 4 4 4 4 4 5 5 5 5 5 5 5 5 5 5 5 5 5 5 5 5 5 5 5 5 5 5 5 5 5 5 5 
Edges
0 27 0
1 7 0
1 10 0
1 11 0
2 7 0
2 16 0
2 18 0
3 14 0
3 15 0
3 19 0
4 16 0
4 20 0
5 23 0
6 7 0
6 8 0
6 9 0
7 1 0
7 2 0
7 6 0
8 6 0
8 12 0
8 17 0
9 6 0
9 34 0
9 35 0
9 33 0
10 1 0
10 14 0
10 37 0
10 38 0
11 1 0
11 15 0
11 36 0
11 39 0
12 8 0
12 13 0
12 40 0
12 41 0
13 12 0
14 3 0
14 10 0
14 44 0
14 45 0
15 3 0
15 11 0
15 42 0
15 43 0
16 2 0
16 4 0
16 17 0
17 8 0
17 16 0
17 23 0
18 2 0
18 20 0
18 22 0
19 3 0
19 21 0
19 46 0
19 47 0
20 4 0
20 18 0
20 24 0
21 19 0
21 48 0
21 49 0
21 32 0
22 18 0
22 25 0
22 50 0
23 5 0
23 17 0
24 20 0
24 26 0
24 51 0
25 22 0
25 26 0
25 52 0
26 24 0
26 25 0
26 53 0
27 0 0
27 28 0
27 29 0
28 27 0
28 30 0
28 54 0
29 27 0
29 31 0
29 55 0
30 28 0
30 32 0
30 56 0
31 29 0
31 32 0
31 57 0
32 30 0
32 31 0
32 21 0
33 58 0
33 59 0
33 60 0
33 9 0
34 9 0
35 9 0
36 11 0
37 10 0
38 10 0
39 11 0
40 12 0
41 12 0
42 15 0
43 15 0
44 14 0
45 14 0
46 19 0
47 19 0
48 21 0
49 21 0
50 22 0
51 24 0
52 25 0
53 26 0
54 28 0
55 29 0
56 30 0
57 31 0
58 33 0
59 33 0
60 33 0
GraphDataEnd
GraphEnd
NodeEnd
NodeStart
EPTNodeID: 13
AnchorID: 10536
TreeNodeGraphID: 55
Level: 11
SimplifiedLevel: 0
EditOperation: 1 35 0 5 0
AccumulatedOpsCount: 6
AccumulatedOp: 5 13 33 0 0
AccumulatedOp: 0 9 0 4 5
AccumulatedOp: 4 9 34 0 0
AccumulatedOp: 1 34 0 5 0
AccumulatedOp: 4 9 35 0 0
AccumulatedOp: 1 35 0 5 0
ChildrenCount: 0
ChildIndices:
CompletedDBGraphIDsCount: 1
CompletedDBGraphID: 9993
GraphStart
GraphDataStart
ID: 55
NumNodes: 61
NumEdges: 130
NodeLabels
5 3 3 3 3 3 4 4 4 5 4 4 4 4 4 4 4 4 4 4 4 4 4 4 4 4 4 4 4 4 4 4 4 4 5 5 5 5 5 5 5 5 5 5 5 5 5 5 5 5 5 5 5 5 5 5 5 5 5 5 5 
Edges
0 27 0
1 7 0
1 10 0
1 11 0
2 7 0
2 16 0
2 18 0
3 14 0
3 15 0
3 19 0
4 16 0
4 20 0
5 23 0
6 7 0
6 8 0
6 9 0
7 1 0
7 2 0
7 6 0
8 6 0
8 12 0
8 17 0
9 6 0
10 1 0
10 14 0
10 35 0
10 36 0
11 1 0
11 15 0
11 34 0
11 37 0
12 8 0
12 13 0
12 38 0
12 39 0
13 12 0
13 40 0
13 41 0
13 33 0
14 3 0
14 10 0
14 44 0
14 45 0
15 3 0
15 11 0
15 42 0
15 43 0
16 2 0
16 4 0
16 17 0
17 8 0
17 16 0
17 23 0
18 2 0
18 20 0
18 22 0
19 3 0
19 21 0
19 46 0
19 47 0
20 4 0
20 18 0
20 24 0
21 19 0
21 48 0
21 49 0
21 32 0
22 18 0
22 25 0
22 50 0
23 5 0
23 17 0
24 20 0
24 26 0
24 51 0
25 22 0
25 26 0
25 52 0
26 24 0
26 25 0
26 53 0
27 0 0
27 28 0
27 29 0
28 27 0
28 30 0
28 54 0
29 27 0
29 31 0
29 55 0
30 28 0
30 32 0
30 56 0
31 29 0
31 32 0
31 57 0
32 30 0
32 31 0
32 21 0
33 58 0
33 59 0
33 60 0
33 13 0
34 11 0
35 10 0
36 10 0
37 11 0
38 12 0
39 12 0
40 13 0
41 13 0
42 15 0
43 15 0
44 14 0
45 14 0
46 19 0
47 19 0
48 21 0
49 21 0
50 22 0
51 24 0
52 25 0
53 26 0
54 28 0
55 29 0
56 30 0
57 31 0
58 33 0
59 33 0
60 33 0
GraphDataEnd
GraphEnd
NodeEnd
NodeStart
EPTNodeID: 14
AnchorID: 10536
TreeNodeGraphID: 63
Level: 12
SimplifiedLevel: 0
EditOperation: 5 12 51 0 0
AccumulatedOpsCount: 8
AccumulatedOp: 4 21 51 0 0
AccumulatedOp: 4 21 50 0 0
AccumulatedOp: 1 50 0 5 0
AccumulatedOp: 5 13 21 0 0
AccumulatedOp: 4 12 13 0 0
AccumulatedOp: 5 9 32 0 0
AccumulatedOp: 5 21 33 0 0
AccumulatedOp: 5 12 51 0 0
ChildrenCount: 0
ChildIndices:
CompletedDBGraphIDsCount: 1
CompletedDBGraphID: 10909
GraphStart
GraphDataStart
ID: 63
NumNodes: 62
NumEdges: 132
NodeLabels
5 3 3 3 3 3 4 4 4 4 4 4 4 4 4 4 4 4 4 4 4 4 4 4 4 4 4 4 4 4 4 4 4 4 5 5 5 5 5 5 5 5 5 5 5 5 5 5 5 5 5 5 5 5 5 5 5 5 5 5 5 5 
Edges
0 27 0
1 7 0
1 10 0
1 11 0
2 7 0
2 16 0
2 18 0
3 14 0
3 15 0
3 19 0
4 16 0
4 20 0
5 23 0
6 7 0
6 8 0
6 9 0
7 1 0
7 2 0
7 6 0
8 6 0
8 12 0
8 17 0
9 6 0
9 34 0
9 35 0
9 32 0
10 1 0
10 14 0
10 37 0
10 38 0
11 1 0
11 15 0
11 36 0
11 39 0
12 8 0
12 40 0
12 41 0
12 50 0
13 42 0
13 43 0
13 21 0
14 3 0
14 10 0
14 46 0
14 47 0
15 3 0
15 11 0
15 44 0
15 45 0
16 2 0
16 4 0
16 17 0
17 8 0
17 16 0
17 23 0
18 2 0
18 20 0
18 22 0
19 3 0
19 21 0
19 48 0
19 49 0
20 4 0
20 18 0
20 24 0
21 19 0
21 13 0
21 33 0
22 18 0
22 25 0
22 51 0
23 5 0
23 17 0
24 20 0
24 26 0
24 52 0
25 22 0
25 26 0
25 53 0
26 24 0
26 25 0
26 54 0
27 0 0
27 28 0
27 29 0
28 27 0
28 30 0
28 55 0
29 27 0
29 31 0
29 56 0
30 28 0
30 32 0
30 57 0
31 29 0
31 32 0
31 58 0
32 30 0
32 31 0
32 9 0
33 59 0
33 60 0
33 61 0
33 21 0
34 9 0
35 9 0
36 11 0
37 10 0
38 10 0
39 11 0
40 12 0
41 12 0
42 13 0
43 13 0
44 15 0
45 15 0
46 14 0
47 14 0
48 19 0
49 19 0
50 12 0
51 22 0
52 24 0
53 25 0
54 26 0
55 28 0
56 29 0
57 30 0
58 31 0
59 33 0
60 33 0
61 33 0
GraphDataEnd
GraphEnd
NodeEnd
NodeStart
EPTNodeID: 15
AnchorID: 10536
TreeNodeGraphID: 68
Level: 5
SimplifiedLevel: 0
EditOperation: 5 6 63 0 0
AccumulatedOpsCount: 5
AccumulatedOp: 4 6 9 0 0
AccumulatedOp: 2 63 0 0 5
AccumulatedOp: 2 64 0 0 5
AccumulatedOp: 5 9 64 0 0
AccumulatedOp: 5 6 63 0 0
ChildrenCount: 0
ChildIndices:
CompletedDBGraphIDsCount: 1
CompletedDBGraphID: 14670
GraphStart
GraphDataStart
ID: 68
NumNodes: 65
NumEdges: 138
NodeLabels
2 3 3 3 3 3 4 4 4 4 4 4 4 4 4 4 4 4 4 4 4 4 4 4 4 4 4 4 4 4 4 4 4 4 5 5 5 5 5 5 5 5 5 5 5 5 5 5 5 5 5 5 5 5 5 5 5 5 5 5 5 5 5 5 5 
Edges
0 21 0
0 27 0
1 7 0
1 10 0
1 11 0
2 7 0
2 16 0
2 18 0
3 14 0
3 15 0
3 19 0
4 16 0
4 20 0
5 23 0
6 7 0
6 8 0
6 63 0
7 1 0
7 2 0
7 6 0
8 6 0
8 12 0
8 17 0
9 13 0
9 34 0
9 35 0
9 64 0
10 1 0
10 14 0
10 37 0
10 38 0
11 1 0
11 15 0
11 36 0
11 39 0
12 8 0
12 13 0
12 40 0
12 41 0
13 9 0
13 12 0
13 42 0
13 43 0
14 3 0
14 10 0
14 46 0
14 47 0
15 3 0
15 11 0
15 44 0
15 45 0
16 2 0
16 4 0
16 17 0
17 8 0
17 16 0
17 23 0
18 2 0
18 20 0
18 22 0
19 3 0
19 21 0
19 48 0
19 49 0
20 4 0
20 18 0
20 24 0
21 0 0
21 19 0
21 50 0
21 51 0
22 18 0
22 25 0
22 52 0
23 5 0
23 17 0
24 20 0
24 26 0
24 53 0
25 22 0
25 26 0
25 54 0
26 24 0
26 25 0
26 55 0
27 0 0
27 28 0
27 29 0
28 27 0
28 30 0
28 56 0
29 27 0
29 31 0
29 57 0
30 28 0
30 32 0
30 58 0
31 29 0
31 32 0
31 59 0
32 30 0
32 31 0
32 33 0
33 32 0
33 60 0
33 61 0
33 62 0
34 9 0
35 9 0
36 11 0
37 10 0
38 10 0
39 11 0
40 12 0
41 12 0
42 13 0
43 13 0
44 15 0
45 15 0
46 14 0
47 14 0
48 19 0
49 19 0
50 21 0
51 21 0
52 22 0
53 24 0
54 25 0
55 26 0
56 28 0
57 29 0
58 30 0
59 31 0
60 33 0
61 33 0
62 33 0
63 6 0
64 9 0
GraphDataEnd
GraphEnd
NodeEnd
END_EPT
