BEGIN_EPT
AnchorID: 12637  # ID of the anchor node
RootIndex: 0  # Index of the root node in tree_nodes
NodeCount: 2  # Total number of nodes in the EPT
NodeStart
EPTNodeID: 0
AnchorID: 12637
TreeNodeGraphID: 0
Level: 0
SimplifiedLevel: 0
EditOperation: -1 0 -1 0 0
AccumulatedOpsCount: 0
ChildrenCount: 1
ChildIndices: 1
CompletedDBGraphIDsCount: 0
GraphStart
GraphDataStart
ID: 0
NumNodes: 64
NumEdges: 136
NodeLabels
2 2 3 3 3 3 4 4 4 4 4 4 4 4 4 4 4 4 4 4 4 4 4 4 4 4 4 4 4 4 4 4 4 4 5 5 5 5 5 5 5 5 5 5 5 5 5 5 5 5 5 5 5 5 5 5 5 5 5 5 5 5 5 5 
Edges
0 16 0
1 17 0
2 6 0
2 7 0
2 15 0
3 8 0
3 9 0
3 14 0
4 12 0
4 13 0
4 16 0
5 10 0
5 11 0
5 17 0
6 2 0
6 13 0
6 40 0
6 41 0
7 2 0
7 12 0
7 38 0
7 39 0
8 3 0
8 11 0
8 36 0
8 37 0
9 3 0
9 10 0
9 34 0
9 35 0
10 5 0
10 9 0
10 48 0
10 49 0
11 5 0
11 8 0
11 46 0
11 47 0
12 4 0
12 7 0
12 44 0
12 45 0
13 4 0
13 6 0
13 42 0
13 43 0
14 3 0
14 25 0
14 27 0
15 2 0
15 24 0
15 26 0
16 0 0
16 4 0
16 18 0
17 1 0
17 5 0
17 19 0
18 16 0
18 20 0
18 22 0
19 17 0
19 21 0
19 23 0
20 18 0
20 21 0
20 51 0
21 19 0
21 20 0
21 50 0
22 18 0
22 23 0
22 53 0
23 19 0
23 22 0
23 52 0
24 15 0
24 28 0
24 54 0
25 14 0
25 29 0
25 55 0
26 15 0
26 30 0
26 56 0
27 14 0
27 31 0
27 57 0
28 24 0
28 32 0
28 58 0
29 25 0
29 33 0
29 59 0
30 26 0
30 32 0
30 60 0
31 27 0
31 33 0
31 61 0
32 28 0
32 30 0
32 62 0
33 29 0
33 31 0
33 63 0
34 9 0
35 9 0
36 8 0
37 8 0
38 7 0
39 7 0
40 6 0
41 6 0
42 13 0
43 13 0
44 12 0
45 12 0
46 11 0
47 11 0
48 10 0
49 10 0
50 21 0
51 20 0
52 23 0
53 22 0
54 24 0
55 25 0
56 26 0
57 27 0
58 28 0
59 29 0
60 30 0
61 31 0
62 32 0
63 33 0
GraphDataEnd
GraphEnd
NodeEnd
NodeStart
EPTNodeID: 1
AnchorID: 12637
TreeNodeGraphID: 4
Level: 4
SimplifiedLevel: 0
EditOperation: 5 18 53 0 0
AccumulatedOpsCount: 4
AccumulatedOp: 4 16 18 0 0
AccumulatedOp: 4 22 53 0 0
AccumulatedOp: 5 16 22 0 0
AccumulatedOp: 5 18 53 0 0
ChildrenCount: 0
ChildIndices:
CompletedDBGraphIDsCount: 1
CompletedDBGraphID: 18383
GraphStart
GraphDataStart
ID: 4
NumNodes: 64
NumEdges: 136
NodeLabels
2 2 3 3 3 3 4 4 4 4 4 4 4 4 4 4 4 4 4 4 4 4 4 4 4 4 4 4 4 4 4 4 4 4 5 5 5 5 5 5 5 5 5 5 5 5 5 5 5 5 5 5 5 5 5 5 5 5 5 5 5 5 5 5 
Edges
0 16 0
1 17 0
2 6 0
2 7 0
2 15 0
3 8 0
3 9 0
3 14 0
4 12 0
4 13 0
4 16 0
5 10 0
5 11 0
5 17 0
6 2 0
6 13 0
6 40 0
6 41 0
7 2 0
7 12 0
7 38 0
7 39 0
8 3 0
8 11 0
8 36 0
8 37 0
9 3 0
9 10 0
9 34 0
9 35 0
10 5 0
10 9 0
10 48 0
10 49 0
11 5 0
11 8 0
11 46 0
11 47 0
12 4 0
12 7 0
12 44 0
12 45 0
13 4 0
13 6 0
13 42 0
13 43 0
14 3 0
14 25 0
14 27 0
15 2 0
15 24 0
15 26 0
16 0 0
16 4 0
16 22 0
17 1 0
17 5 0
17 19 0
18 20 0
18 22 0
18 53 0
19 17 0
19 21 0
19 23 0
20 18 0
20 21 0
20 51 0
21 19 0
21 20 0
21 50 0
22 18 0
22 23 0
22 16 0
23 19 0
23 22 0
23 52 0
24 15 0
24 28 0
24 54 0
25 14 0
25 29 0
25 55 0
26 15 0
26 30 0
26 56 0
27 14 0
27 31 0
27 57 0
28 24 0
28 32 0
28 58 0
29 25 0
29 33 0
29 59 0
30 26 0
30 32 0
30 60 0
31 27 0
31 33 0
31 61 0
32 28 0
32 30 0
32 62 0
33 29 0
33 31 0
33 63 0
34 9 0
35 9 0
36 8 0
37 8 0
38 7 0
39 7 0
40 6 0
41 6 0
42 13 0
43 13 0
44 12 0
45 12 0
46 11 0
47 11 0
48 10 0
49 10 0
50 21 0
51 20 0
52 23 0
53 18 0
54 24 0
55 25 0
56 26 0
57 27 0
58 28 0
59 29 0
60 30 0
61 31 0
62 32 0
63 33 0
GraphDataEnd
GraphEnd
NodeEnd
END_EPT
