BEGIN_EPT
AnchorID: 10594  # ID of the anchor node
RootIndex: 0  # Index of the root node in tree_nodes
NodeCount: 4  # Total number of nodes in the EPT
NodeStart
EPTNodeID: 0
AnchorID: 10594
TreeNodeGraphID: 0
Level: 0
SimplifiedLevel: 0
EditOperation: -1 0 -1 0 0
AccumulatedOpsCount: 0
ChildrenCount: 1
ChildIndices: 1
CompletedDBGraphIDsCount: 0
GraphStart
GraphDataStart
ID: 0
NumNodes: 56
NumEdges: 118
NodeLabels
2 2 2 2 3 3 4 4 4 4 4 4 4 4 4 4 4 4 4 4 4 4 4 4 4 4 4 4 4 4 4 4 5 5 5 5 5 5 5 5 5 5 5 5 5 5 5 5 5 5 5 5 5 5 5 5 
Edges
0 11 0
1 18 0
1 26 0
2 20 0
2 25 0
3 15 0
4 6 0
4 12 0
4 15 0
5 9 0
5 11 0
5 35 0
6 4 0
6 7 0
6 32 0
6 33 0
7 6 0
7 10 0
7 11 0
8 9 0
8 10 0
8 14 0
9 5 0
9 8 0
9 13 0
10 7 0
10 8 0
10 34 0
11 0 0
11 5 0
11 7 0
12 4 0
12 18 0
12 19 0
13 9 0
13 16 0
13 36 0
14 8 0
14 17 0
14 37 0
15 3 0
15 4 0
15 20 0
16 13 0
16 17 0
16 21 0
17 14 0
17 16 0
17 38 0
18 1 0
18 12 0
18 22 0
19 12 0
19 23 0
19 39 0
20 2 0
20 15 0
20 40 0
20 41 0
21 16 0
21 42 0
21 43 0
21 44 0
22 18 0
22 24 0
22 45 0
23 19 0
23 24 0
23 46 0
24 22 0
24 23 0
24 47 0
25 2 0
25 27 0
25 28 0
26 1 0
26 48 0
26 49 0
26 50 0
27 25 0
27 29 0
27 51 0
28 25 0
28 30 0
28 52 0
29 27 0
29 31 0
29 53 0
30 28 0
30 31 0
30 54 0
31 29 0
31 30 0
31 55 0
32 6 0
33 6 0
34 10 0
35 5 0
36 13 0
37 14 0
38 17 0
39 19 0
40 20 0
41 20 0
42 21 0
43 21 0
44 21 0
45 22 0
46 23 0
47 24 0
48 26 0
49 26 0
50 26 0
51 27 0
52 28 0
53 29 0
54 30 0
55 31 0
GraphDataEnd
GraphEnd
NodeEnd
NodeStart
EPTNodeID: 1
AnchorID: 10594
TreeNodeGraphID: 1
Level: 1
SimplifiedLevel: 0
EditOperation: 4 16 21 0 0
AccumulatedOpsCount: 1
AccumulatedOp: 4 16 21 0 0
ChildrenCount: 2
ChildIndices: 2 3
CompletedDBGraphIDsCount: 0
GraphStart
GraphDataStart
ID: 1
NumNodes: 56
NumEdges: 116
NodeLabels
2 2 2 2 3 3 4 4 4 4 4 4 4 4 4 4 4 4 4 4 4 4 4 4 4 4 4 4 4 4 4 4 5 5 5 5 5 5 5 5 5 5 5 5 5 5 5 5 5 5 5 5 5 5 5 5 
Edges
0 11 0
1 18 0
1 26 0
2 20 0
2 25 0
3 15 0
4 6 0
4 12 0
4 15 0
5 9 0
5 11 0
5 35 0
6 4 0
6 7 0
6 32 0
6 33 0
7 6 0
7 10 0
7 11 0
8 9 0
8 10 0
8 14 0
9 5 0
9 8 0
9 13 0
10 7 0
10 8 0
10 34 0
11 0 0
11 5 0
11 7 0
12 4 0
12 18 0
12 19 0
13 9 0
13 16 0
13 36 0
14 8 0
14 17 0
14 37 0
15 3 0
15 4 0
15 20 0
16 13 0
16 17 0
17 14 0
17 16 0
17 38 0
18 1 0
18 12 0
18 22 0
19 12 0
19 23 0
19 39 0
20 2 0
20 15 0
20 40 0
20 41 0
21 42 0
21 43 0
21 44 0
22 18 0
22 24 0
22 45 0
23 19 0
23 24 0
23 46 0
24 22 0
24 23 0
24 47 0
25 2 0
25 27 0
25 28 0
26 1 0
26 48 0
26 49 0
26 50 0
27 25 0
27 29 0
27 51 0
28 25 0
28 30 0
28 52 0
29 27 0
29 31 0
29 53 0
30 28 0
30 31 0
30 54 0
31 29 0
31 30 0
31 55 0
32 6 0
33 6 0
34 10 0
35 5 0
36 13 0
37 14 0
38 17 0
39 19 0
40 20 0
41 20 0
42 21 0
43 21 0
44 21 0
45 22 0
46 23 0
47 24 0
48 26 0
49 26 0
50 26 0
51 27 0
52 28 0
53 29 0
54 30 0
55 31 0
GraphDataEnd
GraphEnd
NodeEnd
NodeStart
EPTNodeID: 2
AnchorID: 10594
TreeNodeGraphID: 4
Level: 4
SimplifiedLevel: 0
EditOperation: 5 16 36 0 0
AccumulatedOpsCount: 3
AccumulatedOp: 5 13 21 0 0
AccumulatedOp: 4 13 36 0 0
AccumulatedOp: 5 16 36 0 0
ChildrenCount: 0
ChildIndices:
CompletedDBGraphIDsCount: 1
CompletedDBGraphID: 1635
GraphStart
GraphDataStart
ID: 4
NumNodes: 56
NumEdges: 118
NodeLabels
2 2 2 2 3 3 4 4 4 4 4 4 4 4 4 4 4 4 4 4 4 4 4 4 4 4 4 4 4 4 4 4 5 5 5 5 5 5 5 5 5 5 5 5 5 5 5 5 5 5 5 5 5 5 5 5 
Edges
0 11 0
1 18 0
1 26 0
2 20 0
2 25 0
3 15 0
4 6 0
4 12 0
4 15 0
5 9 0
5 11 0
5 35 0
6 4 0
6 7 0
6 32 0
6 33 0
7 6 0
7 10 0
7 11 0
8 9 0
8 10 0
8 14 0
9 5 0
9 8 0
9 13 0
10 7 0
10 8 0
10 34 0
11 0 0
11 5 0
11 7 0
12 4 0
12 18 0
12 19 0
13 9 0
13 16 0
13 21 0
14 8 0
14 17 0
14 37 0
15 3 0
15 4 0
15 20 0
16 13 0
16 17 0
16 36 0
17 14 0
17 16 0
17 38 0
18 1 0
18 12 0
18 22 0
19 12 0
19 23 0
19 39 0
20 2 0
20 15 0
20 40 0
20 41 0
21 42 0
21 43 0
21 44 0
21 13 0
22 18 0
22 24 0
22 45 0
23 19 0
23 24 0
23 46 0
24 22 0
24 23 0
24 47 0
25 2 0
25 27 0
25 28 0
26 1 0
26 48 0
26 49 0
26 50 0
27 25 0
27 29 0
27 51 0
28 25 0
28 30 0
28 52 0
29 27 0
29 31 0
29 53 0
30 28 0
30 31 0
30 54 0
31 29 0
31 30 0
31 55 0
32 6 0
33 6 0
34 10 0
35 5 0
36 16 0
37 14 0
38 17 0
39 19 0
40 20 0
41 20 0
42 21 0
43 21 0
44 21 0
45 22 0
46 23 0
47 24 0
48 26 0
49 26 0
50 26 0
51 27 0
52 28 0
53 29 0
54 30 0
55 31 0
GraphDataEnd
GraphEnd
NodeEnd
NodeStart
EPTNodeID: 3
AnchorID: 10594
TreeNodeGraphID: 8
Level: 5
SimplifiedLevel: 0
EditOperation: 5 16 56 0 0
AccumulatedOpsCount: 4
AccumulatedOp: 0 38 0 5 2
AccumulatedOp: 2 56 0 0 5
AccumulatedOp: 5 21 38 0 0
AccumulatedOp: 5 16 56 0 0
ChildrenCount: 0
ChildIndices:
CompletedDBGraphIDsCount: 1
CompletedDBGraphID: 2774
GraphStart
GraphDataStart
ID: 8
NumNodes: 57
NumEdges: 120
NodeLabels
2 2 2 2 3 3 4 4 4 4 4 4 4 4 4 4 4 4 4 4 4 4 4 4 4 4 4 4 4 4 4 4 5 5 5 5 5 5 2 5 5 5 5 5 5 5 5 5 5 5 5 5 5 5 5 5 5 
Edges
0 11 0
1 18 0
1 26 0
2 20 0
2 25 0
3 15 0
4 6 0
4 12 0
4 15 0
5 9 0
5 11 0
5 35 0
6 4 0
6 7 0
6 32 0
6 33 0
7 6 0
7 10 0
7 11 0
8 9 0
8 10 0
8 14 0
9 5 0
9 8 0
9 13 0
10 7 0
10 8 0
10 34 0
11 0 0
11 5 0
11 7 0
12 4 0
12 18 0
12 19 0
13 9 0
13 16 0
13 36 0
14 8 0
14 17 0
14 37 0
15 3 0
15 4 0
15 20 0
16 13 0
16 17 0
16 56 0
17 14 0
17 16 0
17 38 0
18 1 0
18 12 0
18 22 0
19 12 0
19 23 0
19 39 0
20 2 0
20 15 0
20 40 0
20 41 0
21 42 0
21 43 0
21 44 0
21 38 0
22 18 0
22 24 0
22 45 0
23 19 0
23 24 0
23 46 0
24 22 0
24 23 0
24 47 0
25 2 0
25 27 0
25 28 0
26 1 0
26 48 0
26 49 0
26 50 0
27 25 0
27 29 0
27 51 0
28 25 0
28 30 0
28 52 0
29 27 0
29 31 0
29 53 0
30 28 0
30 31 0
30 54 0
31 29 0
31 30 0
31 55 0
32 6 0
33 6 0
34 10 0
35 5 0
36 13 0
37 14 0
38 17 0
38 21 0
39 19 0
40 20 0
41 20 0
42 21 0
43 21 0
44 21 0
45 22 0
46 23 0
47 24 0
48 26 0
49 26 0
50 26 0
51 27 0
52 28 0
53 29 0
54 30 0
55 31 0
56 16 0
GraphDataEnd
GraphEnd
NodeEnd
END_EPT
