BEGIN_EPT
AnchorID: 7604  # ID of the anchor node
RootIndex: 0  # Index of the root node in tree_nodes
NodeCount: 66  # Total number of nodes in the EPT
NodeStart
EPTNodeID: 0
AnchorID: 7604
TreeNodeGraphID: 0
Level: 0
SimplifiedLevel: 0
EditOperation: -1 0 -1 0 0
AccumulatedOpsCount: 0
ChildrenCount: 5
ChildIndices: 1 40 51 60 65
CompletedDBGraphIDsCount: 0
GraphStart
GraphDataStart
ID: 0
NumNodes: 55
NumEdges: 114
NodeLabels
6 1 2 2 2 2 2 3 3 4 4 4 4 4 4 4 4 4 4 4 4 4 4 4 4 4 4 4 4 4 4 4 5 5 5 5 5 5 5 5 5 5 5 5 5 5 5 5 5 5 5 5 5 5 5 
Edges
0 2 0
0 3 0
0 7 0
0 11 0
1 24 0
2 0 0
3 0 0
4 13 0
5 25 0
5 30 0
6 29 0
6 31 0
7 0 0
7 9 0
7 10 0
8 13 0
8 18 0
8 40 0
9 7 0
9 12 0
9 32 0
9 33 0
10 7 0
10 13 0
10 34 0
10 35 0
11 0 0
11 14 0
11 15 0
12 9 0
12 16 0
12 17 0
13 4 0
13 8 0
13 10 0
14 11 0
14 19 0
14 36 0
15 11 0
15 20 0
15 37 0
16 12 0
16 21 0
16 38 0
17 12 0
17 22 0
17 39 0
18 8 0
18 25 0
18 26 0
19 14 0
19 23 0
19 41 0
20 15 0
20 23 0
20 42 0
21 16 0
21 24 0
21 43 0
22 17 0
22 24 0
22 44 0
23 19 0
23 20 0
23 45 0
24 1 0
24 21 0
24 22 0
25 5 0
25 18 0
25 27 0
26 18 0
26 28 0
26 46 0
27 25 0
27 29 0
27 47 0
28 26 0
28 29 0
28 48 0
29 6 0
29 27 0
29 28 0
30 5 0
30 49 0
30 50 0
30 51 0
31 6 0
31 52 0
31 53 0
31 54 0
32 9 0
33 9 0
34 10 0
35 10 0
36 14 0
37 15 0
38 16 0
39 17 0
40 8 0
41 19 0
42 20 0
43 21 0
44 22 0
45 23 0
46 26 0
47 27 0
48 28 0
49 30 0
50 30 0
51 30 0
52 31 0
53 31 0
54 31 0
GraphDataEnd
GraphEnd
NodeEnd
NodeStart
EPTNodeID: 1
AnchorID: 7604
TreeNodeGraphID: 1
Level: 1
SimplifiedLevel: 0
EditOperation: 4 7 9 0 0
AccumulatedOpsCount: 1
AccumulatedOp: 4 7 9 0 0
ChildrenCount: 5
ChildIndices: 2 28 33 38 39
CompletedDBGraphIDsCount: 0
GraphStart
GraphDataStart
ID: 1
NumNodes: 55
NumEdges: 112
NodeLabels
6 1 2 2 2 2 2 3 3 4 4 4 4 4 4 4 4 4 4 4 4 4 4 4 4 4 4 4 4 4 4 4 5 5 5 5 5 5 5 5 5 5 5 5 5 5 5 5 5 5 5 5 5 5 5 
Edges
0 2 0
0 3 0
0 7 0
0 11 0
1 24 0
2 0 0
3 0 0
4 13 0
5 25 0
5 30 0
6 29 0
6 31 0
7 0 0
7 10 0
8 13 0
8 18 0
8 40 0
9 12 0
9 32 0
9 33 0
10 7 0
10 13 0
10 34 0
10 35 0
11 0 0
11 14 0
11 15 0
12 9 0
12 16 0
12 17 0
13 4 0
13 8 0
13 10 0
14 11 0
14 19 0
14 36 0
15 11 0
15 20 0
15 37 0
16 12 0
16 21 0
16 38 0
17 12 0
17 22 0
17 39 0
18 8 0
18 25 0
18 26 0
19 14 0
19 23 0
19 41 0
20 15 0
20 23 0
20 42 0
21 16 0
21 24 0
21 43 0
22 17 0
22 24 0
22 44 0
23 19 0
23 20 0
23 45 0
24 1 0
24 21 0
24 22 0
25 5 0
25 18 0
25 27 0
26 18 0
26 28 0
26 46 0
27 25 0
27 29 0
27 47 0
28 26 0
28 29 0
28 48 0
29 6 0
29 27 0
29 28 0
30 5 0
30 49 0
30 50 0
30 51 0
31 6 0
31 52 0
31 53 0
31 54 0
32 9 0
33 9 0
34 10 0
35 10 0
36 14 0
37 15 0
38 16 0
39 17 0
40 8 0
41 19 0
42 20 0
43 21 0
44 22 0
45 23 0
46 26 0
47 27 0
48 28 0
49 30 0
50 30 0
51 30 0
52 31 0
53 31 0
54 31 0
GraphDataEnd
GraphEnd
NodeEnd
NodeStart
EPTNodeID: 2
AnchorID: 7604
TreeNodeGraphID: 2
Level: 2
SimplifiedLevel: 0
EditOperation: 0 1 0 1 5
AccumulatedOpsCount: 1
AccumulatedOp: 0 1 0 1 5
ChildrenCount: 2
ChildIndices: 3 18
CompletedDBGraphIDsCount: 0
GraphStart
GraphDataStart
ID: 2
NumNodes: 55
NumEdges: 112
NodeLabels
6 5 2 2 2 2 2 3 3 4 4 4 4 4 4 4 4 4 4 4 4 4 4 4 4 4 4 4 4 4 4 4 5 5 5 5 5 5 5 5 5 5 5 5 5 5 5 5 5 5 5 5 5 5 5 
Edges
0 2 0
0 3 0
0 7 0
0 11 0
1 24 0
2 0 0
3 0 0
4 13 0
5 25 0
5 30 0
6 29 0
6 31 0
7 0 0
7 10 0
8 13 0
8 18 0
8 40 0
9 12 0
9 32 0
9 33 0
10 7 0
10 13 0
10 34 0
10 35 0
11 0 0
11 14 0
11 15 0
12 9 0
12 16 0
12 17 0
13 4 0
13 8 0
13 10 0
14 11 0
14 19 0
14 36 0
15 11 0
15 20 0
15 37 0
16 12 0
16 21 0
16 38 0
17 12 0
17 22 0
17 39 0
18 8 0
18 25 0
18 26 0
19 14 0
19 23 0
19 41 0
20 15 0
20 23 0
20 42 0
21 16 0
21 24 0
21 43 0
22 17 0
22 24 0
22 44 0
23 19 0
23 20 0
23 45 0
24 1 0
24 21 0
24 22 0
25 5 0
25 18 0
25 27 0
26 18 0
26 28 0
26 46 0
27 25 0
27 29 0
27 47 0
28 26 0
28 29 0
28 48 0
29 6 0
29 27 0
29 28 0
30 5 0
30 49 0
30 50 0
30 51 0
31 6 0
31 52 0
31 53 0
31 54 0
32 9 0
33 9 0
34 10 0
35 10 0
36 14 0
37 15 0
38 16 0
39 17 0
40 8 0
41 19 0
42 20 0
43 21 0
44 22 0
45 23 0
46 26 0
47 27 0
48 28 0
49 30 0
50 30 0
51 30 0
52 31 0
53 31 0
54 31 0
GraphDataEnd
GraphEnd
NodeEnd
NodeStart
EPTNodeID: 3
AnchorID: 7604
TreeNodeGraphID: 3
Level: 3
SimplifiedLevel: 0
EditOperation: 4 9 12 0 0
AccumulatedOpsCount: 1
AccumulatedOp: 4 9 12 0 0
ChildrenCount: 3
ChildIndices: 4 14 17
CompletedDBGraphIDsCount: 0
GraphStart
GraphDataStart
ID: 3
NumNodes: 55
NumEdges: 110
NodeLabels
6 5 2 2 2 2 2 3 3 4 4 4 4 4 4 4 4 4 4 4 4 4 4 4 4 4 4 4 4 4 4 4 5 5 5 5 5 5 5 5 5 5 5 5 5 5 5 5 5 5 5 5 5 5 5 
Edges
0 2 0
0 3 0
0 7 0
0 11 0
1 24 0
2 0 0
3 0 0
4 13 0
5 25 0
5 30 0
6 29 0
6 31 0
7 0 0
7 10 0
8 13 0
8 18 0
8 40 0
9 32 0
9 33 0
10 7 0
10 13 0
10 34 0
10 35 0
11 0 0
11 14 0
11 15 0
12 16 0
12 17 0
13 4 0
13 8 0
13 10 0
14 11 0
14 19 0
14 36 0
15 11 0
15 20 0
15 37 0
16 12 0
16 21 0
16 38 0
17 12 0
17 22 0
17 39 0
18 8 0
18 25 0
18 26 0
19 14 0
19 23 0
19 41 0
20 15 0
20 23 0
20 42 0
21 16 0
21 24 0
21 43 0
22 17 0
22 24 0
22 44 0
23 19 0
23 20 0
23 45 0
24 1 0
24 21 0
24 22 0
25 5 0
25 18 0
25 27 0
26 18 0
26 28 0
26 46 0
27 25 0
27 29 0
27 47 0
28 26 0
28 29 0
28 48 0
29 6 0
29 27 0
29 28 0
30 5 0
30 49 0
30 50 0
30 51 0
31 6 0
31 52 0
31 53 0
31 54 0
32 9 0
33 9 0
34 10 0
35 10 0
36 14 0
37 15 0
38 16 0
39 17 0
40 8 0
41 19 0
42 20 0
43 21 0
44 22 0
45 23 0
46 26 0
47 27 0
48 28 0
49 30 0
50 30 0
51 30 0
52 31 0
53 31 0
54 31 0
GraphDataEnd
GraphEnd
NodeEnd
NodeStart
EPTNodeID: 4
AnchorID: 7604
TreeNodeGraphID: 4
Level: 4
SimplifiedLevel: 0
EditOperation: 5 7 12 0 0
AccumulatedOpsCount: 1
AccumulatedOp: 5 7 12 0 0
ChildrenCount: 2
ChildIndices: 5 13
CompletedDBGraphIDsCount: 0
GraphStart
GraphDataStart
ID: 4
NumNodes: 55
NumEdges: 112
NodeLabels
6 5 2 2 2 2 2 3 3 4 4 4 4 4 4 4 4 4 4 4 4 4 4 4 4 4 4 4 4 4 4 4 5 5 5 5 5 5 5 5 5 5 5 5 5 5 5 5 5 5 5 5 5 5 5 
Edges
0 2 0
0 3 0
0 7 0
0 11 0
1 24 0
2 0 0
3 0 0
4 13 0
5 25 0
5 30 0
6 29 0
6 31 0
7 0 0
7 10 0
7 12 0
8 13 0
8 18 0
8 40 0
9 32 0
9 33 0
10 7 0
10 13 0
10 34 0
10 35 0
11 0 0
11 14 0
11 15 0
12 16 0
12 17 0
12 7 0
13 4 0
13 8 0
13 10 0
14 11 0
14 19 0
14 36 0
15 11 0
15 20 0
15 37 0
16 12 0
16 21 0
16 38 0
17 12 0
17 22 0
17 39 0
18 8 0
18 25 0
18 26 0
19 14 0
19 23 0
19 41 0
20 15 0
20 23 0
20 42 0
21 16 0
21 24 0
21 43 0
22 17 0
22 24 0
22 44 0
23 19 0
23 20 0
23 45 0
24 1 0
24 21 0
24 22 0
25 5 0
25 18 0
25 27 0
26 18 0
26 28 0
26 46 0
27 25 0
27 29 0
27 47 0
28 26 0
28 29 0
28 48 0
29 6 0
29 27 0
29 28 0
30 5 0
30 49 0
30 50 0
30 51 0
31 6 0
31 52 0
31 53 0
31 54 0
32 9 0
33 9 0
34 10 0
35 10 0
36 14 0
37 15 0
38 16 0
39 17 0
40 8 0
41 19 0
42 20 0
43 21 0
44 22 0
45 23 0
46 26 0
47 27 0
48 28 0
49 30 0
50 30 0
51 30 0
52 31 0
53 31 0
54 31 0
GraphDataEnd
GraphEnd
NodeEnd
NodeStart
EPTNodeID: 5
AnchorID: 7604
TreeNodeGraphID: 5
Level: 5
SimplifiedLevel: 0
EditOperation: 2 55 0 0 5
AccumulatedOpsCount: 1
AccumulatedOp: 2 55 0 0 5
ChildrenCount: 2
ChildIndices: 6 12
CompletedDBGraphIDsCount: 0
GraphStart
GraphDataStart
ID: 5
NumNodes: 56
NumEdges: 112
NodeLabels
6 5 2 2 2 2 2 3 3 4 4 4 4 4 4 4 4 4 4 4 4 4 4 4 4 4 4 4 4 4 4 4 5 5 5 5 5 5 5 5 5 5 5 5 5 5 5 5 5 5 5 5 5 5 5 5 
Edges
0 2 0
0 3 0
0 7 0
0 11 0
1 24 0
2 0 0
3 0 0
4 13 0
5 25 0
5 30 0
6 29 0
6 31 0
7 0 0
7 10 0
7 12 0
8 13 0
8 18 0
8 40 0
9 32 0
9 33 0
10 7 0
10 13 0
10 34 0
10 35 0
11 0 0
11 14 0
11 15 0
12 16 0
12 17 0
12 7 0
13 4 0
13 8 0
13 10 0
14 11 0
14 19 0
14 36 0
15 11 0
15 20 0
15 37 0
16 12 0
16 21 0
16 38 0
17 12 0
17 22 0
17 39 0
18 8 0
18 25 0
18 26 0
19 14 0
19 23 0
19 41 0
20 15 0
20 23 0
20 42 0
21 16 0
21 24 0
21 43 0
22 17 0
22 24 0
22 44 0
23 19 0
23 20 0
23 45 0
24 1 0
24 21 0
24 22 0
25 5 0
25 18 0
25 27 0
26 18 0
26 28 0
26 46 0
27 25 0
27 29 0
27 47 0
28 26 0
28 29 0
28 48 0
29 6 0
29 27 0
29 28 0
30 5 0
30 49 0
30 50 0
30 51 0
31 6 0
31 52 0
31 53 0
31 54 0
32 9 0
33 9 0
34 10 0
35 10 0
36 14 0
37 15 0
38 16 0
39 17 0
40 8 0
41 19 0
42 20 0
43 21 0
44 22 0
45 23 0
46 26 0
47 27 0
48 28 0
49 30 0
50 30 0
51 30 0
52 31 0
53 31 0
54 31 0
GraphDataEnd
GraphEnd
NodeEnd
NodeStart
EPTNodeID: 6
AnchorID: 7604
TreeNodeGraphID: 6
Level: 6
SimplifiedLevel: 0
EditOperation: 5 9 55 0 0
AccumulatedOpsCount: 1
AccumulatedOp: 5 9 55 0 0
ChildrenCount: 3
ChildIndices: 7 10 11
CompletedDBGraphIDsCount: 0
GraphStart
GraphDataStart
ID: 6
NumNodes: 56
NumEdges: 114
NodeLabels
6 5 2 2 2 2 2 3 3 4 4 4 4 4 4 4 4 4 4 4 4 4 4 4 4 4 4 4 4 4 4 4 5 5 5 5 5 5 5 5 5 5 5 5 5 5 5 5 5 5 5 5 5 5 5 5 
Edges
0 2 0
0 3 0
0 7 0
0 11 0
1 24 0
2 0 0
3 0 0
4 13 0
5 25 0
5 30 0
6 29 0
6 31 0
7 0 0
7 10 0
7 12 0
8 13 0
8 18 0
8 40 0
9 32 0
9 33 0
9 55 0
10 7 0
10 13 0
10 34 0
10 35 0
11 0 0
11 14 0
11 15 0
12 16 0
12 17 0
12 7 0
13 4 0
13 8 0
13 10 0
14 11 0
14 19 0
14 36 0
15 11 0
15 20 0
15 37 0
16 12 0
16 21 0
16 38 0
17 12 0
17 22 0
17 39 0
18 8 0
18 25 0
18 26 0
19 14 0
19 23 0
19 41 0
20 15 0
20 23 0
20 42 0
21 16 0
21 24 0
21 43 0
22 17 0
22 24 0
22 44 0
23 19 0
23 20 0
23 45 0
24 1 0
24 21 0
24 22 0
25 5 0
25 18 0
25 27 0
26 18 0
26 28 0
26 46 0
27 25 0
27 29 0
27 47 0
28 26 0
28 29 0
28 48 0
29 6 0
29 27 0
29 28 0
30 5 0
30 49 0
30 50 0
30 51 0
31 6 0
31 52 0
31 53 0
31 54 0
32 9 0
33 9 0
34 10 0
35 10 0
36 14 0
37 15 0
38 16 0
39 17 0
40 8 0
41 19 0
42 20 0
43 21 0
44 22 0
45 23 0
46 26 0
47 27 0
48 28 0
49 30 0
50 30 0
51 30 0
52 31 0
53 31 0
54 31 0
55 9 0
GraphDataEnd
GraphEnd
NodeEnd
NodeStart
EPTNodeID: 7
AnchorID: 7604
TreeNodeGraphID: 8
Level: 8
SimplifiedLevel: 0
EditOperation: 4 5 30 0 0
AccumulatedOpsCount: 2
AccumulatedOp: 0 5 0 2 5
AccumulatedOp: 4 5 30 0 0
ChildrenCount: 2
ChildIndices: 8 9
CompletedDBGraphIDsCount: 0
GraphStart
GraphDataStart
ID: 8
NumNodes: 56
NumEdges: 112
NodeLabels
6 5 2 2 2 5 2 3 3 4 4 4 4 4 4 4 4 4 4 4 4 4 4 4 4 4 4 4 4 4 4 4 5 5 5 5 5 5 5 5 5 5 5 5 5 5 5 5 5 5 5 5 5 5 5 5 
Edges
0 2 0
0 3 0
0 7 0
0 11 0
1 24 0
2 0 0
3 0 0
4 13 0
5 25 0
6 29 0
6 31 0
7 0 0
7 10 0
7 12 0
8 13 0
8 18 0
8 40 0
9 32 0
9 33 0
9 55 0
10 7 0
10 13 0
10 34 0
10 35 0
11 0 0
11 14 0
11 15 0
12 16 0
12 17 0
12 7 0
13 4 0
13 8 0
13 10 0
14 11 0
14 19 0
14 36 0
15 11 0
15 20 0
15 37 0
16 12 0
16 21 0
16 38 0
17 12 0
17 22 0
17 39 0
18 8 0
18 25 0
18 26 0
19 14 0
19 23 0
19 41 0
20 15 0
20 23 0
20 42 0
21 16 0
21 24 0
21 43 0
22 17 0
22 24 0
22 44 0
23 19 0
23 20 0
23 45 0
24 1 0
24 21 0
24 22 0
25 5 0
25 18 0
25 27 0
26 18 0
26 28 0
26 46 0
27 25 0
27 29 0
27 47 0
28 26 0
28 29 0
28 48 0
29 6 0
29 27 0
29 28 0
30 49 0
30 50 0
30 51 0
31 6 0
31 52 0
31 53 0
31 54 0
32 9 0
33 9 0
34 10 0
35 10 0
36 14 0
37 15 0
38 16 0
39 17 0
40 8 0
41 19 0
42 20 0
43 21 0
44 22 0
45 23 0
46 26 0
47 27 0
48 28 0
49 30 0
50 30 0
51 30 0
52 31 0
53 31 0
54 31 0
55 9 0
GraphDataEnd
GraphEnd
NodeEnd
NodeStart
EPTNodeID: 8
AnchorID: 7604
TreeNodeGraphID: 12
Level: 12
SimplifiedLevel: 0
EditOperation: 5 30 38 0 0
AccumulatedOpsCount: 4
AccumulatedOp: 5 9 48 0 0
AccumulatedOp: 0 38 0 5 2
AccumulatedOp: 0 48 0 5 2
AccumulatedOp: 5 30 38 0 0
ChildrenCount: 0
ChildIndices:
CompletedDBGraphIDsCount: 1
CompletedDBGraphID: 17403
GraphStart
GraphDataStart
ID: 12
NumNodes: 56
NumEdges: 116
NodeLabels
6 5 2 2 2 5 2 3 3 4 4 4 4 4 4 4 4 4 4 4 4 4 4 4 4 4 4 4 4 4 4 4 5 5 5 5 5 5 2 5 5 5 5 5 5 5 5 5 2 5 5 5 5 5 5 5 
Edges
0 2 0
0 3 0
0 7 0
0 11 0
1 24 0
2 0 0
3 0 0
4 13 0
5 25 0
6 29 0
6 31 0
7 0 0
7 10 0
7 12 0
8 13 0
8 18 0
8 40 0
9 32 0
9 33 0
9 55 0
9 48 0
10 7 0
10 13 0
10 34 0
10 35 0
11 0 0
11 14 0
11 15 0
12 16 0
12 17 0
12 7 0
13 4 0
13 8 0
13 10 0
14 11 0
14 19 0
14 36 0
15 11 0
15 20 0
15 37 0
16 12 0
16 21 0
16 38 0
17 12 0
17 22 0
17 39 0
18 8 0
18 25 0
18 26 0
19 14 0
19 23 0
19 41 0
20 15 0
20 23 0
20 42 0
21 16 0
21 24 0
21 43 0
22 17 0
22 24 0
22 44 0
23 19 0
23 20 0
23 45 0
24 1 0
24 21 0
24 22 0
25 5 0
25 18 0
25 27 0
26 18 0
26 28 0
26 46 0
27 25 0
27 29 0
27 47 0
28 26 0
28 29 0
28 48 0
29 6 0
29 27 0
29 28 0
30 49 0
30 50 0
30 51 0
30 38 0
31 6 0
31 52 0
31 53 0
31 54 0
32 9 0
33 9 0
34 10 0
35 10 0
36 14 0
37 15 0
38 16 0
38 30 0
39 17 0
40 8 0
41 19 0
42 20 0
43 21 0
44 22 0
45 23 0
46 26 0
47 27 0
48 28 0
48 9 0
49 30 0
50 30 0
51 30 0
52 31 0
53 31 0
54 31 0
55 9 0
GraphDataEnd
GraphEnd
NodeEnd
NodeStart
EPTNodeID: 9
AnchorID: 7604
TreeNodeGraphID: 16
Level: 12
SimplifiedLevel: 0
EditOperation: 5 9 47 0 0
AccumulatedOpsCount: 4
AccumulatedOp: 0 47 0 5 2
AccumulatedOp: 0 43 0 5 2
AccumulatedOp: 5 30 43 0 0
AccumulatedOp: 5 9 47 0 0
ChildrenCount: 0
ChildIndices:
CompletedDBGraphIDsCount: 1
CompletedDBGraphID: 21815
GraphStart
GraphDataStart
ID: 16
NumNodes: 56
NumEdges: 116
NodeLabels
6 5 2 2 2 5 2 3 3 4 4 4 4 4 4 4 4 4 4 4 4 4 4 4 4 4 4 4 4 4 4 4 5 5 5 5 5 5 5 5 5 5 5 2 5 5 5 2 5 5 5 5 5 5 5 5 
Edges
0 2 0
0 3 0
0 7 0
0 11 0
1 24 0
2 0 0
3 0 0
4 13 0
5 25 0
6 29 0
6 31 0
7 0 0
7 10 0
7 12 0
8 13 0
8 18 0
8 40 0
9 32 0
9 33 0
9 55 0
9 47 0
10 7 0
10 13 0
10 34 0
10 35 0
11 0 0
11 14 0
11 15 0
12 16 0
12 17 0
12 7 0
13 4 0
13 8 0
13 10 0
14 11 0
14 19 0
14 36 0
15 11 0
15 20 0
15 37 0
16 12 0
16 21 0
16 38 0
17 12 0
17 22 0
17 39 0
18 8 0
18 25 0
18 26 0
19 14 0
19 23 0
19 41 0
20 15 0
20 23 0
20 42 0
21 16 0
21 24 0
21 43 0
22 17 0
22 24 0
22 44 0
23 19 0
23 20 0
23 45 0
24 1 0
24 21 0
24 22 0
25 5 0
25 18 0
25 27 0
26 18 0
26 28 0
26 46 0
27 25 0
27 29 0
27 47 0
28 26 0
28 29 0
28 48 0
29 6 0
29 27 0
29 28 0
30 49 0
30 50 0
30 51 0
30 43 0
31 6 0
31 52 0
31 53 0
31 54 0
32 9 0
33 9 0
34 10 0
35 10 0
36 14 0
37 15 0
38 16 0
39 17 0
40 8 0
41 19 0
42 20 0
43 21 0
43 30 0
44 22 0
45 23 0
46 26 0
47 27 0
47 9 0
48 28 0
49 30 0
50 30 0
51 30 0
52 31 0
53 31 0
54 31 0
55 9 0
GraphDataEnd
GraphEnd
NodeEnd
NodeStart
EPTNodeID: 10
AnchorID: 7604
TreeNodeGraphID: 22
Level: 12
SimplifiedLevel: 0
EditOperation: 5 9 45 0 0
AccumulatedOpsCount: 6
AccumulatedOp: 0 6 0 2 5
AccumulatedOp: 5 31 41 0 0
AccumulatedOp: 0 41 0 5 2
AccumulatedOp: 0 45 0 5 2
AccumulatedOp: 4 6 31 0 0
AccumulatedOp: 5 9 45 0 0
ChildrenCount: 0
ChildIndices:
CompletedDBGraphIDsCount: 1
CompletedDBGraphID: 11118
GraphStart
GraphDataStart
ID: 22
NumNodes: 56
NumEdges: 116
NodeLabels
6 5 2 2 2 2 5 3 3 4 4 4 4 4 4 4 4 4 4 4 4 4 4 4 4 4 4 4 4 4 4 4 5 5 5 5 5 5 5 5 5 2 5 5 5 2 5 5 5 5 5 5 5 5 5 5 
Edges
0 2 0
0 3 0
0 7 0
0 11 0
1 24 0
2 0 0
3 0 0
4 13 0
5 25 0
5 30 0
6 29 0
7 0 0
7 10 0
7 12 0
8 13 0
8 18 0
8 40 0
9 32 0
9 33 0
9 55 0
9 45 0
10 7 0
10 13 0
10 34 0
10 35 0
11 0 0
11 14 0
11 15 0
12 16 0
12 17 0
12 7 0
13 4 0
13 8 0
13 10 0
14 11 0
14 19 0
14 36 0
15 11 0
15 20 0
15 37 0
16 12 0
16 21 0
16 38 0
17 12 0
17 22 0
17 39 0
18 8 0
18 25 0
18 26 0
19 14 0
19 23 0
19 41 0
20 15 0
20 23 0
20 42 0
21 16 0
21 24 0
21 43 0
22 17 0
22 24 0
22 44 0
23 19 0
23 20 0
23 45 0
24 1 0
24 21 0
24 22 0
25 5 0
25 18 0
25 27 0
26 18 0
26 28 0
26 46 0
27 25 0
27 29 0
27 47 0
28 26 0
28 29 0
28 48 0
29 6 0
29 27 0
29 28 0
30 5 0
30 49 0
30 50 0
30 51 0
31 52 0
31 53 0
31 54 0
31 41 0
32 9 0
33 9 0
34 10 0
35 10 0
36 14 0
37 15 0
38 16 0
39 17 0
40 8 0
41 19 0
41 31 0
42 20 0
43 21 0
44 22 0
45 23 0
45 9 0
46 26 0
47 27 0
48 28 0
49 30 0
50 30 0
51 30 0
52 31 0
53 31 0
54 31 0
55 9 0
GraphDataEnd
GraphEnd
NodeEnd
NodeStart
EPTNodeID: 11
AnchorID: 7604
TreeNodeGraphID: 28
Level: 12
SimplifiedLevel: 0
EditOperation: 5 25 45 0 0
AccumulatedOpsCount: 6
AccumulatedOp: 4 5 25 0 0
AccumulatedOp: 0 42 0 5 2
AccumulatedOp: 4 23 45 0 0
AccumulatedOp: 5 9 42 0 0
AccumulatedOp: 5 5 23 0 0
AccumulatedOp: 5 25 45 0 0
ChildrenCount: 0
ChildIndices:
CompletedDBGraphIDsCount: 1
CompletedDBGraphID: 13073
GraphStart
GraphDataStart
ID: 28
NumNodes: 56
NumEdges: 116
NodeLabels
6 5 2 2 2 2 2 3 3 4 4 4 4 4 4 4 4 4 4 4 4 4 4 4 4 4 4 4 4 4 4 4 5 5 5 5 5 5 5 5 5 5 2 5 5 5 5 5 5 5 5 5 5 5 5 5 
Edges
0 2 0
0 3 0
0 7 0
0 11 0
1 24 0
2 0 0
3 0 0
4 13 0
5 30 0
5 23 0
6 29 0
6 31 0
7 0 0
7 10 0
7 12 0
8 13 0
8 18 0
8 40 0
9 32 0
9 33 0
9 55 0
9 42 0
10 7 0
10 13 0
10 34 0
10 35 0
11 0 0
11 14 0
11 15 0
12 16 0
12 17 0
12 7 0
13 4 0
13 8 0
13 10 0
14 11 0
14 19 0
14 36 0
15 11 0
15 20 0
15 37 0
16 12 0
16 21 0
16 38 0
17 12 0
17 22 0
17 39 0
18 8 0
18 25 0
18 26 0
19 14 0
19 23 0
19 41 0
20 15 0
20 23 0
20 42 0
21 16 0
21 24 0
21 43 0
22 17 0
22 24 0
22 44 0
23 19 0
23 20 0
23 5 0
24 1 0
24 21 0
24 22 0
25 18 0
25 27 0
25 45 0
26 18 0
26 28 0
26 46 0
27 25 0
27 29 0
27 47 0
28 26 0
28 29 0
28 48 0
29 6 0
29 27 0
29 28 0
30 5 0
30 49 0
30 50 0
30 51 0
31 6 0
31 52 0
31 53 0
31 54 0
32 9 0
33 9 0
34 10 0
35 10 0
36 14 0
37 15 0
38 16 0
39 17 0
40 8 0
41 19 0
42 20 0
42 9 0
43 21 0
44 22 0
45 25 0
46 26 0
47 27 0
48 28 0
49 30 0
50 30 0
51 30 0
52 31 0
53 31 0
54 31 0
55 9 0
GraphDataEnd
GraphEnd
NodeEnd
NodeStart
EPTNodeID: 12
AnchorID: 7604
TreeNodeGraphID: 35
Level: 12
SimplifiedLevel: 0
EditOperation: 5 5 27 0 0
AccumulatedOpsCount: 7
AccumulatedOp: 4 5 25 0 0
AccumulatedOp: 4 27 47 0 0
AccumulatedOp: 0 45 0 5 2
AccumulatedOp: 5 9 45 0 0
AccumulatedOp: 5 9 47 0 0
AccumulatedOp: 5 25 55 0 0
AccumulatedOp: 5 5 27 0 0
ChildrenCount: 0
ChildIndices:
CompletedDBGraphIDsCount: 1
CompletedDBGraphID: 21199
GraphStart
GraphDataStart
ID: 35
NumNodes: 56
NumEdges: 116
NodeLabels
6 5 2 2 2 2 2 3 3 4 4 4 4 4 4 4 4 4 4 4 4 4 4 4 4 4 4 4 4 4 4 4 5 5 5 5 5 5 5 5 5 5 5 5 5 2 5 5 5 5 5 5 5 5 5 5 
Edges
0 2 0
0 3 0
0 7 0
0 11 0
1 24 0
2 0 0
3 0 0
4 13 0
5 30 0
5 27 0
6 29 0
6 31 0
7 0 0
7 10 0
7 12 0
8 13 0
8 18 0
8 40 0
9 32 0
9 33 0
9 45 0
9 47 0
10 7 0
10 13 0
10 34 0
10 35 0
11 0 0
11 14 0
11 15 0
12 16 0
12 17 0
12 7 0
13 4 0
13 8 0
13 10 0
14 11 0
14 19 0
14 36 0
15 11 0
15 20 0
15 37 0
16 12 0
16 21 0
16 38 0
17 12 0
17 22 0
17 39 0
18 8 0
18 25 0
18 26 0
19 14 0
19 23 0
19 41 0
20 15 0
20 23 0
20 42 0
21 16 0
21 24 0
21 43 0
22 17 0
22 24 0
22 44 0
23 19 0
23 20 0
23 45 0
24 1 0
24 21 0
24 22 0
25 18 0
25 27 0
25 55 0
26 18 0
26 28 0
26 46 0
27 25 0
27 29 0
27 5 0
28 26 0
28 29 0
28 48 0
29 6 0
29 27 0
29 28 0
30 5 0
30 49 0
30 50 0
30 51 0
31 6 0
31 52 0
31 53 0
31 54 0
32 9 0
33 9 0
34 10 0
35 10 0
36 14 0
37 15 0
38 16 0
39 17 0
40 8 0
41 19 0
42 20 0
43 21 0
44 22 0
45 23 0
45 9 0
46 26 0
47 9 0
48 28 0
49 30 0
50 30 0
51 30 0
52 31 0
53 31 0
54 31 0
55 25 0
GraphDataEnd
GraphEnd
NodeEnd
NodeStart
EPTNodeID: 13
AnchorID: 7604
TreeNodeGraphID: 42
Level: 11
SimplifiedLevel: 0
EditOperation: 5 9 51 0 0
AccumulatedOpsCount: 7
AccumulatedOp: 0 6 0 2 5
AccumulatedOp: 0 39 0 5 2
AccumulatedOp: 4 6 31 0 0
AccumulatedOp: 5 31 39 0 0
AccumulatedOp: 4 30 51 0 0
AccumulatedOp: 5 9 30 0 0
AccumulatedOp: 5 9 51 0 0
ChildrenCount: 0
ChildIndices:
CompletedDBGraphIDsCount: 1
CompletedDBGraphID: 15807
GraphStart
GraphDataStart
ID: 42
NumNodes: 55
NumEdges: 114
NodeLabels
6 5 2 2 2 2 5 3 3 4 4 4 4 4 4 4 4 4 4 4 4 4 4 4 4 4 4 4 4 4 4 4 5 5 5 5 5 5 5 2 5 5 5 5 5 5 5 5 5 5 5 5 5 5 5 
Edges
0 2 0
0 3 0
0 7 0
0 11 0
1 24 0
2 0 0
3 0 0
4 13 0
5 25 0
5 30 0
6 29 0
7 0 0
7 10 0
7 12 0
8 13 0
8 18 0
8 40 0
9 32 0
9 33 0
9 30 0
9 51 0
10 7 0
10 13 0
10 34 0
10 35 0
11 0 0
11 14 0
11 15 0
12 16 0
12 17 0
12 7 0
13 4 0
13 8 0
13 10 0
14 11 0
14 19 0
14 36 0
15 11 0
15 20 0
15 37 0
16 12 0
16 21 0
16 38 0
17 12 0
17 22 0
17 39 0
18 8 0
18 25 0
18 26 0
19 14 0
19 23 0
19 41 0
20 15 0
20 23 0
20 42 0
21 16 0
21 24 0
21 43 0
22 17 0
22 24 0
22 44 0
23 19 0
23 20 0
23 45 0
24 1 0
24 21 0
24 22 0
25 5 0
25 18 0
25 27 0
26 18 0
26 28 0
26 46 0
27 25 0
27 29 0
27 47 0
28 26 0
28 29 0
28 48 0
29 6 0
29 27 0
29 28 0
30 5 0
30 49 0
30 50 0
30 9 0
31 52 0
31 53 0
31 54 0
31 39 0
32 9 0
33 9 0
34 10 0
35 10 0
36 14 0
37 15 0
38 16 0
39 17 0
39 31 0
40 8 0
41 19 0
42 20 0
43 21 0
44 22 0
45 23 0
46 26 0
47 27 0
48 28 0
49 30 0
50 30 0
51 9 0
52 31 0
53 31 0
54 31 0
GraphDataEnd
GraphEnd
NodeEnd
NodeStart
EPTNodeID: 14
AnchorID: 7604
TreeNodeGraphID: 43
Level: 4
SimplifiedLevel: 0
EditOperation: 4 5 25 0 0
AccumulatedOpsCount: 1
AccumulatedOp: 4 5 25 0 0
ChildrenCount: 2
ChildIndices: 15 16
CompletedDBGraphIDsCount: 0
GraphStart
GraphDataStart
ID: 43
NumNodes: 55
NumEdges: 108
NodeLabels
6 5 2 2 2 2 2 3 3 4 4 4 4 4 4 4 4 4 4 4 4 4 4 4 4 4 4 4 4 4 4 4 5 5 5 5 5 5 5 5 5 5 5 5 5 5 5 5 5 5 5 5 5 5 5 
Edges
0 2 0
0 3 0
0 7 0
0 11 0
1 24 0
2 0 0
3 0 0
4 13 0
5 30 0
6 29 0
6 31 0
7 0 0
7 10 0
8 13 0
8 18 0
8 40 0
9 32 0
9 33 0
10 7 0
10 13 0
10 34 0
10 35 0
11 0 0
11 14 0
11 15 0
12 16 0
12 17 0
13 4 0
13 8 0
13 10 0
14 11 0
14 19 0
14 36 0
15 11 0
15 20 0
15 37 0
16 12 0
16 21 0
16 38 0
17 12 0
17 22 0
17 39 0
18 8 0
18 25 0
18 26 0
19 14 0
19 23 0
19 41 0
20 15 0
20 23 0
20 42 0
21 16 0
21 24 0
21 43 0
22 17 0
22 24 0
22 44 0
23 19 0
23 20 0
23 45 0
24 1 0
24 21 0
24 22 0
25 18 0
25 27 0
26 18 0
26 28 0
26 46 0
27 25 0
27 29 0
27 47 0
28 26 0
28 29 0
28 48 0
29 6 0
29 27 0
29 28 0
30 5 0
30 49 0
30 50 0
30 51 0
31 6 0
31 52 0
31 53 0
31 54 0
32 9 0
33 9 0
34 10 0
35 10 0
36 14 0
37 15 0
38 16 0
39 17 0
40 8 0
41 19 0
42 20 0
43 21 0
44 22 0
45 23 0
46 26 0
47 27 0
48 28 0
49 30 0
50 30 0
51 30 0
52 31 0
53 31 0
54 31 0
GraphDataEnd
GraphEnd
NodeEnd
NodeStart
EPTNodeID: 15
AnchorID: 7604
TreeNodeGraphID: 50
Level: 11
SimplifiedLevel: 0
EditOperation: 5 7 25 0 0
AccumulatedOpsCount: 7
AccumulatedOp: 5 5 18 0 0
AccumulatedOp: 4 8 18 0 0
AccumulatedOp: 4 23 45 0 0
AccumulatedOp: 5 9 45 0 0
AccumulatedOp: 5 8 12 0 0
AccumulatedOp: 5 9 23 0 0
AccumulatedOp: 5 7 25 0 0
ChildrenCount: 0
ChildIndices:
CompletedDBGraphIDsCount: 1
CompletedDBGraphID: 1957
GraphStart
GraphDataStart
ID: 50
NumNodes: 55
NumEdges: 114
NodeLabels
6 5 2 2 2 2 2 3 3 4 4 4 4 4 4 4 4 4 4 4 4 4 4 4 4 4 4 4 4 4 4 4 5 5 5 5 5 5 5 5 5 5 5 5 5 5 5 5 5 5 5 5 5 5 5 
Edges
0 2 0
0 3 0
0 7 0
0 11 0
1 24 0
2 0 0
3 0 0
4 13 0
5 30 0
5 18 0
6 29 0
6 31 0
7 0 0
7 10 0
7 25 0
8 13 0
8 40 0
8 12 0
9 32 0
9 33 0
9 45 0
9 23 0
10 7 0
10 13 0
10 34 0
10 35 0
11 0 0
11 14 0
11 15 0
12 16 0
12 17 0
12 8 0
13 4 0
13 8 0
13 10 0
14 11 0
14 19 0
14 36 0
15 11 0
15 20 0
15 37 0
16 12 0
16 21 0
16 38 0
17 12 0
17 22 0
17 39 0
18 25 0
18 26 0
18 5 0
19 14 0
19 23 0
19 41 0
20 15 0
20 23 0
20 42 0
21 16 0
21 24 0
21 43 0
22 17 0
22 24 0
22 44 0
23 19 0
23 20 0
23 9 0
24 1 0
24 21 0
24 22 0
25 18 0
25 27 0
25 7 0
26 18 0
26 28 0
26 46 0
27 25 0
27 29 0
27 47 0
28 26 0
28 29 0
28 48 0
29 6 0
29 27 0
29 28 0
30 5 0
30 49 0
30 50 0
30 51 0
31 6 0
31 52 0
31 53 0
31 54 0
32 9 0
33 9 0
34 10 0
35 10 0
36 14 0
37 15 0
38 16 0
39 17 0
40 8 0
41 19 0
42 20 0
43 21 0
44 22 0
45 9 0
46 26 0
47 27 0
48 28 0
49 30 0
50 30 0
51 30 0
52 31 0
53 31 0
54 31 0
GraphDataEnd
GraphEnd
NodeEnd
NodeStart
EPTNodeID: 16
AnchorID: 7604
TreeNodeGraphID: 59
Level: 13
SimplifiedLevel: 0
EditOperation: 5 7 21 0 0
AccumulatedOpsCount: 9
AccumulatedOp: 4 9 32 0 0
AccumulatedOp: 4 21 43 0 0
AccumulatedOp: 1 43 0 5 0
AccumulatedOp: 5 25 32 0 0
AccumulatedOp: 5 5 12 0 0
AccumulatedOp: 4 9 33 0 0
AccumulatedOp: 1 33 0 5 0
AccumulatedOp: 1 9 0 4 0
AccumulatedOp: 5 7 21 0 0
ChildrenCount: 0
ChildIndices:
CompletedDBGraphIDsCount: 1
CompletedDBGraphID: 7116
GraphStart
GraphDataStart
ID: 59
NumNodes: 52
NumEdges: 108
NodeLabels
6 5 2 2 2 2 2 3 3 4 4 4 4 4 4 4 4 4 4 4 4 4 4 4 4 4 4 4 4 4 4 5 5 5 5 5 5 5 5 5 5 5 5 5 5 5 5 5 5 5 5 5 
Edges
0 2 0
0 3 0
0 7 0
0 10 0
1 23 0
2 0 0
3 0 0
4 12 0
5 29 0
5 11 0
6 28 0
6 30 0
7 0 0
7 9 0
7 20 0
8 12 0
8 17 0
8 38 0
9 7 0
9 12 0
9 32 0
9 33 0
10 0 0
10 13 0
10 14 0
11 15 0
11 16 0
11 5 0
12 4 0
12 8 0
12 9 0
13 10 0
13 18 0
13 34 0
14 10 0
14 19 0
14 35 0
15 11 0
15 20 0
15 36 0
16 11 0
16 21 0
16 37 0
17 8 0
17 24 0
17 25 0
18 13 0
18 22 0
18 39 0
19 14 0
19 22 0
19 40 0
20 15 0
20 23 0
20 7 0
21 16 0
21 23 0
21 41 0
22 18 0
22 19 0
22 42 0
23 1 0
23 20 0
23 21 0
24 17 0
24 26 0
24 31 0
25 17 0
25 27 0
25 43 0
26 24 0
26 28 0
26 44 0
27 25 0
27 28 0
27 45 0
28 6 0
28 26 0
28 27 0
29 5 0
29 46 0
29 47 0
29 48 0
30 6 0
30 49 0
30 50 0
30 51 0
31 24 0
32 9 0
33 9 0
34 13 0
35 14 0
36 15 0
37 16 0
38 8 0
39 18 0
40 19 0
41 21 0
42 22 0
43 25 0
44 26 0
45 27 0
46 29 0
47 29 0
48 29 0
49 30 0
50 30 0
51 30 0
GraphDataEnd
GraphEnd
NodeEnd
NodeStart
EPTNodeID: 17
AnchorID: 7604
TreeNodeGraphID: 66
Level: 10
SimplifiedLevel: 0
EditOperation: 5 9 23 0 0
AccumulatedOpsCount: 7
AccumulatedOp: 5 9 45 0 0
AccumulatedOp: 5 7 18 0 0
AccumulatedOp: 0 38 0 5 7
AccumulatedOp: 5 8 12 0 0
AccumulatedOp: 4 8 18 0 0
AccumulatedOp: 4 23 45 0 0
AccumulatedOp: 5 9 23 0 0
ChildrenCount: 0
ChildIndices:
CompletedDBGraphIDsCount: 1
CompletedDBGraphID: 2392
GraphStart
GraphDataStart
ID: 66
NumNodes: 55
NumEdges: 114
NodeLabels
6 5 2 2 2 2 2 3 3 4 4 4 4 4 4 4 4 4 4 4 4 4 4 4 4 4 4 4 4 4 4 4 5 5 5 5 5 5 7 5 5 5 5 5 5 5 5 5 5 5 5 5 5 5 5 
Edges
0 2 0
0 3 0
0 7 0
0 11 0
1 24 0
2 0 0
3 0 0
4 13 0
5 25 0
5 30 0
6 29 0
6 31 0
7 0 0
7 10 0
7 18 0
8 13 0
8 40 0
8 12 0
9 32 0
9 33 0
9 45 0
9 23 0
10 7 0
10 13 0
10 34 0
10 35 0
11 0 0
11 14 0
11 15 0
12 16 0
12 17 0
12 8 0
13 4 0
13 8 0
13 10 0
14 11 0
14 19 0
14 36 0
15 11 0
15 20 0
15 37 0
16 12 0
16 21 0
16 38 0
17 12 0
17 22 0
17 39 0
18 25 0
18 26 0
18 7 0
19 14 0
19 23 0
19 41 0
20 15 0
20 23 0
20 42 0
21 16 0
21 24 0
21 43 0
22 17 0
22 24 0
22 44 0
23 19 0
23 20 0
23 9 0
24 1 0
24 21 0
24 22 0
25 5 0
25 18 0
25 27 0
26 18 0
26 28 0
26 46 0
27 25 0
27 29 0
27 47 0
28 26 0
28 29 0
28 48 0
29 6 0
29 27 0
29 28 0
30 5 0
30 49 0
30 50 0
30 51 0
31 6 0
31 52 0
31 53 0
31 54 0
32 9 0
33 9 0
34 10 0
35 10 0
36 14 0
37 15 0
38 16 0
39 17 0
40 8 0
41 19 0
42 20 0
43 21 0
44 22 0
45 9 0
46 26 0
47 27 0
48 28 0
49 30 0
50 30 0
51 30 0
52 31 0
53 31 0
54 31 0
GraphDataEnd
GraphEnd
NodeEnd
NodeStart
EPTNodeID: 18
AnchorID: 7604
TreeNodeGraphID: 67
Level: 3
SimplifiedLevel: 0
EditOperation: 4 8 18 0 0
AccumulatedOpsCount: 1
AccumulatedOp: 4 8 18 0 0
ChildrenCount: 2
ChildIndices: 19 27
CompletedDBGraphIDsCount: 0
GraphStart
GraphDataStart
ID: 67
NumNodes: 55
NumEdges: 110
NodeLabels
6 5 2 2 2 2 2 3 3 4 4 4 4 4 4 4 4 4 4 4 4 4 4 4 4 4 4 4 4 4 4 4 5 5 5 5 5 5 5 5 5 5 5 5 5 5 5 5 5 5 5 5 5 5 5 
Edges
0 2 0
0 3 0
0 7 0
0 11 0
1 24 0
2 0 0
3 0 0
4 13 0
5 25 0
5 30 0
6 29 0
6 31 0
7 0 0
7 10 0
8 13 0
8 40 0
9 12 0
9 32 0
9 33 0
10 7 0
10 13 0
10 34 0
10 35 0
11 0 0
11 14 0
11 15 0
12 9 0
12 16 0
12 17 0
13 4 0
13 8 0
13 10 0
14 11 0
14 19 0
14 36 0
15 11 0
15 20 0
15 37 0
16 12 0
16 21 0
16 38 0
17 12 0
17 22 0
17 39 0
18 25 0
18 26 0
19 14 0
19 23 0
19 41 0
20 15 0
20 23 0
20 42 0
21 16 0
21 24 0
21 43 0
22 17 0
22 24 0
22 44 0
23 19 0
23 20 0
23 45 0
24 1 0
24 21 0
24 22 0
25 5 0
25 18 0
25 27 0
26 18 0
26 28 0
26 46 0
27 25 0
27 29 0
27 47 0
28 26 0
28 29 0
28 48 0
29 6 0
29 27 0
29 28 0
30 5 0
30 49 0
30 50 0
30 51 0
31 6 0
31 52 0
31 53 0
31 54 0
32 9 0
33 9 0
34 10 0
35 10 0
36 14 0
37 15 0
38 16 0
39 17 0
40 8 0
41 19 0
42 20 0
43 21 0
44 22 0
45 23 0
46 26 0
47 27 0
48 28 0
49 30 0
50 30 0
51 30 0
52 31 0
53 31 0
54 31 0
GraphDataEnd
GraphEnd
NodeEnd
NodeStart
EPTNodeID: 19
AnchorID: 7604
TreeNodeGraphID: 68
Level: 4
SimplifiedLevel: 0
EditOperation: 5 8 9 0 0
AccumulatedOpsCount: 1
AccumulatedOp: 5 8 9 0 0
ChildrenCount: 3
ChildIndices: 20 25 26
CompletedDBGraphIDsCount: 0
GraphStart
GraphDataStart
ID: 68
NumNodes: 55
NumEdges: 112
NodeLabels
6 5 2 2 2 2 2 3 3 4 4 4 4 4 4 4 4 4 4 4 4 4 4 4 4 4 4 4 4 4 4 4 5 5 5 5 5 5 5 5 5 5 5 5 5 5 5 5 5 5 5 5 5 5 5 
Edges
0 2 0
0 3 0
0 7 0
0 11 0
1 24 0
2 0 0
3 0 0
4 13 0
5 25 0
5 30 0
6 29 0
6 31 0
7 0 0
7 10 0
8 13 0
8 40 0
8 9 0
9 12 0
9 32 0
9 33 0
9 8 0
10 7 0
10 13 0
10 34 0
10 35 0
11 0 0
11 14 0
11 15 0
12 9 0
12 16 0
12 17 0
13 4 0
13 8 0
13 10 0
14 11 0
14 19 0
14 36 0
15 11 0
15 20 0
15 37 0
16 12 0
16 21 0
16 38 0
17 12 0
17 22 0
17 39 0
18 25 0
18 26 0
19 14 0
19 23 0
19 41 0
20 15 0
20 23 0
20 42 0
21 16 0
21 24 0
21 43 0
22 17 0
22 24 0
22 44 0
23 19 0
23 20 0
23 45 0
24 1 0
24 21 0
24 22 0
25 5 0
25 18 0
25 27 0
26 18 0
26 28 0
26 46 0
27 25 0
27 29 0
27 47 0
28 26 0
28 29 0
28 48 0
29 6 0
29 27 0
29 28 0
30 5 0
30 49 0
30 50 0
30 51 0
31 6 0
31 52 0
31 53 0
31 54 0
32 9 0
33 9 0
34 10 0
35 10 0
36 14 0
37 15 0
38 16 0
39 17 0
40 8 0
41 19 0
42 20 0
43 21 0
44 22 0
45 23 0
46 26 0
47 27 0
48 28 0
49 30 0
50 30 0
51 30 0
52 31 0
53 31 0
54 31 0
GraphDataEnd
GraphEnd
NodeEnd
NodeStart
EPTNodeID: 20
AnchorID: 7604
TreeNodeGraphID: 69
Level: 5
SimplifiedLevel: 0
EditOperation: 5 7 18 0 0
AccumulatedOpsCount: 1
AccumulatedOp: 5 7 18 0 0
ChildrenCount: 2
ChildIndices: 21 24
CompletedDBGraphIDsCount: 0
GraphStart
GraphDataStart
ID: 69
NumNodes: 55
NumEdges: 114
NodeLabels
6 5 2 2 2 2 2 3 3 4 4 4 4 4 4 4 4 4 4 4 4 4 4 4 4 4 4 4 4 4 4 4 5 5 5 5 5 5 5 5 5 5 5 5 5 5 5 5 5 5 5 5 5 5 5 
Edges
0 2 0
0 3 0
0 7 0
0 11 0
1 24 0
2 0 0
3 0 0
4 13 0
5 25 0
5 30 0
6 29 0
6 31 0
7 0 0
7 10 0
7 18 0
8 13 0
8 40 0
8 9 0
9 12 0
9 32 0
9 33 0
9 8 0
10 7 0
10 13 0
10 34 0
10 35 0
11 0 0
11 14 0
11 15 0
12 9 0
12 16 0
12 17 0
13 4 0
13 8 0
13 10 0
14 11 0
14 19 0
14 36 0
15 11 0
15 20 0
15 37 0
16 12 0
16 21 0
16 38 0
17 12 0
17 22 0
17 39 0
18 25 0
18 26 0
18 7 0
19 14 0
19 23 0
19 41 0
20 15 0
20 23 0
20 42 0
21 16 0
21 24 0
21 43 0
22 17 0
22 24 0
22 44 0
23 19 0
23 20 0
23 45 0
24 1 0
24 21 0
24 22 0
25 5 0
25 18 0
25 27 0
26 18 0
26 28 0
26 46 0
27 25 0
27 29 0
27 47 0
28 26 0
28 29 0
28 48 0
29 6 0
29 27 0
29 28 0
30 5 0
30 49 0
30 50 0
30 51 0
31 6 0
31 52 0
31 53 0
31 54 0
32 9 0
33 9 0
34 10 0
35 10 0
36 14 0
37 15 0
38 16 0
39 17 0
40 8 0
41 19 0
42 20 0
43 21 0
44 22 0
45 23 0
46 26 0
47 27 0
48 28 0
49 30 0
50 30 0
51 30 0
52 31 0
53 31 0
54 31 0
GraphDataEnd
GraphEnd
NodeEnd
NodeStart
EPTNodeID: 21
AnchorID: 7604
TreeNodeGraphID: 72
Level: 8
SimplifiedLevel: 0
EditOperation: 5 37 55 0 0
AccumulatedOpsCount: 3
AccumulatedOp: 0 37 0 5 3
AccumulatedOp: 2 55 0 0 2
AccumulatedOp: 5 37 55 0 0
ChildrenCount: 2
ChildIndices: 22 23
CompletedDBGraphIDsCount: 0
GraphStart
GraphDataStart
ID: 72
NumNodes: 56
NumEdges: 116
NodeLabels
6 5 2 2 2 2 2 3 3 4 4 4 4 4 4 4 4 4 4 4 4 4 4 4 4 4 4 4 4 4 4 4 5 5 5 5 5 3 5 5 5 5 5 5 5 5 5 5 5 5 5 5 5 5 5 2 
Edges
0 2 0
0 3 0
0 7 0
0 11 0
1 24 0
2 0 0
3 0 0
4 13 0
5 25 0
5 30 0
6 29 0
6 31 0
7 0 0
7 10 0
7 18 0
8 13 0
8 40 0
8 9 0
9 12 0
9 32 0
9 33 0
9 8 0
10 7 0
10 13 0
10 34 0
10 35 0
11 0 0
11 14 0
11 15 0
12 9 0
12 16 0
12 17 0
13 4 0
13 8 0
13 10 0
14 11 0
14 19 0
14 36 0
15 11 0
15 20 0
15 37 0
16 12 0
16 21 0
16 38 0
17 12 0
17 22 0
17 39 0
18 25 0
18 26 0
18 7 0
19 14 0
19 23 0
19 41 0
20 15 0
20 23 0
20 42 0
21 16 0
21 24 0
21 43 0
22 17 0
22 24 0
22 44 0
23 19 0
23 20 0
23 45 0
24 1 0
24 21 0
24 22 0
25 5 0
25 18 0
25 27 0
26 18 0
26 28 0
26 46 0
27 25 0
27 29 0
27 47 0
28 26 0
28 29 0
28 48 0
29 6 0
29 27 0
29 28 0
30 5 0
30 49 0
30 50 0
30 51 0
31 6 0
31 52 0
31 53 0
31 54 0
32 9 0
33 9 0
34 10 0
35 10 0
36 14 0
37 15 0
37 55 0
38 16 0
39 17 0
40 8 0
41 19 0
42 20 0
43 21 0
44 22 0
45 23 0
46 26 0
47 27 0
48 28 0
49 30 0
50 30 0
51 30 0
52 31 0
53 31 0
54 31 0
55 37 0
GraphDataEnd
GraphEnd
NodeEnd
NodeStart
EPTNodeID: 22
AnchorID: 7604
TreeNodeGraphID: 76
Level: 12
SimplifiedLevel: 0
EditOperation: 5 37 39 0 0
AccumulatedOpsCount: 4
AccumulatedOp: 0 39 0 5 2
AccumulatedOp: 0 17 0 4 3
AccumulatedOp: 4 17 39 0 0
AccumulatedOp: 5 37 39 0 0
ChildrenCount: 0
ChildIndices:
CompletedDBGraphIDsCount: 1
CompletedDBGraphID: 20432
GraphStart
GraphDataStart
ID: 76
NumNodes: 56
NumEdges: 116
NodeLabels
6 5 2 2 2 2 2 3 3 4 4 4 4 4 4 4 4 3 4 4 4 4 4 4 4 4 4 4 4 4 4 4 5 5 5 5 5 3 5 2 5 5 5 5 5 5 5 5 5 5 5 5 5 5 5 2 
Edges
0 2 0
0 3 0
0 7 0
0 11 0
1 24 0
2 0 0
3 0 0
4 13 0
5 25 0
5 30 0
6 29 0
6 31 0
7 0 0
7 10 0
7 18 0
8 13 0
8 40 0
8 9 0
9 12 0
9 32 0
9 33 0
9 8 0
10 7 0
10 13 0
10 34 0
10 35 0
11 0 0
11 14 0
11 15 0
12 9 0
12 16 0
12 17 0
13 4 0
13 8 0
13 10 0
14 11 0
14 19 0
14 36 0
15 11 0
15 20 0
15 37 0
16 12 0
16 21 0
16 38 0
17 12 0
17 22 0
18 25 0
18 26 0
18 7 0
19 14 0
19 23 0
19 41 0
20 15 0
20 23 0
20 42 0
21 16 0
21 24 0
21 43 0
22 17 0
22 24 0
22 44 0
23 19 0
23 20 0
23 45 0
24 1 0
24 21 0
24 22 0
25 5 0
25 18 0
25 27 0
26 18 0
26 28 0
26 46 0
27 25 0
27 29 0
27 47 0
28 26 0
28 29 0
28 48 0
29 6 0
29 27 0
29 28 0
30 5 0
30 49 0
30 50 0
30 51 0
31 6 0
31 52 0
31 53 0
31 54 0
32 9 0
33 9 0
34 10 0
35 10 0
36 14 0
37 15 0
37 55 0
37 39 0
38 16 0
39 37 0
40 8 0
41 19 0
42 20 0
43 21 0
44 22 0
45 23 0
46 26 0
47 27 0
48 28 0
49 30 0
50 30 0
51 30 0
52 31 0
53 31 0
54 31 0
55 37 0
GraphDataEnd
GraphEnd
NodeEnd
NodeStart
EPTNodeID: 23
AnchorID: 7604
TreeNodeGraphID: 78
Level: 10
SimplifiedLevel: 0
EditOperation: 5 37 56 0 0
AccumulatedOpsCount: 2
AccumulatedOp: 2 56 0 0 2
AccumulatedOp: 5 37 56 0 0
ChildrenCount: 0
ChildIndices:
CompletedDBGraphIDsCount: 1
CompletedDBGraphID: 18848
GraphStart
GraphDataStart
ID: 78
NumNodes: 57
NumEdges: 118
NodeLabels
6 5 2 2 2 2 2 3 3 4 4 4 4 4 4 4 4 4 4 4 4 4 4 4 4 4 4 4 4 4 4 4 5 5 5 5 5 3 5 5 5 5 5 5 5 5 5 5 5 5 5 5 5 5 5 2 2 
Edges
0 2 0
0 3 0
0 7 0
0 11 0
1 24 0
2 0 0
3 0 0
4 13 0
5 25 0
5 30 0
6 29 0
6 31 0
7 0 0
7 10 0
7 18 0
8 13 0
8 40 0
8 9 0
9 12 0
9 32 0
9 33 0
9 8 0
10 7 0
10 13 0
10 34 0
10 35 0
11 0 0
11 14 0
11 15 0
12 9 0
12 16 0
12 17 0
13 4 0
13 8 0
13 10 0
14 11 0
14 19 0
14 36 0
15 11 0
15 20 0
15 37 0
16 12 0
16 21 0
16 38 0
17 12 0
17 22 0
17 39 0
18 25 0
18 26 0
18 7 0
19 14 0
19 23 0
19 41 0
20 15 0
20 23 0
20 42 0
21 16 0
21 24 0
21 43 0
22 17 0
22 24 0
22 44 0
23 19 0
23 20 0
23 45 0
24 1 0
24 21 0
24 22 0
25 5 0
25 18 0
25 27 0
26 18 0
26 28 0
26 46 0
27 25 0
27 29 0
27 47 0
28 26 0
28 29 0
28 48 0
29 6 0
29 27 0
29 28 0
30 5 0
30 49 0
30 50 0
30 51 0
31 6 0
31 52 0
31 53 0
31 54 0
32 9 0
33 9 0
34 10 0
35 10 0
36 14 0
37 15 0
37 55 0
37 56 0
38 16 0
39 17 0
40 8 0
41 19 0
42 20 0
43 21 0
44 22 0
45 23 0
46 26 0
47 27 0
48 28 0
49 30 0
50 30 0
51 30 0
52 31 0
53 31 0
54 31 0
55 37 0
56 37 0
GraphDataEnd
GraphEnd
NodeEnd
NodeStart
EPTNodeID: 24
AnchorID: 7604
TreeNodeGraphID: 83
Level: 10
SimplifiedLevel: 0
EditOperation: 5 8 30 0 0
AccumulatedOpsCount: 5
AccumulatedOp: 0 5 0 2 5
AccumulatedOp: 4 5 30 0 0
AccumulatedOp: 4 8 40 0 0
AccumulatedOp: 1 40 0 5 0
AccumulatedOp: 5 8 30 0 0
ChildrenCount: 0
ChildIndices:
CompletedDBGraphIDsCount: 1
CompletedDBGraphID: 9056
GraphStart
GraphDataStart
ID: 83
NumNodes: 54
NumEdges: 112
NodeLabels
6 5 2 2 2 5 2 3 3 4 4 4 4 4 4 4 4 4 4 4 4 4 4 4 4 4 4 4 4 4 4 4 5 5 5 5 5 5 5 5 5 5 5 5 5 5 5 5 5 5 5 5 5 5 
Edges
0 2 0
0 3 0
0 7 0
0 11 0
1 24 0
2 0 0
3 0 0
4 13 0
5 25 0
6 29 0
6 31 0
7 0 0
7 10 0
7 18 0
8 13 0
8 9 0
8 30 0
9 12 0
9 32 0
9 33 0
9 8 0
10 7 0
10 13 0
10 34 0
10 35 0
11 0 0
11 14 0
11 15 0
12 9 0
12 16 0
12 17 0
13 4 0
13 8 0
13 10 0
14 11 0
14 19 0
14 36 0
15 11 0
15 20 0
15 37 0
16 12 0
16 21 0
16 38 0
17 12 0
17 22 0
17 39 0
18 25 0
18 26 0
18 7 0
19 14 0
19 23 0
19 40 0
20 15 0
20 23 0
20 41 0
21 16 0
21 24 0
21 42 0
22 17 0
22 24 0
22 43 0
23 19 0
23 20 0
23 44 0
24 1 0
24 21 0
24 22 0
25 5 0
25 18 0
25 27 0
26 18 0
26 28 0
26 45 0
27 25 0
27 29 0
27 46 0
28 26 0
28 29 0
28 47 0
29 6 0
29 27 0
29 28 0
30 48 0
30 49 0
30 50 0
30 8 0
31 6 0
31 51 0
31 52 0
31 53 0
32 9 0
33 9 0
34 10 0
35 10 0
36 14 0
37 15 0
38 16 0
39 17 0
40 19 0
41 20 0
42 21 0
43 22 0
44 23 0
45 26 0
46 27 0
47 28 0
48 30 0
49 30 0
50 30 0
51 31 0
52 31 0
53 31 0
GraphDataEnd
GraphEnd
NodeEnd
NodeStart
EPTNodeID: 25
AnchorID: 7604
TreeNodeGraphID: 91
Level: 12
SimplifiedLevel: 0
EditOperation: 5 6 18 0 0
AccumulatedOpsCount: 8
AccumulatedOp: 5 7 11 0 0
AccumulatedOp: 0 22 0 4 3
AccumulatedOp: 4 0 11 0 0
AccumulatedOp: 4 6 29 0 0
AccumulatedOp: 4 22 44 0 0
AccumulatedOp: 1 44 0 5 0
AccumulatedOp: 5 0 29 0 0
AccumulatedOp: 5 6 18 0 0
ChildrenCount: 0
ChildIndices:
CompletedDBGraphIDsCount: 1
CompletedDBGraphID: 3046
GraphStart
GraphDataStart
ID: 91
NumNodes: 54
NumEdges: 112
NodeLabels
6 5 2 2 2 2 2 3 3 4 4 4 4 4 4 4 4 4 4 4 4 4 3 4 4 4 4 4 4 4 4 4 5 5 5 5 5 5 5 5 5 5 5 5 5 5 5 5 5 5 5 5 5 5 
Edges
0 2 0
0 3 0
0 7 0
0 29 0
1 24 0
2 0 0
3 0 0
4 13 0
5 25 0
5 30 0
6 31 0
6 18 0
7 0 0
7 10 0
7 11 0
8 13 0
8 40 0
8 9 0
9 12 0
9 32 0
9 33 0
9 8 0
10 7 0
10 13 0
10 34 0
10 35 0
11 14 0
11 15 0
11 7 0
12 9 0
12 16 0
12 17 0
13 4 0
13 8 0
13 10 0
14 11 0
14 19 0
14 36 0
15 11 0
15 20 0
15 37 0
16 12 0
16 21 0
16 38 0
17 12 0
17 22 0
17 39 0
18 25 0
18 26 0
18 6 0
19 14 0
19 23 0
19 41 0
20 15 0
20 23 0
20 42 0
21 16 0
21 24 0
21 43 0
22 17 0
22 24 0
23 19 0
23 20 0
23 44 0
24 1 0
24 21 0
24 22 0
25 5 0
25 18 0
25 27 0
26 18 0
26 28 0
26 45 0
27 25 0
27 29 0
27 46 0
28 26 0
28 29 0
28 47 0
29 27 0
29 28 0
29 0 0
30 5 0
30 48 0
30 49 0
30 50 0
31 6 0
31 51 0
31 52 0
31 53 0
32 9 0
33 9 0
34 10 0
35 10 0
36 14 0
37 15 0
38 16 0
39 17 0
40 8 0
41 19 0
42 20 0
43 21 0
44 23 0
45 26 0
46 27 0
47 28 0
48 30 0
49 30 0
50 30 0
51 31 0
52 31 0
53 31 0
GraphDataEnd
GraphEnd
NodeEnd
NodeStart
EPTNodeID: 26
AnchorID: 7604
TreeNodeGraphID: 101
Level: 14
SimplifiedLevel: 0
EditOperation: 5 40 57 0 0
AccumulatedOpsCount: 10
AccumulatedOp: 4 5 25 0 0
AccumulatedOp: 0 40 0 5 4
AccumulatedOp: 2 55 0 0 5
AccumulatedOp: 5 40 55 0 0
AccumulatedOp: 5 5 18 0 0
AccumulatedOp: 2 56 0 0 5
AccumulatedOp: 2 57 0 0 5
AccumulatedOp: 5 7 25 0 0
AccumulatedOp: 5 40 56 0 0
AccumulatedOp: 5 40 57 0 0
ChildrenCount: 0
ChildIndices:
CompletedDBGraphIDsCount: 1
CompletedDBGraphID: 15743
GraphStart
GraphDataStart
ID: 101
NumNodes: 58
NumEdges: 120
NodeLabels
6 5 2 2 2 2 2 3 3 4 4 4 4 4 4 4 4 4 4 4 4 4 4 4 4 4 4 4 4 4 4 4 5 5 5 5 5 5 5 5 4 5 5 5 5 5 5 5 5 5 5 5 5 5 5 5 5 5 
Edges
0 2 0
0 3 0
0 7 0
0 11 0
1 24 0
2 0 0
3 0 0
4 13 0
5 30 0
5 18 0
6 29 0
6 31 0
7 0 0
7 10 0
7 25 0
8 13 0
8 40 0
8 9 0
9 12 0
9 32 0
9 33 0
9 8 0
10 7 0
10 13 0
10 34 0
10 35 0
11 0 0
11 14 0
11 15 0
12 9 0
12 16 0
12 17 0
13 4 0
13 8 0
13 10 0
14 11 0
14 19 0
14 36 0
15 11 0
15 20 0
15 37 0
16 12 0
16 21 0
16 38 0
17 12 0
17 22 0
17 39 0
18 25 0
18 26 0
18 5 0
19 14 0
19 23 0
19 41 0
20 15 0
20 23 0
20 42 0
21 16 0
21 24 0
21 43 0
22 17 0
22 24 0
22 44 0
23 19 0
23 20 0
23 45 0
24 1 0
24 21 0
24 22 0
25 18 0
25 27 0
25 7 0
26 18 0
26 28 0
26 46 0
27 25 0
27 29 0
27 47 0
28 26 0
28 29 0
28 48 0
29 6 0
29 27 0
29 28 0
30 5 0
30 49 0
30 50 0
30 51 0
31 6 0
31 52 0
31 53 0
31 54 0
32 9 0
33 9 0
34 10 0
35 10 0
36 14 0
37 15 0
38 16 0
39 17 0
40 8 0
40 55 0
40 56 0
40 57 0
41 19 0
42 20 0
43 21 0
44 22 0
45 23 0
46 26 0
47 27 0
48 28 0
49 30 0
50 30 0
51 30 0
52 31 0
53 31 0
54 31 0
55 40 0
56 40 0
57 40 0
GraphDataEnd
GraphEnd
NodeEnd
NodeStart
EPTNodeID: 27
AnchorID: 7604
TreeNodeGraphID: 109
Level: 11
SimplifiedLevel: 0
EditOperation: 5 8 16 0 0
AccumulatedOpsCount: 8
AccumulatedOp: 4 6 29 0 0
AccumulatedOp: 5 0 29 0 0
AccumulatedOp: 4 0 11 0 0
AccumulatedOp: 5 9 38 0 0
AccumulatedOp: 4 16 38 0 0
AccumulatedOp: 5 7 11 0 0
AccumulatedOp: 5 6 18 0 0
AccumulatedOp: 5 8 16 0 0
ChildrenCount: 0
ChildIndices:
CompletedDBGraphIDsCount: 1
CompletedDBGraphID: 21810
GraphStart
GraphDataStart
ID: 109
NumNodes: 55
NumEdges: 114
NodeLabels
6 5 2 2 2 2 2 3 3 4 4 4 4 4 4 4 4 4 4 4 4 4 4 4 4 4 4 4 4 4 4 4 5 5 5 5 5 5 5 5 5 5 5 5 5 5 5 5 5 5 5 5 5 5 5 
Edges
0 2 0
0 3 0
0 7 0
0 29 0
1 24 0
2 0 0
3 0 0
4 13 0
5 25 0
5 30 0
6 31 0
6 18 0
7 0 0
7 10 0
7 11 0
8 13 0
8 40 0
8 16 0
9 12 0
9 32 0
9 33 0
9 38 0
10 7 0
10 13 0
10 34 0
10 35 0
11 14 0
11 15 0
11 7 0
12 9 0
12 16 0
12 17 0
13 4 0
13 8 0
13 10 0
14 11 0
14 19 0
14 36 0
15 11 0
15 20 0
15 37 0
16 12 0
16 21 0
16 8 0
17 12 0
17 22 0
17 39 0
18 25 0
18 26 0
18 6 0
19 14 0
19 23 0
19 41 0
20 15 0
20 23 0
20 42 0
21 16 0
21 24 0
21 43 0
22 17 0
22 24 0
22 44 0
23 19 0
23 20 0
23 45 0
24 1 0
24 21 0
24 22 0
25 5 0
25 18 0
25 27 0
26 18 0
26 28 0
26 46 0
27 25 0
27 29 0
27 47 0
28 26 0
28 29 0
28 48 0
29 27 0
29 28 0
29 0 0
30 5 0
30 49 0
30 50 0
30 51 0
31 6 0
31 52 0
31 53 0
31 54 0
32 9 0
33 9 0
34 10 0
35 10 0
36 14 0
37 15 0
38 9 0
39 17 0
40 8 0
41 19 0
42 20 0
43 21 0
44 22 0
45 23 0
46 26 0
47 27 0
48 28 0
49 30 0
50 30 0
51 30 0
52 31 0
53 31 0
54 31 0
GraphDataEnd
GraphEnd
NodeEnd
NodeStart
EPTNodeID: 28
AnchorID: 7604
TreeNodeGraphID: 113
Level: 5
SimplifiedLevel: 0
EditOperation: 5 7 12 0 0
AccumulatedOpsCount: 4
AccumulatedOp: 4 9 12 0 0
AccumulatedOp: 0 5 0 2 5
AccumulatedOp: 4 5 30 0 0
AccumulatedOp: 5 7 12 0 0
ChildrenCount: 2
ChildIndices: 29 32
CompletedDBGraphIDsCount: 0
GraphStart
GraphDataStart
ID: 113
NumNodes: 55
NumEdges: 110
NodeLabels
6 1 2 2 2 5 2 3 3 4 4 4 4 4 4 4 4 4 4 4 4 4 4 4 4 4 4 4 4 4 4 4 5 5 5 5 5 5 5 5 5 5 5 5 5 5 5 5 5 5 5 5 5 5 5 
Edges
0 2 0
0 3 0
0 7 0
0 11 0
1 24 0
2 0 0
3 0 0
4 13 0
5 25 0
6 29 0
6 31 0
7 0 0
7 10 0
7 12 0
8 13 0
8 18 0
8 40 0
9 32 0
9 33 0
10 7 0
10 13 0
10 34 0
10 35 0
11 0 0
11 14 0
11 15 0
12 16 0
12 17 0
12 7 0
13 4 0
13 8 0
13 10 0
14 11 0
14 19 0
14 36 0
15 11 0
15 20 0
15 37 0
16 12 0
16 21 0
16 38 0
17 12 0
17 22 0
17 39 0
18 8 0
18 25 0
18 26 0
19 14 0
19 23 0
19 41 0
20 15 0
20 23 0
20 42 0
21 16 0
21 24 0
21 43 0
22 17 0
22 24 0
22 44 0
23 19 0
23 20 0
23 45 0
24 1 0
24 21 0
24 22 0
25 5 0
25 18 0
25 27 0
26 18 0
26 28 0
26 46 0
27 25 0
27 29 0
27 47 0
28 26 0
28 29 0
28 48 0
29 6 0
29 27 0
29 28 0
30 49 0
30 50 0
30 51 0
31 6 0
31 52 0
31 53 0
31 54 0
32 9 0
33 9 0
34 10 0
35 10 0
36 14 0
37 15 0
38 16 0
39 17 0
40 8 0
41 19 0
42 20 0
43 21 0
44 22 0
45 23 0
46 26 0
47 27 0
48 28 0
49 30 0
50 30 0
51 30 0
52 31 0
53 31 0
54 31 0
GraphDataEnd
GraphEnd
NodeEnd
NodeStart
EPTNodeID: 29
AnchorID: 7604
TreeNodeGraphID: 115
Level: 7
SimplifiedLevel: 0
EditOperation: 5 1 9 0 0
AccumulatedOpsCount: 2
AccumulatedOp: 0 1 0 1 2
AccumulatedOp: 5 1 9 0 0
ChildrenCount: 2
ChildIndices: 30 31
CompletedDBGraphIDsCount: 0
GraphStart
GraphDataStart
ID: 115
NumNodes: 55
NumEdges: 112
NodeLabels
6 2 2 2 2 5 2 3 3 4 4 4 4 4 4 4 4 4 4 4 4 4 4 4 4 4 4 4 4 4 4 4 5 5 5 5 5 5 5 5 5 5 5 5 5 5 5 5 5 5 5 5 5 5 5 
Edges
0 2 0
0 3 0
0 7 0
0 11 0
1 24 0
1 9 0
2 0 0
3 0 0
4 13 0
5 25 0
6 29 0
6 31 0
7 0 0
7 10 0
7 12 0
8 13 0
8 18 0
8 40 0
9 32 0
9 33 0
9 1 0
10 7 0
10 13 0
10 34 0
10 35 0
11 0 0
11 14 0
11 15 0
12 16 0
12 17 0
12 7 0
13 4 0
13 8 0
13 10 0
14 11 0
14 19 0
14 36 0
15 11 0
15 20 0
15 37 0
16 12 0
16 21 0
16 38 0
17 12 0
17 22 0
17 39 0
18 8 0
18 25 0
18 26 0
19 14 0
19 23 0
19 41 0
20 15 0
20 23 0
20 42 0
21 16 0
21 24 0
21 43 0
22 17 0
22 24 0
22 44 0
23 19 0
23 20 0
23 45 0
24 1 0
24 21 0
24 22 0
25 5 0
25 18 0
25 27 0
26 18 0
26 28 0
26 46 0
27 25 0
27 29 0
27 47 0
28 26 0
28 29 0
28 48 0
29 6 0
29 27 0
29 28 0
30 49 0
30 50 0
30 51 0
31 6 0
31 52 0
31 53 0
31 54 0
32 9 0
33 9 0
34 10 0
35 10 0
36 14 0
37 15 0
38 16 0
39 17 0
40 8 0
41 19 0
42 20 0
43 21 0
44 22 0
45 23 0
46 26 0
47 27 0
48 28 0
49 30 0
50 30 0
51 30 0
52 31 0
53 31 0
54 31 0
GraphDataEnd
GraphEnd
NodeEnd
NodeStart
EPTNodeID: 30
AnchorID: 7604
TreeNodeGraphID: 118
Level: 10
SimplifiedLevel: 0
EditOperation: 0 45 0 5 7
AccumulatedOpsCount: 3
AccumulatedOp: 0 48 0 5 7
AccumulatedOp: 5 9 30 0 0
AccumulatedOp: 0 45 0 5 7
ChildrenCount: 0
ChildIndices:
CompletedDBGraphIDsCount: 1
CompletedDBGraphID: 11644
GraphStart
GraphDataStart
ID: 118
NumNodes: 55
NumEdges: 114
NodeLabels
6 2 2 2 2 5 2 3 3 4 4 4 4 4 4 4 4 4 4 4 4 4 4 4 4 4 4 4 4 4 4 4 5 5 5 5 5 5 5 5 5 5 5 5 5 7 5 5 7 5 5 5 5 5 5 
Edges
0 2 0
0 3 0
0 7 0
0 11 0
1 24 0
1 9 0
2 0 0
3 0 0
4 13 0
5 25 0
6 29 0
6 31 0
7 0 0
7 10 0
7 12 0
8 13 0
8 18 0
8 40 0
9 32 0
9 33 0
9 1 0
9 30 0
10 7 0
10 13 0
10 34 0
10 35 0
11 0 0
11 14 0
11 15 0
12 16 0
12 17 0
12 7 0
13 4 0
13 8 0
13 10 0
14 11 0
14 19 0
14 36 0
15 11 0
15 20 0
15 37 0
16 12 0
16 21 0
16 38 0
17 12 0
17 22 0
17 39 0
18 8 0
18 25 0
18 26 0
19 14 0
19 23 0
19 41 0
20 15 0
20 23 0
20 42 0
21 16 0
21 24 0
21 43 0
22 17 0
22 24 0
22 44 0
23 19 0
23 20 0
23 45 0
24 1 0
24 21 0
24 22 0
25 5 0
25 18 0
25 27 0
26 18 0
26 28 0
26 46 0
27 25 0
27 29 0
27 47 0
28 26 0
28 29 0
28 48 0
29 6 0
29 27 0
29 28 0
30 49 0
30 50 0
30 51 0
30 9 0
31 6 0
31 52 0
31 53 0
31 54 0
32 9 0
33 9 0
34 10 0
35 10 0
36 14 0
37 15 0
38 16 0
39 17 0
40 8 0
41 19 0
42 20 0
43 21 0
44 22 0
45 23 0
46 26 0
47 27 0
48 28 0
49 30 0
50 30 0
51 30 0
52 31 0
53 31 0
54 31 0
GraphDataEnd
GraphEnd
NodeEnd
NodeStart
EPTNodeID: 31
AnchorID: 7604
TreeNodeGraphID: 122
Level: 11
SimplifiedLevel: 0
EditOperation: 5 9 55 0 0
AccumulatedOpsCount: 4
AccumulatedOp: 2 55 0 0 5
AccumulatedOp: 0 47 0 5 2
AccumulatedOp: 5 30 47 0 0
AccumulatedOp: 5 9 55 0 0
ChildrenCount: 0
ChildIndices:
CompletedDBGraphIDsCount: 1
CompletedDBGraphID: 17406
GraphStart
GraphDataStart
ID: 122
NumNodes: 56
NumEdges: 116
NodeLabels
6 2 2 2 2 5 2 3 3 4 4 4 4 4 4 4 4 4 4 4 4 4 4 4 4 4 4 4 4 4 4 4 5 5 5 5 5 5 5 5 5 5 5 5 5 5 5 2 5 5 5 5 5 5 5 5 
Edges
0 2 0
0 3 0
0 7 0
0 11 0
1 24 0
1 9 0
2 0 0
3 0 0
4 13 0
5 25 0
6 29 0
6 31 0
7 0 0
7 10 0
7 12 0
8 13 0
8 18 0
8 40 0
9 32 0
9 33 0
9 1 0
9 55 0
10 7 0
10 13 0
10 34 0
10 35 0
11 0 0
11 14 0
11 15 0
12 16 0
12 17 0
12 7 0
13 4 0
13 8 0
13 10 0
14 11 0
14 19 0
14 36 0
15 11 0
15 20 0
15 37 0
16 12 0
16 21 0
16 38 0
17 12 0
17 22 0
17 39 0
18 8 0
18 25 0
18 26 0
19 14 0
19 23 0
19 41 0
20 15 0
20 23 0
20 42 0
21 16 0
21 24 0
21 43 0
22 17 0
22 24 0
22 44 0
23 19 0
23 20 0
23 45 0
24 1 0
24 21 0
24 22 0
25 5 0
25 18 0
25 27 0
26 18 0
26 28 0
26 46 0
27 25 0
27 29 0
27 47 0
28 26 0
28 29 0
28 48 0
29 6 0
29 27 0
29 28 0
30 49 0
30 50 0
30 51 0
30 47 0
31 6 0
31 52 0
31 53 0
31 54 0
32 9 0
33 9 0
34 10 0
35 10 0
36 14 0
37 15 0
38 16 0
39 17 0
40 8 0
41 19 0
42 20 0
43 21 0
44 22 0
45 23 0
46 26 0
47 27 0
47 30 0
48 28 0
49 30 0
50 30 0
51 30 0
52 31 0
53 31 0
54 31 0
55 9 0
GraphDataEnd
GraphEnd
NodeEnd
NodeStart
EPTNodeID: 32
AnchorID: 7604
TreeNodeGraphID: 128
Level: 11
SimplifiedLevel: 0
EditOperation: 5 9 45 0 0
AccumulatedOpsCount: 6
AccumulatedOp: 0 47 0 5 2
AccumulatedOp: 0 1 0 1 7
AccumulatedOp: 4 23 45 0 0
AccumulatedOp: 5 30 47 0 0
AccumulatedOp: 5 9 23 0 0
AccumulatedOp: 5 9 45 0 0
ChildrenCount: 0
ChildIndices:
CompletedDBGraphIDsCount: 1
CompletedDBGraphID: 14554
GraphStart
GraphDataStart
ID: 128
NumNodes: 55
NumEdges: 114
NodeLabels
6 7 2 2 2 5 2 3 3 4 4 4 4 4 4 4 4 4 4 4 4 4 4 4 4 4 4 4 4 4 4 4 5 5 5 5 5 5 5 5 5 5 5 5 5 5 5 2 5 5 5 5 5 5 5 
Edges
0 2 0
0 3 0
0 7 0
0 11 0
1 24 0
2 0 0
3 0 0
4 13 0
5 25 0
6 29 0
6 31 0
7 0 0
7 10 0
7 12 0
8 13 0
8 18 0
8 40 0
9 32 0
9 33 0
9 23 0
9 45 0
10 7 0
10 13 0
10 34 0
10 35 0
11 0 0
11 14 0
11 15 0
12 16 0
12 17 0
12 7 0
13 4 0
13 8 0
13 10 0
14 11 0
14 19 0
14 36 0
15 11 0
15 20 0
15 37 0
16 12 0
16 21 0
16 38 0
17 12 0
17 22 0
17 39 0
18 8 0
18 25 0
18 26 0
19 14 0
19 23 0
19 41 0
20 15 0
20 23 0
20 42 0
21 16 0
21 24 0
21 43 0
22 17 0
22 24 0
22 44 0
23 19 0
23 20 0
23 9 0
24 1 0
24 21 0
24 22 0
25 5 0
25 18 0
25 27 0
26 18 0
26 28 0
26 46 0
27 25 0
27 29 0
27 47 0
28 26 0
28 29 0
28 48 0
29 6 0
29 27 0
29 28 0
30 49 0
30 50 0
30 51 0
30 47 0
31 6 0
31 52 0
31 53 0
31 54 0
32 9 0
33 9 0
34 10 0
35 10 0
36 14 0
37 15 0
38 16 0
39 17 0
40 8 0
41 19 0
42 20 0
43 21 0
44 22 0
45 9 0
46 26 0
47 27 0
47 30 0
48 28 0
49 30 0
50 30 0
51 30 0
52 31 0
53 31 0
54 31 0
GraphDataEnd
GraphEnd
NodeEnd
NodeStart
EPTNodeID: 33
AnchorID: 7604
TreeNodeGraphID: 129
Level: 2
SimplifiedLevel: 0
EditOperation: 4 8 18 0 0
AccumulatedOpsCount: 1
AccumulatedOp: 4 8 18 0 0
ChildrenCount: 2
ChildIndices: 34 37
CompletedDBGraphIDsCount: 0
GraphStart
GraphDataStart
ID: 129
NumNodes: 55
NumEdges: 110
NodeLabels
6 1 2 2 2 2 2 3 3 4 4 4 4 4 4 4 4 4 4 4 4 4 4 4 4 4 4 4 4 4 4 4 5 5 5 5 5 5 5 5 5 5 5 5 5 5 5 5 5 5 5 5 5 5 5 
Edges
0 2 0
0 3 0
0 7 0
0 11 0
1 24 0
2 0 0
3 0 0
4 13 0
5 25 0
5 30 0
6 29 0
6 31 0
7 0 0
7 10 0
8 13 0
8 40 0
9 12 0
9 32 0
9 33 0
10 7 0
10 13 0
10 34 0
10 35 0
11 0 0
11 14 0
11 15 0
12 9 0
12 16 0
12 17 0
13 4 0
13 8 0
13 10 0
14 11 0
14 19 0
14 36 0
15 11 0
15 20 0
15 37 0
16 12 0
16 21 0
16 38 0
17 12 0
17 22 0
17 39 0
18 25 0
18 26 0
19 14 0
19 23 0
19 41 0
20 15 0
20 23 0
20 42 0
21 16 0
21 24 0
21 43 0
22 17 0
22 24 0
22 44 0
23 19 0
23 20 0
23 45 0
24 1 0
24 21 0
24 22 0
25 5 0
25 18 0
25 27 0
26 18 0
26 28 0
26 46 0
27 25 0
27 29 0
27 47 0
28 26 0
28 29 0
28 48 0
29 6 0
29 27 0
29 28 0
30 5 0
30 49 0
30 50 0
30 51 0
31 6 0
31 52 0
31 53 0
31 54 0
32 9 0
33 9 0
34 10 0
35 10 0
36 14 0
37 15 0
38 16 0
39 17 0
40 8 0
41 19 0
42 20 0
43 21 0
44 22 0
45 23 0
46 26 0
47 27 0
48 28 0
49 30 0
50 30 0
51 30 0
52 31 0
53 31 0
54 31 0
GraphDataEnd
GraphEnd
NodeEnd
NodeStart
EPTNodeID: 34
AnchorID: 7604
TreeNodeGraphID: 133
Level: 6
SimplifiedLevel: 0
EditOperation: 5 8 9 0 0
AccumulatedOpsCount: 4
AccumulatedOp: 0 1 0 1 7
AccumulatedOp: 4 6 29 0 0
AccumulatedOp: 5 6 18 0 0
AccumulatedOp: 5 8 9 0 0
ChildrenCount: 2
ChildIndices: 35 36
CompletedDBGraphIDsCount: 0
GraphStart
GraphDataStart
ID: 133
NumNodes: 55
NumEdges: 112
NodeLabels
6 7 2 2 2 2 2 3 3 4 4 4 4 4 4 4 4 4 4 4 4 4 4 4 4 4 4 4 4 4 4 4 5 5 5 5 5 5 5 5 5 5 5 5 5 5 5 5 5 5 5 5 5 5 5 
Edges
0 2 0
0 3 0
0 7 0
0 11 0
1 24 0
2 0 0
3 0 0
4 13 0
5 25 0
5 30 0
6 31 0
6 18 0
7 0 0
7 10 0
8 13 0
8 40 0
8 9 0
9 12 0
9 32 0
9 33 0
9 8 0
10 7 0
10 13 0
10 34 0
10 35 0
11 0 0
11 14 0
11 15 0
12 9 0
12 16 0
12 17 0
13 4 0
13 8 0
13 10 0
14 11 0
14 19 0
14 36 0
15 11 0
15 20 0
15 37 0
16 12 0
16 21 0
16 38 0
17 12 0
17 22 0
17 39 0
18 25 0
18 26 0
18 6 0
19 14 0
19 23 0
19 41 0
20 15 0
20 23 0
20 42 0
21 16 0
21 24 0
21 43 0
22 17 0
22 24 0
22 44 0
23 19 0
23 20 0
23 45 0
24 1 0
24 21 0
24 22 0
25 5 0
25 18 0
25 27 0
26 18 0
26 28 0
26 46 0
27 25 0
27 29 0
27 47 0
28 26 0
28 29 0
28 48 0
29 27 0
29 28 0
30 5 0
30 49 0
30 50 0
30 51 0
31 6 0
31 52 0
31 53 0
31 54 0
32 9 0
33 9 0
34 10 0
35 10 0
36 14 0
37 15 0
38 16 0
39 17 0
40 8 0
41 19 0
42 20 0
43 21 0
44 22 0
45 23 0
46 26 0
47 27 0
48 28 0
49 30 0
50 30 0
51 30 0
52 31 0
53 31 0
54 31 0
GraphDataEnd
GraphEnd
NodeEnd
NodeStart
EPTNodeID: 35
AnchorID: 7604
TreeNodeGraphID: 137
Level: 10
SimplifiedLevel: 0
EditOperation: 5 7 11 0 0
AccumulatedOpsCount: 4
AccumulatedOp: 4 0 11 0 0
AccumulatedOp: 0 45 0 5 1
AccumulatedOp: 5 0 29 0 0
AccumulatedOp: 5 7 11 0 0
ChildrenCount: 0
ChildIndices:
CompletedDBGraphIDsCount: 1
CompletedDBGraphID: 17179
GraphStart
GraphDataStart
ID: 137
NumNodes: 55
NumEdges: 114
NodeLabels
6 7 2 2 2 2 2 3 3 4 4 4 4 4 4 4 4 4 4 4 4 4 4 4 4 4 4 4 4 4 4 4 5 5 5 5 5 5 5 5 5 5 5 5 5 1 5 5 5 5 5 5 5 5 5 
Edges
0 2 0
0 3 0
0 7 0
0 29 0
1 24 0
2 0 0
3 0 0
4 13 0
5 25 0
5 30 0
6 31 0
6 18 0
7 0 0
7 10 0
7 11 0
8 13 0
8 40 0
8 9 0
9 12 0
9 32 0
9 33 0
9 8 0
10 7 0
10 13 0
10 34 0
10 35 0
11 14 0
11 15 0
11 7 0
12 9 0
12 16 0
12 17 0
13 4 0
13 8 0
13 10 0
14 11 0
14 19 0
14 36 0
15 11 0
15 20 0
15 37 0
16 12 0
16 21 0
16 38 0
17 12 0
17 22 0
17 39 0
18 25 0
18 26 0
18 6 0
19 14 0
19 23 0
19 41 0
20 15 0
20 23 0
20 42 0
21 16 0
21 24 0
21 43 0
22 17 0
22 24 0
22 44 0
23 19 0
23 20 0
23 45 0
24 1 0
24 21 0
24 22 0
25 5 0
25 18 0
25 27 0
26 18 0
26 28 0
26 46 0
27 25 0
27 29 0
27 47 0
28 26 0
28 29 0
28 48 0
29 27 0
29 28 0
29 0 0
30 5 0
30 49 0
30 50 0
30 51 0
31 6 0
31 52 0
31 53 0
31 54 0
32 9 0
33 9 0
34 10 0
35 10 0
36 14 0
37 15 0
38 16 0
39 17 0
40 8 0
41 19 0
42 20 0
43 21 0
44 22 0
45 23 0
46 26 0
47 27 0
48 28 0
49 30 0
50 30 0
51 30 0
52 31 0
53 31 0
54 31 0
GraphDataEnd
GraphEnd
NodeEnd
NodeStart
EPTNodeID: 36
AnchorID: 7604
TreeNodeGraphID: 138
Level: 7
SimplifiedLevel: 0
EditOperation: 5 7 29 0 0
AccumulatedOpsCount: 1
AccumulatedOp: 5 7 29 0 0
ChildrenCount: 0
ChildIndices:
CompletedDBGraphIDsCount: 1
CompletedDBGraphID: 18846
GraphStart
GraphDataStart
ID: 138
NumNodes: 55
NumEdges: 114
NodeLabels
6 7 2 2 2 2 2 3 3 4 4 4 4 4 4 4 4 4 4 4 4 4 4 4 4 4 4 4 4 4 4 4 5 5 5 5 5 5 5 5 5 5 5 5 5 5 5 5 5 5 5 5 5 5 5 
Edges
0 2 0
0 3 0
0 7 0
0 11 0
1 24 0
2 0 0
3 0 0
4 13 0
5 25 0
5 30 0
6 31 0
6 18 0
7 0 0
7 10 0
7 29 0
8 13 0
8 40 0
8 9 0
9 12 0
9 32 0
9 33 0
9 8 0
10 7 0
10 13 0
10 34 0
10 35 0
11 0 0
11 14 0
11 15 0
12 9 0
12 16 0
12 17 0
13 4 0
13 8 0
13 10 0
14 11 0
14 19 0
14 36 0
15 11 0
15 20 0
15 37 0
16 12 0
16 21 0
16 38 0
17 12 0
17 22 0
17 39 0
18 25 0
18 26 0
18 6 0
19 14 0
19 23 0
19 41 0
20 15 0
20 23 0
20 42 0
21 16 0
21 24 0
21 43 0
22 17 0
22 24 0
22 44 0
23 19 0
23 20 0
23 45 0
24 1 0
24 21 0
24 22 0
25 5 0
25 18 0
25 27 0
26 18 0
26 28 0
26 46 0
27 25 0
27 29 0
27 47 0
28 26 0
28 29 0
28 48 0
29 27 0
29 28 0
29 7 0
30 5 0
30 49 0
30 50 0
30 51 0
31 6 0
31 52 0
31 53 0
31 54 0
32 9 0
33 9 0
34 10 0
35 10 0
36 14 0
37 15 0
38 16 0
39 17 0
40 8 0
41 19 0
42 20 0
43 21 0
44 22 0
45 23 0
46 26 0
47 27 0
48 28 0
49 30 0
50 30 0
51 30 0
52 31 0
53 31 0
54 31 0
GraphDataEnd
GraphEnd
NodeEnd
NodeStart
EPTNodeID: 37
AnchorID: 7604
TreeNodeGraphID: 148
Level: 12
SimplifiedLevel: 0
EditOperation: 5 9 30 0 0
AccumulatedOpsCount: 10
AccumulatedOp: 4 0 11 0 0
AccumulatedOp: 5 0 18 0 0
AccumulatedOp: 0 5 0 2 5
AccumulatedOp: 4 5 30 0 0
AccumulatedOp: 0 41 0 5 7
AccumulatedOp: 5 8 24 0 0
AccumulatedOp: 4 1 24 0 0
AccumulatedOp: 1 1 0 1 0
AccumulatedOp: 5 7 11 0 0
AccumulatedOp: 5 9 30 0 0
ChildrenCount: 0
ChildIndices:
CompletedDBGraphIDsCount: 1
CompletedDBGraphID: 6661
GraphStart
GraphDataStart
ID: 148
NumNodes: 54
NumEdges: 112
NodeLabels
6 2 2 2 5 2 3 3 4 4 4 4 4 4 4 4 4 4 4 4 4 4 4 4 4 4 4 4 4 4 4 5 5 5 5 5 5 5 5 5 7 5 5 5 5 5 5 5 5 5 5 5 5 5 
Edges
0 1 0
0 2 0
0 6 0
0 17 0
1 0 0
2 0 0
3 12 0
4 24 0
5 28 0
5 30 0
6 0 0
6 9 0
6 10 0
7 12 0
7 39 0
7 23 0
8 11 0
8 31 0
8 32 0
8 29 0
9 6 0
9 12 0
9 33 0
9 34 0
10 13 0
10 14 0
10 6 0
11 8 0
11 15 0
11 16 0
12 3 0
12 7 0
12 9 0
13 10 0
13 18 0
13 35 0
14 10 0
14 19 0
14 36 0
15 11 0
15 20 0
15 37 0
16 11 0
16 21 0
16 38 0
17 24 0
17 25 0
17 0 0
18 13 0
18 22 0
18 40 0
19 14 0
19 22 0
19 41 0
20 15 0
20 23 0
20 42 0
21 16 0
21 23 0
21 43 0
22 18 0
22 19 0
22 44 0
23 20 0
23 21 0
23 7 0
24 4 0
24 17 0
24 26 0
25 17 0
25 27 0
25 45 0
26 24 0
26 28 0
26 46 0
27 25 0
27 28 0
27 47 0
28 5 0
28 26 0
28 27 0
29 48 0
29 49 0
29 50 0
29 8 0
30 5 0
30 51 0
30 52 0
30 53 0
31 8 0
32 8 0
33 9 0
34 9 0
35 13 0
36 14 0
37 15 0
38 16 0
39 7 0
40 18 0
41 19 0
42 20 0
43 21 0
44 22 0
45 25 0
46 26 0
47 27 0
48 29 0
49 29 0
50 29 0
51 30 0
52 30 0
53 30 0
GraphDataEnd
GraphEnd
NodeEnd
NodeStart
EPTNodeID: 38
AnchorID: 7604
TreeNodeGraphID: 159
Level: 12
SimplifiedLevel: 0
EditOperation: 5 5 11 0 0
AccumulatedOpsCount: 11
AccumulatedOp: 4 5 30 0 0
AccumulatedOp: 0 5 0 2 6
AccumulatedOp: 0 6 0 2 5
AccumulatedOp: 4 0 11 0 0
AccumulatedOp: 4 1 24 0 0
AccumulatedOp: 1 1 0 1 0
AccumulatedOp: 4 6 31 0 0
AccumulatedOp: 5 9 30 0 0
AccumulatedOp: 5 7 24 0 0
AccumulatedOp: 5 0 31 0 0
AccumulatedOp: 5 5 11 0 0
ChildrenCount: 0
ChildIndices:
CompletedDBGraphIDsCount: 1
CompletedDBGraphID: 849
GraphStart
GraphDataStart
ID: 159
NumNodes: 54
NumEdges: 112
NodeLabels
6 2 2 2 6 5 3 3 4 4 4 4 4 4 4 4 4 4 4 4 4 4 4 4 4 4 4 4 4 4 4 5 5 5 5 5 5 5 5 5 5 5 5 5 5 5 5 5 5 5 5 5 5 5 
Edges
0 1 0
0 2 0
0 6 0
0 30 0
1 0 0
2 0 0
3 12 0
4 24 0
4 10 0
5 28 0
6 0 0
6 9 0
6 23 0
7 12 0
7 17 0
7 39 0
8 11 0
8 31 0
8 32 0
8 29 0
9 6 0
9 12 0
9 33 0
9 34 0
10 13 0
10 14 0
10 4 0
11 8 0
11 15 0
11 16 0
12 3 0
12 7 0
12 9 0
13 10 0
13 18 0
13 35 0
14 10 0
14 19 0
14 36 0
15 11 0
15 20 0
15 37 0
16 11 0
16 21 0
16 38 0
17 7 0
17 24 0
17 25 0
18 13 0
18 22 0
18 40 0
19 14 0
19 22 0
19 41 0
20 15 0
20 23 0
20 42 0
21 16 0
21 23 0
21 43 0
22 18 0
22 19 0
22 44 0
23 20 0
23 21 0
23 6 0
24 4 0
24 17 0
24 26 0
25 17 0
25 27 0
25 45 0
26 24 0
26 28 0
26 46 0
27 25 0
27 28 0
27 47 0
28 5 0
28 26 0
28 27 0
29 48 0
29 49 0
29 50 0
29 8 0
30 51 0
30 52 0
30 53 0
30 0 0
31 8 0
32 8 0
33 9 0
34 9 0
35 13 0
36 14 0
37 15 0
38 16 0
39 7 0
40 18 0
41 19 0
42 20 0
43 21 0
44 22 0
45 25 0
46 26 0
47 27 0
48 29 0
49 29 0
50 29 0
51 30 0
52 30 0
53 30 0
GraphDataEnd
GraphEnd
NodeEnd
NodeStart
EPTNodeID: 39
AnchorID: 7604
TreeNodeGraphID: 167
Level: 9
SimplifiedLevel: 0
EditOperation: 5 7 21 0 0
AccumulatedOpsCount: 8
AccumulatedOp: 4 9 32 0 0
AccumulatedOp: 0 9 0 4 5
AccumulatedOp: 1 32 0 5 0
AccumulatedOp: 4 21 43 0 0
AccumulatedOp: 1 43 0 5 0
AccumulatedOp: 4 9 33 0 0
AccumulatedOp: 1 33 0 5 0
AccumulatedOp: 5 7 21 0 0
ChildrenCount: 0
ChildIndices:
CompletedDBGraphIDsCount: 1
CompletedDBGraphID: 14802
GraphStart
GraphDataStart
ID: 167
NumNodes: 52
NumEdges: 108
NodeLabels
6 1 2 2 2 2 2 3 3 5 4 4 4 4 4 4 4 4 4 4 4 4 4 4 4 4 4 4 4 4 4 4 5 5 5 5 5 5 5 5 5 5 5 5 5 5 5 5 5 5 5 5 
Edges
0 2 0
0 3 0
0 7 0
0 11 0
1 24 0
2 0 0
3 0 0
4 13 0
5 25 0
5 30 0
6 29 0
6 31 0
7 0 0
7 10 0
7 21 0
8 13 0
8 18 0
8 38 0
9 12 0
10 7 0
10 13 0
10 32 0
10 33 0
11 0 0
11 14 0
11 15 0
12 9 0
12 16 0
12 17 0
13 4 0
13 8 0
13 10 0
14 11 0
14 19 0
14 34 0
15 11 0
15 20 0
15 35 0
16 12 0
16 21 0
16 36 0
17 12 0
17 22 0
17 37 0
18 8 0
18 25 0
18 26 0
19 14 0
19 23 0
19 39 0
20 15 0
20 23 0
20 40 0
21 16 0
21 24 0
21 7 0
22 17 0
22 24 0
22 41 0
23 19 0
23 20 0
23 42 0
24 1 0
24 21 0
24 22 0
25 5 0
25 18 0
25 27 0
26 18 0
26 28 0
26 43 0
27 25 0
27 29 0
27 44 0
28 26 0
28 29 0
28 45 0
29 6 0
29 27 0
29 28 0
30 5 0
30 46 0
30 47 0
30 48 0
31 6 0
31 49 0
31 50 0
31 51 0
32 10 0
33 10 0
34 14 0
35 15 0
36 16 0
37 17 0
38 8 0
39 19 0
40 20 0
41 22 0
42 23 0
43 26 0
44 27 0
45 28 0
46 30 0
47 30 0
48 30 0
49 31 0
50 31 0
51 31 0
GraphDataEnd
GraphEnd
NodeEnd
NodeStart
EPTNodeID: 40
AnchorID: 7604
TreeNodeGraphID: 168
Level: 1
SimplifiedLevel: 0
EditOperation: 0 1 0 1 5
AccumulatedOpsCount: 1
AccumulatedOp: 0 1 0 1 5
ChildrenCount: 3
ChildIndices: 41 47 50
CompletedDBGraphIDsCount: 0
GraphStart
GraphDataStart
ID: 168
NumNodes: 55
NumEdges: 114
NodeLabels
6 5 2 2 2 2 2 3 3 4 4 4 4 4 4 4 4 4 4 4 4 4 4 4 4 4 4 4 4 4 4 4 5 5 5 5 5 5 5 5 5 5 5 5 5 5 5 5 5 5 5 5 5 5 5 
Edges
0 2 0
0 3 0
0 7 0
0 11 0
1 24 0
2 0 0
3 0 0
4 13 0
5 25 0
5 30 0
6 29 0
6 31 0
7 0 0
7 9 0
7 10 0
8 13 0
8 18 0
8 40 0
9 7 0
9 12 0
9 32 0
9 33 0
10 7 0
10 13 0
10 34 0
10 35 0
11 0 0
11 14 0
11 15 0
12 9 0
12 16 0
12 17 0
13 4 0
13 8 0
13 10 0
14 11 0
14 19 0
14 36 0
15 11 0
15 20 0
15 37 0
16 12 0
16 21 0
16 38 0
17 12 0
17 22 0
17 39 0
18 8 0
18 25 0
18 26 0
19 14 0
19 23 0
19 41 0
20 15 0
20 23 0
20 42 0
21 16 0
21 24 0
21 43 0
22 17 0
22 24 0
22 44 0
23 19 0
23 20 0
23 45 0
24 1 0
24 21 0
24 22 0
25 5 0
25 18 0
25 27 0
26 18 0
26 28 0
26 46 0
27 25 0
27 29 0
27 47 0
28 26 0
28 29 0
28 48 0
29 6 0
29 27 0
29 28 0
30 5 0
30 49 0
30 50 0
30 51 0
31 6 0
31 52 0
31 53 0
31 54 0
32 9 0
33 9 0
34 10 0
35 10 0
36 14 0
37 15 0
38 16 0
39 17 0
40 8 0
41 19 0
42 20 0
43 21 0
44 22 0
45 23 0
46 26 0
47 27 0
48 28 0
49 30 0
50 30 0
51 30 0
52 31 0
53 31 0
54 31 0
GraphDataEnd
GraphEnd
NodeEnd
NodeStart
EPTNodeID: 41
AnchorID: 7604
TreeNodeGraphID: 170
Level: 3
SimplifiedLevel: 0
EditOperation: 0 5 0 2 5
AccumulatedOpsCount: 2
AccumulatedOp: 4 5 30 0 0
AccumulatedOp: 0 5 0 2 5
ChildrenCount: 3
ChildIndices: 42 45 46
CompletedDBGraphIDsCount: 0
GraphStart
GraphDataStart
ID: 170
NumNodes: 55
NumEdges: 112
NodeLabels
6 5 2 2 2 5 2 3 3 4 4 4 4 4 4 4 4 4 4 4 4 4 4 4 4 4 4 4 4 4 4 4 5 5 5 5 5 5 5 5 5 5 5 5 5 5 5 5 5 5 5 5 5 5 5 
Edges
0 2 0
0 3 0
0 7 0
0 11 0
1 24 0
2 0 0
3 0 0
4 13 0
5 25 0
6 29 0
6 31 0
7 0 0
7 9 0
7 10 0
8 13 0
8 18 0
8 40 0
9 7 0
9 12 0
9 32 0
9 33 0
10 7 0
10 13 0
10 34 0
10 35 0
11 0 0
11 14 0
11 15 0
12 9 0
12 16 0
12 17 0
13 4 0
13 8 0
13 10 0
14 11 0
14 19 0
14 36 0
15 11 0
15 20 0
15 37 0
16 12 0
16 21 0
16 38 0
17 12 0
17 22 0
17 39 0
18 8 0
18 25 0
18 26 0
19 14 0
19 23 0
19 41 0
20 15 0
20 23 0
20 42 0
21 16 0
21 24 0
21 43 0
22 17 0
22 24 0
22 44 0
23 19 0
23 20 0
23 45 0
24 1 0
24 21 0
24 22 0
25 5 0
25 18 0
25 27 0
26 18 0
26 28 0
26 46 0
27 25 0
27 29 0
27 47 0
28 26 0
28 29 0
28 48 0
29 6 0
29 27 0
29 28 0
30 49 0
30 50 0
30 51 0
31 6 0
31 52 0
31 53 0
31 54 0
32 9 0
33 9 0
34 10 0
35 10 0
36 14 0
37 15 0
38 16 0
39 17 0
40 8 0
41 19 0
42 20 0
43 21 0
44 22 0
45 23 0
46 26 0
47 27 0
48 28 0
49 30 0
50 30 0
51 30 0
52 31 0
53 31 0
54 31 0
GraphDataEnd
GraphEnd
NodeEnd
NodeStart
EPTNodeID: 42
AnchorID: 7604
TreeNodeGraphID: 171
Level: 4
SimplifiedLevel: 0
EditOperation: 2 55 0 0 5
AccumulatedOpsCount: 1
AccumulatedOp: 2 55 0 0 5
ChildrenCount: 2
ChildIndices: 43 44
CompletedDBGraphIDsCount: 0
GraphStart
GraphDataStart
ID: 171
NumNodes: 56
NumEdges: 112
NodeLabels
6 5 2 2 2 5 2 3 3 4 4 4 4 4 4 4 4 4 4 4 4 4 4 4 4 4 4 4 4 4 4 4 5 5 5 5 5 5 5 5 5 5 5 5 5 5 5 5 5 5 5 5 5 5 5 5 
Edges
0 2 0
0 3 0
0 7 0
0 11 0
1 24 0
2 0 0
3 0 0
4 13 0
5 25 0
6 29 0
6 31 0
7 0 0
7 9 0
7 10 0
8 13 0
8 18 0
8 40 0
9 7 0
9 12 0
9 32 0
9 33 0
10 7 0
10 13 0
10 34 0
10 35 0
11 0 0
11 14 0
11 15 0
12 9 0
12 16 0
12 17 0
13 4 0
13 8 0
13 10 0
14 11 0
14 19 0
14 36 0
15 11 0
15 20 0
15 37 0
16 12 0
16 21 0
16 38 0
17 12 0
17 22 0
17 39 0
18 8 0
18 25 0
18 26 0
19 14 0
19 23 0
19 41 0
20 15 0
20 23 0
20 42 0
21 16 0
21 24 0
21 43 0
22 17 0
22 24 0
22 44 0
23 19 0
23 20 0
23 45 0
24 1 0
24 21 0
24 22 0
25 5 0
25 18 0
25 27 0
26 18 0
26 28 0
26 46 0
27 25 0
27 29 0
27 47 0
28 26 0
28 29 0
28 48 0
29 6 0
29 27 0
29 28 0
30 49 0
30 50 0
30 51 0
31 6 0
31 52 0
31 53 0
31 54 0
32 9 0
33 9 0
34 10 0
35 10 0
36 14 0
37 15 0
38 16 0
39 17 0
40 8 0
41 19 0
42 20 0
43 21 0
44 22 0
45 23 0
46 26 0
47 27 0
48 28 0
49 30 0
50 30 0
51 30 0
52 31 0
53 31 0
54 31 0
GraphDataEnd
GraphEnd
NodeEnd
NodeStart
EPTNodeID: 43
AnchorID: 7604
TreeNodeGraphID: 175
Level: 8
SimplifiedLevel: 0
EditOperation: 5 6 55 0 0
AccumulatedOpsCount: 4
AccumulatedOp: 0 6 0 2 4
AccumulatedOp: 5 6 30 0 0
AccumulatedOp: 0 45 0 5 1
AccumulatedOp: 5 6 55 0 0
ChildrenCount: 0
ChildIndices:
CompletedDBGraphIDsCount: 1
CompletedDBGraphID: 16312
GraphStart
GraphDataStart
ID: 175
NumNodes: 56
NumEdges: 116
NodeLabels
6 5 2 2 2 5 4 3 3 4 4 4 4 4 4 4 4 4 4 4 4 4 4 4 4 4 4 4 4 4 4 4 5 5 5 5 5 5 5 5 5 5 5 5 5 1 5 5 5 5 5 5 5 5 5 5 
Edges
0 2 0
0 3 0
0 7 0
0 11 0
1 24 0
2 0 0
3 0 0
4 13 0
5 25 0
6 29 0
6 31 0
6 30 0
6 55 0
7 0 0
7 9 0
7 10 0
8 13 0
8 18 0
8 40 0
9 7 0
9 12 0
9 32 0
9 33 0
10 7 0
10 13 0
10 34 0
10 35 0
11 0 0
11 14 0
11 15 0
12 9 0
12 16 0
12 17 0
13 4 0
13 8 0
13 10 0
14 11 0
14 19 0
14 36 0
15 11 0
15 20 0
15 37 0
16 12 0
16 21 0
16 38 0
17 12 0
17 22 0
17 39 0
18 8 0
18 25 0
18 26 0
19 14 0
19 23 0
19 41 0
20 15 0
20 23 0
20 42 0
21 16 0
21 24 0
21 43 0
22 17 0
22 24 0
22 44 0
23 19 0
23 20 0
23 45 0
24 1 0
24 21 0
24 22 0
25 5 0
25 18 0
25 27 0
26 18 0
26 28 0
26 46 0
27 25 0
27 29 0
27 47 0
28 26 0
28 29 0
28 48 0
29 6 0
29 27 0
29 28 0
30 49 0
30 50 0
30 51 0
30 6 0
31 6 0
31 52 0
31 53 0
31 54 0
32 9 0
33 9 0
34 10 0
35 10 0
36 14 0
37 15 0
38 16 0
39 17 0
40 8 0
41 19 0
42 20 0
43 21 0
44 22 0
45 23 0
46 26 0
47 27 0
48 28 0
49 30 0
50 30 0
51 30 0
52 31 0
53 31 0
54 31 0
55 6 0
GraphDataEnd
GraphEnd
NodeEnd
NodeStart
EPTNodeID: 44
AnchorID: 7604
TreeNodeGraphID: 183
Level: 12
SimplifiedLevel: 0
EditOperation: 5 45 56 0 0
AccumulatedOpsCount: 8
AccumulatedOp: 4 31 52 0 0
AccumulatedOp: 0 38 0 5 7
AccumulatedOp: 0 45 0 5 4
AccumulatedOp: 2 56 0 0 5
AccumulatedOp: 5 30 31 0 0
AccumulatedOp: 5 45 52 0 0
AccumulatedOp: 5 45 55 0 0
AccumulatedOp: 5 45 56 0 0
ChildrenCount: 0
ChildIndices:
CompletedDBGraphIDsCount: 1
CompletedDBGraphID: 20493
GraphStart
GraphDataStart
ID: 183
NumNodes: 57
NumEdges: 118
NodeLabels
6 5 2 2 2 5 2 3 3 4 4 4 4 4 4 4 4 4 4 4 4 4 4 4 4 4 4 4 4 4 4 4 5 5 5 5 5 5 7 5 5 5 5 5 5 4 5 5 5 5 5 5 5 5 5 5 5 
Edges
0 2 0
0 3 0
0 7 0
0 11 0
1 24 0
2 0 0
3 0 0
4 13 0
5 25 0
6 29 0
6 31 0
7 0 0
7 9 0
7 10 0
8 13 0
8 18 0
8 40 0
9 7 0
9 12 0
9 32 0
9 33 0
10 7 0
10 13 0
10 34 0
10 35 0
11 0 0
11 14 0
11 15 0
12 9 0
12 16 0
12 17 0
13 4 0
13 8 0
13 10 0
14 11 0
14 19 0
14 36 0
15 11 0
15 20 0
15 37 0
16 12 0
16 21 0
16 38 0
17 12 0
17 22 0
17 39 0
18 8 0
18 25 0
18 26 0
19 14 0
19 23 0
19 41 0
20 15 0
20 23 0
20 42 0
21 16 0
21 24 0
21 43 0
22 17 0
22 24 0
22 44 0
23 19 0
23 20 0
23 45 0
24 1 0
24 21 0
24 22 0
25 5 0
25 18 0
25 27 0
26 18 0
26 28 0
26 46 0
27 25 0
27 29 0
27 47 0
28 26 0
28 29 0
28 48 0
29 6 0
29 27 0
29 28 0
30 49 0
30 50 0
30 51 0
30 31 0
31 6 0
31 53 0
31 54 0
31 30 0
32 9 0
33 9 0
34 10 0
35 10 0
36 14 0
37 15 0
38 16 0
39 17 0
40 8 0
41 19 0
42 20 0
43 21 0
44 22 0
45 23 0
45 52 0
45 55 0
45 56 0
46 26 0
47 27 0
48 28 0
49 30 0
50 30 0
51 30 0
52 45 0
53 31 0
54 31 0
55 45 0
56 45 0
GraphDataEnd
GraphEnd
NodeEnd
NodeStart
EPTNodeID: 45
AnchorID: 7604
TreeNodeGraphID: 189
Level: 9
SimplifiedLevel: 0
EditOperation: 5 8 30 0 0
AccumulatedOpsCount: 6
AccumulatedOp: 0 45 0 5 1
AccumulatedOp: 4 8 18 0 0
AccumulatedOp: 5 18 30 0 0
AccumulatedOp: 4 30 51 0 0
AccumulatedOp: 1 51 0 5 0
AccumulatedOp: 5 8 30 0 0
ChildrenCount: 0
ChildIndices:
CompletedDBGraphIDsCount: 1
CompletedDBGraphID: 21649
GraphStart
GraphDataStart
ID: 189
NumNodes: 54
NumEdges: 112
NodeLabels
6 5 2 2 2 5 2 3 3 4 4 4 4 4 4 4 4 4 4 4 4 4 4 4 4 4 4 4 4 4 4 4 5 5 5 5 5 5 5 5 5 5 5 5 5 1 5 5 5 5 5 5 5 5 
Edges
0 2 0
0 3 0
0 7 0
0 11 0
1 24 0
2 0 0
3 0 0
4 13 0
5 25 0
6 29 0
6 31 0
7 0 0
7 9 0
7 10 0
8 13 0
8 40 0
8 30 0
9 7 0
9 12 0
9 32 0
9 33 0
10 7 0
10 13 0
10 34 0
10 35 0
11 0 0
11 14 0
11 15 0
12 9 0
12 16 0
12 17 0
13 4 0
13 8 0
13 10 0
14 11 0
14 19 0
14 36 0
15 11 0
15 20 0
15 37 0
16 12 0
16 21 0
16 38 0
17 12 0
17 22 0
17 39 0
18 25 0
18 26 0
18 30 0
19 14 0
19 23 0
19 41 0
20 15 0
20 23 0
20 42 0
21 16 0
21 24 0
21 43 0
22 17 0
22 24 0
22 44 0
23 19 0
23 20 0
23 45 0
24 1 0
24 21 0
24 22 0
25 5 0
25 18 0
25 27 0
26 18 0
26 28 0
26 46 0
27 25 0
27 29 0
27 47 0
28 26 0
28 29 0
28 48 0
29 6 0
29 27 0
29 28 0
30 49 0
30 50 0
30 18 0
30 8 0
31 6 0
31 51 0
31 52 0
31 53 0
32 9 0
33 9 0
34 10 0
35 10 0
36 14 0
37 15 0
38 16 0
39 17 0
40 8 0
41 19 0
42 20 0
43 21 0
44 22 0
45 23 0
46 26 0
47 27 0
48 28 0
49 30 0
50 30 0
51 31 0
52 31 0
53 31 0
GraphDataEnd
GraphEnd
NodeEnd
NodeStart
EPTNodeID: 46
AnchorID: 7604
TreeNodeGraphID: 197
Level: 11
SimplifiedLevel: 0
EditOperation: 5 31 48 0 0
AccumulatedOpsCount: 8
AccumulatedOp: 4 23 45 0 0
AccumulatedOp: 0 39 0 5 7
AccumulatedOp: 5 23 30 0 0
AccumulatedOp: 0 6 0 2 5
AccumulatedOp: 1 45 0 5 0
AccumulatedOp: 0 48 0 5 6
AccumulatedOp: 4 6 31 0 0
AccumulatedOp: 5 31 48 0 0
ChildrenCount: 0
ChildIndices:
CompletedDBGraphIDsCount: 1
CompletedDBGraphID: 5288
GraphStart
GraphDataStart
ID: 197
NumNodes: 54
NumEdges: 112
NodeLabels
6 5 2 2 2 5 5 3 3 4 4 4 4 4 4 4 4 4 4 4 4 4 4 4 4 4 4 4 4 4 4 4 5 5 5 5 5 5 5 7 5 5 5 5 5 5 5 6 5 5 5 5 5 5 
Edges
0 2 0
0 3 0
0 7 0
0 11 0
1 24 0
2 0 0
3 0 0
4 13 0
5 25 0
6 29 0
7 0 0
7 9 0
7 10 0
8 13 0
8 18 0
8 40 0
9 7 0
9 12 0
9 32 0
9 33 0
10 7 0
10 13 0
10 34 0
10 35 0
11 0 0
11 14 0
11 15 0
12 9 0
12 16 0
12 17 0
13 4 0
13 8 0
13 10 0
14 11 0
14 19 0
14 36 0
15 11 0
15 20 0
15 37 0
16 12 0
16 21 0
16 38 0
17 12 0
17 22 0
17 39 0
18 8 0
18 25 0
18 26 0
19 14 0
19 23 0
19 41 0
20 15 0
20 23 0
20 42 0
21 16 0
21 24 0
21 43 0
22 17 0
22 24 0
22 44 0
23 19 0
23 20 0
23 30 0
24 1 0
24 21 0
24 22 0
25 5 0
25 18 0
25 27 0
26 18 0
26 28 0
26 45 0
27 25 0
27 29 0
27 46 0
28 26 0
28 29 0
28 47 0
29 6 0
29 27 0
29 28 0
30 48 0
30 49 0
30 50 0
30 23 0
31 51 0
31 52 0
31 53 0
31 47 0
32 9 0
33 9 0
34 10 0
35 10 0
36 14 0
37 15 0
38 16 0
39 17 0
40 8 0
41 19 0
42 20 0
43 21 0
44 22 0
45 26 0
46 27 0
47 28 0
47 31 0
48 30 0
49 30 0
50 30 0
51 31 0
52 31 0
53 31 0
GraphDataEnd
GraphEnd
NodeEnd
NodeStart
EPTNodeID: 47
AnchorID: 7604
TreeNodeGraphID: 199
Level: 3
SimplifiedLevel: 0
EditOperation: 4 6 31 0 0
AccumulatedOpsCount: 2
AccumulatedOp: 0 6 0 2 5
AccumulatedOp: 4 6 31 0 0
ChildrenCount: 2
ChildIndices: 48 49
CompletedDBGraphIDsCount: 0
GraphStart
GraphDataStart
ID: 199
NumNodes: 55
NumEdges: 112
NodeLabels
6 5 2 2 2 2 5 3 3 4 4 4 4 4 4 4 4 4 4 4 4 4 4 4 4 4 4 4 4 4 4 4 5 5 5 5 5 5 5 5 5 5 5 5 5 5 5 5 5 5 5 5 5 5 5 
Edges
0 2 0
0 3 0
0 7 0
0 11 0
1 24 0
2 0 0
3 0 0
4 13 0
5 25 0
5 30 0
6 29 0
7 0 0
7 9 0
7 10 0
8 13 0
8 18 0
8 40 0
9 7 0
9 12 0
9 32 0
9 33 0
10 7 0
10 13 0
10 34 0
10 35 0
11 0 0
11 14 0
11 15 0
12 9 0
12 16 0
12 17 0
13 4 0
13 8 0
13 10 0
14 11 0
14 19 0
14 36 0
15 11 0
15 20 0
15 37 0
16 12 0
16 21 0
16 38 0
17 12 0
17 22 0
17 39 0
18 8 0
18 25 0
18 26 0
19 14 0
19 23 0
19 41 0
20 15 0
20 23 0
20 42 0
21 16 0
21 24 0
21 43 0
22 17 0
22 24 0
22 44 0
23 19 0
23 20 0
23 45 0
24 1 0
24 21 0
24 22 0
25 5 0
25 18 0
25 27 0
26 18 0
26 28 0
26 46 0
27 25 0
27 29 0
27 47 0
28 26 0
28 29 0
28 48 0
29 6 0
29 27 0
29 28 0
30 5 0
30 49 0
30 50 0
30 51 0
31 52 0
31 53 0
31 54 0
32 9 0
33 9 0
34 10 0
35 10 0
36 14 0
37 15 0
38 16 0
39 17 0
40 8 0
41 19 0
42 20 0
43 21 0
44 22 0
45 23 0
46 26 0
47 27 0
48 28 0
49 30 0
50 30 0
51 30 0
52 31 0
53 31 0
54 31 0
GraphDataEnd
GraphEnd
NodeEnd
NodeStart
EPTNodeID: 48
AnchorID: 7604
TreeNodeGraphID: 203
Level: 7
SimplifiedLevel: 0
EditOperation: 1 45 0 5 0
AccumulatedOpsCount: 4
AccumulatedOp: 0 48 0 5 7
AccumulatedOp: 5 23 31 0 0
AccumulatedOp: 4 23 45 0 0
AccumulatedOp: 1 45 0 5 0
ChildrenCount: 0
ChildIndices:
CompletedDBGraphIDsCount: 1
CompletedDBGraphID: 4941
GraphStart
GraphDataStart
ID: 203
NumNodes: 54
NumEdges: 112
NodeLabels
6 5 2 2 2 2 5 3 3 4 4 4 4 4 4 4 4 4 4 4 4 4 4 4 4 4 4 4 4 4 4 4 5 5 5 5 5 5 5 5 5 5 5 5 5 5 5 7 5 5 5 5 5 5 
Edges
0 2 0
0 3 0
0 7 0
0 11 0
1 24 0
2 0 0
3 0 0
4 13 0
5 25 0
5 30 0
6 29 0
7 0 0
7 9 0
7 10 0
8 13 0
8 18 0
8 40 0
9 7 0
9 12 0
9 32 0
9 33 0
10 7 0
10 13 0
10 34 0
10 35 0
11 0 0
11 14 0
11 15 0
12 9 0
12 16 0
12 17 0
13 4 0
13 8 0
13 10 0
14 11 0
14 19 0
14 36 0
15 11 0
15 20 0
15 37 0
16 12 0
16 21 0
16 38 0
17 12 0
17 22 0
17 39 0
18 8 0
18 25 0
18 26 0
19 14 0
19 23 0
19 41 0
20 15 0
20 23 0
20 42 0
21 16 0
21 24 0
21 43 0
22 17 0
22 24 0
22 44 0
23 19 0
23 20 0
23 31 0
24 1 0
24 21 0
24 22 0
25 5 0
25 18 0
25 27 0
26 18 0
26 28 0
26 45 0
27 25 0
27 29 0
27 46 0
28 26 0
28 29 0
28 47 0
29 6 0
29 27 0
29 28 0
30 5 0
30 48 0
30 49 0
30 50 0
31 51 0
31 52 0
31 53 0
31 23 0
32 9 0
33 9 0
34 10 0
35 10 0
36 14 0
37 15 0
38 16 0
39 17 0
40 8 0
41 19 0
42 20 0
43 21 0
44 22 0
45 26 0
46 27 0
47 28 0
48 30 0
49 30 0
50 30 0
51 31 0
52 31 0
53 31 0
GraphDataEnd
GraphEnd
NodeEnd
NodeStart
EPTNodeID: 49
AnchorID: 7604
TreeNodeGraphID: 207
Level: 7
SimplifiedLevel: 0
EditOperation: 0 48 0 5 2
AccumulatedOpsCount: 4
AccumulatedOp: 0 39 0 5 1
AccumulatedOp: 0 45 0 5 7
AccumulatedOp: 5 31 48 0 0
AccumulatedOp: 0 48 0 5 2
ChildrenCount: 0
ChildIndices:
CompletedDBGraphIDsCount: 1
CompletedDBGraphID: 10258
GraphStart
GraphDataStart
ID: 207
NumNodes: 55
NumEdges: 114
NodeLabels
6 5 2 2 2 2 5 3 3 4 4 4 4 4 4 4 4 4 4 4 4 4 4 4 4 4 4 4 4 4 4 4 5 5 5 5 5 5 5 1 5 5 5 5 5 7 5 5 2 5 5 5 5 5 5 
Edges
0 2 0
0 3 0
0 7 0
0 11 0
1 24 0
2 0 0
3 0 0
4 13 0
5 25 0
5 30 0
6 29 0
7 0 0
7 9 0
7 10 0
8 13 0
8 18 0
8 40 0
9 7 0
9 12 0
9 32 0
9 33 0
10 7 0
10 13 0
10 34 0
10 35 0
11 0 0
11 14 0
11 15 0
12 9 0
12 16 0
12 17 0
13 4 0
13 8 0
13 10 0
14 11 0
14 19 0
14 36 0
15 11 0
15 20 0
15 37 0
16 12 0
16 21 0
16 38 0
17 12 0
17 22 0
17 39 0
18 8 0
18 25 0
18 26 0
19 14 0
19 23 0
19 41 0
20 15 0
20 23 0
20 42 0
21 16 0
21 24 0
21 43 0
22 17 0
22 24 0
22 44 0
23 19 0
23 20 0
23 45 0
24 1 0
24 21 0
24 22 0
25 5 0
25 18 0
25 27 0
26 18 0
26 28 0
26 46 0
27 25 0
27 29 0
27 47 0
28 26 0
28 29 0
28 48 0
29 6 0
29 27 0
29 28 0
30 5 0
30 49 0
30 50 0
30 51 0
31 52 0
31 53 0
31 54 0
31 48 0
32 9 0
33 9 0
34 10 0
35 10 0
36 14 0
37 15 0
38 16 0
39 17 0
40 8 0
41 19 0
42 20 0
43 21 0
44 22 0
45 23 0
46 26 0
47 27 0
48 28 0
48 31 0
49 30 0
50 30 0
51 30 0
52 31 0
53 31 0
54 31 0
GraphDataEnd
GraphEnd
NodeEnd
NodeStart
EPTNodeID: 50
AnchorID: 7604
TreeNodeGraphID: 219
Level: 13
SimplifiedLevel: 0
EditOperation: 5 25 57 0 0
AccumulatedOpsCount: 12
AccumulatedOp: 2 55 0 0 5
AccumulatedOp: 4 5 25 0 0
AccumulatedOp: 5 45 48 0 0
AccumulatedOp: 4 28 48 0 0
AccumulatedOp: 0 39 0 5 1
AccumulatedOp: 0 45 0 5 4
AccumulatedOp: 2 56 0 0 5
AccumulatedOp: 2 57 0 0 5
AccumulatedOp: 5 5 28 0 0
AccumulatedOp: 5 45 55 0 0
AccumulatedOp: 5 45 56 0 0
AccumulatedOp: 5 25 57 0 0
ChildrenCount: 0
ChildIndices:
CompletedDBGraphIDsCount: 1
CompletedDBGraphID: 13219
GraphStart
GraphDataStart
ID: 219
NumNodes: 58
NumEdges: 120
NodeLabels
6 5 2 2 2 2 2 3 3 4 4 4 4 4 4 4 4 4 4 4 4 4 4 4 4 4 4 4 4 4 4 4 5 5 5 5 5 5 5 1 5 5 5 5 5 4 5 5 5 5 5 5 5 5 5 5 5 5 
Edges
0 2 0
0 3 0
0 7 0
0 11 0
1 24 0
2 0 0
3 0 0
4 13 0
5 30 0
5 28 0
6 29 0
6 31 0
7 0 0
7 9 0
7 10 0
8 13 0
8 18 0
8 40 0
9 7 0
9 12 0
9 32 0
9 33 0
10 7 0
10 13 0
10 34 0
10 35 0
11 0 0
11 14 0
11 15 0
12 9 0
12 16 0
12 17 0
13 4 0
13 8 0
13 10 0
14 11 0
14 19 0
14 36 0
15 11 0
15 20 0
15 37 0
16 12 0
16 21 0
16 38 0
17 12 0
17 22 0
17 39 0
18 8 0
18 25 0
18 26 0
19 14 0
19 23 0
19 41 0
20 15 0
20 23 0
20 42 0
21 16 0
21 24 0
21 43 0
22 17 0
22 24 0
22 44 0
23 19 0
23 20 0
23 45 0
24 1 0
24 21 0
24 22 0
25 18 0
25 27 0
25 57 0
26 18 0
26 28 0
26 46 0
27 25 0
27 29 0
27 47 0
28 26 0
28 29 0
28 5 0
29 6 0
29 27 0
29 28 0
30 5 0
30 49 0
30 50 0
30 51 0
31 6 0
31 52 0
31 53 0
31 54 0
32 9 0
33 9 0
34 10 0
35 10 0
36 14 0
37 15 0
38 16 0
39 17 0
40 8 0
41 19 0
42 20 0
43 21 0
44 22 0
45 23 0
45 48 0
45 55 0
45 56 0
46 26 0
47 27 0
48 45 0
49 30 0
50 30 0
51 30 0
52 31 0
53 31 0
54 31 0
55 45 0
56 45 0
57 25 0
GraphDataEnd
GraphEnd
NodeEnd
NodeStart
EPTNodeID: 51
AnchorID: 7604
TreeNodeGraphID: 221
Level: 2
SimplifiedLevel: 0
EditOperation: 0 5 0 2 5
AccumulatedOpsCount: 2
AccumulatedOp: 4 5 30 0 0
AccumulatedOp: 0 5 0 2 5
ChildrenCount: 4
ChildIndices: 52 56 57 59
CompletedDBGraphIDsCount: 0
GraphStart
GraphDataStart
ID: 221
NumNodes: 55
NumEdges: 112
NodeLabels
6 1 2 2 2 5 2 3 3 4 4 4 4 4 4 4 4 4 4 4 4 4 4 4 4 4 4 4 4 4 4 4 5 5 5 5 5 5 5 5 5 5 5 5 5 5 5 5 5 5 5 5 5 5 5 
Edges
0 2 0
0 3 0
0 7 0
0 11 0
1 24 0
2 0 0
3 0 0
4 13 0
5 25 0
6 29 0
6 31 0
7 0 0
7 9 0
7 10 0
8 13 0
8 18 0
8 40 0
9 7 0
9 12 0
9 32 0
9 33 0
10 7 0
10 13 0
10 34 0
10 35 0
11 0 0
11 14 0
11 15 0
12 9 0
12 16 0
12 17 0
13 4 0
13 8 0
13 10 0
14 11 0
14 19 0
14 36 0
15 11 0
15 20 0
15 37 0
16 12 0
16 21 0
16 38 0
17 12 0
17 22 0
17 39 0
18 8 0
18 25 0
18 26 0
19 14 0
19 23 0
19 41 0
20 15 0
20 23 0
20 42 0
21 16 0
21 24 0
21 43 0
22 17 0
22 24 0
22 44 0
23 19 0
23 20 0
23 45 0
24 1 0
24 21 0
24 22 0
25 5 0
25 18 0
25 27 0
26 18 0
26 28 0
26 46 0
27 25 0
27 29 0
27 47 0
28 26 0
28 29 0
28 48 0
29 6 0
29 27 0
29 28 0
30 49 0
30 50 0
30 51 0
31 6 0
31 52 0
31 53 0
31 54 0
32 9 0
33 9 0
34 10 0
35 10 0
36 14 0
37 15 0
38 16 0
39 17 0
40 8 0
41 19 0
42 20 0
43 21 0
44 22 0
45 23 0
46 26 0
47 27 0
48 28 0
49 30 0
50 30 0
51 30 0
52 31 0
53 31 0
54 31 0
GraphDataEnd
GraphEnd
NodeEnd
NodeStart
EPTNodeID: 52
AnchorID: 7604
TreeNodeGraphID: 223
Level: 4
SimplifiedLevel: 0
EditOperation: 1 54 0 5 0
AccumulatedOpsCount: 2
AccumulatedOp: 4 31 54 0 0
AccumulatedOp: 1 54 0 5 0
ChildrenCount: 2
ChildIndices: 53 55
CompletedDBGraphIDsCount: 0
GraphStart
GraphDataStart
ID: 223
NumNodes: 54
NumEdges: 110
NodeLabels
6 1 2 2 2 5 2 3 3 4 4 4 4 4 4 4 4 4 4 4 4 4 4 4 4 4 4 4 4 4 4 4 5 5 5 5 5 5 5 5 5 5 5 5 5 5 5 5 5 5 5 5 5 5 
Edges
0 2 0
0 3 0
0 7 0
0 11 0
1 24 0
2 0 0
3 0 0
4 13 0
5 25 0
6 29 0
6 31 0
7 0 0
7 9 0
7 10 0
8 13 0
8 18 0
8 40 0
9 7 0
9 12 0
9 32 0
9 33 0
10 7 0
10 13 0
10 34 0
10 35 0
11 0 0
11 14 0
11 15 0
12 9 0
12 16 0
12 17 0
13 4 0
13 8 0
13 10 0
14 11 0
14 19 0
14 36 0
15 11 0
15 20 0
15 37 0
16 12 0
16 21 0
16 38 0
17 12 0
17 22 0
17 39 0
18 8 0
18 25 0
18 26 0
19 14 0
19 23 0
19 41 0
20 15 0
20 23 0
20 42 0
21 16 0
21 24 0
21 43 0
22 17 0
22 24 0
22 44 0
23 19 0
23 20 0
23 45 0
24 1 0
24 21 0
24 22 0
25 5 0
25 18 0
25 27 0
26 18 0
26 28 0
26 46 0
27 25 0
27 29 0
27 47 0
28 26 0
28 29 0
28 48 0
29 6 0
29 27 0
29 28 0
30 49 0
30 50 0
30 51 0
31 6 0
31 52 0
31 53 0
32 9 0
33 9 0
34 10 0
35 10 0
36 14 0
37 15 0
38 16 0
39 17 0
40 8 0
41 19 0
42 20 0
43 21 0
44 22 0
45 23 0
46 26 0
47 27 0
48 28 0
49 30 0
50 30 0
51 30 0
52 31 0
53 31 0
GraphDataEnd
GraphEnd
NodeEnd
NodeStart
EPTNodeID: 53
AnchorID: 7604
TreeNodeGraphID: 224
Level: 5
SimplifiedLevel: 0
EditOperation: 5 30 31 0 0
AccumulatedOpsCount: 1
AccumulatedOp: 5 30 31 0 0
ChildrenCount: 1
ChildIndices: 54
CompletedDBGraphIDsCount: 1
CompletedDBGraphID: 11363
GraphStart
GraphDataStart
ID: 224
NumNodes: 54
NumEdges: 112
NodeLabels
6 1 2 2 2 5 2 3 3 4 4 4 4 4 4 4 4 4 4 4 4 4 4 4 4 4 4 4 4 4 4 4 5 5 5 5 5 5 5 5 5 5 5 5 5 5 5 5 5 5 5 5 5 5 
Edges
0 2 0
0 3 0
0 7 0
0 11 0
1 24 0
2 0 0
3 0 0
4 13 0
5 25 0
6 29 0
6 31 0
7 0 0
7 9 0
7 10 0
8 13 0
8 18 0
8 40 0
9 7 0
9 12 0
9 32 0
9 33 0
10 7 0
10 13 0
10 34 0
10 35 0
11 0 0
11 14 0
11 15 0
12 9 0
12 16 0
12 17 0
13 4 0
13 8 0
13 10 0
14 11 0
14 19 0
14 36 0
15 11 0
15 20 0
15 37 0
16 12 0
16 21 0
16 38 0
17 12 0
17 22 0
17 39 0
18 8 0
18 25 0
18 26 0
19 14 0
19 23 0
19 41 0
20 15 0
20 23 0
20 42 0
21 16 0
21 24 0
21 43 0
22 17 0
22 24 0
22 44 0
23 19 0
23 20 0
23 45 0
24 1 0
24 21 0
24 22 0
25 5 0
25 18 0
25 27 0
26 18 0
26 28 0
26 46 0
27 25 0
27 29 0
27 47 0
28 26 0
28 29 0
28 48 0
29 6 0
29 27 0
29 28 0
30 49 0
30 50 0
30 51 0
30 31 0
31 6 0
31 52 0
31 53 0
31 30 0
32 9 0
33 9 0
34 10 0
35 10 0
36 14 0
37 15 0
38 16 0
39 17 0
40 8 0
41 19 0
42 20 0
43 21 0
44 22 0
45 23 0
46 26 0
47 27 0
48 28 0
49 30 0
50 30 0
51 30 0
52 31 0
53 31 0
GraphDataEnd
GraphEnd
NodeEnd
NodeStart
EPTNodeID: 54
AnchorID: 7604
TreeNodeGraphID: 226
Level: 7
SimplifiedLevel: 0
EditOperation: 0 1 0 1 7
AccumulatedOpsCount: 2
AccumulatedOp: 0 45 0 5 7
AccumulatedOp: 0 1 0 1 7
ChildrenCount: 0
ChildIndices:
CompletedDBGraphIDsCount: 1
CompletedDBGraphID: 16149
GraphStart
GraphDataStart
ID: 226
NumNodes: 54
NumEdges: 112
NodeLabels
6 7 2 2 2 5 2 3 3 4 4 4 4 4 4 4 4 4 4 4 4 4 4 4 4 4 4 4 4 4 4 4 5 5 5 5 5 5 5 5 5 5 5 5 5 7 5 5 5 5 5 5 5 5 
Edges
0 2 0
0 3 0
0 7 0
0 11 0
1 24 0
2 0 0
3 0 0
4 13 0
5 25 0
6 29 0
6 31 0
7 0 0
7 9 0
7 10 0
8 13 0
8 18 0
8 40 0
9 7 0
9 12 0
9 32 0
9 33 0
10 7 0
10 13 0
10 34 0
10 35 0
11 0 0
11 14 0
11 15 0
12 9 0
12 16 0
12 17 0
13 4 0
13 8 0
13 10 0
14 11 0
14 19 0
14 36 0
15 11 0
15 20 0
15 37 0
16 12 0
16 21 0
16 38 0
17 12 0
17 22 0
17 39 0
18 8 0
18 25 0
18 26 0
19 14 0
19 23 0
19 41 0
20 15 0
20 23 0
20 42 0
21 16 0
21 24 0
21 43 0
22 17 0
22 24 0
22 44 0
23 19 0
23 20 0
23 45 0
24 1 0
24 21 0
24 22 0
25 5 0
25 18 0
25 27 0
26 18 0
26 28 0
26 46 0
27 25 0
27 29 0
27 47 0
28 26 0
28 29 0
28 48 0
29 6 0
29 27 0
29 28 0
30 49 0
30 50 0
30 51 0
30 31 0
31 6 0
31 52 0
31 53 0
31 30 0
32 9 0
33 9 0
34 10 0
35 10 0
36 14 0
37 15 0
38 16 0
39 17 0
40 8 0
41 19 0
42 20 0
43 21 0
44 22 0
45 23 0
46 26 0
47 27 0
48 28 0
49 30 0
50 30 0
51 30 0
52 31 0
53 31 0
GraphDataEnd
GraphEnd
NodeEnd
NodeStart
EPTNodeID: 55
AnchorID: 7604
TreeNodeGraphID: 232
Level: 10
SimplifiedLevel: 0
EditOperation: 1 45 0 5 0
AccumulatedOpsCount: 6
AccumulatedOp: 0 1 0 1 7
AccumulatedOp: 5 23 30 0 0
AccumulatedOp: 5 31 47 0 0
AccumulatedOp: 0 47 0 5 2
AccumulatedOp: 4 23 45 0 0
AccumulatedOp: 1 45 0 5 0
ChildrenCount: 0
ChildIndices:
CompletedDBGraphIDsCount: 1
CompletedDBGraphID: 6104
GraphStart
GraphDataStart
ID: 232
NumNodes: 53
NumEdges: 112
NodeLabels
6 7 2 2 2 5 2 3 3 4 4 4 4 4 4 4 4 4 4 4 4 4 4 4 4 4 4 4 4 4 4 4 5 5 5 5 5 5 5 5 5 5 5 5 5 5 2 5 5 5 5 5 5 
Edges
0 2 0
0 3 0
0 7 0
0 11 0
1 24 0
2 0 0
3 0 0
4 13 0
5 25 0
6 29 0
6 31 0
7 0 0
7 9 0
7 10 0
8 13 0
8 18 0
8 40 0
9 7 0
9 12 0
9 32 0
9 33 0
10 7 0
10 13 0
10 34 0
10 35 0
11 0 0
11 14 0
11 15 0
12 9 0
12 16 0
12 17 0
13 4 0
13 8 0
13 10 0
14 11 0
14 19 0
14 36 0
15 11 0
15 20 0
15 37 0
16 12 0
16 21 0
16 38 0
17 12 0
17 22 0
17 39 0
18 8 0
18 25 0
18 26 0
19 14 0
19 23 0
19 41 0
20 15 0
20 23 0
20 42 0
21 16 0
21 24 0
21 43 0
22 17 0
22 24 0
22 44 0
23 19 0
23 20 0
23 30 0
24 1 0
24 21 0
24 22 0
25 5 0
25 18 0
25 27 0
26 18 0
26 28 0
26 45 0
27 25 0
27 29 0
27 46 0
28 26 0
28 29 0
28 47 0
29 6 0
29 27 0
29 28 0
30 48 0
30 49 0
30 50 0
30 23 0
31 6 0
31 51 0
31 52 0
31 46 0
32 9 0
33 9 0
34 10 0
35 10 0
36 14 0
37 15 0
38 16 0
39 17 0
40 8 0
41 19 0
42 20 0
43 21 0
44 22 0
45 26 0
46 27 0
46 31 0
47 28 0
48 30 0
49 30 0
50 30 0
51 31 0
52 31 0
GraphDataEnd
GraphEnd
NodeEnd
NodeStart
EPTNodeID: 56
AnchorID: 7604
TreeNodeGraphID: 239
Level: 9
SimplifiedLevel: 0
EditOperation: 5 8 30 0 0
AccumulatedOpsCount: 7
AccumulatedOp: 0 1 0 1 7
AccumulatedOp: 0 45 0 5 8
AccumulatedOp: 4 8 18 0 0
AccumulatedOp: 5 18 30 0 0
AccumulatedOp: 4 30 51 0 0
AccumulatedOp: 1 51 0 5 0
AccumulatedOp: 5 8 30 0 0
ChildrenCount: 0
ChildIndices:
CompletedDBGraphIDsCount: 1
CompletedDBGraphID: 12332
GraphStart
GraphDataStart
ID: 239
NumNodes: 54
NumEdges: 112
NodeLabels
6 7 2 2 2 5 2 3 3 4 4 4 4 4 4 4 4 4 4 4 4 4 4 4 4 4 4 4 4 4 4 4 5 5 5 5 5 5 5 5 5 5 5 5 5 8 5 5 5 5 5 5 5 5 
Edges
0 2 0
0 3 0
0 7 0
0 11 0
1 24 0
2 0 0
3 0 0
4 13 0
5 25 0
6 29 0
6 31 0
7 0 0
7 9 0
7 10 0
8 13 0
8 40 0
8 30 0
9 7 0
9 12 0
9 32 0
9 33 0
10 7 0
10 13 0
10 34 0
10 35 0
11 0 0
11 14 0
11 15 0
12 9 0
12 16 0
12 17 0
13 4 0
13 8 0
13 10 0
14 11 0
14 19 0
14 36 0
15 11 0
15 20 0
15 37 0
16 12 0
16 21 0
16 38 0
17 12 0
17 22 0
17 39 0
18 25 0
18 26 0
18 30 0
19 14 0
19 23 0
19 41 0
20 15 0
20 23 0
20 42 0
21 16 0
21 24 0
21 43 0
22 17 0
22 24 0
22 44 0
23 19 0
23 20 0
23 45 0
24 1 0
24 21 0
24 22 0
25 5 0
25 18 0
25 27 0
26 18 0
26 28 0
26 46 0
27 25 0
27 29 0
27 47 0
28 26 0
28 29 0
28 48 0
29 6 0
29 27 0
29 28 0
30 49 0
30 50 0
30 18 0
30 8 0
31 6 0
31 51 0
31 52 0
31 53 0
32 9 0
33 9 0
34 10 0
35 10 0
36 14 0
37 15 0
38 16 0
39 17 0
40 8 0
41 19 0
42 20 0
43 21 0
44 22 0
45 23 0
46 26 0
47 27 0
48 28 0
49 30 0
50 30 0
51 31 0
52 31 0
53 31 0
GraphDataEnd
GraphEnd
NodeEnd
NodeStart
EPTNodeID: 57
AnchorID: 7604
TreeNodeGraphID: 243
Level: 6
SimplifiedLevel: 0
EditOperation: 5 6 55 0 0
AccumulatedOpsCount: 4
AccumulatedOp: 0 6 0 2 4
AccumulatedOp: 5 6 30 0 0
AccumulatedOp: 2 55 0 0 5
AccumulatedOp: 5 6 55 0 0
ChildrenCount: 1
ChildIndices: 58
CompletedDBGraphIDsCount: 1
CompletedDBGraphID: 19035
GraphStart
GraphDataStart
ID: 243
NumNodes: 56
NumEdges: 116
NodeLabels
6 1 2 2 2 5 4 3 3 4 4 4 4 4 4 4 4 4 4 4 4 4 4 4 4 4 4 4 4 4 4 4 5 5 5 5 5 5 5 5 5 5 5 5 5 5 5 5 5 5 5 5 5 5 5 5 
Edges
0 2 0
0 3 0
0 7 0
0 11 0
1 24 0
2 0 0
3 0 0
4 13 0
5 25 0
6 29 0
6 31 0
6 30 0
6 55 0
7 0 0
7 9 0
7 10 0
8 13 0
8 18 0
8 40 0
9 7 0
9 12 0
9 32 0
9 33 0
10 7 0
10 13 0
10 34 0
10 35 0
11 0 0
11 14 0
11 15 0
12 9 0
12 16 0
12 17 0
13 4 0
13 8 0
13 10 0
14 11 0
14 19 0
14 36 0
15 11 0
15 20 0
15 37 0
16 12 0
16 21 0
16 38 0
17 12 0
17 22 0
17 39 0
18 8 0
18 25 0
18 26 0
19 14 0
19 23 0
19 41 0
20 15 0
20 23 0
20 42 0
21 16 0
21 24 0
21 43 0
22 17 0
22 24 0
22 44 0
23 19 0
23 20 0
23 45 0
24 1 0
24 21 0
24 22 0
25 5 0
25 18 0
25 27 0
26 18 0
26 28 0
26 46 0
27 25 0
27 29 0
27 47 0
28 26 0
28 29 0
28 48 0
29 6 0
29 27 0
29 28 0
30 49 0
30 50 0
30 51 0
30 6 0
31 6 0
31 52 0
31 53 0
31 54 0
32 9 0
33 9 0
34 10 0
35 10 0
36 14 0
37 15 0
38 16 0
39 17 0
40 8 0
41 19 0
42 20 0
43 21 0
44 22 0
45 23 0
46 26 0
47 27 0
48 28 0
49 30 0
50 30 0
51 30 0
52 31 0
53 31 0
54 31 0
55 6 0
GraphDataEnd
GraphEnd
NodeEnd
NodeStart
EPTNodeID: 58
AnchorID: 7604
TreeNodeGraphID: 244
Level: 7
SimplifiedLevel: 0
EditOperation: 0 1 0 1 8
AccumulatedOpsCount: 1
AccumulatedOp: 0 1 0 1 8
ChildrenCount: 0
ChildIndices:
CompletedDBGraphIDsCount: 1
CompletedDBGraphID: 20750
GraphStart
GraphDataStart
ID: 244
NumNodes: 56
NumEdges: 116
NodeLabels
6 8 2 2 2 5 4 3 3 4 4 4 4 4 4 4 4 4 4 4 4 4 4 4 4 4 4 4 4 4 4 4 5 5 5 5 5 5 5 5 5 5 5 5 5 5 5 5 5 5 5 5 5 5 5 5 
Edges
0 2 0
0 3 0
0 7 0
0 11 0
1 24 0
2 0 0
3 0 0
4 13 0
5 25 0
6 29 0
6 31 0
6 30 0
6 55 0
7 0 0
7 9 0
7 10 0
8 13 0
8 18 0
8 40 0
9 7 0
9 12 0
9 32 0
9 33 0
10 7 0
10 13 0
10 34 0
10 35 0
11 0 0
11 14 0
11 15 0
12 9 0
12 16 0
12 17 0
13 4 0
13 8 0
13 10 0
14 11 0
14 19 0
14 36 0
15 11 0
15 20 0
15 37 0
16 12 0
16 21 0
16 38 0
17 12 0
17 22 0
17 39 0
18 8 0
18 25 0
18 26 0
19 14 0
19 23 0
19 41 0
20 15 0
20 23 0
20 42 0
21 16 0
21 24 0
21 43 0
22 17 0
22 24 0
22 44 0
23 19 0
23 20 0
23 45 0
24 1 0
24 21 0
24 22 0
25 5 0
25 18 0
25 27 0
26 18 0
26 28 0
26 46 0
27 25 0
27 29 0
27 47 0
28 26 0
28 29 0
28 48 0
29 6 0
29 27 0
29 28 0
30 49 0
30 50 0
30 51 0
30 6 0
31 6 0
31 52 0
31 53 0
31 54 0
32 9 0
33 9 0
34 10 0
35 10 0
36 14 0
37 15 0
38 16 0
39 17 0
40 8 0
41 19 0
42 20 0
43 21 0
44 22 0
45 23 0
46 26 0
47 27 0
48 28 0
49 30 0
50 30 0
51 30 0
52 31 0
53 31 0
54 31 0
55 6 0
GraphDataEnd
GraphEnd
NodeEnd
NodeStart
EPTNodeID: 59
AnchorID: 7604
TreeNodeGraphID: 252
Level: 10
SimplifiedLevel: 0
EditOperation: 5 24 30 0 0
AccumulatedOpsCount: 8
AccumulatedOp: 0 47 0 5 2
AccumulatedOp: 0 6 0 2 5
AccumulatedOp: 5 31 47 0 0
AccumulatedOp: 0 45 0 5 8
AccumulatedOp: 4 1 24 0 0
AccumulatedOp: 1 1 0 1 0
AccumulatedOp: 4 6 31 0 0
AccumulatedOp: 5 24 30 0 0
ChildrenCount: 0
ChildIndices:
CompletedDBGraphIDsCount: 1
CompletedDBGraphID: 22603
GraphStart
GraphDataStart
ID: 252
NumNodes: 54
NumEdges: 112
NodeLabels
6 2 2 2 5 5 3 3 4 4 4 4 4 4 4 4 4 4 4 4 4 4 4 4 4 4 4 4 4 4 4 5 5 5 5 5 5 5 5 5 5 5 5 5 8 5 2 5 5 5 5 5 5 5 
Edges
0 1 0
0 2 0
0 6 0
0 10 0
1 0 0
2 0 0
3 12 0
4 24 0
5 28 0
6 0 0
6 8 0
6 9 0
7 12 0
7 17 0
7 39 0
8 6 0
8 11 0
8 31 0
8 32 0
9 6 0
9 12 0
9 33 0
9 34 0
10 0 0
10 13 0
10 14 0
11 8 0
11 15 0
11 16 0
12 3 0
12 7 0
12 9 0
13 10 0
13 18 0
13 35 0
14 10 0
14 19 0
14 36 0
15 11 0
15 20 0
15 37 0
16 11 0
16 21 0
16 38 0
17 7 0
17 24 0
17 25 0
18 13 0
18 22 0
18 40 0
19 14 0
19 22 0
19 41 0
20 15 0
20 23 0
20 42 0
21 16 0
21 23 0
21 43 0
22 18 0
22 19 0
22 44 0
23 20 0
23 21 0
23 29 0
24 4 0
24 17 0
24 26 0
25 17 0
25 27 0
25 45 0
26 24 0
26 28 0
26 46 0
27 25 0
27 28 0
27 47 0
28 5 0
28 26 0
28 27 0
29 48 0
29 49 0
29 50 0
29 23 0
30 51 0
30 52 0
30 53 0
30 46 0
31 8 0
32 8 0
33 9 0
34 9 0
35 13 0
36 14 0
37 15 0
38 16 0
39 7 0
40 18 0
41 19 0
42 20 0
43 21 0
44 22 0
45 25 0
46 26 0
46 30 0
47 27 0
48 29 0
49 29 0
50 29 0
51 30 0
52 30 0
53 30 0
GraphDataEnd
GraphEnd
NodeEnd
NodeStart
EPTNodeID: 60
AnchorID: 7604
TreeNodeGraphID: 254
Level: 2
SimplifiedLevel: 0
EditOperation: 4 6 31 0 0
AccumulatedOpsCount: 2
AccumulatedOp: 0 6 0 2 5
AccumulatedOp: 4 6 31 0 0
ChildrenCount: 2
ChildIndices: 61 63
CompletedDBGraphIDsCount: 0
GraphStart
GraphDataStart
ID: 254
NumNodes: 55
NumEdges: 112
NodeLabels
6 1 2 2 2 2 5 3 3 4 4 4 4 4 4 4 4 4 4 4 4 4 4 4 4 4 4 4 4 4 4 4 5 5 5 5 5 5 5 5 5 5 5 5 5 5 5 5 5 5 5 5 5 5 5 
Edges
0 2 0
0 3 0
0 7 0
0 11 0
1 24 0
2 0 0
3 0 0
4 13 0
5 25 0
5 30 0
6 29 0
7 0 0
7 9 0
7 10 0
8 13 0
8 18 0
8 40 0
9 7 0
9 12 0
9 32 0
9 33 0
10 7 0
10 13 0
10 34 0
10 35 0
11 0 0
11 14 0
11 15 0
12 9 0
12 16 0
12 17 0
13 4 0
13 8 0
13 10 0
14 11 0
14 19 0
14 36 0
15 11 0
15 20 0
15 37 0
16 12 0
16 21 0
16 38 0
17 12 0
17 22 0
17 39 0
18 8 0
18 25 0
18 26 0
19 14 0
19 23 0
19 41 0
20 15 0
20 23 0
20 42 0
21 16 0
21 24 0
21 43 0
22 17 0
22 24 0
22 44 0
23 19 0
23 20 0
23 45 0
24 1 0
24 21 0
24 22 0
25 5 0
25 18 0
25 27 0
26 18 0
26 28 0
26 46 0
27 25 0
27 29 0
27 47 0
28 26 0
28 29 0
28 48 0
29 6 0
29 27 0
29 28 0
30 5 0
30 49 0
30 50 0
30 51 0
31 52 0
31 53 0
31 54 0
32 9 0
33 9 0
34 10 0
35 10 0
36 14 0
37 15 0
38 16 0
39 17 0
40 8 0
41 19 0
42 20 0
43 21 0
44 22 0
45 23 0
46 26 0
47 27 0
48 28 0
49 30 0
50 30 0
51 30 0
52 31 0
53 31 0
54 31 0
GraphDataEnd
GraphEnd
NodeEnd
NodeStart
EPTNodeID: 61
AnchorID: 7604
TreeNodeGraphID: 257
Level: 5
SimplifiedLevel: 0
EditOperation: 1 51 0 5 0
AccumulatedOpsCount: 3
AccumulatedOp: 4 30 51 0 0
AccumulatedOp: 5 30 31 0 0
AccumulatedOp: 1 51 0 5 0
ChildrenCount: 1
ChildIndices: 62
CompletedDBGraphIDsCount: 1
CompletedDBGraphID: 11496
GraphStart
GraphDataStart
ID: 257
NumNodes: 54
NumEdges: 112
NodeLabels
6 1 2 2 2 2 5 3 3 4 4 4 4 4 4 4 4 4 4 4 4 4 4 4 4 4 4 4 4 4 4 4 5 5 5 5 5 5 5 5 5 5 5 5 5 5 5 5 5 5 5 5 5 5 
Edges
0 2 0
0 3 0
0 7 0
0 11 0
1 24 0
2 0 0
3 0 0
4 13 0
5 25 0
5 30 0
6 29 0
7 0 0
7 9 0
7 10 0
8 13 0
8 18 0
8 40 0
9 7 0
9 12 0
9 32 0
9 33 0
10 7 0
10 13 0
10 34 0
10 35 0
11 0 0
11 14 0
11 15 0
12 9 0
12 16 0
12 17 0
13 4 0
13 8 0
13 10 0
14 11 0
14 19 0
14 36 0
15 11 0
15 20 0
15 37 0
16 12 0
16 21 0
16 38 0
17 12 0
17 22 0
17 39 0
18 8 0
18 25 0
18 26 0
19 14 0
19 23 0
19 41 0
20 15 0
20 23 0
20 42 0
21 16 0
21 24 0
21 43 0
22 17 0
22 24 0
22 44 0
23 19 0
23 20 0
23 45 0
24 1 0
24 21 0
24 22 0
25 5 0
25 18 0
25 27 0
26 18 0
26 28 0
26 46 0
27 25 0
27 29 0
27 47 0
28 26 0
28 29 0
28 48 0
29 6 0
29 27 0
29 28 0
30 5 0
30 49 0
30 50 0
30 31 0
31 51 0
31 52 0
31 53 0
31 30 0
32 9 0
33 9 0
34 10 0
35 10 0
36 14 0
37 15 0
38 16 0
39 17 0
40 8 0
41 19 0
42 20 0
43 21 0
44 22 0
45 23 0
46 26 0
47 27 0
48 28 0
49 30 0
50 30 0
51 31 0
52 31 0
53 31 0
GraphDataEnd
GraphEnd
NodeEnd
NodeStart
EPTNodeID: 62
AnchorID: 7604
TreeNodeGraphID: 259
Level: 7
SimplifiedLevel: 0
EditOperation: 0 43 0 5 7
AccumulatedOpsCount: 2
AccumulatedOp: 0 1 0 1 7
AccumulatedOp: 0 43 0 5 7
ChildrenCount: 0
ChildIndices:
CompletedDBGraphIDsCount: 1
CompletedDBGraphID: 10742
GraphStart
GraphDataStart
ID: 259
NumNodes: 54
NumEdges: 112
NodeLabels
6 7 2 2 2 2 5 3 3 4 4 4 4 4 4 4 4 4 4 4 4 4 4 4 4 4 4 4 4 4 4 4 5 5 5 5 5 5 5 5 5 5 5 7 5 5 5 5 5 5 5 5 5 5 
Edges
0 2 0
0 3 0
0 7 0
0 11 0
1 24 0
2 0 0
3 0 0
4 13 0
5 25 0
5 30 0
6 29 0
7 0 0
7 9 0
7 10 0
8 13 0
8 18 0
8 40 0
9 7 0
9 12 0
9 32 0
9 33 0
10 7 0
10 13 0
10 34 0
10 35 0
11 0 0
11 14 0
11 15 0
12 9 0
12 16 0
12 17 0
13 4 0
13 8 0
13 10 0
14 11 0
14 19 0
14 36 0
15 11 0
15 20 0
15 37 0
16 12 0
16 21 0
16 38 0
17 12 0
17 22 0
17 39 0
18 8 0
18 25 0
18 26 0
19 14 0
19 23 0
19 41 0
20 15 0
20 23 0
20 42 0
21 16 0
21 24 0
21 43 0
22 17 0
22 24 0
22 44 0
23 19 0
23 20 0
23 45 0
24 1 0
24 21 0
24 22 0
25 5 0
25 18 0
25 27 0
26 18 0
26 28 0
26 46 0
27 25 0
27 29 0
27 47 0
28 26 0
28 29 0
28 48 0
29 6 0
29 27 0
29 28 0
30 5 0
30 49 0
30 50 0
30 31 0
31 51 0
31 52 0
31 53 0
31 30 0
32 9 0
33 9 0
34 10 0
35 10 0
36 14 0
37 15 0
38 16 0
39 17 0
40 8 0
41 19 0
42 20 0
43 21 0
44 22 0
45 23 0
46 26 0
47 27 0
48 28 0
49 30 0
50 30 0
51 31 0
52 31 0
53 31 0
GraphDataEnd
GraphEnd
NodeEnd
NodeStart
EPTNodeID: 63
AnchorID: 7604
TreeNodeGraphID: 262
Level: 5
SimplifiedLevel: 0
EditOperation: 5 28 31 0 0
AccumulatedOpsCount: 3
AccumulatedOp: 4 28 48 0 0
AccumulatedOp: 1 48 0 5 0
AccumulatedOp: 5 28 31 0 0
ChildrenCount: 1
ChildIndices: 64
CompletedDBGraphIDsCount: 1
CompletedDBGraphID: 3091
GraphStart
GraphDataStart
ID: 262
NumNodes: 54
NumEdges: 112
NodeLabels
6 1 2 2 2 2 5 3 3 4 4 4 4 4 4 4 4 4 4 4 4 4 4 4 4 4 4 4 4 4 4 4 5 5 5 5 5 5 5 5 5 5 5 5 5 5 5 5 5 5 5 5 5 5 
Edges
0 2 0
0 3 0
0 7 0
0 11 0
1 24 0
2 0 0
3 0 0
4 13 0
5 25 0
5 30 0
6 29 0
7 0 0
7 9 0
7 10 0
8 13 0
8 18 0
8 40 0
9 7 0
9 12 0
9 32 0
9 33 0
10 7 0
10 13 0
10 34 0
10 35 0
11 0 0
11 14 0
11 15 0
12 9 0
12 16 0
12 17 0
13 4 0
13 8 0
13 10 0
14 11 0
14 19 0
14 36 0
15 11 0
15 20 0
15 37 0
16 12 0
16 21 0
16 38 0
17 12 0
17 22 0
17 39 0
18 8 0
18 25 0
18 26 0
19 14 0
19 23 0
19 41 0
20 15 0
20 23 0
20 42 0
21 16 0
21 24 0
21 43 0
22 17 0
22 24 0
22 44 0
23 19 0
23 20 0
23 45 0
24 1 0
24 21 0
24 22 0
25 5 0
25 18 0
25 27 0
26 18 0
26 28 0
26 46 0
27 25 0
27 29 0
27 47 0
28 26 0
28 29 0
28 31 0
29 6 0
29 27 0
29 28 0
30 5 0
30 48 0
30 49 0
30 50 0
31 51 0
31 52 0
31 53 0
31 28 0
32 9 0
33 9 0
34 10 0
35 10 0
36 14 0
37 15 0
38 16 0
39 17 0
40 8 0
41 19 0
42 20 0
43 21 0
44 22 0
45 23 0
46 26 0
47 27 0
48 30 0
49 30 0
50 30 0
51 31 0
52 31 0
53 31 0
GraphDataEnd
GraphEnd
NodeEnd
NodeStart
EPTNodeID: 64
AnchorID: 7604
TreeNodeGraphID: 264
Level: 7
SimplifiedLevel: 0
EditOperation: 0 1 0 1 7
AccumulatedOpsCount: 2
AccumulatedOp: 0 45 0 5 7
AccumulatedOp: 0 1 0 1 7
ChildrenCount: 0
ChildIndices:
CompletedDBGraphIDsCount: 1
CompletedDBGraphID: 16748
GraphStart
GraphDataStart
ID: 264
NumNodes: 54
NumEdges: 112
NodeLabels
6 7 2 2 2 2 5 3 3 4 4 4 4 4 4 4 4 4 4 4 4 4 4 4 4 4 4 4 4 4 4 4 5 5 5 5 5 5 5 5 5 5 5 5 5 7 5 5 5 5 5 5 5 5 
Edges
0 2 0
0 3 0
0 7 0
0 11 0
1 24 0
2 0 0
3 0 0
4 13 0
5 25 0
5 30 0
6 29 0
7 0 0
7 9 0
7 10 0
8 13 0
8 18 0
8 40 0
9 7 0
9 12 0
9 32 0
9 33 0
10 7 0
10 13 0
10 34 0
10 35 0
11 0 0
11 14 0
11 15 0
12 9 0
12 16 0
12 17 0
13 4 0
13 8 0
13 10 0
14 11 0
14 19 0
14 36 0
15 11 0
15 20 0
15 37 0
16 12 0
16 21 0
16 38 0
17 12 0
17 22 0
17 39 0
18 8 0
18 25 0
18 26 0
19 14 0
19 23 0
19 41 0
20 15 0
20 23 0
20 42 0
21 16 0
21 24 0
21 43 0
22 17 0
22 24 0
22 44 0
23 19 0
23 20 0
23 45 0
24 1 0
24 21 0
24 22 0
25 5 0
25 18 0
25 27 0
26 18 0
26 28 0
26 46 0
27 25 0
27 29 0
27 47 0
28 26 0
28 29 0
28 31 0
29 6 0
29 27 0
29 28 0
30 5 0
30 48 0
30 49 0
30 50 0
31 51 0
31 52 0
31 53 0
31 28 0
32 9 0
33 9 0
34 10 0
35 10 0
36 14 0
37 15 0
38 16 0
39 17 0
40 8 0
41 19 0
42 20 0
43 21 0
44 22 0
45 23 0
46 26 0
47 27 0
48 30 0
49 30 0
50 30 0
51 31 0
52 31 0
53 31 0
GraphDataEnd
GraphEnd
NodeEnd
NodeStart
EPTNodeID: 65
AnchorID: 7604
TreeNodeGraphID: 270
Level: 6
SimplifiedLevel: 0
EditOperation: 5 6 28 0 0
AccumulatedOpsCount: 6
AccumulatedOp: 0 1 0 1 7
AccumulatedOp: 5 29 48 0 0
AccumulatedOp: 0 39 0 5 7
AccumulatedOp: 4 28 48 0 0
AccumulatedOp: 4 6 29 0 0
AccumulatedOp: 5 6 28 0 0
ChildrenCount: 0
ChildIndices:
CompletedDBGraphIDsCount: 1
CompletedDBGraphID: 18829
GraphStart
GraphDataStart
ID: 270
NumNodes: 55
NumEdges: 114
NodeLabels
6 7 2 2 2 2 2 3 3 4 4 4 4 4 4 4 4 4 4 4 4 4 4 4 4 4 4 4 4 4 4 4 5 5 5 5 5 5 5 7 5 5 5 5 5 5 5 5 5 5 5 5 5 5 5 
Edges
0 2 0
0 3 0
0 7 0
0 11 0
1 24 0
2 0 0
3 0 0
4 13 0
5 25 0
5 30 0
6 31 0
6 28 0
7 0 0
7 9 0
7 10 0
8 13 0
8 18 0
8 40 0
9 7 0
9 12 0
9 32 0
9 33 0
10 7 0
10 13 0
10 34 0
10 35 0
11 0 0
11 14 0
11 15 0
12 9 0
12 16 0
12 17 0
13 4 0
13 8 0
13 10 0
14 11 0
14 19 0
14 36 0
15 11 0
15 20 0
15 37 0
16 12 0
16 21 0
16 38 0
17 12 0
17 22 0
17 39 0
18 8 0
18 25 0
18 26 0
19 14 0
19 23 0
19 41 0
20 15 0
20 23 0
20 42 0
21 16 0
21 24 0
21 43 0
22 17 0
22 24 0
22 44 0
23 19 0
23 20 0
23 45 0
24 1 0
24 21 0
24 22 0
25 5 0
25 18 0
25 27 0
26 18 0
26 28 0
26 46 0
27 25 0
27 29 0
27 47 0
28 26 0
28 29 0
28 6 0
29 27 0
29 28 0
29 48 0
30 5 0
30 49 0
30 50 0
30 51 0
31 6 0
31 52 0
31 53 0
31 54 0
32 9 0
33 9 0
34 10 0
35 10 0
36 14 0
37 15 0
38 16 0
39 17 0
40 8 0
41 19 0
42 20 0
43 21 0
44 22 0
45 23 0
46 26 0
47 27 0
48 29 0
49 30 0
50 30 0
51 30 0
52 31 0
53 31 0
54 31 0
GraphDataEnd
GraphEnd
NodeEnd
END_EPT
