BEGIN_EPT
AnchorID: 11295  # ID of the anchor node
RootIndex: 0  # Index of the root node in tree_nodes
NodeCount: 4  # Total number of nodes in the EPT
NodeStart
EPTNodeID: 0
AnchorID: 11295
TreeNodeGraphID: 0
Level: 0
SimplifiedLevel: 0
EditOperation: -1 0 -1 0 0
AccumulatedOpsCount: 0
ChildrenCount: 1
ChildIndices: 1
CompletedDBGraphIDsCount: 0
GraphStart
GraphDataStart
ID: 0
NumNodes: 72
NumEdges: 148
NodeLabels
2 2 2 2 3 3 3 3 4 4 4 4 4 4 4 4 4 4 4 4 4 4 4 4 4 4 4 4 4 4 4 4 4 4 4 4 4 4 5 5 5 5 5 5 5 5 5 5 5 5 5 5 5 5 5 5 5 5 5 5 5 5 5 5 5 5 5 5 5 5 5 5 
Edges
0 16 0
1 17 0
2 24 0
3 25 0
4 6 0
4 8 0
4 16 0
5 7 0
5 9 0
5 17 0
6 4 0
6 24 0
6 56 0
7 5 0
7 25 0
7 57 0
8 4 0
8 10 0
8 11 0
8 12 0
9 5 0
9 13 0
9 14 0
9 15 0
10 8 0
10 44 0
10 45 0
10 46 0
11 8 0
11 41 0
11 42 0
11 43 0
12 8 0
12 38 0
12 39 0
12 40 0
13 9 0
13 53 0
13 54 0
13 55 0
14 9 0
14 50 0
14 51 0
14 52 0
15 9 0
15 47 0
15 48 0
15 49 0
16 0 0
16 4 0
16 18 0
17 1 0
17 5 0
17 19 0
18 16 0
18 20 0
18 21 0
19 17 0
19 20 0
19 22 0
20 18 0
20 19 0
20 58 0
21 18 0
21 23 0
21 59 0
22 19 0
22 23 0
22 60 0
23 21 0
23 22 0
23 61 0
24 2 0
24 6 0
24 26 0
25 3 0
25 7 0
25 27 0
26 24 0
26 28 0
26 29 0
27 25 0
27 30 0
27 31 0
28 26 0
28 32 0
28 62 0
29 26 0
29 33 0
29 63 0
30 27 0
30 34 0
30 64 0
31 27 0
31 35 0
31 65 0
32 28 0
32 36 0
32 66 0
33 29 0
33 36 0
33 67 0
34 30 0
34 37 0
34 68 0
35 31 0
35 37 0
35 69 0
36 32 0
36 33 0
36 70 0
37 34 0
37 35 0
37 71 0
38 12 0
39 12 0
40 12 0
41 11 0
42 11 0
43 11 0
44 10 0
45 10 0
46 10 0
47 15 0
48 15 0
49 15 0
50 14 0
51 14 0
52 14 0
53 13 0
54 13 0
55 13 0
56 6 0
57 7 0
58 20 0
59 21 0
60 22 0
61 23 0
62 28 0
63 29 0
64 30 0
65 31 0
66 32 0
67 33 0
68 34 0
69 35 0
70 36 0
71 37 0
GraphDataEnd
GraphEnd
NodeEnd
NodeStart
EPTNodeID: 1
AnchorID: 11295
TreeNodeGraphID: 1
Level: 1
SimplifiedLevel: 0
EditOperation: 4 16 18 0 0
AccumulatedOpsCount: 1
AccumulatedOp: 4 16 18 0 0
ChildrenCount: 2
ChildIndices: 2 3
CompletedDBGraphIDsCount: 0
GraphStart
GraphDataStart
ID: 1
NumNodes: 72
NumEdges: 146
NodeLabels
2 2 2 2 3 3 3 3 4 4 4 4 4 4 4 4 4 4 4 4 4 4 4 4 4 4 4 4 4 4 4 4 4 4 4 4 4 4 5 5 5 5 5 5 5 5 5 5 5 5 5 5 5 5 5 5 5 5 5 5 5 5 5 5 5 5 5 5 5 5 5 5 
Edges
0 16 0
1 17 0
2 24 0
3 25 0
4 6 0
4 8 0
4 16 0
5 7 0
5 9 0
5 17 0
6 4 0
6 24 0
6 56 0
7 5 0
7 25 0
7 57 0
8 4 0
8 10 0
8 11 0
8 12 0
9 5 0
9 13 0
9 14 0
9 15 0
10 8 0
10 44 0
10 45 0
10 46 0
11 8 0
11 41 0
11 42 0
11 43 0
12 8 0
12 38 0
12 39 0
12 40 0
13 9 0
13 53 0
13 54 0
13 55 0
14 9 0
14 50 0
14 51 0
14 52 0
15 9 0
15 47 0
15 48 0
15 49 0
16 0 0
16 4 0
17 1 0
17 5 0
17 19 0
18 20 0
18 21 0
19 17 0
19 20 0
19 22 0
20 18 0
20 19 0
20 58 0
21 18 0
21 23 0
21 59 0
22 19 0
22 23 0
22 60 0
23 21 0
23 22 0
23 61 0
24 2 0
24 6 0
24 26 0
25 3 0
25 7 0
25 27 0
26 24 0
26 28 0
26 29 0
27 25 0
27 30 0
27 31 0
28 26 0
28 32 0
28 62 0
29 26 0
29 33 0
29 63 0
30 27 0
30 34 0
30 64 0
31 27 0
31 35 0
31 65 0
32 28 0
32 36 0
32 66 0
33 29 0
33 36 0
33 67 0
34 30 0
34 37 0
34 68 0
35 31 0
35 37 0
35 69 0
36 32 0
36 33 0
36 70 0
37 34 0
37 35 0
37 71 0
38 12 0
39 12 0
40 12 0
41 11 0
42 11 0
43 11 0
44 10 0
45 10 0
46 10 0
47 15 0
48 15 0
49 15 0
50 14 0
51 14 0
52 14 0
53 13 0
54 13 0
55 13 0
56 6 0
57 7 0
58 20 0
59 21 0
60 22 0
61 23 0
62 28 0
63 29 0
64 30 0
65 31 0
66 32 0
67 33 0
68 34 0
69 35 0
70 36 0
71 37 0
GraphDataEnd
GraphEnd
NodeEnd
NodeStart
EPTNodeID: 2
AnchorID: 11295
TreeNodeGraphID: 6
Level: 6
SimplifiedLevel: 0
EditOperation: 5 16 26 0 0
AccumulatedOpsCount: 5
AccumulatedOp: 5 18 69 0 0
AccumulatedOp: 4 24 26 0 0
AccumulatedOp: 5 24 35 0 0
AccumulatedOp: 4 35 69 0 0
AccumulatedOp: 5 16 26 0 0
ChildrenCount: 0
ChildIndices:
CompletedDBGraphIDsCount: 1
CompletedDBGraphID: 1515
GraphStart
GraphDataStart
ID: 6
NumNodes: 72
NumEdges: 148
NodeLabels
2 2 2 2 3 3 3 3 4 4 4 4 4 4 4 4 4 4 4 4 4 4 4 4 4 4 4 4 4 4 4 4 4 4 4 4 4 4 5 5 5 5 5 5 5 5 5 5 5 5 5 5 5 5 5 5 5 5 5 5 5 5 5 5 5 5 5 5 5 5 5 5 
Edges
0 16 0
1 17 0
2 24 0
3 25 0
4 6 0
4 8 0
4 16 0
5 7 0
5 9 0
5 17 0
6 4 0
6 24 0
6 56 0
7 5 0
7 25 0
7 57 0
8 4 0
8 10 0
8 11 0
8 12 0
9 5 0
9 13 0
9 14 0
9 15 0
10 8 0
10 44 0
10 45 0
10 46 0
11 8 0
11 41 0
11 42 0
11 43 0
12 8 0
12 38 0
12 39 0
12 40 0
13 9 0
13 53 0
13 54 0
13 55 0
14 9 0
14 50 0
14 51 0
14 52 0
15 9 0
15 47 0
15 48 0
15 49 0
16 0 0
16 4 0
16 26 0
17 1 0
17 5 0
17 19 0
18 20 0
18 21 0
18 69 0
19 17 0
19 20 0
19 22 0
20 18 0
20 19 0
20 58 0
21 18 0
21 23 0
21 59 0
22 19 0
22 23 0
22 60 0
23 21 0
23 22 0
23 61 0
24 2 0
24 6 0
24 35 0
25 3 0
25 7 0
25 27 0
26 28 0
26 29 0
26 16 0
27 25 0
27 30 0
27 31 0
28 26 0
28 32 0
28 62 0
29 26 0
29 33 0
29 63 0
30 27 0
30 34 0
30 64 0
31 27 0
31 35 0
31 65 0
32 28 0
32 36 0
32 66 0
33 29 0
33 36 0
33 67 0
34 30 0
34 37 0
34 68 0
35 31 0
35 37 0
35 24 0
36 32 0
36 33 0
36 70 0
37 34 0
37 35 0
37 71 0
38 12 0
39 12 0
40 12 0
41 11 0
42 11 0
43 11 0
44 10 0
45 10 0
46 10 0
47 15 0
48 15 0
49 15 0
50 14 0
51 14 0
52 14 0
53 13 0
54 13 0
55 13 0
56 6 0
57 7 0
58 20 0
59 21 0
60 22 0
61 23 0
62 28 0
63 29 0
64 30 0
65 31 0
66 32 0
67 33 0
68 34 0
69 18 0
70 36 0
71 37 0
GraphDataEnd
GraphEnd
NodeEnd
NodeStart
EPTNodeID: 3
AnchorID: 11295
TreeNodeGraphID: 9
Level: 4
SimplifiedLevel: 0
EditOperation: 5 18 59 0 0
AccumulatedOpsCount: 3
AccumulatedOp: 4 21 59 0 0
AccumulatedOp: 5 16 21 0 0
AccumulatedOp: 5 18 59 0 0
ChildrenCount: 0
ChildIndices:
CompletedDBGraphIDsCount: 1
CompletedDBGraphID: 20203
GraphStart
GraphDataStart
ID: 9
NumNodes: 72
NumEdges: 148
NodeLabels
2 2 2 2 3 3 3 3 4 4 4 4 4 4 4 4 4 4 4 4 4 4 4 4 4 4 4 4 4 4 4 4 4 4 4 4 4 4 5 5 5 5 5 5 5 5 5 5 5 5 5 5 5 5 5 5 5 5 5 5 5 5 5 5 5 5 5 5 5 5 5 5 
Edges
0 16 0
1 17 0
2 24 0
3 25 0
4 6 0
4 8 0
4 16 0
5 7 0
5 9 0
5 17 0
6 4 0
6 24 0
6 56 0
7 5 0
7 25 0
7 57 0
8 4 0
8 10 0
8 11 0
8 12 0
9 5 0
9 13 0
9 14 0
9 15 0
10 8 0
10 44 0
10 45 0
10 46 0
11 8 0
11 41 0
11 42 0
11 43 0
12 8 0
12 38 0
12 39 0
12 40 0
13 9 0
13 53 0
13 54 0
13 55 0
14 9 0
14 50 0
14 51 0
14 52 0
15 9 0
15 47 0
15 48 0
15 49 0
16 0 0
16 4 0
16 21 0
17 1 0
17 5 0
17 19 0
18 20 0
18 21 0
18 59 0
19 17 0
19 20 0
19 22 0
20 18 0
20 19 0
20 58 0
21 18 0
21 23 0
21 16 0
22 19 0
22 23 0
22 60 0
23 21 0
23 22 0
23 61 0
24 2 0
24 6 0
24 26 0
25 3 0
25 7 0
25 27 0
26 24 0
26 28 0
26 29 0
27 25 0
27 30 0
27 31 0
28 26 0
28 32 0
28 62 0
29 26 0
29 33 0
29 63 0
30 27 0
30 34 0
30 64 0
31 27 0
31 35 0
31 65 0
32 28 0
32 36 0
32 66 0
33 29 0
33 36 0
33 67 0
34 30 0
34 37 0
34 68 0
35 31 0
35 37 0
35 69 0
36 32 0
36 33 0
36 70 0
37 34 0
37 35 0
37 71 0
38 12 0
39 12 0
40 12 0
41 11 0
42 11 0
43 11 0
44 10 0
45 10 0
46 10 0
47 15 0
48 15 0
49 15 0
50 14 0
51 14 0
52 14 0
53 13 0
54 13 0
55 13 0
56 6 0
57 7 0
58 20 0
59 18 0
60 22 0
61 23 0
62 28 0
63 29 0
64 30 0
65 31 0
66 32 0
67 33 0
68 34 0
69 35 0
70 36 0
71 37 0
GraphDataEnd
GraphEnd
NodeEnd
END_EPT
