BEGIN_EPT
AnchorID: 16227  # ID of the anchor node
RootIndex: 0  # Index of the root node in tree_nodes
NodeCount: 1  # Total number of nodes in the EPT
NodeStart
EPTNodeID: 0
AnchorID: 16227
TreeNodeGraphID: 0
Level: 0
SimplifiedLevel: 0
EditOperation: -1 0 -1 0 0
AccumulatedOpsCount: 0
ChildrenCount: 0
ChildIndices:
CompletedDBGraphIDsCount: 0
GraphStart
GraphDataStart
ID: 0
NumNodes: 69
NumEdges: 142
NodeLabels
6 6 2 2 2 2 2 2 2 2 3 3 4 4 4 4 4 4 4 4 4 4 4 4 4 4 4 4 4 4 4 4 4 4 4 5 5 5 5 5 5 5 5 5 5 5 5 5 5 5 5 5 5 5 5 5 5 5 5 5 5 5 5 5 5 5 5 5 5 
Edges
0 2 0
0 3 0
0 10 0
0 22 0
1 4 0
1 5 0
1 11 0
1 23 0
2 0 0
3 0 0
4 1 0
5 1 0
6 24 0
6 31 0
7 25 0
7 32 0
8 24 0
9 25 0
10 0 0
10 16 0
10 17 0
11 1 0
11 20 0
11 21 0
12 14 0
12 15 0
12 24 0
12 35 0
13 18 0
13 19 0
13 25 0
13 36 0
14 12 0
14 17 0
14 37 0
14 38 0
15 12 0
15 16 0
15 39 0
15 40 0
16 10 0
16 15 0
16 43 0
16 44 0
17 10 0
17 14 0
17 41 0
17 42 0
18 13 0
18 20 0
18 45 0
18 46 0
19 13 0
19 21 0
19 47 0
19 48 0
20 11 0
20 18 0
20 49 0
20 50 0
21 11 0
21 19 0
21 51 0
21 52 0
22 0 0
22 26 0
22 27 0
23 1 0
23 26 0
23 28 0
24 6 0
24 8 0
24 12 0
25 7 0
25 9 0
25 13 0
26 22 0
26 23 0
26 53 0
27 22 0
27 29 0
27 30 0
28 23 0
28 29 0
28 54 0
29 27 0
29 28 0
29 55 0
30 27 0
30 56 0
30 57 0
30 58 0
31 6 0
31 33 0
31 59 0
31 60 0
32 7 0
32 34 0
32 61 0
32 62 0
33 31 0
33 63 0
33 64 0
33 65 0
34 32 0
34 66 0
34 67 0
34 68 0
35 12 0
36 13 0
37 14 0
38 14 0
39 15 0
40 15 0
41 17 0
42 17 0
43 16 0
44 16 0
45 18 0
46 18 0
47 19 0
48 19 0
49 20 0
50 20 0
51 21 0
52 21 0
53 26 0
54 28 0
55 29 0
56 30 0
57 30 0
58 30 0
59 31 0
60 31 0
61 32 0
62 32 0
63 33 0
64 33 0
65 33 0
66 34 0
67 34 0
68 34 0
GraphDataEnd
GraphEnd
NodeEnd
END_EPT
