BEGIN_EPT
AnchorID: 2991  # ID of the anchor node
RootIndex: 0  # Index of the root node in tree_nodes
NodeCount: 2  # Total number of nodes in the EPT
NodeStart
EPTNodeID: 0
AnchorID: 2991
TreeNodeGraphID: 0
Level: 0
SimplifiedLevel: 0
EditOperation: -1 0 -1 0 0
AccumulatedOpsCount: 0
ChildrenCount: 1
ChildIndices: 1
CompletedDBGraphIDsCount: 1
CompletedDBGraphID: 8908
GraphStart
GraphDataStart
ID: 0
NumNodes: 72
NumEdges: 150
NodeLabels
2 2 2 2 2 3 3 4 4 4 4 4 4 4 4 4 4 4 4 4 4 4 4 4 4 4 4 4 4 4 4 4 4 4 4 4 5 5 5 5 5 5 5 5 5 5 5 5 5 5 5 5 5 5 5 5 5 5 5 5 5 5 5 5 5 5 5 5 5 5 5 5 
Edges
0 21 0
0 22 0
1 13 0
2 15 0
3 23 0
3 64 0
4 34 0
4 35 0
5 7 0
5 8 0
5 13 0
6 10 0
6 16 0
6 17 0
7 5 0
7 11 0
7 12 0
7 36 0
8 5 0
8 9 0
8 37 0
8 38 0
9 8 0
9 10 0
9 39 0
9 40 0
10 6 0
10 9 0
10 41 0
10 42 0
11 7 0
11 15 0
11 23 0
12 7 0
12 19 0
12 20 0
13 1 0
13 5 0
13 15 0
14 18 0
14 26 0
14 27 0
14 28 0
15 2 0
15 11 0
15 13 0
16 6 0
16 21 0
16 45 0
16 46 0
17 6 0
17 22 0
17 43 0
17 44 0
18 14 0
18 24 0
18 25 0
19 12 0
19 24 0
19 47 0
20 12 0
20 25 0
20 48 0
21 0 0
21 16 0
21 49 0
21 50 0
22 0 0
22 17 0
22 51 0
22 52 0
23 3 0
23 11 0
23 29 0
24 18 0
24 19 0
24 53 0
25 18 0
25 20 0
25 54 0
26 14 0
26 55 0
26 56 0
26 57 0
27 14 0
27 61 0
27 62 0
27 63 0
28 14 0
28 58 0
28 59 0
28 60 0
29 23 0
29 30 0
29 31 0
30 29 0
30 32 0
30 65 0
31 29 0
31 33 0
31 66 0
32 30 0
32 34 0
32 67 0
33 31 0
33 34 0
33 68 0
34 4 0
34 32 0
34 33 0
35 4 0
35 69 0
35 70 0
35 71 0
36 7 0
37 8 0
38 8 0
39 9 0
40 9 0
41 10 0
42 10 0
43 17 0
44 17 0
45 16 0
46 16 0
47 19 0
48 20 0
49 21 0
50 21 0
51 22 0
52 22 0
53 24 0
54 25 0
55 26 0
56 26 0
57 26 0
58 28 0
59 28 0
60 28 0
61 27 0
62 27 0
63 27 0
64 3 0
65 30 0
66 31 0
67 32 0
68 33 0
69 35 0
70 35 0
71 35 0
GraphDataEnd
GraphEnd
NodeEnd
NodeStart
EPTNodeID: 1
AnchorID: 2991
TreeNodeGraphID: 8
Level: 8
SimplifiedLevel: 0
EditOperation: 1 42 0 5 0
AccumulatedOpsCount: 8
AccumulatedOp: 5 6 9 0 0
AccumulatedOp: 4 6 10 0 0
AccumulatedOp: 4 9 10 0 0
AccumulatedOp: 4 10 41 0 0
AccumulatedOp: 1 41 0 5 0
AccumulatedOp: 4 10 42 0 0
AccumulatedOp: 1 10 0 4 0
AccumulatedOp: 1 42 0 5 0
ChildrenCount: 0
ChildIndices:
CompletedDBGraphIDsCount: 2
CompletedDBGraphID: 14858
CompletedDBGraphID: 8517
GraphStart
GraphDataStart
ID: 8
NumNodes: 69
NumEdges: 144
NodeLabels
2 2 2 2 2 3 3 4 4 4 4 4 4 4 4 4 4 4 4 4 4 4 4 4 4 4 4 4 4 4 4 4 4 4 4 5 5 5 5 5 5 5 5 5 5 5 5 5 5 5 5 5 5 5 5 5 5 5 5 5 5 5 5 5 5 5 5 5 5 
Edges
0 20 0
0 21 0
1 12 0
2 14 0
3 22 0
3 61 0
4 33 0
4 34 0
5 7 0
5 8 0
5 12 0
6 15 0
6 16 0
6 9 0
7 5 0
7 10 0
7 11 0
7 35 0
8 5 0
8 9 0
8 36 0
8 37 0
9 8 0
9 38 0
9 39 0
9 6 0
10 7 0
10 14 0
10 22 0
11 7 0
11 18 0
11 19 0
12 1 0
12 5 0
12 14 0
13 17 0
13 25 0
13 26 0
13 27 0
14 2 0
14 10 0
14 12 0
15 6 0
15 20 0
15 42 0
15 43 0
16 6 0
16 21 0
16 40 0
16 41 0
17 13 0
17 23 0
17 24 0
18 11 0
18 23 0
18 44 0
19 11 0
19 24 0
19 45 0
20 0 0
20 15 0
20 46 0
20 47 0
21 0 0
21 16 0
21 48 0
21 49 0
22 3 0
22 10 0
22 28 0
23 17 0
23 18 0
23 50 0
24 17 0
24 19 0
24 51 0
25 13 0
25 52 0
25 53 0
25 54 0
26 13 0
26 58 0
26 59 0
26 60 0
27 13 0
27 55 0
27 56 0
27 57 0
28 22 0
28 29 0
28 30 0
29 28 0
29 31 0
29 62 0
30 28 0
30 32 0
30 63 0
31 29 0
31 33 0
31 64 0
32 30 0
32 33 0
32 65 0
33 4 0
33 31 0
33 32 0
34 4 0
34 66 0
34 67 0
34 68 0
35 7 0
36 8 0
37 8 0
38 9 0
39 9 0
40 16 0
41 16 0
42 15 0
43 15 0
44 18 0
45 19 0
46 20 0
47 20 0
48 21 0
49 21 0
50 23 0
51 24 0
52 25 0
53 25 0
54 25 0
55 27 0
56 27 0
57 27 0
58 26 0
59 26 0
60 26 0
61 3 0
62 29 0
63 30 0
64 31 0
65 32 0
66 34 0
67 34 0
68 34 0
GraphDataEnd
GraphEnd
NodeEnd
END_EPT
