BEGIN_EPT
AnchorID: 514  # ID of the anchor node
RootIndex: 0  # Index of the root node in tree_nodes
NodeCount: 1  # Total number of nodes in the EPT
NodeStart
EPTNodeID: 0
AnchorID: 514
TreeNodeGraphID: 0
Level: 0
SimplifiedLevel: 0
EditOperation: -1 0 -1 0 0
AccumulatedOpsCount: 0
ChildrenCount: 0
ChildIndices:
CompletedDBGraphIDsCount: 0
GraphStart
GraphDataStart
ID: 0
NumNodes: 74
NumEdges: 158
NodeLabels
2 2 2 3 3 3 4 4 4 4 4 4 4 4 4 4 4 4 4 4 4 4 4 4 4 4 4 4 4 4 4 4 4 4 4 4 4 4 4 4 4 5 5 5 5 5 5 5 5 5 5 5 5 5 5 5 5 5 5 5 5 5 5 5 5 5 5 5 5 5 5 5 5 5 
Edges
0 13 0
1 34 0
1 39 0
2 36 0
2 40 0
3 6 0
3 7 0
3 8 0
4 9 0
4 10 0
4 13 0
5 25 0
5 28 0
6 3 0
6 9 0
6 41 0
6 42 0
7 3 0
7 10 0
7 43 0
7 44 0
8 3 0
8 11 0
8 12 0
8 45 0
9 4 0
9 6 0
9 46 0
9 47 0
10 4 0
10 7 0
10 48 0
10 49 0
11 8 0
11 15 0
11 17 0
12 8 0
12 16 0
12 18 0
13 0 0
13 4 0
13 14 0
14 13 0
14 19 0
14 20 0
15 11 0
15 22 0
15 51 0
16 12 0
16 21 0
16 50 0
17 11 0
17 24 0
17 53 0
18 12 0
18 23 0
18 52 0
19 14 0
19 25 0
19 29 0
20 14 0
20 28 0
20 54 0
21 16 0
21 26 0
21 55 0
22 15 0
22 27 0
22 56 0
23 18 0
23 26 0
23 57 0
24 17 0
24 27 0
24 58 0
25 5 0
25 19 0
25 31 0
26 21 0
26 23 0
26 59 0
27 22 0
27 24 0
27 60 0
28 5 0
28 20 0
28 30 0
29 19 0
29 32 0
29 61 0
30 28 0
30 34 0
30 35 0
31 25 0
31 33 0
31 62 0
32 29 0
32 33 0
32 63 0
33 31 0
33 32 0
33 64 0
34 1 0
34 30 0
34 37 0
35 30 0
35 36 0
35 65 0
36 2 0
36 35 0
36 38 0
37 34 0
37 38 0
37 66 0
38 36 0
38 37 0
38 67 0
39 1 0
39 68 0
39 69 0
39 70 0
40 2 0
40 71 0
40 72 0
40 73 0
41 6 0
42 6 0
43 7 0
44 7 0
45 8 0
46 9 0
47 9 0
48 10 0
49 10 0
50 16 0
51 15 0
52 18 0
53 17 0
54 20 0
55 21 0
56 22 0
57 23 0
58 24 0
59 26 0
60 27 0
61 29 0
62 31 0
63 32 0
64 33 0
65 35 0
66 37 0
67 38 0
68 39 0
69 39 0
70 39 0
71 40 0
72 40 0
73 40 0
GraphDataEnd
GraphEnd
NodeEnd
END_EPT
