BEGIN_EPT
AnchorID: 432  # ID of the anchor node
RootIndex: 0  # Index of the root node in tree_nodes
NodeCount: 5  # Total number of nodes in the EPT
NodeStart
EPTNodeID: 0
AnchorID: 432
TreeNodeGraphID: 0
Level: 0
SimplifiedLevel: 0
EditOperation: -1 0 -1 0 0
AccumulatedOpsCount: 0
ChildrenCount: 1
ChildIndices: 1
CompletedDBGraphIDsCount: 0
GraphStart
GraphDataStart
ID: 0
NumNodes: 55
NumEdges: 116
NodeLabels
7 6 2 2 3 3 3 3 3 3 4 4 4 4 4 4 4 4 4 4 4 4 4 4 4 4 4 4 4 4 4 4 4 4 4 4 5 5 5 5 5 5 5 5 5 5 5 5 5 5 5 5 5 5 5 
Edges
0 35 0
1 30 0
2 15 0
3 21 0
4 5 0
4 15 0
4 16 0
5 4 0
5 11 0
6 7 0
6 21 0
6 48 0
7 6 0
7 30 0
7 49 0
8 29 0
8 30 0
8 50 0
9 28 0
10 11 0
10 12 0
10 13 0
11 5 0
11 10 0
11 14 0
12 10 0
12 17 0
12 18 0
13 10 0
13 15 0
13 28 0
14 11 0
14 19 0
14 20 0
15 2 0
15 4 0
15 13 0
16 4 0
16 21 0
16 36 0
16 37 0
17 12 0
17 22 0
17 38 0
18 12 0
18 23 0
18 39 0
19 14 0
19 24 0
19 40 0
20 14 0
20 25 0
20 41 0
21 3 0
21 6 0
21 16 0
22 17 0
22 26 0
22 42 0
23 18 0
23 26 0
23 43 0
24 19 0
24 27 0
24 44 0
25 20 0
25 27 0
25 45 0
26 22 0
26 23 0
26 46 0
27 24 0
27 25 0
27 47 0
28 9 0
28 13 0
29 8 0
29 31 0
29 32 0
30 1 0
30 7 0
30 8 0
31 29 0
31 33 0
31 51 0
32 29 0
32 34 0
32 52 0
33 31 0
33 35 0
33 53 0
34 32 0
34 35 0
34 54 0
35 0 0
35 33 0
35 34 0
36 16 0
37 16 0
38 17 0
39 18 0
40 19 0
41 20 0
42 22 0
43 23 0
44 24 0
45 25 0
46 26 0
47 27 0
48 6 0
49 7 0
50 8 0
51 31 0
52 32 0
53 33 0
54 34 0
GraphDataEnd
GraphEnd
NodeEnd
NodeStart
EPTNodeID: 1
AnchorID: 432
TreeNodeGraphID: 1
Level: 1
SimplifiedLevel: 0
EditOperation: 0 1 0 6 2
AccumulatedOpsCount: 1
AccumulatedOp: 0 1 0 6 2
ChildrenCount: 3
ChildIndices: 2 3 4
CompletedDBGraphIDsCount: 0
GraphStart
GraphDataStart
ID: 1
NumNodes: 55
NumEdges: 116
NodeLabels
7 2 2 2 3 3 3 3 3 3 4 4 4 4 4 4 4 4 4 4 4 4 4 4 4 4 4 4 4 4 4 4 4 4 4 4 5 5 5 5 5 5 5 5 5 5 5 5 5 5 5 5 5 5 5 
Edges
0 35 0
1 30 0
2 15 0
3 21 0
4 5 0
4 15 0
4 16 0
5 4 0
5 11 0
6 7 0
6 21 0
6 48 0
7 6 0
7 30 0
7 49 0
8 29 0
8 30 0
8 50 0
9 28 0
10 11 0
10 12 0
10 13 0
11 5 0
11 10 0
11 14 0
12 10 0
12 17 0
12 18 0
13 10 0
13 15 0
13 28 0
14 11 0
14 19 0
14 20 0
15 2 0
15 4 0
15 13 0
16 4 0
16 21 0
16 36 0
16 37 0
17 12 0
17 22 0
17 38 0
18 12 0
18 23 0
18 39 0
19 14 0
19 24 0
19 40 0
20 14 0
20 25 0
20 41 0
21 3 0
21 6 0
21 16 0
22 17 0
22 26 0
22 42 0
23 18 0
23 26 0
23 43 0
24 19 0
24 27 0
24 44 0
25 20 0
25 27 0
25 45 0
26 22 0
26 23 0
26 46 0
27 24 0
27 25 0
27 47 0
28 9 0
28 13 0
29 8 0
29 31 0
29 32 0
30 1 0
30 7 0
30 8 0
31 29 0
31 33 0
31 51 0
32 29 0
32 34 0
32 52 0
33 31 0
33 35 0
33 53 0
34 32 0
34 35 0
34 54 0
35 0 0
35 33 0
35 34 0
36 16 0
37 16 0
38 17 0
39 18 0
40 19 0
41 20 0
42 22 0
43 23 0
44 24 0
45 25 0
46 26 0
47 27 0
48 6 0
49 7 0
50 8 0
51 31 0
52 32 0
53 33 0
54 34 0
GraphDataEnd
GraphEnd
NodeEnd
NodeStart
EPTNodeID: 2
AnchorID: 432
TreeNodeGraphID: 2
Level: 2
SimplifiedLevel: 0
EditOperation: 0 0 0 7 5
AccumulatedOpsCount: 1
AccumulatedOp: 0 0 0 7 5
ChildrenCount: 0
ChildIndices:
CompletedDBGraphIDsCount: 1
CompletedDBGraphID: 20845
GraphStart
GraphDataStart
ID: 2
NumNodes: 55
NumEdges: 116
NodeLabels
5 2 2 2 3 3 3 3 3 3 4 4 4 4 4 4 4 4 4 4 4 4 4 4 4 4 4 4 4 4 4 4 4 4 4 4 5 5 5 5 5 5 5 5 5 5 5 5 5 5 5 5 5 5 5 
Edges
0 35 0
1 30 0
2 15 0
3 21 0
4 5 0
4 15 0
4 16 0
5 4 0
5 11 0
6 7 0
6 21 0
6 48 0
7 6 0
7 30 0
7 49 0
8 29 0
8 30 0
8 50 0
9 28 0
10 11 0
10 12 0
10 13 0
11 5 0
11 10 0
11 14 0
12 10 0
12 17 0
12 18 0
13 10 0
13 15 0
13 28 0
14 11 0
14 19 0
14 20 0
15 2 0
15 4 0
15 13 0
16 4 0
16 21 0
16 36 0
16 37 0
17 12 0
17 22 0
17 38 0
18 12 0
18 23 0
18 39 0
19 14 0
19 24 0
19 40 0
20 14 0
20 25 0
20 41 0
21 3 0
21 6 0
21 16 0
22 17 0
22 26 0
22 42 0
23 18 0
23 26 0
23 43 0
24 19 0
24 27 0
24 44 0
25 20 0
25 27 0
25 45 0
26 22 0
26 23 0
26 46 0
27 24 0
27 25 0
27 47 0
28 9 0
28 13 0
29 8 0
29 31 0
29 32 0
30 1 0
30 7 0
30 8 0
31 29 0
31 33 0
31 51 0
32 29 0
32 34 0
32 52 0
33 31 0
33 35 0
33 53 0
34 32 0
34 35 0
34 54 0
35 0 0
35 33 0
35 34 0
36 16 0
37 16 0
38 17 0
39 18 0
40 19 0
41 20 0
42 22 0
43 23 0
44 24 0
45 25 0
46 26 0
47 27 0
48 6 0
49 7 0
50 8 0
51 31 0
52 32 0
53 33 0
54 34 0
GraphDataEnd
GraphEnd
NodeEnd
NodeStart
EPTNodeID: 3
AnchorID: 432
TreeNodeGraphID: 3
Level: 2
SimplifiedLevel: 0
EditOperation: 0 54 0 5 7
AccumulatedOpsCount: 1
AccumulatedOp: 0 54 0 5 7
ChildrenCount: 0
ChildIndices:
CompletedDBGraphIDsCount: 1
CompletedDBGraphID: 12590
GraphStart
GraphDataStart
ID: 3
NumNodes: 55
NumEdges: 116
NodeLabels
7 2 2 2 3 3 3 3 3 3 4 4 4 4 4 4 4 4 4 4 4 4 4 4 4 4 4 4 4 4 4 4 4 4 4 4 5 5 5 5 5 5 5 5 5 5 5 5 5 5 5 5 5 5 7 
Edges
0 35 0
1 30 0
2 15 0
3 21 0
4 5 0
4 15 0
4 16 0
5 4 0
5 11 0
6 7 0
6 21 0
6 48 0
7 6 0
7 30 0
7 49 0
8 29 0
8 30 0
8 50 0
9 28 0
10 11 0
10 12 0
10 13 0
11 5 0
11 10 0
11 14 0
12 10 0
12 17 0
12 18 0
13 10 0
13 15 0
13 28 0
14 11 0
14 19 0
14 20 0
15 2 0
15 4 0
15 13 0
16 4 0
16 21 0
16 36 0
16 37 0
17 12 0
17 22 0
17 38 0
18 12 0
18 23 0
18 39 0
19 14 0
19 24 0
19 40 0
20 14 0
20 25 0
20 41 0
21 3 0
21 6 0
21 16 0
22 17 0
22 26 0
22 42 0
23 18 0
23 26 0
23 43 0
24 19 0
24 27 0
24 44 0
25 20 0
25 27 0
25 45 0
26 22 0
26 23 0
26 46 0
27 24 0
27 25 0
27 47 0
28 9 0
28 13 0
29 8 0
29 31 0
29 32 0
30 1 0
30 7 0
30 8 0
31 29 0
31 33 0
31 51 0
32 29 0
32 34 0
32 52 0
33 31 0
33 35 0
33 53 0
34 32 0
34 35 0
34 54 0
35 0 0
35 33 0
35 34 0
36 16 0
37 16 0
38 17 0
39 18 0
40 19 0
41 20 0
42 22 0
43 23 0
44 24 0
45 25 0
46 26 0
47 27 0
48 6 0
49 7 0
50 8 0
51 31 0
52 32 0
53 33 0
54 34 0
GraphDataEnd
GraphEnd
NodeEnd
NodeStart
EPTNodeID: 4
AnchorID: 432
TreeNodeGraphID: 10
Level: 8
SimplifiedLevel: 0
EditOperation: 5 0 57 0 0
AccumulatedOpsCount: 7
AccumulatedOp: 0 0 0 7 4
AccumulatedOp: 2 55 0 0 5
AccumulatedOp: 5 0 55 0 0
AccumulatedOp: 2 56 0 0 5
AccumulatedOp: 5 0 56 0 0
AccumulatedOp: 2 57 0 0 5
AccumulatedOp: 5 0 57 0 0
ChildrenCount: 0
ChildIndices:
CompletedDBGraphIDsCount: 1
CompletedDBGraphID: 9796
GraphStart
GraphDataStart
ID: 10
NumNodes: 58
NumEdges: 122
NodeLabels
4 2 2 2 3 3 3 3 3 3 4 4 4 4 4 4 4 4 4 4 4 4 4 4 4 4 4 4 4 4 4 4 4 4 4 4 5 5 5 5 5 5 5 5 5 5 5 5 5 5 5 5 5 5 5 5 5 5 
Edges
0 35 0
0 55 0
0 56 0
0 57 0
1 30 0
2 15 0
3 21 0
4 5 0
4 15 0
4 16 0
5 4 0
5 11 0
6 7 0
6 21 0
6 48 0
7 6 0
7 30 0
7 49 0
8 29 0
8 30 0
8 50 0
9 28 0
10 11 0
10 12 0
10 13 0
11 5 0
11 10 0
11 14 0
12 10 0
12 17 0
12 18 0
13 10 0
13 15 0
13 28 0
14 11 0
14 19 0
14 20 0
15 2 0
15 4 0
15 13 0
16 4 0
16 21 0
16 36 0
16 37 0
17 12 0
17 22 0
17 38 0
18 12 0
18 23 0
18 39 0
19 14 0
19 24 0
19 40 0
20 14 0
20 25 0
20 41 0
21 3 0
21 6 0
21 16 0
22 17 0
22 26 0
22 42 0
23 18 0
23 26 0
23 43 0
24 19 0
24 27 0
24 44 0
25 20 0
25 27 0
25 45 0
26 22 0
26 23 0
26 46 0
27 24 0
27 25 0
27 47 0
28 9 0
28 13 0
29 8 0
29 31 0
29 32 0
30 1 0
30 7 0
30 8 0
31 29 0
31 33 0
31 51 0
32 29 0
32 34 0
32 52 0
33 31 0
33 35 0
33 53 0
34 32 0
34 35 0
34 54 0
35 0 0
35 33 0
35 34 0
36 16 0
37 16 0
38 17 0
39 18 0
40 19 0
41 20 0
42 22 0
43 23 0
44 24 0
45 25 0
46 26 0
47 27 0
48 6 0
49 7 0
50 8 0
51 31 0
52 32 0
53 33 0
54 34 0
55 0 0
56 0 0
57 0 0
GraphDataEnd
GraphEnd
NodeEnd
END_EPT
