BEGIN_EPT
AnchorID: 19137  # ID of the anchor node
RootIndex: 0  # Index of the root node in tree_nodes
NodeCount: 1  # Total number of nodes in the EPT
NodeStart
EPTNodeID: 0
AnchorID: 19137
TreeNodeGraphID: 0
Level: 0
SimplifiedLevel: 0
EditOperation: -1 0 -1 0 0
AccumulatedOpsCount: 0
ChildrenCount: 0
ChildIndices:
CompletedDBGraphIDsCount: 0
GraphStart
GraphDataStart
ID: 0
NumNodes: 82
NumEdges: 174
NodeLabels
2 2 2 2 3 3 3 3 3 3 4 4 4 4 4 4 4 4 4 4 4 4 4 4 4 4 4 4 4 4 4 4 4 4 4 4 4 4 4 4 4 4 5 5 5 5 5 5 5 5 5 5 5 5 5 5 5 5 5 5 5 5 5 5 5 5 5 5 5 5 5 5 5 5 5 5 5 5 5 5 5 5 
Edges
0 18 0
1 19 0
2 20 0
3 21 0
4 10 0
4 12 0
4 16 0
5 11 0
5 13 0
5 17 0
6 10 0
6 14 0
6 18 0
7 11 0
7 14 0
7 19 0
8 12 0
8 15 0
8 20 0
9 13 0
9 15 0
9 21 0
10 4 0
10 6 0
10 11 0
10 42 0
11 5 0
11 7 0
11 10 0
11 43 0
12 4 0
12 8 0
12 13 0
12 44 0
13 5 0
13 9 0
13 12 0
13 45 0
14 6 0
14 7 0
14 15 0
14 46 0
15 8 0
15 9 0
15 14 0
15 47 0
16 4 0
16 22 0
16 48 0
16 49 0
17 5 0
17 23 0
17 50 0
17 51 0
18 0 0
18 6 0
18 24 0
19 1 0
19 7 0
19 25 0
20 2 0
20 8 0
20 26 0
21 3 0
21 9 0
21 27 0
22 16 0
22 32 0
22 34 0
23 17 0
23 33 0
23 35 0
24 18 0
24 28 0
24 52 0
24 53 0
25 19 0
25 29 0
25 54 0
25 55 0
26 20 0
26 30 0
26 56 0
26 57 0
27 21 0
27 31 0
27 58 0
27 59 0
28 24 0
28 60 0
28 61 0
28 62 0
29 25 0
29 63 0
29 64 0
29 65 0
30 26 0
30 66 0
30 67 0
30 68 0
31 27 0
31 69 0
31 70 0
31 71 0
32 22 0
32 36 0
32 72 0
33 23 0
33 37 0
33 73 0
34 22 0
34 38 0
34 74 0
35 23 0
35 39 0
35 75 0
36 32 0
36 40 0
36 76 0
37 33 0
37 41 0
37 77 0
38 34 0
38 40 0
38 78 0
39 35 0
39 41 0
39 79 0
40 36 0
40 38 0
40 80 0
41 37 0
41 39 0
41 81 0
42 10 0
43 11 0
44 12 0
45 13 0
46 14 0
47 15 0
48 16 0
49 16 0
50 17 0
51 17 0
52 24 0
53 24 0
54 25 0
55 25 0
56 26 0
57 26 0
58 27 0
59 27 0
60 28 0
61 28 0
62 28 0
63 29 0
64 29 0
65 29 0
66 30 0
67 30 0
68 30 0
69 31 0
70 31 0
71 31 0
72 32 0
73 33 0
74 34 0
75 35 0
76 36 0
77 37 0
78 38 0
79 39 0
80 40 0
81 41 0
GraphDataEnd
GraphEnd
NodeEnd
END_EPT
