BEGIN_EPT
AnchorID: 14591  # ID of the anchor node
RootIndex: 0  # Index of the root node in tree_nodes
NodeCount: 1  # Total number of nodes in the EPT
NodeStart
EPTNodeID: 0
AnchorID: 14591
TreeNodeGraphID: 0
Level: 0
SimplifiedLevel: 0
EditOperation: -1 0 -1 0 0
AccumulatedOpsCount: 0
ChildrenCount: 0
ChildIndices:
CompletedDBGraphIDsCount: 2
CompletedDBGraphID: 656
CompletedDBGraphID: 21268
GraphStart
GraphDataStart
ID: 0
NumNodes: 76
NumEdges: 164
NodeLabels
2 2 3 3 3 3 4 4 4 4 4 4 4 4 4 4 4 4 4 4 4 4 4 4 4 4 4 4 4 4 4 4 4 4 4 4 4 4 4 4 5 5 5 5 5 5 5 5 5 5 5 5 5 5 5 5 5 5 5 5 5 5 5 5 5 5 5 5 5 5 5 5 5 5 5 5 
Edges
0 12 0
0 58 0
1 13 0
1 59 0
2 8 0
2 9 0
2 10 0
3 6 0
3 7 0
3 11 0
4 14 0
4 16 0
4 17 0
5 15 0
5 18 0
5 19 0
6 3 0
6 8 0
6 46 0
6 47 0
7 3 0
7 9 0
7 44 0
7 45 0
8 2 0
8 6 0
8 42 0
8 43 0
9 2 0
9 7 0
9 40 0
9 41 0
10 2 0
10 12 0
10 48 0
10 49 0
11 3 0
11 13 0
11 50 0
11 51 0
12 0 0
12 10 0
12 14 0
12 52 0
13 1 0
13 11 0
13 15 0
13 53 0
14 4 0
14 12 0
14 54 0
14 55 0
15 5 0
15 13 0
15 56 0
15 57 0
16 4 0
16 23 0
16 27 0
17 4 0
17 22 0
17 26 0
18 5 0
18 21 0
18 25 0
19 5 0
19 20 0
19 24 0
20 19 0
20 21 0
20 28 0
21 18 0
21 20 0
21 29 0
22 17 0
22 23 0
22 30 0
23 16 0
23 22 0
23 31 0
24 19 0
24 33 0
24 63 0
25 18 0
25 32 0
25 62 0
26 17 0
26 35 0
26 61 0
27 16 0
27 34 0
27 60 0
28 20 0
28 39 0
28 67 0
29 21 0
29 38 0
29 66 0
30 22 0
30 37 0
30 65 0
31 23 0
31 36 0
31 64 0
32 25 0
32 38 0
32 70 0
33 24 0
33 39 0
33 71 0
34 27 0
34 36 0
34 68 0
35 26 0
35 37 0
35 69 0
36 31 0
36 34 0
36 74 0
37 30 0
37 35 0
37 75 0
38 29 0
38 32 0
38 72 0
39 28 0
39 33 0
39 73 0
40 9 0
41 9 0
42 8 0
43 8 0
44 7 0
45 7 0
46 6 0
47 6 0
48 10 0
49 10 0
50 11 0
51 11 0
52 12 0
53 13 0
54 14 0
55 14 0
56 15 0
57 15 0
58 0 0
59 1 0
60 27 0
61 26 0
62 25 0
63 24 0
64 31 0
65 30 0
66 29 0
67 28 0
68 34 0
69 35 0
70 32 0
71 33 0
72 38 0
73 39 0
74 36 0
75 37 0
GraphDataEnd
GraphEnd
NodeEnd
END_EPT
