BEGIN_EPT
AnchorID: 16243  # ID of the anchor node
RootIndex: 0  # Index of the root node in tree_nodes
NodeCount: 8  # Total number of nodes in the EPT
NodeStart
EPTNodeID: 0
AnchorID: 16243
TreeNodeGraphID: 0
Level: 0
SimplifiedLevel: 0
EditOperation: -1 0 -1 0 0
AccumulatedOpsCount: 0
ChildrenCount: 1
ChildIndices: 1
CompletedDBGraphIDsCount: 0
GraphStart
GraphDataStart
ID: 0
NumNodes: 59
NumEdges: 122
NodeLabels
7 6 2 2 2 3 3 4 4 4 4 4 4 4 4 4 4 4 4 4 4 4 4 4 4 4 4 4 5 5 5 5 5 5 5 5 5 5 5 5 5 5 5 5 5 5 5 5 5 5 5 5 5 5 5 5 5 5 5 
Edges
0 27 0
1 2 0
1 3 0
1 5 0
1 22 0
2 1 0
3 1 0
4 21 0
5 1 0
5 7 0
5 16 0
6 13 0
6 21 0
6 54 0
7 5 0
7 8 0
7 9 0
7 28 0
8 7 0
8 10 0
8 31 0
8 32 0
9 7 0
9 11 0
9 29 0
9 30 0
10 8 0
10 12 0
10 35 0
10 36 0
11 9 0
11 12 0
11 33 0
11 34 0
12 10 0
12 11 0
12 37 0
12 38 0
13 6 0
13 14 0
13 15 0
13 39 0
14 13 0
14 17 0
14 42 0
14 43 0
15 13 0
15 18 0
15 40 0
15 41 0
16 5 0
16 21 0
16 44 0
16 45 0
17 14 0
17 20 0
17 48 0
17 49 0
18 15 0
18 19 0
18 46 0
18 47 0
19 18 0
19 20 0
19 50 0
19 51 0
20 17 0
20 19 0
20 52 0
20 53 0
21 4 0
21 6 0
21 16 0
22 1 0
22 23 0
22 24 0
23 22 0
23 25 0
23 55 0
24 22 0
24 26 0
24 56 0
25 23 0
25 27 0
25 57 0
26 24 0
26 27 0
26 58 0
27 0 0
27 25 0
27 26 0
28 7 0
29 9 0
30 9 0
31 8 0
32 8 0
33 11 0
34 11 0
35 10 0
36 10 0
37 12 0
38 12 0
39 13 0
40 15 0
41 15 0
42 14 0
43 14 0
44 16 0
45 16 0
46 18 0
47 18 0
48 17 0
49 17 0
50 19 0
51 19 0
52 20 0
53 20 0
54 6 0
55 23 0
56 24 0
57 25 0
58 26 0
GraphDataEnd
GraphEnd
NodeEnd
NodeStart
EPTNodeID: 1
AnchorID: 16243
TreeNodeGraphID: 1
Level: 1
SimplifiedLevel: 0
EditOperation: 4 6 54 0 0
AccumulatedOpsCount: 1
AccumulatedOp: 4 6 54 0 0
ChildrenCount: 2
ChildIndices: 2 7
CompletedDBGraphIDsCount: 0
GraphStart
GraphDataStart
ID: 1
NumNodes: 59
NumEdges: 120
NodeLabels
7 6 2 2 2 3 3 4 4 4 4 4 4 4 4 4 4 4 4 4 4 4 4 4 4 4 4 4 5 5 5 5 5 5 5 5 5 5 5 5 5 5 5 5 5 5 5 5 5 5 5 5 5 5 5 5 5 5 5 
Edges
0 27 0
1 2 0
1 3 0
1 5 0
1 22 0
2 1 0
3 1 0
4 21 0
5 1 0
5 7 0
5 16 0
6 13 0
6 21 0
7 5 0
7 8 0
7 9 0
7 28 0
8 7 0
8 10 0
8 31 0
8 32 0
9 7 0
9 11 0
9 29 0
9 30 0
10 8 0
10 12 0
10 35 0
10 36 0
11 9 0
11 12 0
11 33 0
11 34 0
12 10 0
12 11 0
12 37 0
12 38 0
13 6 0
13 14 0
13 15 0
13 39 0
14 13 0
14 17 0
14 42 0
14 43 0
15 13 0
15 18 0
15 40 0
15 41 0
16 5 0
16 21 0
16 44 0
16 45 0
17 14 0
17 20 0
17 48 0
17 49 0
18 15 0
18 19 0
18 46 0
18 47 0
19 18 0
19 20 0
19 50 0
19 51 0
20 17 0
20 19 0
20 52 0
20 53 0
21 4 0
21 6 0
21 16 0
22 1 0
22 23 0
22 24 0
23 22 0
23 25 0
23 55 0
24 22 0
24 26 0
24 56 0
25 23 0
25 27 0
25 57 0
26 24 0
26 27 0
26 58 0
27 0 0
27 25 0
27 26 0
28 7 0
29 9 0
30 9 0
31 8 0
32 8 0
33 11 0
34 11 0
35 10 0
36 10 0
37 12 0
38 12 0
39 13 0
40 15 0
41 15 0
42 14 0
43 14 0
44 16 0
45 16 0
46 18 0
47 18 0
48 17 0
49 17 0
50 19 0
51 19 0
52 20 0
53 20 0
55 23 0
56 24 0
57 25 0
58 26 0
GraphDataEnd
GraphEnd
NodeEnd
NodeStart
EPTNodeID: 2
AnchorID: 16243
TreeNodeGraphID: 2
Level: 2
SimplifiedLevel: 0
EditOperation: 1 54 0 5 0
AccumulatedOpsCount: 1
AccumulatedOp: 1 54 0 5 0
ChildrenCount: 2
ChildIndices: 3 6
CompletedDBGraphIDsCount: 0
GraphStart
GraphDataStart
ID: 2
NumNodes: 58
NumEdges: 120
NodeLabels
7 6 2 2 2 3 3 4 4 4 4 4 4 4 4 4 4 4 4 4 4 4 4 4 4 4 4 4 5 5 5 5 5 5 5 5 5 5 5 5 5 5 5 5 5 5 5 5 5 5 5 5 5 5 5 5 5 5 
Edges
0 27 0
1 2 0
1 3 0
1 5 0
1 22 0
2 1 0
3 1 0
4 21 0
5 1 0
5 7 0
5 16 0
6 13 0
6 21 0
7 5 0
7 8 0
7 9 0
7 28 0
8 7 0
8 10 0
8 31 0
8 32 0
9 7 0
9 11 0
9 29 0
9 30 0
10 8 0
10 12 0
10 35 0
10 36 0
11 9 0
11 12 0
11 33 0
11 34 0
12 10 0
12 11 0
12 37 0
12 38 0
13 6 0
13 14 0
13 15 0
13 39 0
14 13 0
14 17 0
14 42 0
14 43 0
15 13 0
15 18 0
15 40 0
15 41 0
16 5 0
16 21 0
16 44 0
16 45 0
17 14 0
17 20 0
17 48 0
17 49 0
18 15 0
18 19 0
18 46 0
18 47 0
19 18 0
19 20 0
19 50 0
19 51 0
20 17 0
20 19 0
20 52 0
20 53 0
21 4 0
21 6 0
21 16 0
22 1 0
22 23 0
22 24 0
23 22 0
23 25 0
23 54 0
24 22 0
24 26 0
24 55 0
25 23 0
25 27 0
25 56 0
26 24 0
26 27 0
26 57 0
27 0 0
27 25 0
27 26 0
28 7 0
29 9 0
30 9 0
31 8 0
32 8 0
33 11 0
34 11 0
35 10 0
36 10 0
37 12 0
38 12 0
39 13 0
40 15 0
41 15 0
42 14 0
43 14 0
44 16 0
45 16 0
46 18 0
47 18 0
48 17 0
49 17 0
50 19 0
51 19 0
52 20 0
53 20 0
54 23 0
55 24 0
56 25 0
57 26 0
GraphDataEnd
GraphEnd
NodeEnd
NodeStart
EPTNodeID: 3
AnchorID: 16243
TreeNodeGraphID: 9
Level: 9
SimplifiedLevel: 0
EditOperation: 1 43 0 5 0
AccumulatedOpsCount: 7
AccumulatedOp: 4 14 17 0 0
AccumulatedOp: 5 6 17 0 0
AccumulatedOp: 0 14 0 4 5
AccumulatedOp: 4 14 42 0 0
AccumulatedOp: 1 42 0 5 0
AccumulatedOp: 4 14 43 0 0
AccumulatedOp: 1 43 0 5 0
ChildrenCount: 2
ChildIndices: 4 5
CompletedDBGraphIDsCount: 0
GraphStart
GraphDataStart
ID: 9
NumNodes: 56
NumEdges: 116
NodeLabels
7 6 2 2 2 3 3 4 4 4 4 4 4 4 5 4 4 4 4 4 4 4 4 4 4 4 4 4 5 5 5 5 5 5 5 5 5 5 5 5 5 5 5 5 5 5 5 5 5 5 5 5 5 5 5 5 
Edges
0 27 0
1 2 0
1 3 0
1 5 0
1 22 0
2 1 0
3 1 0
4 21 0
5 1 0
5 7 0
5 16 0
6 13 0
6 21 0
6 17 0
7 5 0
7 8 0
7 9 0
7 28 0
8 7 0
8 10 0
8 31 0
8 32 0
9 7 0
9 11 0
9 29 0
9 30 0
10 8 0
10 12 0
10 35 0
10 36 0
11 9 0
11 12 0
11 33 0
11 34 0
12 10 0
12 11 0
12 37 0
12 38 0
13 6 0
13 14 0
13 15 0
13 39 0
14 13 0
15 13 0
15 18 0
15 40 0
15 41 0
16 5 0
16 21 0
16 42 0
16 43 0
17 20 0
17 46 0
17 47 0
17 6 0
18 15 0
18 19 0
18 44 0
18 45 0
19 18 0
19 20 0
19 48 0
19 49 0
20 17 0
20 19 0
20 50 0
20 51 0
21 4 0
21 6 0
21 16 0
22 1 0
22 23 0
22 24 0
23 22 0
23 25 0
23 52 0
24 22 0
24 26 0
24 53 0
25 23 0
25 27 0
25 54 0
26 24 0
26 27 0
26 55 0
27 0 0
27 25 0
27 26 0
28 7 0
29 9 0
30 9 0
31 8 0
32 8 0
33 11 0
34 11 0
35 10 0
36 10 0
37 12 0
38 12 0
39 13 0
40 15 0
41 15 0
42 16 0
43 16 0
44 18 0
45 18 0
46 17 0
47 17 0
48 19 0
49 19 0
50 20 0
51 20 0
52 23 0
53 24 0
54 25 0
55 26 0
GraphDataEnd
GraphEnd
NodeEnd
NodeStart
EPTNodeID: 4
AnchorID: 16243
TreeNodeGraphID: 10
Level: 10
SimplifiedLevel: 0
EditOperation: 0 0 0 7 1
AccumulatedOpsCount: 1
AccumulatedOp: 0 0 0 7 1
ChildrenCount: 0
ChildIndices:
CompletedDBGraphIDsCount: 1
CompletedDBGraphID: 8938
GraphStart
GraphDataStart
ID: 10
NumNodes: 56
NumEdges: 116
NodeLabels
1 6 2 2 2 3 3 4 4 4 4 4 4 4 5 4 4 4 4 4 4 4 4 4 4 4 4 4 5 5 5 5 5 5 5 5 5 5 5 5 5 5 5 5 5 5 5 5 5 5 5 5 5 5 5 5 
Edges
0 27 0
1 2 0
1 3 0
1 5 0
1 22 0
2 1 0
3 1 0
4 21 0
5 1 0
5 7 0
5 16 0
6 13 0
6 21 0
6 17 0
7 5 0
7 8 0
7 9 0
7 28 0
8 7 0
8 10 0
8 31 0
8 32 0
9 7 0
9 11 0
9 29 0
9 30 0
10 8 0
10 12 0
10 35 0
10 36 0
11 9 0
11 12 0
11 33 0
11 34 0
12 10 0
12 11 0
12 37 0
12 38 0
13 6 0
13 14 0
13 15 0
13 39 0
14 13 0
15 13 0
15 18 0
15 40 0
15 41 0
16 5 0
16 21 0
16 42 0
16 43 0
17 20 0
17 46 0
17 47 0
17 6 0
18 15 0
18 19 0
18 44 0
18 45 0
19 18 0
19 20 0
19 48 0
19 49 0
20 17 0
20 19 0
20 50 0
20 51 0
21 4 0
21 6 0
21 16 0
22 1 0
22 23 0
22 24 0
23 22 0
23 25 0
23 52 0
24 22 0
24 26 0
24 53 0
25 23 0
25 27 0
25 54 0
26 24 0
26 27 0
26 55 0
27 0 0
27 25 0
27 26 0
28 7 0
29 9 0
30 9 0
31 8 0
32 8 0
33 11 0
34 11 0
35 10 0
36 10 0
37 12 0
38 12 0
39 13 0
40 15 0
41 15 0
42 16 0
43 16 0
44 18 0
45 18 0
46 17 0
47 17 0
48 19 0
49 19 0
50 20 0
51 20 0
52 23 0
53 24 0
54 25 0
55 26 0
GraphDataEnd
GraphEnd
NodeEnd
NodeStart
EPTNodeID: 5
AnchorID: 16243
TreeNodeGraphID: 11
Level: 10
SimplifiedLevel: 0
EditOperation: 0 0 0 7 8
AccumulatedOpsCount: 1
AccumulatedOp: 0 0 0 7 8
ChildrenCount: 0
ChildIndices:
CompletedDBGraphIDsCount: 1
CompletedDBGraphID: 2646
GraphStart
GraphDataStart
ID: 11
NumNodes: 56
NumEdges: 116
NodeLabels
8 6 2 2 2 3 3 4 4 4 4 4 4 4 5 4 4 4 4 4 4 4 4 4 4 4 4 4 5 5 5 5 5 5 5 5 5 5 5 5 5 5 5 5 5 5 5 5 5 5 5 5 5 5 5 5 
Edges
0 27 0
1 2 0
1 3 0
1 5 0
1 22 0
2 1 0
3 1 0
4 21 0
5 1 0
5 7 0
5 16 0
6 13 0
6 21 0
6 17 0
7 5 0
7 8 0
7 9 0
7 28 0
8 7 0
8 10 0
8 31 0
8 32 0
9 7 0
9 11 0
9 29 0
9 30 0
10 8 0
10 12 0
10 35 0
10 36 0
11 9 0
11 12 0
11 33 0
11 34 0
12 10 0
12 11 0
12 37 0
12 38 0
13 6 0
13 14 0
13 15 0
13 39 0
14 13 0
15 13 0
15 18 0
15 40 0
15 41 0
16 5 0
16 21 0
16 42 0
16 43 0
17 20 0
17 46 0
17 47 0
17 6 0
18 15 0
18 19 0
18 44 0
18 45 0
19 18 0
19 20 0
19 48 0
19 49 0
20 17 0
20 19 0
20 50 0
20 51 0
21 4 0
21 6 0
21 16 0
22 1 0
22 23 0
22 24 0
23 22 0
23 25 0
23 52 0
24 22 0
24 26 0
24 53 0
25 23 0
25 27 0
25 54 0
26 24 0
26 27 0
26 55 0
27 0 0
27 25 0
27 26 0
28 7 0
29 9 0
30 9 0
31 8 0
32 8 0
33 11 0
34 11 0
35 10 0
36 10 0
37 12 0
38 12 0
39 13 0
40 15 0
41 15 0
42 16 0
43 16 0
44 18 0
45 18 0
46 17 0
47 17 0
48 19 0
49 19 0
50 20 0
51 20 0
52 23 0
53 24 0
54 25 0
55 26 0
GraphDataEnd
GraphEnd
NodeEnd
NodeStart
EPTNodeID: 6
AnchorID: 16243
TreeNodeGraphID: 19
Level: 10
SimplifiedLevel: 0
EditOperation: 1 41 0 5 0
AccumulatedOpsCount: 8
AccumulatedOp: 4 15 40 0 0
AccumulatedOp: 0 0 0 7 5
AccumulatedOp: 0 15 0 4 5
AccumulatedOp: 5 6 18 0 0
AccumulatedOp: 1 40 0 5 0
AccumulatedOp: 4 15 18 0 0
AccumulatedOp: 4 15 41 0 0
AccumulatedOp: 1 41 0 5 0
ChildrenCount: 0
ChildIndices:
CompletedDBGraphIDsCount: 1
CompletedDBGraphID: 13014
GraphStart
GraphDataStart
ID: 19
NumNodes: 56
NumEdges: 116
NodeLabels
5 6 2 2 2 3 3 4 4 4 4 4 4 4 4 5 4 4 4 4 4 4 4 4 4 4 4 4 5 5 5 5 5 5 5 5 5 5 5 5 5 5 5 5 5 5 5 5 5 5 5 5 5 5 5 5 
Edges
0 27 0
1 2 0
1 3 0
1 5 0
1 22 0
2 1 0
3 1 0
4 21 0
5 1 0
5 7 0
5 16 0
6 13 0
6 21 0
6 18 0
7 5 0
7 8 0
7 9 0
7 28 0
8 7 0
8 10 0
8 31 0
8 32 0
9 7 0
9 11 0
9 29 0
9 30 0
10 8 0
10 12 0
10 35 0
10 36 0
11 9 0
11 12 0
11 33 0
11 34 0
12 10 0
12 11 0
12 37 0
12 38 0
13 6 0
13 14 0
13 15 0
13 39 0
14 13 0
14 17 0
14 40 0
14 41 0
15 13 0
16 5 0
16 21 0
16 42 0
16 43 0
17 14 0
17 20 0
17 46 0
17 47 0
18 19 0
18 44 0
18 45 0
18 6 0
19 18 0
19 20 0
19 48 0
19 49 0
20 17 0
20 19 0
20 50 0
20 51 0
21 4 0
21 6 0
21 16 0
22 1 0
22 23 0
22 24 0
23 22 0
23 25 0
23 52 0
24 22 0
24 26 0
24 53 0
25 23 0
25 27 0
25 54 0
26 24 0
26 27 0
26 55 0
27 0 0
27 25 0
27 26 0
28 7 0
29 9 0
30 9 0
31 8 0
32 8 0
33 11 0
34 11 0
35 10 0
36 10 0
37 12 0
38 12 0
39 13 0
40 14 0
41 14 0
42 16 0
43 16 0
44 18 0
45 18 0
46 17 0
47 17 0
48 19 0
49 19 0
50 20 0
51 20 0
52 23 0
53 24 0
54 25 0
55 26 0
GraphDataEnd
GraphEnd
NodeEnd
NodeStart
EPTNodeID: 7
AnchorID: 16243
TreeNodeGraphID: 27
Level: 9
SimplifiedLevel: 0
EditOperation: 5 0 15 0 0
AccumulatedOpsCount: 8
AccumulatedOp: 0 0 0 7 5
AccumulatedOp: 4 0 27 0 0
AccumulatedOp: 4 13 15 0 0
AccumulatedOp: 5 13 54 0 0
AccumulatedOp: 4 15 18 0 0
AccumulatedOp: 5 6 18 0 0
AccumulatedOp: 5 15 27 0 0
AccumulatedOp: 5 0 15 0 0
ChildrenCount: 0
ChildIndices:
CompletedDBGraphIDsCount: 1
CompletedDBGraphID: 1054
GraphStart
GraphDataStart
ID: 27
NumNodes: 59
NumEdges: 122
NodeLabels
5 6 2 2 2 3 3 4 4 4 4 4 4 4 4 4 4 4 4 4 4 4 4 4 4 4 4 4 5 5 5 5 5 5 5 5 5 5 5 5 5 5 5 5 5 5 5 5 5 5 5 5 5 5 5 5 5 5 5 
Edges
0 15 0
1 2 0
1 3 0
1 5 0
1 22 0
2 1 0
3 1 0
4 21 0
5 1 0
5 7 0
5 16 0
6 13 0
6 21 0
6 18 0
7 5 0
7 8 0
7 9 0
7 28 0
8 7 0
8 10 0
8 31 0
8 32 0
9 7 0
9 11 0
9 29 0
9 30 0
10 8 0
10 12 0
10 35 0
10 36 0
11 9 0
11 12 0
11 33 0
11 34 0
12 10 0
12 11 0
12 37 0
12 38 0
13 6 0
13 14 0
13 39 0
13 54 0
14 13 0
14 17 0
14 42 0
14 43 0
15 40 0
15 41 0
15 27 0
15 0 0
16 5 0
16 21 0
16 44 0
16 45 0
17 14 0
17 20 0
17 48 0
17 49 0
18 19 0
18 46 0
18 47 0
18 6 0
19 18 0
19 20 0
19 50 0
19 51 0
20 17 0
20 19 0
20 52 0
20 53 0
21 4 0
21 6 0
21 16 0
22 1 0
22 23 0
22 24 0
23 22 0
23 25 0
23 55 0
24 22 0
24 26 0
24 56 0
25 23 0
25 27 0
25 57 0
26 24 0
26 27 0
26 58 0
27 25 0
27 26 0
27 15 0
28 7 0
29 9 0
30 9 0
31 8 0
32 8 0
33 11 0
34 11 0
35 10 0
36 10 0
37 12 0
38 12 0
39 13 0
40 15 0
41 15 0
42 14 0
43 14 0
44 16 0
45 16 0
46 18 0
47 18 0
48 17 0
49 17 0
50 19 0
51 19 0
52 20 0
53 20 0
54 13 0
55 23 0
56 24 0
57 25 0
58 26 0
GraphDataEnd
GraphEnd
NodeEnd
END_EPT
