BEGIN_EPT
AnchorID: 16784  # ID of the anchor node
RootIndex: 0  # Index of the root node in tree_nodes
NodeCount: 6  # Total number of nodes in the EPT
NodeStart
EPTNodeID: 0
AnchorID: 16784
TreeNodeGraphID: 0
Level: 0
SimplifiedLevel: 0
EditOperation: -1 0 -1 0 0
AccumulatedOpsCount: 0
ChildrenCount: 1
ChildIndices: 1
CompletedDBGraphIDsCount: 0
GraphStart
GraphDataStart
ID: 0
NumNodes: 60
NumEdges: 124
NodeLabels
6 2 2 2 2 2 3 3 3 3 4 4 4 4 4 4 4 4 4 4 4 4 4 4 4 4 4 4 4 4 4 4 5 5 5 5 5 5 5 5 5 5 5 5 5 5 5 5 5 5 5 5 5 5 5 5 5 5 5 5 
Edges
0 1 0
0 2 0
0 8 0
0 19 0
1 0 0
2 0 0
3 20 0
3 30 0
4 18 0
5 26 0
5 31 0
6 10 0
6 11 0
6 15 0
7 9 0
7 14 0
8 0 0
8 16 0
8 17 0
9 7 0
9 18 0
9 45 0
10 6 0
10 13 0
10 34 0
10 35 0
11 6 0
11 12 0
11 32 0
11 33 0
12 11 0
12 14 0
12 36 0
12 37 0
13 10 0
13 14 0
13 38 0
13 39 0
14 7 0
14 12 0
14 13 0
15 6 0
15 40 0
15 41 0
15 42 0
16 8 0
16 18 0
16 43 0
16 44 0
17 8 0
17 20 0
17 21 0
18 4 0
18 9 0
18 16 0
19 0 0
19 23 0
19 24 0
20 3 0
20 17 0
20 22 0
21 17 0
21 25 0
21 46 0
22 20 0
22 26 0
22 47 0
23 19 0
23 27 0
23 48 0
24 19 0
24 28 0
24 49 0
25 21 0
25 26 0
25 50 0
26 5 0
26 22 0
26 25 0
27 23 0
27 29 0
27 51 0
28 24 0
28 29 0
28 52 0
29 27 0
29 28 0
29 53 0
30 3 0
30 54 0
30 55 0
30 56 0
31 5 0
31 57 0
31 58 0
31 59 0
32 11 0
33 11 0
34 10 0
35 10 0
36 12 0
37 12 0
38 13 0
39 13 0
40 15 0
41 15 0
42 15 0
43 16 0
44 16 0
45 9 0
46 21 0
47 22 0
48 23 0
49 24 0
50 25 0
51 27 0
52 28 0
53 29 0
54 30 0
55 30 0
56 30 0
57 31 0
58 31 0
59 31 0
GraphDataEnd
GraphEnd
NodeEnd
NodeStart
EPTNodeID: 1
AnchorID: 16784
TreeNodeGraphID: 1
Level: 1
SimplifiedLevel: 0
EditOperation: 4 29 53 0 0
AccumulatedOpsCount: 1
AccumulatedOp: 4 29 53 0 0
ChildrenCount: 2
ChildIndices: 2 5
CompletedDBGraphIDsCount: 0
GraphStart
GraphDataStart
ID: 1
NumNodes: 60
NumEdges: 122
NodeLabels
6 2 2 2 2 2 3 3 3 3 4 4 4 4 4 4 4 4 4 4 4 4 4 4 4 4 4 4 4 4 4 4 5 5 5 5 5 5 5 5 5 5 5 5 5 5 5 5 5 5 5 5 5 5 5 5 5 5 5 5 
Edges
0 1 0
0 2 0
0 8 0
0 19 0
1 0 0
2 0 0
3 20 0
3 30 0
4 18 0
5 26 0
5 31 0
6 10 0
6 11 0
6 15 0
7 9 0
7 14 0
8 0 0
8 16 0
8 17 0
9 7 0
9 18 0
9 45 0
10 6 0
10 13 0
10 34 0
10 35 0
11 6 0
11 12 0
11 32 0
11 33 0
12 11 0
12 14 0
12 36 0
12 37 0
13 10 0
13 14 0
13 38 0
13 39 0
14 7 0
14 12 0
14 13 0
15 6 0
15 40 0
15 41 0
15 42 0
16 8 0
16 18 0
16 43 0
16 44 0
17 8 0
17 20 0
17 21 0
18 4 0
18 9 0
18 16 0
19 0 0
19 23 0
19 24 0
20 3 0
20 17 0
20 22 0
21 17 0
21 25 0
21 46 0
22 20 0
22 26 0
22 47 0
23 19 0
23 27 0
23 48 0
24 19 0
24 28 0
24 49 0
25 21 0
25 26 0
25 50 0
26 5 0
26 22 0
26 25 0
27 23 0
27 29 0
27 51 0
28 24 0
28 29 0
28 52 0
29 27 0
29 28 0
30 3 0
30 54 0
30 55 0
30 56 0
31 5 0
31 57 0
31 58 0
31 59 0
32 11 0
33 11 0
34 10 0
35 10 0
36 12 0
37 12 0
38 13 0
39 13 0
40 15 0
41 15 0
42 15 0
43 16 0
44 16 0
45 9 0
46 21 0
47 22 0
48 23 0
49 24 0
50 25 0
51 27 0
52 28 0
54 30 0
55 30 0
56 30 0
57 31 0
58 31 0
59 31 0
GraphDataEnd
GraphEnd
NodeEnd
NodeStart
EPTNodeID: 2
AnchorID: 16784
TreeNodeGraphID: 4
Level: 4
SimplifiedLevel: 0
EditOperation: 4 5 31 0 0
AccumulatedOpsCount: 3
AccumulatedOp: 5 29 31 0 0
AccumulatedOp: 0 5 0 2 5
AccumulatedOp: 4 5 31 0 0
ChildrenCount: 2
ChildIndices: 3 4
CompletedDBGraphIDsCount: 0
GraphStart
GraphDataStart
ID: 4
NumNodes: 60
NumEdges: 122
NodeLabels
6 2 2 2 2 5 3 3 3 3 4 4 4 4 4 4 4 4 4 4 4 4 4 4 4 4 4 4 4 4 4 4 5 5 5 5 5 5 5 5 5 5 5 5 5 5 5 5 5 5 5 5 5 5 5 5 5 5 5 5 
Edges
0 1 0
0 2 0
0 8 0
0 19 0
1 0 0
2 0 0
3 20 0
3 30 0
4 18 0
5 26 0
6 10 0
6 11 0
6 15 0
7 9 0
7 14 0
8 0 0
8 16 0
8 17 0
9 7 0
9 18 0
9 45 0
10 6 0
10 13 0
10 34 0
10 35 0
11 6 0
11 12 0
11 32 0
11 33 0
12 11 0
12 14 0
12 36 0
12 37 0
13 10 0
13 14 0
13 38 0
13 39 0
14 7 0
14 12 0
14 13 0
15 6 0
15 40 0
15 41 0
15 42 0
16 8 0
16 18 0
16 43 0
16 44 0
17 8 0
17 20 0
17 21 0
18 4 0
18 9 0
18 16 0
19 0 0
19 23 0
19 24 0
20 3 0
20 17 0
20 22 0
21 17 0
21 25 0
21 46 0
22 20 0
22 26 0
22 47 0
23 19 0
23 27 0
23 48 0
24 19 0
24 28 0
24 49 0
25 21 0
25 26 0
25 50 0
26 5 0
26 22 0
26 25 0
27 23 0
27 29 0
27 51 0
28 24 0
28 29 0
28 52 0
29 27 0
29 28 0
29 31 0
30 3 0
30 54 0
30 55 0
30 56 0
31 57 0
31 58 0
31 59 0
31 29 0
32 11 0
33 11 0
34 10 0
35 10 0
36 12 0
37 12 0
38 13 0
39 13 0
40 15 0
41 15 0
42 15 0
43 16 0
44 16 0
45 9 0
46 21 0
47 22 0
48 23 0
49 24 0
50 25 0
51 27 0
52 28 0
54 30 0
55 30 0
56 30 0
57 31 0
58 31 0
59 31 0
GraphDataEnd
GraphEnd
NodeEnd
NodeStart
EPTNodeID: 3
AnchorID: 16784
TreeNodeGraphID: 5
Level: 5
SimplifiedLevel: 0
EditOperation: 1 53 0 5 0
AccumulatedOpsCount: 1
AccumulatedOp: 1 53 0 5 0
ChildrenCount: 0
ChildIndices:
CompletedDBGraphIDsCount: 1
CompletedDBGraphID: 8598
GraphStart
GraphDataStart
ID: 5
NumNodes: 59
NumEdges: 122
NodeLabels
6 2 2 2 2 5 3 3 3 3 4 4 4 4 4 4 4 4 4 4 4 4 4 4 4 4 4 4 4 4 4 4 5 5 5 5 5 5 5 5 5 5 5 5 5 5 5 5 5 5 5 5 5 5 5 5 5 5 5 
Edges
0 1 0
0 2 0
0 8 0
0 19 0
1 0 0
2 0 0
3 20 0
3 30 0
4 18 0
5 26 0
6 10 0
6 11 0
6 15 0
7 9 0
7 14 0
8 0 0
8 16 0
8 17 0
9 7 0
9 18 0
9 45 0
10 6 0
10 13 0
10 34 0
10 35 0
11 6 0
11 12 0
11 32 0
11 33 0
12 11 0
12 14 0
12 36 0
12 37 0
13 10 0
13 14 0
13 38 0
13 39 0
14 7 0
14 12 0
14 13 0
15 6 0
15 40 0
15 41 0
15 42 0
16 8 0
16 18 0
16 43 0
16 44 0
17 8 0
17 20 0
17 21 0
18 4 0
18 9 0
18 16 0
19 0 0
19 23 0
19 24 0
20 3 0
20 17 0
20 22 0
21 17 0
21 25 0
21 46 0
22 20 0
22 26 0
22 47 0
23 19 0
23 27 0
23 48 0
24 19 0
24 28 0
24 49 0
25 21 0
25 26 0
25 50 0
26 5 0
26 22 0
26 25 0
27 23 0
27 29 0
27 51 0
28 24 0
28 29 0
28 52 0
29 27 0
29 28 0
29 31 0
30 3 0
30 53 0
30 54 0
30 55 0
31 56 0
31 57 0
31 58 0
31 29 0
32 11 0
33 11 0
34 10 0
35 10 0
36 12 0
37 12 0
38 13 0
39 13 0
40 15 0
41 15 0
42 15 0
43 16 0
44 16 0
45 9 0
46 21 0
47 22 0
48 23 0
49 24 0
50 25 0
51 27 0
52 28 0
53 30 0
54 30 0
55 30 0
56 31 0
57 31 0
58 31 0
GraphDataEnd
GraphEnd
NodeEnd
NodeStart
EPTNodeID: 4
AnchorID: 16784
TreeNodeGraphID: 11
Level: 10
SimplifiedLevel: 0
EditOperation: 5 54 60 0 0
AccumulatedOpsCount: 6
AccumulatedOp: 2 61 0 0 5
AccumulatedOp: 0 54 0 5 4
AccumulatedOp: 5 54 61 0 0
AccumulatedOp: 2 60 0 0 5
AccumulatedOp: 5 53 54 0 0
AccumulatedOp: 5 54 60 0 0
ChildrenCount: 0
ChildIndices:
CompletedDBGraphIDsCount: 1
CompletedDBGraphID: 550
GraphStart
GraphDataStart
ID: 11
NumNodes: 62
NumEdges: 128
NodeLabels
6 2 2 2 2 5 3 3 3 3 4 4 4 4 4 4 4 4 4 4 4 4 4 4 4 4 4 4 4 4 4 4 5 5 5 5 5 5 5 5 5 5 5 5 5 5 5 5 5 5 5 5 5 5 4 5 5 5 5 5 5 5 
Edges
0 1 0
0 2 0
0 8 0
0 19 0
1 0 0
2 0 0
3 20 0
3 30 0
4 18 0
5 26 0
6 10 0
6 11 0
6 15 0
7 9 0
7 14 0
8 0 0
8 16 0
8 17 0
9 7 0
9 18 0
9 45 0
10 6 0
10 13 0
10 34 0
10 35 0
11 6 0
11 12 0
11 32 0
11 33 0
12 11 0
12 14 0
12 36 0
12 37 0
13 10 0
13 14 0
13 38 0
13 39 0
14 7 0
14 12 0
14 13 0
15 6 0
15 40 0
15 41 0
15 42 0
16 8 0
16 18 0
16 43 0
16 44 0
17 8 0
17 20 0
17 21 0
18 4 0
18 9 0
18 16 0
19 0 0
19 23 0
19 24 0
20 3 0
20 17 0
20 22 0
21 17 0
21 25 0
21 46 0
22 20 0
22 26 0
22 47 0
23 19 0
23 27 0
23 48 0
24 19 0
24 28 0
24 49 0
25 21 0
25 26 0
25 50 0
26 5 0
26 22 0
26 25 0
27 23 0
27 29 0
27 51 0
28 24 0
28 29 0
28 52 0
29 27 0
29 28 0
29 31 0
30 3 0
30 54 0
30 55 0
30 56 0
31 57 0
31 58 0
31 59 0
31 29 0
32 11 0
33 11 0
34 10 0
35 10 0
36 12 0
37 12 0
38 13 0
39 13 0
40 15 0
41 15 0
42 15 0
43 16 0
44 16 0
45 9 0
46 21 0
47 22 0
48 23 0
49 24 0
50 25 0
51 27 0
52 28 0
53 54 0
54 30 0
54 61 0
54 53 0
54 60 0
55 30 0
56 30 0
57 31 0
58 31 0
59 31 0
60 54 0
61 54 0
GraphDataEnd
GraphEnd
NodeEnd
NodeStart
EPTNodeID: 5
AnchorID: 16784
TreeNodeGraphID: 21
Level: 11
SimplifiedLevel: 0
EditOperation: 5 6 18 0 0
AccumulatedOpsCount: 10
AccumulatedOp: 1 53 0 5 0
AccumulatedOp: 0 7 0 3 5
AccumulatedOp: 5 14 45 0 0
AccumulatedOp: 4 6 15 0 0
AccumulatedOp: 4 7 9 0 0
AccumulatedOp: 5 15 29 0 0
AccumulatedOp: 4 9 18 0 0
AccumulatedOp: 4 9 45 0 0
AccumulatedOp: 1 9 0 3 0
AccumulatedOp: 5 6 18 0 0
ChildrenCount: 0
ChildIndices:
CompletedDBGraphIDsCount: 1
CompletedDBGraphID: 13907
GraphStart
GraphDataStart
ID: 21
NumNodes: 58
NumEdges: 120
NodeLabels
6 2 2 2 2 2 3 5 3 4 4 4 4 4 4 4 4 4 4 4 4 4 4 4 4 4 4 4 4 4 4 5 5 5 5 5 5 5 5 5 5 5 5 5 5 5 5 5 5 5 5 5 5 5 5 5 5 5 
Edges
0 1 0
0 2 0
0 8 0
0 18 0
1 0 0
2 0 0
3 19 0
3 29 0
4 17 0
5 25 0
5 30 0
6 9 0
6 10 0
6 17 0
7 13 0
8 0 0
8 15 0
8 16 0
9 6 0
9 12 0
9 33 0
9 34 0
10 6 0
10 11 0
10 31 0
10 32 0
11 10 0
11 13 0
11 35 0
11 36 0
12 9 0
12 13 0
12 37 0
12 38 0
13 7 0
13 11 0
13 12 0
13 44 0
14 39 0
14 40 0
14 41 0
14 28 0
15 8 0
15 17 0
15 42 0
15 43 0
16 8 0
16 19 0
16 20 0
17 4 0
17 15 0
17 6 0
18 0 0
18 22 0
18 23 0
19 3 0
19 16 0
19 21 0
20 16 0
20 24 0
20 45 0
21 19 0
21 25 0
21 46 0
22 18 0
22 26 0
22 47 0
23 18 0
23 27 0
23 48 0
24 20 0
24 25 0
24 49 0
25 5 0
25 21 0
25 24 0
26 22 0
26 28 0
26 50 0
27 23 0
27 28 0
27 51 0
28 26 0
28 27 0
28 14 0
29 3 0
29 52 0
29 53 0
29 54 0
30 5 0
30 55 0
30 56 0
30 57 0
31 10 0
32 10 0
33 9 0
34 9 0
35 11 0
36 11 0
37 12 0
38 12 0
39 14 0
40 14 0
41 14 0
42 15 0
43 15 0
44 13 0
45 20 0
46 21 0
47 22 0
48 23 0
49 24 0
50 26 0
51 27 0
52 29 0
53 29 0
54 29 0
55 30 0
56 30 0
57 30 0
GraphDataEnd
GraphEnd
NodeEnd
END_EPT
