BEGIN_EPT
AnchorID: 19236  # ID of the anchor node
RootIndex: 0  # Index of the root node in tree_nodes
NodeCount: 18  # Total number of nodes in the EPT
NodeStart
EPTNodeID: 0
AnchorID: 19236
TreeNodeGraphID: 0
Level: 0
SimplifiedLevel: 0
EditOperation: -1 0 -1 0 0
AccumulatedOpsCount: 0
ChildrenCount: 4
ChildIndices: 1 11 16 17
CompletedDBGraphIDsCount: 1
CompletedDBGraphID: 18454
GraphStart
GraphDataStart
ID: 0
NumNodes: 68
NumEdges: 142
NodeLabels
2 2 2 2 2 3 4 4 4 4 4 4 4 4 4 4 4 4 4 4 4 4 4 4 4 4 4 4 4 4 4 4 4 4 4 5 5 5 5 5 5 5 5 5 5 5 5 5 5 5 5 5 5 5 5 5 5 5 5 5 5 5 5 5 5 5 5 5 
Edges
0 12 0
1 20 0
1 26 0
2 20 0
3 24 0
3 27 0
4 25 0
4 28 0
5 9 0
5 16 0
5 46 0
6 7 0
6 8 0
6 13 0
6 14 0
7 6 0
7 9 0
7 35 0
7 36 0
8 6 0
8 12 0
8 37 0
8 38 0
9 5 0
9 7 0
9 10 0
10 9 0
10 11 0
10 12 0
11 10 0
11 15 0
11 17 0
11 39 0
12 0 0
12 8 0
12 10 0
13 6 0
13 40 0
13 41 0
13 42 0
14 6 0
14 43 0
14 44 0
14 45 0
15 11 0
15 16 0
15 20 0
16 5 0
16 15 0
16 18 0
17 11 0
17 19 0
17 21 0
18 16 0
18 47 0
18 48 0
18 49 0
19 17 0
19 22 0
19 50 0
20 1 0
20 2 0
20 15 0
21 17 0
21 23 0
21 51 0
22 19 0
22 24 0
22 25 0
23 21 0
23 24 0
23 52 0
24 3 0
24 22 0
24 23 0
25 4 0
25 22 0
25 53 0
25 54 0
26 1 0
26 55 0
26 56 0
26 57 0
27 3 0
27 58 0
27 59 0
27 60 0
28 4 0
28 29 0
28 30 0
29 28 0
29 31 0
29 61 0
30 28 0
30 32 0
30 62 0
31 29 0
31 33 0
31 63 0
32 30 0
32 33 0
32 64 0
33 31 0
33 32 0
33 34 0
34 33 0
34 65 0
34 66 0
34 67 0
35 7 0
36 7 0
37 8 0
38 8 0
39 11 0
40 13 0
41 13 0
42 13 0
43 14 0
44 14 0
45 14 0
46 5 0
47 18 0
48 18 0
49 18 0
50 19 0
51 21 0
52 23 0
53 25 0
54 25 0
55 26 0
56 26 0
57 26 0
58 27 0
59 27 0
60 27 0
61 29 0
62 30 0
63 31 0
64 32 0
65 34 0
66 34 0
67 34 0
GraphDataEnd
GraphEnd
NodeEnd
NodeStart
EPTNodeID: 1
AnchorID: 19236
TreeNodeGraphID: 6
Level: 6
SimplifiedLevel: 0
EditOperation: 1 67 0 5 0
AccumulatedOpsCount: 6
AccumulatedOp: 4 34 66 0 0
AccumulatedOp: 1 66 0 5 0
AccumulatedOp: 4 34 65 0 0
AccumulatedOp: 1 65 0 5 0
AccumulatedOp: 4 34 67 0 0
AccumulatedOp: 1 67 0 5 0
ChildrenCount: 3
ChildIndices: 2 6 10
CompletedDBGraphIDsCount: 0
GraphStart
GraphDataStart
ID: 6
NumNodes: 65
NumEdges: 136
NodeLabels
2 2 2 2 2 3 4 4 4 4 4 4 4 4 4 4 4 4 4 4 4 4 4 4 4 4 4 4 4 4 4 4 4 4 4 5 5 5 5 5 5 5 5 5 5 5 5 5 5 5 5 5 5 5 5 5 5 5 5 5 5 5 5 5 5 
Edges
0 12 0
1 20 0
1 26 0
2 20 0
3 24 0
3 27 0
4 25 0
4 28 0
5 9 0
5 16 0
5 46 0
6 7 0
6 8 0
6 13 0
6 14 0
7 6 0
7 9 0
7 35 0
7 36 0
8 6 0
8 12 0
8 37 0
8 38 0
9 5 0
9 7 0
9 10 0
10 9 0
10 11 0
10 12 0
11 10 0
11 15 0
11 17 0
11 39 0
12 0 0
12 8 0
12 10 0
13 6 0
13 40 0
13 41 0
13 42 0
14 6 0
14 43 0
14 44 0
14 45 0
15 11 0
15 16 0
15 20 0
16 5 0
16 15 0
16 18 0
17 11 0
17 19 0
17 21 0
18 16 0
18 47 0
18 48 0
18 49 0
19 17 0
19 22 0
19 50 0
20 1 0
20 2 0
20 15 0
21 17 0
21 23 0
21 51 0
22 19 0
22 24 0
22 25 0
23 21 0
23 24 0
23 52 0
24 3 0
24 22 0
24 23 0
25 4 0
25 22 0
25 53 0
25 54 0
26 1 0
26 55 0
26 56 0
26 57 0
27 3 0
27 58 0
27 59 0
27 60 0
28 4 0
28 29 0
28 30 0
29 28 0
29 31 0
29 61 0
30 28 0
30 32 0
30 62 0
31 29 0
31 33 0
31 63 0
32 30 0
32 33 0
32 64 0
33 31 0
33 32 0
33 34 0
34 33 0
35 7 0
36 7 0
37 8 0
38 8 0
39 11 0
40 13 0
41 13 0
42 13 0
43 14 0
44 14 0
45 14 0
46 5 0
47 18 0
48 18 0
49 18 0
50 19 0
51 21 0
52 23 0
53 25 0
54 25 0
55 26 0
56 26 0
57 26 0
58 27 0
59 27 0
60 27 0
61 29 0
62 30 0
63 31 0
64 32 0
GraphDataEnd
GraphEnd
NodeEnd
NodeStart
EPTNodeID: 2
AnchorID: 19236
TreeNodeGraphID: 7
Level: 7
SimplifiedLevel: 0
EditOperation: 0 34 0 4 5
AccumulatedOpsCount: 1
AccumulatedOp: 0 34 0 4 5
ChildrenCount: 3
ChildIndices: 3 4 5
CompletedDBGraphIDsCount: 0
GraphStart
GraphDataStart
ID: 7
NumNodes: 65
NumEdges: 136
NodeLabels
2 2 2 2 2 3 4 4 4 4 4 4 4 4 4 4 4 4 4 4 4 4 4 4 4 4 4 4 4 4 4 4 4 4 5 5 5 5 5 5 5 5 5 5 5 5 5 5 5 5 5 5 5 5 5 5 5 5 5 5 5 5 5 5 5 
Edges
0 12 0
1 20 0
1 26 0
2 20 0
3 24 0
3 27 0
4 25 0
4 28 0
5 9 0
5 16 0
5 46 0
6 7 0
6 8 0
6 13 0
6 14 0
7 6 0
7 9 0
7 35 0
7 36 0
8 6 0
8 12 0
8 37 0
8 38 0
9 5 0
9 7 0
9 10 0
10 9 0
10 11 0
10 12 0
11 10 0
11 15 0
11 17 0
11 39 0
12 0 0
12 8 0
12 10 0
13 6 0
13 40 0
13 41 0
13 42 0
14 6 0
14 43 0
14 44 0
14 45 0
15 11 0
15 16 0
15 20 0
16 5 0
16 15 0
16 18 0
17 11 0
17 19 0
17 21 0
18 16 0
18 47 0
18 48 0
18 49 0
19 17 0
19 22 0
19 50 0
20 1 0
20 2 0
20 15 0
21 17 0
21 23 0
21 51 0
22 19 0
22 24 0
22 25 0
23 21 0
23 24 0
23 52 0
24 3 0
24 22 0
24 23 0
25 4 0
25 22 0
25 53 0
25 54 0
26 1 0
26 55 0
26 56 0
26 57 0
27 3 0
27 58 0
27 59 0
27 60 0
28 4 0
28 29 0
28 30 0
29 28 0
29 31 0
29 61 0
30 28 0
30 32 0
30 62 0
31 29 0
31 33 0
31 63 0
32 30 0
32 33 0
32 64 0
33 31 0
33 32 0
33 34 0
34 33 0
35 7 0
36 7 0
37 8 0
38 8 0
39 11 0
40 13 0
41 13 0
42 13 0
43 14 0
44 14 0
45 14 0
46 5 0
47 18 0
48 18 0
49 18 0
50 19 0
51 21 0
52 23 0
53 25 0
54 25 0
55 26 0
56 26 0
57 26 0
58 27 0
59 27 0
60 27 0
61 29 0
62 30 0
63 31 0
64 32 0
GraphDataEnd
GraphEnd
NodeEnd
NodeStart
EPTNodeID: 3
AnchorID: 19236
TreeNodeGraphID: 8
Level: 8
SimplifiedLevel: 0
EditOperation: 0 61 0 5 8
AccumulatedOpsCount: 1
AccumulatedOp: 0 61 0 5 8
ChildrenCount: 0
ChildIndices:
CompletedDBGraphIDsCount: 2
CompletedDBGraphID: 22510
CompletedDBGraphID: 13656
GraphStart
GraphDataStart
ID: 8
NumNodes: 65
NumEdges: 136
NodeLabels
2 2 2 2 2 3 4 4 4 4 4 4 4 4 4 4 4 4 4 4 4 4 4 4 4 4 4 4 4 4 4 4 4 4 5 5 5 5 5 5 5 5 5 5 5 5 5 5 5 5 5 5 5 5 5 5 5 5 5 5 5 8 5 5 5 
Edges
0 12 0
1 20 0
1 26 0
2 20 0
3 24 0
3 27 0
4 25 0
4 28 0
5 9 0
5 16 0
5 46 0
6 7 0
6 8 0
6 13 0
6 14 0
7 6 0
7 9 0
7 35 0
7 36 0
8 6 0
8 12 0
8 37 0
8 38 0
9 5 0
9 7 0
9 10 0
10 9 0
10 11 0
10 12 0
11 10 0
11 15 0
11 17 0
11 39 0
12 0 0
12 8 0
12 10 0
13 6 0
13 40 0
13 41 0
13 42 0
14 6 0
14 43 0
14 44 0
14 45 0
15 11 0
15 16 0
15 20 0
16 5 0
16 15 0
16 18 0
17 11 0
17 19 0
17 21 0
18 16 0
18 47 0
18 48 0
18 49 0
19 17 0
19 22 0
19 50 0
20 1 0
20 2 0
20 15 0
21 17 0
21 23 0
21 51 0
22 19 0
22 24 0
22 25 0
23 21 0
23 24 0
23 52 0
24 3 0
24 22 0
24 23 0
25 4 0
25 22 0
25 53 0
25 54 0
26 1 0
26 55 0
26 56 0
26 57 0
27 3 0
27 58 0
27 59 0
27 60 0
28 4 0
28 29 0
28 30 0
29 28 0
29 31 0
29 61 0
30 28 0
30 32 0
30 62 0
31 29 0
31 33 0
31 63 0
32 30 0
32 33 0
32 64 0
33 31 0
33 32 0
33 34 0
34 33 0
35 7 0
36 7 0
37 8 0
38 8 0
39 11 0
40 13 0
41 13 0
42 13 0
43 14 0
44 14 0
45 14 0
46 5 0
47 18 0
48 18 0
49 18 0
50 19 0
51 21 0
52 23 0
53 25 0
54 25 0
55 26 0
56 26 0
57 26 0
58 27 0
59 27 0
60 27 0
61 29 0
62 30 0
63 31 0
64 32 0
GraphDataEnd
GraphEnd
NodeEnd
NodeStart
EPTNodeID: 4
AnchorID: 19236
TreeNodeGraphID: 9
Level: 8
SimplifiedLevel: 0
EditOperation: 0 61 0 5 7
AccumulatedOpsCount: 1
AccumulatedOp: 0 61 0 5 7
ChildrenCount: 0
ChildIndices:
CompletedDBGraphIDsCount: 2
CompletedDBGraphID: 18357
CompletedDBGraphID: 9894
GraphStart
GraphDataStart
ID: 9
NumNodes: 65
NumEdges: 136
NodeLabels
2 2 2 2 2 3 4 4 4 4 4 4 4 4 4 4 4 4 4 4 4 4 4 4 4 4 4 4 4 4 4 4 4 4 5 5 5 5 5 5 5 5 5 5 5 5 5 5 5 5 5 5 5 5 5 5 5 5 5 5 5 7 5 5 5 
Edges
0 12 0
1 20 0
1 26 0
2 20 0
3 24 0
3 27 0
4 25 0
4 28 0
5 9 0
5 16 0
5 46 0
6 7 0
6 8 0
6 13 0
6 14 0
7 6 0
7 9 0
7 35 0
7 36 0
8 6 0
8 12 0
8 37 0
8 38 0
9 5 0
9 7 0
9 10 0
10 9 0
10 11 0
10 12 0
11 10 0
11 15 0
11 17 0
11 39 0
12 0 0
12 8 0
12 10 0
13 6 0
13 40 0
13 41 0
13 42 0
14 6 0
14 43 0
14 44 0
14 45 0
15 11 0
15 16 0
15 20 0
16 5 0
16 15 0
16 18 0
17 11 0
17 19 0
17 21 0
18 16 0
18 47 0
18 48 0
18 49 0
19 17 0
19 22 0
19 50 0
20 1 0
20 2 0
20 15 0
21 17 0
21 23 0
21 51 0
22 19 0
22 24 0
22 25 0
23 21 0
23 24 0
23 52 0
24 3 0
24 22 0
24 23 0
25 4 0
25 22 0
25 53 0
25 54 0
26 1 0
26 55 0
26 56 0
26 57 0
27 3 0
27 58 0
27 59 0
27 60 0
28 4 0
28 29 0
28 30 0
29 28 0
29 31 0
29 61 0
30 28 0
30 32 0
30 62 0
31 29 0
31 33 0
31 63 0
32 30 0
32 33 0
32 64 0
33 31 0
33 32 0
33 34 0
34 33 0
35 7 0
36 7 0
37 8 0
38 8 0
39 11 0
40 13 0
41 13 0
42 13 0
43 14 0
44 14 0
45 14 0
46 5 0
47 18 0
48 18 0
49 18 0
50 19 0
51 21 0
52 23 0
53 25 0
54 25 0
55 26 0
56 26 0
57 26 0
58 27 0
59 27 0
60 27 0
61 29 0
62 30 0
63 31 0
64 32 0
GraphDataEnd
GraphEnd
NodeEnd
NodeStart
EPTNodeID: 5
AnchorID: 19236
TreeNodeGraphID: 10
Level: 8
SimplifiedLevel: 0
EditOperation: 0 63 0 5 8
AccumulatedOpsCount: 1
AccumulatedOp: 0 63 0 5 8
ChildrenCount: 0
ChildIndices:
CompletedDBGraphIDsCount: 2
CompletedDBGraphID: 2999
CompletedDBGraphID: 15245
GraphStart
GraphDataStart
ID: 10
NumNodes: 65
NumEdges: 136
NodeLabels
2 2 2 2 2 3 4 4 4 4 4 4 4 4 4 4 4 4 4 4 4 4 4 4 4 4 4 4 4 4 4 4 4 4 5 5 5 5 5 5 5 5 5 5 5 5 5 5 5 5 5 5 5 5 5 5 5 5 5 5 5 5 5 8 5 
Edges
0 12 0
1 20 0
1 26 0
2 20 0
3 24 0
3 27 0
4 25 0
4 28 0
5 9 0
5 16 0
5 46 0
6 7 0
6 8 0
6 13 0
6 14 0
7 6 0
7 9 0
7 35 0
7 36 0
8 6 0
8 12 0
8 37 0
8 38 0
9 5 0
9 7 0
9 10 0
10 9 0
10 11 0
10 12 0
11 10 0
11 15 0
11 17 0
11 39 0
12 0 0
12 8 0
12 10 0
13 6 0
13 40 0
13 41 0
13 42 0
14 6 0
14 43 0
14 44 0
14 45 0
15 11 0
15 16 0
15 20 0
16 5 0
16 15 0
16 18 0
17 11 0
17 19 0
17 21 0
18 16 0
18 47 0
18 48 0
18 49 0
19 17 0
19 22 0
19 50 0
20 1 0
20 2 0
20 15 0
21 17 0
21 23 0
21 51 0
22 19 0
22 24 0
22 25 0
23 21 0
23 24 0
23 52 0
24 3 0
24 22 0
24 23 0
25 4 0
25 22 0
25 53 0
25 54 0
26 1 0
26 55 0
26 56 0
26 57 0
27 3 0
27 58 0
27 59 0
27 60 0
28 4 0
28 29 0
28 30 0
29 28 0
29 31 0
29 61 0
30 28 0
30 32 0
30 62 0
31 29 0
31 33 0
31 63 0
32 30 0
32 33 0
32 64 0
33 31 0
33 32 0
33 34 0
34 33 0
35 7 0
36 7 0
37 8 0
38 8 0
39 11 0
40 13 0
41 13 0
42 13 0
43 14 0
44 14 0
45 14 0
46 5 0
47 18 0
48 18 0
49 18 0
50 19 0
51 21 0
52 23 0
53 25 0
54 25 0
55 26 0
56 26 0
57 26 0
58 27 0
59 27 0
60 27 0
61 29 0
62 30 0
63 31 0
64 32 0
GraphDataEnd
GraphEnd
NodeEnd
NodeStart
EPTNodeID: 6
AnchorID: 19236
TreeNodeGraphID: 11
Level: 7
SimplifiedLevel: 0
EditOperation: 0 34 0 4 1
AccumulatedOpsCount: 1
AccumulatedOp: 0 34 0 4 1
ChildrenCount: 3
ChildIndices: 7 8 9
CompletedDBGraphIDsCount: 0
GraphStart
GraphDataStart
ID: 11
NumNodes: 65
NumEdges: 136
NodeLabels
2 2 2 2 2 3 4 4 4 4 4 4 4 4 4 4 4 4 4 4 4 4 4 4 4 4 4 4 4 4 4 4 4 4 1 5 5 5 5 5 5 5 5 5 5 5 5 5 5 5 5 5 5 5 5 5 5 5 5 5 5 5 5 5 5 
Edges
0 12 0
1 20 0
1 26 0
2 20 0
3 24 0
3 27 0
4 25 0
4 28 0
5 9 0
5 16 0
5 46 0
6 7 0
6 8 0
6 13 0
6 14 0
7 6 0
7 9 0
7 35 0
7 36 0
8 6 0
8 12 0
8 37 0
8 38 0
9 5 0
9 7 0
9 10 0
10 9 0
10 11 0
10 12 0
11 10 0
11 15 0
11 17 0
11 39 0
12 0 0
12 8 0
12 10 0
13 6 0
13 40 0
13 41 0
13 42 0
14 6 0
14 43 0
14 44 0
14 45 0
15 11 0
15 16 0
15 20 0
16 5 0
16 15 0
16 18 0
17 11 0
17 19 0
17 21 0
18 16 0
18 47 0
18 48 0
18 49 0
19 17 0
19 22 0
19 50 0
20 1 0
20 2 0
20 15 0
21 17 0
21 23 0
21 51 0
22 19 0
22 24 0
22 25 0
23 21 0
23 24 0
23 52 0
24 3 0
24 22 0
24 23 0
25 4 0
25 22 0
25 53 0
25 54 0
26 1 0
26 55 0
26 56 0
26 57 0
27 3 0
27 58 0
27 59 0
27 60 0
28 4 0
28 29 0
28 30 0
29 28 0
29 31 0
29 61 0
30 28 0
30 32 0
30 62 0
31 29 0
31 33 0
31 63 0
32 30 0
32 33 0
32 64 0
33 31 0
33 32 0
33 34 0
34 33 0
35 7 0
36 7 0
37 8 0
38 8 0
39 11 0
40 13 0
41 13 0
42 13 0
43 14 0
44 14 0
45 14 0
46 5 0
47 18 0
48 18 0
49 18 0
50 19 0
51 21 0
52 23 0
53 25 0
54 25 0
55 26 0
56 26 0
57 26 0
58 27 0
59 27 0
60 27 0
61 29 0
62 30 0
63 31 0
64 32 0
GraphDataEnd
GraphEnd
NodeEnd
NodeStart
EPTNodeID: 7
AnchorID: 19236
TreeNodeGraphID: 15
Level: 11
SimplifiedLevel: 0
EditOperation: 5 11 21 0 0
AccumulatedOpsCount: 4
AccumulatedOp: 4 21 51 0 0
AccumulatedOp: 4 11 17 0 0
AccumulatedOp: 5 17 51 0 0
AccumulatedOp: 5 11 21 0 0
ChildrenCount: 0
ChildIndices:
CompletedDBGraphIDsCount: 2
CompletedDBGraphID: 238
CompletedDBGraphID: 20023
GraphStart
GraphDataStart
ID: 15
NumNodes: 65
NumEdges: 136
NodeLabels
2 2 2 2 2 3 4 4 4 4 4 4 4 4 4 4 4 4 4 4 4 4 4 4 4 4 4 4 4 4 4 4 4 4 1 5 5 5 5 5 5 5 5 5 5 5 5 5 5 5 5 5 5 5 5 5 5 5 5 5 5 5 5 5 5 
Edges
0 12 0
1 20 0
1 26 0
2 20 0
3 24 0
3 27 0
4 25 0
4 28 0
5 9 0
5 16 0
5 46 0
6 7 0
6 8 0
6 13 0
6 14 0
7 6 0
7 9 0
7 35 0
7 36 0
8 6 0
8 12 0
8 37 0
8 38 0
9 5 0
9 7 0
9 10 0
10 9 0
10 11 0
10 12 0
11 10 0
11 15 0
11 39 0
11 21 0
12 0 0
12 8 0
12 10 0
13 6 0
13 40 0
13 41 0
13 42 0
14 6 0
14 43 0
14 44 0
14 45 0
15 11 0
15 16 0
15 20 0
16 5 0
16 15 0
16 18 0
17 19 0
17 21 0
17 51 0
18 16 0
18 47 0
18 48 0
18 49 0
19 17 0
19 22 0
19 50 0
20 1 0
20 2 0
20 15 0
21 17 0
21 23 0
21 11 0
22 19 0
22 24 0
22 25 0
23 21 0
23 24 0
23 52 0
24 3 0
24 22 0
24 23 0
25 4 0
25 22 0
25 53 0
25 54 0
26 1 0
26 55 0
26 56 0
26 57 0
27 3 0
27 58 0
27 59 0
27 60 0
28 4 0
28 29 0
28 30 0
29 28 0
29 31 0
29 61 0
30 28 0
30 32 0
30 62 0
31 29 0
31 33 0
31 63 0
32 30 0
32 33 0
32 64 0
33 31 0
33 32 0
33 34 0
34 33 0
35 7 0
36 7 0
37 8 0
38 8 0
39 11 0
40 13 0
41 13 0
42 13 0
43 14 0
44 14 0
45 14 0
46 5 0
47 18 0
48 18 0
49 18 0
50 19 0
51 17 0
52 23 0
53 25 0
54 25 0
55 26 0
56 26 0
57 26 0
58 27 0
59 27 0
60 27 0
61 29 0
62 30 0
63 31 0
64 32 0
GraphDataEnd
GraphEnd
NodeEnd
NodeStart
EPTNodeID: 8
AnchorID: 19236
TreeNodeGraphID: 16
Level: 8
SimplifiedLevel: 0
EditOperation: 0 64 0 5 7
AccumulatedOpsCount: 1
AccumulatedOp: 0 64 0 5 7
ChildrenCount: 0
ChildIndices:
CompletedDBGraphIDsCount: 2
CompletedDBGraphID: 18419
CompletedDBGraphID: 143
GraphStart
GraphDataStart
ID: 16
NumNodes: 65
NumEdges: 136
NodeLabels
2 2 2 2 2 3 4 4 4 4 4 4 4 4 4 4 4 4 4 4 4 4 4 4 4 4 4 4 4 4 4 4 4 4 1 5 5 5 5 5 5 5 5 5 5 5 5 5 5 5 5 5 5 5 5 5 5 5 5 5 5 5 5 5 7 
Edges
0 12 0
1 20 0
1 26 0
2 20 0
3 24 0
3 27 0
4 25 0
4 28 0
5 9 0
5 16 0
5 46 0
6 7 0
6 8 0
6 13 0
6 14 0
7 6 0
7 9 0
7 35 0
7 36 0
8 6 0
8 12 0
8 37 0
8 38 0
9 5 0
9 7 0
9 10 0
10 9 0
10 11 0
10 12 0
11 10 0
11 15 0
11 17 0
11 39 0
12 0 0
12 8 0
12 10 0
13 6 0
13 40 0
13 41 0
13 42 0
14 6 0
14 43 0
14 44 0
14 45 0
15 11 0
15 16 0
15 20 0
16 5 0
16 15 0
16 18 0
17 11 0
17 19 0
17 21 0
18 16 0
18 47 0
18 48 0
18 49 0
19 17 0
19 22 0
19 50 0
20 1 0
20 2 0
20 15 0
21 17 0
21 23 0
21 51 0
22 19 0
22 24 0
22 25 0
23 21 0
23 24 0
23 52 0
24 3 0
24 22 0
24 23 0
25 4 0
25 22 0
25 53 0
25 54 0
26 1 0
26 55 0
26 56 0
26 57 0
27 3 0
27 58 0
27 59 0
27 60 0
28 4 0
28 29 0
28 30 0
29 28 0
29 31 0
29 61 0
30 28 0
30 32 0
30 62 0
31 29 0
31 33 0
31 63 0
32 30 0
32 33 0
32 64 0
33 31 0
33 32 0
33 34 0
34 33 0
35 7 0
36 7 0
37 8 0
38 8 0
39 11 0
40 13 0
41 13 0
42 13 0
43 14 0
44 14 0
45 14 0
46 5 0
47 18 0
48 18 0
49 18 0
50 19 0
51 21 0
52 23 0
53 25 0
54 25 0
55 26 0
56 26 0
57 26 0
58 27 0
59 27 0
60 27 0
61 29 0
62 30 0
63 31 0
64 32 0
GraphDataEnd
GraphEnd
NodeEnd
NodeStart
EPTNodeID: 9
AnchorID: 19236
TreeNodeGraphID: 17
Level: 8
SimplifiedLevel: 0
EditOperation: 0 61 0 5 7
AccumulatedOpsCount: 1
AccumulatedOp: 0 61 0 5 7
ChildrenCount: 0
ChildIndices:
CompletedDBGraphIDsCount: 1
CompletedDBGraphID: 19882
GraphStart
GraphDataStart
ID: 17
NumNodes: 65
NumEdges: 136
NodeLabels
2 2 2 2 2 3 4 4 4 4 4 4 4 4 4 4 4 4 4 4 4 4 4 4 4 4 4 4 4 4 4 4 4 4 1 5 5 5 5 5 5 5 5 5 5 5 5 5 5 5 5 5 5 5 5 5 5 5 5 5 5 7 5 5 5 
Edges
0 12 0
1 20 0
1 26 0
2 20 0
3 24 0
3 27 0
4 25 0
4 28 0
5 9 0
5 16 0
5 46 0
6 7 0
6 8 0
6 13 0
6 14 0
7 6 0
7 9 0
7 35 0
7 36 0
8 6 0
8 12 0
8 37 0
8 38 0
9 5 0
9 7 0
9 10 0
10 9 0
10 11 0
10 12 0
11 10 0
11 15 0
11 17 0
11 39 0
12 0 0
12 8 0
12 10 0
13 6 0
13 40 0
13 41 0
13 42 0
14 6 0
14 43 0
14 44 0
14 45 0
15 11 0
15 16 0
15 20 0
16 5 0
16 15 0
16 18 0
17 11 0
17 19 0
17 21 0
18 16 0
18 47 0
18 48 0
18 49 0
19 17 0
19 22 0
19 50 0
20 1 0
20 2 0
20 15 0
21 17 0
21 23 0
21 51 0
22 19 0
22 24 0
22 25 0
23 21 0
23 24 0
23 52 0
24 3 0
24 22 0
24 23 0
25 4 0
25 22 0
25 53 0
25 54 0
26 1 0
26 55 0
26 56 0
26 57 0
27 3 0
27 58 0
27 59 0
27 60 0
28 4 0
28 29 0
28 30 0
29 28 0
29 31 0
29 61 0
30 28 0
30 32 0
30 62 0
31 29 0
31 33 0
31 63 0
32 30 0
32 33 0
32 64 0
33 31 0
33 32 0
33 34 0
34 33 0
35 7 0
36 7 0
37 8 0
38 8 0
39 11 0
40 13 0
41 13 0
42 13 0
43 14 0
44 14 0
45 14 0
46 5 0
47 18 0
48 18 0
49 18 0
50 19 0
51 21 0
52 23 0
53 25 0
54 25 0
55 26 0
56 26 0
57 26 0
58 27 0
59 27 0
60 27 0
61 29 0
62 30 0
63 31 0
64 32 0
GraphDataEnd
GraphEnd
NodeEnd
NodeStart
EPTNodeID: 10
AnchorID: 19236
TreeNodeGraphID: 18
Level: 7
SimplifiedLevel: 0
EditOperation: 0 34 0 4 7
AccumulatedOpsCount: 1
AccumulatedOp: 0 34 0 4 7
ChildrenCount: 0
ChildIndices:
CompletedDBGraphIDsCount: 2
CompletedDBGraphID: 8885
CompletedDBGraphID: 21762
GraphStart
GraphDataStart
ID: 18
NumNodes: 65
NumEdges: 136
NodeLabels
2 2 2 2 2 3 4 4 4 4 4 4 4 4 4 4 4 4 4 4 4 4 4 4 4 4 4 4 4 4 4 4 4 4 7 5 5 5 5 5 5 5 5 5 5 5 5 5 5 5 5 5 5 5 5 5 5 5 5 5 5 5 5 5 5 
Edges
0 12 0
1 20 0
1 26 0
2 20 0
3 24 0
3 27 0
4 25 0
4 28 0
5 9 0
5 16 0
5 46 0
6 7 0
6 8 0
6 13 0
6 14 0
7 6 0
7 9 0
7 35 0
7 36 0
8 6 0
8 12 0
8 37 0
8 38 0
9 5 0
9 7 0
9 10 0
10 9 0
10 11 0
10 12 0
11 10 0
11 15 0
11 17 0
11 39 0
12 0 0
12 8 0
12 10 0
13 6 0
13 40 0
13 41 0
13 42 0
14 6 0
14 43 0
14 44 0
14 45 0
15 11 0
15 16 0
15 20 0
16 5 0
16 15 0
16 18 0
17 11 0
17 19 0
17 21 0
18 16 0
18 47 0
18 48 0
18 49 0
19 17 0
19 22 0
19 50 0
20 1 0
20 2 0
20 15 0
21 17 0
21 23 0
21 51 0
22 19 0
22 24 0
22 25 0
23 21 0
23 24 0
23 52 0
24 3 0
24 22 0
24 23 0
25 4 0
25 22 0
25 53 0
25 54 0
26 1 0
26 55 0
26 56 0
26 57 0
27 3 0
27 58 0
27 59 0
27 60 0
28 4 0
28 29 0
28 30 0
29 28 0
29 31 0
29 61 0
30 28 0
30 32 0
30 62 0
31 29 0
31 33 0
31 63 0
32 30 0
32 33 0
32 64 0
33 31 0
33 32 0
33 34 0
34 33 0
35 7 0
36 7 0
37 8 0
38 8 0
39 11 0
40 13 0
41 13 0
42 13 0
43 14 0
44 14 0
45 14 0
46 5 0
47 18 0
48 18 0
49 18 0
50 19 0
51 21 0
52 23 0
53 25 0
54 25 0
55 26 0
56 26 0
57 26 0
58 27 0
59 27 0
60 27 0
61 29 0
62 30 0
63 31 0
64 32 0
GraphDataEnd
GraphEnd
NodeEnd
NodeStart
EPTNodeID: 11
AnchorID: 19236
TreeNodeGraphID: 19
Level: 1
SimplifiedLevel: 0
EditOperation: 2 69 0 0 5
AccumulatedOpsCount: 1
AccumulatedOp: 2 69 0 0 5
ChildrenCount: 2
ChildIndices: 12 15
CompletedDBGraphIDsCount: 0
GraphStart
GraphDataStart
ID: 19
NumNodes: 69
NumEdges: 142
NodeLabels
2 2 2 2 2 3 4 4 4 4 4 4 4 4 4 4 4 4 4 4 4 4 4 4 4 4 4 4 4 4 4 4 4 4 4 5 5 5 5 5 5 5 5 5 5 5 5 5 5 5 5 5 5 5 5 5 5 5 5 5 5 5 5 5 5 5 5 5 5 
Edges
0 12 0
1 20 0
1 26 0
2 20 0
3 24 0
3 27 0
4 25 0
4 28 0
5 9 0
5 16 0
5 46 0
6 7 0
6 8 0
6 13 0
6 14 0
7 6 0
7 9 0
7 35 0
7 36 0
8 6 0
8 12 0
8 37 0
8 38 0
9 5 0
9 7 0
9 10 0
10 9 0
10 11 0
10 12 0
11 10 0
11 15 0
11 17 0
11 39 0
12 0 0
12 8 0
12 10 0
13 6 0
13 40 0
13 41 0
13 42 0
14 6 0
14 43 0
14 44 0
14 45 0
15 11 0
15 16 0
15 20 0
16 5 0
16 15 0
16 18 0
17 11 0
17 19 0
17 21 0
18 16 0
18 47 0
18 48 0
18 49 0
19 17 0
19 22 0
19 50 0
20 1 0
20 2 0
20 15 0
21 17 0
21 23 0
21 51 0
22 19 0
22 24 0
22 25 0
23 21 0
23 24 0
23 52 0
24 3 0
24 22 0
24 23 0
25 4 0
25 22 0
25 53 0
25 54 0
26 1 0
26 55 0
26 56 0
26 57 0
27 3 0
27 58 0
27 59 0
27 60 0
28 4 0
28 29 0
28 30 0
29 28 0
29 31 0
29 61 0
30 28 0
30 32 0
30 62 0
31 29 0
31 33 0
31 63 0
32 30 0
32 33 0
32 64 0
33 31 0
33 32 0
33 34 0
34 33 0
34 65 0
34 66 0
34 67 0
35 7 0
36 7 0
37 8 0
38 8 0
39 11 0
40 13 0
41 13 0
42 13 0
43 14 0
44 14 0
45 14 0
46 5 0
47 18 0
48 18 0
49 18 0
50 19 0
51 21 0
52 23 0
53 25 0
54 25 0
55 26 0
56 26 0
57 26 0
58 27 0
59 27 0
60 27 0
61 29 0
62 30 0
63 31 0
64 32 0
65 34 0
66 34 0
67 34 0
GraphDataEnd
GraphEnd
NodeEnd
NodeStart
EPTNodeID: 12
AnchorID: 19236
TreeNodeGraphID: 23
Level: 5
SimplifiedLevel: 0
EditOperation: 5 55 70 0 0
AccumulatedOpsCount: 4
AccumulatedOp: 0 55 0 5 4
AccumulatedOp: 5 55 69 0 0
AccumulatedOp: 2 70 0 0 5
AccumulatedOp: 5 55 70 0 0
ChildrenCount: 2
ChildIndices: 13 14
CompletedDBGraphIDsCount: 0
GraphStart
GraphDataStart
ID: 23
NumNodes: 70
NumEdges: 146
NodeLabels
2 2 2 2 2 3 4 4 4 4 4 4 4 4 4 4 4 4 4 4 4 4 4 4 4 4 4 4 4 4 4 4 4 4 4 5 5 5 5 5 5 5 5 5 5 5 5 5 5 5 5 5 5 5 5 4 5 5 5 5 5 5 5 5 5 5 5 5 5 5 
Edges
0 12 0
1 20 0
1 26 0
2 20 0
3 24 0
3 27 0
4 25 0
4 28 0
5 9 0
5 16 0
5 46 0
6 7 0
6 8 0
6 13 0
6 14 0
7 6 0
7 9 0
7 35 0
7 36 0
8 6 0
8 12 0
8 37 0
8 38 0
9 5 0
9 7 0
9 10 0
10 9 0
10 11 0
10 12 0
11 10 0
11 15 0
11 17 0
11 39 0
12 0 0
12 8 0
12 10 0
13 6 0
13 40 0
13 41 0
13 42 0
14 6 0
14 43 0
14 44 0
14 45 0
15 11 0
15 16 0
15 20 0
16 5 0
16 15 0
16 18 0
17 11 0
17 19 0
17 21 0
18 16 0
18 47 0
18 48 0
18 49 0
19 17 0
19 22 0
19 50 0
20 1 0
20 2 0
20 15 0
21 17 0
21 23 0
21 51 0
22 19 0
22 24 0
22 25 0
23 21 0
23 24 0
23 52 0
24 3 0
24 22 0
24 23 0
25 4 0
25 22 0
25 53 0
25 54 0
26 1 0
26 55 0
26 56 0
26 57 0
27 3 0
27 58 0
27 59 0
27 60 0
28 4 0
28 29 0
28 30 0
29 28 0
29 31 0
29 61 0
30 28 0
30 32 0
30 62 0
31 29 0
31 33 0
31 63 0
32 30 0
32 33 0
32 64 0
33 31 0
33 32 0
33 34 0
34 33 0
34 65 0
34 66 0
34 67 0
35 7 0
36 7 0
37 8 0
38 8 0
39 11 0
40 13 0
41 13 0
42 13 0
43 14 0
44 14 0
45 14 0
46 5 0
47 18 0
48 18 0
49 18 0
50 19 0
51 21 0
52 23 0
53 25 0
54 25 0
55 26 0
55 68 0
55 69 0
56 26 0
57 26 0
58 27 0
59 27 0
60 27 0
61 29 0
62 30 0
63 31 0
64 32 0
65 34 0
66 34 0
67 34 0
68 55 0
69 55 0
GraphDataEnd
GraphEnd
NodeEnd
NodeStart
EPTNodeID: 13
AnchorID: 19236
TreeNodeGraphID: 33
Level: 15
SimplifiedLevel: 0
EditOperation: 5 55 71 0 0
AccumulatedOpsCount: 10
AccumulatedOp: 4 21 23 0 0
AccumulatedOp: 2 68 0 0 2
AccumulatedOp: 4 33 34 0 0
AccumulatedOp: 2 71 0 0 5
AccumulatedOp: 4 17 19 0 0
AccumulatedOp: 5 33 68 0 0
AccumulatedOp: 5 19 21 0 0
AccumulatedOp: 5 17 23 0 0
AccumulatedOp: 5 34 68 0 0
AccumulatedOp: 5 55 71 0 0
ChildrenCount: 0
ChildIndices:
CompletedDBGraphIDsCount: 2
CompletedDBGraphID: 22232
CompletedDBGraphID: 3864
GraphStart
GraphDataStart
ID: 33
NumNodes: 72
NumEdges: 150
NodeLabels
2 2 2 2 2 3 4 4 4 4 4 4 4 4 4 4 4 4 4 4 4 4 4 4 4 4 4 4 4 4 4 4 4 4 4 5 5 5 5 5 5 5 5 5 5 5 5 5 5 5 5 5 5 5 5 4 5 5 5 5 5 5 5 5 5 5 5 5 2 5 5 5 
Edges
0 12 0
1 20 0
1 26 0
2 20 0
3 24 0
3 27 0
4 25 0
4 28 0
5 9 0
5 16 0
5 46 0
6 7 0
6 8 0
6 13 0
6 14 0
7 6 0
7 9 0
7 35 0
7 36 0
8 6 0
8 12 0
8 37 0
8 38 0
9 5 0
9 7 0
9 10 0
10 9 0
10 11 0
10 12 0
11 10 0
11 15 0
11 17 0
11 39 0
12 0 0
12 8 0
12 10 0
13 6 0
13 40 0
13 41 0
13 42 0
14 6 0
14 43 0
14 44 0
14 45 0
15 11 0
15 16 0
15 20 0
16 5 0
16 15 0
16 18 0
17 11 0
17 21 0
17 23 0
18 16 0
18 47 0
18 48 0
18 49 0
19 22 0
19 50 0
19 21 0
20 1 0
20 2 0
20 15 0
21 17 0
21 51 0
21 19 0
22 19 0
22 24 0
22 25 0
23 24 0
23 52 0
23 17 0
24 3 0
24 22 0
24 23 0
25 4 0
25 22 0
25 53 0
25 54 0
26 1 0
26 55 0
26 56 0
26 57 0
27 3 0
27 58 0
27 59 0
27 60 0
28 4 0
28 29 0
28 30 0
29 28 0
29 31 0
29 61 0
30 28 0
30 32 0
30 62 0
31 29 0
31 33 0
31 63 0
32 30 0
32 33 0
32 64 0
33 31 0
33 32 0
33 68 0
34 65 0
34 66 0
34 67 0
34 68 0
35 7 0
36 7 0
37 8 0
38 8 0
39 11 0
40 13 0
41 13 0
42 13 0
43 14 0
44 14 0
45 14 0
46 5 0
47 18 0
48 18 0
49 18 0
50 19 0
51 21 0
52 23 0
53 25 0
54 25 0
55 26 0
55 69 0
55 70 0
55 71 0
56 26 0
57 26 0
58 27 0
59 27 0
60 27 0
61 29 0
62 30 0
63 31 0
64 32 0
65 34 0
66 34 0
67 34 0
68 33 0
68 34 0
69 55 0
70 55 0
71 55 0
GraphDataEnd
GraphEnd
NodeEnd
NodeStart
EPTNodeID: 14
AnchorID: 19236
TreeNodeGraphID: 35
Level: 7
SimplifiedLevel: 0
EditOperation: 5 55 68 0 0
AccumulatedOpsCount: 2
AccumulatedOp: 2 68 0 0 5
AccumulatedOp: 5 55 68 0 0
ChildrenCount: 0
ChildIndices:
CompletedDBGraphIDsCount: 2
CompletedDBGraphID: 2035
CompletedDBGraphID: 13427
GraphStart
GraphDataStart
ID: 35
NumNodes: 71
NumEdges: 148
NodeLabels
2 2 2 2 2 3 4 4 4 4 4 4 4 4 4 4 4 4 4 4 4 4 4 4 4 4 4 4 4 4 4 4 4 4 4 5 5 5 5 5 5 5 5 5 5 5 5 5 5 5 5 5 5 5 5 4 5 5 5 5 5 5 5 5 5 5 5 5 5 5 5 
Edges
0 12 0
1 20 0
1 26 0
2 20 0
3 24 0
3 27 0
4 25 0
4 28 0
5 9 0
5 16 0
5 46 0
6 7 0
6 8 0
6 13 0
6 14 0
7 6 0
7 9 0
7 35 0
7 36 0
8 6 0
8 12 0
8 37 0
8 38 0
9 5 0
9 7 0
9 10 0
10 9 0
10 11 0
10 12 0
11 10 0
11 15 0
11 17 0
11 39 0
12 0 0
12 8 0
12 10 0
13 6 0
13 40 0
13 41 0
13 42 0
14 6 0
14 43 0
14 44 0
14 45 0
15 11 0
15 16 0
15 20 0
16 5 0
16 15 0
16 18 0
17 11 0
17 19 0
17 21 0
18 16 0
18 47 0
18 48 0
18 49 0
19 17 0
19 22 0
19 50 0
20 1 0
20 2 0
20 15 0
21 17 0
21 23 0
21 51 0
22 19 0
22 24 0
22 25 0
23 21 0
23 24 0
23 52 0
24 3 0
24 22 0
24 23 0
25 4 0
25 22 0
25 53 0
25 54 0
26 1 0
26 55 0
26 56 0
26 57 0
27 3 0
27 58 0
27 59 0
27 60 0
28 4 0
28 29 0
28 30 0
29 28 0
29 31 0
29 61 0
30 28 0
30 32 0
30 62 0
31 29 0
31 33 0
31 63 0
32 30 0
32 33 0
32 64 0
33 31 0
33 32 0
33 34 0
34 33 0
34 65 0
34 66 0
34 67 0
35 7 0
36 7 0
37 8 0
38 8 0
39 11 0
40 13 0
41 13 0
42 13 0
43 14 0
44 14 0
45 14 0
46 5 0
47 18 0
48 18 0
49 18 0
50 19 0
51 21 0
52 23 0
53 25 0
54 25 0
55 26 0
55 69 0
55 70 0
55 68 0
56 26 0
57 26 0
58 27 0
59 27 0
60 27 0
61 29 0
62 30 0
63 31 0
64 32 0
65 34 0
66 34 0
67 34 0
68 55 0
69 55 0
70 55 0
GraphDataEnd
GraphEnd
NodeEnd
NodeStart
EPTNodeID: 15
AnchorID: 19236
TreeNodeGraphID: 48
Level: 14
SimplifiedLevel: 0
EditOperation: 5 2 69 0 0
AccumulatedOpsCount: 13
AccumulatedOp: 4 33 34 0 0
AccumulatedOp: 0 2 0 2 4
AccumulatedOp: 0 5 0 3 2
AccumulatedOp: 0 49 0 5 4
AccumulatedOp: 2 68 0 0 1
AccumulatedOp: 4 1 26 0 0
AccumulatedOp: 4 5 46 0 0
AccumulatedOp: 5 33 68 0 0
AccumulatedOp: 5 34 49 0 0
AccumulatedOp: 5 26 49 0 0
AccumulatedOp: 5 2 49 0 0
AccumulatedOp: 5 2 46 0 0
AccumulatedOp: 5 2 69 0 0
ChildrenCount: 0
ChildIndices:
CompletedDBGraphIDsCount: 1
CompletedDBGraphID: 7321
GraphStart
GraphDataStart
ID: 48
NumNodes: 70
NumEdges: 148
NodeLabels
2 2 4 2 2 2 4 4 4 4 4 4 4 4 4 4 4 4 4 4 4 4 4 4 4 4 4 4 4 4 4 4 4 4 4 5 5 5 5 5 5 5 5 5 5 5 5 5 5 4 5 5 5 5 5 5 5 5 5 5 5 5 5 5 5 5 5 5 1 5 
Edges
0 12 0
1 20 0
2 20 0
2 49 0
2 46 0
2 69 0
3 24 0
3 27 0
4 25 0
4 28 0
5 9 0
5 16 0
6 7 0
6 8 0
6 13 0
6 14 0
7 6 0
7 9 0
7 35 0
7 36 0
8 6 0
8 12 0
8 37 0
8 38 0
9 5 0
9 7 0
9 10 0
10 9 0
10 11 0
10 12 0
11 10 0
11 15 0
11 17 0
11 39 0
12 0 0
12 8 0
12 10 0
13 6 0
13 40 0
13 41 0
13 42 0
14 6 0
14 43 0
14 44 0
14 45 0
15 11 0
15 16 0
15 20 0
16 5 0
16 15 0
16 18 0
17 11 0
17 19 0
17 21 0
18 16 0
18 47 0
18 48 0
18 49 0
19 17 0
19 22 0
19 50 0
20 1 0
20 2 0
20 15 0
21 17 0
21 23 0
21 51 0
22 19 0
22 24 0
22 25 0
23 21 0
23 24 0
23 52 0
24 3 0
24 22 0
24 23 0
25 4 0
25 22 0
25 53 0
25 54 0
26 55 0
26 56 0
26 57 0
26 49 0
27 3 0
27 58 0
27 59 0
27 60 0
28 4 0
28 29 0
28 30 0
29 28 0
29 31 0
29 61 0
30 28 0
30 32 0
30 62 0
31 29 0
31 33 0
31 63 0
32 30 0
32 33 0
32 64 0
33 31 0
33 32 0
33 68 0
34 65 0
34 66 0
34 67 0
34 49 0
35 7 0
36 7 0
37 8 0
38 8 0
39 11 0
40 13 0
41 13 0
42 13 0
43 14 0
44 14 0
45 14 0
46 2 0
47 18 0
48 18 0
49 18 0
49 34 0
49 26 0
49 2 0
50 19 0
51 21 0
52 23 0
53 25 0
54 25 0
55 26 0
56 26 0
57 26 0
58 27 0
59 27 0
60 27 0
61 29 0
62 30 0
63 31 0
64 32 0
65 34 0
66 34 0
67 34 0
68 33 0
69 2 0
GraphDataEnd
GraphEnd
NodeEnd
NodeStart
EPTNodeID: 16
AnchorID: 19236
TreeNodeGraphID: 57
Level: 9
SimplifiedLevel: 0
EditOperation: 5 17 57 0 0
AccumulatedOpsCount: 9
AccumulatedOp: 4 33 34 0 0
AccumulatedOp: 0 51 0 5 1
AccumulatedOp: 4 21 51 0 0
AccumulatedOp: 4 11 17 0 0
AccumulatedOp: 4 26 57 0 0
AccumulatedOp: 5 33 51 0 0
AccumulatedOp: 5 11 21 0 0
AccumulatedOp: 5 26 34 0 0
AccumulatedOp: 5 17 57 0 0
ChildrenCount: 0
ChildIndices:
CompletedDBGraphIDsCount: 2
CompletedDBGraphID: 2616
CompletedDBGraphID: 14292
GraphStart
GraphDataStart
ID: 57
NumNodes: 68
NumEdges: 142
NodeLabels
2 2 2 2 2 3 4 4 4 4 4 4 4 4 4 4 4 4 4 4 4 4 4 4 4 4 4 4 4 4 4 4 4 4 4 5 5 5 5 5 5 5 5 5 5 5 5 5 5 5 5 1 5 5 5 5 5 5 5 5 5 5 5 5 5 5 5 5 
Edges
0 12 0
1 20 0
1 26 0
2 20 0
3 24 0
3 27 0
4 25 0
4 28 0
5 9 0
5 16 0
5 46 0
6 7 0
6 8 0
6 13 0
6 14 0
7 6 0
7 9 0
7 35 0
7 36 0
8 6 0
8 12 0
8 37 0
8 38 0
9 5 0
9 7 0
9 10 0
10 9 0
10 11 0
10 12 0
11 10 0
11 15 0
11 39 0
11 21 0
12 0 0
12 8 0
12 10 0
13 6 0
13 40 0
13 41 0
13 42 0
14 6 0
14 43 0
14 44 0
14 45 0
15 11 0
15 16 0
15 20 0
16 5 0
16 15 0
16 18 0
17 19 0
17 21 0
17 57 0
18 16 0
18 47 0
18 48 0
18 49 0
19 17 0
19 22 0
19 50 0
20 1 0
20 2 0
20 15 0
21 17 0
21 23 0
21 11 0
22 19 0
22 24 0
22 25 0
23 21 0
23 24 0
23 52 0
24 3 0
24 22 0
24 23 0
25 4 0
25 22 0
25 53 0
25 54 0
26 1 0
26 55 0
26 56 0
26 34 0
27 3 0
27 58 0
27 59 0
27 60 0
28 4 0
28 29 0
28 30 0
29 28 0
29 31 0
29 61 0
30 28 0
30 32 0
30 62 0
31 29 0
31 33 0
31 63 0
32 30 0
32 33 0
32 64 0
33 31 0
33 32 0
33 51 0
34 65 0
34 66 0
34 67 0
34 26 0
35 7 0
36 7 0
37 8 0
38 8 0
39 11 0
40 13 0
41 13 0
42 13 0
43 14 0
44 14 0
45 14 0
46 5 0
47 18 0
48 18 0
49 18 0
50 19 0
51 33 0
52 23 0
53 25 0
54 25 0
55 26 0
56 26 0
57 17 0
58 27 0
59 27 0
60 27 0
61 29 0
62 30 0
63 31 0
64 32 0
65 34 0
66 34 0
67 34 0
GraphDataEnd
GraphEnd
NodeEnd
NodeStart
EPTNodeID: 17
AnchorID: 19236
TreeNodeGraphID: 65
Level: 8
SimplifiedLevel: 0
EditOperation: 5 18 26 0 0
AccumulatedOpsCount: 8
AccumulatedOp: 2 68 0 0 2
AccumulatedOp: 5 16 68 0 0
AccumulatedOp: 4 26 55 0 0
AccumulatedOp: 5 9 68 0 0
AccumulatedOp: 4 5 9 0 0
AccumulatedOp: 4 16 18 0 0
AccumulatedOp: 5 5 55 0 0
AccumulatedOp: 5 18 26 0 0
ChildrenCount: 0
ChildIndices:
CompletedDBGraphIDsCount: 2
CompletedDBGraphID: 14973
CompletedDBGraphID: 21697
GraphStart
GraphDataStart
ID: 65
NumNodes: 69
NumEdges: 144
NodeLabels
2 2 2 2 2 3 4 4 4 4 4 4 4 4 4 4 4 4 4 4 4 4 4 4 4 4 4 4 4 4 4 4 4 4 4 5 5 5 5 5 5 5 5 5 5 5 5 5 5 5 5 5 5 5 5 5 5 5 5 5 5 5 5 5 5 5 5 5 2 
Edges
0 12 0
1 20 0
1 26 0
2 20 0
3 24 0
3 27 0
4 25 0
4 28 0
5 16 0
5 46 0
5 55 0
6 7 0
6 8 0
6 13 0
6 14 0
7 6 0
7 9 0
7 35 0
7 36 0
8 6 0
8 12 0
8 37 0
8 38 0
9 7 0
9 10 0
9 68 0
10 9 0
10 11 0
10 12 0
11 10 0
11 15 0
11 17 0
11 39 0
12 0 0
12 8 0
12 10 0
13 6 0
13 40 0
13 41 0
13 42 0
14 6 0
14 43 0
14 44 0
14 45 0
15 11 0
15 16 0
15 20 0
16 5 0
16 15 0
16 68 0
17 11 0
17 19 0
17 21 0
18 47 0
18 48 0
18 49 0
18 26 0
19 17 0
19 22 0
19 50 0
20 1 0
20 2 0
20 15 0
21 17 0
21 23 0
21 51 0
22 19 0
22 24 0
22 25 0
23 21 0
23 24 0
23 52 0
24 3 0
24 22 0
24 23 0
25 4 0
25 22 0
25 53 0
25 54 0
26 1 0
26 56 0
26 57 0
26 18 0
27 3 0
27 58 0
27 59 0
27 60 0
28 4 0
28 29 0
28 30 0
29 28 0
29 31 0
29 61 0
30 28 0
30 32 0
30 62 0
31 29 0
31 33 0
31 63 0
32 30 0
32 33 0
32 64 0
33 31 0
33 32 0
33 34 0
34 33 0
34 65 0
34 66 0
34 67 0
35 7 0
36 7 0
37 8 0
38 8 0
39 11 0
40 13 0
41 13 0
42 13 0
43 14 0
44 14 0
45 14 0
46 5 0
47 18 0
48 18 0
49 18 0
50 19 0
51 21 0
52 23 0
53 25 0
54 25 0
55 5 0
56 26 0
57 26 0
58 27 0
59 27 0
60 27 0
61 29 0
62 30 0
63 31 0
64 32 0
65 34 0
66 34 0
67 34 0
68 16 0
68 9 0
GraphDataEnd
GraphEnd
NodeEnd
END_EPT
