BEGIN_EPT
AnchorID: 15527  # ID of the anchor node
RootIndex: 0  # Index of the root node in tree_nodes
NodeCount: 6  # Total number of nodes in the EPT
NodeStart
EPTNodeID: 0
AnchorID: 15527
TreeNodeGraphID: 0
Level: 0
SimplifiedLevel: 0
EditOperation: -1 0 -1 0 0
AccumulatedOpsCount: 0
ChildrenCount: 3
ChildIndices: 1 4 5
CompletedDBGraphIDsCount: 0
GraphStart
GraphDataStart
ID: 0
NumNodes: 63
NumEdges: 136
NodeLabels
6 6 2 2 2 3 3 3 3 3 4 4 4 4 4 4 4 4 4 4 4 4 4 4 4 4 4 4 4 4 4 4 4 4 4 4 4 4 5 5 5 5 5 5 5 5 5 5 5 5 5 5 5 5 5 5 5 5 5 5 5 5 5 
Edges
0 14 0
0 16 0
1 18 0
1 23 0
2 17 0
3 22 0
4 29 0
5 17 0
5 18 0
5 19 0
6 16 0
6 18 0
7 8 0
7 20 0
7 27 0
8 7 0
8 22 0
8 26 0
9 21 0
9 29 0
9 48 0
10 11 0
10 14 0
10 15 0
11 10 0
11 12 0
11 38 0
11 39 0
12 11 0
12 13 0
12 40 0
12 41 0
13 12 0
13 14 0
13 42 0
13 43 0
14 0 0
14 10 0
14 13 0
15 10 0
15 16 0
15 17 0
16 0 0
16 6 0
16 15 0
17 2 0
17 5 0
17 15 0
18 1 0
18 5 0
18 6 0
19 5 0
19 24 0
19 25 0
20 7 0
20 21 0
20 28 0
21 9 0
21 20 0
21 22 0
22 3 0
22 8 0
22 21 0
23 1 0
23 29 0
23 44 0
23 45 0
24 19 0
24 30 0
24 46 0
25 19 0
25 31 0
25 47 0
26 8 0
26 32 0
26 33 0
27 7 0
27 49 0
27 50 0
27 51 0
28 20 0
28 52 0
28 53 0
28 54 0
29 4 0
29 9 0
29 23 0
30 24 0
30 34 0
30 55 0
31 25 0
31 34 0
31 56 0
32 26 0
32 35 0
32 57 0
33 26 0
33 36 0
33 58 0
34 30 0
34 31 0
34 59 0
35 32 0
35 37 0
35 60 0
36 33 0
36 37 0
36 61 0
37 35 0
37 36 0
37 62 0
38 11 0
39 11 0
40 12 0
41 12 0
42 13 0
43 13 0
44 23 0
45 23 0
46 24 0
47 25 0
48 9 0
49 27 0
50 27 0
51 27 0
52 28 0
53 28 0
54 28 0
55 30 0
56 31 0
57 32 0
58 33 0
59 34 0
60 35 0
61 36 0
62 37 0
GraphDataEnd
GraphEnd
NodeEnd
NodeStart
EPTNodeID: 1
AnchorID: 15527
TreeNodeGraphID: 1
Level: 1
SimplifiedLevel: 0
EditOperation: 4 12 40 0 0
AccumulatedOpsCount: 1
AccumulatedOp: 4 12 40 0 0
ChildrenCount: 2
ChildIndices: 2 3
CompletedDBGraphIDsCount: 0
GraphStart
GraphDataStart
ID: 1
NumNodes: 63
NumEdges: 134
NodeLabels
6 6 2 2 2 3 3 3 3 3 4 4 4 4 4 4 4 4 4 4 4 4 4 4 4 4 4 4 4 4 4 4 4 4 4 4 4 4 5 5 5 5 5 5 5 5 5 5 5 5 5 5 5 5 5 5 5 5 5 5 5 5 5 
Edges
0 14 0
0 16 0
1 18 0
1 23 0
2 17 0
3 22 0
4 29 0
5 17 0
5 18 0
5 19 0
6 16 0
6 18 0
7 8 0
7 20 0
7 27 0
8 7 0
8 22 0
8 26 0
9 21 0
9 29 0
9 48 0
10 11 0
10 14 0
10 15 0
11 10 0
11 12 0
11 38 0
11 39 0
12 11 0
12 13 0
12 41 0
13 12 0
13 14 0
13 42 0
13 43 0
14 0 0
14 10 0
14 13 0
15 10 0
15 16 0
15 17 0
16 0 0
16 6 0
16 15 0
17 2 0
17 5 0
17 15 0
18 1 0
18 5 0
18 6 0
19 5 0
19 24 0
19 25 0
20 7 0
20 21 0
20 28 0
21 9 0
21 20 0
21 22 0
22 3 0
22 8 0
22 21 0
23 1 0
23 29 0
23 44 0
23 45 0
24 19 0
24 30 0
24 46 0
25 19 0
25 31 0
25 47 0
26 8 0
26 32 0
26 33 0
27 7 0
27 49 0
27 50 0
27 51 0
28 20 0
28 52 0
28 53 0
28 54 0
29 4 0
29 9 0
29 23 0
30 24 0
30 34 0
30 55 0
31 25 0
31 34 0
31 56 0
32 26 0
32 35 0
32 57 0
33 26 0
33 36 0
33 58 0
34 30 0
34 31 0
34 59 0
35 32 0
35 37 0
35 60 0
36 33 0
36 37 0
36 61 0
37 35 0
37 36 0
37 62 0
38 11 0
39 11 0
41 12 0
42 13 0
43 13 0
44 23 0
45 23 0
46 24 0
47 25 0
48 9 0
49 27 0
50 27 0
51 27 0
52 28 0
53 28 0
54 28 0
55 30 0
56 31 0
57 32 0
58 33 0
59 34 0
60 35 0
61 36 0
62 37 0
GraphDataEnd
GraphEnd
NodeEnd
NodeStart
EPTNodeID: 2
AnchorID: 15527
TreeNodeGraphID: 6
Level: 6
SimplifiedLevel: 0
EditOperation: 5 11 41 0 0
AccumulatedOpsCount: 5
AccumulatedOp: 0 12 0 4 5
AccumulatedOp: 1 40 0 5 0
AccumulatedOp: 4 12 41 0 0
AccumulatedOp: 4 11 12 0 0
AccumulatedOp: 5 11 41 0 0
ChildrenCount: 0
ChildIndices:
CompletedDBGraphIDsCount: 1
CompletedDBGraphID: 4477
GraphStart
GraphDataStart
ID: 6
NumNodes: 62
NumEdges: 132
NodeLabels
6 6 2 2 2 3 3 3 3 3 4 4 5 4 4 4 4 4 4 4 4 4 4 4 4 4 4 4 4 4 4 4 4 4 4 4 4 4 5 5 5 5 5 5 5 5 5 5 5 5 5 5 5 5 5 5 5 5 5 5 5 5 
Edges
0 14 0
0 16 0
1 18 0
1 23 0
2 17 0
3 22 0
4 29 0
5 17 0
5 18 0
5 19 0
6 16 0
6 18 0
7 8 0
7 20 0
7 27 0
8 7 0
8 22 0
8 26 0
9 21 0
9 29 0
9 47 0
10 11 0
10 14 0
10 15 0
11 10 0
11 38 0
11 39 0
11 40 0
12 13 0
13 12 0
13 14 0
13 41 0
13 42 0
14 0 0
14 10 0
14 13 0
15 10 0
15 16 0
15 17 0
16 0 0
16 6 0
16 15 0
17 2 0
17 5 0
17 15 0
18 1 0
18 5 0
18 6 0
19 5 0
19 24 0
19 25 0
20 7 0
20 21 0
20 28 0
21 9 0
21 20 0
21 22 0
22 3 0
22 8 0
22 21 0
23 1 0
23 29 0
23 43 0
23 44 0
24 19 0
24 30 0
24 45 0
25 19 0
25 31 0
25 46 0
26 8 0
26 32 0
26 33 0
27 7 0
27 48 0
27 49 0
27 50 0
28 20 0
28 51 0
28 52 0
28 53 0
29 4 0
29 9 0
29 23 0
30 24 0
30 34 0
30 54 0
31 25 0
31 34 0
31 55 0
32 26 0
32 35 0
32 56 0
33 26 0
33 36 0
33 57 0
34 30 0
34 31 0
34 58 0
35 32 0
35 37 0
35 59 0
36 33 0
36 37 0
36 60 0
37 35 0
37 36 0
37 61 0
38 11 0
39 11 0
40 11 0
41 13 0
42 13 0
43 23 0
44 23 0
45 24 0
46 25 0
47 9 0
48 27 0
49 27 0
50 27 0
51 28 0
52 28 0
53 28 0
54 30 0
55 31 0
56 32 0
57 33 0
58 34 0
59 35 0
60 36 0
61 37 0
GraphDataEnd
GraphEnd
NodeEnd
NodeStart
EPTNodeID: 3
AnchorID: 15527
TreeNodeGraphID: 13
Level: 8
SimplifiedLevel: 0
EditOperation: 5 10 19 0 0
AccumulatedOpsCount: 7
AccumulatedOp: 4 5 19 0 0
AccumulatedOp: 0 59 0 5 1
AccumulatedOp: 4 10 11 0 0
AccumulatedOp: 4 13 14 0 0
AccumulatedOp: 5 14 40 0 0
AccumulatedOp: 5 5 11 0 0
AccumulatedOp: 5 10 19 0 0
ChildrenCount: 0
ChildIndices:
CompletedDBGraphIDsCount: 1
CompletedDBGraphID: 4464
GraphStart
GraphDataStart
ID: 13
NumNodes: 63
NumEdges: 134
NodeLabels
6 6 2 2 2 3 3 3 3 3 4 4 4 4 4 4 4 4 4 4 4 4 4 4 4 4 4 4 4 4 4 4 4 4 4 4 4 4 5 5 5 5 5 5 5 5 5 5 5 5 5 5 5 5 5 5 5 5 5 1 5 5 5 
Edges
0 14 0
0 16 0
1 18 0
1 23 0
2 17 0
3 22 0
4 29 0
5 17 0
5 18 0
5 11 0
6 16 0
6 18 0
7 8 0
7 20 0
7 27 0
8 7 0
8 22 0
8 26 0
9 21 0
9 29 0
9 48 0
10 14 0
10 15 0
10 19 0
11 12 0
11 38 0
11 39 0
11 5 0
12 11 0
12 13 0
12 41 0
13 12 0
13 42 0
13 43 0
14 0 0
14 10 0
14 40 0
15 10 0
15 16 0
15 17 0
16 0 0
16 6 0
16 15 0
17 2 0
17 5 0
17 15 0
18 1 0
18 5 0
18 6 0
19 24 0
19 25 0
19 10 0
20 7 0
20 21 0
20 28 0
21 9 0
21 20 0
21 22 0
22 3 0
22 8 0
22 21 0
23 1 0
23 29 0
23 44 0
23 45 0
24 19 0
24 30 0
24 46 0
25 19 0
25 31 0
25 47 0
26 8 0
26 32 0
26 33 0
27 7 0
27 49 0
27 50 0
27 51 0
28 20 0
28 52 0
28 53 0
28 54 0
29 4 0
29 9 0
29 23 0
30 24 0
30 34 0
30 55 0
31 25 0
31 34 0
31 56 0
32 26 0
32 35 0
32 57 0
33 26 0
33 36 0
33 58 0
34 30 0
34 31 0
34 59 0
35 32 0
35 37 0
35 60 0
36 33 0
36 37 0
36 61 0
37 35 0
37 36 0
37 62 0
38 11 0
39 11 0
40 14 0
41 12 0
42 13 0
43 13 0
44 23 0
45 23 0
46 24 0
47 25 0
48 9 0
49 27 0
50 27 0
51 27 0
52 28 0
53 28 0
54 28 0
55 30 0
56 31 0
57 32 0
58 33 0
59 34 0
60 35 0
61 36 0
62 37 0
GraphDataEnd
GraphEnd
NodeEnd
NodeStart
EPTNodeID: 4
AnchorID: 15527
TreeNodeGraphID: 20
Level: 7
SimplifiedLevel: 0
EditOperation: 5 10 19 0 0
AccumulatedOpsCount: 7
AccumulatedOp: 4 12 41 0 0
AccumulatedOp: 5 14 41 0 0
AccumulatedOp: 4 5 19 0 0
AccumulatedOp: 5 5 13 0 0
AccumulatedOp: 4 10 11 0 0
AccumulatedOp: 4 13 14 0 0
AccumulatedOp: 5 10 19 0 0
ChildrenCount: 0
ChildIndices:
CompletedDBGraphIDsCount: 1
CompletedDBGraphID: 3062
GraphStart
GraphDataStart
ID: 20
NumNodes: 63
NumEdges: 134
NodeLabels
6 6 2 2 2 3 3 3 3 3 4 4 4 4 4 4 4 4 4 4 4 4 4 4 4 4 4 4 4 4 4 4 4 4 4 4 4 4 5 5 5 5 5 5 5 5 5 5 5 5 5 5 5 5 5 5 5 5 5 5 5 5 5 
Edges
0 14 0
0 16 0
1 18 0
1 23 0
2 17 0
3 22 0
4 29 0
5 17 0
5 18 0
5 13 0
6 16 0
6 18 0
7 8 0
7 20 0
7 27 0
8 7 0
8 22 0
8 26 0
9 21 0
9 29 0
9 48 0
10 14 0
10 15 0
10 19 0
11 12 0
11 38 0
11 39 0
12 11 0
12 13 0
12 40 0
13 12 0
13 42 0
13 43 0
13 5 0
14 0 0
14 10 0
14 41 0
15 10 0
15 16 0
15 17 0
16 0 0
16 6 0
16 15 0
17 2 0
17 5 0
17 15 0
18 1 0
18 5 0
18 6 0
19 24 0
19 25 0
19 10 0
20 7 0
20 21 0
20 28 0
21 9 0
21 20 0
21 22 0
22 3 0
22 8 0
22 21 0
23 1 0
23 29 0
23 44 0
23 45 0
24 19 0
24 30 0
24 46 0
25 19 0
25 31 0
25 47 0
26 8 0
26 32 0
26 33 0
27 7 0
27 49 0
27 50 0
27 51 0
28 20 0
28 52 0
28 53 0
28 54 0
29 4 0
29 9 0
29 23 0
30 24 0
30 34 0
30 55 0
31 25 0
31 34 0
31 56 0
32 26 0
32 35 0
32 57 0
33 26 0
33 36 0
33 58 0
34 30 0
34 31 0
34 59 0
35 32 0
35 37 0
35 60 0
36 33 0
36 37 0
36 61 0
37 35 0
37 36 0
37 62 0
38 11 0
39 11 0
40 12 0
41 14 0
42 13 0
43 13 0
44 23 0
45 23 0
46 24 0
47 25 0
48 9 0
49 27 0
50 27 0
51 27 0
52 28 0
53 28 0
54 28 0
55 30 0
56 31 0
57 32 0
58 33 0
59 34 0
60 35 0
61 36 0
62 37 0
GraphDataEnd
GraphEnd
NodeEnd
NodeStart
EPTNodeID: 5
AnchorID: 15527
TreeNodeGraphID: 31
Level: 11
SimplifiedLevel: 0
EditOperation: 1 59 0 5 0
AccumulatedOpsCount: 11
AccumulatedOp: 4 31 56 0 0
AccumulatedOp: 0 25 0 4 5
AccumulatedOp: 0 34 0 4 5
AccumulatedOp: 5 19 56 0 0
AccumulatedOp: 4 25 31 0 0
AccumulatedOp: 4 25 47 0 0
AccumulatedOp: 1 47 0 5 0
AccumulatedOp: 4 31 34 0 0
AccumulatedOp: 1 31 0 4 0
AccumulatedOp: 4 34 59 0 0
AccumulatedOp: 1 59 0 5 0
ChildrenCount: 0
ChildIndices:
CompletedDBGraphIDsCount: 1
CompletedDBGraphID: 15589
GraphStart
GraphDataStart
ID: 31
NumNodes: 60
NumEdges: 128
NodeLabels
6 6 2 2 2 3 3 3 3 3 4 4 4 4 4 4 4 4 4 4 4 4 4 4 4 5 4 4 4 4 4 4 4 5 4 4 4 5 5 5 5 5 5 5 5 5 5 5 5 5 5 5 5 5 5 5 5 5 5 5 
Edges
0 14 0
0 16 0
1 18 0
1 23 0
2 17 0
3 22 0
4 29 0
5 17 0
5 18 0
5 19 0
6 16 0
6 18 0
7 8 0
7 20 0
7 27 0
8 7 0
8 22 0
8 26 0
9 21 0
9 29 0
9 46 0
10 11 0
10 14 0
10 15 0
11 10 0
11 12 0
11 37 0
11 38 0
12 11 0
12 13 0
12 39 0
12 40 0
13 12 0
13 14 0
13 41 0
13 42 0
14 0 0
14 10 0
14 13 0
15 10 0
15 16 0
15 17 0
16 0 0
16 6 0
16 15 0
17 2 0
17 5 0
17 15 0
18 1 0
18 5 0
18 6 0
19 5 0
19 24 0
19 25 0
19 54 0
20 7 0
20 21 0
20 28 0
21 9 0
21 20 0
21 22 0
22 3 0
22 8 0
22 21 0
23 1 0
23 29 0
23 43 0
23 44 0
24 19 0
24 30 0
24 45 0
25 19 0
26 8 0
26 31 0
26 32 0
27 7 0
27 47 0
27 48 0
27 49 0
28 20 0
28 50 0
28 51 0
28 52 0
29 4 0
29 9 0
29 23 0
30 24 0
30 33 0
30 53 0
31 26 0
31 34 0
31 55 0
32 26 0
32 35 0
32 56 0
33 30 0
34 31 0
34 36 0
34 57 0
35 32 0
35 36 0
35 58 0
36 34 0
36 35 0
36 59 0
37 11 0
38 11 0
39 12 0
40 12 0
41 13 0
42 13 0
43 23 0
44 23 0
45 24 0
46 9 0
47 27 0
48 27 0
49 27 0
50 28 0
51 28 0
52 28 0
53 30 0
54 19 0
55 31 0
56 32 0
57 34 0
58 35 0
59 36 0
GraphDataEnd
GraphEnd
NodeEnd
END_EPT
