BEGIN_EPT
AnchorID: 7770  # ID of the anchor node
RootIndex: 0  # Index of the root node in tree_nodes
NodeCount: 6  # Total number of nodes in the EPT
NodeStart
EPTNodeID: 0
AnchorID: 7770
TreeNodeGraphID: 0
Level: 0
SimplifiedLevel: 0
EditOperation: -1 0 -1 0 0
AccumulatedOpsCount: 0
ChildrenCount: 1
ChildIndices: 1
CompletedDBGraphIDsCount: 0
GraphStart
GraphDataStart
ID: 0
NumNodes: 61
NumEdges: 128
NodeLabels
6 1 2 2 2 3 3 3 4 4 4 4 4 4 4 4 4 4 4 4 4 4 4 4 4 4 4 4 4 4 4 4 4 4 4 4 4 5 5 5 5 5 5 5 5 5 5 5 5 5 5 5 5 5 5 5 5 5 5 5 5 
Edges
0 14 0
0 25 0
1 36 0
2 17 0
2 30 0
3 20 0
3 31 0
4 28 0
5 10 0
5 14 0
6 28 0
6 29 0
6 50 0
7 27 0
8 9 0
8 11 0
8 13 0
9 8 0
9 15 0
9 16 0
10 5 0
10 11 0
10 12 0
11 8 0
11 10 0
11 37 0
12 10 0
12 18 0
12 19 0
13 8 0
13 14 0
13 27 0
14 0 0
14 5 0
14 13 0
15 9 0
15 17 0
15 38 0
16 9 0
16 21 0
16 39 0
17 2 0
17 15 0
17 20 0
18 12 0
18 23 0
18 40 0
19 12 0
19 24 0
19 41 0
20 3 0
20 17 0
20 21 0
21 16 0
21 20 0
21 42 0
22 23 0
22 24 0
22 26 0
23 18 0
23 22 0
23 43 0
24 19 0
24 22 0
24 44 0
25 0 0
25 28 0
25 45 0
25 46 0
26 22 0
26 47 0
26 48 0
26 49 0
27 7 0
27 13 0
28 4 0
28 6 0
28 25 0
29 6 0
29 32 0
29 33 0
30 2 0
30 51 0
30 52 0
30 53 0
31 3 0
31 54 0
31 55 0
31 56 0
32 29 0
32 34 0
32 57 0
33 29 0
33 35 0
33 58 0
34 32 0
34 36 0
34 59 0
35 33 0
35 36 0
35 60 0
36 1 0
36 34 0
36 35 0
37 11 0
38 15 0
39 16 0
40 18 0
41 19 0
42 21 0
43 23 0
44 24 0
45 25 0
46 25 0
47 26 0
48 26 0
49 26 0
50 6 0
51 30 0
52 30 0
53 30 0
54 31 0
55 31 0
56 31 0
57 32 0
58 33 0
59 34 0
60 35 0
GraphDataEnd
GraphEnd
NodeEnd
NodeStart
EPTNodeID: 1
AnchorID: 7770
TreeNodeGraphID: 1
Level: 1
SimplifiedLevel: 0
EditOperation: 0 1 0 1 5
AccumulatedOpsCount: 1
AccumulatedOp: 0 1 0 1 5
ChildrenCount: 2
ChildIndices: 2 5
CompletedDBGraphIDsCount: 0
GraphStart
GraphDataStart
ID: 1
NumNodes: 61
NumEdges: 128
NodeLabels
6 5 2 2 2 3 3 3 4 4 4 4 4 4 4 4 4 4 4 4 4 4 4 4 4 4 4 4 4 4 4 4 4 4 4 4 4 5 5 5 5 5 5 5 5 5 5 5 5 5 5 5 5 5 5 5 5 5 5 5 5 
Edges
0 14 0
0 25 0
1 36 0
2 17 0
2 30 0
3 20 0
3 31 0
4 28 0
5 10 0
5 14 0
6 28 0
6 29 0
6 50 0
7 27 0
8 9 0
8 11 0
8 13 0
9 8 0
9 15 0
9 16 0
10 5 0
10 11 0
10 12 0
11 8 0
11 10 0
11 37 0
12 10 0
12 18 0
12 19 0
13 8 0
13 14 0
13 27 0
14 0 0
14 5 0
14 13 0
15 9 0
15 17 0
15 38 0
16 9 0
16 21 0
16 39 0
17 2 0
17 15 0
17 20 0
18 12 0
18 23 0
18 40 0
19 12 0
19 24 0
19 41 0
20 3 0
20 17 0
20 21 0
21 16 0
21 20 0
21 42 0
22 23 0
22 24 0
22 26 0
23 18 0
23 22 0
23 43 0
24 19 0
24 22 0
24 44 0
25 0 0
25 28 0
25 45 0
25 46 0
26 22 0
26 47 0
26 48 0
26 49 0
27 7 0
27 13 0
28 4 0
28 6 0
28 25 0
29 6 0
29 32 0
29 33 0
30 2 0
30 51 0
30 52 0
30 53 0
31 3 0
31 54 0
31 55 0
31 56 0
32 29 0
32 34 0
32 57 0
33 29 0
33 35 0
33 58 0
34 32 0
34 36 0
34 59 0
35 33 0
35 36 0
35 60 0
36 1 0
36 34 0
36 35 0
37 11 0
38 15 0
39 16 0
40 18 0
41 19 0
42 21 0
43 23 0
44 24 0
45 25 0
46 25 0
47 26 0
48 26 0
49 26 0
50 6 0
51 30 0
52 30 0
53 30 0
54 31 0
55 31 0
56 31 0
57 32 0
58 33 0
59 34 0
60 35 0
GraphDataEnd
GraphEnd
NodeEnd
NodeStart
EPTNodeID: 2
AnchorID: 7770
TreeNodeGraphID: 3
Level: 3
SimplifiedLevel: 0
EditOperation: 4 8 9 0 0
AccumulatedOpsCount: 2
AccumulatedOp: 4 6 29 0 0
AccumulatedOp: 4 8 9 0 0
ChildrenCount: 2
ChildIndices: 3 4
CompletedDBGraphIDsCount: 0
GraphStart
GraphDataStart
ID: 3
NumNodes: 61
NumEdges: 124
NodeLabels
6 5 2 2 2 3 3 3 4 4 4 4 4 4 4 4 4 4 4 4 4 4 4 4 4 4 4 4 4 4 4 4 4 4 4 4 4 5 5 5 5 5 5 5 5 5 5 5 5 5 5 5 5 5 5 5 5 5 5 5 5 
Edges
0 14 0
0 25 0
1 36 0
2 17 0
2 30 0
3 20 0
3 31 0
4 28 0
5 10 0
5 14 0
6 28 0
6 50 0
7 27 0
8 11 0
8 13 0
9 15 0
9 16 0
10 5 0
10 11 0
10 12 0
11 8 0
11 10 0
11 37 0
12 10 0
12 18 0
12 19 0
13 8 0
13 14 0
13 27 0
14 0 0
14 5 0
14 13 0
15 9 0
15 17 0
15 38 0
16 9 0
16 21 0
16 39 0
17 2 0
17 15 0
17 20 0
18 12 0
18 23 0
18 40 0
19 12 0
19 24 0
19 41 0
20 3 0
20 17 0
20 21 0
21 16 0
21 20 0
21 42 0
22 23 0
22 24 0
22 26 0
23 18 0
23 22 0
23 43 0
24 19 0
24 22 0
24 44 0
25 0 0
25 28 0
25 45 0
25 46 0
26 22 0
26 47 0
26 48 0
26 49 0
27 7 0
27 13 0
28 4 0
28 6 0
28 25 0
29 32 0
29 33 0
30 2 0
30 51 0
30 52 0
30 53 0
31 3 0
31 54 0
31 55 0
31 56 0
32 29 0
32 34 0
32 57 0
33 29 0
33 35 0
33 58 0
34 32 0
34 36 0
34 59 0
35 33 0
35 36 0
35 60 0
36 1 0
36 34 0
36 35 0
37 11 0
38 15 0
39 16 0
40 18 0
41 19 0
42 21 0
43 23 0
44 24 0
45 25 0
46 25 0
47 26 0
48 26 0
49 26 0
50 6 0
51 30 0
52 30 0
53 30 0
54 31 0
55 31 0
56 31 0
57 32 0
58 33 0
59 34 0
60 35 0
GraphDataEnd
GraphEnd
NodeEnd
NodeStart
EPTNodeID: 3
AnchorID: 7770
TreeNodeGraphID: 7
Level: 7
SimplifiedLevel: 0
EditOperation: 5 3 9 0 0
AccumulatedOpsCount: 4
AccumulatedOp: 5 8 29 0 0
AccumulatedOp: 4 3 20 0 0
AccumulatedOp: 5 6 20 0 0
AccumulatedOp: 5 3 9 0 0
ChildrenCount: 0
ChildIndices:
CompletedDBGraphIDsCount: 1
CompletedDBGraphID: 6370
GraphStart
GraphDataStart
ID: 7
NumNodes: 61
NumEdges: 128
NodeLabels
6 5 2 2 2 3 3 3 4 4 4 4 4 4 4 4 4 4 4 4 4 4 4 4 4 4 4 4 4 4 4 4 4 4 4 4 4 5 5 5 5 5 5 5 5 5 5 5 5 5 5 5 5 5 5 5 5 5 5 5 5 
Edges
0 14 0
0 25 0
1 36 0
2 17 0
2 30 0
3 31 0
3 9 0
4 28 0
5 10 0
5 14 0
6 28 0
6 50 0
6 20 0
7 27 0
8 11 0
8 13 0
8 29 0
9 15 0
9 16 0
9 3 0
10 5 0
10 11 0
10 12 0
11 8 0
11 10 0
11 37 0
12 10 0
12 18 0
12 19 0
13 8 0
13 14 0
13 27 0
14 0 0
14 5 0
14 13 0
15 9 0
15 17 0
15 38 0
16 9 0
16 21 0
16 39 0
17 2 0
17 15 0
17 20 0
18 12 0
18 23 0
18 40 0
19 12 0
19 24 0
19 41 0
20 17 0
20 21 0
20 6 0
21 16 0
21 20 0
21 42 0
22 23 0
22 24 0
22 26 0
23 18 0
23 22 0
23 43 0
24 19 0
24 22 0
24 44 0
25 0 0
25 28 0
25 45 0
25 46 0
26 22 0
26 47 0
26 48 0
26 49 0
27 7 0
27 13 0
28 4 0
28 6 0
28 25 0
29 32 0
29 33 0
29 8 0
30 2 0
30 51 0
30 52 0
30 53 0
31 3 0
31 54 0
31 55 0
31 56 0
32 29 0
32 34 0
32 57 0
33 29 0
33 35 0
33 58 0
34 32 0
34 36 0
34 59 0
35 33 0
35 36 0
35 60 0
36 1 0
36 34 0
36 35 0
37 11 0
38 15 0
39 16 0
40 18 0
41 19 0
42 21 0
43 23 0
44 24 0
45 25 0
46 25 0
47 26 0
48 26 0
49 26 0
50 6 0
51 30 0
52 30 0
53 30 0
54 31 0
55 31 0
56 31 0
57 32 0
58 33 0
59 34 0
60 35 0
GraphDataEnd
GraphEnd
NodeEnd
NodeStart
EPTNodeID: 4
AnchorID: 7770
TreeNodeGraphID: 17
Level: 13
SimplifiedLevel: 0
EditOperation: 5 10 27 0 0
AccumulatedOpsCount: 10
AccumulatedOp: 0 7 0 3 2
AccumulatedOp: 5 6 12 0 0
AccumulatedOp: 0 13 0 4 3
AccumulatedOp: 4 8 11 0 0
AccumulatedOp: 5 9 11 0 0
AccumulatedOp: 4 8 13 0 0
AccumulatedOp: 1 8 0 4 0
AccumulatedOp: 4 10 12 0 0
AccumulatedOp: 5 13 29 0 0
AccumulatedOp: 5 10 27 0 0
ChildrenCount: 0
ChildIndices:
CompletedDBGraphIDsCount: 1
CompletedDBGraphID: 7313
GraphStart
GraphDataStart
ID: 17
NumNodes: 60
NumEdges: 126
NodeLabels
6 5 2 2 2 3 3 2 4 4 4 4 3 4 4 4 4 4 4 4 4 4 4 4 4 4 4 4 4 4 4 4 4 4 4 4 5 5 5 5 5 5 5 5 5 5 5 5 5 5 5 5 5 5 5 5 5 5 5 5 
Edges
0 13 0
0 24 0
1 35 0
2 16 0
2 29 0
3 19 0
3 30 0
4 27 0
5 9 0
5 13 0
6 27 0
6 49 0
6 11 0
7 26 0
8 14 0
8 15 0
8 10 0
9 5 0
9 10 0
9 26 0
10 9 0
10 36 0
10 8 0
11 17 0
11 18 0
11 6 0
12 13 0
12 26 0
12 28 0
13 0 0
13 5 0
13 12 0
14 8 0
14 16 0
14 37 0
15 8 0
15 20 0
15 38 0
16 2 0
16 14 0
16 19 0
17 11 0
17 22 0
17 39 0
18 11 0
18 23 0
18 40 0
19 3 0
19 16 0
19 20 0
20 15 0
20 19 0
20 41 0
21 22 0
21 23 0
21 25 0
22 17 0
22 21 0
22 42 0
23 18 0
23 21 0
23 43 0
24 0 0
24 27 0
24 44 0
24 45 0
25 21 0
25 46 0
25 47 0
25 48 0
26 7 0
26 12 0
26 9 0
27 4 0
27 6 0
27 24 0
28 31 0
28 32 0
28 12 0
29 2 0
29 50 0
29 51 0
29 52 0
30 3 0
30 53 0
30 54 0
30 55 0
31 28 0
31 33 0
31 56 0
32 28 0
32 34 0
32 57 0
33 31 0
33 35 0
33 58 0
34 32 0
34 35 0
34 59 0
35 1 0
35 33 0
35 34 0
36 10 0
37 14 0
38 15 0
39 17 0
40 18 0
41 20 0
42 22 0
43 23 0
44 24 0
45 24 0
46 25 0
47 25 0
48 25 0
49 6 0
50 29 0
51 29 0
52 29 0
53 30 0
54 30 0
55 30 0
56 31 0
57 32 0
58 33 0
59 34 0
GraphDataEnd
GraphEnd
NodeEnd
NodeStart
EPTNodeID: 5
AnchorID: 7770
TreeNodeGraphID: 26
Level: 10
SimplifiedLevel: 0
EditOperation: 5 22 61 0 0
AccumulatedOpsCount: 9
AccumulatedOp: 0 58 0 5 2
AccumulatedOp: 5 30 59 0 0
AccumulatedOp: 0 2 0 2 5
AccumulatedOp: 4 2 30 0 0
AccumulatedOp: 4 22 26 0 0
AccumulatedOp: 0 59 0 5 2
AccumulatedOp: 2 61 0 0 5
AccumulatedOp: 5 26 58 0 0
AccumulatedOp: 5 22 61 0 0
ChildrenCount: 0
ChildIndices:
CompletedDBGraphIDsCount: 1
CompletedDBGraphID: 3656
GraphStart
GraphDataStart
ID: 26
NumNodes: 62
NumEdges: 130
NodeLabels
6 5 5 2 2 3 3 3 4 4 4 4 4 4 4 4 4 4 4 4 4 4 4 4 4 4 4 4 4 4 4 4 4 4 4 4 4 5 5 5 5 5 5 5 5 5 5 5 5 5 5 5 5 5 5 5 5 5 2 2 5 5 
Edges
0 14 0
0 25 0
1 36 0
2 17 0
3 20 0
3 31 0
4 28 0
5 10 0
5 14 0
6 28 0
6 29 0
6 50 0
7 27 0
8 9 0
8 11 0
8 13 0
9 8 0
9 15 0
9 16 0
10 5 0
10 11 0
10 12 0
11 8 0
11 10 0
11 37 0
12 10 0
12 18 0
12 19 0
13 8 0
13 14 0
13 27 0
14 0 0
14 5 0
14 13 0
15 9 0
15 17 0
15 38 0
16 9 0
16 21 0
16 39 0
17 2 0
17 15 0
17 20 0
18 12 0
18 23 0
18 40 0
19 12 0
19 24 0
19 41 0
20 3 0
20 17 0
20 21 0
21 16 0
21 20 0
21 42 0
22 23 0
22 24 0
22 61 0
23 18 0
23 22 0
23 43 0
24 19 0
24 22 0
24 44 0
25 0 0
25 28 0
25 45 0
25 46 0
26 47 0
26 48 0
26 49 0
26 58 0
27 7 0
27 13 0
28 4 0
28 6 0
28 25 0
29 6 0
29 32 0
29 33 0
30 51 0
30 52 0
30 53 0
30 59 0
31 3 0
31 54 0
31 55 0
31 56 0
32 29 0
32 34 0
32 57 0
33 29 0
33 35 0
33 58 0
34 32 0
34 36 0
34 59 0
35 33 0
35 36 0
35 60 0
36 1 0
36 34 0
36 35 0
37 11 0
38 15 0
39 16 0
40 18 0
41 19 0
42 21 0
43 23 0
44 24 0
45 25 0
46 25 0
47 26 0
48 26 0
49 26 0
50 6 0
51 30 0
52 30 0
53 30 0
54 31 0
55 31 0
56 31 0
57 32 0
58 33 0
58 26 0
59 34 0
59 30 0
60 35 0
61 22 0
GraphDataEnd
GraphEnd
NodeEnd
END_EPT
