BEGIN_EPT
AnchorID: 13593  # ID of the anchor node
RootIndex: 0  # Index of the root node in tree_nodes
NodeCount: 25  # Total number of nodes in the EPT
NodeStart
EPTNodeID: 0
AnchorID: 13593
TreeNodeGraphID: 0
Level: 0
SimplifiedLevel: 0
EditOperation: -1 0 -1 0 0
AccumulatedOpsCount: 0
ChildrenCount: 4
ChildIndices: 1 18 21 22
CompletedDBGraphIDsCount: 0
GraphStart
GraphDataStart
ID: 0
NumNodes: 58
NumEdges: 124
NodeLabels
3 3 3 3 3 4 4 4 4 4 4 4 4 4 4 4 4 4 4 4 4 4 4 4 4 4 4 4 4 4 4 5 5 5 5 5 5 5 5 5 5 5 5 5 5 5 5 5 5 5 5 5 5 5 5 5 5 5 
Edges
0 5 0
0 6 0
0 7 0
1 8 0
1 9 0
1 13 0
2 7 0
2 11 0
2 14 0
3 11 0
3 17 0
4 28 0
5 0 0
5 8 0
5 33 0
5 34 0
6 0 0
6 9 0
6 31 0
6 32 0
7 0 0
7 2 0
7 10 0
8 1 0
8 5 0
8 37 0
8 38 0
9 1 0
9 6 0
9 35 0
9 36 0
10 7 0
10 12 0
10 15 0
11 2 0
11 3 0
11 16 0
12 10 0
12 16 0
12 19 0
13 1 0
13 18 0
13 20 0
14 2 0
14 17 0
14 21 0
15 10 0
15 22 0
15 39 0
15 40 0
16 11 0
16 12 0
16 28 0
17 3 0
17 14 0
17 23 0
18 13 0
18 24 0
18 25 0
19 12 0
19 41 0
19 42 0
19 43 0
20 13 0
20 27 0
20 44 0
21 14 0
21 26 0
21 45 0
22 15 0
22 46 0
22 47 0
22 48 0
23 17 0
23 29 0
23 49 0
24 18 0
24 30 0
24 50 0
25 18 0
25 51 0
25 52 0
25 53 0
26 21 0
26 29 0
26 54 0
27 20 0
27 30 0
27 55 0
28 4 0
28 16 0
29 23 0
29 26 0
29 56 0
30 24 0
30 27 0
30 57 0
31 6 0
32 6 0
33 5 0
34 5 0
35 9 0
36 9 0
37 8 0
38 8 0
39 15 0
40 15 0
41 19 0
42 19 0
43 19 0
44 20 0
45 21 0
46 22 0
47 22 0
48 22 0
49 23 0
50 24 0
51 25 0
52 25 0
53 25 0
54 26 0
55 27 0
56 29 0
57 30 0
GraphDataEnd
GraphEnd
NodeEnd
NodeStart
EPTNodeID: 1
AnchorID: 13593
TreeNodeGraphID: 1
Level: 1
SimplifiedLevel: 0
EditOperation: 4 1 13 0 0
AccumulatedOpsCount: 1
AccumulatedOp: 4 1 13 0 0
ChildrenCount: 3
ChildIndices: 2 16 17
CompletedDBGraphIDsCount: 0
GraphStart
GraphDataStart
ID: 1
NumNodes: 58
NumEdges: 122
NodeLabels
3 3 3 3 3 4 4 4 4 4 4 4 4 4 4 4 4 4 4 4 4 4 4 4 4 4 4 4 4 4 4 5 5 5 5 5 5 5 5 5 5 5 5 5 5 5 5 5 5 5 5 5 5 5 5 5 5 5 
Edges
0 5 0
0 6 0
0 7 0
1 8 0
1 9 0
2 7 0
2 11 0
2 14 0
3 11 0
3 17 0
4 28 0
5 0 0
5 8 0
5 33 0
5 34 0
6 0 0
6 9 0
6 31 0
6 32 0
7 0 0
7 2 0
7 10 0
8 1 0
8 5 0
8 37 0
8 38 0
9 1 0
9 6 0
9 35 0
9 36 0
10 7 0
10 12 0
10 15 0
11 2 0
11 3 0
11 16 0
12 10 0
12 16 0
12 19 0
13 18 0
13 20 0
14 2 0
14 17 0
14 21 0
15 10 0
15 22 0
15 39 0
15 40 0
16 11 0
16 12 0
16 28 0
17 3 0
17 14 0
17 23 0
18 13 0
18 24 0
18 25 0
19 12 0
19 41 0
19 42 0
19 43 0
20 13 0
20 27 0
20 44 0
21 14 0
21 26 0
21 45 0
22 15 0
22 46 0
22 47 0
22 48 0
23 17 0
23 29 0
23 49 0
24 18 0
24 30 0
24 50 0
25 18 0
25 51 0
25 52 0
25 53 0
26 21 0
26 29 0
26 54 0
27 20 0
27 30 0
27 55 0
28 4 0
28 16 0
29 23 0
29 26 0
29 56 0
30 24 0
30 27 0
30 57 0
31 6 0
32 6 0
33 5 0
34 5 0
35 9 0
36 9 0
37 8 0
38 8 0
39 15 0
40 15 0
41 19 0
42 19 0
43 19 0
44 20 0
45 21 0
46 22 0
47 22 0
48 22 0
49 23 0
50 24 0
51 25 0
52 25 0
53 25 0
54 26 0
55 27 0
56 29 0
57 30 0
GraphDataEnd
GraphEnd
NodeEnd
NodeStart
EPTNodeID: 2
AnchorID: 13593
TreeNodeGraphID: 2
Level: 2
SimplifiedLevel: 0
EditOperation: 4 25 53 0 0
AccumulatedOpsCount: 1
AccumulatedOp: 4 25 53 0 0
ChildrenCount: 2
ChildIndices: 3 14
CompletedDBGraphIDsCount: 0
GraphStart
GraphDataStart
ID: 2
NumNodes: 58
NumEdges: 120
NodeLabels
3 3 3 3 3 4 4 4 4 4 4 4 4 4 4 4 4 4 4 4 4 4 4 4 4 4 4 4 4 4 4 5 5 5 5 5 5 5 5 5 5 5 5 5 5 5 5 5 5 5 5 5 5 5 5 5 5 5 
Edges
0 5 0
0 6 0
0 7 0
1 8 0
1 9 0
2 7 0
2 11 0
2 14 0
3 11 0
3 17 0
4 28 0
5 0 0
5 8 0
5 33 0
5 34 0
6 0 0
6 9 0
6 31 0
6 32 0
7 0 0
7 2 0
7 10 0
8 1 0
8 5 0
8 37 0
8 38 0
9 1 0
9 6 0
9 35 0
9 36 0
10 7 0
10 12 0
10 15 0
11 2 0
11 3 0
11 16 0
12 10 0
12 16 0
12 19 0
13 18 0
13 20 0
14 2 0
14 17 0
14 21 0
15 10 0
15 22 0
15 39 0
15 40 0
16 11 0
16 12 0
16 28 0
17 3 0
17 14 0
17 23 0
18 13 0
18 24 0
18 25 0
19 12 0
19 41 0
19 42 0
19 43 0
20 13 0
20 27 0
20 44 0
21 14 0
21 26 0
21 45 0
22 15 0
22 46 0
22 47 0
22 48 0
23 17 0
23 29 0
23 49 0
24 18 0
24 30 0
24 50 0
25 18 0
25 51 0
25 52 0
26 21 0
26 29 0
26 54 0
27 20 0
27 30 0
27 55 0
28 4 0
28 16 0
29 23 0
29 26 0
29 56 0
30 24 0
30 27 0
30 57 0
31 6 0
32 6 0
33 5 0
34 5 0
35 9 0
36 9 0
37 8 0
38 8 0
39 15 0
40 15 0
41 19 0
42 19 0
43 19 0
44 20 0
45 21 0
46 22 0
47 22 0
48 22 0
49 23 0
50 24 0
51 25 0
52 25 0
54 26 0
55 27 0
56 29 0
57 30 0
GraphDataEnd
GraphEnd
NodeEnd
NodeStart
EPTNodeID: 3
AnchorID: 13593
TreeNodeGraphID: 3
Level: 3
SimplifiedLevel: 0
EditOperation: 5 1 25 0 0
AccumulatedOpsCount: 1
AccumulatedOp: 5 1 25 0 0
ChildrenCount: 2
ChildIndices: 4 9
CompletedDBGraphIDsCount: 0
GraphStart
GraphDataStart
ID: 3
NumNodes: 58
NumEdges: 122
NodeLabels
3 3 3 3 3 4 4 4 4 4 4 4 4 4 4 4 4 4 4 4 4 4 4 4 4 4 4 4 4 4 4 5 5 5 5 5 5 5 5 5 5 5 5 5 5 5 5 5 5 5 5 5 5 5 5 5 5 5 
Edges
0 5 0
0 6 0
0 7 0
1 8 0
1 9 0
1 25 0
2 7 0
2 11 0
2 14 0
3 11 0
3 17 0
4 28 0
5 0 0
5 8 0
5 33 0
5 34 0
6 0 0
6 9 0
6 31 0
6 32 0
7 0 0
7 2 0
7 10 0
8 1 0
8 5 0
8 37 0
8 38 0
9 1 0
9 6 0
9 35 0
9 36 0
10 7 0
10 12 0
10 15 0
11 2 0
11 3 0
11 16 0
12 10 0
12 16 0
12 19 0
13 18 0
13 20 0
14 2 0
14 17 0
14 21 0
15 10 0
15 22 0
15 39 0
15 40 0
16 11 0
16 12 0
16 28 0
17 3 0
17 14 0
17 23 0
18 13 0
18 24 0
18 25 0
19 12 0
19 41 0
19 42 0
19 43 0
20 13 0
20 27 0
20 44 0
21 14 0
21 26 0
21 45 0
22 15 0
22 46 0
22 47 0
22 48 0
23 17 0
23 29 0
23 49 0
24 18 0
24 30 0
24 50 0
25 18 0
25 51 0
25 52 0
25 1 0
26 21 0
26 29 0
26 54 0
27 20 0
27 30 0
27 55 0
28 4 0
28 16 0
29 23 0
29 26 0
29 56 0
30 24 0
30 27 0
30 57 0
31 6 0
32 6 0
33 5 0
34 5 0
35 9 0
36 9 0
37 8 0
38 8 0
39 15 0
40 15 0
41 19 0
42 19 0
43 19 0
44 20 0
45 21 0
46 22 0
47 22 0
48 22 0
49 23 0
50 24 0
51 25 0
52 25 0
54 26 0
55 27 0
56 29 0
57 30 0
GraphDataEnd
GraphEnd
NodeEnd
NodeStart
EPTNodeID: 4
AnchorID: 13593
TreeNodeGraphID: 4
Level: 4
SimplifiedLevel: 0
EditOperation: 5 13 53 0 0
AccumulatedOpsCount: 1
AccumulatedOp: 5 13 53 0 0
ChildrenCount: 3
ChildIndices: 5 7 8
CompletedDBGraphIDsCount: 1
CompletedDBGraphID: 16431
GraphStart
GraphDataStart
ID: 4
NumNodes: 58
NumEdges: 124
NodeLabels
3 3 3 3 3 4 4 4 4 4 4 4 4 4 4 4 4 4 4 4 4 4 4 4 4 4 4 4 4 4 4 5 5 5 5 5 5 5 5 5 5 5 5 5 5 5 5 5 5 5 5 5 5 5 5 5 5 5 
Edges
0 5 0
0 6 0
0 7 0
1 8 0
1 9 0
1 25 0
2 7 0
2 11 0
2 14 0
3 11 0
3 17 0
4 28 0
5 0 0
5 8 0
5 33 0
5 34 0
6 0 0
6 9 0
6 31 0
6 32 0
7 0 0
7 2 0
7 10 0
8 1 0
8 5 0
8 37 0
8 38 0
9 1 0
9 6 0
9 35 0
9 36 0
10 7 0
10 12 0
10 15 0
11 2 0
11 3 0
11 16 0
12 10 0
12 16 0
12 19 0
13 18 0
13 20 0
13 53 0
14 2 0
14 17 0
14 21 0
15 10 0
15 22 0
15 39 0
15 40 0
16 11 0
16 12 0
16 28 0
17 3 0
17 14 0
17 23 0
18 13 0
18 24 0
18 25 0
19 12 0
19 41 0
19 42 0
19 43 0
20 13 0
20 27 0
20 44 0
21 14 0
21 26 0
21 45 0
22 15 0
22 46 0
22 47 0
22 48 0
23 17 0
23 29 0
23 49 0
24 18 0
24 30 0
24 50 0
25 18 0
25 51 0
25 52 0
25 1 0
26 21 0
26 29 0
26 54 0
27 20 0
27 30 0
27 55 0
28 4 0
28 16 0
29 23 0
29 26 0
29 56 0
30 24 0
30 27 0
30 57 0
31 6 0
32 6 0
33 5 0
34 5 0
35 9 0
36 9 0
37 8 0
38 8 0
39 15 0
40 15 0
41 19 0
42 19 0
43 19 0
44 20 0
45 21 0
46 22 0
47 22 0
48 22 0
49 23 0
50 24 0
51 25 0
52 25 0
53 13 0
54 26 0
55 27 0
56 29 0
57 30 0
GraphDataEnd
GraphEnd
NodeEnd
NodeStart
EPTNodeID: 5
AnchorID: 13593
TreeNodeGraphID: 5
Level: 5
SimplifiedLevel: 0
EditOperation: 0 55 0 5 7
AccumulatedOpsCount: 1
AccumulatedOp: 0 55 0 5 7
ChildrenCount: 1
ChildIndices: 6
CompletedDBGraphIDsCount: 1
CompletedDBGraphID: 14204
GraphStart
GraphDataStart
ID: 5
NumNodes: 58
NumEdges: 124
NodeLabels
3 3 3 3 3 4 4 4 4 4 4 4 4 4 4 4 4 4 4 4 4 4 4 4 4 4 4 4 4 4 4 5 5 5 5 5 5 5 5 5 5 5 5 5 5 5 5 5 5 5 5 5 5 5 5 7 5 5 
Edges
0 5 0
0 6 0
0 7 0
1 8 0
1 9 0
1 25 0
2 7 0
2 11 0
2 14 0
3 11 0
3 17 0
4 28 0
5 0 0
5 8 0
5 33 0
5 34 0
6 0 0
6 9 0
6 31 0
6 32 0
7 0 0
7 2 0
7 10 0
8 1 0
8 5 0
8 37 0
8 38 0
9 1 0
9 6 0
9 35 0
9 36 0
10 7 0
10 12 0
10 15 0
11 2 0
11 3 0
11 16 0
12 10 0
12 16 0
12 19 0
13 18 0
13 20 0
13 53 0
14 2 0
14 17 0
14 21 0
15 10 0
15 22 0
15 39 0
15 40 0
16 11 0
16 12 0
16 28 0
17 3 0
17 14 0
17 23 0
18 13 0
18 24 0
18 25 0
19 12 0
19 41 0
19 42 0
19 43 0
20 13 0
20 27 0
20 44 0
21 14 0
21 26 0
21 45 0
22 15 0
22 46 0
22 47 0
22 48 0
23 17 0
23 29 0
23 49 0
24 18 0
24 30 0
24 50 0
25 18 0
25 51 0
25 52 0
25 1 0
26 21 0
26 29 0
26 54 0
27 20 0
27 30 0
27 55 0
28 4 0
28 16 0
29 23 0
29 26 0
29 56 0
30 24 0
30 27 0
30 57 0
31 6 0
32 6 0
33 5 0
34 5 0
35 9 0
36 9 0
37 8 0
38 8 0
39 15 0
40 15 0
41 19 0
42 19 0
43 19 0
44 20 0
45 21 0
46 22 0
47 22 0
48 22 0
49 23 0
50 24 0
51 25 0
52 25 0
53 13 0
54 26 0
55 27 0
56 29 0
57 30 0
GraphDataEnd
GraphEnd
NodeEnd
NodeStart
EPTNodeID: 6
AnchorID: 13593
TreeNodeGraphID: 6
Level: 6
SimplifiedLevel: 0
EditOperation: 0 44 0 5 7
AccumulatedOpsCount: 1
AccumulatedOp: 0 44 0 5 7
ChildrenCount: 0
ChildIndices:
CompletedDBGraphIDsCount: 1
CompletedDBGraphID: 22479
GraphStart
GraphDataStart
ID: 6
NumNodes: 58
NumEdges: 124
NodeLabels
3 3 3 3 3 4 4 4 4 4 4 4 4 4 4 4 4 4 4 4 4 4 4 4 4 4 4 4 4 4 4 5 5 5 5 5 5 5 5 5 5 5 5 5 7 5 5 5 5 5 5 5 5 5 5 7 5 5 
Edges
0 5 0
0 6 0
0 7 0
1 8 0
1 9 0
1 25 0
2 7 0
2 11 0
2 14 0
3 11 0
3 17 0
4 28 0
5 0 0
5 8 0
5 33 0
5 34 0
6 0 0
6 9 0
6 31 0
6 32 0
7 0 0
7 2 0
7 10 0
8 1 0
8 5 0
8 37 0
8 38 0
9 1 0
9 6 0
9 35 0
9 36 0
10 7 0
10 12 0
10 15 0
11 2 0
11 3 0
11 16 0
12 10 0
12 16 0
12 19 0
13 18 0
13 20 0
13 53 0
14 2 0
14 17 0
14 21 0
15 10 0
15 22 0
15 39 0
15 40 0
16 11 0
16 12 0
16 28 0
17 3 0
17 14 0
17 23 0
18 13 0
18 24 0
18 25 0
19 12 0
19 41 0
19 42 0
19 43 0
20 13 0
20 27 0
20 44 0
21 14 0
21 26 0
21 45 0
22 15 0
22 46 0
22 47 0
22 48 0
23 17 0
23 29 0
23 49 0
24 18 0
24 30 0
24 50 0
25 18 0
25 51 0
25 52 0
25 1 0
26 21 0
26 29 0
26 54 0
27 20 0
27 30 0
27 55 0
28 4 0
28 16 0
29 23 0
29 26 0
29 56 0
30 24 0
30 27 0
30 57 0
31 6 0
32 6 0
33 5 0
34 5 0
35 9 0
36 9 0
37 8 0
38 8 0
39 15 0
40 15 0
41 19 0
42 19 0
43 19 0
44 20 0
45 21 0
46 22 0
47 22 0
48 22 0
49 23 0
50 24 0
51 25 0
52 25 0
53 13 0
54 26 0
55 27 0
56 29 0
57 30 0
GraphDataEnd
GraphEnd
NodeEnd
NodeStart
EPTNodeID: 7
AnchorID: 13593
TreeNodeGraphID: 7
Level: 5
SimplifiedLevel: 0
EditOperation: 0 50 0 5 7
AccumulatedOpsCount: 1
AccumulatedOp: 0 50 0 5 7
ChildrenCount: 0
ChildIndices:
CompletedDBGraphIDsCount: 1
CompletedDBGraphID: 20467
GraphStart
GraphDataStart
ID: 7
NumNodes: 58
NumEdges: 124
NodeLabels
3 3 3 3 3 4 4 4 4 4 4 4 4 4 4 4 4 4 4 4 4 4 4 4 4 4 4 4 4 4 4 5 5 5 5 5 5 5 5 5 5 5 5 5 5 5 5 5 5 5 7 5 5 5 5 5 5 5 
Edges
0 5 0
0 6 0
0 7 0
1 8 0
1 9 0
1 25 0
2 7 0
2 11 0
2 14 0
3 11 0
3 17 0
4 28 0
5 0 0
5 8 0
5 33 0
5 34 0
6 0 0
6 9 0
6 31 0
6 32 0
7 0 0
7 2 0
7 10 0
8 1 0
8 5 0
8 37 0
8 38 0
9 1 0
9 6 0
9 35 0
9 36 0
10 7 0
10 12 0
10 15 0
11 2 0
11 3 0
11 16 0
12 10 0
12 16 0
12 19 0
13 18 0
13 20 0
13 53 0
14 2 0
14 17 0
14 21 0
15 10 0
15 22 0
15 39 0
15 40 0
16 11 0
16 12 0
16 28 0
17 3 0
17 14 0
17 23 0
18 13 0
18 24 0
18 25 0
19 12 0
19 41 0
19 42 0
19 43 0
20 13 0
20 27 0
20 44 0
21 14 0
21 26 0
21 45 0
22 15 0
22 46 0
22 47 0
22 48 0
23 17 0
23 29 0
23 49 0
24 18 0
24 30 0
24 50 0
25 18 0
25 51 0
25 52 0
25 1 0
26 21 0
26 29 0
26 54 0
27 20 0
27 30 0
27 55 0
28 4 0
28 16 0
29 23 0
29 26 0
29 56 0
30 24 0
30 27 0
30 57 0
31 6 0
32 6 0
33 5 0
34 5 0
35 9 0
36 9 0
37 8 0
38 8 0
39 15 0
40 15 0
41 19 0
42 19 0
43 19 0
44 20 0
45 21 0
46 22 0
47 22 0
48 22 0
49 23 0
50 24 0
51 25 0
52 25 0
53 13 0
54 26 0
55 27 0
56 29 0
57 30 0
GraphDataEnd
GraphEnd
NodeEnd
NodeStart
EPTNodeID: 8
AnchorID: 13593
TreeNodeGraphID: 11
Level: 8
SimplifiedLevel: 0
EditOperation: 5 10 43 0 0
AccumulatedOpsCount: 4
AccumulatedOp: 4 10 15 0 0
AccumulatedOp: 5 15 19 0 0
AccumulatedOp: 4 19 43 0 0
AccumulatedOp: 5 10 43 0 0
ChildrenCount: 0
ChildIndices:
CompletedDBGraphIDsCount: 1
CompletedDBGraphID: 333
GraphStart
GraphDataStart
ID: 11
NumNodes: 58
NumEdges: 124
NodeLabels
3 3 3 3 3 4 4 4 4 4 4 4 4 4 4 4 4 4 4 4 4 4 4 4 4 4 4 4 4 4 4 5 5 5 5 5 5 5 5 5 5 5 5 5 5 5 5 5 5 5 5 5 5 5 5 5 5 5 
Edges
0 5 0
0 6 0
0 7 0
1 8 0
1 9 0
1 25 0
2 7 0
2 11 0
2 14 0
3 11 0
3 17 0
4 28 0
5 0 0
5 8 0
5 33 0
5 34 0
6 0 0
6 9 0
6 31 0
6 32 0
7 0 0
7 2 0
7 10 0
8 1 0
8 5 0
8 37 0
8 38 0
9 1 0
9 6 0
9 35 0
9 36 0
10 7 0
10 12 0
10 43 0
11 2 0
11 3 0
11 16 0
12 10 0
12 16 0
12 19 0
13 18 0
13 20 0
13 53 0
14 2 0
14 17 0
14 21 0
15 22 0
15 39 0
15 40 0
15 19 0
16 11 0
16 12 0
16 28 0
17 3 0
17 14 0
17 23 0
18 13 0
18 24 0
18 25 0
19 12 0
19 41 0
19 42 0
19 15 0
20 13 0
20 27 0
20 44 0
21 14 0
21 26 0
21 45 0
22 15 0
22 46 0
22 47 0
22 48 0
23 17 0
23 29 0
23 49 0
24 18 0
24 30 0
24 50 0
25 18 0
25 51 0
25 52 0
25 1 0
26 21 0
26 29 0
26 54 0
27 20 0
27 30 0
27 55 0
28 4 0
28 16 0
29 23 0
29 26 0
29 56 0
30 24 0
30 27 0
30 57 0
31 6 0
32 6 0
33 5 0
34 5 0
35 9 0
36 9 0
37 8 0
38 8 0
39 15 0
40 15 0
41 19 0
42 19 0
43 10 0
44 20 0
45 21 0
46 22 0
47 22 0
48 22 0
49 23 0
50 24 0
51 25 0
52 25 0
53 13 0
54 26 0
55 27 0
56 29 0
57 30 0
GraphDataEnd
GraphEnd
NodeEnd
NodeStart
EPTNodeID: 9
AnchorID: 13593
TreeNodeGraphID: 12
Level: 4
SimplifiedLevel: 0
EditOperation: 4 10 15 0 0
AccumulatedOpsCount: 1
AccumulatedOp: 4 10 15 0 0
ChildrenCount: 2
ChildIndices: 10 13
CompletedDBGraphIDsCount: 0
GraphStart
GraphDataStart
ID: 12
NumNodes: 58
NumEdges: 120
NodeLabels
3 3 3 3 3 4 4 4 4 4 4 4 4 4 4 4 4 4 4 4 4 4 4 4 4 4 4 4 4 4 4 5 5 5 5 5 5 5 5 5 5 5 5 5 5 5 5 5 5 5 5 5 5 5 5 5 5 5 
Edges
0 5 0
0 6 0
0 7 0
1 8 0
1 9 0
1 25 0
2 7 0
2 11 0
2 14 0
3 11 0
3 17 0
4 28 0
5 0 0
5 8 0
5 33 0
5 34 0
6 0 0
6 9 0
6 31 0
6 32 0
7 0 0
7 2 0
7 10 0
8 1 0
8 5 0
8 37 0
8 38 0
9 1 0
9 6 0
9 35 0
9 36 0
10 7 0
10 12 0
11 2 0
11 3 0
11 16 0
12 10 0
12 16 0
12 19 0
13 18 0
13 20 0
14 2 0
14 17 0
14 21 0
15 22 0
15 39 0
15 40 0
16 11 0
16 12 0
16 28 0
17 3 0
17 14 0
17 23 0
18 13 0
18 24 0
18 25 0
19 12 0
19 41 0
19 42 0
19 43 0
20 13 0
20 27 0
20 44 0
21 14 0
21 26 0
21 45 0
22 15 0
22 46 0
22 47 0
22 48 0
23 17 0
23 29 0
23 49 0
24 18 0
24 30 0
24 50 0
25 18 0
25 51 0
25 52 0
25 1 0
26 21 0
26 29 0
26 54 0
27 20 0
27 30 0
27 55 0
28 4 0
28 16 0
29 23 0
29 26 0
29 56 0
30 24 0
30 27 0
30 57 0
31 6 0
32 6 0
33 5 0
34 5 0
35 9 0
36 9 0
37 8 0
38 8 0
39 15 0
40 15 0
41 19 0
42 19 0
43 19 0
44 20 0
45 21 0
46 22 0
47 22 0
48 22 0
49 23 0
50 24 0
51 25 0
52 25 0
54 26 0
55 27 0
56 29 0
57 30 0
GraphDataEnd
GraphEnd
NodeEnd
NodeStart
EPTNodeID: 10
AnchorID: 13593
TreeNodeGraphID: 19
Level: 11
SimplifiedLevel: 0
EditOperation: 5 13 15 0 0
AccumulatedOpsCount: 7
AccumulatedOp: 1 53 0 5 0
AccumulatedOp: 0 15 0 4 2
AccumulatedOp: 4 15 39 0 0
AccumulatedOp: 4 15 40 0 0
AccumulatedOp: 1 40 0 5 0
AccumulatedOp: 5 10 39 0 0
AccumulatedOp: 5 13 15 0 0
ChildrenCount: 2
ChildIndices: 11 12
CompletedDBGraphIDsCount: 0
GraphStart
GraphDataStart
ID: 19
NumNodes: 56
NumEdges: 120
NodeLabels
3 3 3 3 3 4 4 4 4 4 4 4 4 4 4 2 4 4 4 4 4 4 4 4 4 4 4 4 4 4 4 5 5 5 5 5 5 5 5 5 5 5 5 5 5 5 5 5 5 5 5 5 5 5 5 5 
Edges
0 5 0
0 6 0
0 7 0
1 8 0
1 9 0
1 25 0
2 7 0
2 11 0
2 14 0
3 11 0
3 17 0
4 28 0
5 0 0
5 8 0
5 33 0
5 34 0
6 0 0
6 9 0
6 31 0
6 32 0
7 0 0
7 2 0
7 10 0
8 1 0
8 5 0
8 37 0
8 38 0
9 1 0
9 6 0
9 35 0
9 36 0
10 7 0
10 12 0
10 39 0
11 2 0
11 3 0
11 16 0
12 10 0
12 16 0
12 19 0
13 18 0
13 20 0
13 15 0
14 2 0
14 17 0
14 21 0
15 22 0
15 13 0
16 11 0
16 12 0
16 28 0
17 3 0
17 14 0
17 23 0
18 13 0
18 24 0
18 25 0
19 12 0
19 40 0
19 41 0
19 42 0
20 13 0
20 27 0
20 43 0
21 14 0
21 26 0
21 44 0
22 15 0
22 45 0
22 46 0
22 47 0
23 17 0
23 29 0
23 48 0
24 18 0
24 30 0
24 49 0
25 18 0
25 50 0
25 51 0
25 1 0
26 21 0
26 29 0
26 52 0
27 20 0
27 30 0
27 53 0
28 4 0
28 16 0
29 23 0
29 26 0
29 54 0
30 24 0
30 27 0
30 55 0
31 6 0
32 6 0
33 5 0
34 5 0
35 9 0
36 9 0
37 8 0
38 8 0
39 10 0
40 19 0
41 19 0
42 19 0
43 20 0
44 21 0
45 22 0
46 22 0
47 22 0
48 23 0
49 24 0
50 25 0
51 25 0
52 26 0
53 27 0
54 29 0
55 30 0
GraphDataEnd
GraphEnd
NodeEnd
NodeStart
EPTNodeID: 11
AnchorID: 13593
TreeNodeGraphID: 20
Level: 12
SimplifiedLevel: 0
EditOperation: 0 57 0 5 7
AccumulatedOpsCount: 1
AccumulatedOp: 0 57 0 5 7
ChildrenCount: 0
ChildIndices:
CompletedDBGraphIDsCount: 1
CompletedDBGraphID: 4688
GraphStart
GraphDataStart
ID: 20
NumNodes: 56
NumEdges: 120
NodeLabels
3 3 3 3 3 4 4 4 4 4 4 4 4 4 4 2 4 4 4 4 4 4 4 4 4 4 4 4 4 4 4 5 5 5 5 5 5 5 5 5 5 5 5 5 5 5 5 5 5 5 5 5 5 5 5 7 
Edges
0 5 0
0 6 0
0 7 0
1 8 0
1 9 0
1 25 0
2 7 0
2 11 0
2 14 0
3 11 0
3 17 0
4 28 0
5 0 0
5 8 0
5 33 0
5 34 0
6 0 0
6 9 0
6 31 0
6 32 0
7 0 0
7 2 0
7 10 0
8 1 0
8 5 0
8 37 0
8 38 0
9 1 0
9 6 0
9 35 0
9 36 0
10 7 0
10 12 0
10 39 0
11 2 0
11 3 0
11 16 0
12 10 0
12 16 0
12 19 0
13 18 0
13 20 0
13 15 0
14 2 0
14 17 0
14 21 0
15 22 0
15 13 0
16 11 0
16 12 0
16 28 0
17 3 0
17 14 0
17 23 0
18 13 0
18 24 0
18 25 0
19 12 0
19 40 0
19 41 0
19 42 0
20 13 0
20 27 0
20 43 0
21 14 0
21 26 0
21 44 0
22 15 0
22 45 0
22 46 0
22 47 0
23 17 0
23 29 0
23 48 0
24 18 0
24 30 0
24 49 0
25 18 0
25 50 0
25 51 0
25 1 0
26 21 0
26 29 0
26 52 0
27 20 0
27 30 0
27 53 0
28 4 0
28 16 0
29 23 0
29 26 0
29 54 0
30 24 0
30 27 0
30 55 0
31 6 0
32 6 0
33 5 0
34 5 0
35 9 0
36 9 0
37 8 0
38 8 0
39 10 0
40 19 0
41 19 0
42 19 0
43 20 0
44 21 0
45 22 0
46 22 0
47 22 0
48 23 0
49 24 0
50 25 0
51 25 0
52 26 0
53 27 0
54 29 0
55 30 0
GraphDataEnd
GraphEnd
NodeEnd
NodeStart
EPTNodeID: 12
AnchorID: 13593
TreeNodeGraphID: 21
Level: 12
SimplifiedLevel: 0
EditOperation: 0 57 0 5 1
AccumulatedOpsCount: 1
AccumulatedOp: 0 57 0 5 1
ChildrenCount: 0
ChildIndices:
CompletedDBGraphIDsCount: 1
CompletedDBGraphID: 15883
GraphStart
GraphDataStart
ID: 21
NumNodes: 56
NumEdges: 120
NodeLabels
3 3 3 3 3 4 4 4 4 4 4 4 4 4 4 2 4 4 4 4 4 4 4 4 4 4 4 4 4 4 4 5 5 5 5 5 5 5 5 5 5 5 5 5 5 5 5 5 5 5 5 5 5 5 5 1 
Edges
0 5 0
0 6 0
0 7 0
1 8 0
1 9 0
1 25 0
2 7 0
2 11 0
2 14 0
3 11 0
3 17 0
4 28 0
5 0 0
5 8 0
5 33 0
5 34 0
6 0 0
6 9 0
6 31 0
6 32 0
7 0 0
7 2 0
7 10 0
8 1 0
8 5 0
8 37 0
8 38 0
9 1 0
9 6 0
9 35 0
9 36 0
10 7 0
10 12 0
10 39 0
11 2 0
11 3 0
11 16 0
12 10 0
12 16 0
12 19 0
13 18 0
13 20 0
13 15 0
14 2 0
14 17 0
14 21 0
15 22 0
15 13 0
16 11 0
16 12 0
16 28 0
17 3 0
17 14 0
17 23 0
18 13 0
18 24 0
18 25 0
19 12 0
19 40 0
19 41 0
19 42 0
20 13 0
20 27 0
20 43 0
21 14 0
21 26 0
21 44 0
22 15 0
22 45 0
22 46 0
22 47 0
23 17 0
23 29 0
23 48 0
24 18 0
24 30 0
24 49 0
25 18 0
25 50 0
25 51 0
25 1 0
26 21 0
26 29 0
26 52 0
27 20 0
27 30 0
27 53 0
28 4 0
28 16 0
29 23 0
29 26 0
29 54 0
30 24 0
30 27 0
30 55 0
31 6 0
32 6 0
33 5 0
34 5 0
35 9 0
36 9 0
37 8 0
38 8 0
39 10 0
40 19 0
41 19 0
42 19 0
43 20 0
44 21 0
45 22 0
46 22 0
47 22 0
48 23 0
49 24 0
50 25 0
51 25 0
52 26 0
53 27 0
54 29 0
55 30 0
GraphDataEnd
GraphEnd
NodeEnd
NodeStart
EPTNodeID: 13
AnchorID: 13593
TreeNodeGraphID: 26
Level: 9
SimplifiedLevel: 0
EditOperation: 5 13 43 0 0
AccumulatedOpsCount: 5
AccumulatedOp: 0 50 0 5 7
AccumulatedOp: 5 15 19 0 0
AccumulatedOp: 4 19 43 0 0
AccumulatedOp: 5 10 53 0 0
AccumulatedOp: 5 13 43 0 0
ChildrenCount: 0
ChildIndices:
CompletedDBGraphIDsCount: 1
CompletedDBGraphID: 18550
GraphStart
GraphDataStart
ID: 26
NumNodes: 58
NumEdges: 124
NodeLabels
3 3 3 3 3 4 4 4 4 4 4 4 4 4 4 4 4 4 4 4 4 4 4 4 4 4 4 4 4 4 4 5 5 5 5 5 5 5 5 5 5 5 5 5 5 5 5 5 5 5 7 5 5 5 5 5 5 5 
Edges
0 5 0
0 6 0
0 7 0
1 8 0
1 9 0
1 25 0
2 7 0
2 11 0
2 14 0
3 11 0
3 17 0
4 28 0
5 0 0
5 8 0
5 33 0
5 34 0
6 0 0
6 9 0
6 31 0
6 32 0
7 0 0
7 2 0
7 10 0
8 1 0
8 5 0
8 37 0
8 38 0
9 1 0
9 6 0
9 35 0
9 36 0
10 7 0
10 12 0
10 53 0
11 2 0
11 3 0
11 16 0
12 10 0
12 16 0
12 19 0
13 18 0
13 20 0
13 43 0
14 2 0
14 17 0
14 21 0
15 22 0
15 39 0
15 40 0
15 19 0
16 11 0
16 12 0
16 28 0
17 3 0
17 14 0
17 23 0
18 13 0
18 24 0
18 25 0
19 12 0
19 41 0
19 42 0
19 15 0
20 13 0
20 27 0
20 44 0
21 14 0
21 26 0
21 45 0
22 15 0
22 46 0
22 47 0
22 48 0
23 17 0
23 29 0
23 49 0
24 18 0
24 30 0
24 50 0
25 18 0
25 51 0
25 52 0
25 1 0
26 21 0
26 29 0
26 54 0
27 20 0
27 30 0
27 55 0
28 4 0
28 16 0
29 23 0
29 26 0
29 56 0
30 24 0
30 27 0
30 57 0
31 6 0
32 6 0
33 5 0
34 5 0
35 9 0
36 9 0
37 8 0
38 8 0
39 15 0
40 15 0
41 19 0
42 19 0
43 13 0
44 20 0
45 21 0
46 22 0
47 22 0
48 22 0
49 23 0
50 24 0
51 25 0
52 25 0
53 10 0
54 26 0
55 27 0
56 29 0
57 30 0
GraphDataEnd
GraphEnd
NodeEnd
NodeStart
EPTNodeID: 14
AnchorID: 13593
TreeNodeGraphID: 35
Level: 11
SimplifiedLevel: 0
EditOperation: 5 13 15 0 0
AccumulatedOpsCount: 9
AccumulatedOp: 1 53 0 5 0
AccumulatedOp: 4 15 22 0 0
AccumulatedOp: 0 25 0 4 5
AccumulatedOp: 5 1 22 0 0
AccumulatedOp: 4 25 51 0 0
AccumulatedOp: 1 51 0 5 0
AccumulatedOp: 4 25 52 0 0
AccumulatedOp: 1 52 0 5 0
AccumulatedOp: 5 13 15 0 0
ChildrenCount: 1
ChildIndices: 15
CompletedDBGraphIDsCount: 1
CompletedDBGraphID: 14935
GraphStart
GraphDataStart
ID: 35
NumNodes: 55
NumEdges: 118
NodeLabels
3 3 3 3 3 4 4 4 4 4 4 4 4 4 4 4 4 4 4 4 4 4 4 4 4 5 4 4 4 4 4 5 5 5 5 5 5 5 5 5 5 5 5 5 5 5 5 5 5 5 5 5 5 5 5 
Edges
0 5 0
0 6 0
0 7 0
1 8 0
1 9 0
1 22 0
2 7 0
2 11 0
2 14 0
3 11 0
3 17 0
4 28 0
5 0 0
5 8 0
5 33 0
5 34 0
6 0 0
6 9 0
6 31 0
6 32 0
7 0 0
7 2 0
7 10 0
8 1 0
8 5 0
8 37 0
8 38 0
9 1 0
9 6 0
9 35 0
9 36 0
10 7 0
10 12 0
10 15 0
11 2 0
11 3 0
11 16 0
12 10 0
12 16 0
12 19 0
13 18 0
13 20 0
13 15 0
14 2 0
14 17 0
14 21 0
15 10 0
15 39 0
15 40 0
15 13 0
16 11 0
16 12 0
16 28 0
17 3 0
17 14 0
17 23 0
18 13 0
18 24 0
18 25 0
19 12 0
19 41 0
19 42 0
19 43 0
20 13 0
20 27 0
20 44 0
21 14 0
21 26 0
21 45 0
22 46 0
22 47 0
22 48 0
22 1 0
23 17 0
23 29 0
23 49 0
24 18 0
24 30 0
24 50 0
25 18 0
26 21 0
26 29 0
26 51 0
27 20 0
27 30 0
27 52 0
28 4 0
28 16 0
29 23 0
29 26 0
29 53 0
30 24 0
30 27 0
30 54 0
31 6 0
32 6 0
33 5 0
34 5 0
35 9 0
36 9 0
37 8 0
38 8 0
39 15 0
40 15 0
41 19 0
42 19 0
43 19 0
44 20 0
45 21 0
46 22 0
47 22 0
48 22 0
49 23 0
50 24 0
51 26 0
52 27 0
53 29 0
54 30 0
GraphDataEnd
GraphEnd
NodeEnd
NodeStart
EPTNodeID: 15
AnchorID: 13593
TreeNodeGraphID: 36
Level: 12
SimplifiedLevel: 0
EditOperation: 0 57 0 5 7
AccumulatedOpsCount: 1
AccumulatedOp: 0 57 0 5 7
ChildrenCount: 0
ChildIndices:
CompletedDBGraphIDsCount: 1
CompletedDBGraphID: 14423
GraphStart
GraphDataStart
ID: 36
NumNodes: 55
NumEdges: 118
NodeLabels
3 3 3 3 3 4 4 4 4 4 4 4 4 4 4 4 4 4 4 4 4 4 4 4 4 5 4 4 4 4 4 5 5 5 5 5 5 5 5 5 5 5 5 5 5 5 5 5 5 5 5 5 5 5 7 
Edges
0 5 0
0 6 0
0 7 0
1 8 0
1 9 0
1 22 0
2 7 0
2 11 0
2 14 0
3 11 0
3 17 0
4 28 0
5 0 0
5 8 0
5 33 0
5 34 0
6 0 0
6 9 0
6 31 0
6 32 0
7 0 0
7 2 0
7 10 0
8 1 0
8 5 0
8 37 0
8 38 0
9 1 0
9 6 0
9 35 0
9 36 0
10 7 0
10 12 0
10 15 0
11 2 0
11 3 0
11 16 0
12 10 0
12 16 0
12 19 0
13 18 0
13 20 0
13 15 0
14 2 0
14 17 0
14 21 0
15 10 0
15 39 0
15 40 0
15 13 0
16 11 0
16 12 0
16 28 0
17 3 0
17 14 0
17 23 0
18 13 0
18 24 0
18 25 0
19 12 0
19 41 0
19 42 0
19 43 0
20 13 0
20 27 0
20 44 0
21 14 0
21 26 0
21 45 0
22 46 0
22 47 0
22 48 0
22 1 0
23 17 0
23 29 0
23 49 0
24 18 0
24 30 0
24 50 0
25 18 0
26 21 0
26 29 0
26 51 0
27 20 0
27 30 0
27 52 0
28 4 0
28 16 0
29 23 0
29 26 0
29 53 0
30 24 0
30 27 0
30 54 0
31 6 0
32 6 0
33 5 0
34 5 0
35 9 0
36 9 0
37 8 0
38 8 0
39 15 0
40 15 0
41 19 0
42 19 0
43 19 0
44 20 0
45 21 0
46 22 0
47 22 0
48 22 0
49 23 0
50 24 0
51 26 0
52 27 0
53 29 0
54 30 0
GraphDataEnd
GraphEnd
NodeEnd
NodeStart
EPTNodeID: 16
AnchorID: 13593
TreeNodeGraphID: 48
Level: 13
SimplifiedLevel: 0
EditOperation: 5 59 61 0 0
AccumulatedOpsCount: 12
AccumulatedOp: 5 1 25 0 0
AccumulatedOp: 0 57 0 5 1
AccumulatedOp: 2 59 0 0 4
AccumulatedOp: 2 58 0 0 2
AccumulatedOp: 2 61 0 0 5
AccumulatedOp: 2 60 0 0 5
AccumulatedOp: 4 25 52 0 0
AccumulatedOp: 5 59 60 0 0
AccumulatedOp: 5 52 59 0 0
AccumulatedOp: 5 13 58 0 0
AccumulatedOp: 5 58 59 0 0
AccumulatedOp: 5 59 61 0 0
ChildrenCount: 0
ChildIndices:
CompletedDBGraphIDsCount: 1
CompletedDBGraphID: 22353
GraphStart
GraphDataStart
ID: 48
NumNodes: 62
NumEdges: 132
NodeLabels
3 3 3 3 3 4 4 4 4 4 4 4 4 4 4 4 4 4 4 4 4 4 4 4 4 4 4 4 4 4 4 5 5 5 5 5 5 5 5 5 5 5 5 5 5 5 5 5 5 5 5 5 5 5 5 5 5 1 2 4 5 5 
Edges
0 5 0
0 6 0
0 7 0
1 8 0
1 9 0
1 25 0
2 7 0
2 11 0
2 14 0
3 11 0
3 17 0
4 28 0
5 0 0
5 8 0
5 33 0
5 34 0
6 0 0
6 9 0
6 31 0
6 32 0
7 0 0
7 2 0
7 10 0
8 1 0
8 5 0
8 37 0
8 38 0
9 1 0
9 6 0
9 35 0
9 36 0
10 7 0
10 12 0
10 15 0
11 2 0
11 3 0
11 16 0
12 10 0
12 16 0
12 19 0
13 18 0
13 20 0
13 58 0
14 2 0
14 17 0
14 21 0
15 10 0
15 22 0
15 39 0
15 40 0
16 11 0
16 12 0
16 28 0
17 3 0
17 14 0
17 23 0
18 13 0
18 24 0
18 25 0
19 12 0
19 41 0
19 42 0
19 43 0
20 13 0
20 27 0
20 44 0
21 14 0
21 26 0
21 45 0
22 15 0
22 46 0
22 47 0
22 48 0
23 17 0
23 29 0
23 49 0
24 18 0
24 30 0
24 50 0
25 18 0
25 51 0
25 53 0
25 1 0
26 21 0
26 29 0
26 54 0
27 20 0
27 30 0
27 55 0
28 4 0
28 16 0
29 23 0
29 26 0
29 56 0
30 24 0
30 27 0
30 57 0
31 6 0
32 6 0
33 5 0
34 5 0
35 9 0
36 9 0
37 8 0
38 8 0
39 15 0
40 15 0
41 19 0
42 19 0
43 19 0
44 20 0
45 21 0
46 22 0
47 22 0
48 22 0
49 23 0
50 24 0
51 25 0
52 59 0
53 25 0
54 26 0
55 27 0
56 29 0
57 30 0
58 13 0
58 59 0
59 60 0
59 52 0
59 58 0
59 61 0
60 59 0
61 59 0
GraphDataEnd
GraphEnd
NodeEnd
NodeStart
EPTNodeID: 17
AnchorID: 13593
TreeNodeGraphID: 56
Level: 9
SimplifiedLevel: 0
EditOperation: 5 13 58 0 0
AccumulatedOpsCount: 8
AccumulatedOp: 4 10 15 0 0
AccumulatedOp: 0 55 0 5 2
AccumulatedOp: 4 22 47 0 0
AccumulatedOp: 2 58 0 0 5
AccumulatedOp: 5 10 47 0 0
AccumulatedOp: 5 22 55 0 0
AccumulatedOp: 5 1 15 0 0
AccumulatedOp: 5 13 58 0 0
ChildrenCount: 0
ChildIndices:
CompletedDBGraphIDsCount: 1
CompletedDBGraphID: 21594
GraphStart
GraphDataStart
ID: 56
NumNodes: 59
NumEdges: 126
NodeLabels
3 3 3 3 3 4 4 4 4 4 4 4 4 4 4 4 4 4 4 4 4 4 4 4 4 4 4 4 4 4 4 5 5 5 5 5 5 5 5 5 5 5 5 5 5 5 5 5 5 5 5 5 5 5 5 2 5 5 5 
Edges
0 5 0
0 6 0
0 7 0
1 8 0
1 9 0
1 15 0
2 7 0
2 11 0
2 14 0
3 11 0
3 17 0
4 28 0
5 0 0
5 8 0
5 33 0
5 34 0
6 0 0
6 9 0
6 31 0
6 32 0
7 0 0
7 2 0
7 10 0
8 1 0
8 5 0
8 37 0
8 38 0
9 1 0
9 6 0
9 35 0
9 36 0
10 7 0
10 12 0
10 47 0
11 2 0
11 3 0
11 16 0
12 10 0
12 16 0
12 19 0
13 18 0
13 20 0
13 58 0
14 2 0
14 17 0
14 21 0
15 22 0
15 39 0
15 40 0
15 1 0
16 11 0
16 12 0
16 28 0
17 3 0
17 14 0
17 23 0
18 13 0
18 24 0
18 25 0
19 12 0
19 41 0
19 42 0
19 43 0
20 13 0
20 27 0
20 44 0
21 14 0
21 26 0
21 45 0
22 15 0
22 46 0
22 48 0
22 55 0
23 17 0
23 29 0
23 49 0
24 18 0
24 30 0
24 50 0
25 18 0
25 51 0
25 52 0
25 53 0
26 21 0
26 29 0
26 54 0
27 20 0
27 30 0
27 55 0
28 4 0
28 16 0
29 23 0
29 26 0
29 56 0
30 24 0
30 27 0
30 57 0
31 6 0
32 6 0
33 5 0
34 5 0
35 9 0
36 9 0
37 8 0
38 8 0
39 15 0
40 15 0
41 19 0
42 19 0
43 19 0
44 20 0
45 21 0
46 22 0
47 10 0
48 22 0
49 23 0
50 24 0
51 25 0
52 25 0
53 25 0
54 26 0
55 27 0
55 22 0
56 29 0
57 30 0
58 13 0
GraphDataEnd
GraphEnd
NodeEnd
NodeStart
EPTNodeID: 18
AnchorID: 13593
TreeNodeGraphID: 62
Level: 6
SimplifiedLevel: 0
EditOperation: 1 52 0 5 0
AccumulatedOpsCount: 6
AccumulatedOp: 4 25 53 0 0
AccumulatedOp: 1 53 0 5 0
AccumulatedOp: 4 25 51 0 0
AccumulatedOp: 1 51 0 5 0
AccumulatedOp: 4 25 52 0 0
AccumulatedOp: 1 52 0 5 0
ChildrenCount: 2
ChildIndices: 19 20
CompletedDBGraphIDsCount: 0
GraphStart
GraphDataStart
ID: 62
NumNodes: 55
NumEdges: 118
NodeLabels
3 3 3 3 3 4 4 4 4 4 4 4 4 4 4 4 4 4 4 4 4 4 4 4 4 4 4 4 4 4 4 5 5 5 5 5 5 5 5 5 5 5 5 5 5 5 5 5 5 5 5 5 5 5 5 
Edges
0 5 0
0 6 0
0 7 0
1 8 0
1 9 0
1 13 0
2 7 0
2 11 0
2 14 0
3 11 0
3 17 0
4 28 0
5 0 0
5 8 0
5 33 0
5 34 0
6 0 0
6 9 0
6 31 0
6 32 0
7 0 0
7 2 0
7 10 0
8 1 0
8 5 0
8 37 0
8 38 0
9 1 0
9 6 0
9 35 0
9 36 0
10 7 0
10 12 0
10 15 0
11 2 0
11 3 0
11 16 0
12 10 0
12 16 0
12 19 0
13 1 0
13 18 0
13 20 0
14 2 0
14 17 0
14 21 0
15 10 0
15 22 0
15 39 0
15 40 0
16 11 0
16 12 0
16 28 0
17 3 0
17 14 0
17 23 0
18 13 0
18 24 0
18 25 0
19 12 0
19 41 0
19 42 0
19 43 0
20 13 0
20 27 0
20 44 0
21 14 0
21 26 0
21 45 0
22 15 0
22 46 0
22 47 0
22 48 0
23 17 0
23 29 0
23 49 0
24 18 0
24 30 0
24 50 0
25 18 0
26 21 0
26 29 0
26 51 0
27 20 0
27 30 0
27 52 0
28 4 0
28 16 0
29 23 0
29 26 0
29 53 0
30 24 0
30 27 0
30 54 0
31 6 0
32 6 0
33 5 0
34 5 0
35 9 0
36 9 0
37 8 0
38 8 0
39 15 0
40 15 0
41 19 0
42 19 0
43 19 0
44 20 0
45 21 0
46 22 0
47 22 0
48 22 0
49 23 0
50 24 0
51 26 0
52 27 0
53 29 0
54 30 0
GraphDataEnd
GraphEnd
NodeEnd
NodeStart
EPTNodeID: 19
AnchorID: 13593
TreeNodeGraphID: 64
Level: 8
SimplifiedLevel: 0
EditOperation: 0 57 0 5 7
AccumulatedOpsCount: 2
AccumulatedOp: 0 25 0 4 5
AccumulatedOp: 0 57 0 5 7
ChildrenCount: 0
ChildIndices:
CompletedDBGraphIDsCount: 1
CompletedDBGraphID: 18501
GraphStart
GraphDataStart
ID: 64
NumNodes: 55
NumEdges: 118
NodeLabels
3 3 3 3 3 4 4 4 4 4 4 4 4 4 4 4 4 4 4 4 4 4 4 4 4 5 4 4 4 4 4 5 5 5 5 5 5 5 5 5 5 5 5 5 5 5 5 5 5 5 5 5 5 5 7 
Edges
0 5 0
0 6 0
0 7 0
1 8 0
1 9 0
1 13 0
2 7 0
2 11 0
2 14 0
3 11 0
3 17 0
4 28 0
5 0 0
5 8 0
5 33 0
5 34 0
6 0 0
6 9 0
6 31 0
6 32 0
7 0 0
7 2 0
7 10 0
8 1 0
8 5 0
8 37 0
8 38 0
9 1 0
9 6 0
9 35 0
9 36 0
10 7 0
10 12 0
10 15 0
11 2 0
11 3 0
11 16 0
12 10 0
12 16 0
12 19 0
13 1 0
13 18 0
13 20 0
14 2 0
14 17 0
14 21 0
15 10 0
15 22 0
15 39 0
15 40 0
16 11 0
16 12 0
16 28 0
17 3 0
17 14 0
17 23 0
18 13 0
18 24 0
18 25 0
19 12 0
19 41 0
19 42 0
19 43 0
20 13 0
20 27 0
20 44 0
21 14 0
21 26 0
21 45 0
22 15 0
22 46 0
22 47 0
22 48 0
23 17 0
23 29 0
23 49 0
24 18 0
24 30 0
24 50 0
25 18 0
26 21 0
26 29 0
26 51 0
27 20 0
27 30 0
27 52 0
28 4 0
28 16 0
29 23 0
29 26 0
29 53 0
30 24 0
30 27 0
30 54 0
31 6 0
32 6 0
33 5 0
34 5 0
35 9 0
36 9 0
37 8 0
38 8 0
39 15 0
40 15 0
41 19 0
42 19 0
43 19 0
44 20 0
45 21 0
46 22 0
47 22 0
48 22 0
49 23 0
50 24 0
51 26 0
52 27 0
53 29 0
54 30 0
GraphDataEnd
GraphEnd
NodeEnd
NodeStart
EPTNodeID: 20
AnchorID: 13593
TreeNodeGraphID: 67
Level: 9
SimplifiedLevel: 0
EditOperation: 1 25 0 4 0
AccumulatedOpsCount: 3
AccumulatedOp: 0 18 0 4 3
AccumulatedOp: 4 18 25 0 0
AccumulatedOp: 1 25 0 4 0
ChildrenCount: 0
ChildIndices:
CompletedDBGraphIDsCount: 1
CompletedDBGraphID: 22217
GraphStart
GraphDataStart
ID: 67
NumNodes: 54
NumEdges: 116
NodeLabels
3 3 3 3 3 4 4 4 4 4 4 4 4 4 4 4 4 4 3 4 4 4 4 4 4 4 4 4 4 4 5 5 5 5 5 5 5 5 5 5 5 5 5 5 5 5 5 5 5 5 5 5 5 5 
Edges
0 5 0
0 6 0
0 7 0
1 8 0
1 9 0
1 13 0
2 7 0
2 11 0
2 14 0
3 11 0
3 17 0
4 27 0
5 0 0
5 8 0
5 32 0
5 33 0
6 0 0
6 9 0
6 30 0
6 31 0
7 0 0
7 2 0
7 10 0
8 1 0
8 5 0
8 36 0
8 37 0
9 1 0
9 6 0
9 34 0
9 35 0
10 7 0
10 12 0
10 15 0
11 2 0
11 3 0
11 16 0
12 10 0
12 16 0
12 19 0
13 1 0
13 18 0
13 20 0
14 2 0
14 17 0
14 21 0
15 10 0
15 22 0
15 38 0
15 39 0
16 11 0
16 12 0
16 27 0
17 3 0
17 14 0
17 23 0
18 13 0
18 24 0
19 12 0
19 40 0
19 41 0
19 42 0
20 13 0
20 26 0
20 43 0
21 14 0
21 25 0
21 44 0
22 15 0
22 45 0
22 46 0
22 47 0
23 17 0
23 28 0
23 48 0
24 18 0
24 29 0
24 49 0
25 21 0
25 28 0
25 50 0
26 20 0
26 29 0
26 51 0
27 4 0
27 16 0
28 23 0
28 25 0
28 52 0
29 24 0
29 26 0
29 53 0
30 6 0
31 6 0
32 5 0
33 5 0
34 9 0
35 9 0
36 8 0
37 8 0
38 15 0
39 15 0
40 19 0
41 19 0
42 19 0
43 20 0
44 21 0
45 22 0
46 22 0
47 22 0
48 23 0
49 24 0
50 25 0
51 26 0
52 28 0
53 29 0
GraphDataEnd
GraphEnd
NodeEnd
NodeStart
EPTNodeID: 21
AnchorID: 13593
TreeNodeGraphID: 71
Level: 4
SimplifiedLevel: 0
EditOperation: 5 10 43 0 0
AccumulatedOpsCount: 4
AccumulatedOp: 4 10 15 0 0
AccumulatedOp: 5 15 19 0 0
AccumulatedOp: 4 19 43 0 0
AccumulatedOp: 5 10 43 0 0
ChildrenCount: 0
ChildIndices:
CompletedDBGraphIDsCount: 1
CompletedDBGraphID: 10117
GraphStart
GraphDataStart
ID: 71
NumNodes: 58
NumEdges: 124
NodeLabels
3 3 3 3 3 4 4 4 4 4 4 4 4 4 4 4 4 4 4 4 4 4 4 4 4 4 4 4 4 4 4 5 5 5 5 5 5 5 5 5 5 5 5 5 5 5 5 5 5 5 5 5 5 5 5 5 5 5 
Edges
0 5 0
0 6 0
0 7 0
1 8 0
1 9 0
1 13 0
2 7 0
2 11 0
2 14 0
3 11 0
3 17 0
4 28 0
5 0 0
5 8 0
5 33 0
5 34 0
6 0 0
6 9 0
6 31 0
6 32 0
7 0 0
7 2 0
7 10 0
8 1 0
8 5 0
8 37 0
8 38 0
9 1 0
9 6 0
9 35 0
9 36 0
10 7 0
10 12 0
10 43 0
11 2 0
11 3 0
11 16 0
12 10 0
12 16 0
12 19 0
13 1 0
13 18 0
13 20 0
14 2 0
14 17 0
14 21 0
15 22 0
15 39 0
15 40 0
15 19 0
16 11 0
16 12 0
16 28 0
17 3 0
17 14 0
17 23 0
18 13 0
18 24 0
18 25 0
19 12 0
19 41 0
19 42 0
19 15 0
20 13 0
20 27 0
20 44 0
21 14 0
21 26 0
21 45 0
22 15 0
22 46 0
22 47 0
22 48 0
23 17 0
23 29 0
23 49 0
24 18 0
24 30 0
24 50 0
25 18 0
25 51 0
25 52 0
25 53 0
26 21 0
26 29 0
26 54 0
27 20 0
27 30 0
27 55 0
28 4 0
28 16 0
29 23 0
29 26 0
29 56 0
30 24 0
30 27 0
30 57 0
31 6 0
32 6 0
33 5 0
34 5 0
35 9 0
36 9 0
37 8 0
38 8 0
39 15 0
40 15 0
41 19 0
42 19 0
43 10 0
44 20 0
45 21 0
46 22 0
47 22 0
48 22 0
49 23 0
50 24 0
51 25 0
52 25 0
53 25 0
54 26 0
55 27 0
56 29 0
57 30 0
GraphDataEnd
GraphEnd
NodeEnd
NodeStart
EPTNodeID: 22
AnchorID: 13593
TreeNodeGraphID: 73
Level: 2
SimplifiedLevel: 0
EditOperation: 4 18 25 0 0
AccumulatedOpsCount: 2
AccumulatedOp: 0 18 0 4 3
AccumulatedOp: 4 18 25 0 0
ChildrenCount: 2
ChildIndices: 23 24
CompletedDBGraphIDsCount: 0
GraphStart
GraphDataStart
ID: 73
NumNodes: 58
NumEdges: 122
NodeLabels
3 3 3 3 3 4 4 4 4 4 4 4 4 4 4 4 4 4 3 4 4 4 4 4 4 4 4 4 4 4 4 5 5 5 5 5 5 5 5 5 5 5 5 5 5 5 5 5 5 5 5 5 5 5 5 5 5 5 
Edges
0 5 0
0 6 0
0 7 0
1 8 0
1 9 0
1 13 0
2 7 0
2 11 0
2 14 0
3 11 0
3 17 0
4 28 0
5 0 0
5 8 0
5 33 0
5 34 0
6 0 0
6 9 0
6 31 0
6 32 0
7 0 0
7 2 0
7 10 0
8 1 0
8 5 0
8 37 0
8 38 0
9 1 0
9 6 0
9 35 0
9 36 0
10 7 0
10 12 0
10 15 0
11 2 0
11 3 0
11 16 0
12 10 0
12 16 0
12 19 0
13 1 0
13 18 0
13 20 0
14 2 0
14 17 0
14 21 0
15 10 0
15 22 0
15 39 0
15 40 0
16 11 0
16 12 0
16 28 0
17 3 0
17 14 0
17 23 0
18 13 0
18 24 0
19 12 0
19 41 0
19 42 0
19 43 0
20 13 0
20 27 0
20 44 0
21 14 0
21 26 0
21 45 0
22 15 0
22 46 0
22 47 0
22 48 0
23 17 0
23 29 0
23 49 0
24 18 0
24 30 0
24 50 0
25 51 0
25 52 0
25 53 0
26 21 0
26 29 0
26 54 0
27 20 0
27 30 0
27 55 0
28 4 0
28 16 0
29 23 0
29 26 0
29 56 0
30 24 0
30 27 0
30 57 0
31 6 0
32 6 0
33 5 0
34 5 0
35 9 0
36 9 0
37 8 0
38 8 0
39 15 0
40 15 0
41 19 0
42 19 0
43 19 0
44 20 0
45 21 0
46 22 0
47 22 0
48 22 0
49 23 0
50 24 0
51 25 0
52 25 0
53 25 0
54 26 0
55 27 0
56 29 0
57 30 0
GraphDataEnd
GraphEnd
NodeEnd
NodeStart
EPTNodeID: 23
AnchorID: 13593
TreeNodeGraphID: 76
Level: 5
SimplifiedLevel: 0
EditOperation: 5 25 27 0 0
AccumulatedOpsCount: 3
AccumulatedOp: 4 27 55 0 0
AccumulatedOp: 1 55 0 5 0
AccumulatedOp: 5 25 27 0 0
ChildrenCount: 0
ChildIndices:
CompletedDBGraphIDsCount: 1
CompletedDBGraphID: 19635
GraphStart
GraphDataStart
ID: 76
NumNodes: 57
NumEdges: 122
NodeLabels
3 3 3 3 3 4 4 4 4 4 4 4 4 4 4 4 4 4 3 4 4 4 4 4 4 4 4 4 4 4 4 5 5 5 5 5 5 5 5 5 5 5 5 5 5 5 5 5 5 5 5 5 5 5 5 5 5 
Edges
0 5 0
0 6 0
0 7 0
1 8 0
1 9 0
1 13 0
2 7 0
2 11 0
2 14 0
3 11 0
3 17 0
4 28 0
5 0 0
5 8 0
5 33 0
5 34 0
6 0 0
6 9 0
6 31 0
6 32 0
7 0 0
7 2 0
7 10 0
8 1 0
8 5 0
8 37 0
8 38 0
9 1 0
9 6 0
9 35 0
9 36 0
10 7 0
10 12 0
10 15 0
11 2 0
11 3 0
11 16 0
12 10 0
12 16 0
12 19 0
13 1 0
13 18 0
13 20 0
14 2 0
14 17 0
14 21 0
15 10 0
15 22 0
15 39 0
15 40 0
16 11 0
16 12 0
16 28 0
17 3 0
17 14 0
17 23 0
18 13 0
18 24 0
19 12 0
19 41 0
19 42 0
19 43 0
20 13 0
20 27 0
20 44 0
21 14 0
21 26 0
21 45 0
22 15 0
22 46 0
22 47 0
22 48 0
23 17 0
23 29 0
23 49 0
24 18 0
24 30 0
24 50 0
25 51 0
25 52 0
25 53 0
25 27 0
26 21 0
26 29 0
26 54 0
27 20 0
27 30 0
27 25 0
28 4 0
28 16 0
29 23 0
29 26 0
29 55 0
30 24 0
30 27 0
30 56 0
31 6 0
32 6 0
33 5 0
34 5 0
35 9 0
36 9 0
37 8 0
38 8 0
39 15 0
40 15 0
41 19 0
42 19 0
43 19 0
44 20 0
45 21 0
46 22 0
47 22 0
48 22 0
49 23 0
50 24 0
51 25 0
52 25 0
53 25 0
54 26 0
55 29 0
56 30 0
GraphDataEnd
GraphEnd
NodeEnd
NodeStart
EPTNodeID: 24
AnchorID: 13593
TreeNodeGraphID: 79
Level: 5
SimplifiedLevel: 0
EditOperation: 5 15 25 0 0
AccumulatedOpsCount: 3
AccumulatedOp: 4 15 40 0 0
AccumulatedOp: 1 40 0 5 0
AccumulatedOp: 5 15 25 0 0
ChildrenCount: 0
ChildIndices:
CompletedDBGraphIDsCount: 1
CompletedDBGraphID: 6891
GraphStart
GraphDataStart
ID: 79
NumNodes: 57
NumEdges: 122
NodeLabels
3 3 3 3 3 4 4 4 4 4 4 4 4 4 4 4 4 4 3 4 4 4 4 4 4 4 4 4 4 4 4 5 5 5 5 5 5 5 5 5 5 5 5 5 5 5 5 5 5 5 5 5 5 5 5 5 5 
Edges
0 5 0
0 6 0
0 7 0
1 8 0
1 9 0
1 13 0
2 7 0
2 11 0
2 14 0
3 11 0
3 17 0
4 28 0
5 0 0
5 8 0
5 33 0
5 34 0
6 0 0
6 9 0
6 31 0
6 32 0
7 0 0
7 2 0
7 10 0
8 1 0
8 5 0
8 37 0
8 38 0
9 1 0
9 6 0
9 35 0
9 36 0
10 7 0
10 12 0
10 15 0
11 2 0
11 3 0
11 16 0
12 10 0
12 16 0
12 19 0
13 1 0
13 18 0
13 20 0
14 2 0
14 17 0
14 21 0
15 10 0
15 22 0
15 39 0
15 25 0
16 11 0
16 12 0
16 28 0
17 3 0
17 14 0
17 23 0
18 13 0
18 24 0
19 12 0
19 40 0
19 41 0
19 42 0
20 13 0
20 27 0
20 43 0
21 14 0
21 26 0
21 44 0
22 15 0
22 45 0
22 46 0
22 47 0
23 17 0
23 29 0
23 48 0
24 18 0
24 30 0
24 49 0
25 50 0
25 51 0
25 52 0
25 15 0
26 21 0
26 29 0
26 53 0
27 20 0
27 30 0
27 54 0
28 4 0
28 16 0
29 23 0
29 26 0
29 55 0
30 24 0
30 27 0
30 56 0
31 6 0
32 6 0
33 5 0
34 5 0
35 9 0
36 9 0
37 8 0
38 8 0
39 15 0
40 19 0
41 19 0
42 19 0
43 20 0
44 21 0
45 22 0
46 22 0
47 22 0
48 23 0
49 24 0
50 25 0
51 25 0
52 25 0
53 26 0
54 27 0
55 29 0
56 30 0
GraphDataEnd
GraphEnd
NodeEnd
END_EPT
