BEGIN_EPT
AnchorID: 14296  # ID of the anchor node
RootIndex: 0  # Index of the root node in tree_nodes
NodeCount: 7  # Total number of nodes in the EPT
NodeStart
EPTNodeID: 0
AnchorID: 14296
TreeNodeGraphID: 0
Level: 0
SimplifiedLevel: 0
EditOperation: -1 0 -1 0 0
AccumulatedOpsCount: 0
ChildrenCount: 1
ChildIndices: 1
CompletedDBGraphIDsCount: 1
CompletedDBGraphID: 21498
GraphStart
GraphDataStart
ID: 0
NumNodes: 64
NumEdges: 134
NodeLabels
6 2 2 2 3 3 3 3 3 4 4 4 4 4 4 4 4 4 4 4 4 4 4 4 4 4 4 4 4 4 4 4 4 4 4 5 5 5 5 5 5 5 5 5 5 5 5 5 5 5 5 5 5 5 5 5 5 5 5 5 5 5 5 5 
Edges
0 15 0
1 11 0
2 13 0
3 29 0
3 34 0
4 9 0
4 12 0
4 15 0
5 11 0
5 13 0
5 16 0
6 7 0
6 17 0
6 24 0
7 6 0
7 18 0
8 15 0
8 26 0
8 41 0
9 4 0
9 10 0
9 11 0
9 35 0
10 9 0
10 13 0
10 36 0
10 37 0
11 1 0
11 5 0
11 9 0
12 4 0
12 14 0
12 38 0
12 39 0
13 2 0
13 5 0
13 10 0
14 12 0
14 17 0
14 18 0
15 0 0
15 4 0
15 8 0
16 5 0
16 19 0
16 21 0
17 6 0
17 14 0
17 20 0
18 7 0
18 14 0
18 22 0
19 16 0
19 23 0
19 40 0
20 17 0
20 42 0
20 43 0
20 44 0
21 16 0
21 25 0
21 45 0
22 18 0
22 46 0
22 47 0
22 48 0
23 19 0
23 27 0
23 28 0
24 6 0
24 49 0
24 50 0
24 51 0
25 21 0
25 27 0
25 52 0
26 8 0
26 29 0
26 30 0
27 23 0
27 25 0
27 53 0
28 23 0
28 54 0
28 55 0
28 56 0
29 3 0
29 26 0
29 31 0
30 26 0
30 32 0
30 57 0
31 29 0
31 33 0
31 58 0
32 30 0
32 33 0
32 59 0
33 31 0
33 32 0
33 60 0
34 3 0
34 61 0
34 62 0
34 63 0
35 9 0
36 10 0
37 10 0
38 12 0
39 12 0
40 19 0
41 8 0
42 20 0
43 20 0
44 20 0
45 21 0
46 22 0
47 22 0
48 22 0
49 24 0
50 24 0
51 24 0
52 25 0
53 27 0
54 28 0
55 28 0
56 28 0
57 30 0
58 31 0
59 32 0
60 33 0
61 34 0
62 34 0
63 34 0
GraphDataEnd
GraphEnd
NodeEnd
NodeStart
EPTNodeID: 1
AnchorID: 14296
TreeNodeGraphID: 1
Level: 1
SimplifiedLevel: 0
EditOperation: 4 3 34 0 0
AccumulatedOpsCount: 1
AccumulatedOp: 4 3 34 0 0
ChildrenCount: 2
ChildIndices: 2 6
CompletedDBGraphIDsCount: 0
GraphStart
GraphDataStart
ID: 1
NumNodes: 64
NumEdges: 132
NodeLabels
6 2 2 2 3 3 3 3 3 4 4 4 4 4 4 4 4 4 4 4 4 4 4 4 4 4 4 4 4 4 4 4 4 4 4 5 5 5 5 5 5 5 5 5 5 5 5 5 5 5 5 5 5 5 5 5 5 5 5 5 5 5 5 5 
Edges
0 15 0
1 11 0
2 13 0
3 29 0
4 9 0
4 12 0
4 15 0
5 11 0
5 13 0
5 16 0
6 7 0
6 17 0
6 24 0
7 6 0
7 18 0
8 15 0
8 26 0
8 41 0
9 4 0
9 10 0
9 11 0
9 35 0
10 9 0
10 13 0
10 36 0
10 37 0
11 1 0
11 5 0
11 9 0
12 4 0
12 14 0
12 38 0
12 39 0
13 2 0
13 5 0
13 10 0
14 12 0
14 17 0
14 18 0
15 0 0
15 4 0
15 8 0
16 5 0
16 19 0
16 21 0
17 6 0
17 14 0
17 20 0
18 7 0
18 14 0
18 22 0
19 16 0
19 23 0
19 40 0
20 17 0
20 42 0
20 43 0
20 44 0
21 16 0
21 25 0
21 45 0
22 18 0
22 46 0
22 47 0
22 48 0
23 19 0
23 27 0
23 28 0
24 6 0
24 49 0
24 50 0
24 51 0
25 21 0
25 27 0
25 52 0
26 8 0
26 29 0
26 30 0
27 23 0
27 25 0
27 53 0
28 23 0
28 54 0
28 55 0
28 56 0
29 3 0
29 26 0
29 31 0
30 26 0
30 32 0
30 57 0
31 29 0
31 33 0
31 58 0
32 30 0
32 33 0
32 59 0
33 31 0
33 32 0
33 60 0
34 61 0
34 62 0
34 63 0
35 9 0
36 10 0
37 10 0
38 12 0
39 12 0
40 19 0
41 8 0
42 20 0
43 20 0
44 20 0
45 21 0
46 22 0
47 22 0
48 22 0
49 24 0
50 24 0
51 24 0
52 25 0
53 27 0
54 28 0
55 28 0
56 28 0
57 30 0
58 31 0
59 32 0
60 33 0
61 34 0
62 34 0
63 34 0
GraphDataEnd
GraphEnd
NodeEnd
NodeStart
EPTNodeID: 2
AnchorID: 14296
TreeNodeGraphID: 2
Level: 2
SimplifiedLevel: 0
EditOperation: 0 3 0 2 5
AccumulatedOpsCount: 1
AccumulatedOp: 0 3 0 2 5
ChildrenCount: 3
ChildIndices: 3 4 5
CompletedDBGraphIDsCount: 0
GraphStart
GraphDataStart
ID: 2
NumNodes: 64
NumEdges: 132
NodeLabels
6 2 2 5 3 3 3 3 3 4 4 4 4 4 4 4 4 4 4 4 4 4 4 4 4 4 4 4 4 4 4 4 4 4 4 5 5 5 5 5 5 5 5 5 5 5 5 5 5 5 5 5 5 5 5 5 5 5 5 5 5 5 5 5 
Edges
0 15 0
1 11 0
2 13 0
3 29 0
4 9 0
4 12 0
4 15 0
5 11 0
5 13 0
5 16 0
6 7 0
6 17 0
6 24 0
7 6 0
7 18 0
8 15 0
8 26 0
8 41 0
9 4 0
9 10 0
9 11 0
9 35 0
10 9 0
10 13 0
10 36 0
10 37 0
11 1 0
11 5 0
11 9 0
12 4 0
12 14 0
12 38 0
12 39 0
13 2 0
13 5 0
13 10 0
14 12 0
14 17 0
14 18 0
15 0 0
15 4 0
15 8 0
16 5 0
16 19 0
16 21 0
17 6 0
17 14 0
17 20 0
18 7 0
18 14 0
18 22 0
19 16 0
19 23 0
19 40 0
20 17 0
20 42 0
20 43 0
20 44 0
21 16 0
21 25 0
21 45 0
22 18 0
22 46 0
22 47 0
22 48 0
23 19 0
23 27 0
23 28 0
24 6 0
24 49 0
24 50 0
24 51 0
25 21 0
25 27 0
25 52 0
26 8 0
26 29 0
26 30 0
27 23 0
27 25 0
27 53 0
28 23 0
28 54 0
28 55 0
28 56 0
29 3 0
29 26 0
29 31 0
30 26 0
30 32 0
30 57 0
31 29 0
31 33 0
31 58 0
32 30 0
32 33 0
32 59 0
33 31 0
33 32 0
33 60 0
34 61 0
34 62 0
34 63 0
35 9 0
36 10 0
37 10 0
38 12 0
39 12 0
40 19 0
41 8 0
42 20 0
43 20 0
44 20 0
45 21 0
46 22 0
47 22 0
48 22 0
49 24 0
50 24 0
51 24 0
52 25 0
53 27 0
54 28 0
55 28 0
56 28 0
57 30 0
58 31 0
59 32 0
60 33 0
61 34 0
62 34 0
63 34 0
GraphDataEnd
GraphEnd
NodeEnd
NodeStart
EPTNodeID: 3
AnchorID: 14296
TreeNodeGraphID: 5
Level: 5
SimplifiedLevel: 0
EditOperation: 5 31 34 0 0
AccumulatedOpsCount: 3
AccumulatedOp: 4 31 58 0 0
AccumulatedOp: 1 58 0 5 0
AccumulatedOp: 5 31 34 0 0
ChildrenCount: 0
ChildIndices:
CompletedDBGraphIDsCount: 2
CompletedDBGraphID: 6790
CompletedDBGraphID: 1005
GraphStart
GraphDataStart
ID: 5
NumNodes: 63
NumEdges: 132
NodeLabels
6 2 2 5 3 3 3 3 3 4 4 4 4 4 4 4 4 4 4 4 4 4 4 4 4 4 4 4 4 4 4 4 4 4 4 5 5 5 5 5 5 5 5 5 5 5 5 5 5 5 5 5 5 5 5 5 5 5 5 5 5 5 5 
Edges
0 15 0
1 11 0
2 13 0
3 29 0
4 9 0
4 12 0
4 15 0
5 11 0
5 13 0
5 16 0
6 7 0
6 17 0
6 24 0
7 6 0
7 18 0
8 15 0
8 26 0
8 41 0
9 4 0
9 10 0
9 11 0
9 35 0
10 9 0
10 13 0
10 36 0
10 37 0
11 1 0
11 5 0
11 9 0
12 4 0
12 14 0
12 38 0
12 39 0
13 2 0
13 5 0
13 10 0
14 12 0
14 17 0
14 18 0
15 0 0
15 4 0
15 8 0
16 5 0
16 19 0
16 21 0
17 6 0
17 14 0
17 20 0
18 7 0
18 14 0
18 22 0
19 16 0
19 23 0
19 40 0
20 17 0
20 42 0
20 43 0
20 44 0
21 16 0
21 25 0
21 45 0
22 18 0
22 46 0
22 47 0
22 48 0
23 19 0
23 27 0
23 28 0
24 6 0
24 49 0
24 50 0
24 51 0
25 21 0
25 27 0
25 52 0
26 8 0
26 29 0
26 30 0
27 23 0
27 25 0
27 53 0
28 23 0
28 54 0
28 55 0
28 56 0
29 3 0
29 26 0
29 31 0
30 26 0
30 32 0
30 57 0
31 29 0
31 33 0
31 34 0
32 30 0
32 33 0
32 58 0
33 31 0
33 32 0
33 59 0
34 60 0
34 61 0
34 62 0
34 31 0
35 9 0
36 10 0
37 10 0
38 12 0
39 12 0
40 19 0
41 8 0
42 20 0
43 20 0
44 20 0
45 21 0
46 22 0
47 22 0
48 22 0
49 24 0
50 24 0
51 24 0
52 25 0
53 27 0
54 28 0
55 28 0
56 28 0
57 30 0
58 32 0
59 33 0
60 34 0
61 34 0
62 34 0
GraphDataEnd
GraphEnd
NodeEnd
NodeStart
EPTNodeID: 4
AnchorID: 14296
TreeNodeGraphID: 13
Level: 10
SimplifiedLevel: 0
EditOperation: 1 63 0 5 0
AccumulatedOpsCount: 8
AccumulatedOp: 0 60 0 5 7
AccumulatedOp: 4 34 61 0 0
AccumulatedOp: 1 61 0 5 0
AccumulatedOp: 4 34 62 0 0
AccumulatedOp: 1 62 0 5 0
AccumulatedOp: 4 34 63 0 0
AccumulatedOp: 1 34 0 4 0
AccumulatedOp: 1 63 0 5 0
ChildrenCount: 0
ChildIndices:
CompletedDBGraphIDsCount: 2
CompletedDBGraphID: 4415
CompletedDBGraphID: 2665
GraphStart
GraphDataStart
ID: 13
NumNodes: 60
NumEdges: 126
NodeLabels
6 2 2 5 3 3 3 3 3 4 4 4 4 4 4 4 4 4 4 4 4 4 4 4 4 4 4 4 4 4 4 4 4 4 5 5 5 5 5 5 5 5 5 5 5 5 5 5 5 5 5 5 5 5 5 5 5 5 5 7 
Edges
0 15 0
1 11 0
2 13 0
3 29 0
4 9 0
4 12 0
4 15 0
5 11 0
5 13 0
5 16 0
6 7 0
6 17 0
6 24 0
7 6 0
7 18 0
8 15 0
8 26 0
8 40 0
9 4 0
9 10 0
9 11 0
9 34 0
10 9 0
10 13 0
10 35 0
10 36 0
11 1 0
11 5 0
11 9 0
12 4 0
12 14 0
12 37 0
12 38 0
13 2 0
13 5 0
13 10 0
14 12 0
14 17 0
14 18 0
15 0 0
15 4 0
15 8 0
16 5 0
16 19 0
16 21 0
17 6 0
17 14 0
17 20 0
18 7 0
18 14 0
18 22 0
19 16 0
19 23 0
19 39 0
20 17 0
20 41 0
20 42 0
20 43 0
21 16 0
21 25 0
21 44 0
22 18 0
22 45 0
22 46 0
22 47 0
23 19 0
23 27 0
23 28 0
24 6 0
24 48 0
24 49 0
24 50 0
25 21 0
25 27 0
25 51 0
26 8 0
26 29 0
26 30 0
27 23 0
27 25 0
27 52 0
28 23 0
28 53 0
28 54 0
28 55 0
29 3 0
29 26 0
29 31 0
30 26 0
30 32 0
30 56 0
31 29 0
31 33 0
31 57 0
32 30 0
32 33 0
32 58 0
33 31 0
33 32 0
33 59 0
34 9 0
35 10 0
36 10 0
37 12 0
38 12 0
39 19 0
40 8 0
41 20 0
42 20 0
43 20 0
44 21 0
45 22 0
46 22 0
47 22 0
48 24 0
49 24 0
50 24 0
51 25 0
52 27 0
53 28 0
54 28 0
55 28 0
56 30 0
57 31 0
58 32 0
59 33 0
GraphDataEnd
GraphEnd
NodeEnd
NodeStart
EPTNodeID: 5
AnchorID: 14296
TreeNodeGraphID: 23
Level: 12
SimplifiedLevel: 0
EditOperation: 5 64 67 0 0
AccumulatedOpsCount: 10
AccumulatedOp: 5 34 60 0 0
AccumulatedOp: 2 67 0 0 5
AccumulatedOp: 0 60 0 5 3
AccumulatedOp: 2 64 0 0 4
AccumulatedOp: 2 65 0 0 5
AccumulatedOp: 2 66 0 0 5
AccumulatedOp: 5 60 64 0 0
AccumulatedOp: 5 64 65 0 0
AccumulatedOp: 5 64 66 0 0
AccumulatedOp: 5 64 67 0 0
ChildrenCount: 0
ChildIndices:
CompletedDBGraphIDsCount: 1
CompletedDBGraphID: 19501
GraphStart
GraphDataStart
ID: 23
NumNodes: 68
NumEdges: 142
NodeLabels
6 2 2 5 3 3 3 3 3 4 4 4 4 4 4 4 4 4 4 4 4 4 4 4 4 4 4 4 4 4 4 4 4 4 4 5 5 5 5 5 5 5 5 5 5 5 5 5 5 5 5 5 5 5 5 5 5 5 5 5 3 5 5 5 4 5 5 5 
Edges
0 15 0
1 11 0
2 13 0
3 29 0
4 9 0
4 12 0
4 15 0
5 11 0
5 13 0
5 16 0
6 7 0
6 17 0
6 24 0
7 6 0
7 18 0
8 15 0
8 26 0
8 41 0
9 4 0
9 10 0
9 11 0
9 35 0
10 9 0
10 13 0
10 36 0
10 37 0
11 1 0
11 5 0
11 9 0
12 4 0
12 14 0
12 38 0
12 39 0
13 2 0
13 5 0
13 10 0
14 12 0
14 17 0
14 18 0
15 0 0
15 4 0
15 8 0
16 5 0
16 19 0
16 21 0
17 6 0
17 14 0
17 20 0
18 7 0
18 14 0
18 22 0
19 16 0
19 23 0
19 40 0
20 17 0
20 42 0
20 43 0
20 44 0
21 16 0
21 25 0
21 45 0
22 18 0
22 46 0
22 47 0
22 48 0
23 19 0
23 27 0
23 28 0
24 6 0
24 49 0
24 50 0
24 51 0
25 21 0
25 27 0
25 52 0
26 8 0
26 29 0
26 30 0
27 23 0
27 25 0
27 53 0
28 23 0
28 54 0
28 55 0
28 56 0
29 3 0
29 26 0
29 31 0
30 26 0
30 32 0
30 57 0
31 29 0
31 33 0
31 58 0
32 30 0
32 33 0
32 59 0
33 31 0
33 32 0
33 60 0
34 61 0
34 62 0
34 63 0
34 60 0
35 9 0
36 10 0
37 10 0
38 12 0
39 12 0
40 19 0
41 8 0
42 20 0
43 20 0
44 20 0
45 21 0
46 22 0
47 22 0
48 22 0
49 24 0
50 24 0
51 24 0
52 25 0
53 27 0
54 28 0
55 28 0
56 28 0
57 30 0
58 31 0
59 32 0
60 33 0
60 34 0
60 64 0
61 34 0
62 34 0
63 34 0
64 60 0
64 65 0
64 66 0
64 67 0
65 64 0
66 64 0
67 64 0
GraphDataEnd
GraphEnd
NodeEnd
NodeStart
EPTNodeID: 6
AnchorID: 14296
TreeNodeGraphID: 35
Level: 13
SimplifiedLevel: 0
EditOperation: 5 33 34 0 0
AccumulatedOpsCount: 12
AccumulatedOp: 2 65 0 0 5
AccumulatedOp: 0 3 0 2 4
AccumulatedOp: 2 64 0 0 5
AccumulatedOp: 5 5 19 0 0
AccumulatedOp: 5 16 60 0 0
AccumulatedOp: 4 5 16 0 0
AccumulatedOp: 4 33 60 0 0
AccumulatedOp: 5 3 65 0 0
AccumulatedOp: 4 19 40 0 0
AccumulatedOp: 5 3 40 0 0
AccumulatedOp: 5 3 64 0 0
AccumulatedOp: 5 33 34 0 0
ChildrenCount: 0
ChildIndices:
CompletedDBGraphIDsCount: 2
CompletedDBGraphID: 1228
CompletedDBGraphID: 11574
GraphStart
GraphDataStart
ID: 35
NumNodes: 66
NumEdges: 138
NodeLabels
6 2 2 4 3 3 3 3 3 4 4 4 4 4 4 4 4 4 4 4 4 4 4 4 4 4 4 4 4 4 4 4 4 4 4 5 5 5 5 5 5 5 5 5 5 5 5 5 5 5 5 5 5 5 5 5 5 5 5 5 5 5 5 5 5 5 
Edges
0 15 0
1 11 0
2 13 0
3 29 0
3 65 0
3 40 0
3 64 0
4 9 0
4 12 0
4 15 0
5 11 0
5 13 0
5 19 0
6 7 0
6 17 0
6 24 0
7 6 0
7 18 0
8 15 0
8 26 0
8 41 0
9 4 0
9 10 0
9 11 0
9 35 0
10 9 0
10 13 0
10 36 0
10 37 0
11 1 0
11 5 0
11 9 0
12 4 0
12 14 0
12 38 0
12 39 0
13 2 0
13 5 0
13 10 0
14 12 0
14 17 0
14 18 0
15 0 0
15 4 0
15 8 0
16 19 0
16 21 0
16 60 0
17 6 0
17 14 0
17 20 0
18 7 0
18 14 0
18 22 0
19 16 0
19 23 0
19 5 0
20 17 0
20 42 0
20 43 0
20 44 0
21 16 0
21 25 0
21 45 0
22 18 0
22 46 0
22 47 0
22 48 0
23 19 0
23 27 0
23 28 0
24 6 0
24 49 0
24 50 0
24 51 0
25 21 0
25 27 0
25 52 0
26 8 0
26 29 0
26 30 0
27 23 0
27 25 0
27 53 0
28 23 0
28 54 0
28 55 0
28 56 0
29 3 0
29 26 0
29 31 0
30 26 0
30 32 0
30 57 0
31 29 0
31 33 0
31 58 0
32 30 0
32 33 0
32 59 0
33 31 0
33 32 0
33 34 0
34 61 0
34 62 0
34 63 0
34 33 0
35 9 0
36 10 0
37 10 0
38 12 0
39 12 0
40 3 0
41 8 0
42 20 0
43 20 0
44 20 0
45 21 0
46 22 0
47 22 0
48 22 0
49 24 0
50 24 0
51 24 0
52 25 0
53 27 0
54 28 0
55 28 0
56 28 0
57 30 0
58 31 0
59 32 0
60 16 0
61 34 0
62 34 0
63 34 0
64 3 0
65 3 0
GraphDataEnd
GraphEnd
NodeEnd
END_EPT
