BEGIN_EPT
AnchorID: 16952  # ID of the anchor node
RootIndex: 0  # Index of the root node in tree_nodes
NodeCount: 1  # Total number of nodes in the EPT
NodeStart
EPTNodeID: 0
AnchorID: 16952
TreeNodeGraphID: 0
Level: 0
SimplifiedLevel: 0
EditOperation: -1 0 -1 0 0
AccumulatedOpsCount: 0
ChildrenCount: 0
ChildIndices:
CompletedDBGraphIDsCount: 1
CompletedDBGraphID: 21656
GraphStart
GraphDataStart
ID: 0
NumNodes: 88
NumEdges: 184
NodeLabels
2 2 2 2 3 3 3 3 4 4 4 4 4 4 4 4 4 4 4 4 4 4 4 4 4 4 4 4 4 4 4 4 4 4 4 4 4 4 4 4 4 4 5 5 5 5 5 5 5 5 5 5 5 5 5 5 5 5 5 5 5 5 5 5 5 5 5 5 5 5 5 5 5 5 5 5 5 5 5 5 5 5 5 5 5 5 5 5 
Edges
0 18 0
0 72 0
1 19 0
1 73 0
2 22 0
2 34 0
3 23 0
3 35 0
4 8 0
4 9 0
4 16 0
5 10 0
5 11 0
5 17 0
6 12 0
6 13 0
6 20 0
7 14 0
7 15 0
7 21 0
8 4 0
8 12 0
8 42 0
8 43 0
9 4 0
9 13 0
9 44 0
9 45 0
10 5 0
10 14 0
10 46 0
10 47 0
11 5 0
11 15 0
11 48 0
11 49 0
12 6 0
12 8 0
12 50 0
12 51 0
13 6 0
13 9 0
13 52 0
13 53 0
14 7 0
14 10 0
14 54 0
14 55 0
15 7 0
15 11 0
15 56 0
15 57 0
16 4 0
16 18 0
16 58 0
16 59 0
17 5 0
17 19 0
17 60 0
17 61 0
18 0 0
18 16 0
18 22 0
18 62 0
19 1 0
19 17 0
19 23 0
19 63 0
20 6 0
20 24 0
20 25 0
21 7 0
21 26 0
21 27 0
22 2 0
22 18 0
22 64 0
22 65 0
23 3 0
23 19 0
23 66 0
23 67 0
24 20 0
24 28 0
24 68 0
25 20 0
25 29 0
25 69 0
26 21 0
26 30 0
26 70 0
27 21 0
27 31 0
27 71 0
28 24 0
28 32 0
28 74 0
29 25 0
29 32 0
29 75 0
30 26 0
30 33 0
30 76 0
31 27 0
31 33 0
31 77 0
32 28 0
32 29 0
32 36 0
33 30 0
33 31 0
33 37 0
34 2 0
34 38 0
34 39 0
35 3 0
35 40 0
35 41 0
36 32 0
36 78 0
36 79 0
36 80 0
37 33 0
37 81 0
37 82 0
37 83 0
38 34 0
38 40 0
38 84 0
39 34 0
39 41 0
39 85 0
40 35 0
40 38 0
40 86 0
41 35 0
41 39 0
41 87 0
42 8 0
43 8 0
44 9 0
45 9 0
46 10 0
47 10 0
48 11 0
49 11 0
50 12 0
51 12 0
52 13 0
53 13 0
54 14 0
55 14 0
56 15 0
57 15 0
58 16 0
59 16 0
60 17 0
61 17 0
62 18 0
63 19 0
64 22 0
65 22 0
66 23 0
67 23 0
68 24 0
69 25 0
70 26 0
71 27 0
72 0 0
73 1 0
74 28 0
75 29 0
76 30 0
77 31 0
78 36 0
79 36 0
80 36 0
81 37 0
82 37 0
83 37 0
84 38 0
85 39 0
86 40 0
87 41 0
GraphDataEnd
GraphEnd
NodeEnd
END_EPT
