BEGIN_EPT
AnchorID: 10788  # ID of the anchor node
RootIndex: 0  # Index of the root node in tree_nodes
NodeCount: 7  # Total number of nodes in the EPT
NodeStart
EPTNodeID: 0
AnchorID: 10788
TreeNodeGraphID: 0
Level: 0
SimplifiedLevel: 0
EditOperation: -1 0 -1 0 0
AccumulatedOpsCount: 0
ChildrenCount: 4
ChildIndices: 1 4 5 6
CompletedDBGraphIDsCount: 0
GraphStart
GraphDataStart
ID: 0
NumNodes: 59
NumEdges: 122
NodeLabels
2 2 3 3 3 3 3 3 4 4 4 4 4 4 4 4 4 4 4 4 4 4 4 4 4 4 4 4 4 5 5 5 5 5 5 5 5 5 5 5 5 5 5 5 5 5 5 5 5 5 5 5 5 5 5 5 5 5 5 
Edges
0 14 0
1 16 0
2 8 0
2 9 0
2 11 0
3 9 0
3 12 0
3 35 0
4 13 0
4 17 0
4 18 0
5 10 0
5 16 0
5 19 0
6 9 0
6 10 0
7 14 0
7 16 0
7 20 0
8 2 0
8 10 0
8 14 0
9 2 0
9 3 0
9 6 0
10 5 0
10 6 0
10 8 0
11 2 0
11 15 0
11 29 0
11 30 0
12 3 0
12 13 0
12 31 0
12 32 0
13 4 0
13 12 0
13 33 0
13 34 0
14 0 0
14 7 0
14 8 0
15 11 0
15 21 0
15 22 0
16 1 0
16 5 0
16 7 0
17 4 0
17 23 0
17 36 0
17 37 0
18 4 0
18 24 0
18 38 0
18 39 0
19 5 0
19 40 0
19 41 0
19 42 0
20 7 0
20 43 0
20 44 0
20 45 0
21 15 0
21 25 0
21 46 0
22 15 0
22 26 0
22 47 0
23 17 0
23 48 0
23 49 0
23 50 0
24 18 0
24 51 0
24 52 0
24 53 0
25 21 0
25 27 0
25 54 0
26 22 0
26 27 0
26 55 0
27 25 0
27 26 0
27 28 0
28 27 0
28 56 0
28 57 0
28 58 0
29 11 0
30 11 0
31 12 0
32 12 0
33 13 0
34 13 0
35 3 0
36 17 0
37 17 0
38 18 0
39 18 0
40 19 0
41 19 0
42 19 0
43 20 0
44 20 0
45 20 0
46 21 0
47 22 0
48 23 0
49 23 0
50 23 0
51 24 0
52 24 0
53 24 0
54 25 0
55 26 0
56 28 0
57 28 0
58 28 0
GraphDataEnd
GraphEnd
NodeEnd
NodeStart
EPTNodeID: 1
AnchorID: 10788
TreeNodeGraphID: 1
Level: 1
SimplifiedLevel: 0
EditOperation: 4 27 28 0 0
AccumulatedOpsCount: 1
AccumulatedOp: 4 27 28 0 0
ChildrenCount: 2
ChildIndices: 2 3
CompletedDBGraphIDsCount: 0
GraphStart
GraphDataStart
ID: 1
NumNodes: 59
NumEdges: 120
NodeLabels
2 2 3 3 3 3 3 3 4 4 4 4 4 4 4 4 4 4 4 4 4 4 4 4 4 4 4 4 4 5 5 5 5 5 5 5 5 5 5 5 5 5 5 5 5 5 5 5 5 5 5 5 5 5 5 5 5 5 5 
Edges
0 14 0
1 16 0
2 8 0
2 9 0
2 11 0
3 9 0
3 12 0
3 35 0
4 13 0
4 17 0
4 18 0
5 10 0
5 16 0
5 19 0
6 9 0
6 10 0
7 14 0
7 16 0
7 20 0
8 2 0
8 10 0
8 14 0
9 2 0
9 3 0
9 6 0
10 5 0
10 6 0
10 8 0
11 2 0
11 15 0
11 29 0
11 30 0
12 3 0
12 13 0
12 31 0
12 32 0
13 4 0
13 12 0
13 33 0
13 34 0
14 0 0
14 7 0
14 8 0
15 11 0
15 21 0
15 22 0
16 1 0
16 5 0
16 7 0
17 4 0
17 23 0
17 36 0
17 37 0
18 4 0
18 24 0
18 38 0
18 39 0
19 5 0
19 40 0
19 41 0
19 42 0
20 7 0
20 43 0
20 44 0
20 45 0
21 15 0
21 25 0
21 46 0
22 15 0
22 26 0
22 47 0
23 17 0
23 48 0
23 49 0
23 50 0
24 18 0
24 51 0
24 52 0
24 53 0
25 21 0
25 27 0
25 54 0
26 22 0
26 27 0
26 55 0
27 25 0
27 26 0
28 56 0
28 57 0
28 58 0
29 11 0
30 11 0
31 12 0
32 12 0
33 13 0
34 13 0
35 3 0
36 17 0
37 17 0
38 18 0
39 18 0
40 19 0
41 19 0
42 19 0
43 20 0
44 20 0
45 20 0
46 21 0
47 22 0
48 23 0
49 23 0
50 23 0
51 24 0
52 24 0
53 24 0
54 25 0
55 26 0
56 28 0
57 28 0
58 28 0
GraphDataEnd
GraphEnd
NodeEnd
NodeStart
EPTNodeID: 2
AnchorID: 10788
TreeNodeGraphID: 4
Level: 4
SimplifiedLevel: 0
EditOperation: 5 27 30 0 0
AccumulatedOpsCount: 3
AccumulatedOp: 4 11 30 0 0
AccumulatedOp: 5 11 28 0 0
AccumulatedOp: 5 27 30 0 0
ChildrenCount: 0
ChildIndices:
CompletedDBGraphIDsCount: 2
CompletedDBGraphID: 19680
CompletedDBGraphID: 19096
GraphStart
GraphDataStart
ID: 4
NumNodes: 59
NumEdges: 122
NodeLabels
2 2 3 3 3 3 3 3 4 4 4 4 4 4 4 4 4 4 4 4 4 4 4 4 4 4 4 4 4 5 5 5 5 5 5 5 5 5 5 5 5 5 5 5 5 5 5 5 5 5 5 5 5 5 5 5 5 5 5 
Edges
0 14 0
1 16 0
2 8 0
2 9 0
2 11 0
3 9 0
3 12 0
3 35 0
4 13 0
4 17 0
4 18 0
5 10 0
5 16 0
5 19 0
6 9 0
6 10 0
7 14 0
7 16 0
7 20 0
8 2 0
8 10 0
8 14 0
9 2 0
9 3 0
9 6 0
10 5 0
10 6 0
10 8 0
11 2 0
11 15 0
11 29 0
11 28 0
12 3 0
12 13 0
12 31 0
12 32 0
13 4 0
13 12 0
13 33 0
13 34 0
14 0 0
14 7 0
14 8 0
15 11 0
15 21 0
15 22 0
16 1 0
16 5 0
16 7 0
17 4 0
17 23 0
17 36 0
17 37 0
18 4 0
18 24 0
18 38 0
18 39 0
19 5 0
19 40 0
19 41 0
19 42 0
20 7 0
20 43 0
20 44 0
20 45 0
21 15 0
21 25 0
21 46 0
22 15 0
22 26 0
22 47 0
23 17 0
23 48 0
23 49 0
23 50 0
24 18 0
24 51 0
24 52 0
24 53 0
25 21 0
25 27 0
25 54 0
26 22 0
26 27 0
26 55 0
27 25 0
27 26 0
27 30 0
28 56 0
28 57 0
28 58 0
28 11 0
29 11 0
30 27 0
31 12 0
32 12 0
33 13 0
34 13 0
35 3 0
36 17 0
37 17 0
38 18 0
39 18 0
40 19 0
41 19 0
42 19 0
43 20 0
44 20 0
45 20 0
46 21 0
47 22 0
48 23 0
49 23 0
50 23 0
51 24 0
52 24 0
53 24 0
54 25 0
55 26 0
56 28 0
57 28 0
58 28 0
GraphDataEnd
GraphEnd
NodeEnd
NodeStart
EPTNodeID: 3
AnchorID: 10788
TreeNodeGraphID: 7
Level: 4
SimplifiedLevel: 0
EditOperation: 5 25 28 0 0
AccumulatedOpsCount: 3
AccumulatedOp: 5 27 54 0 0
AccumulatedOp: 4 25 54 0 0
AccumulatedOp: 5 25 28 0 0
ChildrenCount: 0
ChildIndices:
CompletedDBGraphIDsCount: 1
CompletedDBGraphID: 13222
GraphStart
GraphDataStart
ID: 7
NumNodes: 59
NumEdges: 122
NodeLabels
2 2 3 3 3 3 3 3 4 4 4 4 4 4 4 4 4 4 4 4 4 4 4 4 4 4 4 4 4 5 5 5 5 5 5 5 5 5 5 5 5 5 5 5 5 5 5 5 5 5 5 5 5 5 5 5 5 5 5 
Edges
0 14 0
1 16 0
2 8 0
2 9 0
2 11 0
3 9 0
3 12 0
3 35 0
4 13 0
4 17 0
4 18 0
5 10 0
5 16 0
5 19 0
6 9 0
6 10 0
7 14 0
7 16 0
7 20 0
8 2 0
8 10 0
8 14 0
9 2 0
9 3 0
9 6 0
10 5 0
10 6 0
10 8 0
11 2 0
11 15 0
11 29 0
11 30 0
12 3 0
12 13 0
12 31 0
12 32 0
13 4 0
13 12 0
13 33 0
13 34 0
14 0 0
14 7 0
14 8 0
15 11 0
15 21 0
15 22 0
16 1 0
16 5 0
16 7 0
17 4 0
17 23 0
17 36 0
17 37 0
18 4 0
18 24 0
18 38 0
18 39 0
19 5 0
19 40 0
19 41 0
19 42 0
20 7 0
20 43 0
20 44 0
20 45 0
21 15 0
21 25 0
21 46 0
22 15 0
22 26 0
22 47 0
23 17 0
23 48 0
23 49 0
23 50 0
24 18 0
24 51 0
24 52 0
24 53 0
25 21 0
25 27 0
25 28 0
26 22 0
26 27 0
26 55 0
27 25 0
27 26 0
27 54 0
28 56 0
28 57 0
28 58 0
28 25 0
29 11 0
30 11 0
31 12 0
32 12 0
33 13 0
34 13 0
35 3 0
36 17 0
37 17 0
38 18 0
39 18 0
40 19 0
41 19 0
42 19 0
43 20 0
44 20 0
45 20 0
46 21 0
47 22 0
48 23 0
49 23 0
50 23 0
51 24 0
52 24 0
53 24 0
54 27 0
55 26 0
56 28 0
57 28 0
58 28 0
GraphDataEnd
GraphEnd
NodeEnd
NodeStart
EPTNodeID: 4
AnchorID: 10788
TreeNodeGraphID: 11
Level: 4
SimplifiedLevel: 0
EditOperation: 4 28 58 0 0
AccumulatedOpsCount: 4
AccumulatedOp: 5 11 28 0 0
AccumulatedOp: 5 15 58 0 0
AccumulatedOp: 4 11 15 0 0
AccumulatedOp: 4 28 58 0 0
ChildrenCount: 0
ChildIndices:
CompletedDBGraphIDsCount: 1
CompletedDBGraphID: 20182
GraphStart
GraphDataStart
ID: 11
NumNodes: 59
NumEdges: 122
NodeLabels
2 2 3 3 3 3 3 3 4 4 4 4 4 4 4 4 4 4 4 4 4 4 4 4 4 4 4 4 4 5 5 5 5 5 5 5 5 5 5 5 5 5 5 5 5 5 5 5 5 5 5 5 5 5 5 5 5 5 5 
Edges
0 14 0
1 16 0
2 8 0
2 9 0
2 11 0
3 9 0
3 12 0
3 35 0
4 13 0
4 17 0
4 18 0
5 10 0
5 16 0
5 19 0
6 9 0
6 10 0
7 14 0
7 16 0
7 20 0
8 2 0
8 10 0
8 14 0
9 2 0
9 3 0
9 6 0
10 5 0
10 6 0
10 8 0
11 2 0
11 29 0
11 30 0
11 28 0
12 3 0
12 13 0
12 31 0
12 32 0
13 4 0
13 12 0
13 33 0
13 34 0
14 0 0
14 7 0
14 8 0
15 21 0
15 22 0
15 58 0
16 1 0
16 5 0
16 7 0
17 4 0
17 23 0
17 36 0
17 37 0
18 4 0
18 24 0
18 38 0
18 39 0
19 5 0
19 40 0
19 41 0
19 42 0
20 7 0
20 43 0
20 44 0
20 45 0
21 15 0
21 25 0
21 46 0
22 15 0
22 26 0
22 47 0
23 17 0
23 48 0
23 49 0
23 50 0
24 18 0
24 51 0
24 52 0
24 53 0
25 21 0
25 27 0
25 54 0
26 22 0
26 27 0
26 55 0
27 25 0
27 26 0
27 28 0
28 27 0
28 56 0
28 57 0
28 11 0
29 11 0
30 11 0
31 12 0
32 12 0
33 13 0
34 13 0
35 3 0
36 17 0
37 17 0
38 18 0
39 18 0
40 19 0
41 19 0
42 19 0
43 20 0
44 20 0
45 20 0
46 21 0
47 22 0
48 23 0
49 23 0
50 23 0
51 24 0
52 24 0
53 24 0
54 25 0
55 26 0
56 28 0
57 28 0
58 15 0
GraphDataEnd
GraphEnd
NodeEnd
NodeStart
EPTNodeID: 5
AnchorID: 10788
TreeNodeGraphID: 18
Level: 7
SimplifiedLevel: 0
EditOperation: 1 58 0 5 0
AccumulatedOpsCount: 7
AccumulatedOp: 4 28 58 0 0
AccumulatedOp: 0 28 0 4 7
AccumulatedOp: 4 28 57 0 0
AccumulatedOp: 4 28 56 0 0
AccumulatedOp: 1 56 0 5 0
AccumulatedOp: 1 57 0 5 0
AccumulatedOp: 1 58 0 5 0
ChildrenCount: 0
ChildIndices:
CompletedDBGraphIDsCount: 1
CompletedDBGraphID: 2531
GraphStart
GraphDataStart
ID: 18
NumNodes: 56
NumEdges: 116
NodeLabels
2 2 3 3 3 3 3 3 4 4 4 4 4 4 4 4 4 4 4 4 4 4 4 4 4 4 4 4 7 5 5 5 5 5 5 5 5 5 5 5 5 5 5 5 5 5 5 5 5 5 5 5 5 5 5 5 
Edges
0 14 0
1 16 0
2 8 0
2 9 0
2 11 0
3 9 0
3 12 0
3 35 0
4 13 0
4 17 0
4 18 0
5 10 0
5 16 0
5 19 0
6 9 0
6 10 0
7 14 0
7 16 0
7 20 0
8 2 0
8 10 0
8 14 0
9 2 0
9 3 0
9 6 0
10 5 0
10 6 0
10 8 0
11 2 0
11 15 0
11 29 0
11 30 0
12 3 0
12 13 0
12 31 0
12 32 0
13 4 0
13 12 0
13 33 0
13 34 0
14 0 0
14 7 0
14 8 0
15 11 0
15 21 0
15 22 0
16 1 0
16 5 0
16 7 0
17 4 0
17 23 0
17 36 0
17 37 0
18 4 0
18 24 0
18 38 0
18 39 0
19 5 0
19 40 0
19 41 0
19 42 0
20 7 0
20 43 0
20 44 0
20 45 0
21 15 0
21 25 0
21 46 0
22 15 0
22 26 0
22 47 0
23 17 0
23 48 0
23 49 0
23 50 0
24 18 0
24 51 0
24 52 0
24 53 0
25 21 0
25 27 0
25 54 0
26 22 0
26 27 0
26 55 0
27 25 0
27 26 0
27 28 0
28 27 0
29 11 0
30 11 0
31 12 0
32 12 0
33 13 0
34 13 0
35 3 0
36 17 0
37 17 0
38 18 0
39 18 0
40 19 0
41 19 0
42 19 0
43 20 0
44 20 0
45 20 0
46 21 0
47 22 0
48 23 0
49 23 0
50 23 0
51 24 0
52 24 0
53 24 0
54 25 0
55 26 0
GraphDataEnd
GraphEnd
NodeEnd
NodeStart
EPTNodeID: 6
AnchorID: 10788
TreeNodeGraphID: 24
Level: 6
SimplifiedLevel: 0
EditOperation: 5 35 51 0 0
AccumulatedOpsCount: 6
AccumulatedOp: 0 51 0 5 2
AccumulatedOp: 5 3 23 0 0
AccumulatedOp: 4 23 50 0 0
AccumulatedOp: 1 50 0 5 0
AccumulatedOp: 4 3 35 0 0
AccumulatedOp: 5 35 51 0 0
ChildrenCount: 0
ChildIndices:
CompletedDBGraphIDsCount: 1
CompletedDBGraphID: 13007
GraphStart
GraphDataStart
ID: 24
NumNodes: 58
NumEdges: 122
NodeLabels
2 2 3 3 3 3 3 3 4 4 4 4 4 4 4 4 4 4 4 4 4 4 4 4 4 4 4 4 4 5 5 5 5 5 5 5 5 5 5 5 5 5 5 5 5 5 5 5 5 5 2 5 5 5 5 5 5 5 
Edges
0 14 0
1 16 0
2 8 0
2 9 0
2 11 0
3 9 0
3 12 0
3 23 0
4 13 0
4 17 0
4 18 0
5 10 0
5 16 0
5 19 0
6 9 0
6 10 0
7 14 0
7 16 0
7 20 0
8 2 0
8 10 0
8 14 0
9 2 0
9 3 0
9 6 0
10 5 0
10 6 0
10 8 0
11 2 0
11 15 0
11 29 0
11 30 0
12 3 0
12 13 0
12 31 0
12 32 0
13 4 0
13 12 0
13 33 0
13 34 0
14 0 0
14 7 0
14 8 0
15 11 0
15 21 0
15 22 0
16 1 0
16 5 0
16 7 0
17 4 0
17 23 0
17 36 0
17 37 0
18 4 0
18 24 0
18 38 0
18 39 0
19 5 0
19 40 0
19 41 0
19 42 0
20 7 0
20 43 0
20 44 0
20 45 0
21 15 0
21 25 0
21 46 0
22 15 0
22 26 0
22 47 0
23 17 0
23 48 0
23 49 0
23 3 0
24 18 0
24 50 0
24 51 0
24 52 0
25 21 0
25 27 0
25 53 0
26 22 0
26 27 0
26 54 0
27 25 0
27 26 0
27 28 0
28 27 0
28 55 0
28 56 0
28 57 0
29 11 0
30 11 0
31 12 0
32 12 0
33 13 0
34 13 0
35 50 0
36 17 0
37 17 0
38 18 0
39 18 0
40 19 0
41 19 0
42 19 0
43 20 0
44 20 0
45 20 0
46 21 0
47 22 0
48 23 0
49 23 0
50 24 0
50 35 0
51 24 0
52 24 0
53 25 0
54 26 0
55 28 0
56 28 0
57 28 0
GraphDataEnd
GraphEnd
NodeEnd
END_EPT
