BEGIN_EPT
AnchorID: 17078  # ID of the anchor node
RootIndex: 0  # Index of the root node in tree_nodes
NodeCount: 4  # Total number of nodes in the EPT
NodeStart
EPTNodeID: 0
AnchorID: 17078
TreeNodeGraphID: 0
Level: 0
SimplifiedLevel: 0
EditOperation: -1 0 -1 0 0
AccumulatedOpsCount: 0
ChildrenCount: 1
ChildIndices: 1
CompletedDBGraphIDsCount: 0
GraphStart
GraphDataStart
ID: 0
NumNodes: 62
NumEdges: 130
NodeLabels
2 2 3 4 4 4 4 4 4 4 4 4 4 4 4 4 4 4 4 4 4 4 4 4 4 4 4 4 4 5 5 5 5 5 5 5 5 5 5 5 5 5 5 5 5 5 5 5 5 5 5 5 5 5 5 5 5 5 5 5 5 5 
Edges
0 14 0
1 15 0
2 10 0
2 11 0
2 38 0
3 9 0
3 12 0
3 16 0
3 17 0
4 8 0
4 13 0
4 18 0
4 19 0
5 6 0
5 7 0
5 20 0
5 29 0
6 5 0
6 10 0
6 14 0
7 5 0
7 11 0
7 15 0
8 4 0
8 11 0
8 32 0
8 33 0
9 3 0
9 10 0
9 30 0
9 31 0
10 2 0
10 6 0
10 9 0
11 2 0
11 7 0
11 8 0
12 3 0
12 14 0
12 36 0
12 37 0
13 4 0
13 15 0
13 34 0
13 35 0
14 0 0
14 6 0
14 12 0
15 1 0
15 7 0
15 13 0
16 3 0
16 48 0
16 49 0
16 50 0
17 3 0
17 45 0
17 46 0
17 47 0
18 4 0
18 42 0
18 43 0
18 44 0
19 4 0
19 39 0
19 40 0
19 41 0
20 5 0
20 21 0
20 22 0
21 20 0
21 23 0
21 51 0
22 20 0
22 24 0
22 52 0
23 21 0
23 25 0
23 53 0
24 22 0
24 25 0
24 54 0
25 23 0
25 24 0
25 26 0
26 25 0
26 27 0
26 28 0
26 55 0
27 26 0
27 56 0
27 57 0
27 58 0
28 26 0
28 59 0
28 60 0
28 61 0
29 5 0
30 9 0
31 9 0
32 8 0
33 8 0
34 13 0
35 13 0
36 12 0
37 12 0
38 2 0
39 19 0
40 19 0
41 19 0
42 18 0
43 18 0
44 18 0
45 17 0
46 17 0
47 17 0
48 16 0
49 16 0
50 16 0
51 21 0
52 22 0
53 23 0
54 24 0
55 26 0
56 27 0
57 27 0
58 27 0
59 28 0
60 28 0
61 28 0
GraphDataEnd
GraphEnd
NodeEnd
NodeStart
EPTNodeID: 1
AnchorID: 17078
TreeNodeGraphID: 4
Level: 4
SimplifiedLevel: 0
EditOperation: 4 26 27 0 0
AccumulatedOpsCount: 4
AccumulatedOp: 4 26 55 0 0
AccumulatedOp: 0 54 0 5 2
AccumulatedOp: 1 55 0 5 0
AccumulatedOp: 4 26 27 0 0
ChildrenCount: 2
ChildIndices: 2 3
CompletedDBGraphIDsCount: 0
GraphStart
GraphDataStart
ID: 4
NumNodes: 61
NumEdges: 126
NodeLabels
2 2 3 4 4 4 4 4 4 4 4 4 4 4 4 4 4 4 4 4 4 4 4 4 4 4 4 4 4 5 5 5 5 5 5 5 5 5 5 5 5 5 5 5 5 5 5 5 5 5 5 5 5 5 2 5 5 5 5 5 5 
Edges
0 14 0
1 15 0
2 10 0
2 11 0
2 38 0
3 9 0
3 12 0
3 16 0
3 17 0
4 8 0
4 13 0
4 18 0
4 19 0
5 6 0
5 7 0
5 20 0
5 29 0
6 5 0
6 10 0
6 14 0
7 5 0
7 11 0
7 15 0
8 4 0
8 11 0
8 32 0
8 33 0
9 3 0
9 10 0
9 30 0
9 31 0
10 2 0
10 6 0
10 9 0
11 2 0
11 7 0
11 8 0
12 3 0
12 14 0
12 36 0
12 37 0
13 4 0
13 15 0
13 34 0
13 35 0
14 0 0
14 6 0
14 12 0
15 1 0
15 7 0
15 13 0
16 3 0
16 48 0
16 49 0
16 50 0
17 3 0
17 45 0
17 46 0
17 47 0
18 4 0
18 42 0
18 43 0
18 44 0
19 4 0
19 39 0
19 40 0
19 41 0
20 5 0
20 21 0
20 22 0
21 20 0
21 23 0
21 51 0
22 20 0
22 24 0
22 52 0
23 21 0
23 25 0
23 53 0
24 22 0
24 25 0
24 54 0
25 23 0
25 24 0
25 26 0
26 25 0
26 28 0
27 55 0
27 56 0
27 57 0
28 26 0
28 58 0
28 59 0
28 60 0
29 5 0
30 9 0
31 9 0
32 8 0
33 8 0
34 13 0
35 13 0
36 12 0
37 12 0
38 2 0
39 19 0
40 19 0
41 19 0
42 18 0
43 18 0
44 18 0
45 17 0
46 17 0
47 17 0
48 16 0
49 16 0
50 16 0
51 21 0
52 22 0
53 23 0
54 24 0
55 27 0
56 27 0
57 27 0
58 28 0
59 28 0
60 28 0
GraphDataEnd
GraphEnd
NodeEnd
NodeStart
EPTNodeID: 2
AnchorID: 17078
TreeNodeGraphID: 6
Level: 6
SimplifiedLevel: 0
EditOperation: 5 27 54 0 0
AccumulatedOpsCount: 2
AccumulatedOp: 0 26 0 4 2
AccumulatedOp: 5 27 54 0 0
ChildrenCount: 0
ChildIndices:
CompletedDBGraphIDsCount: 1
CompletedDBGraphID: 20312
GraphStart
GraphDataStart
ID: 6
NumNodes: 61
NumEdges: 128
NodeLabels
2 2 3 4 4 4 4 4 4 4 4 4 4 4 4 4 4 4 4 4 4 4 4 4 4 4 2 4 4 5 5 5 5 5 5 5 5 5 5 5 5 5 5 5 5 5 5 5 5 5 5 5 5 5 2 5 5 5 5 5 5 
Edges
0 14 0
1 15 0
2 10 0
2 11 0
2 38 0
3 9 0
3 12 0
3 16 0
3 17 0
4 8 0
4 13 0
4 18 0
4 19 0
5 6 0
5 7 0
5 20 0
5 29 0
6 5 0
6 10 0
6 14 0
7 5 0
7 11 0
7 15 0
8 4 0
8 11 0
8 32 0
8 33 0
9 3 0
9 10 0
9 30 0
9 31 0
10 2 0
10 6 0
10 9 0
11 2 0
11 7 0
11 8 0
12 3 0
12 14 0
12 36 0
12 37 0
13 4 0
13 15 0
13 34 0
13 35 0
14 0 0
14 6 0
14 12 0
15 1 0
15 7 0
15 13 0
16 3 0
16 48 0
16 49 0
16 50 0
17 3 0
17 45 0
17 46 0
17 47 0
18 4 0
18 42 0
18 43 0
18 44 0
19 4 0
19 39 0
19 40 0
19 41 0
20 5 0
20 21 0
20 22 0
21 20 0
21 23 0
21 51 0
22 20 0
22 24 0
22 52 0
23 21 0
23 25 0
23 53 0
24 22 0
24 25 0
24 54 0
25 23 0
25 24 0
25 26 0
26 25 0
26 28 0
27 55 0
27 56 0
27 57 0
27 54 0
28 26 0
28 58 0
28 59 0
28 60 0
29 5 0
30 9 0
31 9 0
32 8 0
33 8 0
34 13 0
35 13 0
36 12 0
37 12 0
38 2 0
39 19 0
40 19 0
41 19 0
42 18 0
43 18 0
44 18 0
45 17 0
46 17 0
47 17 0
48 16 0
49 16 0
50 16 0
51 21 0
52 22 0
53 23 0
54 24 0
54 27 0
55 27 0
56 27 0
57 27 0
58 28 0
59 28 0
60 28 0
GraphDataEnd
GraphEnd
NodeEnd
NodeStart
EPTNodeID: 3
AnchorID: 17078
TreeNodeGraphID: 11
Level: 9
SimplifiedLevel: 0
EditOperation: 5 28 54 0 0
AccumulatedOpsCount: 5
AccumulatedOp: 0 26 0 4 5
AccumulatedOp: 0 52 0 5 2
AccumulatedOp: 4 26 28 0 0
AccumulatedOp: 5 27 52 0 0
AccumulatedOp: 5 28 54 0 0
ChildrenCount: 0
ChildIndices:
CompletedDBGraphIDsCount: 1
CompletedDBGraphID: 12371
GraphStart
GraphDataStart
ID: 11
NumNodes: 61
NumEdges: 128
NodeLabels
2 2 3 4 4 4 4 4 4 4 4 4 4 4 4 4 4 4 4 4 4 4 4 4 4 4 5 4 4 5 5 5 5 5 5 5 5 5 5 5 5 5 5 5 5 5 5 5 5 5 5 5 2 5 2 5 5 5 5 5 5 
Edges
0 14 0
1 15 0
2 10 0
2 11 0
2 38 0
3 9 0
3 12 0
3 16 0
3 17 0
4 8 0
4 13 0
4 18 0
4 19 0
5 6 0
5 7 0
5 20 0
5 29 0
6 5 0
6 10 0
6 14 0
7 5 0
7 11 0
7 15 0
8 4 0
8 11 0
8 32 0
8 33 0
9 3 0
9 10 0
9 30 0
9 31 0
10 2 0
10 6 0
10 9 0
11 2 0
11 7 0
11 8 0
12 3 0
12 14 0
12 36 0
12 37 0
13 4 0
13 15 0
13 34 0
13 35 0
14 0 0
14 6 0
14 12 0
15 1 0
15 7 0
15 13 0
16 3 0
16 48 0
16 49 0
16 50 0
17 3 0
17 45 0
17 46 0
17 47 0
18 4 0
18 42 0
18 43 0
18 44 0
19 4 0
19 39 0
19 40 0
19 41 0
20 5 0
20 21 0
20 22 0
21 20 0
21 23 0
21 51 0
22 20 0
22 24 0
22 52 0
23 21 0
23 25 0
23 53 0
24 22 0
24 25 0
24 54 0
25 23 0
25 24 0
25 26 0
26 25 0
27 55 0
27 56 0
27 57 0
27 52 0
28 58 0
28 59 0
28 60 0
28 54 0
29 5 0
30 9 0
31 9 0
32 8 0
33 8 0
34 13 0
35 13 0
36 12 0
37 12 0
38 2 0
39 19 0
40 19 0
41 19 0
42 18 0
43 18 0
44 18 0
45 17 0
46 17 0
47 17 0
48 16 0
49 16 0
50 16 0
51 21 0
52 22 0
52 27 0
53 23 0
54 24 0
54 28 0
55 27 0
56 27 0
57 27 0
58 28 0
59 28 0
60 28 0
GraphDataEnd
GraphEnd
NodeEnd
END_EPT
