BEGIN_EPT
AnchorID: 18218  # ID of the anchor node
RootIndex: 0  # Index of the root node in tree_nodes
NodeCount: 9  # Total number of nodes in the EPT
NodeStart
EPTNodeID: 0
AnchorID: 18218
TreeNodeGraphID: 0
Level: 0
SimplifiedLevel: 0
EditOperation: -1 0 -1 0 0
AccumulatedOpsCount: 0
ChildrenCount: 3
ChildIndices: 1 7 8
CompletedDBGraphIDsCount: 1
CompletedDBGraphID: 14335
GraphStart
GraphDataStart
ID: 0
NumNodes: 66
NumEdges: 138
NodeLabels
2 2 2 2 3 3 3 3 3 4 4 4 4 4 4 4 4 4 4 4 4 4 4 4 4 4 4 4 4 4 4 4 4 5 5 5 5 5 5 5 5 5 5 5 5 5 5 5 5 5 5 5 5 5 5 5 5 5 5 5 5 5 5 5 5 5 
Edges
0 19 0
0 56 0
1 22 0
1 25 0
2 20 0
3 21 0
4 9 0
4 10 0
4 15 0
5 15 0
5 16 0
5 17 0
6 15 0
6 18 0
7 18 0
7 21 0
7 23 0
8 20 0
8 21 0
8 24 0
9 4 0
9 11 0
9 33 0
9 34 0
10 4 0
10 12 0
10 35 0
10 36 0
11 9 0
11 13 0
11 37 0
11 38 0
12 10 0
12 14 0
12 39 0
12 40 0
13 11 0
13 14 0
13 43 0
13 44 0
14 12 0
14 13 0
14 41 0
14 42 0
15 4 0
15 5 0
15 6 0
16 5 0
16 18 0
16 20 0
17 5 0
17 19 0
17 45 0
17 46 0
18 6 0
18 7 0
18 16 0
19 0 0
19 17 0
19 22 0
19 47 0
20 2 0
20 8 0
20 16 0
21 3 0
21 7 0
21 8 0
22 1 0
22 19 0
22 48 0
22 49 0
23 7 0
23 50 0
23 51 0
23 52 0
24 8 0
24 53 0
24 54 0
24 55 0
25 1 0
25 26 0
25 27 0
26 25 0
26 29 0
26 57 0
27 25 0
27 30 0
27 58 0
28 29 0
28 30 0
28 31 0
29 26 0
29 28 0
29 59 0
30 27 0
30 28 0
30 60 0
31 28 0
31 32 0
31 61 0
31 62 0
32 31 0
32 63 0
32 64 0
32 65 0
33 9 0
34 9 0
35 10 0
36 10 0
37 11 0
38 11 0
39 12 0
40 12 0
41 14 0
42 14 0
43 13 0
44 13 0
45 17 0
46 17 0
47 19 0
48 22 0
49 22 0
50 23 0
51 23 0
52 23 0
53 24 0
54 24 0
55 24 0
56 0 0
57 26 0
58 27 0
59 29 0
60 30 0
61 31 0
62 31 0
63 32 0
64 32 0
65 32 0
GraphDataEnd
GraphEnd
NodeEnd
NodeStart
EPTNodeID: 1
AnchorID: 18218
TreeNodeGraphID: 2
Level: 2
SimplifiedLevel: 0
EditOperation: 4 31 62 0 0
AccumulatedOpsCount: 2
AccumulatedOp: 4 31 61 0 0
AccumulatedOp: 4 31 62 0 0
ChildrenCount: 2
ChildIndices: 2 6
CompletedDBGraphIDsCount: 0
GraphStart
GraphDataStart
ID: 2
NumNodes: 66
NumEdges: 134
NodeLabels
2 2 2 2 3 3 3 3 3 4 4 4 4 4 4 4 4 4 4 4 4 4 4 4 4 4 4 4 4 4 4 4 4 5 5 5 5 5 5 5 5 5 5 5 5 5 5 5 5 5 5 5 5 5 5 5 5 5 5 5 5 5 5 5 5 5 
Edges
0 19 0
0 56 0
1 22 0
1 25 0
2 20 0
3 21 0
4 9 0
4 10 0
4 15 0
5 15 0
5 16 0
5 17 0
6 15 0
6 18 0
7 18 0
7 21 0
7 23 0
8 20 0
8 21 0
8 24 0
9 4 0
9 11 0
9 33 0
9 34 0
10 4 0
10 12 0
10 35 0
10 36 0
11 9 0
11 13 0
11 37 0
11 38 0
12 10 0
12 14 0
12 39 0
12 40 0
13 11 0
13 14 0
13 43 0
13 44 0
14 12 0
14 13 0
14 41 0
14 42 0
15 4 0
15 5 0
15 6 0
16 5 0
16 18 0
16 20 0
17 5 0
17 19 0
17 45 0
17 46 0
18 6 0
18 7 0
18 16 0
19 0 0
19 17 0
19 22 0
19 47 0
20 2 0
20 8 0
20 16 0
21 3 0
21 7 0
21 8 0
22 1 0
22 19 0
22 48 0
22 49 0
23 7 0
23 50 0
23 51 0
23 52 0
24 8 0
24 53 0
24 54 0
24 55 0
25 1 0
25 26 0
25 27 0
26 25 0
26 29 0
26 57 0
27 25 0
27 30 0
27 58 0
28 29 0
28 30 0
28 31 0
29 26 0
29 28 0
29 59 0
30 27 0
30 28 0
30 60 0
31 28 0
31 32 0
32 31 0
32 63 0
32 64 0
32 65 0
33 9 0
34 9 0
35 10 0
36 10 0
37 11 0
38 11 0
39 12 0
40 12 0
41 14 0
42 14 0
43 13 0
44 13 0
45 17 0
46 17 0
47 19 0
48 22 0
49 22 0
50 23 0
51 23 0
52 23 0
53 24 0
54 24 0
55 24 0
56 0 0
57 26 0
58 27 0
59 29 0
60 30 0
63 32 0
64 32 0
65 32 0
GraphDataEnd
GraphEnd
NodeEnd
NodeStart
EPTNodeID: 2
AnchorID: 18218
TreeNodeGraphID: 3
Level: 3
SimplifiedLevel: 0
EditOperation: 0 31 0 4 2
AccumulatedOpsCount: 1
AccumulatedOp: 0 31 0 4 2
ChildrenCount: 2
ChildIndices: 3 5
CompletedDBGraphIDsCount: 0
GraphStart
GraphDataStart
ID: 3
NumNodes: 66
NumEdges: 134
NodeLabels
2 2 2 2 3 3 3 3 3 4 4 4 4 4 4 4 4 4 4 4 4 4 4 4 4 4 4 4 4 4 4 2 4 5 5 5 5 5 5 5 5 5 5 5 5 5 5 5 5 5 5 5 5 5 5 5 5 5 5 5 5 5 5 5 5 5 
Edges
0 19 0
0 56 0
1 22 0
1 25 0
2 20 0
3 21 0
4 9 0
4 10 0
4 15 0
5 15 0
5 16 0
5 17 0
6 15 0
6 18 0
7 18 0
7 21 0
7 23 0
8 20 0
8 21 0
8 24 0
9 4 0
9 11 0
9 33 0
9 34 0
10 4 0
10 12 0
10 35 0
10 36 0
11 9 0
11 13 0
11 37 0
11 38 0
12 10 0
12 14 0
12 39 0
12 40 0
13 11 0
13 14 0
13 43 0
13 44 0
14 12 0
14 13 0
14 41 0
14 42 0
15 4 0
15 5 0
15 6 0
16 5 0
16 18 0
16 20 0
17 5 0
17 19 0
17 45 0
17 46 0
18 6 0
18 7 0
18 16 0
19 0 0
19 17 0
19 22 0
19 47 0
20 2 0
20 8 0
20 16 0
21 3 0
21 7 0
21 8 0
22 1 0
22 19 0
22 48 0
22 49 0
23 7 0
23 50 0
23 51 0
23 52 0
24 8 0
24 53 0
24 54 0
24 55 0
25 1 0
25 26 0
25 27 0
26 25 0
26 29 0
26 57 0
27 25 0
27 30 0
27 58 0
28 29 0
28 30 0
28 31 0
29 26 0
29 28 0
29 59 0
30 27 0
30 28 0
30 60 0
31 28 0
31 32 0
32 31 0
32 63 0
32 64 0
32 65 0
33 9 0
34 9 0
35 10 0
36 10 0
37 11 0
38 11 0
39 12 0
40 12 0
41 14 0
42 14 0
43 13 0
44 13 0
45 17 0
46 17 0
47 19 0
48 22 0
49 22 0
50 23 0
51 23 0
52 23 0
53 24 0
54 24 0
55 24 0
56 0 0
57 26 0
58 27 0
59 29 0
60 30 0
63 32 0
64 32 0
65 32 0
GraphDataEnd
GraphEnd
NodeEnd
NodeStart
EPTNodeID: 3
AnchorID: 18218
TreeNodeGraphID: 5
Level: 5
SimplifiedLevel: 0
EditOperation: 1 62 0 5 0
AccumulatedOpsCount: 2
AccumulatedOp: 1 61 0 5 0
AccumulatedOp: 1 62 0 5 0
ChildrenCount: 1
ChildIndices: 4
CompletedDBGraphIDsCount: 2
CompletedDBGraphID: 6415
CompletedDBGraphID: 6617
GraphStart
GraphDataStart
ID: 5
NumNodes: 64
NumEdges: 134
NodeLabels
2 2 2 2 3 3 3 3 3 4 4 4 4 4 4 4 4 4 4 4 4 4 4 4 4 4 4 4 4 4 4 2 4 5 5 5 5 5 5 5 5 5 5 5 5 5 5 5 5 5 5 5 5 5 5 5 5 5 5 5 5 5 5 5 
Edges
0 19 0
0 56 0
1 22 0
1 25 0
2 20 0
3 21 0
4 9 0
4 10 0
4 15 0
5 15 0
5 16 0
5 17 0
6 15 0
6 18 0
7 18 0
7 21 0
7 23 0
8 20 0
8 21 0
8 24 0
9 4 0
9 11 0
9 33 0
9 34 0
10 4 0
10 12 0
10 35 0
10 36 0
11 9 0
11 13 0
11 37 0
11 38 0
12 10 0
12 14 0
12 39 0
12 40 0
13 11 0
13 14 0
13 43 0
13 44 0
14 12 0
14 13 0
14 41 0
14 42 0
15 4 0
15 5 0
15 6 0
16 5 0
16 18 0
16 20 0
17 5 0
17 19 0
17 45 0
17 46 0
18 6 0
18 7 0
18 16 0
19 0 0
19 17 0
19 22 0
19 47 0
20 2 0
20 8 0
20 16 0
21 3 0
21 7 0
21 8 0
22 1 0
22 19 0
22 48 0
22 49 0
23 7 0
23 50 0
23 51 0
23 52 0
24 8 0
24 53 0
24 54 0
24 55 0
25 1 0
25 26 0
25 27 0
26 25 0
26 29 0
26 57 0
27 25 0
27 30 0
27 58 0
28 29 0
28 30 0
28 31 0
29 26 0
29 28 0
29 59 0
30 27 0
30 28 0
30 60 0
31 28 0
31 32 0
32 31 0
32 61 0
32 62 0
32 63 0
33 9 0
34 9 0
35 10 0
36 10 0
37 11 0
38 11 0
39 12 0
40 12 0
41 14 0
42 14 0
43 13 0
44 13 0
45 17 0
46 17 0
47 19 0
48 22 0
49 22 0
50 23 0
51 23 0
52 23 0
53 24 0
54 24 0
55 24 0
56 0 0
57 26 0
58 27 0
59 29 0
60 30 0
61 32 0
62 32 0
63 32 0
GraphDataEnd
GraphEnd
NodeEnd
NodeStart
EPTNodeID: 4
AnchorID: 18218
TreeNodeGraphID: 9
Level: 9
SimplifiedLevel: 0
EditOperation: 5 9 10 0 0
AccumulatedOpsCount: 4
AccumulatedOp: 4 9 34 0 0
AccumulatedOp: 4 4 10 0 0
AccumulatedOp: 5 4 34 0 0
AccumulatedOp: 5 9 10 0 0
ChildrenCount: 0
ChildIndices:
CompletedDBGraphIDsCount: 2
CompletedDBGraphID: 16278
CompletedDBGraphID: 19976
GraphStart
GraphDataStart
ID: 9
NumNodes: 64
NumEdges: 134
NodeLabels
2 2 2 2 3 3 3 3 3 4 4 4 4 4 4 4 4 4 4 4 4 4 4 4 4 4 4 4 4 4 4 2 4 5 5 5 5 5 5 5 5 5 5 5 5 5 5 5 5 5 5 5 5 5 5 5 5 5 5 5 5 5 5 5 
Edges
0 19 0
0 56 0
1 22 0
1 25 0
2 20 0
3 21 0
4 9 0
4 15 0
4 34 0
5 15 0
5 16 0
5 17 0
6 15 0
6 18 0
7 18 0
7 21 0
7 23 0
8 20 0
8 21 0
8 24 0
9 4 0
9 11 0
9 33 0
9 10 0
10 12 0
10 35 0
10 36 0
10 9 0
11 9 0
11 13 0
11 37 0
11 38 0
12 10 0
12 14 0
12 39 0
12 40 0
13 11 0
13 14 0
13 43 0
13 44 0
14 12 0
14 13 0
14 41 0
14 42 0
15 4 0
15 5 0
15 6 0
16 5 0
16 18 0
16 20 0
17 5 0
17 19 0
17 45 0
17 46 0
18 6 0
18 7 0
18 16 0
19 0 0
19 17 0
19 22 0
19 47 0
20 2 0
20 8 0
20 16 0
21 3 0
21 7 0
21 8 0
22 1 0
22 19 0
22 48 0
22 49 0
23 7 0
23 50 0
23 51 0
23 52 0
24 8 0
24 53 0
24 54 0
24 55 0
25 1 0
25 26 0
25 27 0
26 25 0
26 29 0
26 57 0
27 25 0
27 30 0
27 58 0
28 29 0
28 30 0
28 31 0
29 26 0
29 28 0
29 59 0
30 27 0
30 28 0
30 60 0
31 28 0
31 32 0
32 31 0
32 61 0
32 62 0
32 63 0
33 9 0
34 4 0
35 10 0
36 10 0
37 11 0
38 11 0
39 12 0
40 12 0
41 14 0
42 14 0
43 13 0
44 13 0
45 17 0
46 17 0
47 19 0
48 22 0
49 22 0
50 23 0
51 23 0
52 23 0
53 24 0
54 24 0
55 24 0
56 0 0
57 26 0
58 27 0
59 29 0
60 30 0
61 32 0
62 32 0
63 32 0
GraphDataEnd
GraphEnd
NodeEnd
NodeStart
EPTNodeID: 5
AnchorID: 18218
TreeNodeGraphID: 20
Level: 14
SimplifiedLevel: 0
EditOperation: 5 14 61 0 0
AccumulatedOpsCount: 11
AccumulatedOp: 4 12 14 0 0
AccumulatedOp: 2 66 0 0 3
AccumulatedOp: 5 62 66 0 0
AccumulatedOp: 2 67 0 0 5
AccumulatedOp: 4 4 15 0 0
AccumulatedOp: 4 11 13 0 0
AccumulatedOp: 5 15 66 0 0
AccumulatedOp: 5 12 66 0 0
AccumulatedOp: 5 4 13 0 0
AccumulatedOp: 5 11 67 0 0
AccumulatedOp: 5 14 61 0 0
ChildrenCount: 0
ChildIndices:
CompletedDBGraphIDsCount: 2
CompletedDBGraphID: 6485
CompletedDBGraphID: 8853
GraphStart
GraphDataStart
ID: 20
NumNodes: 68
NumEdges: 140
NodeLabels
2 2 2 2 3 3 3 3 3 4 4 4 4 4 4 4 4 4 4 4 4 4 4 4 4 4 4 4 4 4 4 2 4 5 5 5 5 5 5 5 5 5 5 5 5 5 5 5 5 5 5 5 5 5 5 5 5 5 5 5 5 5 5 5 5 5 3 5 
Edges
0 19 0
0 56 0
1 22 0
1 25 0
2 20 0
3 21 0
4 9 0
4 10 0
4 13 0
5 15 0
5 16 0
5 17 0
6 15 0
6 18 0
7 18 0
7 21 0
7 23 0
8 20 0
8 21 0
8 24 0
9 4 0
9 11 0
9 33 0
9 34 0
10 4 0
10 12 0
10 35 0
10 36 0
11 9 0
11 37 0
11 38 0
11 67 0
12 10 0
12 39 0
12 40 0
12 66 0
13 14 0
13 43 0
13 44 0
13 4 0
14 13 0
14 41 0
14 42 0
14 61 0
15 5 0
15 6 0
15 66 0
16 5 0
16 18 0
16 20 0
17 5 0
17 19 0
17 45 0
17 46 0
18 6 0
18 7 0
18 16 0
19 0 0
19 17 0
19 22 0
19 47 0
20 2 0
20 8 0
20 16 0
21 3 0
21 7 0
21 8 0
22 1 0
22 19 0
22 48 0
22 49 0
23 7 0
23 50 0
23 51 0
23 52 0
24 8 0
24 53 0
24 54 0
24 55 0
25 1 0
25 26 0
25 27 0
26 25 0
26 29 0
26 57 0
27 25 0
27 30 0
27 58 0
28 29 0
28 30 0
28 31 0
29 26 0
29 28 0
29 59 0
30 27 0
30 28 0
30 60 0
31 28 0
31 32 0
32 31 0
32 63 0
32 64 0
32 65 0
33 9 0
34 9 0
35 10 0
36 10 0
37 11 0
38 11 0
39 12 0
40 12 0
41 14 0
42 14 0
43 13 0
44 13 0
45 17 0
46 17 0
47 19 0
48 22 0
49 22 0
50 23 0
51 23 0
52 23 0
53 24 0
54 24 0
55 24 0
56 0 0
57 26 0
58 27 0
59 29 0
60 30 0
61 14 0
62 66 0
63 32 0
64 32 0
65 32 0
66 62 0
66 15 0
66 12 0
67 11 0
GraphDataEnd
GraphEnd
NodeEnd
NodeStart
EPTNodeID: 6
AnchorID: 18218
TreeNodeGraphID: 27
Level: 9
SimplifiedLevel: 0
EditOperation: 1 57 0 5 0
AccumulatedOpsCount: 7
AccumulatedOp: 1 61 0 5 0
AccumulatedOp: 0 31 0 4 5
AccumulatedOp: 4 31 32 0 0
AccumulatedOp: 5 26 32 0 0
AccumulatedOp: 1 62 0 5 0
AccumulatedOp: 4 26 57 0 0
AccumulatedOp: 1 57 0 5 0
ChildrenCount: 0
ChildIndices:
CompletedDBGraphIDsCount: 2
CompletedDBGraphID: 1674
CompletedDBGraphID: 17460
GraphStart
GraphDataStart
ID: 27
NumNodes: 63
NumEdges: 132
NodeLabels
2 2 2 2 3 3 3 3 3 4 4 4 4 4 4 4 4 4 4 4 4 4 4 4 4 4 4 4 4 4 4 5 4 5 5 5 5 5 5 5 5 5 5 5 5 5 5 5 5 5 5 5 5 5 5 5 5 5 5 5 5 5 5 
Edges
0 19 0
0 56 0
1 22 0
1 25 0
2 20 0
3 21 0
4 9 0
4 10 0
4 15 0
5 15 0
5 16 0
5 17 0
6 15 0
6 18 0
7 18 0
7 21 0
7 23 0
8 20 0
8 21 0
8 24 0
9 4 0
9 11 0
9 33 0
9 34 0
10 4 0
10 12 0
10 35 0
10 36 0
11 9 0
11 13 0
11 37 0
11 38 0
12 10 0
12 14 0
12 39 0
12 40 0
13 11 0
13 14 0
13 43 0
13 44 0
14 12 0
14 13 0
14 41 0
14 42 0
15 4 0
15 5 0
15 6 0
16 5 0
16 18 0
16 20 0
17 5 0
17 19 0
17 45 0
17 46 0
18 6 0
18 7 0
18 16 0
19 0 0
19 17 0
19 22 0
19 47 0
20 2 0
20 8 0
20 16 0
21 3 0
21 7 0
21 8 0
22 1 0
22 19 0
22 48 0
22 49 0
23 7 0
23 50 0
23 51 0
23 52 0
24 8 0
24 53 0
24 54 0
24 55 0
25 1 0
25 26 0
25 27 0
26 25 0
26 29 0
26 32 0
27 25 0
27 30 0
27 57 0
28 29 0
28 30 0
28 31 0
29 26 0
29 28 0
29 58 0
30 27 0
30 28 0
30 59 0
31 28 0
32 60 0
32 61 0
32 62 0
32 26 0
33 9 0
34 9 0
35 10 0
36 10 0
37 11 0
38 11 0
39 12 0
40 12 0
41 14 0
42 14 0
43 13 0
44 13 0
45 17 0
46 17 0
47 19 0
48 22 0
49 22 0
50 23 0
51 23 0
52 23 0
53 24 0
54 24 0
55 24 0
56 0 0
57 27 0
58 29 0
59 30 0
60 32 0
61 32 0
62 32 0
GraphDataEnd
GraphEnd
NodeEnd
NodeStart
EPTNodeID: 7
AnchorID: 18218
TreeNodeGraphID: 35
Level: 8
SimplifiedLevel: 0
EditOperation: 5 12 13 0 0
AccumulatedOpsCount: 8
AccumulatedOp: 4 12 14 0 0
AccumulatedOp: 4 14 42 0 0
AccumulatedOp: 1 42 0 5 0
AccumulatedOp: 4 14 41 0 0
AccumulatedOp: 1 41 0 5 0
AccumulatedOp: 4 13 14 0 0
AccumulatedOp: 1 14 0 4 0
AccumulatedOp: 5 12 13 0 0
ChildrenCount: 0
ChildIndices:
CompletedDBGraphIDsCount: 2
CompletedDBGraphID: 1189
CompletedDBGraphID: 15940
GraphStart
GraphDataStart
ID: 35
NumNodes: 63
NumEdges: 132
NodeLabels
2 2 2 2 3 3 3 3 3 4 4 4 4 4 4 4 4 4 4 4 4 4 4 4 4 4 4 4 4 4 4 4 5 5 5 5 5 5 5 5 5 5 5 5 5 5 5 5 5 5 5 5 5 5 5 5 5 5 5 5 5 5 5 
Edges
0 18 0
0 53 0
1 21 0
1 24 0
2 19 0
3 20 0
4 9 0
4 10 0
4 14 0
5 14 0
5 15 0
5 16 0
6 14 0
6 17 0
7 17 0
7 20 0
7 22 0
8 19 0
8 20 0
8 23 0
9 4 0
9 11 0
9 32 0
9 33 0
10 4 0
10 12 0
10 34 0
10 35 0
11 9 0
11 13 0
11 36 0
11 37 0
12 10 0
12 38 0
12 39 0
12 13 0
13 11 0
13 40 0
13 41 0
13 12 0
14 4 0
14 5 0
14 6 0
15 5 0
15 17 0
15 19 0
16 5 0
16 18 0
16 42 0
16 43 0
17 6 0
17 7 0
17 15 0
18 0 0
18 16 0
18 21 0
18 44 0
19 2 0
19 8 0
19 15 0
20 3 0
20 7 0
20 8 0
21 1 0
21 18 0
21 45 0
21 46 0
22 7 0
22 47 0
22 48 0
22 49 0
23 8 0
23 50 0
23 51 0
23 52 0
24 1 0
24 25 0
24 26 0
25 24 0
25 28 0
25 54 0
26 24 0
26 29 0
26 55 0
27 28 0
27 29 0
27 30 0
28 25 0
28 27 0
28 56 0
29 26 0
29 27 0
29 57 0
30 27 0
30 31 0
30 58 0
30 59 0
31 30 0
31 60 0
31 61 0
31 62 0
32 9 0
33 9 0
34 10 0
35 10 0
36 11 0
37 11 0
38 12 0
39 12 0
40 13 0
41 13 0
42 16 0
43 16 0
44 18 0
45 21 0
46 21 0
47 22 0
48 22 0
49 22 0
50 23 0
51 23 0
52 23 0
53 0 0
54 25 0
55 26 0
56 28 0
57 29 0
58 30 0
59 30 0
60 31 0
61 31 0
62 31 0
GraphDataEnd
GraphEnd
NodeEnd
NodeStart
EPTNodeID: 8
AnchorID: 18218
TreeNodeGraphID: 47
Level: 12
SimplifiedLevel: 0
EditOperation: 5 8 44 0 0
AccumulatedOpsCount: 12
AccumulatedOp: 4 13 14 0 0
AccumulatedOp: 0 13 0 4 3
AccumulatedOp: 4 4 15 0 0
AccumulatedOp: 5 10 24 0 0
AccumulatedOp: 5 13 15 0 0
AccumulatedOp: 2 66 0 0 5
AccumulatedOp: 4 8 24 0 0
AccumulatedOp: 4 10 12 0 0
AccumulatedOp: 5 4 12 0 0
AccumulatedOp: 4 13 44 0 0
AccumulatedOp: 5 14 66 0 0
AccumulatedOp: 5 8 44 0 0
ChildrenCount: 0
ChildIndices:
CompletedDBGraphIDsCount: 2
CompletedDBGraphID: 17620
CompletedDBGraphID: 5551
GraphStart
GraphDataStart
ID: 47
NumNodes: 67
NumEdges: 138
NodeLabels
2 2 2 2 3 3 3 3 3 4 4 4 4 3 4 4 4 4 4 4 4 4 4 4 4 4 4 4 4 4 4 4 4 5 5 5 5 5 5 5 5 5 5 5 5 5 5 5 5 5 5 5 5 5 5 5 5 5 5 5 5 5 5 5 5 5 5 
Edges
0 19 0
0 56 0
1 22 0
1 25 0
2 20 0
3 21 0
4 9 0
4 10 0
4 12 0
5 15 0
5 16 0
5 17 0
6 15 0
6 18 0
7 18 0
7 21 0
7 23 0
8 20 0
8 21 0
8 44 0
9 4 0
9 11 0
9 33 0
9 34 0
10 4 0
10 35 0
10 36 0
10 24 0
11 9 0
11 13 0
11 37 0
11 38 0
12 14 0
12 39 0
12 40 0
12 4 0
13 11 0
13 43 0
13 15 0
14 12 0
14 41 0
14 42 0
14 66 0
15 5 0
15 6 0
15 13 0
16 5 0
16 18 0
16 20 0
17 5 0
17 19 0
17 45 0
17 46 0
18 6 0
18 7 0
18 16 0
19 0 0
19 17 0
19 22 0
19 47 0
20 2 0
20 8 0
20 16 0
21 3 0
21 7 0
21 8 0
22 1 0
22 19 0
22 48 0
22 49 0
23 7 0
23 50 0
23 51 0
23 52 0
24 53 0
24 54 0
24 55 0
24 10 0
25 1 0
25 26 0
25 27 0
26 25 0
26 29 0
26 57 0
27 25 0
27 30 0
27 58 0
28 29 0
28 30 0
28 31 0
29 26 0
29 28 0
29 59 0
30 27 0
30 28 0
30 60 0
31 28 0
31 32 0
31 61 0
31 62 0
32 31 0
32 63 0
32 64 0
32 65 0
33 9 0
34 9 0
35 10 0
36 10 0
37 11 0
38 11 0
39 12 0
40 12 0
41 14 0
42 14 0
43 13 0
44 8 0
45 17 0
46 17 0
47 19 0
48 22 0
49 22 0
50 23 0
51 23 0
52 23 0
53 24 0
54 24 0
55 24 0
56 0 0
57 26 0
58 27 0
59 29 0
60 30 0
61 31 0
62 31 0
63 32 0
64 32 0
65 32 0
66 14 0
GraphDataEnd
GraphEnd
NodeEnd
END_EPT
