BEGIN_EPT
AnchorID: 10207  # ID of the anchor node
RootIndex: 0  # Index of the root node in tree_nodes
NodeCount: 29  # Total number of nodes in the EPT
NodeStart
EPTNodeID: 0
AnchorID: 10207
TreeNodeGraphID: 0
Level: 0
SimplifiedLevel: 0
EditOperation: -1 0 -1 0 0
AccumulatedOpsCount: 0
ChildrenCount: 5
ChildIndices: 1 24 25 27 28
CompletedDBGraphIDsCount: 0
GraphStart
GraphDataStart
ID: 0
NumNodes: 56
NumEdges: 118
NodeLabels
2 2 2 3 3 3 3 3 3 4 4 4 4 4 4 4 4 4 4 4 4 4 4 4 4 4 4 4 4 4 5 5 5 5 5 5 5 5 5 5 5 5 5 5 5 5 5 5 5 5 5 5 5 5 5 5 
Edges
0 17 0
1 20 0
2 22 0
3 12 0
3 13 0
3 14 0
4 14 0
4 15 0
4 16 0
5 14 0
5 18 0
6 18 0
6 22 0
6 23 0
7 17 0
7 45 0
7 46 0
8 20 0
8 22 0
8 47 0
9 10 0
9 11 0
9 17 0
9 30 0
10 9 0
10 13 0
10 33 0
10 34 0
11 9 0
11 12 0
11 31 0
11 32 0
12 3 0
12 11 0
12 35 0
12 36 0
13 3 0
13 10 0
13 37 0
13 38 0
14 3 0
14 4 0
14 5 0
15 4 0
15 19 0
15 39 0
15 40 0
16 4 0
16 18 0
16 20 0
17 0 0
17 7 0
17 9 0
18 5 0
18 6 0
18 16 0
19 15 0
19 21 0
19 41 0
19 42 0
20 1 0
20 8 0
20 16 0
21 19 0
21 24 0
21 43 0
21 44 0
22 2 0
22 6 0
22 8 0
23 6 0
23 48 0
23 49 0
23 50 0
24 21 0
24 25 0
24 26 0
25 24 0
25 27 0
25 51 0
26 24 0
26 28 0
26 52 0
27 25 0
27 29 0
27 53 0
28 26 0
28 29 0
28 54 0
29 27 0
29 28 0
29 55 0
30 9 0
31 11 0
32 11 0
33 10 0
34 10 0
35 12 0
36 12 0
37 13 0
38 13 0
39 15 0
40 15 0
41 19 0
42 19 0
43 21 0
44 21 0
45 7 0
46 7 0
47 8 0
48 23 0
49 23 0
50 23 0
51 25 0
52 26 0
53 27 0
54 28 0
55 29 0
GraphDataEnd
GraphEnd
NodeEnd
NodeStart
EPTNodeID: 1
AnchorID: 10207
TreeNodeGraphID: 1
Level: 1
SimplifiedLevel: 0
EditOperation: 0 7 0 3 4
AccumulatedOpsCount: 1
AccumulatedOp: 0 7 0 3 4
ChildrenCount: 3
ChildIndices: 2 20 21
CompletedDBGraphIDsCount: 0
GraphStart
GraphDataStart
ID: 1
NumNodes: 56
NumEdges: 118
NodeLabels
2 2 2 3 3 3 3 4 3 4 4 4 4 4 4 4 4 4 4 4 4 4 4 4 4 4 4 4 4 4 5 5 5 5 5 5 5 5 5 5 5 5 5 5 5 5 5 5 5 5 5 5 5 5 5 5 
Edges
0 17 0
1 20 0
2 22 0
3 12 0
3 13 0
3 14 0
4 14 0
4 15 0
4 16 0
5 14 0
5 18 0
6 18 0
6 22 0
6 23 0
7 17 0
7 45 0
7 46 0
8 20 0
8 22 0
8 47 0
9 10 0
9 11 0
9 17 0
9 30 0
10 9 0
10 13 0
10 33 0
10 34 0
11 9 0
11 12 0
11 31 0
11 32 0
12 3 0
12 11 0
12 35 0
12 36 0
13 3 0
13 10 0
13 37 0
13 38 0
14 3 0
14 4 0
14 5 0
15 4 0
15 19 0
15 39 0
15 40 0
16 4 0
16 18 0
16 20 0
17 0 0
17 7 0
17 9 0
18 5 0
18 6 0
18 16 0
19 15 0
19 21 0
19 41 0
19 42 0
20 1 0
20 8 0
20 16 0
21 19 0
21 24 0
21 43 0
21 44 0
22 2 0
22 6 0
22 8 0
23 6 0
23 48 0
23 49 0
23 50 0
24 21 0
24 25 0
24 26 0
25 24 0
25 27 0
25 51 0
26 24 0
26 28 0
26 52 0
27 25 0
27 29 0
27 53 0
28 26 0
28 29 0
28 54 0
29 27 0
29 28 0
29 55 0
30 9 0
31 11 0
32 11 0
33 10 0
34 10 0
35 12 0
36 12 0
37 13 0
38 13 0
39 15 0
40 15 0
41 19 0
42 19 0
43 21 0
44 21 0
45 7 0
46 7 0
47 8 0
48 23 0
49 23 0
50 23 0
51 25 0
52 26 0
53 27 0
54 28 0
55 29 0
GraphDataEnd
GraphEnd
NodeEnd
NodeStart
EPTNodeID: 2
AnchorID: 10207
TreeNodeGraphID: 2
Level: 2
SimplifiedLevel: 0
EditOperation: 0 9 0 4 3
AccumulatedOpsCount: 1
AccumulatedOp: 0 9 0 4 3
ChildrenCount: 2
ChildIndices: 3 19
CompletedDBGraphIDsCount: 0
GraphStart
GraphDataStart
ID: 2
NumNodes: 56
NumEdges: 118
NodeLabels
2 2 2 3 3 3 3 4 3 3 4 4 4 4 4 4 4 4 4 4 4 4 4 4 4 4 4 4 4 4 5 5 5 5 5 5 5 5 5 5 5 5 5 5 5 5 5 5 5 5 5 5 5 5 5 5 
Edges
0 17 0
1 20 0
2 22 0
3 12 0
3 13 0
3 14 0
4 14 0
4 15 0
4 16 0
5 14 0
5 18 0
6 18 0
6 22 0
6 23 0
7 17 0
7 45 0
7 46 0
8 20 0
8 22 0
8 47 0
9 10 0
9 11 0
9 17 0
9 30 0
10 9 0
10 13 0
10 33 0
10 34 0
11 9 0
11 12 0
11 31 0
11 32 0
12 3 0
12 11 0
12 35 0
12 36 0
13 3 0
13 10 0
13 37 0
13 38 0
14 3 0
14 4 0
14 5 0
15 4 0
15 19 0
15 39 0
15 40 0
16 4 0
16 18 0
16 20 0
17 0 0
17 7 0
17 9 0
18 5 0
18 6 0
18 16 0
19 15 0
19 21 0
19 41 0
19 42 0
20 1 0
20 8 0
20 16 0
21 19 0
21 24 0
21 43 0
21 44 0
22 2 0
22 6 0
22 8 0
23 6 0
23 48 0
23 49 0
23 50 0
24 21 0
24 25 0
24 26 0
25 24 0
25 27 0
25 51 0
26 24 0
26 28 0
26 52 0
27 25 0
27 29 0
27 53 0
28 26 0
28 29 0
28 54 0
29 27 0
29 28 0
29 55 0
30 9 0
31 11 0
32 11 0
33 10 0
34 10 0
35 12 0
36 12 0
37 13 0
38 13 0
39 15 0
40 15 0
41 19 0
42 19 0
43 21 0
44 21 0
45 7 0
46 7 0
47 8 0
48 23 0
49 23 0
50 23 0
51 25 0
52 26 0
53 27 0
54 28 0
55 29 0
GraphDataEnd
GraphEnd
NodeEnd
NodeStart
EPTNodeID: 3
AnchorID: 10207
TreeNodeGraphID: 3
Level: 3
SimplifiedLevel: 0
EditOperation: 4 9 30 0 0
AccumulatedOpsCount: 1
AccumulatedOp: 4 9 30 0 0
ChildrenCount: 2
ChildIndices: 4 14
CompletedDBGraphIDsCount: 0
GraphStart
GraphDataStart
ID: 3
NumNodes: 56
NumEdges: 116
NodeLabels
2 2 2 3 3 3 3 4 3 3 4 4 4 4 4 4 4 4 4 4 4 4 4 4 4 4 4 4 4 4 5 5 5 5 5 5 5 5 5 5 5 5 5 5 5 5 5 5 5 5 5 5 5 5 5 5 
Edges
0 17 0
1 20 0
2 22 0
3 12 0
3 13 0
3 14 0
4 14 0
4 15 0
4 16 0
5 14 0
5 18 0
6 18 0
6 22 0
6 23 0
7 17 0
7 45 0
7 46 0
8 20 0
8 22 0
8 47 0
9 10 0
9 11 0
9 17 0
10 9 0
10 13 0
10 33 0
10 34 0
11 9 0
11 12 0
11 31 0
11 32 0
12 3 0
12 11 0
12 35 0
12 36 0
13 3 0
13 10 0
13 37 0
13 38 0
14 3 0
14 4 0
14 5 0
15 4 0
15 19 0
15 39 0
15 40 0
16 4 0
16 18 0
16 20 0
17 0 0
17 7 0
17 9 0
18 5 0
18 6 0
18 16 0
19 15 0
19 21 0
19 41 0
19 42 0
20 1 0
20 8 0
20 16 0
21 19 0
21 24 0
21 43 0
21 44 0
22 2 0
22 6 0
22 8 0
23 6 0
23 48 0
23 49 0
23 50 0
24 21 0
24 25 0
24 26 0
25 24 0
25 27 0
25 51 0
26 24 0
26 28 0
26 52 0
27 25 0
27 29 0
27 53 0
28 26 0
28 29 0
28 54 0
29 27 0
29 28 0
29 55 0
31 11 0
32 11 0
33 10 0
34 10 0
35 12 0
36 12 0
37 13 0
38 13 0
39 15 0
40 15 0
41 19 0
42 19 0
43 21 0
44 21 0
45 7 0
46 7 0
47 8 0
48 23 0
49 23 0
50 23 0
51 25 0
52 26 0
53 27 0
54 28 0
55 29 0
GraphDataEnd
GraphEnd
NodeEnd
NodeStart
EPTNodeID: 4
AnchorID: 10207
TreeNodeGraphID: 4
Level: 4
SimplifiedLevel: 0
EditOperation: 0 0 0 2 5
AccumulatedOpsCount: 1
AccumulatedOp: 0 0 0 2 5
ChildrenCount: 3
ChildIndices: 5 12 13
CompletedDBGraphIDsCount: 0
GraphStart
GraphDataStart
ID: 4
NumNodes: 56
NumEdges: 116
NodeLabels
5 2 2 3 3 3 3 4 3 3 4 4 4 4 4 4 4 4 4 4 4 4 4 4 4 4 4 4 4 4 5 5 5 5 5 5 5 5 5 5 5 5 5 5 5 5 5 5 5 5 5 5 5 5 5 5 
Edges
0 17 0
1 20 0
2 22 0
3 12 0
3 13 0
3 14 0
4 14 0
4 15 0
4 16 0
5 14 0
5 18 0
6 18 0
6 22 0
6 23 0
7 17 0
7 45 0
7 46 0
8 20 0
8 22 0
8 47 0
9 10 0
9 11 0
9 17 0
10 9 0
10 13 0
10 33 0
10 34 0
11 9 0
11 12 0
11 31 0
11 32 0
12 3 0
12 11 0
12 35 0
12 36 0
13 3 0
13 10 0
13 37 0
13 38 0
14 3 0
14 4 0
14 5 0
15 4 0
15 19 0
15 39 0
15 40 0
16 4 0
16 18 0
16 20 0
17 0 0
17 7 0
17 9 0
18 5 0
18 6 0
18 16 0
19 15 0
19 21 0
19 41 0
19 42 0
20 1 0
20 8 0
20 16 0
21 19 0
21 24 0
21 43 0
21 44 0
22 2 0
22 6 0
22 8 0
23 6 0
23 48 0
23 49 0
23 50 0
24 21 0
24 25 0
24 26 0
25 24 0
25 27 0
25 51 0
26 24 0
26 28 0
26 52 0
27 25 0
27 29 0
27 53 0
28 26 0
28 29 0
28 54 0
29 27 0
29 28 0
29 55 0
31 11 0
32 11 0
33 10 0
34 10 0
35 12 0
36 12 0
37 13 0
38 13 0
39 15 0
40 15 0
41 19 0
42 19 0
43 21 0
44 21 0
45 7 0
46 7 0
47 8 0
48 23 0
49 23 0
50 23 0
51 25 0
52 26 0
53 27 0
54 28 0
55 29 0
GraphDataEnd
GraphEnd
NodeEnd
NodeStart
EPTNodeID: 5
AnchorID: 10207
TreeNodeGraphID: 5
Level: 5
SimplifiedLevel: 0
EditOperation: 0 3 0 3 6
AccumulatedOpsCount: 1
AccumulatedOp: 0 3 0 3 6
ChildrenCount: 2
ChildIndices: 6 11
CompletedDBGraphIDsCount: 0
GraphStart
GraphDataStart
ID: 5
NumNodes: 56
NumEdges: 116
NodeLabels
5 2 2 6 3 3 3 4 3 3 4 4 4 4 4 4 4 4 4 4 4 4 4 4 4 4 4 4 4 4 5 5 5 5 5 5 5 5 5 5 5 5 5 5 5 5 5 5 5 5 5 5 5 5 5 5 
Edges
0 17 0
1 20 0
2 22 0
3 12 0
3 13 0
3 14 0
4 14 0
4 15 0
4 16 0
5 14 0
5 18 0
6 18 0
6 22 0
6 23 0
7 17 0
7 45 0
7 46 0
8 20 0
8 22 0
8 47 0
9 10 0
9 11 0
9 17 0
10 9 0
10 13 0
10 33 0
10 34 0
11 9 0
11 12 0
11 31 0
11 32 0
12 3 0
12 11 0
12 35 0
12 36 0
13 3 0
13 10 0
13 37 0
13 38 0
14 3 0
14 4 0
14 5 0
15 4 0
15 19 0
15 39 0
15 40 0
16 4 0
16 18 0
16 20 0
17 0 0
17 7 0
17 9 0
18 5 0
18 6 0
18 16 0
19 15 0
19 21 0
19 41 0
19 42 0
20 1 0
20 8 0
20 16 0
21 19 0
21 24 0
21 43 0
21 44 0
22 2 0
22 6 0
22 8 0
23 6 0
23 48 0
23 49 0
23 50 0
24 21 0
24 25 0
24 26 0
25 24 0
25 27 0
25 51 0
26 24 0
26 28 0
26 52 0
27 25 0
27 29 0
27 53 0
28 26 0
28 29 0
28 54 0
29 27 0
29 28 0
29 55 0
31 11 0
32 11 0
33 10 0
34 10 0
35 12 0
36 12 0
37 13 0
38 13 0
39 15 0
40 15 0
41 19 0
42 19 0
43 21 0
44 21 0
45 7 0
46 7 0
47 8 0
48 23 0
49 23 0
50 23 0
51 25 0
52 26 0
53 27 0
54 28 0
55 29 0
GraphDataEnd
GraphEnd
NodeEnd
NodeStart
EPTNodeID: 6
AnchorID: 10207
TreeNodeGraphID: 6
Level: 6
SimplifiedLevel: 0
EditOperation: 4 19 21 0 0
AccumulatedOpsCount: 1
AccumulatedOp: 4 19 21 0 0
ChildrenCount: 2
ChildIndices: 7 10
CompletedDBGraphIDsCount: 0
GraphStart
GraphDataStart
ID: 6
NumNodes: 56
NumEdges: 114
NodeLabels
5 2 2 6 3 3 3 4 3 3 4 4 4 4 4 4 4 4 4 4 4 4 4 4 4 4 4 4 4 4 5 5 5 5 5 5 5 5 5 5 5 5 5 5 5 5 5 5 5 5 5 5 5 5 5 5 
Edges
0 17 0
1 20 0
2 22 0
3 12 0
3 13 0
3 14 0
4 14 0
4 15 0
4 16 0
5 14 0
5 18 0
6 18 0
6 22 0
6 23 0
7 17 0
7 45 0
7 46 0
8 20 0
8 22 0
8 47 0
9 10 0
9 11 0
9 17 0
10 9 0
10 13 0
10 33 0
10 34 0
11 9 0
11 12 0
11 31 0
11 32 0
12 3 0
12 11 0
12 35 0
12 36 0
13 3 0
13 10 0
13 37 0
13 38 0
14 3 0
14 4 0
14 5 0
15 4 0
15 19 0
15 39 0
15 40 0
16 4 0
16 18 0
16 20 0
17 0 0
17 7 0
17 9 0
18 5 0
18 6 0
18 16 0
19 15 0
19 41 0
19 42 0
20 1 0
20 8 0
20 16 0
21 24 0
21 43 0
21 44 0
22 2 0
22 6 0
22 8 0
23 6 0
23 48 0
23 49 0
23 50 0
24 21 0
24 25 0
24 26 0
25 24 0
25 27 0
25 51 0
26 24 0
26 28 0
26 52 0
27 25 0
27 29 0
27 53 0
28 26 0
28 29 0
28 54 0
29 27 0
29 28 0
29 55 0
31 11 0
32 11 0
33 10 0
34 10 0
35 12 0
36 12 0
37 13 0
38 13 0
39 15 0
40 15 0
41 19 0
42 19 0
43 21 0
44 21 0
45 7 0
46 7 0
47 8 0
48 23 0
49 23 0
50 23 0
51 25 0
52 26 0
53 27 0
54 28 0
55 29 0
GraphDataEnd
GraphEnd
NodeEnd
NodeStart
EPTNodeID: 7
AnchorID: 10207
TreeNodeGraphID: 11
Level: 11
SimplifiedLevel: 0
EditOperation: 5 21 30 0 0
AccumulatedOpsCount: 5
AccumulatedOp: 4 3 13 0 0
AccumulatedOp: 4 15 19 0 0
AccumulatedOp: 5 7 19 0 0
AccumulatedOp: 5 13 19 0 0
AccumulatedOp: 5 21 30 0 0
ChildrenCount: 2
ChildIndices: 8 9
CompletedDBGraphIDsCount: 0
GraphStart
GraphDataStart
ID: 11
NumNodes: 56
NumEdges: 116
NodeLabels
5 2 2 6 3 3 3 4 3 3 4 4 4 4 4 4 4 4 4 4 4 4 4 4 4 4 4 4 4 4 5 5 5 5 5 5 5 5 5 5 5 5 5 5 5 5 5 5 5 5 5 5 5 5 5 5 
Edges
0 17 0
1 20 0
2 22 0
3 12 0
3 14 0
4 14 0
4 15 0
4 16 0
5 14 0
5 18 0
6 18 0
6 22 0
6 23 0
7 17 0
7 45 0
7 46 0
7 19 0
8 20 0
8 22 0
8 47 0
9 10 0
9 11 0
9 17 0
10 9 0
10 13 0
10 33 0
10 34 0
11 9 0
11 12 0
11 31 0
11 32 0
12 3 0
12 11 0
12 35 0
12 36 0
13 10 0
13 37 0
13 38 0
13 19 0
14 3 0
14 4 0
14 5 0
15 4 0
15 39 0
15 40 0
16 4 0
16 18 0
16 20 0
17 0 0
17 7 0
17 9 0
18 5 0
18 6 0
18 16 0
19 41 0
19 42 0
19 7 0
19 13 0
20 1 0
20 8 0
20 16 0
21 24 0
21 43 0
21 44 0
21 30 0
22 2 0
22 6 0
22 8 0
23 6 0
23 48 0
23 49 0
23 50 0
24 21 0
24 25 0
24 26 0
25 24 0
25 27 0
25 51 0
26 24 0
26 28 0
26 52 0
27 25 0
27 29 0
27 53 0
28 26 0
28 29 0
28 54 0
29 27 0
29 28 0
29 55 0
30 21 0
31 11 0
32 11 0
33 10 0
34 10 0
35 12 0
36 12 0
37 13 0
38 13 0
39 15 0
40 15 0
41 19 0
42 19 0
43 21 0
44 21 0
45 7 0
46 7 0
47 8 0
48 23 0
49 23 0
50 23 0
51 25 0
52 26 0
53 27 0
54 28 0
55 29 0
GraphDataEnd
GraphEnd
NodeEnd
NodeStart
EPTNodeID: 8
AnchorID: 10207
TreeNodeGraphID: 14
Level: 14
SimplifiedLevel: 0
EditOperation: 5 17 53 0 0
AccumulatedOpsCount: 3
AccumulatedOp: 4 27 53 0 0
AccumulatedOp: 5 15 27 0 0
AccumulatedOp: 5 17 53 0 0
ChildrenCount: 0
ChildIndices:
CompletedDBGraphIDsCount: 1
CompletedDBGraphID: 12383
GraphStart
GraphDataStart
ID: 14
NumNodes: 56
NumEdges: 118
NodeLabels
5 2 2 6 3 3 3 4 3 3 4 4 4 4 4 4 4 4 4 4 4 4 4 4 4 4 4 4 4 4 5 5 5 5 5 5 5 5 5 5 5 5 5 5 5 5 5 5 5 5 5 5 5 5 5 5 
Edges
0 17 0
1 20 0
2 22 0
3 12 0
3 14 0
4 14 0
4 15 0
4 16 0
5 14 0
5 18 0
6 18 0
6 22 0
6 23 0
7 17 0
7 45 0
7 46 0
7 19 0
8 20 0
8 22 0
8 47 0
9 10 0
9 11 0
9 17 0
10 9 0
10 13 0
10 33 0
10 34 0
11 9 0
11 12 0
11 31 0
11 32 0
12 3 0
12 11 0
12 35 0
12 36 0
13 10 0
13 37 0
13 38 0
13 19 0
14 3 0
14 4 0
14 5 0
15 4 0
15 39 0
15 40 0
15 27 0
16 4 0
16 18 0
16 20 0
17 0 0
17 7 0
17 9 0
17 53 0
18 5 0
18 6 0
18 16 0
19 41 0
19 42 0
19 7 0
19 13 0
20 1 0
20 8 0
20 16 0
21 24 0
21 43 0
21 44 0
21 30 0
22 2 0
22 6 0
22 8 0
23 6 0
23 48 0
23 49 0
23 50 0
24 21 0
24 25 0
24 26 0
25 24 0
25 27 0
25 51 0
26 24 0
26 28 0
26 52 0
27 25 0
27 29 0
27 15 0
28 26 0
28 29 0
28 54 0
29 27 0
29 28 0
29 55 0
30 21 0
31 11 0
32 11 0
33 10 0
34 10 0
35 12 0
36 12 0
37 13 0
38 13 0
39 15 0
40 15 0
41 19 0
42 19 0
43 21 0
44 21 0
45 7 0
46 7 0
47 8 0
48 23 0
49 23 0
50 23 0
51 25 0
52 26 0
53 17 0
54 28 0
55 29 0
GraphDataEnd
GraphEnd
NodeEnd
NodeStart
EPTNodeID: 9
AnchorID: 10207
TreeNodeGraphID: 17
Level: 14
SimplifiedLevel: 0
EditOperation: 5 15 29 0 0
AccumulatedOpsCount: 3
AccumulatedOp: 5 17 55 0 0
AccumulatedOp: 4 29 55 0 0
AccumulatedOp: 5 15 29 0 0
ChildrenCount: 0
ChildIndices:
CompletedDBGraphIDsCount: 1
CompletedDBGraphID: 13286
GraphStart
GraphDataStart
ID: 17
NumNodes: 56
NumEdges: 118
NodeLabels
5 2 2 6 3 3 3 4 3 3 4 4 4 4 4 4 4 4 4 4 4 4 4 4 4 4 4 4 4 4 5 5 5 5 5 5 5 5 5 5 5 5 5 5 5 5 5 5 5 5 5 5 5 5 5 5 
Edges
0 17 0
1 20 0
2 22 0
3 12 0
3 14 0
4 14 0
4 15 0
4 16 0
5 14 0
5 18 0
6 18 0
6 22 0
6 23 0
7 17 0
7 45 0
7 46 0
7 19 0
8 20 0
8 22 0
8 47 0
9 10 0
9 11 0
9 17 0
10 9 0
10 13 0
10 33 0
10 34 0
11 9 0
11 12 0
11 31 0
11 32 0
12 3 0
12 11 0
12 35 0
12 36 0
13 10 0
13 37 0
13 38 0
13 19 0
14 3 0
14 4 0
14 5 0
15 4 0
15 39 0
15 40 0
15 29 0
16 4 0
16 18 0
16 20 0
17 0 0
17 7 0
17 9 0
17 55 0
18 5 0
18 6 0
18 16 0
19 41 0
19 42 0
19 7 0
19 13 0
20 1 0
20 8 0
20 16 0
21 24 0
21 43 0
21 44 0
21 30 0
22 2 0
22 6 0
22 8 0
23 6 0
23 48 0
23 49 0
23 50 0
24 21 0
24 25 0
24 26 0
25 24 0
25 27 0
25 51 0
26 24 0
26 28 0
26 52 0
27 25 0
27 29 0
27 53 0
28 26 0
28 29 0
28 54 0
29 27 0
29 28 0
29 15 0
30 21 0
31 11 0
32 11 0
33 10 0
34 10 0
35 12 0
36 12 0
37 13 0
38 13 0
39 15 0
40 15 0
41 19 0
42 19 0
43 21 0
44 21 0
45 7 0
46 7 0
47 8 0
48 23 0
49 23 0
50 23 0
51 25 0
52 26 0
53 27 0
54 28 0
55 17 0
GraphDataEnd
GraphEnd
NodeEnd
NodeStart
EPTNodeID: 10
AnchorID: 10207
TreeNodeGraphID: 23
Level: 12
SimplifiedLevel: 0
EditOperation: 5 19 24 0 0
AccumulatedOpsCount: 6
AccumulatedOp: 4 3 12 0 0
AccumulatedOp: 4 21 24 0 0
AccumulatedOp: 5 17 30 0 0
AccumulatedOp: 5 7 21 0 0
AccumulatedOp: 5 12 21 0 0
AccumulatedOp: 5 19 24 0 0
ChildrenCount: 0
ChildIndices:
CompletedDBGraphIDsCount: 1
CompletedDBGraphID: 23
GraphStart
GraphDataStart
ID: 23
NumNodes: 56
NumEdges: 118
NodeLabels
5 2 2 6 3 3 3 4 3 3 4 4 4 4 4 4 4 4 4 4 4 4 4 4 4 4 4 4 4 4 5 5 5 5 5 5 5 5 5 5 5 5 5 5 5 5 5 5 5 5 5 5 5 5 5 5 
Edges
0 17 0
1 20 0
2 22 0
3 13 0
3 14 0
4 14 0
4 15 0
4 16 0
5 14 0
5 18 0
6 18 0
6 22 0
6 23 0
7 17 0
7 45 0
7 46 0
7 21 0
8 20 0
8 22 0
8 47 0
9 10 0
9 11 0
9 17 0
10 9 0
10 13 0
10 33 0
10 34 0
11 9 0
11 12 0
11 31 0
11 32 0
12 11 0
12 35 0
12 36 0
12 21 0
13 3 0
13 10 0
13 37 0
13 38 0
14 3 0
14 4 0
14 5 0
15 4 0
15 19 0
15 39 0
15 40 0
16 4 0
16 18 0
16 20 0
17 0 0
17 7 0
17 9 0
17 30 0
18 5 0
18 6 0
18 16 0
19 15 0
19 41 0
19 42 0
19 24 0
20 1 0
20 8 0
20 16 0
21 43 0
21 44 0
21 7 0
21 12 0
22 2 0
22 6 0
22 8 0
23 6 0
23 48 0
23 49 0
23 50 0
24 25 0
24 26 0
24 19 0
25 24 0
25 27 0
25 51 0
26 24 0
26 28 0
26 52 0
27 25 0
27 29 0
27 53 0
28 26 0
28 29 0
28 54 0
29 27 0
29 28 0
29 55 0
30 17 0
31 11 0
32 11 0
33 10 0
34 10 0
35 12 0
36 12 0
37 13 0
38 13 0
39 15 0
40 15 0
41 19 0
42 19 0
43 21 0
44 21 0
45 7 0
46 7 0
47 8 0
48 23 0
49 23 0
50 23 0
51 25 0
52 26 0
53 27 0
54 28 0
55 29 0
GraphDataEnd
GraphEnd
NodeEnd
NodeStart
EPTNodeID: 11
AnchorID: 10207
TreeNodeGraphID: 28
Level: 10
SimplifiedLevel: 0
EditOperation: 5 7 56 0 0
AccumulatedOpsCount: 5
AccumulatedOp: 4 3 12 0 0
AccumulatedOp: 2 56 0 0 2
AccumulatedOp: 5 12 56 0 0
AccumulatedOp: 5 17 30 0 0
AccumulatedOp: 5 7 56 0 0
ChildrenCount: 0
ChildIndices:
CompletedDBGraphIDsCount: 1
CompletedDBGraphID: 5662
GraphStart
GraphDataStart
ID: 28
NumNodes: 57
NumEdges: 120
NodeLabels
5 2 2 6 3 3 3 4 3 3 4 4 4 4 4 4 4 4 4 4 4 4 4 4 4 4 4 4 4 4 5 5 5 5 5 5 5 5 5 5 5 5 5 5 5 5 5 5 5 5 5 5 5 5 5 5 2 
Edges
0 17 0
1 20 0
2 22 0
3 13 0
3 14 0
4 14 0
4 15 0
4 16 0
5 14 0
5 18 0
6 18 0
6 22 0
6 23 0
7 17 0
7 45 0
7 46 0
7 56 0
8 20 0
8 22 0
8 47 0
9 10 0
9 11 0
9 17 0
10 9 0
10 13 0
10 33 0
10 34 0
11 9 0
11 12 0
11 31 0
11 32 0
12 11 0
12 35 0
12 36 0
12 56 0
13 3 0
13 10 0
13 37 0
13 38 0
14 3 0
14 4 0
14 5 0
15 4 0
15 19 0
15 39 0
15 40 0
16 4 0
16 18 0
16 20 0
17 0 0
17 7 0
17 9 0
17 30 0
18 5 0
18 6 0
18 16 0
19 15 0
19 21 0
19 41 0
19 42 0
20 1 0
20 8 0
20 16 0
21 19 0
21 24 0
21 43 0
21 44 0
22 2 0
22 6 0
22 8 0
23 6 0
23 48 0
23 49 0
23 50 0
24 21 0
24 25 0
24 26 0
25 24 0
25 27 0
25 51 0
26 24 0
26 28 0
26 52 0
27 25 0
27 29 0
27 53 0
28 26 0
28 29 0
28 54 0
29 27 0
29 28 0
29 55 0
30 17 0
31 11 0
32 11 0
33 10 0
34 10 0
35 12 0
36 12 0
37 13 0
38 13 0
39 15 0
40 15 0
41 19 0
42 19 0
43 21 0
44 21 0
45 7 0
46 7 0
47 8 0
48 23 0
49 23 0
50 23 0
51 25 0
52 26 0
53 27 0
54 28 0
55 29 0
56 12 0
56 7 0
GraphDataEnd
GraphEnd
NodeEnd
NodeStart
EPTNodeID: 12
AnchorID: 10207
TreeNodeGraphID: 31
Level: 7
SimplifiedLevel: 0
EditOperation: 5 7 56 0 0
AccumulatedOpsCount: 3
AccumulatedOp: 5 17 30 0 0
AccumulatedOp: 2 56 0 0 5
AccumulatedOp: 5 7 56 0 0
ChildrenCount: 0
ChildIndices:
CompletedDBGraphIDsCount: 1
CompletedDBGraphID: 22642
GraphStart
GraphDataStart
ID: 31
NumNodes: 57
NumEdges: 120
NodeLabels
5 2 2 3 3 3 3 4 3 3 4 4 4 4 4 4 4 4 4 4 4 4 4 4 4 4 4 4 4 4 5 5 5 5 5 5 5 5 5 5 5 5 5 5 5 5 5 5 5 5 5 5 5 5 5 5 5 
Edges
0 17 0
1 20 0
2 22 0
3 12 0
3 13 0
3 14 0
4 14 0
4 15 0
4 16 0
5 14 0
5 18 0
6 18 0
6 22 0
6 23 0
7 17 0
7 45 0
7 46 0
7 56 0
8 20 0
8 22 0
8 47 0
9 10 0
9 11 0
9 17 0
10 9 0
10 13 0
10 33 0
10 34 0
11 9 0
11 12 0
11 31 0
11 32 0
12 3 0
12 11 0
12 35 0
12 36 0
13 3 0
13 10 0
13 37 0
13 38 0
14 3 0
14 4 0
14 5 0
15 4 0
15 19 0
15 39 0
15 40 0
16 4 0
16 18 0
16 20 0
17 0 0
17 7 0
17 9 0
17 30 0
18 5 0
18 6 0
18 16 0
19 15 0
19 21 0
19 41 0
19 42 0
20 1 0
20 8 0
20 16 0
21 19 0
21 24 0
21 43 0
21 44 0
22 2 0
22 6 0
22 8 0
23 6 0
23 48 0
23 49 0
23 50 0
24 21 0
24 25 0
24 26 0
25 24 0
25 27 0
25 51 0
26 24 0
26 28 0
26 52 0
27 25 0
27 29 0
27 53 0
28 26 0
28 29 0
28 54 0
29 27 0
29 28 0
29 55 0
30 17 0
31 11 0
32 11 0
33 10 0
34 10 0
35 12 0
36 12 0
37 13 0
38 13 0
39 15 0
40 15 0
41 19 0
42 19 0
43 21 0
44 21 0
45 7 0
46 7 0
47 8 0
48 23 0
49 23 0
50 23 0
51 25 0
52 26 0
53 27 0
54 28 0
55 29 0
56 7 0
GraphDataEnd
GraphEnd
NodeEnd
NodeStart
EPTNodeID: 13
AnchorID: 10207
TreeNodeGraphID: 36
Level: 9
SimplifiedLevel: 0
EditOperation: 5 17 57 0 0
AccumulatedOpsCount: 5
AccumulatedOp: 2 56 0 0 2
AccumulatedOp: 5 7 56 0 0
AccumulatedOp: 2 57 0 0 5
AccumulatedOp: 5 30 56 0 0
AccumulatedOp: 5 17 57 0 0
ChildrenCount: 0
ChildIndices:
CompletedDBGraphIDsCount: 1
CompletedDBGraphID: 20658
GraphStart
GraphDataStart
ID: 36
NumNodes: 58
NumEdges: 122
NodeLabels
5 2 2 3 3 3 3 4 3 3 4 4 4 4 4 4 4 4 4 4 4 4 4 4 4 4 4 4 4 4 5 5 5 5 5 5 5 5 5 5 5 5 5 5 5 5 5 5 5 5 5 5 5 5 5 5 2 5 
Edges
0 17 0
1 20 0
2 22 0
3 12 0
3 13 0
3 14 0
4 14 0
4 15 0
4 16 0
5 14 0
5 18 0
6 18 0
6 22 0
6 23 0
7 17 0
7 45 0
7 46 0
7 56 0
8 20 0
8 22 0
8 47 0
9 10 0
9 11 0
9 17 0
10 9 0
10 13 0
10 33 0
10 34 0
11 9 0
11 12 0
11 31 0
11 32 0
12 3 0
12 11 0
12 35 0
12 36 0
13 3 0
13 10 0
13 37 0
13 38 0
14 3 0
14 4 0
14 5 0
15 4 0
15 19 0
15 39 0
15 40 0
16 4 0
16 18 0
16 20 0
17 0 0
17 7 0
17 9 0
17 57 0
18 5 0
18 6 0
18 16 0
19 15 0
19 21 0
19 41 0
19 42 0
20 1 0
20 8 0
20 16 0
21 19 0
21 24 0
21 43 0
21 44 0
22 2 0
22 6 0
22 8 0
23 6 0
23 48 0
23 49 0
23 50 0
24 21 0
24 25 0
24 26 0
25 24 0
25 27 0
25 51 0
26 24 0
26 28 0
26 52 0
27 25 0
27 29 0
27 53 0
28 26 0
28 29 0
28 54 0
29 27 0
29 28 0
29 55 0
30 56 0
31 11 0
32 11 0
33 10 0
34 10 0
35 12 0
36 12 0
37 13 0
38 13 0
39 15 0
40 15 0
41 19 0
42 19 0
43 21 0
44 21 0
45 7 0
46 7 0
47 8 0
48 23 0
49 23 0
50 23 0
51 25 0
52 26 0
53 27 0
54 28 0
55 29 0
56 7 0
56 30 0
57 17 0
GraphDataEnd
GraphEnd
NodeEnd
NodeStart
EPTNodeID: 14
AnchorID: 10207
TreeNodeGraphID: 40
Level: 7
SimplifiedLevel: 0
EditOperation: 4 9 17 0 0
AccumulatedOpsCount: 4
AccumulatedOp: 4 21 24 0 0
AccumulatedOp: 0 17 0 4 5
AccumulatedOp: 4 0 17 0 0
AccumulatedOp: 4 9 17 0 0
ChildrenCount: 2
ChildIndices: 15 18
CompletedDBGraphIDsCount: 0
GraphStart
GraphDataStart
ID: 40
NumNodes: 56
NumEdges: 110
NodeLabels
2 2 2 3 3 3 3 4 3 3 4 4 4 4 4 4 4 5 4 4 4 4 4 4 4 4 4 4 4 4 5 5 5 5 5 5 5 5 5 5 5 5 5 5 5 5 5 5 5 5 5 5 5 5 5 5 
Edges
1 20 0
2 22 0
3 12 0
3 13 0
3 14 0
4 14 0
4 15 0
4 16 0
5 14 0
5 18 0
6 18 0
6 22 0
6 23 0
7 17 0
7 45 0
7 46 0
8 20 0
8 22 0
8 47 0
9 10 0
9 11 0
10 9 0
10 13 0
10 33 0
10 34 0
11 9 0
11 12 0
11 31 0
11 32 0
12 3 0
12 11 0
12 35 0
12 36 0
13 3 0
13 10 0
13 37 0
13 38 0
14 3 0
14 4 0
14 5 0
15 4 0
15 19 0
15 39 0
15 40 0
16 4 0
16 18 0
16 20 0
17 7 0
18 5 0
18 6 0
18 16 0
19 15 0
19 21 0
19 41 0
19 42 0
20 1 0
20 8 0
20 16 0
21 19 0
21 43 0
21 44 0
22 2 0
22 6 0
22 8 0
23 6 0
23 48 0
23 49 0
23 50 0
24 25 0
24 26 0
25 24 0
25 27 0
25 51 0
26 24 0
26 28 0
26 52 0
27 25 0
27 29 0
27 53 0
28 26 0
28 29 0
28 54 0
29 27 0
29 28 0
29 55 0
31 11 0
32 11 0
33 10 0
34 10 0
35 12 0
36 12 0
37 13 0
38 13 0
39 15 0
40 15 0
41 19 0
42 19 0
43 21 0
44 21 0
45 7 0
46 7 0
47 8 0
48 23 0
49 23 0
50 23 0
51 25 0
52 26 0
53 27 0
54 28 0
55 29 0
GraphDataEnd
GraphEnd
NodeEnd
NodeStart
EPTNodeID: 15
AnchorID: 10207
TreeNodeGraphID: 43
Level: 10
SimplifiedLevel: 0
EditOperation: 5 0 24 0 0
AccumulatedOpsCount: 3
AccumulatedOp: 5 7 9 0 0
AccumulatedOp: 5 0 21 0 0
AccumulatedOp: 5 0 24 0 0
ChildrenCount: 2
ChildIndices: 16 17
CompletedDBGraphIDsCount: 0
GraphStart
GraphDataStart
ID: 43
NumNodes: 56
NumEdges: 116
NodeLabels
2 2 2 3 3 3 3 4 3 3 4 4 4 4 4 4 4 5 4 4 4 4 4 4 4 4 4 4 4 4 5 5 5 5 5 5 5 5 5 5 5 5 5 5 5 5 5 5 5 5 5 5 5 5 5 5 
Edges
0 21 0
0 24 0
1 20 0
2 22 0
3 12 0
3 13 0
3 14 0
4 14 0
4 15 0
4 16 0
5 14 0
5 18 0
6 18 0
6 22 0
6 23 0
7 17 0
7 45 0
7 46 0
7 9 0
8 20 0
8 22 0
8 47 0
9 10 0
9 11 0
9 7 0
10 9 0
10 13 0
10 33 0
10 34 0
11 9 0
11 12 0
11 31 0
11 32 0
12 3 0
12 11 0
12 35 0
12 36 0
13 3 0
13 10 0
13 37 0
13 38 0
14 3 0
14 4 0
14 5 0
15 4 0
15 19 0
15 39 0
15 40 0
16 4 0
16 18 0
16 20 0
17 7 0
18 5 0
18 6 0
18 16 0
19 15 0
19 21 0
19 41 0
19 42 0
20 1 0
20 8 0
20 16 0
21 19 0
21 43 0
21 44 0
21 0 0
22 2 0
22 6 0
22 8 0
23 6 0
23 48 0
23 49 0
23 50 0
24 25 0
24 26 0
24 0 0
25 24 0
25 27 0
25 51 0
26 24 0
26 28 0
26 52 0
27 25 0
27 29 0
27 53 0
28 26 0
28 29 0
28 54 0
29 27 0
29 28 0
29 55 0
31 11 0
32 11 0
33 10 0
34 10 0
35 12 0
36 12 0
37 13 0
38 13 0
39 15 0
40 15 0
41 19 0
42 19 0
43 21 0
44 21 0
45 7 0
46 7 0
47 8 0
48 23 0
49 23 0
50 23 0
51 25 0
52 26 0
53 27 0
54 28 0
55 29 0
GraphDataEnd
GraphEnd
NodeEnd
NodeStart
EPTNodeID: 16
AnchorID: 10207
TreeNodeGraphID: 45
Level: 12
SimplifiedLevel: 0
EditOperation: 5 30 41 0 0
AccumulatedOpsCount: 2
AccumulatedOp: 0 41 0 5 2
AccumulatedOp: 5 30 41 0 0
ChildrenCount: 0
ChildIndices:
CompletedDBGraphIDsCount: 1
CompletedDBGraphID: 16725
GraphStart
GraphDataStart
ID: 45
NumNodes: 56
NumEdges: 118
NodeLabels
2 2 2 3 3 3 3 4 3 3 4 4 4 4 4 4 4 5 4 4 4 4 4 4 4 4 4 4 4 4 5 5 5 5 5 5 5 5 5 5 5 2 5 5 5 5 5 5 5 5 5 5 5 5 5 5 
Edges
0 21 0
0 24 0
1 20 0
2 22 0
3 12 0
3 13 0
3 14 0
4 14 0
4 15 0
4 16 0
5 14 0
5 18 0
6 18 0
6 22 0
6 23 0
7 17 0
7 45 0
7 46 0
7 9 0
8 20 0
8 22 0
8 47 0
9 10 0
9 11 0
9 7 0
10 9 0
10 13 0
10 33 0
10 34 0
11 9 0
11 12 0
11 31 0
11 32 0
12 3 0
12 11 0
12 35 0
12 36 0
13 3 0
13 10 0
13 37 0
13 38 0
14 3 0
14 4 0
14 5 0
15 4 0
15 19 0
15 39 0
15 40 0
16 4 0
16 18 0
16 20 0
17 7 0
18 5 0
18 6 0
18 16 0
19 15 0
19 21 0
19 41 0
19 42 0
20 1 0
20 8 0
20 16 0
21 19 0
21 43 0
21 44 0
21 0 0
22 2 0
22 6 0
22 8 0
23 6 0
23 48 0
23 49 0
23 50 0
24 25 0
24 26 0
24 0 0
25 24 0
25 27 0
25 51 0
26 24 0
26 28 0
26 52 0
27 25 0
27 29 0
27 53 0
28 26 0
28 29 0
28 54 0
29 27 0
29 28 0
29 55 0
30 41 0
31 11 0
32 11 0
33 10 0
34 10 0
35 12 0
36 12 0
37 13 0
38 13 0
39 15 0
40 15 0
41 19 0
41 30 0
42 19 0
43 21 0
44 21 0
45 7 0
46 7 0
47 8 0
48 23 0
49 23 0
50 23 0
51 25 0
52 26 0
53 27 0
54 28 0
55 29 0
GraphDataEnd
GraphEnd
NodeEnd
NodeStart
EPTNodeID: 17
AnchorID: 10207
TreeNodeGraphID: 48
Level: 13
SimplifiedLevel: 0
EditOperation: 5 30 42 0 0
AccumulatedOpsCount: 3
AccumulatedOp: 0 42 0 5 2
AccumulatedOp: 0 55 0 5 8
AccumulatedOp: 5 30 42 0 0
ChildrenCount: 0
ChildIndices:
CompletedDBGraphIDsCount: 1
CompletedDBGraphID: 5071
GraphStart
GraphDataStart
ID: 48
NumNodes: 56
NumEdges: 118
NodeLabels
2 2 2 3 3 3 3 4 3 3 4 4 4 4 4 4 4 5 4 4 4 4 4 4 4 4 4 4 4 4 5 5 5 5 5 5 5 5 5 5 5 5 2 5 5 5 5 5 5 5 5 5 5 5 5 8 
Edges
0 21 0
0 24 0
1 20 0
2 22 0
3 12 0
3 13 0
3 14 0
4 14 0
4 15 0
4 16 0
5 14 0
5 18 0
6 18 0
6 22 0
6 23 0
7 17 0
7 45 0
7 46 0
7 9 0
8 20 0
8 22 0
8 47 0
9 10 0
9 11 0
9 7 0
10 9 0
10 13 0
10 33 0
10 34 0
11 9 0
11 12 0
11 31 0
11 32 0
12 3 0
12 11 0
12 35 0
12 36 0
13 3 0
13 10 0
13 37 0
13 38 0
14 3 0
14 4 0
14 5 0
15 4 0
15 19 0
15 39 0
15 40 0
16 4 0
16 18 0
16 20 0
17 7 0
18 5 0
18 6 0
18 16 0
19 15 0
19 21 0
19 41 0
19 42 0
20 1 0
20 8 0
20 16 0
21 19 0
21 43 0
21 44 0
21 0 0
22 2 0
22 6 0
22 8 0
23 6 0
23 48 0
23 49 0
23 50 0
24 25 0
24 26 0
24 0 0
25 24 0
25 27 0
25 51 0
26 24 0
26 28 0
26 52 0
27 25 0
27 29 0
27 53 0
28 26 0
28 29 0
28 54 0
29 27 0
29 28 0
29 55 0
30 42 0
31 11 0
32 11 0
33 10 0
34 10 0
35 12 0
36 12 0
37 13 0
38 13 0
39 15 0
40 15 0
41 19 0
42 19 0
42 30 0
43 21 0
44 21 0
45 7 0
46 7 0
47 8 0
48 23 0
49 23 0
50 23 0
51 25 0
52 26 0
53 27 0
54 28 0
55 29 0
GraphDataEnd
GraphEnd
NodeEnd
NodeStart
EPTNodeID: 18
AnchorID: 10207
TreeNodeGraphID: 55
Level: 14
SimplifiedLevel: 0
EditOperation: 5 9 24 0 0
AccumulatedOpsCount: 7
AccumulatedOp: 4 19 42 0 0
AccumulatedOp: 1 0 0 2 0
AccumulatedOp: 5 7 55 0 0
AccumulatedOp: 0 55 0 5 2
AccumulatedOp: 1 42 0 5 0
AccumulatedOp: 1 30 0 5 0
AccumulatedOp: 5 9 24 0 0
ChildrenCount: 0
ChildIndices:
CompletedDBGraphIDsCount: 1
CompletedDBGraphID: 1570
GraphStart
GraphDataStart
ID: 55
NumNodes: 53
NumEdges: 112
NodeLabels
2 2 3 3 3 3 4 3 3 4 4 4 4 4 4 4 5 4 4 4 4 4 4 4 4 4 4 4 4 5 5 5 5 5 5 5 5 5 5 5 5 5 5 5 5 5 5 5 5 5 5 5 2 
Edges
0 19 0
1 21 0
2 11 0
2 12 0
2 13 0
3 13 0
3 14 0
3 15 0
4 13 0
4 17 0
5 17 0
5 21 0
5 22 0
6 16 0
6 42 0
6 43 0
6 52 0
7 19 0
7 21 0
7 44 0
8 9 0
8 10 0
8 23 0
9 8 0
9 12 0
9 31 0
9 32 0
10 8 0
10 11 0
10 29 0
10 30 0
11 2 0
11 10 0
11 33 0
11 34 0
12 2 0
12 9 0
12 35 0
12 36 0
13 2 0
13 3 0
13 4 0
14 3 0
14 18 0
14 37 0
14 38 0
15 3 0
15 17 0
15 19 0
16 6 0
17 4 0
17 5 0
17 15 0
18 14 0
18 20 0
18 39 0
19 0 0
19 7 0
19 15 0
20 18 0
20 40 0
20 41 0
21 1 0
21 5 0
21 7 0
22 5 0
22 45 0
22 46 0
22 47 0
23 24 0
23 25 0
23 8 0
24 23 0
24 26 0
24 48 0
25 23 0
25 27 0
25 49 0
26 24 0
26 28 0
26 50 0
27 25 0
27 28 0
27 51 0
28 26 0
28 27 0
28 52 0
29 10 0
30 10 0
31 9 0
32 9 0
33 11 0
34 11 0
35 12 0
36 12 0
37 14 0
38 14 0
39 18 0
40 20 0
41 20 0
42 6 0
43 6 0
44 7 0
45 22 0
46 22 0
47 22 0
48 24 0
49 25 0
50 26 0
51 27 0
52 28 0
52 6 0
GraphDataEnd
GraphEnd
NodeEnd
NodeStart
EPTNodeID: 19
AnchorID: 10207
TreeNodeGraphID: 66
Level: 13
SimplifiedLevel: 0
EditOperation: 5 7 8 0 0
AccumulatedOpsCount: 11
AccumulatedOp: 4 21 24 0 0
AccumulatedOp: 0 17 0 4 5
AccumulatedOp: 5 0 24 0 0
AccumulatedOp: 4 0 17 0 0
AccumulatedOp: 5 41 47 0 0
AccumulatedOp: 0 41 0 5 2
AccumulatedOp: 4 8 47 0 0
AccumulatedOp: 5 0 21 0 0
AccumulatedOp: 0 55 0 5 7
AccumulatedOp: 4 9 17 0 0
AccumulatedOp: 5 7 8 0 0
ChildrenCount: 0
ChildIndices:
CompletedDBGraphIDsCount: 2
CompletedDBGraphID: 20971
CompletedDBGraphID: 7451
GraphStart
GraphDataStart
ID: 66
NumNodes: 56
NumEdges: 118
NodeLabels
2 2 2 3 3 3 3 4 3 3 4 4 4 4 4 4 4 5 4 4 4 4 4 4 4 4 4 4 4 4 5 5 5 5 5 5 5 5 5 5 5 2 5 5 5 5 5 5 5 5 5 5 5 5 5 7 
Edges
0 24 0
0 21 0
1 20 0
2 22 0
3 12 0
3 13 0
3 14 0
4 14 0
4 15 0
4 16 0
5 14 0
5 18 0
6 18 0
6 22 0
6 23 0
7 17 0
7 45 0
7 46 0
7 8 0
8 20 0
8 22 0
8 7 0
9 10 0
9 11 0
9 30 0
10 9 0
10 13 0
10 33 0
10 34 0
11 9 0
11 12 0
11 31 0
11 32 0
12 3 0
12 11 0
12 35 0
12 36 0
13 3 0
13 10 0
13 37 0
13 38 0
14 3 0
14 4 0
14 5 0
15 4 0
15 19 0
15 39 0
15 40 0
16 4 0
16 18 0
16 20 0
17 7 0
18 5 0
18 6 0
18 16 0
19 15 0
19 21 0
19 41 0
19 42 0
20 1 0
20 8 0
20 16 0
21 19 0
21 43 0
21 44 0
21 0 0
22 2 0
22 6 0
22 8 0
23 6 0
23 48 0
23 49 0
23 50 0
24 25 0
24 26 0
24 0 0
25 24 0
25 27 0
25 51 0
26 24 0
26 28 0
26 52 0
27 25 0
27 29 0
27 53 0
28 26 0
28 29 0
28 54 0
29 27 0
29 28 0
29 55 0
30 9 0
31 11 0
32 11 0
33 10 0
34 10 0
35 12 0
36 12 0
37 13 0
38 13 0
39 15 0
40 15 0
41 19 0
41 47 0
42 19 0
43 21 0
44 21 0
45 7 0
46 7 0
47 41 0
48 23 0
49 23 0
50 23 0
51 25 0
52 26 0
53 27 0
54 28 0
55 29 0
GraphDataEnd
GraphEnd
NodeEnd
NodeStart
EPTNodeID: 20
AnchorID: 10207
TreeNodeGraphID: 79
Level: 14
SimplifiedLevel: 0
EditOperation: 5 7 57 0 0
AccumulatedOpsCount: 13
AccumulatedOp: 0 0 0 2 5
AccumulatedOp: 5 14 17 0 0
AccumulatedOp: 5 7 8 0 0
AccumulatedOp: 2 56 0 0 5
AccumulatedOp: 4 7 17 0 0
AccumulatedOp: 5 3 47 0 0
AccumulatedOp: 0 3 0 3 4
AccumulatedOp: 4 3 14 0 0
AccumulatedOp: 4 8 47 0 0
AccumulatedOp: 0 17 0 4 3
AccumulatedOp: 2 57 0 0 5
AccumulatedOp: 5 3 56 0 0
AccumulatedOp: 5 7 57 0 0
ChildrenCount: 0
ChildIndices:
CompletedDBGraphIDsCount: 1
CompletedDBGraphID: 3206
GraphStart
GraphDataStart
ID: 79
NumNodes: 58
NumEdges: 122
NodeLabels
5 2 2 4 3 3 3 4 3 4 4 4 4 4 4 4 4 3 4 4 4 4 4 4 4 4 4 4 4 4 5 5 5 5 5 5 5 5 5 5 5 5 5 5 5 5 5 5 5 5 5 5 5 5 5 5 5 5 
Edges
0 17 0
1 20 0
2 22 0
3 12 0
3 13 0
3 47 0
3 56 0
4 14 0
4 15 0
4 16 0
5 14 0
5 18 0
6 18 0
6 22 0
6 23 0
7 45 0
7 46 0
7 8 0
7 57 0
8 20 0
8 22 0
8 7 0
9 10 0
9 11 0
9 17 0
9 30 0
10 9 0
10 13 0
10 33 0
10 34 0
11 9 0
11 12 0
11 31 0
11 32 0
12 3 0
12 11 0
12 35 0
12 36 0
13 3 0
13 10 0
13 37 0
13 38 0
14 4 0
14 5 0
14 17 0
15 4 0
15 19 0
15 39 0
15 40 0
16 4 0
16 18 0
16 20 0
17 0 0
17 9 0
17 14 0
18 5 0
18 6 0
18 16 0
19 15 0
19 21 0
19 41 0
19 42 0
20 1 0
20 8 0
20 16 0
21 19 0
21 24 0
21 43 0
21 44 0
22 2 0
22 6 0
22 8 0
23 6 0
23 48 0
23 49 0
23 50 0
24 21 0
24 25 0
24 26 0
25 24 0
25 27 0
25 51 0
26 24 0
26 28 0
26 52 0
27 25 0
27 29 0
27 53 0
28 26 0
28 29 0
28 54 0
29 27 0
29 28 0
29 55 0
30 9 0
31 11 0
32 11 0
33 10 0
34 10 0
35 12 0
36 12 0
37 13 0
38 13 0
39 15 0
40 15 0
41 19 0
42 19 0
43 21 0
44 21 0
45 7 0
46 7 0
47 3 0
48 23 0
49 23 0
50 23 0
51 25 0
52 26 0
53 27 0
54 28 0
55 29 0
56 3 0
57 7 0
GraphDataEnd
GraphEnd
NodeEnd
NodeStart
EPTNodeID: 21
AnchorID: 10207
TreeNodeGraphID: 83
Level: 5
SimplifiedLevel: 0
EditOperation: 4 7 17 0 0
AccumulatedOpsCount: 4
AccumulatedOp: 0 17 0 4 5
AccumulatedOp: 4 0 17 0 0
AccumulatedOp: 1 0 0 2 0
AccumulatedOp: 4 7 17 0 0
ChildrenCount: 2
ChildIndices: 22 23
CompletedDBGraphIDsCount: 0
GraphStart
GraphDataStart
ID: 83
NumNodes: 55
NumEdges: 114
NodeLabels
2 2 3 3 3 3 4 3 4 4 4 4 4 4 4 4 5 4 4 4 4 4 4 4 4 4 4 4 4 5 5 5 5 5 5 5 5 5 5 5 5 5 5 5 5 5 5 5 5 5 5 5 5 5 5 
Edges
0 19 0
1 21 0
2 11 0
2 12 0
2 13 0
3 13 0
3 14 0
3 15 0
4 13 0
4 17 0
5 17 0
5 21 0
5 22 0
6 44 0
6 45 0
7 19 0
7 21 0
7 46 0
8 9 0
8 10 0
8 16 0
8 29 0
9 8 0
9 12 0
9 32 0
9 33 0
10 8 0
10 11 0
10 30 0
10 31 0
11 2 0
11 10 0
11 34 0
11 35 0
12 2 0
12 9 0
12 36 0
12 37 0
13 2 0
13 3 0
13 4 0
14 3 0
14 18 0
14 38 0
14 39 0
15 3 0
15 17 0
15 19 0
16 8 0
17 4 0
17 5 0
17 15 0
18 14 0
18 20 0
18 40 0
18 41 0
19 0 0
19 7 0
19 15 0
20 18 0
20 23 0
20 42 0
20 43 0
21 1 0
21 5 0
21 7 0
22 5 0
22 47 0
22 48 0
22 49 0
23 20 0
23 24 0
23 25 0
24 23 0
24 26 0
24 50 0
25 23 0
25 27 0
25 51 0
26 24 0
26 28 0
26 52 0
27 25 0
27 28 0
27 53 0
28 26 0
28 27 0
28 54 0
29 8 0
30 10 0
31 10 0
32 9 0
33 9 0
34 11 0
35 11 0
36 12 0
37 12 0
38 14 0
39 14 0
40 18 0
41 18 0
42 20 0
43 20 0
44 6 0
45 6 0
46 7 0
47 22 0
48 22 0
49 22 0
50 24 0
51 25 0
52 26 0
53 27 0
54 28 0
GraphDataEnd
GraphEnd
NodeEnd
NodeStart
EPTNodeID: 22
AnchorID: 10207
TreeNodeGraphID: 86
Level: 8
SimplifiedLevel: 0
EditOperation: 4 8 47 0 0
AccumulatedOpsCount: 3
AccumulatedOp: 5 7 47 0 0
AccumulatedOp: 5 7 8 0 0
AccumulatedOp: 4 8 47 0 0
ChildrenCount: 0
ChildIndices:
CompletedDBGraphIDsCount: 1
CompletedDBGraphID: 8984
GraphStart
GraphDataStart
ID: 86
NumNodes: 55
NumEdges: 116
NodeLabels
2 2 3 3 3 3 4 3 4 4 4 4 4 4 4 4 5 4 4 4 4 4 4 4 4 4 4 4 4 5 5 5 5 5 5 5 5 5 5 5 5 5 5 5 5 5 5 5 5 5 5 5 5 5 5 
Edges
0 19 0
1 21 0
2 11 0
2 12 0
2 13 0
3 13 0
3 14 0
3 15 0
4 13 0
4 17 0
5 17 0
5 21 0
5 22 0
6 44 0
6 45 0
6 46 0
6 7 0
7 19 0
7 21 0
7 6 0
8 9 0
8 10 0
8 16 0
8 29 0
9 8 0
9 12 0
9 32 0
9 33 0
10 8 0
10 11 0
10 30 0
10 31 0
11 2 0
11 10 0
11 34 0
11 35 0
12 2 0
12 9 0
12 36 0
12 37 0
13 2 0
13 3 0
13 4 0
14 3 0
14 18 0
14 38 0
14 39 0
15 3 0
15 17 0
15 19 0
16 8 0
17 4 0
17 5 0
17 15 0
18 14 0
18 20 0
18 40 0
18 41 0
19 0 0
19 7 0
19 15 0
20 18 0
20 23 0
20 42 0
20 43 0
21 1 0
21 5 0
21 7 0
22 5 0
22 47 0
22 48 0
22 49 0
23 20 0
23 24 0
23 25 0
24 23 0
24 26 0
24 50 0
25 23 0
25 27 0
25 51 0
26 24 0
26 28 0
26 52 0
27 25 0
27 28 0
27 53 0
28 26 0
28 27 0
28 54 0
29 8 0
30 10 0
31 10 0
32 9 0
33 9 0
34 11 0
35 11 0
36 12 0
37 12 0
38 14 0
39 14 0
40 18 0
41 18 0
42 20 0
43 20 0
44 6 0
45 6 0
46 6 0
47 22 0
48 22 0
49 22 0
50 24 0
51 25 0
52 26 0
53 27 0
54 28 0
GraphDataEnd
GraphEnd
NodeEnd
NodeStart
EPTNodeID: 23
AnchorID: 10207
TreeNodeGraphID: 91
Level: 10
SimplifiedLevel: 0
EditOperation: 5 7 12 0 0
AccumulatedOpsCount: 5
AccumulatedOp: 4 3 12 0 0
AccumulatedOp: 5 7 13 0 0
AccumulatedOp: 4 13 38 0 0
AccumulatedOp: 5 3 38 0 0
AccumulatedOp: 5 7 12 0 0
ChildrenCount: 0
ChildIndices:
CompletedDBGraphIDsCount: 1
CompletedDBGraphID: 14217
GraphStart
GraphDataStart
ID: 91
NumNodes: 55
NumEdges: 116
NodeLabels
2 2 3 3 3 3 4 3 4 4 4 4 4 4 4 4 5 4 4 4 4 4 4 4 4 4 4 4 4 5 5 5 5 5 5 5 5 5 5 5 5 5 5 5 5 5 5 5 5 5 5 5 5 5 5 
Edges
0 19 0
1 21 0
2 12 0
2 13 0
2 37 0
3 13 0
3 14 0
3 15 0
4 13 0
4 17 0
5 17 0
5 21 0
5 22 0
6 44 0
6 45 0
6 12 0
6 11 0
7 19 0
7 21 0
7 46 0
8 9 0
8 10 0
8 16 0
8 29 0
9 8 0
9 12 0
9 32 0
9 33 0
10 8 0
10 11 0
10 30 0
10 31 0
11 10 0
11 34 0
11 35 0
11 6 0
12 2 0
12 9 0
12 36 0
12 6 0
13 2 0
13 3 0
13 4 0
14 3 0
14 18 0
14 38 0
14 39 0
15 3 0
15 17 0
15 19 0
16 8 0
17 4 0
17 5 0
17 15 0
18 14 0
18 20 0
18 40 0
18 41 0
19 0 0
19 7 0
19 15 0
20 18 0
20 23 0
20 42 0
20 43 0
21 1 0
21 5 0
21 7 0
22 5 0
22 47 0
22 48 0
22 49 0
23 20 0
23 24 0
23 25 0
24 23 0
24 26 0
24 50 0
25 23 0
25 27 0
25 51 0
26 24 0
26 28 0
26 52 0
27 25 0
27 28 0
27 53 0
28 26 0
28 27 0
28 54 0
29 8 0
30 10 0
31 10 0
32 9 0
33 9 0
34 11 0
35 11 0
36 12 0
37 2 0
38 14 0
39 14 0
40 18 0
41 18 0
42 20 0
43 20 0
44 6 0
45 6 0
46 7 0
47 22 0
48 22 0
49 22 0
50 24 0
51 25 0
52 26 0
53 27 0
54 28 0
GraphDataEnd
GraphEnd
NodeEnd
NodeStart
EPTNodeID: 24
AnchorID: 10207
TreeNodeGraphID: 100
Level: 9
SimplifiedLevel: 0
EditOperation: 1 46 0 5 0
AccumulatedOpsCount: 9
AccumulatedOp: 0 9 0 4 3
AccumulatedOp: 5 17 30 0 0
AccumulatedOp: 0 0 0 2 5
AccumulatedOp: 0 7 0 3 5
AccumulatedOp: 4 9 30 0 0
AccumulatedOp: 4 7 45 0 0
AccumulatedOp: 1 45 0 5 0
AccumulatedOp: 4 7 46 0 0
AccumulatedOp: 1 46 0 5 0
ChildrenCount: 0
ChildIndices:
CompletedDBGraphIDsCount: 1
CompletedDBGraphID: 2191
GraphStart
GraphDataStart
ID: 100
NumNodes: 54
NumEdges: 114
NodeLabels
5 2 2 3 3 3 3 5 3 3 4 4 4 4 4 4 4 4 4 4 4 4 4 4 4 4 4 4 4 4 5 5 5 5 5 5 5 5 5 5 5 5 5 5 5 5 5 5 5 5 5 5 5 5 
Edges
0 17 0
1 20 0
2 22 0
3 12 0
3 13 0
3 14 0
4 14 0
4 15 0
4 16 0
5 14 0
5 18 0
6 18 0
6 22 0
6 23 0
7 17 0
8 20 0
8 22 0
8 45 0
9 10 0
9 11 0
9 17 0
10 9 0
10 13 0
10 33 0
10 34 0
11 9 0
11 12 0
11 31 0
11 32 0
12 3 0
12 11 0
12 35 0
12 36 0
13 3 0
13 10 0
13 37 0
13 38 0
14 3 0
14 4 0
14 5 0
15 4 0
15 19 0
15 39 0
15 40 0
16 4 0
16 18 0
16 20 0
17 0 0
17 7 0
17 9 0
17 30 0
18 5 0
18 6 0
18 16 0
19 15 0
19 21 0
19 41 0
19 42 0
20 1 0
20 8 0
20 16 0
21 19 0
21 24 0
21 43 0
21 44 0
22 2 0
22 6 0
22 8 0
23 6 0
23 46 0
23 47 0
23 48 0
24 21 0
24 25 0
24 26 0
25 24 0
25 27 0
25 49 0
26 24 0
26 28 0
26 50 0
27 25 0
27 29 0
27 51 0
28 26 0
28 29 0
28 52 0
29 27 0
29 28 0
29 53 0
30 17 0
31 11 0
32 11 0
33 10 0
34 10 0
35 12 0
36 12 0
37 13 0
38 13 0
39 15 0
40 15 0
41 19 0
42 19 0
43 21 0
44 21 0
45 8 0
46 23 0
47 23 0
48 23 0
49 25 0
50 26 0
51 27 0
52 28 0
53 29 0
GraphDataEnd
GraphEnd
NodeEnd
NodeStart
EPTNodeID: 25
AnchorID: 10207
TreeNodeGraphID: 111
Level: 11
SimplifiedLevel: 0
EditOperation: 5 4 21 0 0
AccumulatedOpsCount: 11
AccumulatedOp: 4 8 47 0 0
AccumulatedOp: 0 19 0 4 5
AccumulatedOp: 4 4 15 0 0
AccumulatedOp: 1 47 0 5 0
AccumulatedOp: 4 19 41 0 0
AccumulatedOp: 1 41 0 5 0
AccumulatedOp: 4 19 21 0 0
AccumulatedOp: 5 8 15 0 0
AccumulatedOp: 4 19 42 0 0
AccumulatedOp: 1 42 0 5 0
AccumulatedOp: 5 4 21 0 0
ChildrenCount: 1
ChildIndices: 26
CompletedDBGraphIDsCount: 1
CompletedDBGraphID: 11369
GraphStart
GraphDataStart
ID: 111
NumNodes: 53
NumEdges: 112
NodeLabels
2 2 2 3 3 3 3 3 3 4 4 4 4 4 4 4 4 4 4 5 4 4 4 4 4 4 4 4 4 4 5 5 5 5 5 5 5 5 5 5 5 5 5 5 5 5 5 5 5 5 5 5 5 
Edges
0 17 0
1 20 0
2 22 0
3 12 0
3 13 0
3 14 0
4 14 0
4 16 0
4 21 0
5 14 0
5 18 0
6 18 0
6 22 0
6 23 0
7 17 0
7 43 0
7 44 0
8 20 0
8 22 0
8 15 0
9 10 0
9 11 0
9 17 0
9 30 0
10 9 0
10 13 0
10 33 0
10 34 0
11 9 0
11 12 0
11 31 0
11 32 0
12 3 0
12 11 0
12 35 0
12 36 0
13 3 0
13 10 0
13 37 0
13 38 0
14 3 0
14 4 0
14 5 0
15 19 0
15 39 0
15 40 0
15 8 0
16 4 0
16 18 0
16 20 0
17 0 0
17 7 0
17 9 0
18 5 0
18 6 0
18 16 0
19 15 0
20 1 0
20 8 0
20 16 0
21 24 0
21 41 0
21 42 0
21 4 0
22 2 0
22 6 0
22 8 0
23 6 0
23 45 0
23 46 0
23 47 0
24 21 0
24 25 0
24 26 0
25 24 0
25 27 0
25 48 0
26 24 0
26 28 0
26 49 0
27 25 0
27 29 0
27 50 0
28 26 0
28 29 0
28 51 0
29 27 0
29 28 0
29 52 0
30 9 0
31 11 0
32 11 0
33 10 0
34 10 0
35 12 0
36 12 0
37 13 0
38 13 0
39 15 0
40 15 0
41 21 0
42 21 0
43 7 0
44 7 0
45 23 0
46 23 0
47 23 0
48 25 0
49 26 0
50 27 0
51 28 0
52 29 0
GraphDataEnd
GraphEnd
NodeEnd
NodeStart
EPTNodeID: 26
AnchorID: 10207
TreeNodeGraphID: 112
Level: 12
SimplifiedLevel: 0
EditOperation: 0 52 0 5 7
AccumulatedOpsCount: 1
AccumulatedOp: 0 52 0 5 7
ChildrenCount: 0
ChildIndices:
CompletedDBGraphIDsCount: 1
CompletedDBGraphID: 18587
GraphStart
GraphDataStart
ID: 112
NumNodes: 53
NumEdges: 112
NodeLabels
2 2 2 3 3 3 3 3 3 4 4 4 4 4 4 4 4 4 4 5 4 4 4 4 4 4 4 4 4 4 5 5 5 5 5 5 5 5 5 5 5 5 5 5 5 5 5 5 5 7 5 5 5 
Edges
0 17 0
1 20 0
2 22 0
3 12 0
3 13 0
3 14 0
4 14 0
4 16 0
4 21 0
5 14 0
5 18 0
6 18 0
6 22 0
6 23 0
7 17 0
7 43 0
7 44 0
8 20 0
8 22 0
8 15 0
9 10 0
9 11 0
9 17 0
9 30 0
10 9 0
10 13 0
10 33 0
10 34 0
11 9 0
11 12 0
11 31 0
11 32 0
12 3 0
12 11 0
12 35 0
12 36 0
13 3 0
13 10 0
13 37 0
13 38 0
14 3 0
14 4 0
14 5 0
15 19 0
15 39 0
15 40 0
15 8 0
16 4 0
16 18 0
16 20 0
17 0 0
17 7 0
17 9 0
18 5 0
18 6 0
18 16 0
19 15 0
20 1 0
20 8 0
20 16 0
21 24 0
21 41 0
21 42 0
21 4 0
22 2 0
22 6 0
22 8 0
23 6 0
23 45 0
23 46 0
23 47 0
24 21 0
24 25 0
24 26 0
25 24 0
25 27 0
25 48 0
26 24 0
26 28 0
26 49 0
27 25 0
27 29 0
27 50 0
28 26 0
28 29 0
28 51 0
29 27 0
29 28 0
29 52 0
30 9 0
31 11 0
32 11 0
33 10 0
34 10 0
35 12 0
36 12 0
37 13 0
38 13 0
39 15 0
40 15 0
41 21 0
42 21 0
43 7 0
44 7 0
45 23 0
46 23 0
47 23 0
48 25 0
49 26 0
50 27 0
51 28 0
52 29 0
GraphDataEnd
GraphEnd
NodeEnd
NodeStart
EPTNodeID: 27
AnchorID: 10207
TreeNodeGraphID: 121
Level: 9
SimplifiedLevel: 0
EditOperation: 5 15 27 0 0
AccumulatedOpsCount: 9
AccumulatedOp: 4 19 42 0 0
AccumulatedOp: 0 19 0 4 5
AccumulatedOp: 4 15 19 0 0
AccumulatedOp: 1 42 0 5 0
AccumulatedOp: 4 19 41 0 0
AccumulatedOp: 1 41 0 5 0
AccumulatedOp: 4 27 53 0 0
AccumulatedOp: 1 53 0 5 0
AccumulatedOp: 5 15 27 0 0
ChildrenCount: 0
ChildIndices:
CompletedDBGraphIDsCount: 1
CompletedDBGraphID: 13973
GraphStart
GraphDataStart
ID: 121
NumNodes: 53
NumEdges: 112
NodeLabels
2 2 2 3 3 3 3 3 3 4 4 4 4 4 4 4 4 4 4 5 4 4 4 4 4 4 4 4 4 4 5 5 5 5 5 5 5 5 5 5 5 5 5 5 5 5 5 5 5 5 5 5 5 
Edges
0 17 0
1 20 0
2 22 0
3 12 0
3 13 0
3 14 0
4 14 0
4 15 0
4 16 0
5 14 0
5 18 0
6 18 0
6 22 0
6 23 0
7 17 0
7 43 0
7 44 0
8 20 0
8 22 0
8 45 0
9 10 0
9 11 0
9 17 0
9 30 0
10 9 0
10 13 0
10 33 0
10 34 0
11 9 0
11 12 0
11 31 0
11 32 0
12 3 0
12 11 0
12 35 0
12 36 0
13 3 0
13 10 0
13 37 0
13 38 0
14 3 0
14 4 0
14 5 0
15 4 0
15 39 0
15 40 0
15 27 0
16 4 0
16 18 0
16 20 0
17 0 0
17 7 0
17 9 0
18 5 0
18 6 0
18 16 0
19 21 0
20 1 0
20 8 0
20 16 0
21 19 0
21 24 0
21 41 0
21 42 0
22 2 0
22 6 0
22 8 0
23 6 0
23 46 0
23 47 0
23 48 0
24 21 0
24 25 0
24 26 0
25 24 0
25 27 0
25 49 0
26 24 0
26 28 0
26 50 0
27 25 0
27 29 0
27 15 0
28 26 0
28 29 0
28 51 0
29 27 0
29 28 0
29 52 0
30 9 0
31 11 0
32 11 0
33 10 0
34 10 0
35 12 0
36 12 0
37 13 0
38 13 0
39 15 0
40 15 0
41 21 0
42 21 0
43 7 0
44 7 0
45 8 0
46 23 0
47 23 0
48 23 0
49 25 0
50 26 0
51 28 0
52 29 0
GraphDataEnd
GraphEnd
NodeEnd
NodeStart
EPTNodeID: 28
AnchorID: 10207
TreeNodeGraphID: 128
Level: 7
SimplifiedLevel: 0
EditOperation: 5 47 58 0 0
AccumulatedOpsCount: 7
AccumulatedOp: 2 56 0 0 5
AccumulatedOp: 2 57 0 0 5
AccumulatedOp: 0 47 0 5 4
AccumulatedOp: 5 47 57 0 0
AccumulatedOp: 5 47 56 0 0
AccumulatedOp: 2 58 0 0 5
AccumulatedOp: 5 47 58 0 0
ChildrenCount: 0
ChildIndices:
CompletedDBGraphIDsCount: 1
CompletedDBGraphID: 6666
GraphStart
GraphDataStart
ID: 128
NumNodes: 59
NumEdges: 124
NodeLabels
2 2 2 3 3 3 3 3 3 4 4 4 4 4 4 4 4 4 4 4 4 4 4 4 4 4 4 4 4 4 5 5 5 5 5 5 5 5 5 5 5 5 5 5 5 5 5 4 5 5 5 5 5 5 5 5 5 5 5 
Edges
0 17 0
1 20 0
2 22 0
3 12 0
3 13 0
3 14 0
4 14 0
4 15 0
4 16 0
5 14 0
5 18 0
6 18 0
6 22 0
6 23 0
7 17 0
7 45 0
7 46 0
8 20 0
8 22 0
8 47 0
9 10 0
9 11 0
9 17 0
9 30 0
10 9 0
10 13 0
10 33 0
10 34 0
11 9 0
11 12 0
11 31 0
11 32 0
12 3 0
12 11 0
12 35 0
12 36 0
13 3 0
13 10 0
13 37 0
13 38 0
14 3 0
14 4 0
14 5 0
15 4 0
15 19 0
15 39 0
15 40 0
16 4 0
16 18 0
16 20 0
17 0 0
17 7 0
17 9 0
18 5 0
18 6 0
18 16 0
19 15 0
19 21 0
19 41 0
19 42 0
20 1 0
20 8 0
20 16 0
21 19 0
21 24 0
21 43 0
21 44 0
22 2 0
22 6 0
22 8 0
23 6 0
23 48 0
23 49 0
23 50 0
24 21 0
24 25 0
24 26 0
25 24 0
25 27 0
25 51 0
26 24 0
26 28 0
26 52 0
27 25 0
27 29 0
27 53 0
28 26 0
28 29 0
28 54 0
29 27 0
29 28 0
29 55 0
30 9 0
31 11 0
32 11 0
33 10 0
34 10 0
35 12 0
36 12 0
37 13 0
38 13 0
39 15 0
40 15 0
41 19 0
42 19 0
43 21 0
44 21 0
45 7 0
46 7 0
47 8 0
47 57 0
47 56 0
47 58 0
48 23 0
49 23 0
50 23 0
51 25 0
52 26 0
53 27 0
54 28 0
55 29 0
56 47 0
57 47 0
58 47 0
GraphDataEnd
GraphEnd
NodeEnd
END_EPT
