BEGIN_EPT
AnchorID: 9816  # ID of the anchor node
RootIndex: 0  # Index of the root node in tree_nodes
NodeCount: 1  # Total number of nodes in the EPT
NodeStart
EPTNodeID: 0
AnchorID: 9816
TreeNodeGraphID: 0
Level: 0
SimplifiedLevel: 0
EditOperation: -1 0 -1 0 0
AccumulatedOpsCount: 0
ChildrenCount: 0
ChildIndices:
CompletedDBGraphIDsCount: 0
GraphStart
GraphDataStart
ID: 0
NumNodes: 66
NumEdges: 140
NodeLabels
6 2 2 2 2 2 2 2 2 3 4 4 4 4 4 4 4 4 4 4 4 4 4 4 4 4 4 4 4 4 4 4 4 4 4 4 4 4 4 5 5 5 5 5 5 5 5 5 5 5 5 5 5 5 5 5 5 5 5 5 5 5 5 5 5 5 
Edges
0 6 0
0 7 0
0 9 0
0 31 0
1 12 0
1 20 0
2 16 0
2 19 0
3 15 0
3 21 0
4 26 0
4 32 0
5 17 0
6 0 0
7 0 0
8 32 0
9 0 0
9 27 0
9 58 0
10 11 0
10 16 0
10 17 0
11 10 0
11 18 0
11 22 0
12 1 0
12 15 0
12 18 0
13 17 0
13 19 0
13 24 0
14 20 0
14 21 0
14 39 0
14 40 0
15 3 0
15 12 0
15 23 0
16 2 0
16 10 0
16 28 0
17 5 0
17 10 0
17 13 0
18 11 0
18 12 0
18 41 0
19 2 0
19 13 0
19 25 0
20 1 0
20 14 0
20 42 0
20 43 0
21 3 0
21 14 0
21 44 0
21 45 0
22 11 0
22 23 0
22 46 0
23 15 0
23 22 0
23 47 0
24 13 0
24 30 0
24 48 0
25 19 0
25 26 0
25 49 0
26 4 0
26 25 0
26 30 0
27 9 0
27 29 0
27 50 0
27 51 0
28 16 0
28 52 0
28 53 0
28 54 0
29 27 0
29 32 0
29 55 0
29 56 0
30 24 0
30 26 0
30 57 0
31 0 0
31 33 0
31 34 0
32 4 0
32 8 0
32 29 0
33 31 0
33 36 0
33 59 0
34 31 0
34 37 0
34 60 0
35 36 0
35 37 0
35 38 0
36 33 0
36 35 0
36 61 0
37 34 0
37 35 0
37 62 0
38 35 0
38 63 0
38 64 0
38 65 0
39 14 0
40 14 0
41 18 0
42 20 0
43 20 0
44 21 0
45 21 0
46 22 0
47 23 0
48 24 0
49 25 0
50 27 0
51 27 0
52 28 0
53 28 0
54 28 0
55 29 0
56 29 0
57 30 0
58 9 0
59 33 0
60 34 0
61 36 0
62 37 0
63 38 0
64 38 0
65 38 0
GraphDataEnd
GraphEnd
NodeEnd
END_EPT
