BEGIN_EPT
AnchorID: 8830  # ID of the anchor node
RootIndex: 0  # Index of the root node in tree_nodes
NodeCount: 2  # Total number of nodes in the EPT
NodeStart
EPTNodeID: 0
AnchorID: 8830
TreeNodeGraphID: 0
Level: 0
SimplifiedLevel: 0
EditOperation: -1 0 -1 0 0
AccumulatedOpsCount: 0
ChildrenCount: 1
ChildIndices: 1
CompletedDBGraphIDsCount: 0
GraphStart
GraphDataStart
ID: 0
NumNodes: 64
NumEdges: 136
NodeLabels
6 6 2 2 2 2 2 3 3 4 4 4 4 4 4 4 4 4 4 4 4 4 4 4 4 4 4 4 4 4 4 4 4 4 4 4 4 4 5 5 5 5 5 5 5 5 5 5 5 5 5 5 5 5 5 5 5 5 5 5 5 5 5 5 
Edges
0 3 0
0 4 0
0 7 0
0 15 0
1 5 0
1 6 0
1 8 0
1 14 0
2 13 0
3 0 0
4 0 0
5 1 0
6 1 0
7 0 0
7 23 0
7 44 0
8 1 0
8 22 0
8 45 0
9 10 0
9 11 0
9 19 0
10 9 0
10 12 0
10 18 0
11 9 0
11 13 0
11 16 0
12 10 0
12 13 0
12 17 0
13 2 0
13 11 0
13 12 0
14 1 0
14 16 0
14 20 0
15 0 0
15 17 0
15 21 0
16 11 0
16 14 0
16 38 0
17 12 0
17 15 0
17 39 0
18 10 0
18 21 0
18 41 0
19 9 0
19 20 0
19 40 0
20 14 0
20 19 0
20 42 0
21 15 0
21 18 0
21 43 0
22 8 0
22 24 0
22 29 0
23 7 0
23 25 0
23 28 0
24 22 0
24 26 0
24 30 0
25 23 0
25 27 0
25 31 0
26 24 0
26 33 0
26 36 0
27 25 0
27 32 0
27 37 0
28 23 0
28 34 0
28 47 0
29 22 0
29 35 0
29 46 0
30 24 0
30 50 0
30 51 0
30 52 0
31 25 0
31 48 0
31 49 0
31 53 0
32 27 0
32 34 0
32 55 0
33 26 0
33 35 0
33 54 0
34 28 0
34 32 0
34 57 0
35 29 0
35 33 0
35 56 0
36 26 0
36 58 0
36 59 0
36 63 0
37 27 0
37 60 0
37 61 0
37 62 0
38 16 0
39 17 0
40 19 0
41 18 0
42 20 0
43 21 0
44 7 0
45 8 0
46 29 0
47 28 0
48 31 0
49 31 0
50 30 0
51 30 0
52 30 0
53 31 0
54 33 0
55 32 0
56 35 0
57 34 0
58 36 0
59 36 0
60 37 0
61 37 0
62 37 0
63 36 0
GraphDataEnd
GraphEnd
NodeEnd
NodeStart
EPTNodeID: 1
AnchorID: 8830
TreeNodeGraphID: 8
Level: 8
SimplifiedLevel: 0
EditOperation: 5 27 57 0 0
AccumulatedOpsCount: 8
AccumulatedOp: 4 26 36 0 0
AccumulatedOp: 5 34 37 0 0
AccumulatedOp: 4 27 37 0 0
AccumulatedOp: 5 35 36 0 0
AccumulatedOp: 4 34 57 0 0
AccumulatedOp: 5 26 56 0 0
AccumulatedOp: 4 35 56 0 0
AccumulatedOp: 5 27 57 0 0
ChildrenCount: 0
ChildIndices:
CompletedDBGraphIDsCount: 1
CompletedDBGraphID: 19350
GraphStart
GraphDataStart
ID: 8
NumNodes: 64
NumEdges: 136
NodeLabels
6 6 2 2 2 2 2 3 3 4 4 4 4 4 4 4 4 4 4 4 4 4 4 4 4 4 4 4 4 4 4 4 4 4 4 4 4 4 5 5 5 5 5 5 5 5 5 5 5 5 5 5 5 5 5 5 5 5 5 5 5 5 5 5 
Edges
0 3 0
0 4 0
0 7 0
0 15 0
1 5 0
1 6 0
1 8 0
1 14 0
2 13 0
3 0 0
4 0 0
5 1 0
6 1 0
7 0 0
7 23 0
7 44 0
8 1 0
8 22 0
8 45 0
9 10 0
9 11 0
9 19 0
10 9 0
10 12 0
10 18 0
11 9 0
11 13 0
11 16 0
12 10 0
12 13 0
12 17 0
13 2 0
13 11 0
13 12 0
14 1 0
14 16 0
14 20 0
15 0 0
15 17 0
15 21 0
16 11 0
16 14 0
16 38 0
17 12 0
17 15 0
17 39 0
18 10 0
18 21 0
18 41 0
19 9 0
19 20 0
19 40 0
20 14 0
20 19 0
20 42 0
21 15 0
21 18 0
21 43 0
22 8 0
22 24 0
22 29 0
23 7 0
23 25 0
23 28 0
24 22 0
24 26 0
24 30 0
25 23 0
25 27 0
25 31 0
26 24 0
26 33 0
26 56 0
27 25 0
27 32 0
27 57 0
28 23 0
28 34 0
28 47 0
29 22 0
29 35 0
29 46 0
30 24 0
30 50 0
30 51 0
30 52 0
31 25 0
31 48 0
31 49 0
31 53 0
32 27 0
32 34 0
32 55 0
33 26 0
33 35 0
33 54 0
34 28 0
34 32 0
34 37 0
35 29 0
35 33 0
35 36 0
36 58 0
36 59 0
36 63 0
36 35 0
37 60 0
37 61 0
37 62 0
37 34 0
38 16 0
39 17 0
40 19 0
41 18 0
42 20 0
43 21 0
44 7 0
45 8 0
46 29 0
47 28 0
48 31 0
49 31 0
50 30 0
51 30 0
52 30 0
53 31 0
54 33 0
55 32 0
56 26 0
57 27 0
58 36 0
59 36 0
60 37 0
61 37 0
62 37 0
63 36 0
GraphDataEnd
GraphEnd
NodeEnd
END_EPT
