BEGIN_EPT
AnchorID: 13619  # ID of the anchor node
RootIndex: 0  # Index of the root node in tree_nodes
NodeCount: 5  # Total number of nodes in the EPT
NodeStart
EPTNodeID: 0
AnchorID: 13619
TreeNodeGraphID: 0
Level: 0
SimplifiedLevel: 0
EditOperation: -1 0 -1 0 0
AccumulatedOpsCount: 0
ChildrenCount: 2
ChildIndices: 1 4
CompletedDBGraphIDsCount: 1
CompletedDBGraphID: 20045
GraphStart
GraphDataStart
ID: 0
NumNodes: 71
NumEdges: 148
NodeLabels
2 2 2 2 2 2 3 3 4 4 4 4 4 4 4 4 4 4 4 4 4 4 4 4 4 4 4 4 4 4 4 4 4 4 4 4 4 5 5 5 5 5 5 5 5 5 5 5 5 5 5 5 5 5 5 5 5 5 5 5 5 5 5 5 5 5 5 5 5 5 5 
Edges
0 14 0
1 22 0
1 28 0
2 20 0
3 24 0
3 31 0
4 26 0
4 32 0
5 29 0
5 36 0
6 11 0
6 18 0
6 48 0
7 20 0
7 27 0
7 54 0
8 9 0
8 10 0
8 15 0
8 16 0
9 8 0
9 11 0
9 37 0
9 38 0
10 8 0
10 14 0
10 39 0
10 40 0
11 6 0
11 9 0
11 12 0
12 11 0
12 13 0
12 14 0
13 12 0
13 17 0
13 19 0
13 41 0
14 0 0
14 10 0
14 12 0
15 8 0
15 42 0
15 43 0
15 44 0
16 8 0
16 45 0
16 46 0
16 47 0
17 13 0
17 18 0
17 20 0
18 6 0
18 17 0
18 21 0
19 13 0
19 22 0
19 23 0
20 2 0
20 7 0
20 17 0
21 18 0
21 49 0
21 50 0
21 51 0
22 1 0
22 19 0
22 25 0
23 19 0
23 24 0
23 52 0
24 3 0
24 23 0
24 26 0
25 22 0
25 26 0
25 53 0
26 4 0
26 24 0
26 25 0
27 7 0
27 29 0
27 30 0
28 1 0
28 55 0
28 56 0
28 57 0
29 5 0
29 27 0
29 33 0
30 27 0
30 34 0
30 58 0
31 3 0
31 59 0
31 60 0
31 61 0
32 4 0
32 62 0
32 63 0
32 64 0
33 29 0
33 35 0
33 65 0
34 30 0
34 35 0
34 66 0
35 33 0
35 34 0
35 67 0
36 5 0
36 68 0
36 69 0
36 70 0
37 9 0
38 9 0
39 10 0
40 10 0
41 13 0
42 15 0
43 15 0
44 15 0
45 16 0
46 16 0
47 16 0
48 6 0
49 21 0
50 21 0
51 21 0
52 23 0
53 25 0
54 7 0
55 28 0
56 28 0
57 28 0
58 30 0
59 31 0
60 31 0
61 31 0
62 32 0
63 32 0
64 32 0
65 33 0
66 34 0
67 35 0
68 36 0
69 36 0
70 36 0
GraphDataEnd
GraphEnd
NodeEnd
NodeStart
EPTNodeID: 1
AnchorID: 13619
TreeNodeGraphID: 1
Level: 1
SimplifiedLevel: 0
EditOperation: 4 1 28 0 0
AccumulatedOpsCount: 1
AccumulatedOp: 4 1 28 0 0
ChildrenCount: 2
ChildIndices: 2 3
CompletedDBGraphIDsCount: 0
GraphStart
GraphDataStart
ID: 1
NumNodes: 71
NumEdges: 146
NodeLabels
2 2 2 2 2 2 3 3 4 4 4 4 4 4 4 4 4 4 4 4 4 4 4 4 4 4 4 4 4 4 4 4 4 4 4 4 4 5 5 5 5 5 5 5 5 5 5 5 5 5 5 5 5 5 5 5 5 5 5 5 5 5 5 5 5 5 5 5 5 5 5 
Edges
0 14 0
1 22 0
2 20 0
3 24 0
3 31 0
4 26 0
4 32 0
5 29 0
5 36 0
6 11 0
6 18 0
6 48 0
7 20 0
7 27 0
7 54 0
8 9 0
8 10 0
8 15 0
8 16 0
9 8 0
9 11 0
9 37 0
9 38 0
10 8 0
10 14 0
10 39 0
10 40 0
11 6 0
11 9 0
11 12 0
12 11 0
12 13 0
12 14 0
13 12 0
13 17 0
13 19 0
13 41 0
14 0 0
14 10 0
14 12 0
15 8 0
15 42 0
15 43 0
15 44 0
16 8 0
16 45 0
16 46 0
16 47 0
17 13 0
17 18 0
17 20 0
18 6 0
18 17 0
18 21 0
19 13 0
19 22 0
19 23 0
20 2 0
20 7 0
20 17 0
21 18 0
21 49 0
21 50 0
21 51 0
22 1 0
22 19 0
22 25 0
23 19 0
23 24 0
23 52 0
24 3 0
24 23 0
24 26 0
25 22 0
25 26 0
25 53 0
26 4 0
26 24 0
26 25 0
27 7 0
27 29 0
27 30 0
28 55 0
28 56 0
28 57 0
29 5 0
29 27 0
29 33 0
30 27 0
30 34 0
30 58 0
31 3 0
31 59 0
31 60 0
31 61 0
32 4 0
32 62 0
32 63 0
32 64 0
33 29 0
33 35 0
33 65 0
34 30 0
34 35 0
34 66 0
35 33 0
35 34 0
35 67 0
36 5 0
36 68 0
36 69 0
36 70 0
37 9 0
38 9 0
39 10 0
40 10 0
41 13 0
42 15 0
43 15 0
44 15 0
45 16 0
46 16 0
47 16 0
48 6 0
49 21 0
50 21 0
51 21 0
52 23 0
53 25 0
54 7 0
55 28 0
56 28 0
57 28 0
58 30 0
59 31 0
60 31 0
61 31 0
62 32 0
63 32 0
64 32 0
65 33 0
66 34 0
67 35 0
68 36 0
69 36 0
70 36 0
GraphDataEnd
GraphEnd
NodeEnd
NodeStart
EPTNodeID: 2
AnchorID: 13619
TreeNodeGraphID: 5
Level: 5
SimplifiedLevel: 0
EditOperation: 1 64 0 5 0
AccumulatedOpsCount: 4
AccumulatedOp: 0 1 0 2 5
AccumulatedOp: 5 28 32 0 0
AccumulatedOp: 4 32 64 0 0
AccumulatedOp: 1 64 0 5 0
ChildrenCount: 0
ChildIndices:
CompletedDBGraphIDsCount: 2
CompletedDBGraphID: 12129
CompletedDBGraphID: 17580
GraphStart
GraphDataStart
ID: 5
NumNodes: 70
NumEdges: 146
NodeLabels
2 5 2 2 2 2 3 3 4 4 4 4 4 4 4 4 4 4 4 4 4 4 4 4 4 4 4 4 4 4 4 4 4 4 4 4 4 5 5 5 5 5 5 5 5 5 5 5 5 5 5 5 5 5 5 5 5 5 5 5 5 5 5 5 5 5 5 5 5 5 
Edges
0 14 0
1 22 0
2 20 0
3 24 0
3 31 0
4 26 0
4 32 0
5 29 0
5 36 0
6 11 0
6 18 0
6 48 0
7 20 0
7 27 0
7 54 0
8 9 0
8 10 0
8 15 0
8 16 0
9 8 0
9 11 0
9 37 0
9 38 0
10 8 0
10 14 0
10 39 0
10 40 0
11 6 0
11 9 0
11 12 0
12 11 0
12 13 0
12 14 0
13 12 0
13 17 0
13 19 0
13 41 0
14 0 0
14 10 0
14 12 0
15 8 0
15 42 0
15 43 0
15 44 0
16 8 0
16 45 0
16 46 0
16 47 0
17 13 0
17 18 0
17 20 0
18 6 0
18 17 0
18 21 0
19 13 0
19 22 0
19 23 0
20 2 0
20 7 0
20 17 0
21 18 0
21 49 0
21 50 0
21 51 0
22 1 0
22 19 0
22 25 0
23 19 0
23 24 0
23 52 0
24 3 0
24 23 0
24 26 0
25 22 0
25 26 0
25 53 0
26 4 0
26 24 0
26 25 0
27 7 0
27 29 0
27 30 0
28 55 0
28 56 0
28 57 0
28 32 0
29 5 0
29 27 0
29 33 0
30 27 0
30 34 0
30 58 0
31 3 0
31 59 0
31 60 0
31 61 0
32 4 0
32 62 0
32 63 0
32 28 0
33 29 0
33 35 0
33 64 0
34 30 0
34 35 0
34 65 0
35 33 0
35 34 0
35 66 0
36 5 0
36 67 0
36 68 0
36 69 0
37 9 0
38 9 0
39 10 0
40 10 0
41 13 0
42 15 0
43 15 0
44 15 0
45 16 0
46 16 0
47 16 0
48 6 0
49 21 0
50 21 0
51 21 0
52 23 0
53 25 0
54 7 0
55 28 0
56 28 0
57 28 0
58 30 0
59 31 0
60 31 0
61 31 0
62 32 0
63 32 0
64 33 0
65 34 0
66 35 0
67 36 0
68 36 0
69 36 0
GraphDataEnd
GraphEnd
NodeEnd
NodeStart
EPTNodeID: 3
AnchorID: 13619
TreeNodeGraphID: 13
Level: 9
SimplifiedLevel: 0
EditOperation: 1 28 0 4 0
AccumulatedOpsCount: 8
AccumulatedOp: 0 1 0 2 8
AccumulatedOp: 4 28 57 0 0
AccumulatedOp: 1 57 0 5 0
AccumulatedOp: 4 28 56 0 0
AccumulatedOp: 1 56 0 5 0
AccumulatedOp: 4 28 55 0 0
AccumulatedOp: 1 55 0 5 0
AccumulatedOp: 1 28 0 4 0
ChildrenCount: 0
ChildIndices:
CompletedDBGraphIDsCount: 2
CompletedDBGraphID: 10204
CompletedDBGraphID: 22669
GraphStart
GraphDataStart
ID: 13
NumNodes: 67
NumEdges: 140
NodeLabels
2 8 2 2 2 2 3 3 4 4 4 4 4 4 4 4 4 4 4 4 4 4 4 4 4 4 4 4 4 4 4 4 4 4 4 4 5 5 5 5 5 5 5 5 5 5 5 5 5 5 5 5 5 5 5 5 5 5 5 5 5 5 5 5 5 5 5 
Edges
0 14 0
1 22 0
2 20 0
3 24 0
3 30 0
4 26 0
4 31 0
5 28 0
5 35 0
6 11 0
6 18 0
6 47 0
7 20 0
7 27 0
7 53 0
8 9 0
8 10 0
8 15 0
8 16 0
9 8 0
9 11 0
9 36 0
9 37 0
10 8 0
10 14 0
10 38 0
10 39 0
11 6 0
11 9 0
11 12 0
12 11 0
12 13 0
12 14 0
13 12 0
13 17 0
13 19 0
13 40 0
14 0 0
14 10 0
14 12 0
15 8 0
15 41 0
15 42 0
15 43 0
16 8 0
16 44 0
16 45 0
16 46 0
17 13 0
17 18 0
17 20 0
18 6 0
18 17 0
18 21 0
19 13 0
19 22 0
19 23 0
20 2 0
20 7 0
20 17 0
21 18 0
21 48 0
21 49 0
21 50 0
22 1 0
22 19 0
22 25 0
23 19 0
23 24 0
23 51 0
24 3 0
24 23 0
24 26 0
25 22 0
25 26 0
25 52 0
26 4 0
26 24 0
26 25 0
27 7 0
27 28 0
27 29 0
28 5 0
28 27 0
28 32 0
29 27 0
29 33 0
29 54 0
30 3 0
30 55 0
30 56 0
30 57 0
31 4 0
31 58 0
31 59 0
31 60 0
32 28 0
32 34 0
32 61 0
33 29 0
33 34 0
33 62 0
34 32 0
34 33 0
34 63 0
35 5 0
35 64 0
35 65 0
35 66 0
36 9 0
37 9 0
38 10 0
39 10 0
40 13 0
41 15 0
42 15 0
43 15 0
44 16 0
45 16 0
46 16 0
47 6 0
48 21 0
49 21 0
50 21 0
51 23 0
52 25 0
53 7 0
54 29 0
55 30 0
56 30 0
57 30 0
58 31 0
59 31 0
60 31 0
61 32 0
62 33 0
63 34 0
64 35 0
65 35 0
66 35 0
GraphDataEnd
GraphEnd
NodeEnd
NodeStart
EPTNodeID: 4
AnchorID: 13619
TreeNodeGraphID: 23
Level: 10
SimplifiedLevel: 0
EditOperation: 1 56 0 5 0
AccumulatedOpsCount: 10
AccumulatedOp: 5 28 32 0 0
AccumulatedOp: 0 3 0 2 5
AccumulatedOp: 4 28 57 0 0
AccumulatedOp: 5 28 31 0 0
AccumulatedOp: 0 4 0 2 5
AccumulatedOp: 1 57 0 5 0
AccumulatedOp: 4 3 31 0 0
AccumulatedOp: 4 4 32 0 0
AccumulatedOp: 4 28 56 0 0
AccumulatedOp: 1 56 0 5 0
ChildrenCount: 0
ChildIndices:
CompletedDBGraphIDsCount: 2
CompletedDBGraphID: 8943
CompletedDBGraphID: 7368
GraphStart
GraphDataStart
ID: 23
NumNodes: 69
NumEdges: 144
NodeLabels
2 2 2 5 5 2 3 3 4 4 4 4 4 4 4 4 4 4 4 4 4 4 4 4 4 4 4 4 4 4 4 4 4 4 4 4 4 5 5 5 5 5 5 5 5 5 5 5 5 5 5 5 5 5 5 5 5 5 5 5 5 5 5 5 5 5 5 5 5 
Edges
0 14 0
1 22 0
1 28 0
2 20 0
3 24 0
4 26 0
5 29 0
5 36 0
6 11 0
6 18 0
6 48 0
7 20 0
7 27 0
7 54 0
8 9 0
8 10 0
8 15 0
8 16 0
9 8 0
9 11 0
9 37 0
9 38 0
10 8 0
10 14 0
10 39 0
10 40 0
11 6 0
11 9 0
11 12 0
12 11 0
12 13 0
12 14 0
13 12 0
13 17 0
13 19 0
13 41 0
14 0 0
14 10 0
14 12 0
15 8 0
15 42 0
15 43 0
15 44 0
16 8 0
16 45 0
16 46 0
16 47 0
17 13 0
17 18 0
17 20 0
18 6 0
18 17 0
18 21 0
19 13 0
19 22 0
19 23 0
20 2 0
20 7 0
20 17 0
21 18 0
21 49 0
21 50 0
21 51 0
22 1 0
22 19 0
22 25 0
23 19 0
23 24 0
23 52 0
24 3 0
24 23 0
24 26 0
25 22 0
25 26 0
25 53 0
26 4 0
26 24 0
26 25 0
27 7 0
27 29 0
27 30 0
28 1 0
28 55 0
28 32 0
28 31 0
29 5 0
29 27 0
29 33 0
30 27 0
30 34 0
30 56 0
31 57 0
31 58 0
31 59 0
31 28 0
32 60 0
32 61 0
32 62 0
32 28 0
33 29 0
33 35 0
33 63 0
34 30 0
34 35 0
34 64 0
35 33 0
35 34 0
35 65 0
36 5 0
36 66 0
36 67 0
36 68 0
37 9 0
38 9 0
39 10 0
40 10 0
41 13 0
42 15 0
43 15 0
44 15 0
45 16 0
46 16 0
47 16 0
48 6 0
49 21 0
50 21 0
51 21 0
52 23 0
53 25 0
54 7 0
55 28 0
56 30 0
57 31 0
58 31 0
59 31 0
60 32 0
61 32 0
62 32 0
63 33 0
64 34 0
65 35 0
66 36 0
67 36 0
68 36 0
GraphDataEnd
GraphEnd
NodeEnd
END_EPT
