BEGIN_EPT
AnchorID: 17803  # ID of the anchor node
RootIndex: 0  # Index of the root node in tree_nodes
NodeCount: 3  # Total number of nodes in the EPT
NodeStart
EPTNodeID: 0
AnchorID: 17803
TreeNodeGraphID: 0
Level: 0
SimplifiedLevel: 0
EditOperation: -1 0 -1 0 0
AccumulatedOpsCount: 0
ChildrenCount: 1
ChildIndices: 1
CompletedDBGraphIDsCount: 0
GraphStart
GraphDataStart
ID: 0
NumNodes: 65
NumEdges: 138
NodeLabels
7 6 1 2 2 3 3 3 3 3 3 4 4 4 4 4 4 4 4 4 4 4 4 4 4 4 4 4 4 4 4 4 4 4 4 4 4 4 4 5 5 5 5 5 5 5 5 5 5 5 5 5 5 5 5 5 5 5 5 5 5 5 5 5 5 
Edges
0 22 0
1 17 0
1 23 0
2 38 0
3 16 0
4 32 0
5 11 0
5 12 0
5 15 0
6 13 0
6 14 0
6 16 0
7 23 0
7 24 0
7 26 0
8 9 0
8 23 0
9 8 0
9 24 0
10 29 0
10 32 0
10 60 0
11 5 0
11 13 0
11 41 0
11 42 0
12 5 0
12 14 0
12 39 0
12 40 0
13 6 0
13 11 0
13 45 0
13 46 0
14 6 0
14 12 0
14 43 0
14 44 0
15 5 0
15 18 0
15 19 0
16 3 0
16 6 0
16 17 0
17 1 0
17 16 0
17 47 0
17 48 0
18 15 0
18 20 0
18 49 0
19 15 0
19 21 0
19 50 0
20 18 0
20 22 0
20 51 0
21 19 0
21 22 0
21 52 0
22 0 0
22 20 0
22 21 0
23 1 0
23 7 0
23 8 0
24 7 0
24 9 0
24 25 0
25 24 0
25 27 0
25 28 0
26 7 0
26 53 0
26 54 0
26 55 0
27 25 0
27 30 0
27 56 0
28 25 0
28 31 0
28 57 0
29 10 0
29 30 0
29 31 0
30 27 0
30 29 0
30 58 0
31 28 0
31 29 0
31 59 0
32 4 0
32 10 0
32 33 0
33 32 0
33 34 0
33 35 0
34 33 0
34 36 0
34 61 0
35 33 0
35 37 0
35 62 0
36 34 0
36 38 0
36 63 0
37 35 0
37 38 0
37 64 0
38 2 0
38 36 0
38 37 0
39 12 0
40 12 0
41 11 0
42 11 0
43 14 0
44 14 0
45 13 0
46 13 0
47 17 0
48 17 0
49 18 0
50 19 0
51 20 0
52 21 0
53 26 0
54 26 0
55 26 0
56 27 0
57 28 0
58 30 0
59 31 0
60 10 0
61 34 0
62 35 0
63 36 0
64 37 0
GraphDataEnd
GraphEnd
NodeEnd
NodeStart
EPTNodeID: 1
AnchorID: 17803
TreeNodeGraphID: 1
Level: 1
SimplifiedLevel: 0
EditOperation: 0 0 0 7 5
AccumulatedOpsCount: 1
AccumulatedOp: 0 0 0 7 5
ChildrenCount: 1
ChildIndices: 2
CompletedDBGraphIDsCount: 1
CompletedDBGraphID: 18441
GraphStart
GraphDataStart
ID: 1
NumNodes: 65
NumEdges: 138
NodeLabels
5 6 1 2 2 3 3 3 3 3 3 4 4 4 4 4 4 4 4 4 4 4 4 4 4 4 4 4 4 4 4 4 4 4 4 4 4 4 4 5 5 5 5 5 5 5 5 5 5 5 5 5 5 5 5 5 5 5 5 5 5 5 5 5 5 
Edges
0 22 0
1 17 0
1 23 0
2 38 0
3 16 0
4 32 0
5 11 0
5 12 0
5 15 0
6 13 0
6 14 0
6 16 0
7 23 0
7 24 0
7 26 0
8 9 0
8 23 0
9 8 0
9 24 0
10 29 0
10 32 0
10 60 0
11 5 0
11 13 0
11 41 0
11 42 0
12 5 0
12 14 0
12 39 0
12 40 0
13 6 0
13 11 0
13 45 0
13 46 0
14 6 0
14 12 0
14 43 0
14 44 0
15 5 0
15 18 0
15 19 0
16 3 0
16 6 0
16 17 0
17 1 0
17 16 0
17 47 0
17 48 0
18 15 0
18 20 0
18 49 0
19 15 0
19 21 0
19 50 0
20 18 0
20 22 0
20 51 0
21 19 0
21 22 0
21 52 0
22 0 0
22 20 0
22 21 0
23 1 0
23 7 0
23 8 0
24 7 0
24 9 0
24 25 0
25 24 0
25 27 0
25 28 0
26 7 0
26 53 0
26 54 0
26 55 0
27 25 0
27 30 0
27 56 0
28 25 0
28 31 0
28 57 0
29 10 0
29 30 0
29 31 0
30 27 0
30 29 0
30 58 0
31 28 0
31 29 0
31 59 0
32 4 0
32 10 0
32 33 0
33 32 0
33 34 0
33 35 0
34 33 0
34 36 0
34 61 0
35 33 0
35 37 0
35 62 0
36 34 0
36 38 0
36 63 0
37 35 0
37 38 0
37 64 0
38 2 0
38 36 0
38 37 0
39 12 0
40 12 0
41 11 0
42 11 0
43 14 0
44 14 0
45 13 0
46 13 0
47 17 0
48 17 0
49 18 0
50 19 0
51 20 0
52 21 0
53 26 0
54 26 0
55 26 0
56 27 0
57 28 0
58 30 0
59 31 0
60 10 0
61 34 0
62 35 0
63 36 0
64 37 0
GraphDataEnd
GraphEnd
NodeEnd
NodeStart
EPTNodeID: 2
AnchorID: 17803
TreeNodeGraphID: 3
Level: 3
SimplifiedLevel: 0
EditOperation: 0 61 0 5 8
AccumulatedOpsCount: 2
AccumulatedOp: 0 2 0 1 5
AccumulatedOp: 0 61 0 5 8
ChildrenCount: 0
ChildIndices:
CompletedDBGraphIDsCount: 1
CompletedDBGraphID: 12579
GraphStart
GraphDataStart
ID: 3
NumNodes: 65
NumEdges: 138
NodeLabels
5 6 5 2 2 3 3 3 3 3 3 4 4 4 4 4 4 4 4 4 4 4 4 4 4 4 4 4 4 4 4 4 4 4 4 4 4 4 4 5 5 5 5 5 5 5 5 5 5 5 5 5 5 5 5 5 5 5 5 5 5 8 5 5 5 
Edges
0 22 0
1 17 0
1 23 0
2 38 0
3 16 0
4 32 0
5 11 0
5 12 0
5 15 0
6 13 0
6 14 0
6 16 0
7 23 0
7 24 0
7 26 0
8 9 0
8 23 0
9 8 0
9 24 0
10 29 0
10 32 0
10 60 0
11 5 0
11 13 0
11 41 0
11 42 0
12 5 0
12 14 0
12 39 0
12 40 0
13 6 0
13 11 0
13 45 0
13 46 0
14 6 0
14 12 0
14 43 0
14 44 0
15 5 0
15 18 0
15 19 0
16 3 0
16 6 0
16 17 0
17 1 0
17 16 0
17 47 0
17 48 0
18 15 0
18 20 0
18 49 0
19 15 0
19 21 0
19 50 0
20 18 0
20 22 0
20 51 0
21 19 0
21 22 0
21 52 0
22 0 0
22 20 0
22 21 0
23 1 0
23 7 0
23 8 0
24 7 0
24 9 0
24 25 0
25 24 0
25 27 0
25 28 0
26 7 0
26 53 0
26 54 0
26 55 0
27 25 0
27 30 0
27 56 0
28 25 0
28 31 0
28 57 0
29 10 0
29 30 0
29 31 0
30 27 0
30 29 0
30 58 0
31 28 0
31 29 0
31 59 0
32 4 0
32 10 0
32 33 0
33 32 0
33 34 0
33 35 0
34 33 0
34 36 0
34 61 0
35 33 0
35 37 0
35 62 0
36 34 0
36 38 0
36 63 0
37 35 0
37 38 0
37 64 0
38 2 0
38 36 0
38 37 0
39 12 0
40 12 0
41 11 0
42 11 0
43 14 0
44 14 0
45 13 0
46 13 0
47 17 0
48 17 0
49 18 0
50 19 0
51 20 0
52 21 0
53 26 0
54 26 0
55 26 0
56 27 0
57 28 0
58 30 0
59 31 0
60 10 0
61 34 0
62 35 0
63 36 0
64 37 0
GraphDataEnd
GraphEnd
NodeEnd
END_EPT
