BEGIN_EPT
AnchorID: 21785  # ID of the anchor node
RootIndex: 0  # Index of the root node in tree_nodes
NodeCount: 1  # Total number of nodes in the EPT
NodeStart
EPTNodeID: 0
AnchorID: 21785
TreeNodeGraphID: 0
Level: 0
SimplifiedLevel: 0
EditOperation: -1 0 -1 0 0
AccumulatedOpsCount: 0
ChildrenCount: 0
ChildIndices:
CompletedDBGraphIDsCount: 1
CompletedDBGraphID: 4786
GraphStart
GraphDataStart
ID: 0
NumNodes: 75
NumEdges: 160
NodeLabels
2 2 2 2 2 3 3 3 4 4 4 4 4 4 4 4 4 4 4 4 4 4 4 4 4 4 4 4 4 4 4 4 4 4 4 4 4 4 4 4 4 4 5 5 5 5 5 5 5 5 5 5 5 5 5 5 5 5 5 5 5 5 5 5 5 5 5 5 5 5 5 5 5 5 5 
Edges
0 14 0
1 20 0
2 21 0
3 25 0
3 34 0
4 28 0
4 33 0
5 11 0
5 18 0
5 53 0
6 18 0
6 21 0
6 22 0
7 20 0
7 21 0
7 58 0
8 9 0
8 10 0
8 15 0
8 16 0
9 8 0
9 11 0
9 42 0
9 43 0
10 8 0
10 14 0
10 44 0
10 45 0
11 5 0
11 9 0
11 12 0
12 11 0
12 13 0
12 14 0
13 12 0
13 17 0
13 19 0
13 46 0
14 0 0
14 10 0
14 12 0
15 8 0
15 47 0
15 48 0
15 49 0
16 8 0
16 50 0
16 51 0
16 52 0
17 13 0
17 18 0
17 20 0
18 5 0
18 6 0
18 17 0
19 13 0
19 23 0
19 24 0
20 1 0
20 7 0
20 17 0
21 2 0
21 6 0
21 7 0
22 6 0
22 27 0
22 54 0
22 55 0
23 19 0
23 25 0
23 56 0
24 19 0
24 26 0
24 57 0
25 3 0
25 23 0
25 28 0
26 24 0
26 28 0
26 59 0
27 22 0
27 29 0
27 30 0
28 4 0
28 25 0
28 26 0
29 27 0
29 31 0
29 60 0
30 27 0
30 32 0
30 61 0
31 29 0
31 35 0
31 62 0
32 30 0
32 35 0
32 63 0
33 4 0
33 36 0
33 64 0
33 65 0
34 3 0
34 66 0
34 67 0
34 68 0
35 31 0
35 32 0
35 69 0
36 33 0
36 37 0
36 38 0
37 36 0
37 39 0
37 70 0
38 36 0
38 40 0
38 71 0
39 37 0
39 41 0
39 72 0
40 38 0
40 41 0
40 73 0
41 39 0
41 40 0
41 74 0
42 9 0
43 9 0
44 10 0
45 10 0
46 13 0
47 15 0
48 15 0
49 15 0
50 16 0
51 16 0
52 16 0
53 5 0
54 22 0
55 22 0
56 23 0
57 24 0
58 7 0
59 26 0
60 29 0
61 30 0
62 31 0
63 32 0
64 33 0
65 33 0
66 34 0
67 34 0
68 34 0
69 35 0
70 37 0
71 38 0
72 39 0
73 40 0
74 41 0
GraphDataEnd
GraphEnd
NodeEnd
END_EPT
