BEGIN_EPT
AnchorID: 3386  # ID of the anchor node
RootIndex: 0  # Index of the root node in tree_nodes
NodeCount: 10  # Total number of nodes in the EPT
NodeStart
EPTNodeID: 0
AnchorID: 3386
TreeNodeGraphID: 0
Level: 0
SimplifiedLevel: 0
EditOperation: -1 0 -1 0 0
AccumulatedOpsCount: 0
ChildrenCount: 3
ChildIndices: 1 8 9
CompletedDBGraphIDsCount: 0
GraphStart
GraphDataStart
ID: 0
NumNodes: 57
NumEdges: 122
NodeLabels
6 2 2 3 3 3 3 3 4 4 4 4 4 4 4 4 4 4 4 4 4 4 4 4 4 4 4 4 4 4 4 4 4 4 4 4 5 5 5 5 5 5 5 5 5 5 5 5 5 5 5 5 5 5 5 5 5 
Edges
0 13 0
0 19 0
1 14 0
1 29 0
2 21 0
3 11 0
3 12 0
3 13 0
4 9 0
4 21 0
4 41 0
5 6 0
5 11 0
6 5 0
6 13 0
7 35 0
8 9 0
8 10 0
8 16 0
9 4 0
9 8 0
9 15 0
10 8 0
10 17 0
10 18 0
11 3 0
11 5 0
11 14 0
12 3 0
12 22 0
12 23 0
13 0 0
13 3 0
13 6 0
14 1 0
14 11 0
14 36 0
14 37 0
15 9 0
15 20 0
15 38 0
16 8 0
16 24 0
16 39 0
17 10 0
17 20 0
17 40 0
18 10 0
18 25 0
18 42 0
19 0 0
19 21 0
19 43 0
19 44 0
20 15 0
20 17 0
20 45 0
21 2 0
21 4 0
21 19 0
22 12 0
22 26 0
22 46 0
23 12 0
23 27 0
23 47 0
24 16 0
24 25 0
24 48 0
25 18 0
25 24 0
25 49 0
26 22 0
26 28 0
26 50 0
27 23 0
27 28 0
27 51 0
28 26 0
28 27 0
28 52 0
29 1 0
29 30 0
29 31 0
30 29 0
30 32 0
30 53 0
31 29 0
31 33 0
31 54 0
32 30 0
32 34 0
32 55 0
33 31 0
33 34 0
33 56 0
34 32 0
34 33 0
34 35 0
35 7 0
35 34 0
36 14 0
37 14 0
38 15 0
39 16 0
40 17 0
41 4 0
42 18 0
43 19 0
44 19 0
45 20 0
46 22 0
47 23 0
48 24 0
49 25 0
50 26 0
51 27 0
52 28 0
53 30 0
54 31 0
55 32 0
56 33 0
GraphDataEnd
GraphEnd
NodeEnd
NodeStart
EPTNodeID: 1
AnchorID: 3386
TreeNodeGraphID: 1
Level: 1
SimplifiedLevel: 0
EditOperation: 0 7 0 3 5
AccumulatedOpsCount: 1
AccumulatedOp: 0 7 0 3 5
ChildrenCount: 2
ChildIndices: 2 7
CompletedDBGraphIDsCount: 0
GraphStart
GraphDataStart
ID: 1
NumNodes: 57
NumEdges: 122
NodeLabels
6 2 2 3 3 3 3 5 4 4 4 4 4 4 4 4 4 4 4 4 4 4 4 4 4 4 4 4 4 4 4 4 4 4 4 4 5 5 5 5 5 5 5 5 5 5 5 5 5 5 5 5 5 5 5 5 5 
Edges
0 13 0
0 19 0
1 14 0
1 29 0
2 21 0
3 11 0
3 12 0
3 13 0
4 9 0
4 21 0
4 41 0
5 6 0
5 11 0
6 5 0
6 13 0
7 35 0
8 9 0
8 10 0
8 16 0
9 4 0
9 8 0
9 15 0
10 8 0
10 17 0
10 18 0
11 3 0
11 5 0
11 14 0
12 3 0
12 22 0
12 23 0
13 0 0
13 3 0
13 6 0
14 1 0
14 11 0
14 36 0
14 37 0
15 9 0
15 20 0
15 38 0
16 8 0
16 24 0
16 39 0
17 10 0
17 20 0
17 40 0
18 10 0
18 25 0
18 42 0
19 0 0
19 21 0
19 43 0
19 44 0
20 15 0
20 17 0
20 45 0
21 2 0
21 4 0
21 19 0
22 12 0
22 26 0
22 46 0
23 12 0
23 27 0
23 47 0
24 16 0
24 25 0
24 48 0
25 18 0
25 24 0
25 49 0
26 22 0
26 28 0
26 50 0
27 23 0
27 28 0
27 51 0
28 26 0
28 27 0
28 52 0
29 1 0
29 30 0
29 31 0
30 29 0
30 32 0
30 53 0
31 29 0
31 33 0
31 54 0
32 30 0
32 34 0
32 55 0
33 31 0
33 34 0
33 56 0
34 32 0
34 33 0
34 35 0
35 7 0
35 34 0
36 14 0
37 14 0
38 15 0
39 16 0
40 17 0
41 4 0
42 18 0
43 19 0
44 19 0
45 20 0
46 22 0
47 23 0
48 24 0
49 25 0
50 26 0
51 27 0
52 28 0
53 30 0
54 31 0
55 32 0
56 33 0
GraphDataEnd
GraphEnd
NodeEnd
NodeStart
EPTNodeID: 2
AnchorID: 3386
TreeNodeGraphID: 3
Level: 3
SimplifiedLevel: 0
EditOperation: 2 58 0 0 5
AccumulatedOpsCount: 2
AccumulatedOp: 2 57 0 0 5
AccumulatedOp: 2 58 0 0 5
ChildrenCount: 2
ChildIndices: 3 6
CompletedDBGraphIDsCount: 0
GraphStart
GraphDataStart
ID: 3
NumNodes: 59
NumEdges: 122
NodeLabels
6 2 2 3 3 3 3 5 4 4 4 4 4 4 4 4 4 4 4 4 4 4 4 4 4 4 4 4 4 4 4 4 4 4 4 4 5 5 5 5 5 5 5 5 5 5 5 5 5 5 5 5 5 5 5 5 5 5 5 
Edges
0 13 0
0 19 0
1 14 0
1 29 0
2 21 0
3 11 0
3 12 0
3 13 0
4 9 0
4 21 0
4 41 0
5 6 0
5 11 0
6 5 0
6 13 0
7 35 0
8 9 0
8 10 0
8 16 0
9 4 0
9 8 0
9 15 0
10 8 0
10 17 0
10 18 0
11 3 0
11 5 0
11 14 0
12 3 0
12 22 0
12 23 0
13 0 0
13 3 0
13 6 0
14 1 0
14 11 0
14 36 0
14 37 0
15 9 0
15 20 0
15 38 0
16 8 0
16 24 0
16 39 0
17 10 0
17 20 0
17 40 0
18 10 0
18 25 0
18 42 0
19 0 0
19 21 0
19 43 0
19 44 0
20 15 0
20 17 0
20 45 0
21 2 0
21 4 0
21 19 0
22 12 0
22 26 0
22 46 0
23 12 0
23 27 0
23 47 0
24 16 0
24 25 0
24 48 0
25 18 0
25 24 0
25 49 0
26 22 0
26 28 0
26 50 0
27 23 0
27 28 0
27 51 0
28 26 0
28 27 0
28 52 0
29 1 0
29 30 0
29 31 0
30 29 0
30 32 0
30 53 0
31 29 0
31 33 0
31 54 0
32 30 0
32 34 0
32 55 0
33 31 0
33 34 0
33 56 0
34 32 0
34 33 0
34 35 0
35 7 0
35 34 0
36 14 0
37 14 0
38 15 0
39 16 0
40 17 0
41 4 0
42 18 0
43 19 0
44 19 0
45 20 0
46 22 0
47 23 0
48 24 0
49 25 0
50 26 0
51 27 0
52 28 0
53 30 0
54 31 0
55 32 0
56 33 0
GraphDataEnd
GraphEnd
NodeEnd
NodeStart
EPTNodeID: 3
AnchorID: 3386
TreeNodeGraphID: 4
Level: 4
SimplifiedLevel: 0
EditOperation: 5 35 58 0 0
AccumulatedOpsCount: 1
AccumulatedOp: 5 35 58 0 0
ChildrenCount: 2
ChildIndices: 4 5
CompletedDBGraphIDsCount: 0
GraphStart
GraphDataStart
ID: 4
NumNodes: 59
NumEdges: 124
NodeLabels
6 2 2 3 3 3 3 5 4 4 4 4 4 4 4 4 4 4 4 4 4 4 4 4 4 4 4 4 4 4 4 4 4 4 4 4 5 5 5 5 5 5 5 5 5 5 5 5 5 5 5 5 5 5 5 5 5 5 5 
Edges
0 13 0
0 19 0
1 14 0
1 29 0
2 21 0
3 11 0
3 12 0
3 13 0
4 9 0
4 21 0
4 41 0
5 6 0
5 11 0
6 5 0
6 13 0
7 35 0
8 9 0
8 10 0
8 16 0
9 4 0
9 8 0
9 15 0
10 8 0
10 17 0
10 18 0
11 3 0
11 5 0
11 14 0
12 3 0
12 22 0
12 23 0
13 0 0
13 3 0
13 6 0
14 1 0
14 11 0
14 36 0
14 37 0
15 9 0
15 20 0
15 38 0
16 8 0
16 24 0
16 39 0
17 10 0
17 20 0
17 40 0
18 10 0
18 25 0
18 42 0
19 0 0
19 21 0
19 43 0
19 44 0
20 15 0
20 17 0
20 45 0
21 2 0
21 4 0
21 19 0
22 12 0
22 26 0
22 46 0
23 12 0
23 27 0
23 47 0
24 16 0
24 25 0
24 48 0
25 18 0
25 24 0
25 49 0
26 22 0
26 28 0
26 50 0
27 23 0
27 28 0
27 51 0
28 26 0
28 27 0
28 52 0
29 1 0
29 30 0
29 31 0
30 29 0
30 32 0
30 53 0
31 29 0
31 33 0
31 54 0
32 30 0
32 34 0
32 55 0
33 31 0
33 34 0
33 56 0
34 32 0
34 33 0
34 35 0
35 7 0
35 34 0
35 58 0
36 14 0
37 14 0
38 15 0
39 16 0
40 17 0
41 4 0
42 18 0
43 19 0
44 19 0
45 20 0
46 22 0
47 23 0
48 24 0
49 25 0
50 26 0
51 27 0
52 28 0
53 30 0
54 31 0
55 32 0
56 33 0
58 35 0
GraphDataEnd
GraphEnd
NodeEnd
NodeStart
EPTNodeID: 4
AnchorID: 3386
TreeNodeGraphID: 5
Level: 5
SimplifiedLevel: 0
EditOperation: 5 35 57 0 0
AccumulatedOpsCount: 1
AccumulatedOp: 5 35 57 0 0
ChildrenCount: 0
ChildIndices:
CompletedDBGraphIDsCount: 1
CompletedDBGraphID: 7895
GraphStart
GraphDataStart
ID: 5
NumNodes: 59
NumEdges: 126
NodeLabels
6 2 2 3 3 3 3 5 4 4 4 4 4 4 4 4 4 4 4 4 4 4 4 4 4 4 4 4 4 4 4 4 4 4 4 4 5 5 5 5 5 5 5 5 5 5 5 5 5 5 5 5 5 5 5 5 5 5 5 
Edges
0 13 0
0 19 0
1 14 0
1 29 0
2 21 0
3 11 0
3 12 0
3 13 0
4 9 0
4 21 0
4 41 0
5 6 0
5 11 0
6 5 0
6 13 0
7 35 0
8 9 0
8 10 0
8 16 0
9 4 0
9 8 0
9 15 0
10 8 0
10 17 0
10 18 0
11 3 0
11 5 0
11 14 0
12 3 0
12 22 0
12 23 0
13 0 0
13 3 0
13 6 0
14 1 0
14 11 0
14 36 0
14 37 0
15 9 0
15 20 0
15 38 0
16 8 0
16 24 0
16 39 0
17 10 0
17 20 0
17 40 0
18 10 0
18 25 0
18 42 0
19 0 0
19 21 0
19 43 0
19 44 0
20 15 0
20 17 0
20 45 0
21 2 0
21 4 0
21 19 0
22 12 0
22 26 0
22 46 0
23 12 0
23 27 0
23 47 0
24 16 0
24 25 0
24 48 0
25 18 0
25 24 0
25 49 0
26 22 0
26 28 0
26 50 0
27 23 0
27 28 0
27 51 0
28 26 0
28 27 0
28 52 0
29 1 0
29 30 0
29 31 0
30 29 0
30 32 0
30 53 0
31 29 0
31 33 0
31 54 0
32 30 0
32 34 0
32 55 0
33 31 0
33 34 0
33 56 0
34 32 0
34 33 0
34 35 0
35 7 0
35 34 0
35 58 0
35 57 0
36 14 0
37 14 0
38 15 0
39 16 0
40 17 0
41 4 0
42 18 0
43 19 0
44 19 0
45 20 0
46 22 0
47 23 0
48 24 0
49 25 0
50 26 0
51 27 0
52 28 0
53 30 0
54 31 0
55 32 0
56 33 0
57 35 0
58 35 0
GraphDataEnd
GraphEnd
NodeEnd
NodeStart
EPTNodeID: 5
AnchorID: 3386
TreeNodeGraphID: 11
Level: 10
SimplifiedLevel: 0
EditOperation: 5 34 57 0 0
AccumulatedOpsCount: 6
AccumulatedOp: 0 54 0 5 2
AccumulatedOp: 5 35 54 0 0
AccumulatedOp: 2 59 0 0 5
AccumulatedOp: 5 35 59 0 0
AccumulatedOp: 4 34 35 0 0
AccumulatedOp: 5 34 57 0 0
ChildrenCount: 0
ChildIndices:
CompletedDBGraphIDsCount: 1
CompletedDBGraphID: 3480
GraphStart
GraphDataStart
ID: 11
NumNodes: 60
NumEdges: 128
NodeLabels
6 2 2 3 3 3 3 5 4 4 4 4 4 4 4 4 4 4 4 4 4 4 4 4 4 4 4 4 4 4 4 4 4 4 4 4 5 5 5 5 5 5 5 5 5 5 5 5 5 5 5 5 5 5 2 5 5 5 5 5 
Edges
0 13 0
0 19 0
1 14 0
1 29 0
2 21 0
3 11 0
3 12 0
3 13 0
4 9 0
4 21 0
4 41 0
5 6 0
5 11 0
6 5 0
6 13 0
7 35 0
8 9 0
8 10 0
8 16 0
9 4 0
9 8 0
9 15 0
10 8 0
10 17 0
10 18 0
11 3 0
11 5 0
11 14 0
12 3 0
12 22 0
12 23 0
13 0 0
13 3 0
13 6 0
14 1 0
14 11 0
14 36 0
14 37 0
15 9 0
15 20 0
15 38 0
16 8 0
16 24 0
16 39 0
17 10 0
17 20 0
17 40 0
18 10 0
18 25 0
18 42 0
19 0 0
19 21 0
19 43 0
19 44 0
20 15 0
20 17 0
20 45 0
21 2 0
21 4 0
21 19 0
22 12 0
22 26 0
22 46 0
23 12 0
23 27 0
23 47 0
24 16 0
24 25 0
24 48 0
25 18 0
25 24 0
25 49 0
26 22 0
26 28 0
26 50 0
27 23 0
27 28 0
27 51 0
28 26 0
28 27 0
28 52 0
29 1 0
29 30 0
29 31 0
30 29 0
30 32 0
30 53 0
31 29 0
31 33 0
31 54 0
32 30 0
32 34 0
32 55 0
33 31 0
33 34 0
33 56 0
34 32 0
34 33 0
34 57 0
35 7 0
35 58 0
35 54 0
35 59 0
36 14 0
37 14 0
38 15 0
39 16 0
40 17 0
41 4 0
42 18 0
43 19 0
44 19 0
45 20 0
46 22 0
47 23 0
48 24 0
49 25 0
50 26 0
51 27 0
52 28 0
53 30 0
54 31 0
54 35 0
55 32 0
56 33 0
57 34 0
58 35 0
59 35 0
GraphDataEnd
GraphEnd
NodeEnd
NodeStart
EPTNodeID: 6
AnchorID: 3386
TreeNodeGraphID: 23
Level: 15
SimplifiedLevel: 0
EditOperation: 5 25 60 0 0
AccumulatedOpsCount: 12
AccumulatedOp: 2 59 0 0 5
AccumulatedOp: 5 56 57 0 0
AccumulatedOp: 4 8 16 0 0
AccumulatedOp: 0 56 0 5 4
AccumulatedOp: 0 42 0 5 2
AccumulatedOp: 5 24 35 0 0
AccumulatedOp: 2 60 0 0 5
AccumulatedOp: 5 16 56 0 0
AccumulatedOp: 4 24 25 0 0
AccumulatedOp: 5 25 59 0 0
AccumulatedOp: 5 8 58 0 0
AccumulatedOp: 5 25 60 0 0
ChildrenCount: 0
ChildIndices:
CompletedDBGraphIDsCount: 1
CompletedDBGraphID: 11923
GraphStart
GraphDataStart
ID: 23
NumNodes: 61
NumEdges: 130
NodeLabels
6 2 2 3 3 3 3 5 4 4 4 4 4 4 4 4 4 4 4 4 4 4 4 4 4 4 4 4 4 4 4 4 4 4 4 4 5 5 5 5 5 5 2 5 5 5 5 5 5 5 5 5 5 5 5 5 4 5 5 5 5 
Edges
0 13 0
0 19 0
1 14 0
1 29 0
2 21 0
3 11 0
3 12 0
3 13 0
4 9 0
4 21 0
4 41 0
5 6 0
5 11 0
6 5 0
6 13 0
7 35 0
8 9 0
8 10 0
8 58 0
9 4 0
9 8 0
9 15 0
10 8 0
10 17 0
10 18 0
11 3 0
11 5 0
11 14 0
12 3 0
12 22 0
12 23 0
13 0 0
13 3 0
13 6 0
14 1 0
14 11 0
14 36 0
14 37 0
15 9 0
15 20 0
15 38 0
16 24 0
16 39 0
16 56 0
17 10 0
17 20 0
17 40 0
18 10 0
18 25 0
18 42 0
19 0 0
19 21 0
19 43 0
19 44 0
20 15 0
20 17 0
20 45 0
21 2 0
21 4 0
21 19 0
22 12 0
22 26 0
22 46 0
23 12 0
23 27 0
23 47 0
24 16 0
24 48 0
24 35 0
25 18 0
25 49 0
25 59 0
25 60 0
26 22 0
26 28 0
26 50 0
27 23 0
27 28 0
27 51 0
28 26 0
28 27 0
28 52 0
29 1 0
29 30 0
29 31 0
30 29 0
30 32 0
30 53 0
31 29 0
31 33 0
31 54 0
32 30 0
32 34 0
32 55 0
33 31 0
33 34 0
33 56 0
34 32 0
34 33 0
34 35 0
35 7 0
35 34 0
35 24 0
36 14 0
37 14 0
38 15 0
39 16 0
40 17 0
41 4 0
42 18 0
43 19 0
44 19 0
45 20 0
46 22 0
47 23 0
48 24 0
49 25 0
50 26 0
51 27 0
52 28 0
53 30 0
54 31 0
55 32 0
56 33 0
56 57 0
56 16 0
57 56 0
58 8 0
59 25 0
60 25 0
GraphDataEnd
GraphEnd
NodeEnd
NodeStart
EPTNodeID: 7
AnchorID: 3386
TreeNodeGraphID: 27
Level: 5
SimplifiedLevel: 0
EditOperation: 5 14 35 0 0
AccumulatedOpsCount: 4
AccumulatedOp: 4 1 14 0 0
AccumulatedOp: 0 1 0 2 1
AccumulatedOp: 0 35 0 4 3
AccumulatedOp: 5 14 35 0 0
ChildrenCount: 0
ChildIndices:
CompletedDBGraphIDsCount: 1
CompletedDBGraphID: 9023
GraphStart
GraphDataStart
ID: 27
NumNodes: 57
NumEdges: 122
NodeLabels
6 1 2 3 3 3 3 5 4 4 4 4 4 4 4 4 4 4 4 4 4 4 4 4 4 4 4 4 4 4 4 4 4 4 4 3 5 5 5 5 5 5 5 5 5 5 5 5 5 5 5 5 5 5 5 5 5 
Edges
0 13 0
0 19 0
1 29 0
2 21 0
3 11 0
3 12 0
3 13 0
4 9 0
4 21 0
4 41 0
5 6 0
5 11 0
6 5 0
6 13 0
7 35 0
8 9 0
8 10 0
8 16 0
9 4 0
9 8 0
9 15 0
10 8 0
10 17 0
10 18 0
11 3 0
11 5 0
11 14 0
12 3 0
12 22 0
12 23 0
13 0 0
13 3 0
13 6 0
14 11 0
14 36 0
14 37 0
14 35 0
15 9 0
15 20 0
15 38 0
16 8 0
16 24 0
16 39 0
17 10 0
17 20 0
17 40 0
18 10 0
18 25 0
18 42 0
19 0 0
19 21 0
19 43 0
19 44 0
20 15 0
20 17 0
20 45 0
21 2 0
21 4 0
21 19 0
22 12 0
22 26 0
22 46 0
23 12 0
23 27 0
23 47 0
24 16 0
24 25 0
24 48 0
25 18 0
25 24 0
25 49 0
26 22 0
26 28 0
26 50 0
27 23 0
27 28 0
27 51 0
28 26 0
28 27 0
28 52 0
29 1 0
29 30 0
29 31 0
30 29 0
30 32 0
30 53 0
31 29 0
31 33 0
31 54 0
32 30 0
32 34 0
32 55 0
33 31 0
33 34 0
33 56 0
34 32 0
34 33 0
34 35 0
35 7 0
35 34 0
35 14 0
36 14 0
37 14 0
38 15 0
39 16 0
40 17 0
41 4 0
42 18 0
43 19 0
44 19 0
45 20 0
46 22 0
47 23 0
48 24 0
49 25 0
50 26 0
51 27 0
52 28 0
53 30 0
54 31 0
55 32 0
56 33 0
GraphDataEnd
GraphEnd
NodeEnd
NodeStart
EPTNodeID: 8
AnchorID: 3386
TreeNodeGraphID: 42
Level: 15
SimplifiedLevel: 0
EditOperation: 5 57 60 0 0
AccumulatedOpsCount: 15
AccumulatedOp: 2 58 0 0 5
AccumulatedOp: 0 7 0 3 2
AccumulatedOp: 2 57 0 0 4
AccumulatedOp: 5 1 20 0 0
AccumulatedOp: 4 1 29 0 0
AccumulatedOp: 5 9 45 0 0
AccumulatedOp: 2 59 0 0 5
AccumulatedOp: 4 4 9 0 0
AccumulatedOp: 5 57 58 0 0
AccumulatedOp: 2 60 0 0 5
AccumulatedOp: 4 20 45 0 0
AccumulatedOp: 5 4 29 0 0
AccumulatedOp: 5 57 59 0 0
AccumulatedOp: 5 35 57 0 0
AccumulatedOp: 5 57 60 0 0
ChildrenCount: 0
ChildIndices:
CompletedDBGraphIDsCount: 1
CompletedDBGraphID: 18079
GraphStart
GraphDataStart
ID: 42
NumNodes: 61
NumEdges: 130
NodeLabels
6 2 2 3 3 3 3 2 4 4 4 4 4 4 4 4 4 4 4 4 4 4 4 4 4 4 4 4 4 4 4 4 4 4 4 4 5 5 5 5 5 5 5 5 5 5 5 5 5 5 5 5 5 5 5 5 5 4 5 5 5 
Edges
0 13 0
0 19 0
1 14 0
1 20 0
2 21 0
3 11 0
3 12 0
3 13 0
4 21 0
4 41 0
4 29 0
5 6 0
5 11 0
6 5 0
6 13 0
7 35 0
8 9 0
8 10 0
8 16 0
9 8 0
9 15 0
9 45 0
10 8 0
10 17 0
10 18 0
11 3 0
11 5 0
11 14 0
12 3 0
12 22 0
12 23 0
13 0 0
13 3 0
13 6 0
14 1 0
14 11 0
14 36 0
14 37 0
15 9 0
15 20 0
15 38 0
16 8 0
16 24 0
16 39 0
17 10 0
17 20 0
17 40 0
18 10 0
18 25 0
18 42 0
19 0 0
19 21 0
19 43 0
19 44 0
20 15 0
20 17 0
20 1 0
21 2 0
21 4 0
21 19 0
22 12 0
22 26 0
22 46 0
23 12 0
23 27 0
23 47 0
24 16 0
24 25 0
24 48 0
25 18 0
25 24 0
25 49 0
26 22 0
26 28 0
26 50 0
27 23 0
27 28 0
27 51 0
28 26 0
28 27 0
28 52 0
29 30 0
29 31 0
29 4 0
30 29 0
30 32 0
30 53 0
31 29 0
31 33 0
31 54 0
32 30 0
32 34 0
32 55 0
33 31 0
33 34 0
33 56 0
34 32 0
34 33 0
34 35 0
35 7 0
35 34 0
35 57 0
36 14 0
37 14 0
38 15 0
39 16 0
40 17 0
41 4 0
42 18 0
43 19 0
44 19 0
45 9 0
46 22 0
47 23 0
48 24 0
49 25 0
50 26 0
51 27 0
52 28 0
53 30 0
54 31 0
55 32 0
56 33 0
57 58 0
57 59 0
57 35 0
57 60 0
58 57 0
59 57 0
60 57 0
GraphDataEnd
GraphEnd
NodeEnd
NodeStart
EPTNodeID: 9
AnchorID: 3386
TreeNodeGraphID: 51
Level: 9
SimplifiedLevel: 0
EditOperation: 5 8 38 0 0
AccumulatedOpsCount: 9
AccumulatedOp: 0 40 0 5 3
AccumulatedOp: 0 15 0 4 6
AccumulatedOp: 4 7 35 0 0
AccumulatedOp: 1 7 0 3 0
AccumulatedOp: 0 35 0 4 5
AccumulatedOp: 4 8 9 0 0
AccumulatedOp: 4 15 38 0 0
AccumulatedOp: 5 9 40 0 0
AccumulatedOp: 5 8 38 0 0
ChildrenCount: 0
ChildIndices:
CompletedDBGraphIDsCount: 1
CompletedDBGraphID: 19769
GraphStart
GraphDataStart
ID: 51
NumNodes: 56
NumEdges: 120
NodeLabels
6 2 2 3 3 3 3 4 4 4 4 4 4 4 6 4 4 4 4 4 4 4 4 4 4 4 4 4 4 4 4 4 4 4 5 5 5 5 5 3 5 5 5 5 5 5 5 5 5 5 5 5 5 5 5 5 
Edges
0 12 0
0 18 0
1 13 0
1 28 0
2 20 0
3 10 0
3 11 0
3 12 0
4 8 0
4 20 0
4 40 0
5 6 0
5 10 0
6 5 0
6 12 0
7 9 0
7 15 0
7 37 0
8 4 0
8 14 0
8 39 0
9 7 0
9 16 0
9 17 0
10 3 0
10 5 0
10 13 0
11 3 0
11 21 0
11 22 0
12 0 0
12 3 0
12 6 0
13 1 0
13 10 0
13 35 0
13 36 0
14 8 0
14 19 0
15 7 0
15 23 0
15 38 0
16 9 0
16 19 0
16 39 0
17 9 0
17 24 0
17 41 0
18 0 0
18 20 0
18 42 0
18 43 0
19 14 0
19 16 0
19 44 0
20 2 0
20 4 0
20 18 0
21 11 0
21 25 0
21 45 0
22 11 0
22 26 0
22 46 0
23 15 0
23 24 0
23 47 0
24 17 0
24 23 0
24 48 0
25 21 0
25 27 0
25 49 0
26 22 0
26 27 0
26 50 0
27 25 0
27 26 0
27 51 0
28 1 0
28 29 0
28 30 0
29 28 0
29 31 0
29 52 0
30 28 0
30 32 0
30 53 0
31 29 0
31 33 0
31 54 0
32 30 0
32 33 0
32 55 0
33 31 0
33 32 0
33 34 0
34 33 0
35 13 0
36 13 0
37 7 0
38 15 0
39 16 0
39 8 0
40 4 0
41 17 0
42 18 0
43 18 0
44 19 0
45 21 0
46 22 0
47 23 0
48 24 0
49 25 0
50 26 0
51 27 0
52 29 0
53 30 0
54 31 0
55 32 0
GraphDataEnd
GraphEnd
NodeEnd
END_EPT
