BEGIN_EPT
AnchorID: 17492  # ID of the anchor node
RootIndex: 0  # Index of the root node in tree_nodes
NodeCount: 16  # Total number of nodes in the EPT
NodeStart
EPTNodeID: 0
AnchorID: 17492
TreeNodeGraphID: 0
Level: 0
SimplifiedLevel: 0
EditOperation: -1 0 -1 0 0
AccumulatedOpsCount: 0
ChildrenCount: 5
ChildIndices: 1 8 11 12 15
CompletedDBGraphIDsCount: 1
CompletedDBGraphID: 20172
GraphStart
GraphDataStart
ID: 0
NumNodes: 61
NumEdges: 126
NodeLabels
2 2 2 2 3 3 3 3 3 3 4 4 4 4 4 4 4 4 4 4 4 4 4 4 4 4 4 4 4 4 4 5 5 5 5 5 5 5 5 5 5 5 5 5 5 5 5 5 5 5 5 5 5 5 5 5 5 5 5 5 5 
Edges
0 14 0
0 47 0
1 16 0
1 22 0
2 15 0
3 18 0
4 10 0
4 11 0
4 12 0
5 13 0
5 18 0
5 20 0
6 12 0
6 13 0
7 12 0
7 17 0
7 34 0
8 15 0
8 18 0
8 21 0
9 19 0
9 23 0
9 24 0
10 4 0
10 14 0
10 31 0
10 32 0
11 4 0
11 13 0
11 15 0
12 4 0
12 6 0
12 7 0
13 5 0
13 6 0
13 11 0
14 0 0
14 10 0
14 16 0
14 33 0
15 2 0
15 8 0
15 11 0
16 1 0
16 14 0
16 35 0
16 36 0
17 7 0
17 19 0
17 37 0
17 38 0
18 3 0
18 5 0
18 8 0
19 9 0
19 17 0
19 39 0
19 40 0
20 5 0
20 41 0
20 42 0
20 43 0
21 8 0
21 44 0
21 45 0
21 46 0
22 1 0
22 25 0
22 26 0
23 9 0
23 48 0
23 49 0
23 50 0
24 9 0
24 51 0
24 52 0
24 53 0
25 22 0
25 27 0
25 28 0
26 22 0
26 29 0
26 54 0
27 25 0
27 30 0
27 55 0
28 25 0
28 56 0
28 57 0
28 58 0
29 26 0
29 30 0
29 59 0
30 27 0
30 29 0
30 60 0
31 10 0
32 10 0
33 14 0
34 7 0
35 16 0
36 16 0
37 17 0
38 17 0
39 19 0
40 19 0
41 20 0
42 20 0
43 20 0
44 21 0
45 21 0
46 21 0
47 0 0
48 23 0
49 23 0
50 23 0
51 24 0
52 24 0
53 24 0
54 26 0
55 27 0
56 28 0
57 28 0
58 28 0
59 29 0
60 30 0
GraphDataEnd
GraphEnd
NodeEnd
NodeStart
EPTNodeID: 1
AnchorID: 17492
TreeNodeGraphID: 1
Level: 1
SimplifiedLevel: 0
EditOperation: 0 60 0 5 2
AccumulatedOpsCount: 1
AccumulatedOp: 0 60 0 5 2
ChildrenCount: 2
ChildIndices: 2 7
CompletedDBGraphIDsCount: 0
GraphStart
GraphDataStart
ID: 1
NumNodes: 61
NumEdges: 126
NodeLabels
2 2 2 2 3 3 3 3 3 3 4 4 4 4 4 4 4 4 4 4 4 4 4 4 4 4 4 4 4 4 4 5 5 5 5 5 5 5 5 5 5 5 5 5 5 5 5 5 5 5 5 5 5 5 5 5 5 5 5 5 2 
Edges
0 14 0
0 47 0
1 16 0
1 22 0
2 15 0
3 18 0
4 10 0
4 11 0
4 12 0
5 13 0
5 18 0
5 20 0
6 12 0
6 13 0
7 12 0
7 17 0
7 34 0
8 15 0
8 18 0
8 21 0
9 19 0
9 23 0
9 24 0
10 4 0
10 14 0
10 31 0
10 32 0
11 4 0
11 13 0
11 15 0
12 4 0
12 6 0
12 7 0
13 5 0
13 6 0
13 11 0
14 0 0
14 10 0
14 16 0
14 33 0
15 2 0
15 8 0
15 11 0
16 1 0
16 14 0
16 35 0
16 36 0
17 7 0
17 19 0
17 37 0
17 38 0
18 3 0
18 5 0
18 8 0
19 9 0
19 17 0
19 39 0
19 40 0
20 5 0
20 41 0
20 42 0
20 43 0
21 8 0
21 44 0
21 45 0
21 46 0
22 1 0
22 25 0
22 26 0
23 9 0
23 48 0
23 49 0
23 50 0
24 9 0
24 51 0
24 52 0
24 53 0
25 22 0
25 27 0
25 28 0
26 22 0
26 29 0
26 54 0
27 25 0
27 30 0
27 55 0
28 25 0
28 56 0
28 57 0
28 58 0
29 26 0
29 30 0
29 59 0
30 27 0
30 29 0
30 60 0
31 10 0
32 10 0
33 14 0
34 7 0
35 16 0
36 16 0
37 17 0
38 17 0
39 19 0
40 19 0
41 20 0
42 20 0
43 20 0
44 21 0
45 21 0
46 21 0
47 0 0
48 23 0
49 23 0
50 23 0
51 24 0
52 24 0
53 24 0
54 26 0
55 27 0
56 28 0
57 28 0
58 28 0
59 29 0
60 30 0
GraphDataEnd
GraphEnd
NodeEnd
NodeStart
EPTNodeID: 2
AnchorID: 17492
TreeNodeGraphID: 2
Level: 2
SimplifiedLevel: 0
EditOperation: 4 25 28 0 0
AccumulatedOpsCount: 1
AccumulatedOp: 4 25 28 0 0
ChildrenCount: 2
ChildIndices: 3 6
CompletedDBGraphIDsCount: 0
GraphStart
GraphDataStart
ID: 2
NumNodes: 61
NumEdges: 124
NodeLabels
2 2 2 2 3 3 3 3 3 3 4 4 4 4 4 4 4 4 4 4 4 4 4 4 4 4 4 4 4 4 4 5 5 5 5 5 5 5 5 5 5 5 5 5 5 5 5 5 5 5 5 5 5 5 5 5 5 5 5 5 2 
Edges
0 14 0
0 47 0
1 16 0
1 22 0
2 15 0
3 18 0
4 10 0
4 11 0
4 12 0
5 13 0
5 18 0
5 20 0
6 12 0
6 13 0
7 12 0
7 17 0
7 34 0
8 15 0
8 18 0
8 21 0
9 19 0
9 23 0
9 24 0
10 4 0
10 14 0
10 31 0
10 32 0
11 4 0
11 13 0
11 15 0
12 4 0
12 6 0
12 7 0
13 5 0
13 6 0
13 11 0
14 0 0
14 10 0
14 16 0
14 33 0
15 2 0
15 8 0
15 11 0
16 1 0
16 14 0
16 35 0
16 36 0
17 7 0
17 19 0
17 37 0
17 38 0
18 3 0
18 5 0
18 8 0
19 9 0
19 17 0
19 39 0
19 40 0
20 5 0
20 41 0
20 42 0
20 43 0
21 8 0
21 44 0
21 45 0
21 46 0
22 1 0
22 25 0
22 26 0
23 9 0
23 48 0
23 49 0
23 50 0
24 9 0
24 51 0
24 52 0
24 53 0
25 22 0
25 27 0
26 22 0
26 29 0
26 54 0
27 25 0
27 30 0
27 55 0
28 56 0
28 57 0
28 58 0
29 26 0
29 30 0
29 59 0
30 27 0
30 29 0
30 60 0
31 10 0
32 10 0
33 14 0
34 7 0
35 16 0
36 16 0
37 17 0
38 17 0
39 19 0
40 19 0
41 20 0
42 20 0
43 20 0
44 21 0
45 21 0
46 21 0
47 0 0
48 23 0
49 23 0
50 23 0
51 24 0
52 24 0
53 24 0
54 26 0
55 27 0
56 28 0
57 28 0
58 28 0
59 29 0
60 30 0
GraphDataEnd
GraphEnd
NodeEnd
NodeStart
EPTNodeID: 3
AnchorID: 17492
TreeNodeGraphID: 4
Level: 4
SimplifiedLevel: 0
EditOperation: 5 28 60 0 0
AccumulatedOpsCount: 2
AccumulatedOp: 2 61 0 0 5
AccumulatedOp: 5 28 60 0 0
ChildrenCount: 2
ChildIndices: 4 5
CompletedDBGraphIDsCount: 0
GraphStart
GraphDataStart
ID: 4
NumNodes: 62
NumEdges: 126
NodeLabels
2 2 2 2 3 3 3 3 3 3 4 4 4 4 4 4 4 4 4 4 4 4 4 4 4 4 4 4 4 4 4 5 5 5 5 5 5 5 5 5 5 5 5 5 5 5 5 5 5 5 5 5 5 5 5 5 5 5 5 5 2 5 
Edges
0 14 0
0 47 0
1 16 0
1 22 0
2 15 0
3 18 0
4 10 0
4 11 0
4 12 0
5 13 0
5 18 0
5 20 0
6 12 0
6 13 0
7 12 0
7 17 0
7 34 0
8 15 0
8 18 0
8 21 0
9 19 0
9 23 0
9 24 0
10 4 0
10 14 0
10 31 0
10 32 0
11 4 0
11 13 0
11 15 0
12 4 0
12 6 0
12 7 0
13 5 0
13 6 0
13 11 0
14 0 0
14 10 0
14 16 0
14 33 0
15 2 0
15 8 0
15 11 0
16 1 0
16 14 0
16 35 0
16 36 0
17 7 0
17 19 0
17 37 0
17 38 0
18 3 0
18 5 0
18 8 0
19 9 0
19 17 0
19 39 0
19 40 0
20 5 0
20 41 0
20 42 0
20 43 0
21 8 0
21 44 0
21 45 0
21 46 0
22 1 0
22 25 0
22 26 0
23 9 0
23 48 0
23 49 0
23 50 0
24 9 0
24 51 0
24 52 0
24 53 0
25 22 0
25 27 0
26 22 0
26 29 0
26 54 0
27 25 0
27 30 0
27 55 0
28 56 0
28 57 0
28 58 0
28 60 0
29 26 0
29 30 0
29 59 0
30 27 0
30 29 0
30 60 0
31 10 0
32 10 0
33 14 0
34 7 0
35 16 0
36 16 0
37 17 0
38 17 0
39 19 0
40 19 0
41 20 0
42 20 0
43 20 0
44 21 0
45 21 0
46 21 0
47 0 0
48 23 0
49 23 0
50 23 0
51 24 0
52 24 0
53 24 0
54 26 0
55 27 0
56 28 0
57 28 0
58 28 0
59 29 0
60 30 0
60 28 0
GraphDataEnd
GraphEnd
NodeEnd
NodeStart
EPTNodeID: 4
AnchorID: 17492
TreeNodeGraphID: 11
Level: 11
SimplifiedLevel: 0
EditOperation: 5 34 50 0 0
AccumulatedOpsCount: 7
AccumulatedOp: 4 7 34 0 0
AccumulatedOp: 0 50 0 5 4
AccumulatedOp: 2 62 0 0 5
AccumulatedOp: 5 7 50 0 0
AccumulatedOp: 5 25 62 0 0
AccumulatedOp: 5 50 61 0 0
AccumulatedOp: 5 34 50 0 0
ChildrenCount: 0
ChildIndices:
CompletedDBGraphIDsCount: 2
CompletedDBGraphID: 17562
CompletedDBGraphID: 1165
GraphStart
GraphDataStart
ID: 11
NumNodes: 63
NumEdges: 132
NodeLabels
2 2 2 2 3 3 3 3 3 3 4 4 4 4 4 4 4 4 4 4 4 4 4 4 4 4 4 4 4 4 4 5 5 5 5 5 5 5 5 5 5 5 5 5 5 5 5 5 5 5 4 5 5 5 5 5 5 5 5 5 2 5 5 
Edges
0 14 0
0 47 0
1 16 0
1 22 0
2 15 0
3 18 0
4 10 0
4 11 0
4 12 0
5 13 0
5 18 0
5 20 0
6 12 0
6 13 0
7 12 0
7 17 0
7 50 0
8 15 0
8 18 0
8 21 0
9 19 0
9 23 0
9 24 0
10 4 0
10 14 0
10 31 0
10 32 0
11 4 0
11 13 0
11 15 0
12 4 0
12 6 0
12 7 0
13 5 0
13 6 0
13 11 0
14 0 0
14 10 0
14 16 0
14 33 0
15 2 0
15 8 0
15 11 0
16 1 0
16 14 0
16 35 0
16 36 0
17 7 0
17 19 0
17 37 0
17 38 0
18 3 0
18 5 0
18 8 0
19 9 0
19 17 0
19 39 0
19 40 0
20 5 0
20 41 0
20 42 0
20 43 0
21 8 0
21 44 0
21 45 0
21 46 0
22 1 0
22 25 0
22 26 0
23 9 0
23 48 0
23 49 0
23 50 0
24 9 0
24 51 0
24 52 0
24 53 0
25 22 0
25 27 0
25 62 0
26 22 0
26 29 0
26 54 0
27 25 0
27 30 0
27 55 0
28 56 0
28 57 0
28 58 0
28 60 0
29 26 0
29 30 0
29 59 0
30 27 0
30 29 0
30 60 0
31 10 0
32 10 0
33 14 0
34 50 0
35 16 0
36 16 0
37 17 0
38 17 0
39 19 0
40 19 0
41 20 0
42 20 0
43 20 0
44 21 0
45 21 0
46 21 0
47 0 0
48 23 0
49 23 0
50 23 0
50 7 0
50 61 0
50 34 0
51 24 0
52 24 0
53 24 0
54 26 0
55 27 0
56 28 0
57 28 0
58 28 0
59 29 0
60 30 0
60 28 0
61 50 0
62 25 0
GraphDataEnd
GraphEnd
NodeEnd
NodeStart
EPTNodeID: 5
AnchorID: 17492
TreeNodeGraphID: 12
Level: 5
SimplifiedLevel: 0
EditOperation: 5 25 61 0 0
AccumulatedOpsCount: 1
AccumulatedOp: 5 25 61 0 0
ChildrenCount: 0
ChildIndices:
CompletedDBGraphIDsCount: 2
CompletedDBGraphID: 15312
CompletedDBGraphID: 19930
GraphStart
GraphDataStart
ID: 12
NumNodes: 62
NumEdges: 128
NodeLabels
2 2 2 2 3 3 3 3 3 3 4 4 4 4 4 4 4 4 4 4 4 4 4 4 4 4 4 4 4 4 4 5 5 5 5 5 5 5 5 5 5 5 5 5 5 5 5 5 5 5 5 5 5 5 5 5 5 5 5 5 2 5 
Edges
0 14 0
0 47 0
1 16 0
1 22 0
2 15 0
3 18 0
4 10 0
4 11 0
4 12 0
5 13 0
5 18 0
5 20 0
6 12 0
6 13 0
7 12 0
7 17 0
7 34 0
8 15 0
8 18 0
8 21 0
9 19 0
9 23 0
9 24 0
10 4 0
10 14 0
10 31 0
10 32 0
11 4 0
11 13 0
11 15 0
12 4 0
12 6 0
12 7 0
13 5 0
13 6 0
13 11 0
14 0 0
14 10 0
14 16 0
14 33 0
15 2 0
15 8 0
15 11 0
16 1 0
16 14 0
16 35 0
16 36 0
17 7 0
17 19 0
17 37 0
17 38 0
18 3 0
18 5 0
18 8 0
19 9 0
19 17 0
19 39 0
19 40 0
20 5 0
20 41 0
20 42 0
20 43 0
21 8 0
21 44 0
21 45 0
21 46 0
22 1 0
22 25 0
22 26 0
23 9 0
23 48 0
23 49 0
23 50 0
24 9 0
24 51 0
24 52 0
24 53 0
25 22 0
25 27 0
25 61 0
26 22 0
26 29 0
26 54 0
27 25 0
27 30 0
27 55 0
28 56 0
28 57 0
28 58 0
28 60 0
29 26 0
29 30 0
29 59 0
30 27 0
30 29 0
30 60 0
31 10 0
32 10 0
33 14 0
34 7 0
35 16 0
36 16 0
37 17 0
38 17 0
39 19 0
40 19 0
41 20 0
42 20 0
43 20 0
44 21 0
45 21 0
46 21 0
47 0 0
48 23 0
49 23 0
50 23 0
51 24 0
52 24 0
53 24 0
54 26 0
55 27 0
56 28 0
57 28 0
58 28 0
59 29 0
60 30 0
60 28 0
61 25 0
GraphDataEnd
GraphEnd
NodeEnd
NodeStart
EPTNodeID: 6
AnchorID: 17492
TreeNodeGraphID: 21
Level: 11
SimplifiedLevel: 0
EditOperation: 5 19 23 0 0
AccumulatedOpsCount: 9
AccumulatedOp: 5 24 60 0 0
AccumulatedOp: 4 9 19 0 0
AccumulatedOp: 5 25 38 0 0
AccumulatedOp: 4 9 23 0 0
AccumulatedOp: 4 9 24 0 0
AccumulatedOp: 1 9 0 3 0
AccumulatedOp: 4 17 38 0 0
AccumulatedOp: 5 17 28 0 0
AccumulatedOp: 5 19 23 0 0
ChildrenCount: 0
ChildIndices:
CompletedDBGraphIDsCount: 4
CompletedDBGraphID: 21691
CompletedDBGraphID: 262
CompletedDBGraphID: 3393
CompletedDBGraphID: 11730
GraphStart
GraphDataStart
ID: 21
NumNodes: 60
NumEdges: 124
NodeLabels
2 2 2 2 3 3 3 3 3 4 4 4 4 4 4 4 4 4 4 4 4 4 4 4 4 4 4 4 4 4 5 5 5 5 5 5 5 5 5 5 5 5 5 5 5 5 5 5 5 5 5 5 5 5 5 5 5 5 5 2 
Edges
0 13 0
0 46 0
1 15 0
1 21 0
2 14 0
3 17 0
4 9 0
4 10 0
4 11 0
5 12 0
5 17 0
5 19 0
6 11 0
6 12 0
7 11 0
7 16 0
7 33 0
8 14 0
8 17 0
8 20 0
9 4 0
9 13 0
9 30 0
9 31 0
10 4 0
10 12 0
10 14 0
11 4 0
11 6 0
11 7 0
12 5 0
12 6 0
12 10 0
13 0 0
13 9 0
13 15 0
13 32 0
14 2 0
14 8 0
14 10 0
15 1 0
15 13 0
15 34 0
15 35 0
16 7 0
16 18 0
16 36 0
16 27 0
17 3 0
17 5 0
17 8 0
18 16 0
18 38 0
18 39 0
18 22 0
19 5 0
19 40 0
19 41 0
19 42 0
20 8 0
20 43 0
20 44 0
20 45 0
21 1 0
21 24 0
21 25 0
22 47 0
22 48 0
22 49 0
22 18 0
23 50 0
23 51 0
23 52 0
23 59 0
24 21 0
24 26 0
24 37 0
25 21 0
25 28 0
25 53 0
26 24 0
26 29 0
26 54 0
27 55 0
27 56 0
27 57 0
27 16 0
28 25 0
28 29 0
28 58 0
29 26 0
29 28 0
29 59 0
30 9 0
31 9 0
32 13 0
33 7 0
34 15 0
35 15 0
36 16 0
37 24 0
38 18 0
39 18 0
40 19 0
41 19 0
42 19 0
43 20 0
44 20 0
45 20 0
46 0 0
47 22 0
48 22 0
49 22 0
50 23 0
51 23 0
52 23 0
53 25 0
54 26 0
55 27 0
56 27 0
57 27 0
58 28 0
59 29 0
59 23 0
GraphDataEnd
GraphEnd
NodeEnd
NodeStart
EPTNodeID: 7
AnchorID: 17492
TreeNodeGraphID: 30
Level: 10
SimplifiedLevel: 0
EditOperation: 5 21 60 0 0
AccumulatedOpsCount: 9
AccumulatedOp: 4 8 21 0 0
AccumulatedOp: 0 28 0 4 5
AccumulatedOp: 4 28 56 0 0
AccumulatedOp: 1 56 0 5 0
AccumulatedOp: 4 28 57 0 0
AccumulatedOp: 4 28 58 0 0
AccumulatedOp: 1 58 0 5 0
AccumulatedOp: 5 8 57 0 0
AccumulatedOp: 5 21 60 0 0
ChildrenCount: 0
ChildIndices:
CompletedDBGraphIDsCount: 2
CompletedDBGraphID: 19361
CompletedDBGraphID: 12983
GraphStart
GraphDataStart
ID: 30
NumNodes: 59
NumEdges: 122
NodeLabels
2 2 2 2 3 3 3 3 3 3 4 4 4 4 4 4 4 4 4 4 4 4 4 4 4 4 4 4 5 4 4 5 5 5 5 5 5 5 5 5 5 5 5 5 5 5 5 5 5 5 5 5 5 5 5 5 5 5 2 
Edges
0 14 0
0 47 0
1 16 0
1 22 0
2 15 0
3 18 0
4 10 0
4 11 0
4 12 0
5 13 0
5 18 0
5 20 0
6 12 0
6 13 0
7 12 0
7 17 0
7 34 0
8 15 0
8 18 0
8 56 0
9 19 0
9 23 0
9 24 0
10 4 0
10 14 0
10 31 0
10 32 0
11 4 0
11 13 0
11 15 0
12 4 0
12 6 0
12 7 0
13 5 0
13 6 0
13 11 0
14 0 0
14 10 0
14 16 0
14 33 0
15 2 0
15 8 0
15 11 0
16 1 0
16 14 0
16 35 0
16 36 0
17 7 0
17 19 0
17 37 0
17 38 0
18 3 0
18 5 0
18 8 0
19 9 0
19 17 0
19 39 0
19 40 0
20 5 0
20 41 0
20 42 0
20 43 0
21 44 0
21 45 0
21 46 0
21 58 0
22 1 0
22 25 0
22 26 0
23 9 0
23 48 0
23 49 0
23 50 0
24 9 0
24 51 0
24 52 0
24 53 0
25 22 0
25 27 0
25 28 0
26 22 0
26 29 0
26 54 0
27 25 0
27 30 0
27 55 0
28 25 0
29 26 0
29 30 0
29 57 0
30 27 0
30 29 0
30 58 0
31 10 0
32 10 0
33 14 0
34 7 0
35 16 0
36 16 0
37 17 0
38 17 0
39 19 0
40 19 0
41 20 0
42 20 0
43 20 0
44 21 0
45 21 0
46 21 0
47 0 0
48 23 0
49 23 0
50 23 0
51 24 0
52 24 0
53 24 0
54 26 0
55 27 0
56 8 0
57 29 0
58 30 0
58 21 0
GraphDataEnd
GraphEnd
NodeEnd
NodeStart
EPTNodeID: 8
AnchorID: 17492
TreeNodeGraphID: 31
Level: 1
SimplifiedLevel: 0
EditOperation: 4 9 23 0 0
AccumulatedOpsCount: 1
AccumulatedOp: 4 9 23 0 0
ChildrenCount: 2
ChildIndices: 9 10
CompletedDBGraphIDsCount: 0
GraphStart
GraphDataStart
ID: 31
NumNodes: 61
NumEdges: 124
NodeLabels
2 2 2 2 3 3 3 3 3 3 4 4 4 4 4 4 4 4 4 4 4 4 4 4 4 4 4 4 4 4 4 5 5 5 5 5 5 5 5 5 5 5 5 5 5 5 5 5 5 5 5 5 5 5 5 5 5 5 5 5 5 
Edges
0 14 0
0 47 0
1 16 0
1 22 0
2 15 0
3 18 0
4 10 0
4 11 0
4 12 0
5 13 0
5 18 0
5 20 0
6 12 0
6 13 0
7 12 0
7 17 0
7 34 0
8 15 0
8 18 0
8 21 0
9 19 0
9 24 0
10 4 0
10 14 0
10 31 0
10 32 0
11 4 0
11 13 0
11 15 0
12 4 0
12 6 0
12 7 0
13 5 0
13 6 0
13 11 0
14 0 0
14 10 0
14 16 0
14 33 0
15 2 0
15 8 0
15 11 0
16 1 0
16 14 0
16 35 0
16 36 0
17 7 0
17 19 0
17 37 0
17 38 0
18 3 0
18 5 0
18 8 0
19 9 0
19 17 0
19 39 0
19 40 0
20 5 0
20 41 0
20 42 0
20 43 0
21 8 0
21 44 0
21 45 0
21 46 0
22 1 0
22 25 0
22 26 0
23 48 0
23 49 0
23 50 0
24 9 0
24 51 0
24 52 0
24 53 0
25 22 0
25 27 0
25 28 0
26 22 0
26 29 0
26 54 0
27 25 0
27 30 0
27 55 0
28 25 0
28 56 0
28 57 0
28 58 0
29 26 0
29 30 0
29 59 0
30 27 0
30 29 0
30 60 0
31 10 0
32 10 0
33 14 0
34 7 0
35 16 0
36 16 0
37 17 0
38 17 0
39 19 0
40 19 0
41 20 0
42 20 0
43 20 0
44 21 0
45 21 0
46 21 0
47 0 0
48 23 0
49 23 0
50 23 0
51 24 0
52 24 0
53 24 0
54 26 0
55 27 0
56 28 0
57 28 0
58 28 0
59 29 0
60 30 0
GraphDataEnd
GraphEnd
NodeEnd
NodeStart
EPTNodeID: 9
AnchorID: 17492
TreeNodeGraphID: 38
Level: 8
SimplifiedLevel: 0
EditOperation: 1 38 0 5 0
AccumulatedOpsCount: 7
AccumulatedOp: 5 19 24 0 0
AccumulatedOp: 4 9 19 0 0
AccumulatedOp: 4 9 24 0 0
AccumulatedOp: 1 9 0 3 0
AccumulatedOp: 5 17 23 0 0
AccumulatedOp: 4 17 38 0 0
AccumulatedOp: 1 38 0 5 0
ChildrenCount: 0
ChildIndices:
CompletedDBGraphIDsCount: 4
CompletedDBGraphID: 17177
CompletedDBGraphID: 12305
CompletedDBGraphID: 14278
CompletedDBGraphID: 17129
GraphStart
GraphDataStart
ID: 38
NumNodes: 59
NumEdges: 122
NodeLabels
2 2 2 2 3 3 3 3 3 4 4 4 4 4 4 4 4 4 4 4 4 4 4 4 4 4 4 4 4 4 5 5 5 5 5 5 5 5 5 5 5 5 5 5 5 5 5 5 5 5 5 5 5 5 5 5 5 5 5 
Edges
0 13 0
0 45 0
1 15 0
1 21 0
2 14 0
3 17 0
4 9 0
4 10 0
4 11 0
5 12 0
5 17 0
5 19 0
6 11 0
6 12 0
7 11 0
7 16 0
7 33 0
8 14 0
8 17 0
8 20 0
9 4 0
9 13 0
9 30 0
9 31 0
10 4 0
10 12 0
10 14 0
11 4 0
11 6 0
11 7 0
12 5 0
12 6 0
12 10 0
13 0 0
13 9 0
13 15 0
13 32 0
14 2 0
14 8 0
14 10 0
15 1 0
15 13 0
15 34 0
15 35 0
16 7 0
16 18 0
16 36 0
16 22 0
17 3 0
17 5 0
17 8 0
18 16 0
18 37 0
18 38 0
18 23 0
19 5 0
19 39 0
19 40 0
19 41 0
20 8 0
20 42 0
20 43 0
20 44 0
21 1 0
21 24 0
21 25 0
22 46 0
22 47 0
22 48 0
22 16 0
23 49 0
23 50 0
23 51 0
23 18 0
24 21 0
24 26 0
24 27 0
25 21 0
25 28 0
25 52 0
26 24 0
26 29 0
26 53 0
27 24 0
27 54 0
27 55 0
27 56 0
28 25 0
28 29 0
28 57 0
29 26 0
29 28 0
29 58 0
30 9 0
31 9 0
32 13 0
33 7 0
34 15 0
35 15 0
36 16 0
37 18 0
38 18 0
39 19 0
40 19 0
41 19 0
42 20 0
43 20 0
44 20 0
45 0 0
46 22 0
47 22 0
48 22 0
49 23 0
50 23 0
51 23 0
52 25 0
53 26 0
54 27 0
55 27 0
56 27 0
57 28 0
58 29 0
GraphDataEnd
GraphEnd
NodeEnd
NodeStart
EPTNodeID: 10
AnchorID: 17492
TreeNodeGraphID: 46
Level: 9
SimplifiedLevel: 0
EditOperation: 5 23 24 0 0
AccumulatedOpsCount: 8
AccumulatedOp: 0 7 0 3 5
AccumulatedOp: 4 7 12 0 0
AccumulatedOp: 4 7 34 0 0
AccumulatedOp: 1 34 0 5 0
AccumulatedOp: 4 24 53 0 0
AccumulatedOp: 1 53 0 5 0
AccumulatedOp: 5 9 12 0 0
AccumulatedOp: 5 23 24 0 0
ChildrenCount: 0
ChildIndices:
CompletedDBGraphIDsCount: 2
CompletedDBGraphID: 18569
CompletedDBGraphID: 20234
GraphStart
GraphDataStart
ID: 46
NumNodes: 59
NumEdges: 122
NodeLabels
2 2 2 2 3 3 3 5 3 3 4 4 4 4 4 4 4 4 4 4 4 4 4 4 4 4 4 4 4 4 4 5 5 5 5 5 5 5 5 5 5 5 5 5 5 5 5 5 5 5 5 5 5 5 5 5 5 5 5 
Edges
0 14 0
0 46 0
1 16 0
1 22 0
2 15 0
3 18 0
4 10 0
4 11 0
4 12 0
5 13 0
5 18 0
5 20 0
6 12 0
6 13 0
7 17 0
8 15 0
8 18 0
8 21 0
9 19 0
9 24 0
9 12 0
10 4 0
10 14 0
10 31 0
10 32 0
11 4 0
11 13 0
11 15 0
12 4 0
12 6 0
12 9 0
13 5 0
13 6 0
13 11 0
14 0 0
14 10 0
14 16 0
14 33 0
15 2 0
15 8 0
15 11 0
16 1 0
16 14 0
16 34 0
16 35 0
17 7 0
17 19 0
17 36 0
17 37 0
18 3 0
18 5 0
18 8 0
19 9 0
19 17 0
19 38 0
19 39 0
20 5 0
20 40 0
20 41 0
20 42 0
21 8 0
21 43 0
21 44 0
21 45 0
22 1 0
22 25 0
22 26 0
23 47 0
23 48 0
23 49 0
23 24 0
24 9 0
24 50 0
24 51 0
24 23 0
25 22 0
25 27 0
25 28 0
26 22 0
26 29 0
26 52 0
27 25 0
27 30 0
27 53 0
28 25 0
28 54 0
28 55 0
28 56 0
29 26 0
29 30 0
29 57 0
30 27 0
30 29 0
30 58 0
31 10 0
32 10 0
33 14 0
34 16 0
35 16 0
36 17 0
37 17 0
38 19 0
39 19 0
40 20 0
41 20 0
42 20 0
43 21 0
44 21 0
45 21 0
46 0 0
47 23 0
48 23 0
49 23 0
50 24 0
51 24 0
52 26 0
53 27 0
54 28 0
55 28 0
56 28 0
57 29 0
58 30 0
GraphDataEnd
GraphEnd
NodeEnd
NodeStart
EPTNodeID: 11
AnchorID: 17492
TreeNodeGraphID: 54
Level: 8
SimplifiedLevel: 0
EditOperation: 5 21 28 0 0
AccumulatedOpsCount: 8
AccumulatedOp: 4 25 28 0 0
AccumulatedOp: 5 8 60 0 0
AccumulatedOp: 4 8 21 0 0
AccumulatedOp: 4 21 46 0 0
AccumulatedOp: 4 30 60 0 0
AccumulatedOp: 5 21 30 0 0
AccumulatedOp: 5 25 46 0 0
AccumulatedOp: 5 21 28 0 0
ChildrenCount: 0
ChildIndices:
CompletedDBGraphIDsCount: 2
CompletedDBGraphID: 18164
CompletedDBGraphID: 12253
GraphStart
GraphDataStart
ID: 54
NumNodes: 61
NumEdges: 126
NodeLabels
2 2 2 2 3 3 3 3 3 3 4 4 4 4 4 4 4 4 4 4 4 4 4 4 4 4 4 4 4 4 4 5 5 5 5 5 5 5 5 5 5 5 5 5 5 5 5 5 5 5 5 5 5 5 5 5 5 5 5 5 5 
Edges
0 14 0
0 47 0
1 16 0
1 22 0
2 15 0
3 18 0
4 10 0
4 11 0
4 12 0
5 13 0
5 18 0
5 20 0
6 12 0
6 13 0
7 12 0
7 17 0
7 34 0
8 15 0
8 18 0
8 60 0
9 19 0
9 23 0
9 24 0
10 4 0
10 14 0
10 31 0
10 32 0
11 4 0
11 13 0
11 15 0
12 4 0
12 6 0
12 7 0
13 5 0
13 6 0
13 11 0
14 0 0
14 10 0
14 16 0
14 33 0
15 2 0
15 8 0
15 11 0
16 1 0
16 14 0
16 35 0
16 36 0
17 7 0
17 19 0
17 37 0
17 38 0
18 3 0
18 5 0
18 8 0
19 9 0
19 17 0
19 39 0
19 40 0
20 5 0
20 41 0
20 42 0
20 43 0
21 44 0
21 45 0
21 30 0
21 28 0
22 1 0
22 25 0
22 26 0
23 9 0
23 48 0
23 49 0
23 50 0
24 9 0
24 51 0
24 52 0
24 53 0
25 22 0
25 27 0
25 46 0
26 22 0
26 29 0
26 54 0
27 25 0
27 30 0
27 55 0
28 56 0
28 57 0
28 58 0
28 21 0
29 26 0
29 30 0
29 59 0
30 27 0
30 29 0
30 21 0
31 10 0
32 10 0
33 14 0
34 7 0
35 16 0
36 16 0
37 17 0
38 17 0
39 19 0
40 19 0
41 20 0
42 20 0
43 20 0
44 21 0
45 21 0
46 25 0
47 0 0
48 23 0
49 23 0
50 23 0
51 24 0
52 24 0
53 24 0
54 26 0
55 27 0
56 28 0
57 28 0
58 28 0
59 29 0
60 8 0
GraphDataEnd
GraphEnd
NodeEnd
NodeStart
EPTNodeID: 12
AnchorID: 17492
TreeNodeGraphID: 57
Level: 3
SimplifiedLevel: 0
EditOperation: 5 53 61 0 0
AccumulatedOpsCount: 3
AccumulatedOp: 2 61 0 0 5
AccumulatedOp: 0 53 0 5 4
AccumulatedOp: 5 53 61 0 0
ChildrenCount: 2
ChildIndices: 13 14
CompletedDBGraphIDsCount: 0
GraphStart
GraphDataStart
ID: 57
NumNodes: 62
NumEdges: 128
NodeLabels
2 2 2 2 3 3 3 3 3 3 4 4 4 4 4 4 4 4 4 4 4 4 4 4 4 4 4 4 4 4 4 5 5 5 5 5 5 5 5 5 5 5 5 5 5 5 5 5 5 5 5 5 5 4 5 5 5 5 5 5 5 5 
Edges
0 14 0
0 47 0
1 16 0
1 22 0
2 15 0
3 18 0
4 10 0
4 11 0
4 12 0
5 13 0
5 18 0
5 20 0
6 12 0
6 13 0
7 12 0
7 17 0
7 34 0
8 15 0
8 18 0
8 21 0
9 19 0
9 23 0
9 24 0
10 4 0
10 14 0
10 31 0
10 32 0
11 4 0
11 13 0
11 15 0
12 4 0
12 6 0
12 7 0
13 5 0
13 6 0
13 11 0
14 0 0
14 10 0
14 16 0
14 33 0
15 2 0
15 8 0
15 11 0
16 1 0
16 14 0
16 35 0
16 36 0
17 7 0
17 19 0
17 37 0
17 38 0
18 3 0
18 5 0
18 8 0
19 9 0
19 17 0
19 39 0
19 40 0
20 5 0
20 41 0
20 42 0
20 43 0
21 8 0
21 44 0
21 45 0
21 46 0
22 1 0
22 25 0
22 26 0
23 9 0
23 48 0
23 49 0
23 50 0
24 9 0
24 51 0
24 52 0
24 53 0
25 22 0
25 27 0
25 28 0
26 22 0
26 29 0
26 54 0
27 25 0
27 30 0
27 55 0
28 25 0
28 56 0
28 57 0
28 58 0
29 26 0
29 30 0
29 59 0
30 27 0
30 29 0
30 60 0
31 10 0
32 10 0
33 14 0
34 7 0
35 16 0
36 16 0
37 17 0
38 17 0
39 19 0
40 19 0
41 20 0
42 20 0
43 20 0
44 21 0
45 21 0
46 21 0
47 0 0
48 23 0
49 23 0
50 23 0
51 24 0
52 24 0
53 24 0
53 61 0
54 26 0
55 27 0
56 28 0
57 28 0
58 28 0
59 29 0
60 30 0
61 53 0
GraphDataEnd
GraphEnd
NodeEnd
NodeStart
EPTNodeID: 13
AnchorID: 17492
TreeNodeGraphID: 65
Level: 11
SimplifiedLevel: 0
EditOperation: 5 53 63 0 0
AccumulatedOpsCount: 8
AccumulatedOp: 4 8 21 0 0
AccumulatedOp: 4 23 50 0 0
AccumulatedOp: 5 8 50 0 0
AccumulatedOp: 5 21 23 0 0
AccumulatedOp: 2 62 0 0 5
AccumulatedOp: 2 63 0 0 5
AccumulatedOp: 5 53 62 0 0
AccumulatedOp: 5 53 63 0 0
ChildrenCount: 0
ChildIndices:
CompletedDBGraphIDsCount: 2
CompletedDBGraphID: 19920
CompletedDBGraphID: 18354
GraphStart
GraphDataStart
ID: 65
NumNodes: 64
NumEdges: 132
NodeLabels
2 2 2 2 3 3 3 3 3 3 4 4 4 4 4 4 4 4 4 4 4 4 4 4 4 4 4 4 4 4 4 5 5 5 5 5 5 5 5 5 5 5 5 5 5 5 5 5 5 5 5 5 5 4 5 5 5 5 5 5 5 5 5 5 
Edges
0 14 0
0 47 0
1 16 0
1 22 0
2 15 0
3 18 0
4 10 0
4 11 0
4 12 0
5 13 0
5 18 0
5 20 0
6 12 0
6 13 0
7 12 0
7 17 0
7 34 0
8 15 0
8 18 0
8 50 0
9 19 0
9 23 0
9 24 0
10 4 0
10 14 0
10 31 0
10 32 0
11 4 0
11 13 0
11 15 0
12 4 0
12 6 0
12 7 0
13 5 0
13 6 0
13 11 0
14 0 0
14 10 0
14 16 0
14 33 0
15 2 0
15 8 0
15 11 0
16 1 0
16 14 0
16 35 0
16 36 0
17 7 0
17 19 0
17 37 0
17 38 0
18 3 0
18 5 0
18 8 0
19 9 0
19 17 0
19 39 0
19 40 0
20 5 0
20 41 0
20 42 0
20 43 0
21 44 0
21 45 0
21 46 0
21 23 0
22 1 0
22 25 0
22 26 0
23 9 0
23 48 0
23 49 0
23 21 0
24 9 0
24 51 0
24 52 0
24 53 0
25 22 0
25 27 0
25 28 0
26 22 0
26 29 0
26 54 0
27 25 0
27 30 0
27 55 0
28 25 0
28 56 0
28 57 0
28 58 0
29 26 0
29 30 0
29 59 0
30 27 0
30 29 0
30 60 0
31 10 0
32 10 0
33 14 0
34 7 0
35 16 0
36 16 0
37 17 0
38 17 0
39 19 0
40 19 0
41 20 0
42 20 0
43 20 0
44 21 0
45 21 0
46 21 0
47 0 0
48 23 0
49 23 0
50 8 0
51 24 0
52 24 0
53 24 0
53 61 0
53 62 0
53 63 0
54 26 0
55 27 0
56 28 0
57 28 0
58 28 0
59 29 0
60 30 0
61 53 0
62 53 0
63 53 0
GraphDataEnd
GraphEnd
NodeEnd
NodeStart
EPTNodeID: 14
AnchorID: 17492
TreeNodeGraphID: 68
Level: 6
SimplifiedLevel: 0
EditOperation: 5 34 53 0 0
AccumulatedOpsCount: 3
AccumulatedOp: 4 7 34 0 0
AccumulatedOp: 5 7 53 0 0
AccumulatedOp: 5 34 53 0 0
ChildrenCount: 0
ChildIndices:
CompletedDBGraphIDsCount: 2
CompletedDBGraphID: 11424
CompletedDBGraphID: 13046
GraphStart
GraphDataStart
ID: 68
NumNodes: 62
NumEdges: 130
NodeLabels
2 2 2 2 3 3 3 3 3 3 4 4 4 4 4 4 4 4 4 4 4 4 4 4 4 4 4 4 4 4 4 5 5 5 5 5 5 5 5 5 5 5 5 5 5 5 5 5 5 5 5 5 5 4 5 5 5 5 5 5 5 5 
Edges
0 14 0
0 47 0
1 16 0
1 22 0
2 15 0
3 18 0
4 10 0
4 11 0
4 12 0
5 13 0
5 18 0
5 20 0
6 12 0
6 13 0
7 12 0
7 17 0
7 53 0
8 15 0
8 18 0
8 21 0
9 19 0
9 23 0
9 24 0
10 4 0
10 14 0
10 31 0
10 32 0
11 4 0
11 13 0
11 15 0
12 4 0
12 6 0
12 7 0
13 5 0
13 6 0
13 11 0
14 0 0
14 10 0
14 16 0
14 33 0
15 2 0
15 8 0
15 11 0
16 1 0
16 14 0
16 35 0
16 36 0
17 7 0
17 19 0
17 37 0
17 38 0
18 3 0
18 5 0
18 8 0
19 9 0
19 17 0
19 39 0
19 40 0
20 5 0
20 41 0
20 42 0
20 43 0
21 8 0
21 44 0
21 45 0
21 46 0
22 1 0
22 25 0
22 26 0
23 9 0
23 48 0
23 49 0
23 50 0
24 9 0
24 51 0
24 52 0
24 53 0
25 22 0
25 27 0
25 28 0
26 22 0
26 29 0
26 54 0
27 25 0
27 30 0
27 55 0
28 25 0
28 56 0
28 57 0
28 58 0
29 26 0
29 30 0
29 59 0
30 27 0
30 29 0
30 60 0
31 10 0
32 10 0
33 14 0
34 53 0
35 16 0
36 16 0
37 17 0
38 17 0
39 19 0
40 19 0
41 20 0
42 20 0
43 20 0
44 21 0
45 21 0
46 21 0
47 0 0
48 23 0
49 23 0
50 23 0
51 24 0
52 24 0
53 24 0
53 61 0
53 7 0
53 34 0
54 26 0
55 27 0
56 28 0
57 28 0
58 28 0
59 29 0
60 30 0
61 53 0
GraphDataEnd
GraphEnd
NodeEnd
NodeStart
EPTNodeID: 15
AnchorID: 17492
TreeNodeGraphID: 75
Level: 7
SimplifiedLevel: 0
EditOperation: 1 46 0 5 0
AccumulatedOpsCount: 7
AccumulatedOp: 4 21 46 0 0
AccumulatedOp: 0 21 0 4 5
AccumulatedOp: 4 21 44 0 0
AccumulatedOp: 1 44 0 5 0
AccumulatedOp: 4 21 45 0 0
AccumulatedOp: 1 45 0 5 0
AccumulatedOp: 1 46 0 5 0
ChildrenCount: 0
ChildIndices:
CompletedDBGraphIDsCount: 2
CompletedDBGraphID: 16429
CompletedDBGraphID: 21361
GraphStart
GraphDataStart
ID: 75
NumNodes: 58
NumEdges: 120
NodeLabels
2 2 2 2 3 3 3 3 3 3 4 4 4 4 4 4 4 4 4 4 4 5 4 4 4 4 4 4 4 4 4 5 5 5 5 5 5 5 5 5 5 5 5 5 5 5 5 5 5 5 5 5 5 5 5 5 5 5 
Edges
0 14 0
0 44 0
1 16 0
1 22 0
2 15 0
3 18 0
4 10 0
4 11 0
4 12 0
5 13 0
5 18 0
5 20 0
6 12 0
6 13 0
7 12 0
7 17 0
7 34 0
8 15 0
8 18 0
8 21 0
9 19 0
9 23 0
9 24 0
10 4 0
10 14 0
10 31 0
10 32 0
11 4 0
11 13 0
11 15 0
12 4 0
12 6 0
12 7 0
13 5 0
13 6 0
13 11 0
14 0 0
14 10 0
14 16 0
14 33 0
15 2 0
15 8 0
15 11 0
16 1 0
16 14 0
16 35 0
16 36 0
17 7 0
17 19 0
17 37 0
17 38 0
18 3 0
18 5 0
18 8 0
19 9 0
19 17 0
19 39 0
19 40 0
20 5 0
20 41 0
20 42 0
20 43 0
21 8 0
22 1 0
22 25 0
22 26 0
23 9 0
23 45 0
23 46 0
23 47 0
24 9 0
24 48 0
24 49 0
24 50 0
25 22 0
25 27 0
25 28 0
26 22 0
26 29 0
26 51 0
27 25 0
27 30 0
27 52 0
28 25 0
28 53 0
28 54 0
28 55 0
29 26 0
29 30 0
29 56 0
30 27 0
30 29 0
30 57 0
31 10 0
32 10 0
33 14 0
34 7 0
35 16 0
36 16 0
37 17 0
38 17 0
39 19 0
40 19 0
41 20 0
42 20 0
43 20 0
44 0 0
45 23 0
46 23 0
47 23 0
48 24 0
49 24 0
50 24 0
51 26 0
52 27 0
53 28 0
54 28 0
55 28 0
56 29 0
57 30 0
GraphDataEnd
GraphEnd
NodeEnd
END_EPT
