BEGIN_EPT
AnchorID: 9754  # ID of the anchor node
RootIndex: 0  # Index of the root node in tree_nodes
NodeCount: 10  # Total number of nodes in the EPT
NodeStart
EPTNodeID: 0
AnchorID: 9754
TreeNodeGraphID: 0
Level: 0
SimplifiedLevel: 0
EditOperation: -1 0 -1 0 0
AccumulatedOpsCount: 0
ChildrenCount: 3
ChildIndices: 1 6 9
CompletedDBGraphIDsCount: 0
GraphStart
GraphDataStart
ID: 0
NumNodes: 63
NumEdges: 132
NodeLabels
6 2 2 2 2 2 2 2 3 3 4 4 4 4 4 4 4 4 4 4 4 4 4 4 4 4 4 4 4 4 4 4 4 4 4 4 4 5 5 5 5 5 5 5 5 5 5 5 5 5 5 5 5 5 5 5 5 5 5 5 5 5 5 
Edges
0 13 0
0 16 0
1 15 0
2 19 0
2 28 0
3 21 0
3 31 0
4 19 0
5 24 0
5 33 0
6 26 0
6 34 0
7 33 0
8 10 0
8 13 0
8 15 0
9 13 0
9 14 0
10 8 0
10 11 0
10 12 0
10 37 0
11 10 0
11 14 0
11 19 0
12 10 0
12 17 0
12 18 0
13 0 0
13 8 0
13 9 0
14 9 0
14 11 0
14 20 0
15 1 0
15 8 0
15 16 0
16 0 0
16 15 0
16 23 0
17 12 0
17 21 0
17 38 0
18 12 0
18 22 0
18 39 0
19 2 0
19 4 0
19 11 0
20 14 0
20 40 0
20 41 0
20 42 0
21 3 0
21 17 0
21 24 0
22 18 0
22 24 0
22 43 0
23 16 0
23 25 0
23 44 0
24 5 0
24 21 0
24 22 0
25 23 0
25 26 0
25 27 0
26 6 0
26 25 0
26 29 0
27 25 0
27 30 0
27 45 0
28 2 0
28 46 0
28 47 0
28 48 0
29 26 0
29 32 0
29 49 0
30 27 0
30 32 0
30 50 0
31 3 0
31 51 0
31 52 0
31 53 0
32 29 0
32 30 0
32 54 0
33 5 0
33 7 0
33 35 0
34 6 0
34 36 0
34 55 0
34 56 0
35 33 0
35 57 0
35 58 0
35 59 0
36 34 0
36 60 0
36 61 0
36 62 0
37 10 0
38 17 0
39 18 0
40 20 0
41 20 0
42 20 0
43 22 0
44 23 0
45 27 0
46 28 0
47 28 0
48 28 0
49 29 0
50 30 0
51 31 0
52 31 0
53 31 0
54 32 0
55 34 0
56 34 0
57 35 0
58 35 0
59 35 0
60 36 0
61 36 0
62 36 0
GraphDataEnd
GraphEnd
NodeEnd
NodeStart
EPTNodeID: 1
AnchorID: 9754
TreeNodeGraphID: 6
Level: 6
SimplifiedLevel: 0
EditOperation: 5 5 31 0 0
AccumulatedOpsCount: 6
AccumulatedOp: 4 5 33 0 0
AccumulatedOp: 0 3 0 2 5
AccumulatedOp: 4 3 31 0 0
AccumulatedOp: 4 7 33 0 0
AccumulatedOp: 1 7 0 2 0
AccumulatedOp: 5 5 31 0 0
ChildrenCount: 2
ChildIndices: 2 3
CompletedDBGraphIDsCount: 0
GraphStart
GraphDataStart
ID: 6
NumNodes: 62
NumEdges: 128
NodeLabels
6 2 2 5 2 2 2 3 3 4 4 4 4 4 4 4 4 4 4 4 4 4 4 4 4 4 4 4 4 4 4 4 4 4 4 4 5 5 5 5 5 5 5 5 5 5 5 5 5 5 5 5 5 5 5 5 5 5 5 5 5 5 
Edges
0 12 0
0 15 0
1 14 0
2 18 0
2 27 0
3 20 0
4 18 0
5 23 0
5 30 0
6 25 0
6 33 0
7 9 0
7 12 0
7 14 0
8 12 0
8 13 0
9 7 0
9 10 0
9 11 0
9 36 0
10 9 0
10 13 0
10 18 0
11 9 0
11 16 0
11 17 0
12 0 0
12 7 0
12 8 0
13 8 0
13 10 0
13 19 0
14 1 0
14 7 0
14 15 0
15 0 0
15 14 0
15 22 0
16 11 0
16 20 0
16 37 0
17 11 0
17 21 0
17 38 0
18 2 0
18 4 0
18 10 0
19 13 0
19 39 0
19 40 0
19 41 0
20 3 0
20 16 0
20 23 0
21 17 0
21 23 0
21 42 0
22 15 0
22 24 0
22 43 0
23 5 0
23 20 0
23 21 0
24 22 0
24 25 0
24 26 0
25 6 0
25 24 0
25 28 0
26 24 0
26 29 0
26 44 0
27 2 0
27 45 0
27 46 0
27 47 0
28 25 0
28 31 0
28 48 0
29 26 0
29 31 0
29 49 0
30 50 0
30 51 0
30 52 0
30 5 0
31 28 0
31 29 0
31 53 0
32 34 0
33 6 0
33 35 0
33 54 0
33 55 0
34 32 0
34 56 0
34 57 0
34 58 0
35 33 0
35 59 0
35 60 0
35 61 0
36 9 0
37 16 0
38 17 0
39 19 0
40 19 0
41 19 0
42 21 0
43 22 0
44 26 0
45 27 0
46 27 0
47 27 0
48 28 0
49 29 0
50 30 0
51 30 0
52 30 0
53 31 0
54 33 0
55 33 0
56 34 0
57 34 0
58 34 0
59 35 0
60 35 0
61 35 0
GraphDataEnd
GraphEnd
NodeEnd
NodeStart
EPTNodeID: 2
AnchorID: 9754
TreeNodeGraphID: 11
Level: 11
SimplifiedLevel: 0
EditOperation: 5 28 35 0 0
AccumulatedOpsCount: 5
AccumulatedOp: 4 28 48 0 0
AccumulatedOp: 1 48 0 5 0
AccumulatedOp: 4 33 35 0 0
AccumulatedOp: 1 33 0 4 0
AccumulatedOp: 5 28 35 0 0
ChildrenCount: 0
ChildIndices:
CompletedDBGraphIDsCount: 2
CompletedDBGraphID: 9828
CompletedDBGraphID: 21499
GraphStart
GraphDataStart
ID: 11
NumNodes: 60
NumEdges: 126
NodeLabels
6 2 2 5 2 2 2 3 3 4 4 4 4 4 4 4 4 4 4 4 4 4 4 4 4 4 4 4 4 4 4 4 4 4 4 5 5 5 5 5 5 5 5 5 5 5 5 5 5 5 5 5 5 5 5 5 5 5 5 5 
Edges
0 12 0
0 15 0
1 14 0
2 18 0
2 27 0
3 20 0
4 18 0
5 23 0
5 30 0
6 25 0
6 32 0
7 9 0
7 12 0
7 14 0
8 12 0
8 13 0
9 7 0
9 10 0
9 11 0
9 35 0
10 9 0
10 13 0
10 18 0
11 9 0
11 16 0
11 17 0
12 0 0
12 7 0
12 8 0
13 8 0
13 10 0
13 19 0
14 1 0
14 7 0
14 15 0
15 0 0
15 14 0
15 22 0
16 11 0
16 20 0
16 36 0
17 11 0
17 21 0
17 37 0
18 2 0
18 4 0
18 10 0
19 13 0
19 38 0
19 39 0
19 40 0
20 3 0
20 16 0
20 23 0
21 17 0
21 23 0
21 41 0
22 15 0
22 24 0
22 42 0
23 5 0
23 20 0
23 21 0
24 22 0
24 25 0
24 26 0
25 6 0
25 24 0
25 28 0
26 24 0
26 29 0
26 43 0
27 2 0
27 44 0
27 45 0
27 33 0
28 25 0
28 31 0
28 46 0
29 26 0
29 31 0
29 47 0
30 48 0
30 49 0
30 50 0
30 5 0
31 28 0
31 29 0
31 51 0
32 6 0
32 34 0
32 52 0
32 53 0
33 54 0
33 55 0
33 56 0
33 27 0
34 32 0
34 57 0
34 58 0
34 59 0
35 9 0
36 16 0
37 17 0
38 19 0
39 19 0
40 19 0
41 21 0
42 22 0
43 26 0
44 27 0
45 27 0
46 28 0
47 29 0
48 30 0
49 30 0
50 30 0
51 31 0
52 32 0
53 32 0
54 33 0
55 33 0
56 33 0
57 34 0
58 34 0
59 34 0
GraphDataEnd
GraphEnd
NodeEnd
NodeStart
EPTNodeID: 3
AnchorID: 9754
TreeNodeGraphID: 14
Level: 9
SimplifiedLevel: 0
EditOperation: 5 25 33 0 0
AccumulatedOpsCount: 3
AccumulatedOp: 0 33 0 4 2
AccumulatedOp: 4 23 25 0 0
AccumulatedOp: 5 25 33 0 0
ChildrenCount: 2
ChildIndices: 4 5
CompletedDBGraphIDsCount: 0
GraphStart
GraphDataStart
ID: 14
NumNodes: 62
NumEdges: 128
NodeLabels
6 2 2 5 2 2 2 3 3 4 4 4 4 4 4 4 4 4 4 4 4 4 4 4 4 4 4 4 4 4 4 4 2 4 4 4 5 5 5 5 5 5 5 5 5 5 5 5 5 5 5 5 5 5 5 5 5 5 5 5 5 5 
Edges
0 12 0
0 15 0
1 14 0
2 18 0
2 27 0
3 20 0
4 18 0
5 23 0
5 30 0
6 25 0
6 33 0
7 9 0
7 12 0
7 14 0
8 12 0
8 13 0
9 7 0
9 10 0
9 11 0
9 36 0
10 9 0
10 13 0
10 18 0
11 9 0
11 16 0
11 17 0
12 0 0
12 7 0
12 8 0
13 8 0
13 10 0
13 19 0
14 1 0
14 7 0
14 15 0
15 0 0
15 14 0
15 22 0
16 11 0
16 20 0
16 37 0
17 11 0
17 21 0
17 38 0
18 2 0
18 4 0
18 10 0
19 13 0
19 39 0
19 40 0
19 41 0
20 3 0
20 16 0
20 23 0
21 17 0
21 23 0
21 42 0
22 15 0
22 43 0
23 5 0
23 20 0
23 21 0
24 25 0
24 26 0
24 32 0
25 6 0
25 24 0
25 28 0
26 24 0
26 29 0
26 44 0
27 2 0
27 45 0
27 46 0
27 47 0
28 25 0
28 31 0
28 48 0
29 26 0
29 31 0
29 49 0
30 50 0
30 51 0
30 52 0
30 5 0
31 28 0
31 29 0
31 53 0
32 34 0
32 24 0
33 6 0
33 35 0
33 54 0
33 55 0
34 32 0
34 56 0
34 57 0
34 58 0
35 33 0
35 59 0
35 60 0
35 61 0
36 9 0
37 16 0
38 17 0
39 19 0
40 19 0
41 19 0
42 21 0
43 22 0
44 26 0
45 27 0
46 27 0
47 27 0
48 28 0
49 29 0
50 30 0
51 30 0
52 30 0
53 31 0
54 33 0
55 33 0
56 34 0
57 34 0
58 34 0
59 35 0
60 35 0
61 35 0
GraphDataEnd
GraphEnd
NodeEnd
NodeStart
EPTNodeID: 4
AnchorID: 9754
TreeNodeGraphID: 17
Level: 12
SimplifiedLevel: 0
EditOperation: 5 23 30 0 0
AccumulatedOpsCount: 3
AccumulatedOp: 4 30 50 0 0
AccumulatedOp: 1 50 0 5 0
AccumulatedOp: 5 23 30 0 0
ChildrenCount: 0
ChildIndices:
CompletedDBGraphIDsCount: 1
CompletedDBGraphID: 21282
GraphStart
GraphDataStart
ID: 17
NumNodes: 61
NumEdges: 128
NodeLabels
6 2 2 5 2 2 2 3 3 4 4 4 4 4 4 4 4 4 4 4 4 4 4 4 4 4 4 4 4 4 4 4 2 4 4 4 5 5 5 5 5 5 5 5 5 5 5 5 5 5 5 5 5 5 5 5 5 5 5 5 5 
Edges
0 12 0
0 15 0
1 14 0
2 18 0
2 27 0
3 20 0
4 18 0
5 23 0
5 30 0
6 25 0
6 33 0
7 9 0
7 12 0
7 14 0
8 12 0
8 13 0
9 7 0
9 10 0
9 11 0
9 36 0
10 9 0
10 13 0
10 18 0
11 9 0
11 16 0
11 17 0
12 0 0
12 7 0
12 8 0
13 8 0
13 10 0
13 19 0
14 1 0
14 7 0
14 15 0
15 0 0
15 14 0
15 22 0
16 11 0
16 20 0
16 37 0
17 11 0
17 21 0
17 38 0
18 2 0
18 4 0
18 10 0
19 13 0
19 39 0
19 40 0
19 41 0
20 3 0
20 16 0
20 23 0
21 17 0
21 23 0
21 42 0
22 15 0
22 43 0
22 29 0
23 5 0
23 20 0
23 21 0
24 25 0
24 26 0
24 32 0
25 6 0
25 24 0
25 28 0
26 24 0
26 29 0
26 44 0
27 2 0
27 45 0
27 46 0
27 47 0
28 25 0
28 31 0
28 48 0
29 26 0
29 31 0
29 22 0
30 49 0
30 50 0
30 51 0
30 5 0
31 28 0
31 29 0
31 52 0
32 34 0
32 24 0
33 6 0
33 35 0
33 53 0
33 54 0
34 32 0
34 55 0
34 56 0
34 57 0
35 33 0
35 58 0
35 59 0
35 60 0
36 9 0
37 16 0
38 17 0
39 19 0
40 19 0
41 19 0
42 21 0
43 22 0
44 26 0
45 27 0
46 27 0
47 27 0
48 28 0
49 30 0
50 30 0
51 30 0
52 31 0
53 33 0
54 33 0
55 34 0
56 34 0
57 34 0
58 35 0
59 35 0
60 35 0
GraphDataEnd
GraphEnd
NodeEnd
NodeStart
EPTNodeID: 5
AnchorID: 9754
TreeNodeGraphID: 20
Level: 12
SimplifiedLevel: 0
EditOperation: 1 54 0 5 0
AccumulatedOpsCount: 3
AccumulatedOp: 5 23 32 0 0
AccumulatedOp: 4 32 54 0 0
AccumulatedOp: 1 54 0 5 0
ChildrenCount: 0
ChildIndices:
CompletedDBGraphIDsCount: 1
CompletedDBGraphID: 7567
GraphStart
GraphDataStart
ID: 20
NumNodes: 61
NumEdges: 128
NodeLabels
6 2 2 5 2 2 2 3 3 4 4 4 4 4 4 4 4 4 4 4 4 4 4 4 4 4 4 4 4 4 4 4 2 4 4 4 5 5 5 5 5 5 5 5 5 5 5 5 5 5 5 5 5 5 5 5 5 5 5 5 5 
Edges
0 12 0
0 15 0
1 14 0
2 18 0
2 27 0
3 20 0
4 18 0
5 23 0
5 30 0
6 25 0
6 33 0
7 9 0
7 12 0
7 14 0
8 12 0
8 13 0
9 7 0
9 10 0
9 11 0
9 36 0
10 9 0
10 13 0
10 18 0
11 9 0
11 16 0
11 17 0
12 0 0
12 7 0
12 8 0
13 8 0
13 10 0
13 19 0
14 1 0
14 7 0
14 15 0
15 0 0
15 14 0
15 22 0
16 11 0
16 20 0
16 37 0
17 11 0
17 21 0
17 38 0
18 2 0
18 4 0
18 10 0
19 13 0
19 39 0
19 40 0
19 41 0
20 3 0
20 16 0
20 23 0
21 17 0
21 23 0
21 42 0
22 15 0
22 43 0
22 31 0
23 5 0
23 20 0
23 21 0
24 25 0
24 26 0
24 32 0
25 6 0
25 24 0
25 28 0
26 24 0
26 29 0
26 44 0
27 2 0
27 45 0
27 46 0
27 47 0
28 25 0
28 31 0
28 48 0
29 26 0
29 31 0
29 49 0
30 50 0
30 51 0
30 52 0
30 5 0
31 28 0
31 29 0
31 22 0
32 34 0
32 24 0
33 6 0
33 35 0
33 53 0
33 54 0
34 32 0
34 55 0
34 56 0
34 57 0
35 33 0
35 58 0
35 59 0
35 60 0
36 9 0
37 16 0
38 17 0
39 19 0
40 19 0
41 19 0
42 21 0
43 22 0
44 26 0
45 27 0
46 27 0
47 27 0
48 28 0
49 29 0
50 30 0
51 30 0
52 30 0
53 33 0
54 33 0
55 34 0
56 34 0
57 34 0
58 35 0
59 35 0
60 35 0
GraphDataEnd
GraphEnd
NodeEnd
NodeStart
EPTNodeID: 6
AnchorID: 9754
TreeNodeGraphID: 22
Level: 2
SimplifiedLevel: 0
EditOperation: 2 63 0 0 5
AccumulatedOpsCount: 2
AccumulatedOp: 2 64 0 0 5
AccumulatedOp: 2 63 0 0 5
ChildrenCount: 2
ChildIndices: 7 8
CompletedDBGraphIDsCount: 0
GraphStart
GraphDataStart
ID: 22
NumNodes: 65
NumEdges: 132
NodeLabels
6 2 2 2 2 2 2 2 3 3 4 4 4 4 4 4 4 4 4 4 4 4 4 4 4 4 4 4 4 4 4 4 4 4 4 4 4 5 5 5 5 5 5 5 5 5 5 5 5 5 5 5 5 5 5 5 5 5 5 5 5 5 5 5 5 
Edges
0 13 0
0 16 0
1 15 0
2 19 0
2 28 0
3 21 0
3 31 0
4 19 0
5 24 0
5 33 0
6 26 0
6 34 0
7 33 0
8 10 0
8 13 0
8 15 0
9 13 0
9 14 0
10 8 0
10 11 0
10 12 0
10 37 0
11 10 0
11 14 0
11 19 0
12 10 0
12 17 0
12 18 0
13 0 0
13 8 0
13 9 0
14 9 0
14 11 0
14 20 0
15 1 0
15 8 0
15 16 0
16 0 0
16 15 0
16 23 0
17 12 0
17 21 0
17 38 0
18 12 0
18 22 0
18 39 0
19 2 0
19 4 0
19 11 0
20 14 0
20 40 0
20 41 0
20 42 0
21 3 0
21 17 0
21 24 0
22 18 0
22 24 0
22 43 0
23 16 0
23 25 0
23 44 0
24 5 0
24 21 0
24 22 0
25 23 0
25 26 0
25 27 0
26 6 0
26 25 0
26 29 0
27 25 0
27 30 0
27 45 0
28 2 0
28 46 0
28 47 0
28 48 0
29 26 0
29 32 0
29 49 0
30 27 0
30 32 0
30 50 0
31 3 0
31 51 0
31 52 0
31 53 0
32 29 0
32 30 0
32 54 0
33 5 0
33 7 0
33 35 0
34 6 0
34 36 0
34 55 0
34 56 0
35 33 0
35 57 0
35 58 0
35 59 0
36 34 0
36 60 0
36 61 0
36 62 0
37 10 0
38 17 0
39 18 0
40 20 0
41 20 0
42 20 0
43 22 0
44 23 0
45 27 0
46 28 0
47 28 0
48 28 0
49 29 0
50 30 0
51 31 0
52 31 0
53 31 0
54 32 0
55 34 0
56 34 0
57 35 0
58 35 0
59 35 0
60 36 0
61 36 0
62 36 0
GraphDataEnd
GraphEnd
NodeEnd
NodeStart
EPTNodeID: 7
AnchorID: 9754
TreeNodeGraphID: 27
Level: 7
SimplifiedLevel: 0
EditOperation: 5 46 63 0 0
AccumulatedOpsCount: 5
AccumulatedOp: 0 46 0 5 4
AccumulatedOp: 5 46 64 0 0
AccumulatedOp: 2 65 0 0 5
AccumulatedOp: 5 46 65 0 0
AccumulatedOp: 5 46 63 0 0
ChildrenCount: 0
ChildIndices:
CompletedDBGraphIDsCount: 2
CompletedDBGraphID: 8095
CompletedDBGraphID: 8084
GraphStart
GraphDataStart
ID: 27
NumNodes: 66
NumEdges: 138
NodeLabels
6 2 2 2 2 2 2 2 3 3 4 4 4 4 4 4 4 4 4 4 4 4 4 4 4 4 4 4 4 4 4 4 4 4 4 4 4 5 5 5 5 5 5 5 5 5 4 5 5 5 5 5 5 5 5 5 5 5 5 5 5 5 5 5 5 5 
Edges
0 13 0
0 16 0
1 15 0
2 19 0
2 28 0
3 21 0
3 31 0
4 19 0
5 24 0
5 33 0
6 26 0
6 34 0
7 33 0
8 10 0
8 13 0
8 15 0
9 13 0
9 14 0
10 8 0
10 11 0
10 12 0
10 37 0
11 10 0
11 14 0
11 19 0
12 10 0
12 17 0
12 18 0
13 0 0
13 8 0
13 9 0
14 9 0
14 11 0
14 20 0
15 1 0
15 8 0
15 16 0
16 0 0
16 15 0
16 23 0
17 12 0
17 21 0
17 38 0
18 12 0
18 22 0
18 39 0
19 2 0
19 4 0
19 11 0
20 14 0
20 40 0
20 41 0
20 42 0
21 3 0
21 17 0
21 24 0
22 18 0
22 24 0
22 43 0
23 16 0
23 25 0
23 44 0
24 5 0
24 21 0
24 22 0
25 23 0
25 26 0
25 27 0
26 6 0
26 25 0
26 29 0
27 25 0
27 30 0
27 45 0
28 2 0
28 46 0
28 47 0
28 48 0
29 26 0
29 32 0
29 49 0
30 27 0
30 32 0
30 50 0
31 3 0
31 51 0
31 52 0
31 53 0
32 29 0
32 30 0
32 54 0
33 5 0
33 7 0
33 35 0
34 6 0
34 36 0
34 55 0
34 56 0
35 33 0
35 57 0
35 58 0
35 59 0
36 34 0
36 60 0
36 61 0
36 62 0
37 10 0
38 17 0
39 18 0
40 20 0
41 20 0
42 20 0
43 22 0
44 23 0
45 27 0
46 28 0
46 64 0
46 65 0
46 63 0
47 28 0
48 28 0
49 29 0
50 30 0
51 31 0
52 31 0
53 31 0
54 32 0
55 34 0
56 34 0
57 35 0
58 35 0
59 35 0
60 36 0
61 36 0
62 36 0
63 46 0
64 46 0
65 46 0
GraphDataEnd
GraphEnd
NodeEnd
NodeStart
EPTNodeID: 8
AnchorID: 9754
TreeNodeGraphID: 38
Level: 13
SimplifiedLevel: 0
EditOperation: 5 33 63 0 0
AccumulatedOpsCount: 11
AccumulatedOp: 5 33 64 0 0
AccumulatedOp: 0 6 0 2 5
AccumulatedOp: 5 2 34 0 0
AccumulatedOp: 0 7 0 2 5
AccumulatedOp: 0 54 0 5 3
AccumulatedOp: 4 2 28 0 0
AccumulatedOp: 5 35 54 0 0
AccumulatedOp: 4 6 34 0 0
AccumulatedOp: 4 33 35 0 0
AccumulatedOp: 5 28 54 0 0
AccumulatedOp: 5 33 63 0 0
ChildrenCount: 0
ChildIndices:
CompletedDBGraphIDsCount: 2
CompletedDBGraphID: 13723
CompletedDBGraphID: 6653
GraphStart
GraphDataStart
ID: 38
NumNodes: 65
NumEdges: 136
NodeLabels
6 2 2 2 2 2 5 5 3 3 4 4 4 4 4 4 4 4 4 4 4 4 4 4 4 4 4 4 4 4 4 4 4 4 4 4 4 5 5 5 5 5 5 5 5 5 5 5 5 5 5 5 5 5 3 5 5 5 5 5 5 5 5 5 5 
Edges
0 13 0
0 16 0
1 15 0
2 19 0
2 34 0
3 21 0
3 31 0
4 19 0
5 24 0
5 33 0
6 26 0
7 33 0
8 10 0
8 13 0
8 15 0
9 13 0
9 14 0
10 8 0
10 11 0
10 12 0
10 37 0
11 10 0
11 14 0
11 19 0
12 10 0
12 17 0
12 18 0
13 0 0
13 8 0
13 9 0
14 9 0
14 11 0
14 20 0
15 1 0
15 8 0
15 16 0
16 0 0
16 15 0
16 23 0
17 12 0
17 21 0
17 38 0
18 12 0
18 22 0
18 39 0
19 2 0
19 4 0
19 11 0
20 14 0
20 40 0
20 41 0
20 42 0
21 3 0
21 17 0
21 24 0
22 18 0
22 24 0
22 43 0
23 16 0
23 25 0
23 44 0
24 5 0
24 21 0
24 22 0
25 23 0
25 26 0
25 27 0
26 6 0
26 25 0
26 29 0
27 25 0
27 30 0
27 45 0
28 46 0
28 47 0
28 48 0
28 54 0
29 26 0
29 32 0
29 49 0
30 27 0
30 32 0
30 50 0
31 3 0
31 51 0
31 52 0
31 53 0
32 29 0
32 30 0
32 54 0
33 5 0
33 7 0
33 64 0
33 63 0
34 36 0
34 55 0
34 56 0
34 2 0
35 57 0
35 58 0
35 59 0
35 54 0
36 34 0
36 60 0
36 61 0
36 62 0
37 10 0
38 17 0
39 18 0
40 20 0
41 20 0
42 20 0
43 22 0
44 23 0
45 27 0
46 28 0
47 28 0
48 28 0
49 29 0
50 30 0
51 31 0
52 31 0
53 31 0
54 32 0
54 35 0
54 28 0
55 34 0
56 34 0
57 35 0
58 35 0
59 35 0
60 36 0
61 36 0
62 36 0
63 33 0
64 33 0
GraphDataEnd
GraphEnd
NodeEnd
NodeStart
EPTNodeID: 9
AnchorID: 9754
TreeNodeGraphID: 42
Level: 4
SimplifiedLevel: 0
EditOperation: 5 26 54 0 0
AccumulatedOpsCount: 4
AccumulatedOp: 4 32 54 0 0
AccumulatedOp: 4 6 26 0 0
AccumulatedOp: 5 6 32 0 0
AccumulatedOp: 5 26 54 0 0
ChildrenCount: 0
ChildIndices:
CompletedDBGraphIDsCount: 2
CompletedDBGraphID: 6903
CompletedDBGraphID: 8365
GraphStart
GraphDataStart
ID: 42
NumNodes: 63
NumEdges: 132
NodeLabels
6 2 2 2 2 2 2 2 3 3 4 4 4 4 4 4 4 4 4 4 4 4 4 4 4 4 4 4 4 4 4 4 4 4 4 4 4 5 5 5 5 5 5 5 5 5 5 5 5 5 5 5 5 5 5 5 5 5 5 5 5 5 5 
Edges
0 13 0
0 16 0
1 15 0
2 19 0
2 28 0
3 21 0
3 31 0
4 19 0
5 24 0
5 33 0
6 34 0
6 32 0
7 33 0
8 10 0
8 13 0
8 15 0
9 13 0
9 14 0
10 8 0
10 11 0
10 12 0
10 37 0
11 10 0
11 14 0
11 19 0
12 10 0
12 17 0
12 18 0
13 0 0
13 8 0
13 9 0
14 9 0
14 11 0
14 20 0
15 1 0
15 8 0
15 16 0
16 0 0
16 15 0
16 23 0
17 12 0
17 21 0
17 38 0
18 12 0
18 22 0
18 39 0
19 2 0
19 4 0
19 11 0
20 14 0
20 40 0
20 41 0
20 42 0
21 3 0
21 17 0
21 24 0
22 18 0
22 24 0
22 43 0
23 16 0
23 25 0
23 44 0
24 5 0
24 21 0
24 22 0
25 23 0
25 26 0
25 27 0
26 25 0
26 29 0
26 54 0
27 25 0
27 30 0
27 45 0
28 2 0
28 46 0
28 47 0
28 48 0
29 26 0
29 32 0
29 49 0
30 27 0
30 32 0
30 50 0
31 3 0
31 51 0
31 52 0
31 53 0
32 29 0
32 30 0
32 6 0
33 5 0
33 7 0
33 35 0
34 6 0
34 36 0
34 55 0
34 56 0
35 33 0
35 57 0
35 58 0
35 59 0
36 34 0
36 60 0
36 61 0
36 62 0
37 10 0
38 17 0
39 18 0
40 20 0
41 20 0
42 20 0
43 22 0
44 23 0
45 27 0
46 28 0
47 28 0
48 28 0
49 29 0
50 30 0
51 31 0
52 31 0
53 31 0
54 26 0
55 34 0
56 34 0
57 35 0
58 35 0
59 35 0
60 36 0
61 36 0
62 36 0
GraphDataEnd
GraphEnd
NodeEnd
END_EPT
