BEGIN_EPT
AnchorID: 12450  # ID of the anchor node
RootIndex: 0  # Index of the root node in tree_nodes
NodeCount: 8  # Total number of nodes in the EPT
NodeStart
EPTNodeID: 0
AnchorID: 12450
TreeNodeGraphID: 0
Level: 0
SimplifiedLevel: 0
EditOperation: -1 0 -1 0 0
AccumulatedOpsCount: 0
ChildrenCount: 3
ChildIndices: 1 4 7
CompletedDBGraphIDsCount: 0
GraphStart
GraphDataStart
ID: 0
NumNodes: 63
NumEdges: 132
NodeLabels
6 1 1 1 2 2 2 3 3 3 3 3 4 4 4 4 4 4 4 4 4 4 4 4 4 4 4 4 4 4 4 4 4 4 4 4 4 4 4 5 5 5 5 5 5 5 5 5 5 5 5 5 5 5 5 5 5 5 5 5 5 5 5 
Edges
0 15 0
0 25 0
1 28 0
2 28 0
3 28 0
4 24 0
4 37 0
5 29 0
6 36 0
7 12 0
7 14 0
7 15 0
8 13 0
8 16 0
8 41 0
9 10 0
9 12 0
10 9 0
10 15 0
11 29 0
11 30 0
11 52 0
12 7 0
12 9 0
12 13 0
13 8 0
13 12 0
13 39 0
13 40 0
14 7 0
14 17 0
14 18 0
15 0 0
15 7 0
15 10 0
16 8 0
16 19 0
16 21 0
17 14 0
17 22 0
17 42 0
18 14 0
18 23 0
18 43 0
19 16 0
19 20 0
19 44 0
20 19 0
20 26 0
20 28 0
21 16 0
21 27 0
21 45 0
22 17 0
22 24 0
22 46 0
23 18 0
23 24 0
23 47 0
24 4 0
24 22 0
24 23 0
25 0 0
25 29 0
25 48 0
25 49 0
26 20 0
26 27 0
26 50 0
27 21 0
27 26 0
27 51 0
28 1 0
28 2 0
28 3 0
28 20 0
29 5 0
29 11 0
29 25 0
30 11 0
30 32 0
30 33 0
31 34 0
31 35 0
31 36 0
32 30 0
32 34 0
32 53 0
33 30 0
33 35 0
33 54 0
34 31 0
34 32 0
34 55 0
35 31 0
35 33 0
35 56 0
36 6 0
36 31 0
36 38 0
37 4 0
37 57 0
37 58 0
37 59 0
38 36 0
38 60 0
38 61 0
38 62 0
39 13 0
40 13 0
41 8 0
42 17 0
43 18 0
44 19 0
45 21 0
46 22 0
47 23 0
48 25 0
49 25 0
50 26 0
51 27 0
52 11 0
53 32 0
54 33 0
55 34 0
56 35 0
57 37 0
58 37 0
59 37 0
60 38 0
61 38 0
62 38 0
GraphDataEnd
GraphEnd
NodeEnd
NodeStart
EPTNodeID: 1
AnchorID: 12450
TreeNodeGraphID: 4
Level: 4
SimplifiedLevel: 0
EditOperation: 4 26 50 0 0
AccumulatedOpsCount: 4
AccumulatedOp: 5 20 50 0 0
AccumulatedOp: 0 2 0 1 5
AccumulatedOp: 4 20 28 0 0
AccumulatedOp: 4 26 50 0 0
ChildrenCount: 2
ChildIndices: 2 3
CompletedDBGraphIDsCount: 0
GraphStart
GraphDataStart
ID: 4
NumNodes: 63
NumEdges: 130
NodeLabels
6 1 5 1 2 2 2 3 3 3 3 3 4 4 4 4 4 4 4 4 4 4 4 4 4 4 4 4 4 4 4 4 4 4 4 4 4 4 4 5 5 5 5 5 5 5 5 5 5 5 5 5 5 5 5 5 5 5 5 5 5 5 5 
Edges
0 15 0
0 25 0
1 28 0
2 28 0
3 28 0
4 24 0
4 37 0
5 29 0
6 36 0
7 12 0
7 14 0
7 15 0
8 13 0
8 16 0
8 41 0
9 10 0
9 12 0
10 9 0
10 15 0
11 29 0
11 30 0
11 52 0
12 7 0
12 9 0
12 13 0
13 8 0
13 12 0
13 39 0
13 40 0
14 7 0
14 17 0
14 18 0
15 0 0
15 7 0
15 10 0
16 8 0
16 19 0
16 21 0
17 14 0
17 22 0
17 42 0
18 14 0
18 23 0
18 43 0
19 16 0
19 20 0
19 44 0
20 19 0
20 26 0
20 50 0
21 16 0
21 27 0
21 45 0
22 17 0
22 24 0
22 46 0
23 18 0
23 24 0
23 47 0
24 4 0
24 22 0
24 23 0
25 0 0
25 29 0
25 48 0
25 49 0
26 20 0
26 27 0
27 21 0
27 26 0
27 51 0
28 1 0
28 2 0
28 3 0
29 5 0
29 11 0
29 25 0
30 11 0
30 32 0
30 33 0
31 34 0
31 35 0
31 36 0
32 30 0
32 34 0
32 53 0
33 30 0
33 35 0
33 54 0
34 31 0
34 32 0
34 55 0
35 31 0
35 33 0
35 56 0
36 6 0
36 31 0
36 38 0
37 4 0
37 57 0
37 58 0
37 59 0
38 36 0
38 60 0
38 61 0
38 62 0
39 13 0
40 13 0
41 8 0
42 17 0
43 18 0
44 19 0
45 21 0
46 22 0
47 23 0
48 25 0
49 25 0
50 20 0
51 27 0
52 11 0
53 32 0
54 33 0
55 34 0
56 35 0
57 37 0
58 37 0
59 37 0
60 38 0
61 38 0
62 38 0
GraphDataEnd
GraphEnd
NodeEnd
NodeStart
EPTNodeID: 2
AnchorID: 12450
TreeNodeGraphID: 10
Level: 10
SimplifiedLevel: 0
EditOperation: 5 28 37 0 0
AccumulatedOpsCount: 6
AccumulatedOp: 0 1 0 1 2
AccumulatedOp: 0 3 0 1 5
AccumulatedOp: 0 4 0 2 5
AccumulatedOp: 5 1 26 0 0
AccumulatedOp: 4 4 37 0 0
AccumulatedOp: 5 28 37 0 0
ChildrenCount: 0
ChildIndices:
CompletedDBGraphIDsCount: 1
CompletedDBGraphID: 22533
GraphStart
GraphDataStart
ID: 10
NumNodes: 63
NumEdges: 132
NodeLabels
6 2 5 5 5 2 2 3 3 3 3 3 4 4 4 4 4 4 4 4 4 4 4 4 4 4 4 4 4 4 4 4 4 4 4 4 4 4 4 5 5 5 5 5 5 5 5 5 5 5 5 5 5 5 5 5 5 5 5 5 5 5 5 
Edges
0 15 0
0 25 0
1 28 0
1 26 0
2 28 0
3 28 0
4 24 0
5 29 0
6 36 0
7 12 0
7 14 0
7 15 0
8 13 0
8 16 0
8 41 0
9 10 0
9 12 0
10 9 0
10 15 0
11 29 0
11 30 0
11 52 0
12 7 0
12 9 0
12 13 0
13 8 0
13 12 0
13 39 0
13 40 0
14 7 0
14 17 0
14 18 0
15 0 0
15 7 0
15 10 0
16 8 0
16 19 0
16 21 0
17 14 0
17 22 0
17 42 0
18 14 0
18 23 0
18 43 0
19 16 0
19 20 0
19 44 0
20 19 0
20 26 0
20 50 0
21 16 0
21 27 0
21 45 0
22 17 0
22 24 0
22 46 0
23 18 0
23 24 0
23 47 0
24 4 0
24 22 0
24 23 0
25 0 0
25 29 0
25 48 0
25 49 0
26 20 0
26 27 0
26 1 0
27 21 0
27 26 0
27 51 0
28 1 0
28 2 0
28 3 0
28 37 0
29 5 0
29 11 0
29 25 0
30 11 0
30 32 0
30 33 0
31 34 0
31 35 0
31 36 0
32 30 0
32 34 0
32 53 0
33 30 0
33 35 0
33 54 0
34 31 0
34 32 0
34 55 0
35 31 0
35 33 0
35 56 0
36 6 0
36 31 0
36 38 0
37 57 0
37 58 0
37 59 0
37 28 0
38 36 0
38 60 0
38 61 0
38 62 0
39 13 0
40 13 0
41 8 0
42 17 0
43 18 0
44 19 0
45 21 0
46 22 0
47 23 0
48 25 0
49 25 0
50 20 0
51 27 0
52 11 0
53 32 0
54 33 0
55 34 0
56 35 0
57 37 0
58 37 0
59 37 0
60 38 0
61 38 0
62 38 0
GraphDataEnd
GraphEnd
NodeEnd
NodeStart
EPTNodeID: 3
AnchorID: 12450
TreeNodeGraphID: 18
Level: 12
SimplifiedLevel: 0
EditOperation: 5 28 38 0 0
AccumulatedOpsCount: 8
AccumulatedOp: 4 6 36 0 0
AccumulatedOp: 0 1 0 1 5
AccumulatedOp: 1 6 0 2 0
AccumulatedOp: 0 36 0 4 5
AccumulatedOp: 0 3 0 1 2
AccumulatedOp: 4 36 38 0 0
AccumulatedOp: 5 3 26 0 0
AccumulatedOp: 5 28 38 0 0
ChildrenCount: 0
ChildIndices:
CompletedDBGraphIDsCount: 1
CompletedDBGraphID: 3479
GraphStart
GraphDataStart
ID: 18
NumNodes: 62
NumEdges: 130
NodeLabels
6 5 5 2 2 2 3 3 3 3 3 4 4 4 4 4 4 4 4 4 4 4 4 4 4 4 4 4 4 4 4 4 4 4 4 5 4 4 5 5 5 5 5 5 5 5 5 5 5 5 5 5 5 5 5 5 5 5 5 5 5 5 
Edges
0 14 0
0 24 0
1 27 0
2 27 0
3 27 0
3 25 0
4 23 0
4 36 0
5 28 0
6 11 0
6 13 0
6 14 0
7 12 0
7 15 0
7 40 0
8 9 0
8 11 0
9 8 0
9 14 0
10 28 0
10 29 0
10 51 0
11 6 0
11 8 0
11 12 0
12 7 0
12 11 0
12 38 0
12 39 0
13 6 0
13 16 0
13 17 0
14 0 0
14 6 0
14 9 0
15 7 0
15 18 0
15 20 0
16 13 0
16 21 0
16 41 0
17 13 0
17 22 0
17 42 0
18 15 0
18 19 0
18 43 0
19 18 0
19 25 0
19 49 0
20 15 0
20 26 0
20 44 0
21 16 0
21 23 0
21 45 0
22 17 0
22 23 0
22 46 0
23 4 0
23 21 0
23 22 0
24 0 0
24 28 0
24 47 0
24 48 0
25 19 0
25 26 0
25 3 0
26 20 0
26 25 0
26 50 0
27 1 0
27 2 0
27 3 0
27 37 0
28 5 0
28 10 0
28 24 0
29 10 0
29 31 0
29 32 0
30 33 0
30 34 0
30 35 0
31 29 0
31 33 0
31 52 0
32 29 0
32 34 0
32 53 0
33 30 0
33 31 0
33 54 0
34 30 0
34 32 0
34 55 0
35 30 0
36 4 0
36 56 0
36 57 0
36 58 0
37 59 0
37 60 0
37 61 0
37 27 0
38 12 0
39 12 0
40 7 0
41 16 0
42 17 0
43 18 0
44 20 0
45 21 0
46 22 0
47 24 0
48 24 0
49 19 0
50 26 0
51 10 0
52 31 0
53 32 0
54 33 0
55 34 0
56 36 0
57 36 0
58 36 0
59 37 0
60 37 0
61 37 0
GraphDataEnd
GraphEnd
NodeEnd
NodeStart
EPTNodeID: 4
AnchorID: 12450
TreeNodeGraphID: 24
Level: 6
SimplifiedLevel: 0
EditOperation: 1 2 0 1 0
AccumulatedOpsCount: 6
AccumulatedOp: 4 1 28 0 0
AccumulatedOp: 1 1 0 1 0
AccumulatedOp: 4 3 28 0 0
AccumulatedOp: 1 3 0 1 0
AccumulatedOp: 4 2 28 0 0
AccumulatedOp: 1 2 0 1 0
ChildrenCount: 2
ChildIndices: 5 6
CompletedDBGraphIDsCount: 0
GraphStart
GraphDataStart
ID: 24
NumNodes: 60
NumEdges: 126
NodeLabels
6 2 2 2 3 3 3 3 3 4 4 4 4 4 4 4 4 4 4 4 4 4 4 4 4 4 4 4 4 4 4 4 4 4 4 4 5 5 5 5 5 5 5 5 5 5 5 5 5 5 5 5 5 5 5 5 5 5 5 5 
Edges
0 12 0
0 22 0
1 21 0
1 34 0
2 26 0
3 33 0
4 9 0
4 11 0
4 12 0
5 10 0
5 13 0
5 38 0
6 7 0
6 9 0
7 6 0
7 12 0
8 26 0
8 27 0
8 49 0
9 4 0
9 6 0
9 10 0
10 5 0
10 9 0
10 36 0
10 37 0
11 4 0
11 14 0
11 15 0
12 0 0
12 4 0
12 7 0
13 5 0
13 16 0
13 18 0
14 11 0
14 19 0
14 39 0
15 11 0
15 20 0
15 40 0
16 13 0
16 17 0
16 41 0
17 16 0
17 23 0
17 25 0
18 13 0
18 24 0
18 42 0
19 14 0
19 21 0
19 43 0
20 15 0
20 21 0
20 44 0
21 1 0
21 19 0
21 20 0
22 0 0
22 26 0
22 45 0
22 46 0
23 17 0
23 24 0
23 47 0
24 18 0
24 23 0
24 48 0
25 17 0
26 2 0
26 8 0
26 22 0
27 8 0
27 29 0
27 30 0
28 31 0
28 32 0
28 33 0
29 27 0
29 31 0
29 50 0
30 27 0
30 32 0
30 51 0
31 28 0
31 29 0
31 52 0
32 28 0
32 30 0
32 53 0
33 3 0
33 28 0
33 35 0
34 1 0
34 54 0
34 55 0
34 56 0
35 33 0
35 57 0
35 58 0
35 59 0
36 10 0
37 10 0
38 5 0
39 14 0
40 15 0
41 16 0
42 18 0
43 19 0
44 20 0
45 22 0
46 22 0
47 23 0
48 24 0
49 8 0
50 29 0
51 30 0
52 31 0
53 32 0
54 34 0
55 34 0
56 34 0
57 35 0
58 35 0
59 35 0
GraphDataEnd
GraphEnd
NodeEnd
NodeStart
EPTNodeID: 5
AnchorID: 12450
TreeNodeGraphID: 26
Level: 8
SimplifiedLevel: 0
EditOperation: 0 50 0 5 1
AccumulatedOpsCount: 2
AccumulatedOp: 0 28 0 4 5
AccumulatedOp: 0 50 0 5 1
ChildrenCount: 0
ChildIndices:
CompletedDBGraphIDsCount: 1
CompletedDBGraphID: 8468
GraphStart
GraphDataStart
ID: 26
NumNodes: 60
NumEdges: 126
NodeLabels
6 2 2 2 3 3 3 3 3 4 4 4 4 4 4 4 4 4 4 4 4 4 4 4 4 5 4 4 4 4 4 4 4 4 4 4 5 5 5 5 5 5 5 5 5 5 5 1 5 5 5 5 5 5 5 5 5 5 5 5 
Edges
0 12 0
0 22 0
1 21 0
1 34 0
2 26 0
3 33 0
4 9 0
4 11 0
4 12 0
5 10 0
5 13 0
5 38 0
6 7 0
6 9 0
7 6 0
7 12 0
8 26 0
8 27 0
8 49 0
9 4 0
9 6 0
9 10 0
10 5 0
10 9 0
10 36 0
10 37 0
11 4 0
11 14 0
11 15 0
12 0 0
12 4 0
12 7 0
13 5 0
13 16 0
13 18 0
14 11 0
14 19 0
14 39 0
15 11 0
15 20 0
15 40 0
16 13 0
16 17 0
16 41 0
17 16 0
17 23 0
17 25 0
18 13 0
18 24 0
18 42 0
19 14 0
19 21 0
19 43 0
20 15 0
20 21 0
20 44 0
21 1 0
21 19 0
21 20 0
22 0 0
22 26 0
22 45 0
22 46 0
23 17 0
23 24 0
23 47 0
24 18 0
24 23 0
24 48 0
25 17 0
26 2 0
26 8 0
26 22 0
27 8 0
27 29 0
27 30 0
28 31 0
28 32 0
28 33 0
29 27 0
29 31 0
29 50 0
30 27 0
30 32 0
30 51 0
31 28 0
31 29 0
31 52 0
32 28 0
32 30 0
32 53 0
33 3 0
33 28 0
33 35 0
34 1 0
34 54 0
34 55 0
34 56 0
35 33 0
35 57 0
35 58 0
35 59 0
36 10 0
37 10 0
38 5 0
39 14 0
40 15 0
41 16 0
42 18 0
43 19 0
44 20 0
45 22 0
46 22 0
47 23 0
48 24 0
49 8 0
50 29 0
51 30 0
52 31 0
53 32 0
54 34 0
55 34 0
56 34 0
57 35 0
58 35 0
59 35 0
GraphDataEnd
GraphEnd
NodeEnd
NodeStart
EPTNodeID: 6
AnchorID: 12450
TreeNodeGraphID: 31
Level: 11
SimplifiedLevel: 0
EditOperation: 4 8 16 0 0
AccumulatedOpsCount: 5
AccumulatedOp: 5 8 14 0 0
AccumulatedOp: 5 7 16 0 0
AccumulatedOp: 0 28 0 4 7
AccumulatedOp: 4 7 14 0 0
AccumulatedOp: 4 8 16 0 0
ChildrenCount: 0
ChildIndices:
CompletedDBGraphIDsCount: 1
CompletedDBGraphID: 11314
GraphStart
GraphDataStart
ID: 31
NumNodes: 60
NumEdges: 126
NodeLabels
6 2 2 2 3 3 3 3 3 4 4 4 4 4 4 4 4 4 4 4 4 4 4 4 4 7 4 4 4 4 4 4 4 4 4 4 5 5 5 5 5 5 5 5 5 5 5 5 5 5 5 5 5 5 5 5 5 5 5 5 
Edges
0 12 0
0 22 0
1 21 0
1 34 0
2 26 0
3 33 0
4 9 0
4 12 0
4 13 0
5 10 0
5 38 0
5 11 0
6 7 0
6 9 0
7 6 0
7 12 0
8 26 0
8 27 0
8 49 0
9 4 0
9 6 0
9 10 0
10 5 0
10 9 0
10 36 0
10 37 0
11 14 0
11 15 0
11 5 0
12 0 0
12 4 0
12 7 0
13 16 0
13 18 0
13 4 0
14 11 0
14 19 0
14 39 0
15 11 0
15 20 0
15 40 0
16 13 0
16 17 0
16 41 0
17 16 0
17 23 0
17 25 0
18 13 0
18 24 0
18 42 0
19 14 0
19 21 0
19 43 0
20 15 0
20 21 0
20 44 0
21 1 0
21 19 0
21 20 0
22 0 0
22 26 0
22 45 0
22 46 0
23 17 0
23 24 0
23 47 0
24 18 0
24 23 0
24 48 0
25 17 0
26 2 0
26 8 0
26 22 0
27 8 0
27 29 0
27 30 0
28 31 0
28 32 0
28 33 0
29 27 0
29 31 0
29 50 0
30 27 0
30 32 0
30 51 0
31 28 0
31 29 0
31 52 0
32 28 0
32 30 0
32 53 0
33 3 0
33 28 0
33 35 0
34 1 0
34 54 0
34 55 0
34 56 0
35 33 0
35 57 0
35 58 0
35 59 0
36 10 0
37 10 0
38 5 0
39 14 0
40 15 0
41 16 0
42 18 0
43 19 0
44 20 0
45 22 0
46 22 0
47 23 0
48 24 0
49 8 0
50 29 0
51 30 0
52 31 0
53 32 0
54 34 0
55 34 0
56 34 0
57 35 0
58 35 0
59 35 0
GraphDataEnd
GraphEnd
NodeEnd
NodeStart
EPTNodeID: 7
AnchorID: 12450
TreeNodeGraphID: 35
Level: 4
SimplifiedLevel: 0
EditOperation: 5 31 55 0 0
AccumulatedOpsCount: 4
AccumulatedOp: 5 34 36 0 0
AccumulatedOp: 4 31 36 0 0
AccumulatedOp: 4 34 55 0 0
AccumulatedOp: 5 31 55 0 0
ChildrenCount: 0
ChildIndices:
CompletedDBGraphIDsCount: 1
CompletedDBGraphID: 20867
GraphStart
GraphDataStart
ID: 35
NumNodes: 63
NumEdges: 132
NodeLabels
6 1 1 1 2 2 2 3 3 3 3 3 4 4 4 4 4 4 4 4 4 4 4 4 4 4 4 4 4 4 4 4 4 4 4 4 4 4 4 5 5 5 5 5 5 5 5 5 5 5 5 5 5 5 5 5 5 5 5 5 5 5 5 
Edges
0 15 0
0 25 0
1 28 0
2 28 0
3 28 0
4 24 0
4 37 0
5 29 0
6 36 0
7 12 0
7 14 0
7 15 0
8 13 0
8 16 0
8 41 0
9 10 0
9 12 0
10 9 0
10 15 0
11 29 0
11 30 0
11 52 0
12 7 0
12 9 0
12 13 0
13 8 0
13 12 0
13 39 0
13 40 0
14 7 0
14 17 0
14 18 0
15 0 0
15 7 0
15 10 0
16 8 0
16 19 0
16 21 0
17 14 0
17 22 0
17 42 0
18 14 0
18 23 0
18 43 0
19 16 0
19 20 0
19 44 0
20 19 0
20 26 0
20 28 0
21 16 0
21 27 0
21 45 0
22 17 0
22 24 0
22 46 0
23 18 0
23 24 0
23 47 0
24 4 0
24 22 0
24 23 0
25 0 0
25 29 0
25 48 0
25 49 0
26 20 0
26 27 0
26 50 0
27 21 0
27 26 0
27 51 0
28 1 0
28 2 0
28 3 0
28 20 0
29 5 0
29 11 0
29 25 0
30 11 0
30 32 0
30 33 0
31 34 0
31 35 0
31 55 0
32 30 0
32 34 0
32 53 0
33 30 0
33 35 0
33 54 0
34 31 0
34 32 0
34 36 0
35 31 0
35 33 0
35 56 0
36 6 0
36 38 0
36 34 0
37 4 0
37 57 0
37 58 0
37 59 0
38 36 0
38 60 0
38 61 0
38 62 0
39 13 0
40 13 0
41 8 0
42 17 0
43 18 0
44 19 0
45 21 0
46 22 0
47 23 0
48 25 0
49 25 0
50 26 0
51 27 0
52 11 0
53 32 0
54 33 0
55 31 0
56 35 0
57 37 0
58 37 0
59 37 0
60 38 0
61 38 0
62 38 0
GraphDataEnd
GraphEnd
NodeEnd
END_EPT
