BEGIN_EPT
AnchorID: 5708  # ID of the anchor node
RootIndex: 0  # Index of the root node in tree_nodes
NodeCount: 1  # Total number of nodes in the EPT
NodeStart
EPTNodeID: 0
AnchorID: 5708
TreeNodeGraphID: 0
Level: 0
SimplifiedLevel: 0
EditOperation: -1 0 -1 0 0
AccumulatedOpsCount: 0
ChildrenCount: 0
ChildIndices:
CompletedDBGraphIDsCount: 0
GraphStart
GraphDataStart
ID: 0
NumNodes: 79
NumEdges: 166
NodeLabels
2 2 2 2 2 2 3 4 4 4 4 4 4 4 4 4 4 4 4 4 4 4 4 4 4 4 4 4 4 4 4 4 4 4 4 4 4 4 4 4 4 4 4 4 5 5 5 5 5 5 5 5 5 5 5 5 5 5 5 5 5 5 5 5 5 5 5 5 5 5 5 5 5 5 5 5 5 5 5 
Edges
0 10 0
0 49 0
1 17 0
1 35 0
2 16 0
3 17 0
4 26 0
4 42 0
5 28 0
5 43 0
6 18 0
7 8 0
7 9 0
7 13 0
7 44 0
8 7 0
8 11 0
8 17 0
8 18 0
9 7 0
9 10 0
9 16 0
9 45 0
10 0 0
10 9 0
10 12 0
10 14 0
11 8 0
11 12 0
11 15 0
11 46 0
12 10 0
12 11 0
12 47 0
12 48 0
13 7 0
13 19 0
13 20 0
14 10 0
14 21 0
14 22 0
15 11 0
15 23 0
15 25 0
16 2 0
16 9 0
16 24 0
17 1 0
17 3 0
17 8 0
18 6 0
18 8 0
19 13 0
19 26 0
19 50 0
20 13 0
20 27 0
20 51 0
21 14 0
21 29 0
21 52 0
22 14 0
22 30 0
22 53 0
23 15 0
23 28 0
23 54 0
24 16 0
24 32 0
24 33 0
25 15 0
25 31 0
25 55 0
26 4 0
26 19 0
26 34 0
27 20 0
27 34 0
27 56 0
28 5 0
28 23 0
28 36 0
29 21 0
29 37 0
29 57 0
30 22 0
30 37 0
30 58 0
31 25 0
31 36 0
31 59 0
32 24 0
32 38 0
32 60 0
33 24 0
33 39 0
33 61 0
34 26 0
34 27 0
34 62 0
35 1 0
35 40 0
35 63 0
35 64 0
36 28 0
36 31 0
36 65 0
37 29 0
37 30 0
37 66 0
38 32 0
38 41 0
38 67 0
39 33 0
39 41 0
39 68 0
40 35 0
40 69 0
40 70 0
40 71 0
41 38 0
41 39 0
41 72 0
42 4 0
42 73 0
42 74 0
42 75 0
43 5 0
43 76 0
43 77 0
43 78 0
44 7 0
45 9 0
46 11 0
47 12 0
48 12 0
49 0 0
50 19 0
51 20 0
52 21 0
53 22 0
54 23 0
55 25 0
56 27 0
57 29 0
58 30 0
59 31 0
60 32 0
61 33 0
62 34 0
63 35 0
64 35 0
65 36 0
66 37 0
67 38 0
68 39 0
69 40 0
70 40 0
71 40 0
72 41 0
73 42 0
74 42 0
75 42 0
76 43 0
77 43 0
78 43 0
GraphDataEnd
GraphEnd
NodeEnd
END_EPT
