BEGIN_EPT
AnchorID: 12534  # ID of the anchor node
RootIndex: 0  # Index of the root node in tree_nodes
NodeCount: 13  # Total number of nodes in the EPT
NodeStart
EPTNodeID: 0
AnchorID: 12534
TreeNodeGraphID: 0
Level: 0
SimplifiedLevel: 0
EditOperation: -1 0 -1 0 0
AccumulatedOpsCount: 0
ChildrenCount: 2
ChildIndices: 1 10
CompletedDBGraphIDsCount: 0
GraphStart
GraphDataStart
ID: 0
NumNodes: 66
NumEdges: 138
NodeLabels
7 6 2 2 2 2 3 3 3 4 4 4 4 4 4 4 4 4 4 4 4 4 4 4 4 4 4 4 4 4 4 4 4 4 4 4 5 5 5 5 5 5 5 5 5 5 5 5 5 5 5 5 5 5 5 5 5 5 5 5 5 5 5 5 5 5 
Edges
0 34 0
1 4 0
1 5 0
1 8 0
1 19 0
2 13 0
3 17 0
3 33 0
4 1 0
5 1 0
6 9 0
6 10 0
6 13 0
7 11 0
7 12 0
7 15 0
8 1 0
8 14 0
8 16 0
9 6 0
9 11 0
9 38 0
9 39 0
10 6 0
10 12 0
10 36 0
10 37 0
11 7 0
11 9 0
11 42 0
11 43 0
12 7 0
12 10 0
12 40 0
12 41 0
13 2 0
13 6 0
13 14 0
14 8 0
14 13 0
14 44 0
14 45 0
15 7 0
15 17 0
15 18 0
16 8 0
16 20 0
16 46 0
16 47 0
17 3 0
17 15 0
17 21 0
18 15 0
18 22 0
18 48 0
19 1 0
19 24 0
19 25 0
20 16 0
20 26 0
20 27 0
21 17 0
21 23 0
21 49 0
22 18 0
22 23 0
22 50 0
23 21 0
23 22 0
23 51 0
24 19 0
24 28 0
24 52 0
25 19 0
25 29 0
25 53 0
26 20 0
26 31 0
26 54 0
27 20 0
27 32 0
27 55 0
28 24 0
28 30 0
28 56 0
29 25 0
29 30 0
29 57 0
30 28 0
30 29 0
30 35 0
31 26 0
31 34 0
31 58 0
32 27 0
32 34 0
32 59 0
33 3 0
33 60 0
33 61 0
33 62 0
34 0 0
34 31 0
34 32 0
35 30 0
35 63 0
35 64 0
35 65 0
36 10 0
37 10 0
38 9 0
39 9 0
40 12 0
41 12 0
42 11 0
43 11 0
44 14 0
45 14 0
46 16 0
47 16 0
48 18 0
49 21 0
50 22 0
51 23 0
52 24 0
53 25 0
54 26 0
55 27 0
56 28 0
57 29 0
58 31 0
59 32 0
60 33 0
61 33 0
62 33 0
63 35 0
64 35 0
65 35 0
GraphDataEnd
GraphEnd
NodeEnd
NodeStart
EPTNodeID: 1
AnchorID: 12534
TreeNodeGraphID: 1
Level: 1
SimplifiedLevel: 0
EditOperation: 0 0 0 7 5
AccumulatedOpsCount: 1
AccumulatedOp: 0 0 0 7 5
ChildrenCount: 3
ChildIndices: 2 6 9
CompletedDBGraphIDsCount: 0
GraphStart
GraphDataStart
ID: 1
NumNodes: 66
NumEdges: 138
NodeLabels
5 6 2 2 2 2 3 3 3 4 4 4 4 4 4 4 4 4 4 4 4 4 4 4 4 4 4 4 4 4 4 4 4 4 4 4 5 5 5 5 5 5 5 5 5 5 5 5 5 5 5 5 5 5 5 5 5 5 5 5 5 5 5 5 5 5 
Edges
0 34 0
1 4 0
1 5 0
1 8 0
1 19 0
2 13 0
3 17 0
3 33 0
4 1 0
5 1 0
6 9 0
6 10 0
6 13 0
7 11 0
7 12 0
7 15 0
8 1 0
8 14 0
8 16 0
9 6 0
9 11 0
9 38 0
9 39 0
10 6 0
10 12 0
10 36 0
10 37 0
11 7 0
11 9 0
11 42 0
11 43 0
12 7 0
12 10 0
12 40 0
12 41 0
13 2 0
13 6 0
13 14 0
14 8 0
14 13 0
14 44 0
14 45 0
15 7 0
15 17 0
15 18 0
16 8 0
16 20 0
16 46 0
16 47 0
17 3 0
17 15 0
17 21 0
18 15 0
18 22 0
18 48 0
19 1 0
19 24 0
19 25 0
20 16 0
20 26 0
20 27 0
21 17 0
21 23 0
21 49 0
22 18 0
22 23 0
22 50 0
23 21 0
23 22 0
23 51 0
24 19 0
24 28 0
24 52 0
25 19 0
25 29 0
25 53 0
26 20 0
26 31 0
26 54 0
27 20 0
27 32 0
27 55 0
28 24 0
28 30 0
28 56 0
29 25 0
29 30 0
29 57 0
30 28 0
30 29 0
30 35 0
31 26 0
31 34 0
31 58 0
32 27 0
32 34 0
32 59 0
33 3 0
33 60 0
33 61 0
33 62 0
34 0 0
34 31 0
34 32 0
35 30 0
35 63 0
35 64 0
35 65 0
36 10 0
37 10 0
38 9 0
39 9 0
40 12 0
41 12 0
42 11 0
43 11 0
44 14 0
45 14 0
46 16 0
47 16 0
48 18 0
49 21 0
50 22 0
51 23 0
52 24 0
53 25 0
54 26 0
55 27 0
56 28 0
57 29 0
58 31 0
59 32 0
60 33 0
61 33 0
62 33 0
63 35 0
64 35 0
65 35 0
GraphDataEnd
GraphEnd
NodeEnd
NodeStart
EPTNodeID: 2
AnchorID: 12534
TreeNodeGraphID: 2
Level: 2
SimplifiedLevel: 0
EditOperation: 4 8 16 0 0
AccumulatedOpsCount: 1
AccumulatedOp: 4 8 16 0 0
ChildrenCount: 3
ChildIndices: 3 4 5
CompletedDBGraphIDsCount: 0
GraphStart
GraphDataStart
ID: 2
NumNodes: 66
NumEdges: 136
NodeLabels
5 6 2 2 2 2 3 3 3 4 4 4 4 4 4 4 4 4 4 4 4 4 4 4 4 4 4 4 4 4 4 4 4 4 4 4 5 5 5 5 5 5 5 5 5 5 5 5 5 5 5 5 5 5 5 5 5 5 5 5 5 5 5 5 5 5 
Edges
0 34 0
1 4 0
1 5 0
1 8 0
1 19 0
2 13 0
3 17 0
3 33 0
4 1 0
5 1 0
6 9 0
6 10 0
6 13 0
7 11 0
7 12 0
7 15 0
8 1 0
8 14 0
9 6 0
9 11 0
9 38 0
9 39 0
10 6 0
10 12 0
10 36 0
10 37 0
11 7 0
11 9 0
11 42 0
11 43 0
12 7 0
12 10 0
12 40 0
12 41 0
13 2 0
13 6 0
13 14 0
14 8 0
14 13 0
14 44 0
14 45 0
15 7 0
15 17 0
15 18 0
16 20 0
16 46 0
16 47 0
17 3 0
17 15 0
17 21 0
18 15 0
18 22 0
18 48 0
19 1 0
19 24 0
19 25 0
20 16 0
20 26 0
20 27 0
21 17 0
21 23 0
21 49 0
22 18 0
22 23 0
22 50 0
23 21 0
23 22 0
23 51 0
24 19 0
24 28 0
24 52 0
25 19 0
25 29 0
25 53 0
26 20 0
26 31 0
26 54 0
27 20 0
27 32 0
27 55 0
28 24 0
28 30 0
28 56 0
29 25 0
29 30 0
29 57 0
30 28 0
30 29 0
30 35 0
31 26 0
31 34 0
31 58 0
32 27 0
32 34 0
32 59 0
33 3 0
33 60 0
33 61 0
33 62 0
34 0 0
34 31 0
34 32 0
35 30 0
35 63 0
35 64 0
35 65 0
36 10 0
37 10 0
38 9 0
39 9 0
40 12 0
41 12 0
42 11 0
43 11 0
44 14 0
45 14 0
46 16 0
47 16 0
48 18 0
49 21 0
50 22 0
51 23 0
52 24 0
53 25 0
54 26 0
55 27 0
56 28 0
57 29 0
58 31 0
59 32 0
60 33 0
61 33 0
62 33 0
63 35 0
64 35 0
65 35 0
GraphDataEnd
GraphEnd
NodeEnd
NodeStart
EPTNodeID: 3
AnchorID: 12534
TreeNodeGraphID: 5
Level: 5
SimplifiedLevel: 0
EditOperation: 5 16 59 0 0
AccumulatedOpsCount: 3
AccumulatedOp: 4 32 59 0 0
AccumulatedOp: 5 8 32 0 0
AccumulatedOp: 5 16 59 0 0
ChildrenCount: 0
ChildIndices:
CompletedDBGraphIDsCount: 1
CompletedDBGraphID: 12209
GraphStart
GraphDataStart
ID: 5
NumNodes: 66
NumEdges: 138
NodeLabels
5 6 2 2 2 2 3 3 3 4 4 4 4 4 4 4 4 4 4 4 4 4 4 4 4 4 4 4 4 4 4 4 4 4 4 4 5 5 5 5 5 5 5 5 5 5 5 5 5 5 5 5 5 5 5 5 5 5 5 5 5 5 5 5 5 5 
Edges
0 34 0
1 4 0
1 5 0
1 8 0
1 19 0
2 13 0
3 17 0
3 33 0
4 1 0
5 1 0
6 9 0
6 10 0
6 13 0
7 11 0
7 12 0
7 15 0
8 1 0
8 14 0
8 32 0
9 6 0
9 11 0
9 38 0
9 39 0
10 6 0
10 12 0
10 36 0
10 37 0
11 7 0
11 9 0
11 42 0
11 43 0
12 7 0
12 10 0
12 40 0
12 41 0
13 2 0
13 6 0
13 14 0
14 8 0
14 13 0
14 44 0
14 45 0
15 7 0
15 17 0
15 18 0
16 20 0
16 46 0
16 47 0
16 59 0
17 3 0
17 15 0
17 21 0
18 15 0
18 22 0
18 48 0
19 1 0
19 24 0
19 25 0
20 16 0
20 26 0
20 27 0
21 17 0
21 23 0
21 49 0
22 18 0
22 23 0
22 50 0
23 21 0
23 22 0
23 51 0
24 19 0
24 28 0
24 52 0
25 19 0
25 29 0
25 53 0
26 20 0
26 31 0
26 54 0
27 20 0
27 32 0
27 55 0
28 24 0
28 30 0
28 56 0
29 25 0
29 30 0
29 57 0
30 28 0
30 29 0
30 35 0
31 26 0
31 34 0
31 58 0
32 27 0
32 34 0
32 8 0
33 3 0
33 60 0
33 61 0
33 62 0
34 0 0
34 31 0
34 32 0
35 30 0
35 63 0
35 64 0
35 65 0
36 10 0
37 10 0
38 9 0
39 9 0
40 12 0
41 12 0
42 11 0
43 11 0
44 14 0
45 14 0
46 16 0
47 16 0
48 18 0
49 21 0
50 22 0
51 23 0
52 24 0
53 25 0
54 26 0
55 27 0
56 28 0
57 29 0
58 31 0
59 16 0
60 33 0
61 33 0
62 33 0
63 35 0
64 35 0
65 35 0
GraphDataEnd
GraphEnd
NodeEnd
NodeStart
EPTNodeID: 4
AnchorID: 12534
TreeNodeGraphID: 12
Level: 9
SimplifiedLevel: 0
EditOperation: 5 8 15 0 0
AccumulatedOpsCount: 7
AccumulatedOp: 5 7 20 0 0
AccumulatedOp: 4 7 15 0 0
AccumulatedOp: 5 16 33 0 0
AccumulatedOp: 4 16 20 0 0
AccumulatedOp: 5 16 62 0 0
AccumulatedOp: 4 33 62 0 0
AccumulatedOp: 5 8 15 0 0
ChildrenCount: 0
ChildIndices:
CompletedDBGraphIDsCount: 1
CompletedDBGraphID: 11330
GraphStart
GraphDataStart
ID: 12
NumNodes: 66
NumEdges: 138
NodeLabels
5 6 2 2 2 2 3 3 3 4 4 4 4 4 4 4 4 4 4 4 4 4 4 4 4 4 4 4 4 4 4 4 4 4 4 4 5 5 5 5 5 5 5 5 5 5 5 5 5 5 5 5 5 5 5 5 5 5 5 5 5 5 5 5 5 5 
Edges
0 34 0
1 4 0
1 5 0
1 8 0
1 19 0
2 13 0
3 17 0
3 33 0
4 1 0
5 1 0
6 9 0
6 10 0
6 13 0
7 11 0
7 12 0
7 20 0
8 1 0
8 14 0
8 15 0
9 6 0
9 11 0
9 38 0
9 39 0
10 6 0
10 12 0
10 36 0
10 37 0
11 7 0
11 9 0
11 42 0
11 43 0
12 7 0
12 10 0
12 40 0
12 41 0
13 2 0
13 6 0
13 14 0
14 8 0
14 13 0
14 44 0
14 45 0
15 17 0
15 18 0
15 8 0
16 46 0
16 47 0
16 33 0
16 62 0
17 3 0
17 15 0
17 21 0
18 15 0
18 22 0
18 48 0
19 1 0
19 24 0
19 25 0
20 26 0
20 27 0
20 7 0
21 17 0
21 23 0
21 49 0
22 18 0
22 23 0
22 50 0
23 21 0
23 22 0
23 51 0
24 19 0
24 28 0
24 52 0
25 19 0
25 29 0
25 53 0
26 20 0
26 31 0
26 54 0
27 20 0
27 32 0
27 55 0
28 24 0
28 30 0
28 56 0
29 25 0
29 30 0
29 57 0
30 28 0
30 29 0
30 35 0
31 26 0
31 34 0
31 58 0
32 27 0
32 34 0
32 59 0
33 3 0
33 60 0
33 61 0
33 16 0
34 0 0
34 31 0
34 32 0
35 30 0
35 63 0
35 64 0
35 65 0
36 10 0
37 10 0
38 9 0
39 9 0
40 12 0
41 12 0
42 11 0
43 11 0
44 14 0
45 14 0
46 16 0
47 16 0
48 18 0
49 21 0
50 22 0
51 23 0
52 24 0
53 25 0
54 26 0
55 27 0
56 28 0
57 29 0
58 31 0
59 32 0
60 33 0
61 33 0
62 16 0
63 35 0
64 35 0
65 35 0
GraphDataEnd
GraphEnd
NodeEnd
NodeStart
EPTNodeID: 5
AnchorID: 12534
TreeNodeGraphID: 19
Level: 9
SimplifiedLevel: 0
EditOperation: 5 17 65 0 0
AccumulatedOpsCount: 7
AccumulatedOp: 5 16 35 0 0
AccumulatedOp: 4 35 65 0 0
AccumulatedOp: 5 8 35 0 0
AccumulatedOp: 4 3 17 0 0
AccumulatedOp: 4 30 35 0 0
AccumulatedOp: 5 3 30 0 0
AccumulatedOp: 5 17 65 0 0
ChildrenCount: 0
ChildIndices:
CompletedDBGraphIDsCount: 1
CompletedDBGraphID: 7824
GraphStart
GraphDataStart
ID: 19
NumNodes: 66
NumEdges: 138
NodeLabels
5 6 2 2 2 2 3 3 3 4 4 4 4 4 4 4 4 4 4 4 4 4 4 4 4 4 4 4 4 4 4 4 4 4 4 4 5 5 5 5 5 5 5 5 5 5 5 5 5 5 5 5 5 5 5 5 5 5 5 5 5 5 5 5 5 5 
Edges
0 34 0
1 4 0
1 5 0
1 8 0
1 19 0
2 13 0
3 33 0
3 30 0
4 1 0
5 1 0
6 9 0
6 10 0
6 13 0
7 11 0
7 12 0
7 15 0
8 1 0
8 14 0
8 35 0
9 6 0
9 11 0
9 38 0
9 39 0
10 6 0
10 12 0
10 36 0
10 37 0
11 7 0
11 9 0
11 42 0
11 43 0
12 7 0
12 10 0
12 40 0
12 41 0
13 2 0
13 6 0
13 14 0
14 8 0
14 13 0
14 44 0
14 45 0
15 7 0
15 17 0
15 18 0
16 20 0
16 46 0
16 47 0
16 35 0
17 15 0
17 21 0
17 65 0
18 15 0
18 22 0
18 48 0
19 1 0
19 24 0
19 25 0
20 16 0
20 26 0
20 27 0
21 17 0
21 23 0
21 49 0
22 18 0
22 23 0
22 50 0
23 21 0
23 22 0
23 51 0
24 19 0
24 28 0
24 52 0
25 19 0
25 29 0
25 53 0
26 20 0
26 31 0
26 54 0
27 20 0
27 32 0
27 55 0
28 24 0
28 30 0
28 56 0
29 25 0
29 30 0
29 57 0
30 28 0
30 29 0
30 3 0
31 26 0
31 34 0
31 58 0
32 27 0
32 34 0
32 59 0
33 3 0
33 60 0
33 61 0
33 62 0
34 0 0
34 31 0
34 32 0
35 63 0
35 64 0
35 16 0
35 8 0
36 10 0
37 10 0
38 9 0
39 9 0
40 12 0
41 12 0
42 11 0
43 11 0
44 14 0
45 14 0
46 16 0
47 16 0
48 18 0
49 21 0
50 22 0
51 23 0
52 24 0
53 25 0
54 26 0
55 27 0
56 28 0
57 29 0
58 31 0
59 32 0
60 33 0
61 33 0
62 33 0
63 35 0
64 35 0
65 17 0
GraphDataEnd
GraphEnd
NodeEnd
NodeStart
EPTNodeID: 6
AnchorID: 12534
TreeNodeGraphID: 24
Level: 6
SimplifiedLevel: 0
EditOperation: 1 64 0 5 0
AccumulatedOpsCount: 5
AccumulatedOp: 4 35 65 0 0
AccumulatedOp: 4 35 64 0 0
AccumulatedOp: 1 65 0 5 0
AccumulatedOp: 4 35 63 0 0
AccumulatedOp: 1 64 0 5 0
ChildrenCount: 2
ChildIndices: 7 8
CompletedDBGraphIDsCount: 0
GraphStart
GraphDataStart
ID: 24
NumNodes: 64
NumEdges: 132
NodeLabels
5 6 2 2 2 2 3 3 3 4 4 4 4 4 4 4 4 4 4 4 4 4 4 4 4 4 4 4 4 4 4 4 4 4 4 4 5 5 5 5 5 5 5 5 5 5 5 5 5 5 5 5 5 5 5 5 5 5 5 5 5 5 5 5 
Edges
0 34 0
1 4 0
1 5 0
1 8 0
1 19 0
2 13 0
3 17 0
3 33 0
4 1 0
5 1 0
6 9 0
6 10 0
6 13 0
7 11 0
7 12 0
7 15 0
8 1 0
8 14 0
8 16 0
9 6 0
9 11 0
9 38 0
9 39 0
10 6 0
10 12 0
10 36 0
10 37 0
11 7 0
11 9 0
11 42 0
11 43 0
12 7 0
12 10 0
12 40 0
12 41 0
13 2 0
13 6 0
13 14 0
14 8 0
14 13 0
14 44 0
14 45 0
15 7 0
15 17 0
15 18 0
16 8 0
16 20 0
16 46 0
16 47 0
17 3 0
17 15 0
17 21 0
18 15 0
18 22 0
18 48 0
19 1 0
19 24 0
19 25 0
20 16 0
20 26 0
20 27 0
21 17 0
21 23 0
21 49 0
22 18 0
22 23 0
22 50 0
23 21 0
23 22 0
23 51 0
24 19 0
24 28 0
24 52 0
25 19 0
25 29 0
25 53 0
26 20 0
26 31 0
26 54 0
27 20 0
27 32 0
27 55 0
28 24 0
28 30 0
28 56 0
29 25 0
29 30 0
29 57 0
30 28 0
30 29 0
30 35 0
31 26 0
31 34 0
31 58 0
32 27 0
32 34 0
32 59 0
33 3 0
33 60 0
33 61 0
33 62 0
34 0 0
34 31 0
34 32 0
35 30 0
36 10 0
37 10 0
38 9 0
39 9 0
40 12 0
41 12 0
42 11 0
43 11 0
44 14 0
45 14 0
46 16 0
47 16 0
48 18 0
49 21 0
50 22 0
51 23 0
52 24 0
53 25 0
54 26 0
55 27 0
56 28 0
57 29 0
58 31 0
59 32 0
60 33 0
61 33 0
62 33 0
GraphDataEnd
GraphEnd
NodeEnd
NodeStart
EPTNodeID: 7
AnchorID: 12534
TreeNodeGraphID: 29
Level: 11
SimplifiedLevel: 0
EditOperation: 5 33 35 0 0
AccumulatedOpsCount: 5
AccumulatedOp: 0 3 0 2 1
AccumulatedOp: 0 35 0 4 2
AccumulatedOp: 1 63 0 5 0
AccumulatedOp: 4 3 33 0 0
AccumulatedOp: 5 33 35 0 0
ChildrenCount: 0
ChildIndices:
CompletedDBGraphIDsCount: 1
CompletedDBGraphID: 9345
GraphStart
GraphDataStart
ID: 29
NumNodes: 63
NumEdges: 132
NodeLabels
5 6 2 1 2 2 3 3 3 4 4 4 4 4 4 4 4 4 4 4 4 4 4 4 4 4 4 4 4 4 4 4 4 4 4 2 5 5 5 5 5 5 5 5 5 5 5 5 5 5 5 5 5 5 5 5 5 5 5 5 5 5 5 
Edges
0 34 0
1 4 0
1 5 0
1 8 0
1 19 0
2 13 0
3 17 0
4 1 0
5 1 0
6 9 0
6 10 0
6 13 0
7 11 0
7 12 0
7 15 0
8 1 0
8 14 0
8 16 0
9 6 0
9 11 0
9 38 0
9 39 0
10 6 0
10 12 0
10 36 0
10 37 0
11 7 0
11 9 0
11 42 0
11 43 0
12 7 0
12 10 0
12 40 0
12 41 0
13 2 0
13 6 0
13 14 0
14 8 0
14 13 0
14 44 0
14 45 0
15 7 0
15 17 0
15 18 0
16 8 0
16 20 0
16 46 0
16 47 0
17 3 0
17 15 0
17 21 0
18 15 0
18 22 0
18 48 0
19 1 0
19 24 0
19 25 0
20 16 0
20 26 0
20 27 0
21 17 0
21 23 0
21 49 0
22 18 0
22 23 0
22 50 0
23 21 0
23 22 0
23 51 0
24 19 0
24 28 0
24 52 0
25 19 0
25 29 0
25 53 0
26 20 0
26 31 0
26 54 0
27 20 0
27 32 0
27 55 0
28 24 0
28 30 0
28 56 0
29 25 0
29 30 0
29 57 0
30 28 0
30 29 0
30 35 0
31 26 0
31 34 0
31 58 0
32 27 0
32 34 0
32 59 0
33 60 0
33 61 0
33 62 0
33 35 0
34 0 0
34 31 0
34 32 0
35 30 0
35 33 0
36 10 0
37 10 0
38 9 0
39 9 0
40 12 0
41 12 0
42 11 0
43 11 0
44 14 0
45 14 0
46 16 0
47 16 0
48 18 0
49 21 0
50 22 0
51 23 0
52 24 0
53 25 0
54 26 0
55 27 0
56 28 0
57 29 0
58 31 0
59 32 0
60 33 0
61 33 0
62 33 0
GraphDataEnd
GraphEnd
NodeEnd
NodeStart
EPTNodeID: 8
AnchorID: 12534
TreeNodeGraphID: 34
Level: 11
SimplifiedLevel: 0
EditOperation: 5 3 30 0 0
AccumulatedOpsCount: 5
AccumulatedOp: 4 3 17 0 0
AccumulatedOp: 5 17 63 0 0
AccumulatedOp: 4 30 35 0 0
AccumulatedOp: 1 35 0 4 0
AccumulatedOp: 5 3 30 0 0
ChildrenCount: 0
ChildIndices:
CompletedDBGraphIDsCount: 1
CompletedDBGraphID: 10495
GraphStart
GraphDataStart
ID: 34
NumNodes: 63
NumEdges: 132
NodeLabels
5 6 2 2 2 2 3 3 3 4 4 4 4 4 4 4 4 4 4 4 4 4 4 4 4 4 4 4 4 4 4 4 4 4 4 5 5 5 5 5 5 5 5 5 5 5 5 5 5 5 5 5 5 5 5 5 5 5 5 5 5 5 5 
Edges
0 34 0
1 4 0
1 5 0
1 8 0
1 19 0
2 13 0
3 33 0
3 30 0
4 1 0
5 1 0
6 9 0
6 10 0
6 13 0
7 11 0
7 12 0
7 15 0
8 1 0
8 14 0
8 16 0
9 6 0
9 11 0
9 37 0
9 38 0
10 6 0
10 12 0
10 35 0
10 36 0
11 7 0
11 9 0
11 41 0
11 42 0
12 7 0
12 10 0
12 39 0
12 40 0
13 2 0
13 6 0
13 14 0
14 8 0
14 13 0
14 43 0
14 44 0
15 7 0
15 17 0
15 18 0
16 8 0
16 20 0
16 45 0
16 46 0
17 15 0
17 21 0
17 62 0
18 15 0
18 22 0
18 47 0
19 1 0
19 24 0
19 25 0
20 16 0
20 26 0
20 27 0
21 17 0
21 23 0
21 48 0
22 18 0
22 23 0
22 49 0
23 21 0
23 22 0
23 50 0
24 19 0
24 28 0
24 51 0
25 19 0
25 29 0
25 52 0
26 20 0
26 31 0
26 53 0
27 20 0
27 32 0
27 54 0
28 24 0
28 30 0
28 55 0
29 25 0
29 30 0
29 56 0
30 28 0
30 29 0
30 3 0
31 26 0
31 34 0
31 57 0
32 27 0
32 34 0
32 58 0
33 3 0
33 59 0
33 60 0
33 61 0
34 0 0
34 31 0
34 32 0
35 10 0
36 10 0
37 9 0
38 9 0
39 12 0
40 12 0
41 11 0
42 11 0
43 14 0
44 14 0
45 16 0
46 16 0
47 18 0
48 21 0
49 22 0
50 23 0
51 24 0
52 25 0
53 26 0
54 27 0
55 28 0
56 29 0
57 31 0
58 32 0
59 33 0
60 33 0
61 33 0
62 17 0
GraphDataEnd
GraphEnd
NodeEnd
NodeStart
EPTNodeID: 9
AnchorID: 12534
TreeNodeGraphID: 38
Level: 5
SimplifiedLevel: 0
EditOperation: 5 0 30 0 0
AccumulatedOpsCount: 4
AccumulatedOp: 4 30 35 0 0
AccumulatedOp: 4 0 34 0 0
AccumulatedOp: 5 34 35 0 0
AccumulatedOp: 5 0 30 0 0
ChildrenCount: 0
ChildIndices:
CompletedDBGraphIDsCount: 1
CompletedDBGraphID: 11851
GraphStart
GraphDataStart
ID: 38
NumNodes: 66
NumEdges: 138
NodeLabels
5 6 2 2 2 2 3 3 3 4 4 4 4 4 4 4 4 4 4 4 4 4 4 4 4 4 4 4 4 4 4 4 4 4 4 4 5 5 5 5 5 5 5 5 5 5 5 5 5 5 5 5 5 5 5 5 5 5 5 5 5 5 5 5 5 5 
Edges
0 30 0
1 4 0
1 5 0
1 8 0
1 19 0
2 13 0
3 17 0
3 33 0
4 1 0
5 1 0
6 9 0
6 10 0
6 13 0
7 11 0
7 12 0
7 15 0
8 1 0
8 14 0
8 16 0
9 6 0
9 11 0
9 38 0
9 39 0
10 6 0
10 12 0
10 36 0
10 37 0
11 7 0
11 9 0
11 42 0
11 43 0
12 7 0
12 10 0
12 40 0
12 41 0
13 2 0
13 6 0
13 14 0
14 8 0
14 13 0
14 44 0
14 45 0
15 7 0
15 17 0
15 18 0
16 8 0
16 20 0
16 46 0
16 47 0
17 3 0
17 15 0
17 21 0
18 15 0
18 22 0
18 48 0
19 1 0
19 24 0
19 25 0
20 16 0
20 26 0
20 27 0
21 17 0
21 23 0
21 49 0
22 18 0
22 23 0
22 50 0
23 21 0
23 22 0
23 51 0
24 19 0
24 28 0
24 52 0
25 19 0
25 29 0
25 53 0
26 20 0
26 31 0
26 54 0
27 20 0
27 32 0
27 55 0
28 24 0
28 30 0
28 56 0
29 25 0
29 30 0
29 57 0
30 28 0
30 29 0
30 0 0
31 26 0
31 34 0
31 58 0
32 27 0
32 34 0
32 59 0
33 3 0
33 60 0
33 61 0
33 62 0
34 31 0
34 32 0
34 35 0
35 63 0
35 64 0
35 65 0
35 34 0
36 10 0
37 10 0
38 9 0
39 9 0
40 12 0
41 12 0
42 11 0
43 11 0
44 14 0
45 14 0
46 16 0
47 16 0
48 18 0
49 21 0
50 22 0
51 23 0
52 24 0
53 25 0
54 26 0
55 27 0
56 28 0
57 29 0
58 31 0
59 32 0
60 33 0
61 33 0
62 33 0
63 35 0
64 35 0
65 35 0
GraphDataEnd
GraphEnd
NodeEnd
NodeStart
EPTNodeID: 10
AnchorID: 12534
TreeNodeGraphID: 39
Level: 1
SimplifiedLevel: 0
EditOperation: 4 30 35 0 0
AccumulatedOpsCount: 1
AccumulatedOp: 4 30 35 0 0
ChildrenCount: 2
ChildIndices: 11 12
CompletedDBGraphIDsCount: 0
GraphStart
GraphDataStart
ID: 39
NumNodes: 66
NumEdges: 136
NodeLabels
7 6 2 2 2 2 3 3 3 4 4 4 4 4 4 4 4 4 4 4 4 4 4 4 4 4 4 4 4 4 4 4 4 4 4 4 5 5 5 5 5 5 5 5 5 5 5 5 5 5 5 5 5 5 5 5 5 5 5 5 5 5 5 5 5 5 
Edges
0 34 0
1 4 0
1 5 0
1 8 0
1 19 0
2 13 0
3 17 0
3 33 0
4 1 0
5 1 0
6 9 0
6 10 0
6 13 0
7 11 0
7 12 0
7 15 0
8 1 0
8 14 0
8 16 0
9 6 0
9 11 0
9 38 0
9 39 0
10 6 0
10 12 0
10 36 0
10 37 0
11 7 0
11 9 0
11 42 0
11 43 0
12 7 0
12 10 0
12 40 0
12 41 0
13 2 0
13 6 0
13 14 0
14 8 0
14 13 0
14 44 0
14 45 0
15 7 0
15 17 0
15 18 0
16 8 0
16 20 0
16 46 0
16 47 0
17 3 0
17 15 0
17 21 0
18 15 0
18 22 0
18 48 0
19 1 0
19 24 0
19 25 0
20 16 0
20 26 0
20 27 0
21 17 0
21 23 0
21 49 0
22 18 0
22 23 0
22 50 0
23 21 0
23 22 0
23 51 0
24 19 0
24 28 0
24 52 0
25 19 0
25 29 0
25 53 0
26 20 0
26 31 0
26 54 0
27 20 0
27 32 0
27 55 0
28 24 0
28 30 0
28 56 0
29 25 0
29 30 0
29 57 0
30 28 0
30 29 0
31 26 0
31 34 0
31 58 0
32 27 0
32 34 0
32 59 0
33 3 0
33 60 0
33 61 0
33 62 0
34 0 0
34 31 0
34 32 0
35 63 0
35 64 0
35 65 0
36 10 0
37 10 0
38 9 0
39 9 0
40 12 0
41 12 0
42 11 0
43 11 0
44 14 0
45 14 0
46 16 0
47 16 0
48 18 0
49 21 0
50 22 0
51 23 0
52 24 0
53 25 0
54 26 0
55 27 0
56 28 0
57 29 0
58 31 0
59 32 0
60 33 0
61 33 0
62 33 0
63 35 0
64 35 0
65 35 0
GraphDataEnd
GraphEnd
NodeEnd
NodeStart
EPTNodeID: 11
AnchorID: 12534
TreeNodeGraphID: 50
Level: 12
SimplifiedLevel: 0
EditOperation: 5 15 35 0 0
AccumulatedOpsCount: 11
AccumulatedOp: 0 3 0 2 5
AccumulatedOp: 5 7 35 0 0
AccumulatedOp: 0 63 0 5 8
AccumulatedOp: 5 33 34 0 0
AccumulatedOp: 4 0 34 0 0
AccumulatedOp: 1 0 0 7 0
AccumulatedOp: 4 3 33 0 0
AccumulatedOp: 5 30 63 0 0
AccumulatedOp: 4 7 15 0 0
AccumulatedOp: 4 35 63 0 0
AccumulatedOp: 5 15 35 0 0
ChildrenCount: 0
ChildIndices:
CompletedDBGraphIDsCount: 1
CompletedDBGraphID: 20413
GraphStart
GraphDataStart
ID: 50
NumNodes: 65
NumEdges: 136
NodeLabels
6 2 5 2 2 3 3 3 4 4 4 4 4 4 4 4 4 4 4 4 4 4 4 4 4 4 4 4 4 4 4 4 4 4 4 5 5 5 5 5 5 5 5 5 5 5 5 5 5 5 5 5 5 5 5 5 5 5 5 5 5 5 8 5 5 
Edges
0 3 0
0 4 0
0 7 0
0 18 0
1 12 0
2 16 0
3 0 0
4 0 0
5 8 0
5 9 0
5 12 0
6 10 0
6 11 0
6 34 0
7 0 0
7 13 0
7 15 0
8 5 0
8 10 0
8 37 0
8 38 0
9 5 0
9 11 0
9 35 0
9 36 0
10 6 0
10 8 0
10 41 0
10 42 0
11 6 0
11 9 0
11 39 0
11 40 0
12 1 0
12 5 0
12 13 0
13 7 0
13 12 0
13 43 0
13 44 0
14 16 0
14 17 0
14 34 0
15 7 0
15 19 0
15 45 0
15 46 0
16 2 0
16 14 0
16 20 0
17 14 0
17 21 0
17 47 0
18 0 0
18 23 0
18 24 0
19 15 0
19 25 0
19 26 0
20 16 0
20 22 0
20 48 0
21 17 0
21 22 0
21 49 0
22 20 0
22 21 0
22 50 0
23 18 0
23 27 0
23 51 0
24 18 0
24 28 0
24 52 0
25 19 0
25 30 0
25 53 0
26 19 0
26 31 0
26 54 0
27 23 0
27 29 0
27 55 0
28 24 0
28 29 0
28 56 0
29 27 0
29 28 0
29 62 0
30 25 0
30 33 0
30 57 0
31 26 0
31 33 0
31 58 0
32 59 0
32 60 0
32 61 0
32 33 0
33 30 0
33 31 0
33 32 0
34 63 0
34 64 0
34 6 0
34 14 0
35 9 0
36 9 0
37 8 0
38 8 0
39 11 0
40 11 0
41 10 0
42 10 0
43 13 0
44 13 0
45 15 0
46 15 0
47 17 0
48 20 0
49 21 0
50 22 0
51 23 0
52 24 0
53 25 0
54 26 0
55 27 0
56 28 0
57 30 0
58 31 0
59 32 0
60 32 0
61 32 0
62 29 0
63 34 0
64 34 0
GraphDataEnd
GraphEnd
NodeEnd
NodeStart
EPTNodeID: 12
AnchorID: 12534
TreeNodeGraphID: 61
Level: 12
SimplifiedLevel: 0
EditOperation: 5 1 35 0 0
AccumulatedOpsCount: 11
AccumulatedOp: 4 14 44 0 0
AccumulatedOp: 4 1 19 0 0
AccumulatedOp: 5 8 19 0 0
AccumulatedOp: 5 13 30 0 0
AccumulatedOp: 1 44 0 5 0
AccumulatedOp: 4 8 14 0 0
AccumulatedOp: 4 13 14 0 0
AccumulatedOp: 4 14 45 0 0
AccumulatedOp: 1 14 0 4 0
AccumulatedOp: 1 45 0 5 0
AccumulatedOp: 5 1 35 0 0
ChildrenCount: 0
ChildIndices:
CompletedDBGraphIDsCount: 1
CompletedDBGraphID: 19509
GraphStart
GraphDataStart
ID: 61
NumNodes: 63
NumEdges: 132
NodeLabels
7 6 2 2 2 2 3 3 3 4 4 4 4 4 4 4 4 4 4 4 4 4 4 4 4 4 4 4 4 4 4 4 4 4 4 5 5 5 5 5 5 5 5 5 5 5 5 5 5 5 5 5 5 5 5 5 5 5 5 5 5 5 5 
Edges
0 33 0
1 4 0
1 5 0
1 8 0
1 34 0
2 13 0
3 16 0
3 32 0
4 1 0
5 1 0
6 9 0
6 10 0
6 13 0
7 11 0
7 12 0
7 14 0
8 1 0
8 15 0
8 18 0
9 6 0
9 11 0
9 37 0
9 38 0
10 6 0
10 12 0
10 35 0
10 36 0
11 7 0
11 9 0
11 41 0
11 42 0
12 7 0
12 10 0
12 39 0
12 40 0
13 2 0
13 6 0
13 29 0
14 7 0
14 16 0
14 17 0
15 8 0
15 19 0
15 43 0
15 44 0
16 3 0
16 14 0
16 20 0
17 14 0
17 21 0
17 45 0
18 23 0
18 24 0
18 8 0
19 15 0
19 25 0
19 26 0
20 16 0
20 22 0
20 46 0
21 17 0
21 22 0
21 47 0
22 20 0
22 21 0
22 48 0
23 18 0
23 27 0
23 49 0
24 18 0
24 28 0
24 50 0
25 19 0
25 30 0
25 51 0
26 19 0
26 31 0
26 52 0
27 23 0
27 29 0
27 53 0
28 24 0
28 29 0
28 54 0
29 27 0
29 28 0
29 13 0
30 25 0
30 33 0
30 55 0
31 26 0
31 33 0
31 56 0
32 3 0
32 57 0
32 58 0
32 59 0
33 0 0
33 30 0
33 31 0
34 60 0
34 61 0
34 62 0
34 1 0
35 10 0
36 10 0
37 9 0
38 9 0
39 12 0
40 12 0
41 11 0
42 11 0
43 15 0
44 15 0
45 17 0
46 20 0
47 21 0
48 22 0
49 23 0
50 24 0
51 25 0
52 26 0
53 27 0
54 28 0
55 30 0
56 31 0
57 32 0
58 32 0
59 32 0
60 34 0
61 34 0
62 34 0
GraphDataEnd
GraphEnd
NodeEnd
END_EPT
