BEGIN_EPT
AnchorID: 14966  # ID of the anchor node
RootIndex: 0  # Index of the root node in tree_nodes
NodeCount: 31  # Total number of nodes in the EPT
NodeStart
EPTNodeID: 0
AnchorID: 14966
TreeNodeGraphID: 0
Level: 0
SimplifiedLevel: 0
EditOperation: -1 0 -1 0 0
AccumulatedOpsCount: 0
ChildrenCount: 5
ChildIndices: 1 20 26 27 30
CompletedDBGraphIDsCount: 0
GraphStart
GraphDataStart
ID: 0
NumNodes: 57
NumEdges: 120
NodeLabels
6 1 1 1 2 2 2 3 3 3 3 4 4 4 4 4 4 4 4 4 4 4 4 4 4 4 4 4 4 4 4 4 4 4 4 4 5 5 5 5 5 5 5 5 5 5 5 5 5 5 5 5 5 5 5 5 5 
Edges
0 13 0
0 18 0
1 27 0
2 27 0
3 27 0
4 14 0
4 23 0
5 20 0
6 34 0
6 35 0
7 11 0
7 12 0
7 13 0
8 9 0
8 11 0
9 8 0
9 13 0
10 17 0
10 20 0
10 42 0
11 7 0
11 8 0
11 14 0
12 7 0
12 15 0
12 16 0
13 0 0
13 7 0
13 9 0
14 4 0
14 11 0
14 36 0
14 37 0
15 12 0
15 21 0
15 38 0
16 12 0
16 22 0
16 39 0
17 10 0
17 19 0
17 24 0
18 0 0
18 20 0
18 40 0
18 41 0
19 17 0
19 26 0
19 27 0
20 5 0
20 10 0
20 18 0
21 15 0
21 25 0
21 43 0
22 16 0
22 25 0
22 44 0
23 4 0
23 30 0
23 31 0
24 17 0
24 28 0
24 45 0
25 21 0
25 22 0
25 46 0
26 19 0
26 29 0
26 47 0
27 1 0
27 2 0
27 3 0
27 19 0
28 24 0
28 29 0
28 48 0
29 26 0
29 28 0
29 49 0
30 23 0
30 32 0
30 50 0
31 23 0
31 33 0
31 51 0
32 30 0
32 34 0
32 52 0
33 31 0
33 34 0
33 53 0
34 6 0
34 32 0
34 33 0
35 6 0
35 54 0
35 55 0
35 56 0
36 14 0
37 14 0
38 15 0
39 16 0
40 18 0
41 18 0
42 10 0
43 21 0
44 22 0
45 24 0
46 25 0
47 26 0
48 28 0
49 29 0
50 30 0
51 31 0
52 32 0
53 33 0
54 35 0
55 35 0
56 35 0
GraphDataEnd
GraphEnd
NodeEnd
NodeStart
EPTNodeID: 1
AnchorID: 14966
TreeNodeGraphID: 3
Level: 3
SimplifiedLevel: 0
EditOperation: 0 3 0 1 5
AccumulatedOpsCount: 3
AccumulatedOp: 0 1 0 1 5
AccumulatedOp: 0 2 0 1 5
AccumulatedOp: 0 3 0 1 5
ChildrenCount: 4
ChildIndices: 2 15 18 19
CompletedDBGraphIDsCount: 1
CompletedDBGraphID: 4166
GraphStart
GraphDataStart
ID: 3
NumNodes: 57
NumEdges: 120
NodeLabels
6 5 5 5 2 2 2 3 3 3 3 4 4 4 4 4 4 4 4 4 4 4 4 4 4 4 4 4 4 4 4 4 4 4 4 4 5 5 5 5 5 5 5 5 5 5 5 5 5 5 5 5 5 5 5 5 5 
Edges
0 13 0
0 18 0
1 27 0
2 27 0
3 27 0
4 14 0
4 23 0
5 20 0
6 34 0
6 35 0
7 11 0
7 12 0
7 13 0
8 9 0
8 11 0
9 8 0
9 13 0
10 17 0
10 20 0
10 42 0
11 7 0
11 8 0
11 14 0
12 7 0
12 15 0
12 16 0
13 0 0
13 7 0
13 9 0
14 4 0
14 11 0
14 36 0
14 37 0
15 12 0
15 21 0
15 38 0
16 12 0
16 22 0
16 39 0
17 10 0
17 19 0
17 24 0
18 0 0
18 20 0
18 40 0
18 41 0
19 17 0
19 26 0
19 27 0
20 5 0
20 10 0
20 18 0
21 15 0
21 25 0
21 43 0
22 16 0
22 25 0
22 44 0
23 4 0
23 30 0
23 31 0
24 17 0
24 28 0
24 45 0
25 21 0
25 22 0
25 46 0
26 19 0
26 29 0
26 47 0
27 1 0
27 2 0
27 3 0
27 19 0
28 24 0
28 29 0
28 48 0
29 26 0
29 28 0
29 49 0
30 23 0
30 32 0
30 50 0
31 23 0
31 33 0
31 51 0
32 30 0
32 34 0
32 52 0
33 31 0
33 34 0
33 53 0
34 6 0
34 32 0
34 33 0
35 6 0
35 54 0
35 55 0
35 56 0
36 14 0
37 14 0
38 15 0
39 16 0
40 18 0
41 18 0
42 10 0
43 21 0
44 22 0
45 24 0
46 25 0
47 26 0
48 28 0
49 29 0
50 30 0
51 31 0
52 32 0
53 33 0
54 35 0
55 35 0
56 35 0
GraphDataEnd
GraphEnd
NodeEnd
NodeStart
EPTNodeID: 2
AnchorID: 14966
TreeNodeGraphID: 4
Level: 4
SimplifiedLevel: 0
EditOperation: 4 19 27 0 0
AccumulatedOpsCount: 1
AccumulatedOp: 4 19 27 0 0
ChildrenCount: 4
ChildIndices: 3 8 13 14
CompletedDBGraphIDsCount: 0
GraphStart
GraphDataStart
ID: 4
NumNodes: 57
NumEdges: 118
NodeLabels
6 5 5 5 2 2 2 3 3 3 3 4 4 4 4 4 4 4 4 4 4 4 4 4 4 4 4 4 4 4 4 4 4 4 4 4 5 5 5 5 5 5 5 5 5 5 5 5 5 5 5 5 5 5 5 5 5 
Edges
0 13 0
0 18 0
1 27 0
2 27 0
3 27 0
4 14 0
4 23 0
5 20 0
6 34 0
6 35 0
7 11 0
7 12 0
7 13 0
8 9 0
8 11 0
9 8 0
9 13 0
10 17 0
10 20 0
10 42 0
11 7 0
11 8 0
11 14 0
12 7 0
12 15 0
12 16 0
13 0 0
13 7 0
13 9 0
14 4 0
14 11 0
14 36 0
14 37 0
15 12 0
15 21 0
15 38 0
16 12 0
16 22 0
16 39 0
17 10 0
17 19 0
17 24 0
18 0 0
18 20 0
18 40 0
18 41 0
19 17 0
19 26 0
20 5 0
20 10 0
20 18 0
21 15 0
21 25 0
21 43 0
22 16 0
22 25 0
22 44 0
23 4 0
23 30 0
23 31 0
24 17 0
24 28 0
24 45 0
25 21 0
25 22 0
25 46 0
26 19 0
26 29 0
26 47 0
27 1 0
27 2 0
27 3 0
28 24 0
28 29 0
28 48 0
29 26 0
29 28 0
29 49 0
30 23 0
30 32 0
30 50 0
31 23 0
31 33 0
31 51 0
32 30 0
32 34 0
32 52 0
33 31 0
33 34 0
33 53 0
34 6 0
34 32 0
34 33 0
35 6 0
35 54 0
35 55 0
35 56 0
36 14 0
37 14 0
38 15 0
39 16 0
40 18 0
41 18 0
42 10 0
43 21 0
44 22 0
45 24 0
46 25 0
47 26 0
48 28 0
49 29 0
50 30 0
51 31 0
52 32 0
53 33 0
54 35 0
55 35 0
56 35 0
GraphDataEnd
GraphEnd
NodeEnd
NodeStart
EPTNodeID: 3
AnchorID: 14966
TreeNodeGraphID: 5
Level: 5
SimplifiedLevel: 0
EditOperation: 2 57 0 0 2
AccumulatedOpsCount: 1
AccumulatedOp: 2 57 0 0 2
ChildrenCount: 2
ChildIndices: 4 7
CompletedDBGraphIDsCount: 0
GraphStart
GraphDataStart
ID: 5
NumNodes: 58
NumEdges: 118
NodeLabels
6 5 5 5 2 2 2 3 3 3 3 4 4 4 4 4 4 4 4 4 4 4 4 4 4 4 4 4 4 4 4 4 4 4 4 4 5 5 5 5 5 5 5 5 5 5 5 5 5 5 5 5 5 5 5 5 5 2 
Edges
0 13 0
0 18 0
1 27 0
2 27 0
3 27 0
4 14 0
4 23 0
5 20 0
6 34 0
6 35 0
7 11 0
7 12 0
7 13 0
8 9 0
8 11 0
9 8 0
9 13 0
10 17 0
10 20 0
10 42 0
11 7 0
11 8 0
11 14 0
12 7 0
12 15 0
12 16 0
13 0 0
13 7 0
13 9 0
14 4 0
14 11 0
14 36 0
14 37 0
15 12 0
15 21 0
15 38 0
16 12 0
16 22 0
16 39 0
17 10 0
17 19 0
17 24 0
18 0 0
18 20 0
18 40 0
18 41 0
19 17 0
19 26 0
20 5 0
20 10 0
20 18 0
21 15 0
21 25 0
21 43 0
22 16 0
22 25 0
22 44 0
23 4 0
23 30 0
23 31 0
24 17 0
24 28 0
24 45 0
25 21 0
25 22 0
25 46 0
26 19 0
26 29 0
26 47 0
27 1 0
27 2 0
27 3 0
28 24 0
28 29 0
28 48 0
29 26 0
29 28 0
29 49 0
30 23 0
30 32 0
30 50 0
31 23 0
31 33 0
31 51 0
32 30 0
32 34 0
32 52 0
33 31 0
33 34 0
33 53 0
34 6 0
34 32 0
34 33 0
35 6 0
35 54 0
35 55 0
35 56 0
36 14 0
37 14 0
38 15 0
39 16 0
40 18 0
41 18 0
42 10 0
43 21 0
44 22 0
45 24 0
46 25 0
47 26 0
48 28 0
49 29 0
50 30 0
51 31 0
52 32 0
53 33 0
54 35 0
55 35 0
56 35 0
GraphDataEnd
GraphEnd
NodeEnd
NodeStart
EPTNodeID: 4
AnchorID: 14966
TreeNodeGraphID: 7
Level: 7
SimplifiedLevel: 0
EditOperation: 5 49 57 0 0
AccumulatedOpsCount: 2
AccumulatedOp: 0 49 0 5 4
AccumulatedOp: 5 49 57 0 0
ChildrenCount: 2
ChildIndices: 5 6
CompletedDBGraphIDsCount: 0
GraphStart
GraphDataStart
ID: 7
NumNodes: 58
NumEdges: 120
NodeLabels
6 5 5 5 2 2 2 3 3 3 3 4 4 4 4 4 4 4 4 4 4 4 4 4 4 4 4 4 4 4 4 4 4 4 4 4 5 5 5 5 5 5 5 5 5 5 5 5 5 4 5 5 5 5 5 5 5 2 
Edges
0 13 0
0 18 0
1 27 0
2 27 0
3 27 0
4 14 0
4 23 0
5 20 0
6 34 0
6 35 0
7 11 0
7 12 0
7 13 0
8 9 0
8 11 0
9 8 0
9 13 0
10 17 0
10 20 0
10 42 0
11 7 0
11 8 0
11 14 0
12 7 0
12 15 0
12 16 0
13 0 0
13 7 0
13 9 0
14 4 0
14 11 0
14 36 0
14 37 0
15 12 0
15 21 0
15 38 0
16 12 0
16 22 0
16 39 0
17 10 0
17 19 0
17 24 0
18 0 0
18 20 0
18 40 0
18 41 0
19 17 0
19 26 0
20 5 0
20 10 0
20 18 0
21 15 0
21 25 0
21 43 0
22 16 0
22 25 0
22 44 0
23 4 0
23 30 0
23 31 0
24 17 0
24 28 0
24 45 0
25 21 0
25 22 0
25 46 0
26 19 0
26 29 0
26 47 0
27 1 0
27 2 0
27 3 0
28 24 0
28 29 0
28 48 0
29 26 0
29 28 0
29 49 0
30 23 0
30 32 0
30 50 0
31 23 0
31 33 0
31 51 0
32 30 0
32 34 0
32 52 0
33 31 0
33 34 0
33 53 0
34 6 0
34 32 0
34 33 0
35 6 0
35 54 0
35 55 0
35 56 0
36 14 0
37 14 0
38 15 0
39 16 0
40 18 0
41 18 0
42 10 0
43 21 0
44 22 0
45 24 0
46 25 0
47 26 0
48 28 0
49 29 0
49 57 0
50 30 0
51 31 0
52 32 0
53 33 0
54 35 0
55 35 0
56 35 0
57 49 0
GraphDataEnd
GraphEnd
NodeEnd
NodeStart
EPTNodeID: 5
AnchorID: 14966
TreeNodeGraphID: 13
Level: 13
SimplifiedLevel: 0
EditOperation: 4 18 41 0 0
AccumulatedOpsCount: 6
AccumulatedOp: 5 18 27 0 0
AccumulatedOp: 0 6 0 2 5
AccumulatedOp: 4 6 35 0 0
AccumulatedOp: 5 35 49 0 0
AccumulatedOp: 5 19 41 0 0
AccumulatedOp: 4 18 41 0 0
ChildrenCount: 0
ChildIndices:
CompletedDBGraphIDsCount: 2
CompletedDBGraphID: 9480
CompletedDBGraphID: 10814
GraphStart
GraphDataStart
ID: 13
NumNodes: 58
NumEdges: 122
NodeLabels
6 5 5 5 2 2 5 3 3 3 3 4 4 4 4 4 4 4 4 4 4 4 4 4 4 4 4 4 4 4 4 4 4 4 4 4 5 5 5 5 5 5 5 5 5 5 5 5 5 4 5 5 5 5 5 5 5 2 
Edges
0 13 0
0 18 0
1 27 0
2 27 0
3 27 0
4 14 0
4 23 0
5 20 0
6 34 0
7 11 0
7 12 0
7 13 0
8 9 0
8 11 0
9 8 0
9 13 0
10 17 0
10 20 0
10 42 0
11 7 0
11 8 0
11 14 0
12 7 0
12 15 0
12 16 0
13 0 0
13 7 0
13 9 0
14 4 0
14 11 0
14 36 0
14 37 0
15 12 0
15 21 0
15 38 0
16 12 0
16 22 0
16 39 0
17 10 0
17 19 0
17 24 0
18 0 0
18 20 0
18 40 0
18 27 0
19 17 0
19 26 0
19 41 0
20 5 0
20 10 0
20 18 0
21 15 0
21 25 0
21 43 0
22 16 0
22 25 0
22 44 0
23 4 0
23 30 0
23 31 0
24 17 0
24 28 0
24 45 0
25 21 0
25 22 0
25 46 0
26 19 0
26 29 0
26 47 0
27 1 0
27 2 0
27 3 0
27 18 0
28 24 0
28 29 0
28 48 0
29 26 0
29 28 0
29 49 0
30 23 0
30 32 0
30 50 0
31 23 0
31 33 0
31 51 0
32 30 0
32 34 0
32 52 0
33 31 0
33 34 0
33 53 0
34 6 0
34 32 0
34 33 0
35 54 0
35 55 0
35 56 0
35 49 0
36 14 0
37 14 0
38 15 0
39 16 0
40 18 0
41 19 0
42 10 0
43 21 0
44 22 0
45 24 0
46 25 0
47 26 0
48 28 0
49 29 0
49 57 0
49 35 0
50 30 0
51 31 0
52 32 0
53 33 0
54 35 0
55 35 0
56 35 0
57 49 0
GraphDataEnd
GraphEnd
NodeEnd
NodeStart
EPTNodeID: 6
AnchorID: 14966
TreeNodeGraphID: 16
Level: 10
SimplifiedLevel: 0
EditOperation: 5 27 49 0 0
AccumulatedOpsCount: 3
AccumulatedOp: 2 58 0 0 5
AccumulatedOp: 5 19 58 0 0
AccumulatedOp: 5 27 49 0 0
ChildrenCount: 0
ChildIndices:
CompletedDBGraphIDsCount: 1
CompletedDBGraphID: 19483
GraphStart
GraphDataStart
ID: 16
NumNodes: 59
NumEdges: 124
NodeLabels
6 5 5 5 2 2 2 3 3 3 3 4 4 4 4 4 4 4 4 4 4 4 4 4 4 4 4 4 4 4 4 4 4 4 4 4 5 5 5 5 5 5 5 5 5 5 5 5 5 4 5 5 5 5 5 5 5 2 5 
Edges
0 13 0
0 18 0
1 27 0
2 27 0
3 27 0
4 14 0
4 23 0
5 20 0
6 34 0
6 35 0
7 11 0
7 12 0
7 13 0
8 9 0
8 11 0
9 8 0
9 13 0
10 17 0
10 20 0
10 42 0
11 7 0
11 8 0
11 14 0
12 7 0
12 15 0
12 16 0
13 0 0
13 7 0
13 9 0
14 4 0
14 11 0
14 36 0
14 37 0
15 12 0
15 21 0
15 38 0
16 12 0
16 22 0
16 39 0
17 10 0
17 19 0
17 24 0
18 0 0
18 20 0
18 40 0
18 41 0
19 17 0
19 26 0
19 58 0
20 5 0
20 10 0
20 18 0
21 15 0
21 25 0
21 43 0
22 16 0
22 25 0
22 44 0
23 4 0
23 30 0
23 31 0
24 17 0
24 28 0
24 45 0
25 21 0
25 22 0
25 46 0
26 19 0
26 29 0
26 47 0
27 1 0
27 2 0
27 3 0
27 49 0
28 24 0
28 29 0
28 48 0
29 26 0
29 28 0
29 49 0
30 23 0
30 32 0
30 50 0
31 23 0
31 33 0
31 51 0
32 30 0
32 34 0
32 52 0
33 31 0
33 34 0
33 53 0
34 6 0
34 32 0
34 33 0
35 6 0
35 54 0
35 55 0
35 56 0
36 14 0
37 14 0
38 15 0
39 16 0
40 18 0
41 18 0
42 10 0
43 21 0
44 22 0
45 24 0
46 25 0
47 26 0
48 28 0
49 29 0
49 57 0
49 27 0
50 30 0
51 31 0
52 32 0
53 33 0
54 35 0
55 35 0
56 35 0
57 49 0
58 19 0
GraphDataEnd
GraphEnd
NodeEnd
NodeStart
EPTNodeID: 7
AnchorID: 14966
TreeNodeGraphID: 19
Level: 8
SimplifiedLevel: 0
EditOperation: 5 27 57 0 0
AccumulatedOpsCount: 3
AccumulatedOp: 5 19 57 0 0
AccumulatedOp: 0 48 0 5 7
AccumulatedOp: 5 27 57 0 0
ChildrenCount: 0
ChildIndices:
CompletedDBGraphIDsCount: 1
CompletedDBGraphID: 12740
GraphStart
GraphDataStart
ID: 19
NumNodes: 58
NumEdges: 122
NodeLabels
6 5 5 5 2 2 2 3 3 3 3 4 4 4 4 4 4 4 4 4 4 4 4 4 4 4 4 4 4 4 4 4 4 4 4 4 5 5 5 5 5 5 5 5 5 5 5 5 7 5 5 5 5 5 5 5 5 2 
Edges
0 13 0
0 18 0
1 27 0
2 27 0
3 27 0
4 14 0
4 23 0
5 20 0
6 34 0
6 35 0
7 11 0
7 12 0
7 13 0
8 9 0
8 11 0
9 8 0
9 13 0
10 17 0
10 20 0
10 42 0
11 7 0
11 8 0
11 14 0
12 7 0
12 15 0
12 16 0
13 0 0
13 7 0
13 9 0
14 4 0
14 11 0
14 36 0
14 37 0
15 12 0
15 21 0
15 38 0
16 12 0
16 22 0
16 39 0
17 10 0
17 19 0
17 24 0
18 0 0
18 20 0
18 40 0
18 41 0
19 17 0
19 26 0
19 57 0
20 5 0
20 10 0
20 18 0
21 15 0
21 25 0
21 43 0
22 16 0
22 25 0
22 44 0
23 4 0
23 30 0
23 31 0
24 17 0
24 28 0
24 45 0
25 21 0
25 22 0
25 46 0
26 19 0
26 29 0
26 47 0
27 1 0
27 2 0
27 3 0
27 57 0
28 24 0
28 29 0
28 48 0
29 26 0
29 28 0
29 49 0
30 23 0
30 32 0
30 50 0
31 23 0
31 33 0
31 51 0
32 30 0
32 34 0
32 52 0
33 31 0
33 34 0
33 53 0
34 6 0
34 32 0
34 33 0
35 6 0
35 54 0
35 55 0
35 56 0
36 14 0
37 14 0
38 15 0
39 16 0
40 18 0
41 18 0
42 10 0
43 21 0
44 22 0
45 24 0
46 25 0
47 26 0
48 28 0
49 29 0
50 30 0
51 31 0
52 32 0
53 33 0
54 35 0
55 35 0
56 35 0
57 19 0
57 27 0
GraphDataEnd
GraphEnd
NodeEnd
NodeStart
EPTNodeID: 8
AnchorID: 14966
TreeNodeGraphID: 21
Level: 6
SimplifiedLevel: 0
EditOperation: 5 19 49 0 0
AccumulatedOpsCount: 2
AccumulatedOp: 4 29 49 0 0
AccumulatedOp: 5 19 49 0 0
ChildrenCount: 2
ChildIndices: 9 12
CompletedDBGraphIDsCount: 0
GraphStart
GraphDataStart
ID: 21
NumNodes: 57
NumEdges: 118
NodeLabels
6 5 5 5 2 2 2 3 3 3 3 4 4 4 4 4 4 4 4 4 4 4 4 4 4 4 4 4 4 4 4 4 4 4 4 4 5 5 5 5 5 5 5 5 5 5 5 5 5 5 5 5 5 5 5 5 5 
Edges
0 13 0
0 18 0
1 27 0
2 27 0
3 27 0
4 14 0
4 23 0
5 20 0
6 34 0
6 35 0
7 11 0
7 12 0
7 13 0
8 9 0
8 11 0
9 8 0
9 13 0
10 17 0
10 20 0
10 42 0
11 7 0
11 8 0
11 14 0
12 7 0
12 15 0
12 16 0
13 0 0
13 7 0
13 9 0
14 4 0
14 11 0
14 36 0
14 37 0
15 12 0
15 21 0
15 38 0
16 12 0
16 22 0
16 39 0
17 10 0
17 19 0
17 24 0
18 0 0
18 20 0
18 40 0
18 41 0
19 17 0
19 26 0
19 49 0
20 5 0
20 10 0
20 18 0
21 15 0
21 25 0
21 43 0
22 16 0
22 25 0
22 44 0
23 4 0
23 30 0
23 31 0
24 17 0
24 28 0
24 45 0
25 21 0
25 22 0
25 46 0
26 19 0
26 29 0
26 47 0
27 1 0
27 2 0
27 3 0
28 24 0
28 29 0
28 48 0
29 26 0
29 28 0
30 23 0
30 32 0
30 50 0
31 23 0
31 33 0
31 51 0
32 30 0
32 34 0
32 52 0
33 31 0
33 34 0
33 53 0
34 6 0
34 32 0
34 33 0
35 6 0
35 54 0
35 55 0
35 56 0
36 14 0
37 14 0
38 15 0
39 16 0
40 18 0
41 18 0
42 10 0
43 21 0
44 22 0
45 24 0
46 25 0
47 26 0
48 28 0
49 19 0
50 30 0
51 31 0
52 32 0
53 33 0
54 35 0
55 35 0
56 35 0
GraphDataEnd
GraphEnd
NodeEnd
NodeStart
EPTNodeID: 9
AnchorID: 14966
TreeNodeGraphID: 22
Level: 7
SimplifiedLevel: 0
EditOperation: 4 6 34 0 0
AccumulatedOpsCount: 1
AccumulatedOp: 4 6 34 0 0
ChildrenCount: 2
ChildIndices: 10 11
CompletedDBGraphIDsCount: 0
GraphStart
GraphDataStart
ID: 22
NumNodes: 57
NumEdges: 116
NodeLabels
6 5 5 5 2 2 2 3 3 3 3 4 4 4 4 4 4 4 4 4 4 4 4 4 4 4 4 4 4 4 4 4 4 4 4 4 5 5 5 5 5 5 5 5 5 5 5 5 5 5 5 5 5 5 5 5 5 
Edges
0 13 0
0 18 0
1 27 0
2 27 0
3 27 0
4 14 0
4 23 0
5 20 0
6 35 0
7 11 0
7 12 0
7 13 0
8 9 0
8 11 0
9 8 0
9 13 0
10 17 0
10 20 0
10 42 0
11 7 0
11 8 0
11 14 0
12 7 0
12 15 0
12 16 0
13 0 0
13 7 0
13 9 0
14 4 0
14 11 0
14 36 0
14 37 0
15 12 0
15 21 0
15 38 0
16 12 0
16 22 0
16 39 0
17 10 0
17 19 0
17 24 0
18 0 0
18 20 0
18 40 0
18 41 0
19 17 0
19 26 0
19 49 0
20 5 0
20 10 0
20 18 0
21 15 0
21 25 0
21 43 0
22 16 0
22 25 0
22 44 0
23 4 0
23 30 0
23 31 0
24 17 0
24 28 0
24 45 0
25 21 0
25 22 0
25 46 0
26 19 0
26 29 0
26 47 0
27 1 0
27 2 0
27 3 0
28 24 0
28 29 0
28 48 0
29 26 0
29 28 0
30 23 0
30 32 0
30 50 0
31 23 0
31 33 0
31 51 0
32 30 0
32 34 0
32 52 0
33 31 0
33 34 0
33 53 0
34 32 0
34 33 0
35 6 0
35 54 0
35 55 0
35 56 0
36 14 0
37 14 0
38 15 0
39 16 0
40 18 0
41 18 0
42 10 0
43 21 0
44 22 0
45 24 0
46 25 0
47 26 0
48 28 0
49 19 0
50 30 0
51 31 0
52 32 0
53 33 0
54 35 0
55 35 0
56 35 0
GraphDataEnd
GraphEnd
NodeEnd
NodeStart
EPTNodeID: 10
AnchorID: 14966
TreeNodeGraphID: 26
Level: 11
SimplifiedLevel: 0
EditOperation: 5 27 29 0 0
AccumulatedOpsCount: 4
AccumulatedOp: 5 34 35 0 0
AccumulatedOp: 4 6 35 0 0
AccumulatedOp: 1 6 0 2 0
AccumulatedOp: 5 27 29 0 0
ChildrenCount: 0
ChildIndices:
CompletedDBGraphIDsCount: 1
CompletedDBGraphID: 180
GraphStart
GraphDataStart
ID: 26
NumNodes: 56
NumEdges: 118
NodeLabels
6 5 5 5 2 2 3 3 3 3 4 4 4 4 4 4 4 4 4 4 4 4 4 4 4 4 4 4 4 4 4 4 4 4 4 5 5 5 5 5 5 5 5 5 5 5 5 5 5 5 5 5 5 5 5 5 
Edges
0 12 0
0 17 0
1 26 0
2 26 0
3 26 0
4 13 0
4 22 0
5 19 0
6 10 0
6 11 0
6 12 0
7 8 0
7 10 0
8 7 0
8 12 0
9 16 0
9 19 0
9 41 0
10 6 0
10 7 0
10 13 0
11 6 0
11 14 0
11 15 0
12 0 0
12 6 0
12 8 0
13 4 0
13 10 0
13 35 0
13 36 0
14 11 0
14 20 0
14 37 0
15 11 0
15 21 0
15 38 0
16 9 0
16 18 0
16 23 0
17 0 0
17 19 0
17 39 0
17 40 0
18 16 0
18 25 0
18 48 0
19 5 0
19 9 0
19 17 0
20 14 0
20 24 0
20 42 0
21 15 0
21 24 0
21 43 0
22 4 0
22 29 0
22 30 0
23 16 0
23 27 0
23 44 0
24 20 0
24 21 0
24 45 0
25 18 0
25 28 0
25 46 0
26 1 0
26 2 0
26 3 0
26 28 0
27 23 0
27 28 0
27 47 0
28 25 0
28 27 0
28 26 0
29 22 0
29 31 0
29 49 0
30 22 0
30 32 0
30 50 0
31 29 0
31 33 0
31 51 0
32 30 0
32 33 0
32 52 0
33 31 0
33 32 0
33 34 0
34 53 0
34 54 0
34 55 0
34 33 0
35 13 0
36 13 0
37 14 0
38 15 0
39 17 0
40 17 0
41 9 0
42 20 0
43 21 0
44 23 0
45 24 0
46 25 0
47 27 0
48 18 0
49 29 0
50 30 0
51 31 0
52 32 0
53 34 0
54 34 0
55 34 0
GraphDataEnd
GraphEnd
NodeEnd
NodeStart
EPTNodeID: 11
AnchorID: 14966
TreeNodeGraphID: 28
Level: 9
SimplifiedLevel: 0
EditOperation: 5 6 29 0 0
AccumulatedOpsCount: 2
AccumulatedOp: 5 27 34 0 0
AccumulatedOp: 5 6 29 0 0
ChildrenCount: 0
ChildIndices:
CompletedDBGraphIDsCount: 1
CompletedDBGraphID: 5861
GraphStart
GraphDataStart
ID: 28
NumNodes: 57
NumEdges: 120
NodeLabels
6 5 5 5 2 2 2 3 3 3 3 4 4 4 4 4 4 4 4 4 4 4 4 4 4 4 4 4 4 4 4 4 4 4 4 4 5 5 5 5 5 5 5 5 5 5 5 5 5 5 5 5 5 5 5 5 5 
Edges
0 13 0
0 18 0
1 27 0
2 27 0
3 27 0
4 14 0
4 23 0
5 20 0
6 35 0
6 29 0
7 11 0
7 12 0
7 13 0
8 9 0
8 11 0
9 8 0
9 13 0
10 17 0
10 20 0
10 42 0
11 7 0
11 8 0
11 14 0
12 7 0
12 15 0
12 16 0
13 0 0
13 7 0
13 9 0
14 4 0
14 11 0
14 36 0
14 37 0
15 12 0
15 21 0
15 38 0
16 12 0
16 22 0
16 39 0
17 10 0
17 19 0
17 24 0
18 0 0
18 20 0
18 40 0
18 41 0
19 17 0
19 26 0
19 49 0
20 5 0
20 10 0
20 18 0
21 15 0
21 25 0
21 43 0
22 16 0
22 25 0
22 44 0
23 4 0
23 30 0
23 31 0
24 17 0
24 28 0
24 45 0
25 21 0
25 22 0
25 46 0
26 19 0
26 29 0
26 47 0
27 1 0
27 2 0
27 3 0
27 34 0
28 24 0
28 29 0
28 48 0
29 26 0
29 28 0
29 6 0
30 23 0
30 32 0
30 50 0
31 23 0
31 33 0
31 51 0
32 30 0
32 34 0
32 52 0
33 31 0
33 34 0
33 53 0
34 32 0
34 33 0
34 27 0
35 6 0
35 54 0
35 55 0
35 56 0
36 14 0
37 14 0
38 15 0
39 16 0
40 18 0
41 18 0
42 10 0
43 21 0
44 22 0
45 24 0
46 25 0
47 26 0
48 28 0
49 19 0
50 30 0
51 31 0
52 32 0
53 33 0
54 35 0
55 35 0
56 35 0
GraphDataEnd
GraphEnd
NodeEnd
NodeStart
EPTNodeID: 12
AnchorID: 14966
TreeNodeGraphID: 36
Level: 14
SimplifiedLevel: 0
EditOperation: 4 7 12 0 0
AccumulatedOpsCount: 8
AccumulatedOp: 5 27 29 0 0
AccumulatedOp: 5 7 23 0 0
AccumulatedOp: 0 45 0 5 8
AccumulatedOp: 4 4 14 0 0
AccumulatedOp: 5 12 14 0 0
AccumulatedOp: 4 4 23 0 0
AccumulatedOp: 1 4 0 2 0
AccumulatedOp: 4 7 12 0 0
ChildrenCount: 0
ChildIndices:
CompletedDBGraphIDsCount: 1
CompletedDBGraphID: 18020
GraphStart
GraphDataStart
ID: 36
NumNodes: 56
NumEdges: 118
NodeLabels
6 5 5 5 2 2 3 3 3 3 4 4 4 4 4 4 4 4 4 4 4 4 4 4 4 4 4 4 4 4 4 4 4 4 4 5 5 5 5 5 5 5 5 5 8 5 5 5 5 5 5 5 5 5 5 5 
Edges
0 12 0
0 17 0
1 26 0
2 26 0
3 26 0
4 19 0
5 33 0
5 34 0
6 10 0
6 12 0
6 22 0
7 8 0
7 10 0
8 7 0
8 12 0
9 16 0
9 19 0
9 41 0
10 6 0
10 7 0
10 13 0
11 14 0
11 15 0
11 13 0
12 0 0
12 6 0
12 8 0
13 10 0
13 35 0
13 36 0
13 11 0
14 11 0
14 20 0
14 37 0
15 11 0
15 21 0
15 38 0
16 9 0
16 18 0
16 23 0
17 0 0
17 19 0
17 39 0
17 40 0
18 16 0
18 25 0
18 48 0
19 4 0
19 9 0
19 17 0
20 14 0
20 24 0
20 42 0
21 15 0
21 24 0
21 43 0
22 29 0
22 30 0
22 6 0
23 16 0
23 27 0
23 44 0
24 20 0
24 21 0
24 45 0
25 18 0
25 28 0
25 46 0
26 1 0
26 2 0
26 3 0
26 28 0
27 23 0
27 28 0
27 47 0
28 25 0
28 27 0
28 26 0
29 22 0
29 31 0
29 49 0
30 22 0
30 32 0
30 50 0
31 29 0
31 33 0
31 51 0
32 30 0
32 33 0
32 52 0
33 5 0
33 31 0
33 32 0
34 5 0
34 53 0
34 54 0
34 55 0
35 13 0
36 13 0
37 14 0
38 15 0
39 17 0
40 17 0
41 9 0
42 20 0
43 21 0
44 23 0
45 24 0
46 25 0
47 27 0
48 18 0
49 29 0
50 30 0
51 31 0
52 32 0
53 34 0
54 34 0
55 34 0
GraphDataEnd
GraphEnd
NodeEnd
NodeStart
EPTNodeID: 13
AnchorID: 14966
TreeNodeGraphID: 40
Level: 8
SimplifiedLevel: 0
EditOperation: 5 19 57 0 0
AccumulatedOpsCount: 4
AccumulatedOp: 5 27 49 0 0
AccumulatedOp: 2 57 0 0 5
AccumulatedOp: 0 49 0 5 2
AccumulatedOp: 5 19 57 0 0
ChildrenCount: 0
ChildIndices:
CompletedDBGraphIDsCount: 1
CompletedDBGraphID: 5960
GraphStart
GraphDataStart
ID: 40
NumNodes: 58
NumEdges: 122
NodeLabels
6 5 5 5 2 2 2 3 3 3 3 4 4 4 4 4 4 4 4 4 4 4 4 4 4 4 4 4 4 4 4 4 4 4 4 4 5 5 5 5 5 5 5 5 5 5 5 5 5 2 5 5 5 5 5 5 5 5 
Edges
0 13 0
0 18 0
1 27 0
2 27 0
3 27 0
4 14 0
4 23 0
5 20 0
6 34 0
6 35 0
7 11 0
7 12 0
7 13 0
8 9 0
8 11 0
9 8 0
9 13 0
10 17 0
10 20 0
10 42 0
11 7 0
11 8 0
11 14 0
12 7 0
12 15 0
12 16 0
13 0 0
13 7 0
13 9 0
14 4 0
14 11 0
14 36 0
14 37 0
15 12 0
15 21 0
15 38 0
16 12 0
16 22 0
16 39 0
17 10 0
17 19 0
17 24 0
18 0 0
18 20 0
18 40 0
18 41 0
19 17 0
19 26 0
19 57 0
20 5 0
20 10 0
20 18 0
21 15 0
21 25 0
21 43 0
22 16 0
22 25 0
22 44 0
23 4 0
23 30 0
23 31 0
24 17 0
24 28 0
24 45 0
25 21 0
25 22 0
25 46 0
26 19 0
26 29 0
26 47 0
27 1 0
27 2 0
27 3 0
27 49 0
28 24 0
28 29 0
28 48 0
29 26 0
29 28 0
29 49 0
30 23 0
30 32 0
30 50 0
31 23 0
31 33 0
31 51 0
32 30 0
32 34 0
32 52 0
33 31 0
33 34 0
33 53 0
34 6 0
34 32 0
34 33 0
35 6 0
35 54 0
35 55 0
35 56 0
36 14 0
37 14 0
38 15 0
39 16 0
40 18 0
41 18 0
42 10 0
43 21 0
44 22 0
45 24 0
46 25 0
47 26 0
48 28 0
49 29 0
49 27 0
50 30 0
51 31 0
52 32 0
53 33 0
54 35 0
55 35 0
56 35 0
57 19 0
GraphDataEnd
GraphEnd
NodeEnd
NodeStart
EPTNodeID: 14
AnchorID: 14966
TreeNodeGraphID: 43
Level: 7
SimplifiedLevel: 0
EditOperation: 5 19 48 0 0
AccumulatedOpsCount: 3
AccumulatedOp: 4 28 48 0 0
AccumulatedOp: 5 27 28 0 0
AccumulatedOp: 5 19 48 0 0
ChildrenCount: 0
ChildIndices:
CompletedDBGraphIDsCount: 1
CompletedDBGraphID: 19474
GraphStart
GraphDataStart
ID: 43
NumNodes: 57
NumEdges: 120
NodeLabels
6 5 5 5 2 2 2 3 3 3 3 4 4 4 4 4 4 4 4 4 4 4 4 4 4 4 4 4 4 4 4 4 4 4 4 4 5 5 5 5 5 5 5 5 5 5 5 5 5 5 5 5 5 5 5 5 5 
Edges
0 13 0
0 18 0
1 27 0
2 27 0
3 27 0
4 14 0
4 23 0
5 20 0
6 34 0
6 35 0
7 11 0
7 12 0
7 13 0
8 9 0
8 11 0
9 8 0
9 13 0
10 17 0
10 20 0
10 42 0
11 7 0
11 8 0
11 14 0
12 7 0
12 15 0
12 16 0
13 0 0
13 7 0
13 9 0
14 4 0
14 11 0
14 36 0
14 37 0
15 12 0
15 21 0
15 38 0
16 12 0
16 22 0
16 39 0
17 10 0
17 19 0
17 24 0
18 0 0
18 20 0
18 40 0
18 41 0
19 17 0
19 26 0
19 48 0
20 5 0
20 10 0
20 18 0
21 15 0
21 25 0
21 43 0
22 16 0
22 25 0
22 44 0
23 4 0
23 30 0
23 31 0
24 17 0
24 28 0
24 45 0
25 21 0
25 22 0
25 46 0
26 19 0
26 29 0
26 47 0
27 1 0
27 2 0
27 3 0
27 28 0
28 24 0
28 29 0
28 27 0
29 26 0
29 28 0
29 49 0
30 23 0
30 32 0
30 50 0
31 23 0
31 33 0
31 51 0
32 30 0
32 34 0
32 52 0
33 31 0
33 34 0
33 53 0
34 6 0
34 32 0
34 33 0
35 6 0
35 54 0
35 55 0
35 56 0
36 14 0
37 14 0
38 15 0
39 16 0
40 18 0
41 18 0
42 10 0
43 21 0
44 22 0
45 24 0
46 25 0
47 26 0
48 19 0
49 29 0
50 30 0
51 31 0
52 32 0
53 33 0
54 35 0
55 35 0
56 35 0
GraphDataEnd
GraphEnd
NodeEnd
NodeStart
EPTNodeID: 15
AnchorID: 14966
TreeNodeGraphID: 44
Level: 4
SimplifiedLevel: 0
EditOperation: 4 6 35 0 0
AccumulatedOpsCount: 1
AccumulatedOp: 4 6 35 0 0
ChildrenCount: 2
ChildIndices: 16 17
CompletedDBGraphIDsCount: 0
GraphStart
GraphDataStart
ID: 44
NumNodes: 57
NumEdges: 118
NodeLabels
6 5 5 5 2 2 2 3 3 3 3 4 4 4 4 4 4 4 4 4 4 4 4 4 4 4 4 4 4 4 4 4 4 4 4 4 5 5 5 5 5 5 5 5 5 5 5 5 5 5 5 5 5 5 5 5 5 
Edges
0 13 0
0 18 0
1 27 0
2 27 0
3 27 0
4 14 0
4 23 0
5 20 0
6 34 0
7 11 0
7 12 0
7 13 0
8 9 0
8 11 0
9 8 0
9 13 0
10 17 0
10 20 0
10 42 0
11 7 0
11 8 0
11 14 0
12 7 0
12 15 0
12 16 0
13 0 0
13 7 0
13 9 0
14 4 0
14 11 0
14 36 0
14 37 0
15 12 0
15 21 0
15 38 0
16 12 0
16 22 0
16 39 0
17 10 0
17 19 0
17 24 0
18 0 0
18 20 0
18 40 0
18 41 0
19 17 0
19 26 0
19 27 0
20 5 0
20 10 0
20 18 0
21 15 0
21 25 0
21 43 0
22 16 0
22 25 0
22 44 0
23 4 0
23 30 0
23 31 0
24 17 0
24 28 0
24 45 0
25 21 0
25 22 0
25 46 0
26 19 0
26 29 0
26 47 0
27 1 0
27 2 0
27 3 0
27 19 0
28 24 0
28 29 0
28 48 0
29 26 0
29 28 0
29 49 0
30 23 0
30 32 0
30 50 0
31 23 0
31 33 0
31 51 0
32 30 0
32 34 0
32 52 0
33 31 0
33 34 0
33 53 0
34 6 0
34 32 0
34 33 0
35 54 0
35 55 0
35 56 0
36 14 0
37 14 0
38 15 0
39 16 0
40 18 0
41 18 0
42 10 0
43 21 0
44 22 0
45 24 0
46 25 0
47 26 0
48 28 0
49 29 0
50 30 0
51 31 0
52 32 0
53 33 0
54 35 0
55 35 0
56 35 0
GraphDataEnd
GraphEnd
NodeEnd
NodeStart
EPTNodeID: 16
AnchorID: 14966
TreeNodeGraphID: 49
Level: 9
SimplifiedLevel: 0
EditOperation: 5 18 35 0 0
AccumulatedOpsCount: 5
AccumulatedOp: 0 4 0 2 3
AccumulatedOp: 0 6 0 2 1
AccumulatedOp: 5 4 41 0 0
AccumulatedOp: 4 18 41 0 0
AccumulatedOp: 5 18 35 0 0
ChildrenCount: 0
ChildIndices:
CompletedDBGraphIDsCount: 2
CompletedDBGraphID: 771
CompletedDBGraphID: 2729
GraphStart
GraphDataStart
ID: 49
NumNodes: 57
NumEdges: 120
NodeLabels
6 5 5 5 3 2 1 3 3 3 3 4 4 4 4 4 4 4 4 4 4 4 4 4 4 4 4 4 4 4 4 4 4 4 4 4 5 5 5 5 5 5 5 5 5 5 5 5 5 5 5 5 5 5 5 5 5 
Edges
0 13 0
0 18 0
1 27 0
2 27 0
3 27 0
4 14 0
4 23 0
4 41 0
5 20 0
6 34 0
7 11 0
7 12 0
7 13 0
8 9 0
8 11 0
9 8 0
9 13 0
10 17 0
10 20 0
10 42 0
11 7 0
11 8 0
11 14 0
12 7 0
12 15 0
12 16 0
13 0 0
13 7 0
13 9 0
14 4 0
14 11 0
14 36 0
14 37 0
15 12 0
15 21 0
15 38 0
16 12 0
16 22 0
16 39 0
17 10 0
17 19 0
17 24 0
18 0 0
18 20 0
18 40 0
18 35 0
19 17 0
19 26 0
19 27 0
20 5 0
20 10 0
20 18 0
21 15 0
21 25 0
21 43 0
22 16 0
22 25 0
22 44 0
23 4 0
23 30 0
23 31 0
24 17 0
24 28 0
24 45 0
25 21 0
25 22 0
25 46 0
26 19 0
26 29 0
26 47 0
27 1 0
27 2 0
27 3 0
27 19 0
28 24 0
28 29 0
28 48 0
29 26 0
29 28 0
29 49 0
30 23 0
30 32 0
30 50 0
31 23 0
31 33 0
31 51 0
32 30 0
32 34 0
32 52 0
33 31 0
33 34 0
33 53 0
34 6 0
34 32 0
34 33 0
35 54 0
35 55 0
35 56 0
35 18 0
36 14 0
37 14 0
38 15 0
39 16 0
40 18 0
41 4 0
42 10 0
43 21 0
44 22 0
45 24 0
46 25 0
47 26 0
48 28 0
49 29 0
50 30 0
51 31 0
52 32 0
53 33 0
54 35 0
55 35 0
56 35 0
GraphDataEnd
GraphEnd
NodeEnd
NodeStart
EPTNodeID: 17
AnchorID: 14966
TreeNodeGraphID: 58
Level: 13
SimplifiedLevel: 0
EditOperation: 5 10 34 0 0
AccumulatedOpsCount: 9
AccumulatedOp: 4 6 34 0 0
AccumulatedOp: 5 14 35 0 0
AccumulatedOp: 1 6 0 2 0
AccumulatedOp: 4 1 27 0 0
AccumulatedOp: 4 10 17 0 0
AccumulatedOp: 4 11 14 0 0
AccumulatedOp: 5 11 27 0 0
AccumulatedOp: 5 1 17 0 0
AccumulatedOp: 5 10 34 0 0
ChildrenCount: 0
ChildIndices:
CompletedDBGraphIDsCount: 1
CompletedDBGraphID: 8451
GraphStart
GraphDataStart
ID: 58
NumNodes: 56
NumEdges: 118
NodeLabels
6 5 5 5 2 2 3 3 3 3 4 4 4 4 4 4 4 4 4 4 4 4 4 4 4 4 4 4 4 4 4 4 4 4 4 5 5 5 5 5 5 5 5 5 5 5 5 5 5 5 5 5 5 5 5 5 
Edges
0 12 0
0 17 0
1 16 0
2 26 0
3 26 0
4 13 0
4 22 0
5 19 0
6 10 0
6 11 0
6 12 0
7 8 0
7 10 0
8 7 0
8 12 0
9 19 0
9 41 0
9 33 0
10 6 0
10 7 0
10 26 0
11 6 0
11 14 0
11 15 0
12 0 0
12 6 0
12 8 0
13 4 0
13 35 0
13 36 0
13 34 0
14 11 0
14 20 0
14 37 0
15 11 0
15 21 0
15 38 0
16 18 0
16 23 0
16 1 0
17 0 0
17 19 0
17 39 0
17 40 0
18 16 0
18 25 0
18 26 0
19 5 0
19 9 0
19 17 0
20 14 0
20 24 0
20 42 0
21 15 0
21 24 0
21 43 0
22 4 0
22 29 0
22 30 0
23 16 0
23 27 0
23 44 0
24 20 0
24 21 0
24 45 0
25 18 0
25 28 0
25 46 0
26 2 0
26 3 0
26 18 0
26 10 0
27 23 0
27 28 0
27 47 0
28 25 0
28 27 0
28 48 0
29 22 0
29 31 0
29 49 0
30 22 0
30 32 0
30 50 0
31 29 0
31 33 0
31 51 0
32 30 0
32 33 0
32 52 0
33 31 0
33 32 0
33 9 0
34 53 0
34 54 0
34 55 0
34 13 0
35 13 0
36 13 0
37 14 0
38 15 0
39 17 0
40 17 0
41 9 0
42 20 0
43 21 0
44 23 0
45 24 0
46 25 0
47 27 0
48 28 0
49 29 0
50 30 0
51 31 0
52 32 0
53 34 0
54 34 0
55 34 0
GraphDataEnd
GraphEnd
NodeEnd
NodeStart
EPTNodeID: 18
AnchorID: 14966
TreeNodeGraphID: 59
Level: 4
SimplifiedLevel: 0
EditOperation: 0 48 0 5 7
AccumulatedOpsCount: 1
AccumulatedOp: 0 48 0 5 7
ChildrenCount: 0
ChildIndices:
CompletedDBGraphIDsCount: 1
CompletedDBGraphID: 20652
GraphStart
GraphDataStart
ID: 59
NumNodes: 57
NumEdges: 120
NodeLabels
6 5 5 5 2 2 2 3 3 3 3 4 4 4 4 4 4 4 4 4 4 4 4 4 4 4 4 4 4 4 4 4 4 4 4 4 5 5 5 5 5 5 5 5 5 5 5 5 7 5 5 5 5 5 5 5 5 
Edges
0 13 0
0 18 0
1 27 0
2 27 0
3 27 0
4 14 0
4 23 0
5 20 0
6 34 0
6 35 0
7 11 0
7 12 0
7 13 0
8 9 0
8 11 0
9 8 0
9 13 0
10 17 0
10 20 0
10 42 0
11 7 0
11 8 0
11 14 0
12 7 0
12 15 0
12 16 0
13 0 0
13 7 0
13 9 0
14 4 0
14 11 0
14 36 0
14 37 0
15 12 0
15 21 0
15 38 0
16 12 0
16 22 0
16 39 0
17 10 0
17 19 0
17 24 0
18 0 0
18 20 0
18 40 0
18 41 0
19 17 0
19 26 0
19 27 0
20 5 0
20 10 0
20 18 0
21 15 0
21 25 0
21 43 0
22 16 0
22 25 0
22 44 0
23 4 0
23 30 0
23 31 0
24 17 0
24 28 0
24 45 0
25 21 0
25 22 0
25 46 0
26 19 0
26 29 0
26 47 0
27 1 0
27 2 0
27 3 0
27 19 0
28 24 0
28 29 0
28 48 0
29 26 0
29 28 0
29 49 0
30 23 0
30 32 0
30 50 0
31 23 0
31 33 0
31 51 0
32 30 0
32 34 0
32 52 0
33 31 0
33 34 0
33 53 0
34 6 0
34 32 0
34 33 0
35 6 0
35 54 0
35 55 0
35 56 0
36 14 0
37 14 0
38 15 0
39 16 0
40 18 0
41 18 0
42 10 0
43 21 0
44 22 0
45 24 0
46 25 0
47 26 0
48 28 0
49 29 0
50 30 0
51 31 0
52 32 0
53 33 0
54 35 0
55 35 0
56 35 0
GraphDataEnd
GraphEnd
NodeEnd
NodeStart
EPTNodeID: 19
AnchorID: 14966
TreeNodeGraphID: 60
Level: 4
SimplifiedLevel: 0
EditOperation: 0 47 0 5 7
AccumulatedOpsCount: 1
AccumulatedOp: 0 47 0 5 7
ChildrenCount: 0
ChildIndices:
CompletedDBGraphIDsCount: 1
CompletedDBGraphID: 18908
GraphStart
GraphDataStart
ID: 60
NumNodes: 57
NumEdges: 120
NodeLabels
6 5 5 5 2 2 2 3 3 3 3 4 4 4 4 4 4 4 4 4 4 4 4 4 4 4 4 4 4 4 4 4 4 4 4 4 5 5 5 5 5 5 5 5 5 5 5 7 5 5 5 5 5 5 5 5 5 
Edges
0 13 0
0 18 0
1 27 0
2 27 0
3 27 0
4 14 0
4 23 0
5 20 0
6 34 0
6 35 0
7 11 0
7 12 0
7 13 0
8 9 0
8 11 0
9 8 0
9 13 0
10 17 0
10 20 0
10 42 0
11 7 0
11 8 0
11 14 0
12 7 0
12 15 0
12 16 0
13 0 0
13 7 0
13 9 0
14 4 0
14 11 0
14 36 0
14 37 0
15 12 0
15 21 0
15 38 0
16 12 0
16 22 0
16 39 0
17 10 0
17 19 0
17 24 0
18 0 0
18 20 0
18 40 0
18 41 0
19 17 0
19 26 0
19 27 0
20 5 0
20 10 0
20 18 0
21 15 0
21 25 0
21 43 0
22 16 0
22 25 0
22 44 0
23 4 0
23 30 0
23 31 0
24 17 0
24 28 0
24 45 0
25 21 0
25 22 0
25 46 0
26 19 0
26 29 0
26 47 0
27 1 0
27 2 0
27 3 0
27 19 0
28 24 0
28 29 0
28 48 0
29 26 0
29 28 0
29 49 0
30 23 0
30 32 0
30 50 0
31 23 0
31 33 0
31 51 0
32 30 0
32 34 0
32 52 0
33 31 0
33 34 0
33 53 0
34 6 0
34 32 0
34 33 0
35 6 0
35 54 0
35 55 0
35 56 0
36 14 0
37 14 0
38 15 0
39 16 0
40 18 0
41 18 0
42 10 0
43 21 0
44 22 0
45 24 0
46 25 0
47 26 0
48 28 0
49 29 0
50 30 0
51 31 0
52 32 0
53 33 0
54 35 0
55 35 0
56 35 0
GraphDataEnd
GraphEnd
NodeEnd
NodeStart
EPTNodeID: 20
AnchorID: 14966
TreeNodeGraphID: 62
Level: 2
SimplifiedLevel: 0
EditOperation: 4 6 35 0 0
AccumulatedOpsCount: 2
AccumulatedOp: 4 19 27 0 0
AccumulatedOp: 4 6 35 0 0
ChildrenCount: 3
ChildIndices: 21 24 25
CompletedDBGraphIDsCount: 0
GraphStart
GraphDataStart
ID: 62
NumNodes: 57
NumEdges: 116
NodeLabels
6 1 1 1 2 2 2 3 3 3 3 4 4 4 4 4 4 4 4 4 4 4 4 4 4 4 4 4 4 4 4 4 4 4 4 4 5 5 5 5 5 5 5 5 5 5 5 5 5 5 5 5 5 5 5 5 5 
Edges
0 13 0
0 18 0
1 27 0
2 27 0
3 27 0
4 14 0
4 23 0
5 20 0
6 34 0
7 11 0
7 12 0
7 13 0
8 9 0
8 11 0
9 8 0
9 13 0
10 17 0
10 20 0
10 42 0
11 7 0
11 8 0
11 14 0
12 7 0
12 15 0
12 16 0
13 0 0
13 7 0
13 9 0
14 4 0
14 11 0
14 36 0
14 37 0
15 12 0
15 21 0
15 38 0
16 12 0
16 22 0
16 39 0
17 10 0
17 19 0
17 24 0
18 0 0
18 20 0
18 40 0
18 41 0
19 17 0
19 26 0
20 5 0
20 10 0
20 18 0
21 15 0
21 25 0
21 43 0
22 16 0
22 25 0
22 44 0
23 4 0
23 30 0
23 31 0
24 17 0
24 28 0
24 45 0
25 21 0
25 22 0
25 46 0
26 19 0
26 29 0
26 47 0
27 1 0
27 2 0
27 3 0
28 24 0
28 29 0
28 48 0
29 26 0
29 28 0
29 49 0
30 23 0
30 32 0
30 50 0
31 23 0
31 33 0
31 51 0
32 30 0
32 34 0
32 52 0
33 31 0
33 34 0
33 53 0
34 6 0
34 32 0
34 33 0
35 54 0
35 55 0
35 56 0
36 14 0
37 14 0
38 15 0
39 16 0
40 18 0
41 18 0
42 10 0
43 21 0
44 22 0
45 24 0
46 25 0
47 26 0
48 28 0
49 29 0
50 30 0
51 31 0
52 32 0
53 33 0
54 35 0
55 35 0
56 35 0
GraphDataEnd
GraphEnd
NodeEnd
NodeStart
EPTNodeID: 21
AnchorID: 14966
TreeNodeGraphID: 65
Level: 5
SimplifiedLevel: 0
EditOperation: 5 26 27 0 0
AccumulatedOpsCount: 3
AccumulatedOp: 4 26 47 0 0
AccumulatedOp: 5 19 47 0 0
AccumulatedOp: 5 26 27 0 0
ChildrenCount: 2
ChildIndices: 22 23
CompletedDBGraphIDsCount: 0
GraphStart
GraphDataStart
ID: 65
NumNodes: 57
NumEdges: 118
NodeLabels
6 1 1 1 2 2 2 3 3 3 3 4 4 4 4 4 4 4 4 4 4 4 4 4 4 4 4 4 4 4 4 4 4 4 4 4 5 5 5 5 5 5 5 5 5 5 5 5 5 5 5 5 5 5 5 5 5 
Edges
0 13 0
0 18 0
1 27 0
2 27 0
3 27 0
4 14 0
4 23 0
5 20 0
6 34 0
7 11 0
7 12 0
7 13 0
8 9 0
8 11 0
9 8 0
9 13 0
10 17 0
10 20 0
10 42 0
11 7 0
11 8 0
11 14 0
12 7 0
12 15 0
12 16 0
13 0 0
13 7 0
13 9 0
14 4 0
14 11 0
14 36 0
14 37 0
15 12 0
15 21 0
15 38 0
16 12 0
16 22 0
16 39 0
17 10 0
17 19 0
17 24 0
18 0 0
18 20 0
18 40 0
18 41 0
19 17 0
19 26 0
19 47 0
20 5 0
20 10 0
20 18 0
21 15 0
21 25 0
21 43 0
22 16 0
22 25 0
22 44 0
23 4 0
23 30 0
23 31 0
24 17 0
24 28 0
24 45 0
25 21 0
25 22 0
25 46 0
26 19 0
26 29 0
26 27 0
27 1 0
27 2 0
27 3 0
27 26 0
28 24 0
28 29 0
28 48 0
29 26 0
29 28 0
29 49 0
30 23 0
30 32 0
30 50 0
31 23 0
31 33 0
31 51 0
32 30 0
32 34 0
32 52 0
33 31 0
33 34 0
33 53 0
34 6 0
34 32 0
34 33 0
35 54 0
35 55 0
35 56 0
36 14 0
37 14 0
38 15 0
39 16 0
40 18 0
41 18 0
42 10 0
43 21 0
44 22 0
45 24 0
46 25 0
47 19 0
48 28 0
49 29 0
50 30 0
51 31 0
52 32 0
53 33 0
54 35 0
55 35 0
56 35 0
GraphDataEnd
GraphEnd
NodeEnd
NodeStart
EPTNodeID: 22
AnchorID: 14966
TreeNodeGraphID: 68
Level: 8
SimplifiedLevel: 0
EditOperation: 5 34 35 0 0
AccumulatedOpsCount: 3
AccumulatedOp: 4 6 34 0 0
AccumulatedOp: 1 6 0 2 0
AccumulatedOp: 5 34 35 0 0
ChildrenCount: 0
ChildIndices:
CompletedDBGraphIDsCount: 1
CompletedDBGraphID: 10497
GraphStart
GraphDataStart
ID: 68
NumNodes: 56
NumEdges: 118
NodeLabels
6 1 1 1 2 2 3 3 3 3 4 4 4 4 4 4 4 4 4 4 4 4 4 4 4 4 4 4 4 4 4 4 4 4 4 5 5 5 5 5 5 5 5 5 5 5 5 5 5 5 5 5 5 5 5 5 
Edges
0 12 0
0 17 0
1 26 0
2 26 0
3 26 0
4 13 0
4 22 0
5 19 0
6 10 0
6 11 0
6 12 0
7 8 0
7 10 0
8 7 0
8 12 0
9 16 0
9 19 0
9 41 0
10 6 0
10 7 0
10 13 0
11 6 0
11 14 0
11 15 0
12 0 0
12 6 0
12 8 0
13 4 0
13 10 0
13 35 0
13 36 0
14 11 0
14 20 0
14 37 0
15 11 0
15 21 0
15 38 0
16 9 0
16 18 0
16 23 0
17 0 0
17 19 0
17 39 0
17 40 0
18 16 0
18 25 0
18 46 0
19 5 0
19 9 0
19 17 0
20 14 0
20 24 0
20 42 0
21 15 0
21 24 0
21 43 0
22 4 0
22 29 0
22 30 0
23 16 0
23 27 0
23 44 0
24 20 0
24 21 0
24 45 0
25 18 0
25 28 0
25 26 0
26 1 0
26 2 0
26 3 0
26 25 0
27 23 0
27 28 0
27 47 0
28 25 0
28 27 0
28 48 0
29 22 0
29 31 0
29 49 0
30 22 0
30 32 0
30 50 0
31 29 0
31 33 0
31 51 0
32 30 0
32 33 0
32 52 0
33 31 0
33 32 0
33 34 0
34 53 0
34 54 0
34 55 0
34 33 0
35 13 0
36 13 0
37 14 0
38 15 0
39 17 0
40 17 0
41 9 0
42 20 0
43 21 0
44 23 0
45 24 0
46 18 0
47 27 0
48 28 0
49 29 0
50 30 0
51 31 0
52 32 0
53 34 0
54 34 0
55 34 0
GraphDataEnd
GraphEnd
NodeEnd
NodeStart
EPTNodeID: 23
AnchorID: 14966
TreeNodeGraphID: 75
Level: 12
SimplifiedLevel: 0
EditOperation: 1 3 0 1 0
AccumulatedOpsCount: 7
AccumulatedOp: 0 1 0 1 2
AccumulatedOp: 0 6 0 2 8
AccumulatedOp: 5 27 35 0 0
AccumulatedOp: 4 2 27 0 0
AccumulatedOp: 1 2 0 1 0
AccumulatedOp: 4 3 27 0 0
AccumulatedOp: 1 3 0 1 0
ChildrenCount: 0
ChildIndices:
CompletedDBGraphIDsCount: 1
CompletedDBGraphID: 4833
GraphStart
GraphDataStart
ID: 75
NumNodes: 55
NumEdges: 116
NodeLabels
6 2 2 2 8 3 3 3 3 4 4 4 4 4 4 4 4 4 4 4 4 4 4 4 4 4 4 4 4 4 4 4 4 4 5 5 5 5 5 5 5 5 5 5 5 5 5 5 5 5 5 5 5 5 5 
Edges
0 11 0
0 16 0
1 25 0
2 12 0
2 21 0
3 18 0
4 32 0
5 9 0
5 10 0
5 11 0
6 7 0
6 9 0
7 6 0
7 11 0
8 15 0
8 18 0
8 40 0
9 5 0
9 6 0
9 12 0
10 5 0
10 13 0
10 14 0
11 0 0
11 5 0
11 7 0
12 2 0
12 9 0
12 34 0
12 35 0
13 10 0
13 19 0
13 36 0
14 10 0
14 20 0
14 37 0
15 8 0
15 17 0
15 22 0
16 0 0
16 18 0
16 38 0
16 39 0
17 15 0
17 24 0
17 45 0
18 3 0
18 8 0
18 16 0
19 13 0
19 23 0
19 41 0
20 14 0
20 23 0
20 42 0
21 2 0
21 28 0
21 29 0
22 15 0
22 26 0
22 43 0
23 19 0
23 20 0
23 44 0
24 17 0
24 27 0
24 25 0
25 1 0
25 24 0
25 33 0
26 22 0
26 27 0
26 46 0
27 24 0
27 26 0
27 47 0
28 21 0
28 30 0
28 48 0
29 21 0
29 31 0
29 49 0
30 28 0
30 32 0
30 50 0
31 29 0
31 32 0
31 51 0
32 4 0
32 30 0
32 31 0
33 52 0
33 53 0
33 54 0
33 25 0
34 12 0
35 12 0
36 13 0
37 14 0
38 16 0
39 16 0
40 8 0
41 19 0
42 20 0
43 22 0
44 23 0
45 17 0
46 26 0
47 27 0
48 28 0
49 29 0
50 30 0
51 31 0
52 33 0
53 33 0
54 33 0
GraphDataEnd
GraphEnd
NodeEnd
NodeStart
EPTNodeID: 24
AnchorID: 14966
TreeNodeGraphID: 85
Level: 12
SimplifiedLevel: 0
EditOperation: 5 27 29 0 0
AccumulatedOpsCount: 10
AccumulatedOp: 0 1 0 1 2
AccumulatedOp: 5 19 49 0 0
AccumulatedOp: 0 6 0 2 8
AccumulatedOp: 5 27 35 0 0
AccumulatedOp: 4 2 27 0 0
AccumulatedOp: 1 2 0 1 0
AccumulatedOp: 4 3 27 0 0
AccumulatedOp: 1 3 0 1 0
AccumulatedOp: 4 29 49 0 0
AccumulatedOp: 5 27 29 0 0
ChildrenCount: 0
ChildIndices:
CompletedDBGraphIDsCount: 1
CompletedDBGraphID: 6072
GraphStart
GraphDataStart
ID: 85
NumNodes: 55
NumEdges: 116
NodeLabels
6 2 2 2 8 3 3 3 3 4 4 4 4 4 4 4 4 4 4 4 4 4 4 4 4 4 4 4 4 4 4 4 4 4 5 5 5 5 5 5 5 5 5 5 5 5 5 5 5 5 5 5 5 5 5 
Edges
0 11 0
0 16 0
1 25 0
2 12 0
2 21 0
3 18 0
4 32 0
5 9 0
5 10 0
5 11 0
6 7 0
6 9 0
7 6 0
7 11 0
8 15 0
8 18 0
8 40 0
9 5 0
9 6 0
9 12 0
10 5 0
10 13 0
10 14 0
11 0 0
11 5 0
11 7 0
12 2 0
12 9 0
12 34 0
12 35 0
13 10 0
13 19 0
13 36 0
14 10 0
14 20 0
14 37 0
15 8 0
15 17 0
15 22 0
16 0 0
16 18 0
16 38 0
16 39 0
17 15 0
17 24 0
17 47 0
18 3 0
18 8 0
18 16 0
19 13 0
19 23 0
19 41 0
20 14 0
20 23 0
20 42 0
21 2 0
21 28 0
21 29 0
22 15 0
22 26 0
22 43 0
23 19 0
23 20 0
23 44 0
24 17 0
24 27 0
24 45 0
25 1 0
25 33 0
25 27 0
26 22 0
26 27 0
26 46 0
27 24 0
27 26 0
27 25 0
28 21 0
28 30 0
28 48 0
29 21 0
29 31 0
29 49 0
30 28 0
30 32 0
30 50 0
31 29 0
31 32 0
31 51 0
32 4 0
32 30 0
32 31 0
33 52 0
33 53 0
33 54 0
33 25 0
34 12 0
35 12 0
36 13 0
37 14 0
38 16 0
39 16 0
40 8 0
41 19 0
42 20 0
43 22 0
44 23 0
45 24 0
46 26 0
47 17 0
48 28 0
49 29 0
50 30 0
51 31 0
52 33 0
53 33 0
54 33 0
GraphDataEnd
GraphEnd
NodeEnd
NodeStart
EPTNodeID: 25
AnchorID: 14966
TreeNodeGraphID: 96
Level: 13
SimplifiedLevel: 0
EditOperation: 5 35 48 0 0
AccumulatedOpsCount: 11
AccumulatedOp: 0 4 0 2 3
AccumulatedOp: 2 58 0 0 5
AccumulatedOp: 4 33 53 0 0
AccumulatedOp: 0 6 0 2 5
AccumulatedOp: 0 48 0 5 4
AccumulatedOp: 5 4 53 0 0
AccumulatedOp: 2 57 0 0 2
AccumulatedOp: 5 48 57 0 0
AccumulatedOp: 5 19 58 0 0
AccumulatedOp: 5 27 33 0 0
AccumulatedOp: 5 35 48 0 0
ChildrenCount: 0
ChildIndices:
CompletedDBGraphIDsCount: 1
CompletedDBGraphID: 19028
GraphStart
GraphDataStart
ID: 96
NumNodes: 59
NumEdges: 124
NodeLabels
6 1 1 1 3 2 5 3 3 3 3 4 4 4 4 4 4 4 4 4 4 4 4 4 4 4 4 4 4 4 4 4 4 4 4 4 5 5 5 5 5 5 5 5 5 5 5 5 4 5 5 5 5 5 5 5 5 2 5 
Edges
0 13 0
0 18 0
1 27 0
2 27 0
3 27 0
4 14 0
4 23 0
4 53 0
5 20 0
6 34 0
7 11 0
7 12 0
7 13 0
8 9 0
8 11 0
9 8 0
9 13 0
10 17 0
10 20 0
10 42 0
11 7 0
11 8 0
11 14 0
12 7 0
12 15 0
12 16 0
13 0 0
13 7 0
13 9 0
14 4 0
14 11 0
14 36 0
14 37 0
15 12 0
15 21 0
15 38 0
16 12 0
16 22 0
16 39 0
17 10 0
17 19 0
17 24 0
18 0 0
18 20 0
18 40 0
18 41 0
19 17 0
19 26 0
19 58 0
20 5 0
20 10 0
20 18 0
21 15 0
21 25 0
21 43 0
22 16 0
22 25 0
22 44 0
23 4 0
23 30 0
23 31 0
24 17 0
24 28 0
24 45 0
25 21 0
25 22 0
25 46 0
26 19 0
26 29 0
26 47 0
27 1 0
27 2 0
27 3 0
27 33 0
28 24 0
28 29 0
28 48 0
29 26 0
29 28 0
29 49 0
30 23 0
30 32 0
30 50 0
31 23 0
31 33 0
31 51 0
32 30 0
32 34 0
32 52 0
33 31 0
33 34 0
33 27 0
34 6 0
34 32 0
34 33 0
35 54 0
35 55 0
35 56 0
35 48 0
36 14 0
37 14 0
38 15 0
39 16 0
40 18 0
41 18 0
42 10 0
43 21 0
44 22 0
45 24 0
46 25 0
47 26 0
48 28 0
48 57 0
48 35 0
49 29 0
50 30 0
51 31 0
52 32 0
53 4 0
54 35 0
55 35 0
56 35 0
57 48 0
58 19 0
GraphDataEnd
GraphEnd
NodeEnd
NodeStart
EPTNodeID: 26
AnchorID: 14966
TreeNodeGraphID: 106
Level: 10
SimplifiedLevel: 0
EditOperation: 1 2 0 1 0
AccumulatedOpsCount: 10
AccumulatedOp: 4 6 35 0 0
AccumulatedOp: 4 3 27 0 0
AccumulatedOp: 1 3 0 1 0
AccumulatedOp: 4 1 27 0 0
AccumulatedOp: 1 1 0 1 0
AccumulatedOp: 0 6 0 2 8
AccumulatedOp: 0 27 0 4 2
AccumulatedOp: 5 27 35 0 0
AccumulatedOp: 4 2 27 0 0
AccumulatedOp: 1 2 0 1 0
ChildrenCount: 0
ChildIndices:
CompletedDBGraphIDsCount: 1
CompletedDBGraphID: 11712
GraphStart
GraphDataStart
ID: 106
NumNodes: 54
NumEdges: 114
NodeLabels
6 2 2 8 3 3 3 3 4 4 4 4 4 4 4 4 4 4 4 4 4 4 4 4 2 4 4 4 4 4 4 4 4 5 5 5 5 5 5 5 5 5 5 5 5 5 5 5 5 5 5 5 5 5 
Edges
0 10 0
0 15 0
1 11 0
1 20 0
2 17 0
3 31 0
4 8 0
4 9 0
4 10 0
5 6 0
5 8 0
6 5 0
6 10 0
7 14 0
7 17 0
7 39 0
8 4 0
8 5 0
8 11 0
9 4 0
9 12 0
9 13 0
10 0 0
10 4 0
10 6 0
11 1 0
11 8 0
11 33 0
11 34 0
12 9 0
12 18 0
12 35 0
13 9 0
13 19 0
13 36 0
14 7 0
14 16 0
14 21 0
15 0 0
15 17 0
15 37 0
15 38 0
16 14 0
16 23 0
16 24 0
17 2 0
17 7 0
17 15 0
18 12 0
18 22 0
18 40 0
19 13 0
19 22 0
19 41 0
20 1 0
20 27 0
20 28 0
21 14 0
21 25 0
21 42 0
22 18 0
22 19 0
22 43 0
23 16 0
23 26 0
23 44 0
24 16 0
24 32 0
25 21 0
25 26 0
25 45 0
26 23 0
26 25 0
26 46 0
27 20 0
27 29 0
27 47 0
28 20 0
28 30 0
28 48 0
29 27 0
29 31 0
29 49 0
30 28 0
30 31 0
30 50 0
31 3 0
31 29 0
31 30 0
32 51 0
32 52 0
32 53 0
32 24 0
33 11 0
34 11 0
35 12 0
36 13 0
37 15 0
38 15 0
39 7 0
40 18 0
41 19 0
42 21 0
43 22 0
44 23 0
45 25 0
46 26 0
47 27 0
48 28 0
49 29 0
50 30 0
51 32 0
52 32 0
53 32 0
GraphDataEnd
GraphEnd
NodeEnd
NodeStart
EPTNodeID: 27
AnchorID: 14966
TreeNodeGraphID: 113
Level: 7
SimplifiedLevel: 0
EditOperation: 1 1 0 1 0
AccumulatedOpsCount: 7
AccumulatedOp: 4 2 27 0 0
AccumulatedOp: 4 3 27 0 0
AccumulatedOp: 1 2 0 1 0
AccumulatedOp: 0 27 0 4 5
AccumulatedOp: 1 3 0 1 0
AccumulatedOp: 4 1 27 0 0
AccumulatedOp: 1 1 0 1 0
ChildrenCount: 2
ChildIndices: 28 29
CompletedDBGraphIDsCount: 0
GraphStart
GraphDataStart
ID: 113
NumNodes: 54
NumEdges: 114
NodeLabels
6 2 2 2 3 3 3 3 4 4 4 4 4 4 4 4 4 4 4 4 4 4 4 4 5 4 4 4 4 4 4 4 4 5 5 5 5 5 5 5 5 5 5 5 5 5 5 5 5 5 5 5 5 5 
Edges
0 10 0
0 15 0
1 11 0
1 20 0
2 17 0
3 31 0
3 32 0
4 8 0
4 9 0
4 10 0
5 6 0
5 8 0
6 5 0
6 10 0
7 14 0
7 17 0
7 39 0
8 4 0
8 5 0
8 11 0
9 4 0
9 12 0
9 13 0
10 0 0
10 4 0
10 6 0
11 1 0
11 8 0
11 33 0
11 34 0
12 9 0
12 18 0
12 35 0
13 9 0
13 19 0
13 36 0
14 7 0
14 16 0
14 21 0
15 0 0
15 17 0
15 37 0
15 38 0
16 14 0
16 23 0
16 24 0
17 2 0
17 7 0
17 15 0
18 12 0
18 22 0
18 40 0
19 13 0
19 22 0
19 41 0
20 1 0
20 27 0
20 28 0
21 14 0
21 25 0
21 42 0
22 18 0
22 19 0
22 43 0
23 16 0
23 26 0
23 44 0
24 16 0
25 21 0
25 26 0
25 45 0
26 23 0
26 25 0
26 46 0
27 20 0
27 29 0
27 47 0
28 20 0
28 30 0
28 48 0
29 27 0
29 31 0
29 49 0
30 28 0
30 31 0
30 50 0
31 3 0
31 29 0
31 30 0
32 3 0
32 51 0
32 52 0
32 53 0
33 11 0
34 11 0
35 12 0
36 13 0
37 15 0
38 15 0
39 7 0
40 18 0
41 19 0
42 21 0
43 22 0
44 23 0
45 25 0
46 26 0
47 27 0
48 28 0
49 29 0
50 30 0
51 32 0
52 32 0
53 32 0
GraphDataEnd
GraphEnd
NodeEnd
NodeStart
EPTNodeID: 28
AnchorID: 14966
TreeNodeGraphID: 114
Level: 8
SimplifiedLevel: 0
EditOperation: 0 47 0 5 7
AccumulatedOpsCount: 1
AccumulatedOp: 0 47 0 5 7
ChildrenCount: 0
ChildIndices:
CompletedDBGraphIDsCount: 1
CompletedDBGraphID: 14879
GraphStart
GraphDataStart
ID: 114
NumNodes: 54
NumEdges: 114
NodeLabels
6 2 2 2 3 3 3 3 4 4 4 4 4 4 4 4 4 4 4 4 4 4 4 4 5 4 4 4 4 4 4 4 4 5 5 5 5 5 5 5 5 5 5 5 7 5 5 5 5 5 5 5 5 5 
Edges
0 10 0
0 15 0
1 11 0
1 20 0
2 17 0
3 31 0
3 32 0
4 8 0
4 9 0
4 10 0
5 6 0
5 8 0
6 5 0
6 10 0
7 14 0
7 17 0
7 39 0
8 4 0
8 5 0
8 11 0
9 4 0
9 12 0
9 13 0
10 0 0
10 4 0
10 6 0
11 1 0
11 8 0
11 33 0
11 34 0
12 9 0
12 18 0
12 35 0
13 9 0
13 19 0
13 36 0
14 7 0
14 16 0
14 21 0
15 0 0
15 17 0
15 37 0
15 38 0
16 14 0
16 23 0
16 24 0
17 2 0
17 7 0
17 15 0
18 12 0
18 22 0
18 40 0
19 13 0
19 22 0
19 41 0
20 1 0
20 27 0
20 28 0
21 14 0
21 25 0
21 42 0
22 18 0
22 19 0
22 43 0
23 16 0
23 26 0
23 44 0
24 16 0
25 21 0
25 26 0
25 45 0
26 23 0
26 25 0
26 46 0
27 20 0
27 29 0
27 47 0
28 20 0
28 30 0
28 48 0
29 27 0
29 31 0
29 49 0
30 28 0
30 31 0
30 50 0
31 3 0
31 29 0
31 30 0
32 3 0
32 51 0
32 52 0
32 53 0
33 11 0
34 11 0
35 12 0
36 13 0
37 15 0
38 15 0
39 7 0
40 18 0
41 19 0
42 21 0
43 22 0
44 23 0
45 25 0
46 26 0
47 27 0
48 28 0
49 29 0
50 30 0
51 32 0
52 32 0
53 32 0
GraphDataEnd
GraphEnd
NodeEnd
NodeStart
EPTNodeID: 29
AnchorID: 14966
TreeNodeGraphID: 115
Level: 8
SimplifiedLevel: 0
EditOperation: 0 49 0 5 8
AccumulatedOpsCount: 1
AccumulatedOp: 0 49 0 5 8
ChildrenCount: 0
ChildIndices:
CompletedDBGraphIDsCount: 1
CompletedDBGraphID: 11758
GraphStart
GraphDataStart
ID: 115
NumNodes: 54
NumEdges: 114
NodeLabels
6 2 2 2 3 3 3 3 4 4 4 4 4 4 4 4 4 4 4 4 4 4 4 4 5 4 4 4 4 4 4 4 4 5 5 5 5 5 5 5 5 5 5 5 5 5 8 5 5 5 5 5 5 5 
Edges
0 10 0
0 15 0
1 11 0
1 20 0
2 17 0
3 31 0
3 32 0
4 8 0
4 9 0
4 10 0
5 6 0
5 8 0
6 5 0
6 10 0
7 14 0
7 17 0
7 39 0
8 4 0
8 5 0
8 11 0
9 4 0
9 12 0
9 13 0
10 0 0
10 4 0
10 6 0
11 1 0
11 8 0
11 33 0
11 34 0
12 9 0
12 18 0
12 35 0
13 9 0
13 19 0
13 36 0
14 7 0
14 16 0
14 21 0
15 0 0
15 17 0
15 37 0
15 38 0
16 14 0
16 23 0
16 24 0
17 2 0
17 7 0
17 15 0
18 12 0
18 22 0
18 40 0
19 13 0
19 22 0
19 41 0
20 1 0
20 27 0
20 28 0
21 14 0
21 25 0
21 42 0
22 18 0
22 19 0
22 43 0
23 16 0
23 26 0
23 44 0
24 16 0
25 21 0
25 26 0
25 45 0
26 23 0
26 25 0
26 46 0
27 20 0
27 29 0
27 47 0
28 20 0
28 30 0
28 48 0
29 27 0
29 31 0
29 49 0
30 28 0
30 31 0
30 50 0
31 3 0
31 29 0
31 30 0
32 3 0
32 51 0
32 52 0
32 53 0
33 11 0
34 11 0
35 12 0
36 13 0
37 15 0
38 15 0
39 7 0
40 18 0
41 19 0
42 21 0
43 22 0
44 23 0
45 25 0
46 26 0
47 27 0
48 28 0
49 29 0
50 30 0
51 32 0
52 32 0
53 32 0
GraphDataEnd
GraphEnd
NodeEnd
NodeStart
EPTNodeID: 30
AnchorID: 14966
TreeNodeGraphID: 127
Level: 12
SimplifiedLevel: 0
EditOperation: 5 10 23 0 0
AccumulatedOpsCount: 12
AccumulatedOp: 2 58 0 0 5
AccumulatedOp: 0 6 0 2 4
AccumulatedOp: 5 14 49 0 0
AccumulatedOp: 0 49 0 5 3
AccumulatedOp: 2 57 0 0 5
AccumulatedOp: 5 17 58 0 0
AccumulatedOp: 4 4 14 0 0
AccumulatedOp: 4 4 23 0 0
AccumulatedOp: 4 10 17 0 0
AccumulatedOp: 5 4 6 0 0
AccumulatedOp: 5 49 57 0 0
AccumulatedOp: 5 10 23 0 0
ChildrenCount: 0
ChildIndices:
CompletedDBGraphIDsCount: 1
CompletedDBGraphID: 20578
GraphStart
GraphDataStart
ID: 127
NumNodes: 59
NumEdges: 124
NodeLabels
6 1 1 1 2 2 4 3 3 3 3 4 4 4 4 4 4 4 4 4 4 4 4 4 4 4 4 4 4 4 4 4 4 4 4 4 5 5 5 5 5 5 5 5 5 5 5 5 5 3 5 5 5 5 5 5 5 5 5 
Edges
0 13 0
0 18 0
1 27 0
2 27 0
3 27 0
4 6 0
5 20 0
6 34 0
6 35 0
6 4 0
7 11 0
7 12 0
7 13 0
8 9 0
8 11 0
9 8 0
9 13 0
10 20 0
10 42 0
10 23 0
11 7 0
11 8 0
11 14 0
12 7 0
12 15 0
12 16 0
13 0 0
13 7 0
13 9 0
14 11 0
14 36 0
14 37 0
14 49 0
15 12 0
15 21 0
15 38 0
16 12 0
16 22 0
16 39 0
17 19 0
17 24 0
17 58 0
18 0 0
18 20 0
18 40 0
18 41 0
19 17 0
19 26 0
19 27 0
20 5 0
20 10 0
20 18 0
21 15 0
21 25 0
21 43 0
22 16 0
22 25 0
22 44 0
23 30 0
23 31 0
23 10 0
24 17 0
24 28 0
24 45 0
25 21 0
25 22 0
25 46 0
26 19 0
26 29 0
26 47 0
27 1 0
27 2 0
27 3 0
27 19 0
28 24 0
28 29 0
28 48 0
29 26 0
29 28 0
29 49 0
30 23 0
30 32 0
30 50 0
31 23 0
31 33 0
31 51 0
32 30 0
32 34 0
32 52 0
33 31 0
33 34 0
33 53 0
34 6 0
34 32 0
34 33 0
35 6 0
35 54 0
35 55 0
35 56 0
36 14 0
37 14 0
38 15 0
39 16 0
40 18 0
41 18 0
42 10 0
43 21 0
44 22 0
45 24 0
46 25 0
47 26 0
48 28 0
49 29 0
49 14 0
49 57 0
50 30 0
51 31 0
52 32 0
53 33 0
54 35 0
55 35 0
56 35 0
57 49 0
58 17 0
GraphDataEnd
GraphEnd
NodeEnd
END_EPT
