BEGIN_EPT
AnchorID: 11628  # ID of the anchor node
RootIndex: 0  # Index of the root node in tree_nodes
NodeCount: 24  # Total number of nodes in the EPT
NodeStart
EPTNodeID: 0
AnchorID: 11628
TreeNodeGraphID: 0
Level: 0
SimplifiedLevel: 0
EditOperation: -1 0 -1 0 0
AccumulatedOpsCount: 0
ChildrenCount: 4
ChildIndices: 1 17 22 23
CompletedDBGraphIDsCount: 0
GraphStart
GraphDataStart
ID: 0
NumNodes: 54
NumEdges: 116
NodeLabels
1 1 2 2 2 2 2 3 3 4 4 4 4 4 4 4 4 4 4 4 4 4 4 4 4 4 4 4 4 4 4 4 4 4 5 5 5 5 5 5 5 5 5 5 5 5 5 5 5 5 5 5 5 5 
Edges
0 32 0
1 32 0
2 7 0
2 11 0
3 12 0
4 13 0
5 25 0
5 32 0
6 31 0
6 33 0
7 2 0
7 10 0
7 15 0
8 12 0
8 13 0
8 16 0
9 10 0
9 11 0
9 12 0
9 34 0
10 7 0
10 9 0
10 14 0
10 35 0
11 2 0
11 9 0
11 13 0
11 36 0
12 3 0
12 8 0
12 9 0
13 4 0
13 8 0
13 11 0
14 10 0
14 17 0
14 18 0
15 7 0
15 19 0
15 20 0
16 8 0
16 23 0
16 24 0
17 14 0
17 21 0
17 37 0
18 14 0
18 22 0
18 38 0
19 15 0
19 26 0
19 39 0
20 15 0
20 27 0
20 40 0
21 17 0
21 25 0
21 41 0
22 18 0
22 25 0
22 42 0
23 16 0
23 28 0
23 43 0
24 16 0
24 29 0
24 44 0
25 5 0
25 21 0
25 22 0
26 19 0
26 30 0
26 45 0
27 20 0
27 30 0
27 46 0
28 23 0
28 31 0
28 47 0
29 24 0
29 31 0
29 48 0
30 26 0
30 27 0
30 49 0
31 6 0
31 28 0
31 29 0
32 0 0
32 1 0
32 5 0
32 50 0
33 6 0
33 51 0
33 52 0
33 53 0
34 9 0
35 10 0
36 11 0
37 17 0
38 18 0
39 19 0
40 20 0
41 21 0
42 22 0
43 23 0
44 24 0
45 26 0
46 27 0
47 28 0
48 29 0
49 30 0
50 32 0
51 33 0
52 33 0
53 33 0
GraphDataEnd
GraphEnd
NodeEnd
NodeStart
EPTNodeID: 1
AnchorID: 11628
TreeNodeGraphID: 1
Level: 1
SimplifiedLevel: 0
EditOperation: 0 0 0 1 5
AccumulatedOpsCount: 1
AccumulatedOp: 0 0 0 1 5
ChildrenCount: 2
ChildIndices: 2 16
CompletedDBGraphIDsCount: 0
GraphStart
GraphDataStart
ID: 1
NumNodes: 54
NumEdges: 116
NodeLabels
5 1 2 2 2 2 2 3 3 4 4 4 4 4 4 4 4 4 4 4 4 4 4 4 4 4 4 4 4 4 4 4 4 4 5 5 5 5 5 5 5 5 5 5 5 5 5 5 5 5 5 5 5 5 
Edges
0 32 0
1 32 0
2 7 0
2 11 0
3 12 0
4 13 0
5 25 0
5 32 0
6 31 0
6 33 0
7 2 0
7 10 0
7 15 0
8 12 0
8 13 0
8 16 0
9 10 0
9 11 0
9 12 0
9 34 0
10 7 0
10 9 0
10 14 0
10 35 0
11 2 0
11 9 0
11 13 0
11 36 0
12 3 0
12 8 0
12 9 0
13 4 0
13 8 0
13 11 0
14 10 0
14 17 0
14 18 0
15 7 0
15 19 0
15 20 0
16 8 0
16 23 0
16 24 0
17 14 0
17 21 0
17 37 0
18 14 0
18 22 0
18 38 0
19 15 0
19 26 0
19 39 0
20 15 0
20 27 0
20 40 0
21 17 0
21 25 0
21 41 0
22 18 0
22 25 0
22 42 0
23 16 0
23 28 0
23 43 0
24 16 0
24 29 0
24 44 0
25 5 0
25 21 0
25 22 0
26 19 0
26 30 0
26 45 0
27 20 0
27 30 0
27 46 0
28 23 0
28 31 0
28 47 0
29 24 0
29 31 0
29 48 0
30 26 0
30 27 0
30 49 0
31 6 0
31 28 0
31 29 0
32 0 0
32 1 0
32 5 0
32 50 0
33 6 0
33 51 0
33 52 0
33 53 0
34 9 0
35 10 0
36 11 0
37 17 0
38 18 0
39 19 0
40 20 0
41 21 0
42 22 0
43 23 0
44 24 0
45 26 0
46 27 0
47 28 0
48 29 0
49 30 0
50 32 0
51 33 0
52 33 0
53 33 0
GraphDataEnd
GraphEnd
NodeEnd
NodeStart
EPTNodeID: 2
AnchorID: 11628
TreeNodeGraphID: 2
Level: 2
SimplifiedLevel: 0
EditOperation: 0 1 0 1 5
AccumulatedOpsCount: 1
AccumulatedOp: 0 1 0 1 5
ChildrenCount: 3
ChildIndices: 3 14 15
CompletedDBGraphIDsCount: 0
GraphStart
GraphDataStart
ID: 2
NumNodes: 54
NumEdges: 116
NodeLabels
5 5 2 2 2 2 2 3 3 4 4 4 4 4 4 4 4 4 4 4 4 4 4 4 4 4 4 4 4 4 4 4 4 4 5 5 5 5 5 5 5 5 5 5 5 5 5 5 5 5 5 5 5 5 
Edges
0 32 0
1 32 0
2 7 0
2 11 0
3 12 0
4 13 0
5 25 0
5 32 0
6 31 0
6 33 0
7 2 0
7 10 0
7 15 0
8 12 0
8 13 0
8 16 0
9 10 0
9 11 0
9 12 0
9 34 0
10 7 0
10 9 0
10 14 0
10 35 0
11 2 0
11 9 0
11 13 0
11 36 0
12 3 0
12 8 0
12 9 0
13 4 0
13 8 0
13 11 0
14 10 0
14 17 0
14 18 0
15 7 0
15 19 0
15 20 0
16 8 0
16 23 0
16 24 0
17 14 0
17 21 0
17 37 0
18 14 0
18 22 0
18 38 0
19 15 0
19 26 0
19 39 0
20 15 0
20 27 0
20 40 0
21 17 0
21 25 0
21 41 0
22 18 0
22 25 0
22 42 0
23 16 0
23 28 0
23 43 0
24 16 0
24 29 0
24 44 0
25 5 0
25 21 0
25 22 0
26 19 0
26 30 0
26 45 0
27 20 0
27 30 0
27 46 0
28 23 0
28 31 0
28 47 0
29 24 0
29 31 0
29 48 0
30 26 0
30 27 0
30 49 0
31 6 0
31 28 0
31 29 0
32 0 0
32 1 0
32 5 0
32 50 0
33 6 0
33 51 0
33 52 0
33 53 0
34 9 0
35 10 0
36 11 0
37 17 0
38 18 0
39 19 0
40 20 0
41 21 0
42 22 0
43 23 0
44 24 0
45 26 0
46 27 0
47 28 0
48 29 0
49 30 0
50 32 0
51 33 0
52 33 0
53 33 0
GraphDataEnd
GraphEnd
NodeEnd
NodeStart
EPTNodeID: 3
AnchorID: 11628
TreeNodeGraphID: 3
Level: 3
SimplifiedLevel: 0
EditOperation: 4 6 33 0 0
AccumulatedOpsCount: 1
AccumulatedOp: 4 6 33 0 0
ChildrenCount: 2
ChildIndices: 4 13
CompletedDBGraphIDsCount: 0
GraphStart
GraphDataStart
ID: 3
NumNodes: 54
NumEdges: 114
NodeLabels
5 5 2 2 2 2 2 3 3 4 4 4 4 4 4 4 4 4 4 4 4 4 4 4 4 4 4 4 4 4 4 4 4 4 5 5 5 5 5 5 5 5 5 5 5 5 5 5 5 5 5 5 5 5 
Edges
0 32 0
1 32 0
2 7 0
2 11 0
3 12 0
4 13 0
5 25 0
5 32 0
6 31 0
7 2 0
7 10 0
7 15 0
8 12 0
8 13 0
8 16 0
9 10 0
9 11 0
9 12 0
9 34 0
10 7 0
10 9 0
10 14 0
10 35 0
11 2 0
11 9 0
11 13 0
11 36 0
12 3 0
12 8 0
12 9 0
13 4 0
13 8 0
13 11 0
14 10 0
14 17 0
14 18 0
15 7 0
15 19 0
15 20 0
16 8 0
16 23 0
16 24 0
17 14 0
17 21 0
17 37 0
18 14 0
18 22 0
18 38 0
19 15 0
19 26 0
19 39 0
20 15 0
20 27 0
20 40 0
21 17 0
21 25 0
21 41 0
22 18 0
22 25 0
22 42 0
23 16 0
23 28 0
23 43 0
24 16 0
24 29 0
24 44 0
25 5 0
25 21 0
25 22 0
26 19 0
26 30 0
26 45 0
27 20 0
27 30 0
27 46 0
28 23 0
28 31 0
28 47 0
29 24 0
29 31 0
29 48 0
30 26 0
30 27 0
30 49 0
31 6 0
31 28 0
31 29 0
32 0 0
32 1 0
32 5 0
32 50 0
33 51 0
33 52 0
33 53 0
34 9 0
35 10 0
36 11 0
37 17 0
38 18 0
39 19 0
40 20 0
41 21 0
42 22 0
43 23 0
44 24 0
45 26 0
46 27 0
47 28 0
48 29 0
49 30 0
50 32 0
51 33 0
52 33 0
53 33 0
GraphDataEnd
GraphEnd
NodeEnd
NodeStart
EPTNodeID: 4
AnchorID: 11628
TreeNodeGraphID: 4
Level: 4
SimplifiedLevel: 0
EditOperation: 0 6 0 2 5
AccumulatedOpsCount: 1
AccumulatedOp: 0 6 0 2 5
ChildrenCount: 4
ChildIndices: 5 8 11 12
CompletedDBGraphIDsCount: 0
GraphStart
GraphDataStart
ID: 4
NumNodes: 54
NumEdges: 114
NodeLabels
5 5 2 2 2 2 5 3 3 4 4 4 4 4 4 4 4 4 4 4 4 4 4 4 4 4 4 4 4 4 4 4 4 4 5 5 5 5 5 5 5 5 5 5 5 5 5 5 5 5 5 5 5 5 
Edges
0 32 0
1 32 0
2 7 0
2 11 0
3 12 0
4 13 0
5 25 0
5 32 0
6 31 0
7 2 0
7 10 0
7 15 0
8 12 0
8 13 0
8 16 0
9 10 0
9 11 0
9 12 0
9 34 0
10 7 0
10 9 0
10 14 0
10 35 0
11 2 0
11 9 0
11 13 0
11 36 0
12 3 0
12 8 0
12 9 0
13 4 0
13 8 0
13 11 0
14 10 0
14 17 0
14 18 0
15 7 0
15 19 0
15 20 0
16 8 0
16 23 0
16 24 0
17 14 0
17 21 0
17 37 0
18 14 0
18 22 0
18 38 0
19 15 0
19 26 0
19 39 0
20 15 0
20 27 0
20 40 0
21 17 0
21 25 0
21 41 0
22 18 0
22 25 0
22 42 0
23 16 0
23 28 0
23 43 0
24 16 0
24 29 0
24 44 0
25 5 0
25 21 0
25 22 0
26 19 0
26 30 0
26 45 0
27 20 0
27 30 0
27 46 0
28 23 0
28 31 0
28 47 0
29 24 0
29 31 0
29 48 0
30 26 0
30 27 0
30 49 0
31 6 0
31 28 0
31 29 0
32 0 0
32 1 0
32 5 0
32 50 0
33 51 0
33 52 0
33 53 0
34 9 0
35 10 0
36 11 0
37 17 0
38 18 0
39 19 0
40 20 0
41 21 0
42 22 0
43 23 0
44 24 0
45 26 0
46 27 0
47 28 0
48 29 0
49 30 0
50 32 0
51 33 0
52 33 0
53 33 0
GraphDataEnd
GraphEnd
NodeEnd
NodeStart
EPTNodeID: 5
AnchorID: 11628
TreeNodeGraphID: 6
Level: 6
SimplifiedLevel: 0
EditOperation: 0 5 0 2 3
AccumulatedOpsCount: 2
AccumulatedOp: 5 5 33 0 0
AccumulatedOp: 0 5 0 2 3
ChildrenCount: 2
ChildIndices: 6 7
CompletedDBGraphIDsCount: 0
GraphStart
GraphDataStart
ID: 6
NumNodes: 54
NumEdges: 116
NodeLabels
5 5 2 2 2 3 5 3 3 4 4 4 4 4 4 4 4 4 4 4 4 4 4 4 4 4 4 4 4 4 4 4 4 4 5 5 5 5 5 5 5 5 5 5 5 5 5 5 5 5 5 5 5 5 
Edges
0 32 0
1 32 0
2 7 0
2 11 0
3 12 0
4 13 0
5 25 0
5 32 0
5 33 0
6 31 0
7 2 0
7 10 0
7 15 0
8 12 0
8 13 0
8 16 0
9 10 0
9 11 0
9 12 0
9 34 0
10 7 0
10 9 0
10 14 0
10 35 0
11 2 0
11 9 0
11 13 0
11 36 0
12 3 0
12 8 0
12 9 0
13 4 0
13 8 0
13 11 0
14 10 0
14 17 0
14 18 0
15 7 0
15 19 0
15 20 0
16 8 0
16 23 0
16 24 0
17 14 0
17 21 0
17 37 0
18 14 0
18 22 0
18 38 0
19 15 0
19 26 0
19 39 0
20 15 0
20 27 0
20 40 0
21 17 0
21 25 0
21 41 0
22 18 0
22 25 0
22 42 0
23 16 0
23 28 0
23 43 0
24 16 0
24 29 0
24 44 0
25 5 0
25 21 0
25 22 0
26 19 0
26 30 0
26 45 0
27 20 0
27 30 0
27 46 0
28 23 0
28 31 0
28 47 0
29 24 0
29 31 0
29 48 0
30 26 0
30 27 0
30 49 0
31 6 0
31 28 0
31 29 0
32 0 0
32 1 0
32 5 0
32 50 0
33 51 0
33 52 0
33 53 0
33 5 0
34 9 0
35 10 0
36 11 0
37 17 0
38 18 0
39 19 0
40 20 0
41 21 0
42 22 0
43 23 0
44 24 0
45 26 0
46 27 0
47 28 0
48 29 0
49 30 0
50 32 0
51 33 0
52 33 0
53 33 0
GraphDataEnd
GraphEnd
NodeEnd
NodeStart
EPTNodeID: 6
AnchorID: 11628
TreeNodeGraphID: 7
Level: 7
SimplifiedLevel: 0
EditOperation: 0 43 0 5 7
AccumulatedOpsCount: 1
AccumulatedOp: 0 43 0 5 7
ChildrenCount: 0
ChildIndices:
CompletedDBGraphIDsCount: 1
CompletedDBGraphID: 16147
GraphStart
GraphDataStart
ID: 7
NumNodes: 54
NumEdges: 116
NodeLabels
5 5 2 2 2 3 5 3 3 4 4 4 4 4 4 4 4 4 4 4 4 4 4 4 4 4 4 4 4 4 4 4 4 4 5 5 5 5 5 5 5 5 5 7 5 5 5 5 5 5 5 5 5 5 
Edges
0 32 0
1 32 0
2 7 0
2 11 0
3 12 0
4 13 0
5 25 0
5 32 0
5 33 0
6 31 0
7 2 0
7 10 0
7 15 0
8 12 0
8 13 0
8 16 0
9 10 0
9 11 0
9 12 0
9 34 0
10 7 0
10 9 0
10 14 0
10 35 0
11 2 0
11 9 0
11 13 0
11 36 0
12 3 0
12 8 0
12 9 0
13 4 0
13 8 0
13 11 0
14 10 0
14 17 0
14 18 0
15 7 0
15 19 0
15 20 0
16 8 0
16 23 0
16 24 0
17 14 0
17 21 0
17 37 0
18 14 0
18 22 0
18 38 0
19 15 0
19 26 0
19 39 0
20 15 0
20 27 0
20 40 0
21 17 0
21 25 0
21 41 0
22 18 0
22 25 0
22 42 0
23 16 0
23 28 0
23 43 0
24 16 0
24 29 0
24 44 0
25 5 0
25 21 0
25 22 0
26 19 0
26 30 0
26 45 0
27 20 0
27 30 0
27 46 0
28 23 0
28 31 0
28 47 0
29 24 0
29 31 0
29 48 0
30 26 0
30 27 0
30 49 0
31 6 0
31 28 0
31 29 0
32 0 0
32 1 0
32 5 0
32 50 0
33 51 0
33 52 0
33 53 0
33 5 0
34 9 0
35 10 0
36 11 0
37 17 0
38 18 0
39 19 0
40 20 0
41 21 0
42 22 0
43 23 0
44 24 0
45 26 0
46 27 0
47 28 0
48 29 0
49 30 0
50 32 0
51 33 0
52 33 0
53 33 0
GraphDataEnd
GraphEnd
NodeEnd
NodeStart
EPTNodeID: 7
AnchorID: 11628
TreeNodeGraphID: 8
Level: 7
SimplifiedLevel: 0
EditOperation: 0 49 0 5 7
AccumulatedOpsCount: 1
AccumulatedOp: 0 49 0 5 7
ChildrenCount: 0
ChildIndices:
CompletedDBGraphIDsCount: 1
CompletedDBGraphID: 22240
GraphStart
GraphDataStart
ID: 8
NumNodes: 54
NumEdges: 116
NodeLabels
5 5 2 2 2 3 5 3 3 4 4 4 4 4 4 4 4 4 4 4 4 4 4 4 4 4 4 4 4 4 4 4 4 4 5 5 5 5 5 5 5 5 5 5 5 5 5 5 5 7 5 5 5 5 
Edges
0 32 0
1 32 0
2 7 0
2 11 0
3 12 0
4 13 0
5 25 0
5 32 0
5 33 0
6 31 0
7 2 0
7 10 0
7 15 0
8 12 0
8 13 0
8 16 0
9 10 0
9 11 0
9 12 0
9 34 0
10 7 0
10 9 0
10 14 0
10 35 0
11 2 0
11 9 0
11 13 0
11 36 0
12 3 0
12 8 0
12 9 0
13 4 0
13 8 0
13 11 0
14 10 0
14 17 0
14 18 0
15 7 0
15 19 0
15 20 0
16 8 0
16 23 0
16 24 0
17 14 0
17 21 0
17 37 0
18 14 0
18 22 0
18 38 0
19 15 0
19 26 0
19 39 0
20 15 0
20 27 0
20 40 0
21 17 0
21 25 0
21 41 0
22 18 0
22 25 0
22 42 0
23 16 0
23 28 0
23 43 0
24 16 0
24 29 0
24 44 0
25 5 0
25 21 0
25 22 0
26 19 0
26 30 0
26 45 0
27 20 0
27 30 0
27 46 0
28 23 0
28 31 0
28 47 0
29 24 0
29 31 0
29 48 0
30 26 0
30 27 0
30 49 0
31 6 0
31 28 0
31 29 0
32 0 0
32 1 0
32 5 0
32 50 0
33 51 0
33 52 0
33 53 0
33 5 0
34 9 0
35 10 0
36 11 0
37 17 0
38 18 0
39 19 0
40 20 0
41 21 0
42 22 0
43 23 0
44 24 0
45 26 0
46 27 0
47 28 0
48 29 0
49 30 0
50 32 0
51 33 0
52 33 0
53 33 0
GraphDataEnd
GraphEnd
NodeEnd
NodeStart
EPTNodeID: 8
AnchorID: 11628
TreeNodeGraphID: 10
Level: 6
SimplifiedLevel: 0
EditOperation: 1 53 0 5 0
AccumulatedOpsCount: 2
AccumulatedOp: 4 33 53 0 0
AccumulatedOp: 1 53 0 5 0
ChildrenCount: 2
ChildIndices: 9 10
CompletedDBGraphIDsCount: 0
GraphStart
GraphDataStart
ID: 10
NumNodes: 53
NumEdges: 112
NodeLabels
5 5 2 2 2 2 5 3 3 4 4 4 4 4 4 4 4 4 4 4 4 4 4 4 4 4 4 4 4 4 4 4 4 4 5 5 5 5 5 5 5 5 5 5 5 5 5 5 5 5 5 5 5 
Edges
0 32 0
1 32 0
2 7 0
2 11 0
3 12 0
4 13 0
5 25 0
5 32 0
6 31 0
7 2 0
7 10 0
7 15 0
8 12 0
8 13 0
8 16 0
9 10 0
9 11 0
9 12 0
9 34 0
10 7 0
10 9 0
10 14 0
10 35 0
11 2 0
11 9 0
11 13 0
11 36 0
12 3 0
12 8 0
12 9 0
13 4 0
13 8 0
13 11 0
14 10 0
14 17 0
14 18 0
15 7 0
15 19 0
15 20 0
16 8 0
16 23 0
16 24 0
17 14 0
17 21 0
17 37 0
18 14 0
18 22 0
18 38 0
19 15 0
19 26 0
19 39 0
20 15 0
20 27 0
20 40 0
21 17 0
21 25 0
21 41 0
22 18 0
22 25 0
22 42 0
23 16 0
23 28 0
23 43 0
24 16 0
24 29 0
24 44 0
25 5 0
25 21 0
25 22 0
26 19 0
26 30 0
26 45 0
27 20 0
27 30 0
27 46 0
28 23 0
28 31 0
28 47 0
29 24 0
29 31 0
29 48 0
30 26 0
30 27 0
30 49 0
31 6 0
31 28 0
31 29 0
32 0 0
32 1 0
32 5 0
32 50 0
33 51 0
33 52 0
34 9 0
35 10 0
36 11 0
37 17 0
38 18 0
39 19 0
40 20 0
41 21 0
42 22 0
43 23 0
44 24 0
45 26 0
46 27 0
47 28 0
48 29 0
49 30 0
50 32 0
51 33 0
52 33 0
GraphDataEnd
GraphEnd
NodeEnd
NodeStart
EPTNodeID: 9
AnchorID: 11628
TreeNodeGraphID: 13
Level: 9
SimplifiedLevel: 0
EditOperation: 5 8 33 0 0
AccumulatedOpsCount: 3
AccumulatedOp: 5 16 33 0 0
AccumulatedOp: 4 8 16 0 0
AccumulatedOp: 5 8 33 0 0
ChildrenCount: 0
ChildIndices:
CompletedDBGraphIDsCount: 1
CompletedDBGraphID: 16586
GraphStart
GraphDataStart
ID: 13
NumNodes: 53
NumEdges: 114
NodeLabels
5 5 2 2 2 2 5 3 3 4 4 4 4 4 4 4 4 4 4 4 4 4 4 4 4 4 4 4 4 4 4 4 4 4 5 5 5 5 5 5 5 5 5 5 5 5 5 5 5 5 5 5 5 
Edges
0 32 0
1 32 0
2 7 0
2 11 0
3 12 0
4 13 0
5 25 0
5 32 0
6 31 0
7 2 0
7 10 0
7 15 0
8 12 0
8 13 0
8 33 0
9 10 0
9 11 0
9 12 0
9 34 0
10 7 0
10 9 0
10 14 0
10 35 0
11 2 0
11 9 0
11 13 0
11 36 0
12 3 0
12 8 0
12 9 0
13 4 0
13 8 0
13 11 0
14 10 0
14 17 0
14 18 0
15 7 0
15 19 0
15 20 0
16 23 0
16 24 0
16 33 0
17 14 0
17 21 0
17 37 0
18 14 0
18 22 0
18 38 0
19 15 0
19 26 0
19 39 0
20 15 0
20 27 0
20 40 0
21 17 0
21 25 0
21 41 0
22 18 0
22 25 0
22 42 0
23 16 0
23 28 0
23 43 0
24 16 0
24 29 0
24 44 0
25 5 0
25 21 0
25 22 0
26 19 0
26 30 0
26 45 0
27 20 0
27 30 0
27 46 0
28 23 0
28 31 0
28 47 0
29 24 0
29 31 0
29 48 0
30 26 0
30 27 0
30 49 0
31 6 0
31 28 0
31 29 0
32 0 0
32 1 0
32 5 0
32 50 0
33 51 0
33 52 0
33 16 0
33 8 0
34 9 0
35 10 0
36 11 0
37 17 0
38 18 0
39 19 0
40 20 0
41 21 0
42 22 0
43 23 0
44 24 0
45 26 0
46 27 0
47 28 0
48 29 0
49 30 0
50 32 0
51 33 0
52 33 0
GraphDataEnd
GraphEnd
NodeEnd
NodeStart
EPTNodeID: 10
AnchorID: 11628
TreeNodeGraphID: 19
Level: 12
SimplifiedLevel: 0
EditOperation: 1 51 0 5 0
AccumulatedOpsCount: 6
AccumulatedOp: 0 44 0 5 7
AccumulatedOp: 4 33 52 0 0
AccumulatedOp: 1 52 0 5 0
AccumulatedOp: 4 33 51 0 0
AccumulatedOp: 1 33 0 4 0
AccumulatedOp: 1 51 0 5 0
ChildrenCount: 0
ChildIndices:
CompletedDBGraphIDsCount: 1
CompletedDBGraphID: 14348
GraphStart
GraphDataStart
ID: 19
NumNodes: 50
NumEdges: 108
NodeLabels
5 5 2 2 2 2 5 3 3 4 4 4 4 4 4 4 4 4 4 4 4 4 4 4 4 4 4 4 4 4 4 4 4 5 5 5 5 5 5 5 5 5 5 7 5 5 5 5 5 5 
Edges
0 32 0
1 32 0
2 7 0
2 11 0
3 12 0
4 13 0
5 25 0
5 32 0
6 31 0
7 2 0
7 10 0
7 15 0
8 12 0
8 13 0
8 16 0
9 10 0
9 11 0
9 12 0
9 33 0
10 7 0
10 9 0
10 14 0
10 34 0
11 2 0
11 9 0
11 13 0
11 35 0
12 3 0
12 8 0
12 9 0
13 4 0
13 8 0
13 11 0
14 10 0
14 17 0
14 18 0
15 7 0
15 19 0
15 20 0
16 8 0
16 23 0
16 24 0
17 14 0
17 21 0
17 36 0
18 14 0
18 22 0
18 37 0
19 15 0
19 26 0
19 38 0
20 15 0
20 27 0
20 39 0
21 17 0
21 25 0
21 40 0
22 18 0
22 25 0
22 41 0
23 16 0
23 28 0
23 42 0
24 16 0
24 29 0
24 43 0
25 5 0
25 21 0
25 22 0
26 19 0
26 30 0
26 44 0
27 20 0
27 30 0
27 45 0
28 23 0
28 31 0
28 46 0
29 24 0
29 31 0
29 47 0
30 26 0
30 27 0
30 48 0
31 6 0
31 28 0
31 29 0
32 0 0
32 1 0
32 5 0
32 49 0
33 9 0
34 10 0
35 11 0
36 17 0
37 18 0
38 19 0
39 20 0
40 21 0
41 22 0
42 23 0
43 24 0
44 26 0
45 27 0
46 28 0
47 29 0
48 30 0
49 32 0
GraphDataEnd
GraphEnd
NodeEnd
NodeStart
EPTNodeID: 11
AnchorID: 11628
TreeNodeGraphID: 27
Level: 12
SimplifiedLevel: 0
EditOperation: 1 39 0 5 0
AccumulatedOpsCount: 8
AccumulatedOp: 4 5 32 0 0
AccumulatedOp: 0 41 0 5 8
AccumulatedOp: 0 43 0 5 2
AccumulatedOp: 5 19 33 0 0
AccumulatedOp: 0 5 0 2 5
AccumulatedOp: 5 32 43 0 0
AccumulatedOp: 4 19 39 0 0
AccumulatedOp: 1 39 0 5 0
ChildrenCount: 0
ChildIndices:
CompletedDBGraphIDsCount: 1
CompletedDBGraphID: 15458
GraphStart
GraphDataStart
ID: 27
NumNodes: 53
NumEdges: 114
NodeLabels
5 5 2 2 2 5 5 3 3 4 4 4 4 4 4 4 4 4 4 4 4 4 4 4 4 4 4 4 4 4 4 4 4 4 5 5 5 5 5 5 8 5 2 5 5 5 5 5 5 5 5 5 5 
Edges
0 32 0
1 32 0
2 7 0
2 11 0
3 12 0
4 13 0
5 25 0
6 31 0
7 2 0
7 10 0
7 15 0
8 12 0
8 13 0
8 16 0
9 10 0
9 11 0
9 12 0
9 34 0
10 7 0
10 9 0
10 14 0
10 35 0
11 2 0
11 9 0
11 13 0
11 36 0
12 3 0
12 8 0
12 9 0
13 4 0
13 8 0
13 11 0
14 10 0
14 17 0
14 18 0
15 7 0
15 19 0
15 20 0
16 8 0
16 23 0
16 24 0
17 14 0
17 21 0
17 37 0
18 14 0
18 22 0
18 38 0
19 15 0
19 26 0
19 33 0
20 15 0
20 27 0
20 39 0
21 17 0
21 25 0
21 40 0
22 18 0
22 25 0
22 41 0
23 16 0
23 28 0
23 42 0
24 16 0
24 29 0
24 43 0
25 5 0
25 21 0
25 22 0
26 19 0
26 30 0
26 44 0
27 20 0
27 30 0
27 45 0
28 23 0
28 31 0
28 46 0
29 24 0
29 31 0
29 47 0
30 26 0
30 27 0
30 48 0
31 6 0
31 28 0
31 29 0
32 0 0
32 1 0
32 49 0
32 42 0
33 50 0
33 51 0
33 52 0
33 19 0
34 9 0
35 10 0
36 11 0
37 17 0
38 18 0
39 20 0
40 21 0
41 22 0
42 23 0
42 32 0
43 24 0
44 26 0
45 27 0
46 28 0
47 29 0
48 30 0
49 32 0
50 33 0
51 33 0
52 33 0
GraphDataEnd
GraphEnd
NodeEnd
NodeStart
EPTNodeID: 12
AnchorID: 11628
TreeNodeGraphID: 30
Level: 7
SimplifiedLevel: 0
EditOperation: 1 40 0 5 0
AccumulatedOpsCount: 3
AccumulatedOp: 5 20 33 0 0
AccumulatedOp: 4 20 40 0 0
AccumulatedOp: 1 40 0 5 0
ChildrenCount: 0
ChildIndices:
CompletedDBGraphIDsCount: 1
CompletedDBGraphID: 17447
GraphStart
GraphDataStart
ID: 30
NumNodes: 53
NumEdges: 114
NodeLabels
5 5 2 2 2 2 5 3 3 4 4 4 4 4 4 4 4 4 4 4 4 4 4 4 4 4 4 4 4 4 4 4 4 4 5 5 5 5 5 5 5 5 5 5 5 5 5 5 5 5 5 5 5 
Edges
0 32 0
1 32 0
2 7 0
2 11 0
3 12 0
4 13 0
5 25 0
5 32 0
6 31 0
7 2 0
7 10 0
7 15 0
8 12 0
8 13 0
8 16 0
9 10 0
9 11 0
9 12 0
9 34 0
10 7 0
10 9 0
10 14 0
10 35 0
11 2 0
11 9 0
11 13 0
11 36 0
12 3 0
12 8 0
12 9 0
13 4 0
13 8 0
13 11 0
14 10 0
14 17 0
14 18 0
15 7 0
15 19 0
15 20 0
16 8 0
16 23 0
16 24 0
17 14 0
17 21 0
17 37 0
18 14 0
18 22 0
18 38 0
19 15 0
19 26 0
19 39 0
20 15 0
20 27 0
20 33 0
21 17 0
21 25 0
21 40 0
22 18 0
22 25 0
22 41 0
23 16 0
23 28 0
23 42 0
24 16 0
24 29 0
24 43 0
25 5 0
25 21 0
25 22 0
26 19 0
26 30 0
26 44 0
27 20 0
27 30 0
27 45 0
28 23 0
28 31 0
28 46 0
29 24 0
29 31 0
29 47 0
30 26 0
30 27 0
30 48 0
31 6 0
31 28 0
31 29 0
32 0 0
32 1 0
32 5 0
32 49 0
33 50 0
33 51 0
33 52 0
33 20 0
34 9 0
35 10 0
36 11 0
37 17 0
38 18 0
39 19 0
40 21 0
41 22 0
42 23 0
43 24 0
44 26 0
45 27 0
46 28 0
47 29 0
48 30 0
49 32 0
50 33 0
51 33 0
52 33 0
GraphDataEnd
GraphEnd
NodeEnd
NodeStart
EPTNodeID: 13
AnchorID: 11628
TreeNodeGraphID: 38
Level: 11
SimplifiedLevel: 0
EditOperation: 1 51 0 5 0
AccumulatedOpsCount: 8
AccumulatedOp: 4 33 53 0 0
AccumulatedOp: 4 33 52 0 0
AccumulatedOp: 0 6 0 2 1
AccumulatedOp: 1 52 0 5 0
AccumulatedOp: 1 53 0 5 0
AccumulatedOp: 4 33 51 0 0
AccumulatedOp: 1 33 0 4 0
AccumulatedOp: 1 51 0 5 0
ChildrenCount: 0
ChildIndices:
CompletedDBGraphIDsCount: 1
CompletedDBGraphID: 16213
GraphStart
GraphDataStart
ID: 38
NumNodes: 50
NumEdges: 108
NodeLabels
5 5 2 2 2 2 1 3 3 4 4 4 4 4 4 4 4 4 4 4 4 4 4 4 4 4 4 4 4 4 4 4 4 5 5 5 5 5 5 5 5 5 5 5 5 5 5 5 5 5 
Edges
0 32 0
1 32 0
2 7 0
2 11 0
3 12 0
4 13 0
5 25 0
5 32 0
6 31 0
7 2 0
7 10 0
7 15 0
8 12 0
8 13 0
8 16 0
9 10 0
9 11 0
9 12 0
9 33 0
10 7 0
10 9 0
10 14 0
10 34 0
11 2 0
11 9 0
11 13 0
11 35 0
12 3 0
12 8 0
12 9 0
13 4 0
13 8 0
13 11 0
14 10 0
14 17 0
14 18 0
15 7 0
15 19 0
15 20 0
16 8 0
16 23 0
16 24 0
17 14 0
17 21 0
17 36 0
18 14 0
18 22 0
18 37 0
19 15 0
19 26 0
19 38 0
20 15 0
20 27 0
20 39 0
21 17 0
21 25 0
21 40 0
22 18 0
22 25 0
22 41 0
23 16 0
23 28 0
23 42 0
24 16 0
24 29 0
24 43 0
25 5 0
25 21 0
25 22 0
26 19 0
26 30 0
26 44 0
27 20 0
27 30 0
27 45 0
28 23 0
28 31 0
28 46 0
29 24 0
29 31 0
29 47 0
30 26 0
30 27 0
30 48 0
31 6 0
31 28 0
31 29 0
32 0 0
32 1 0
32 5 0
32 49 0
33 9 0
34 10 0
35 11 0
36 17 0
37 18 0
38 19 0
39 20 0
40 21 0
41 22 0
42 23 0
43 24 0
44 26 0
45 27 0
46 28 0
47 29 0
48 30 0
49 32 0
GraphDataEnd
GraphEnd
NodeEnd
NodeStart
EPTNodeID: 14
AnchorID: 11628
TreeNodeGraphID: 43
Level: 7
SimplifiedLevel: 0
EditOperation: 1 53 0 5 0
AccumulatedOpsCount: 5
AccumulatedOp: 4 33 53 0 0
AccumulatedOp: 4 5 32 0 0
AccumulatedOp: 0 5 0 2 1
AccumulatedOp: 5 32 33 0 0
AccumulatedOp: 1 53 0 5 0
ChildrenCount: 0
ChildIndices:
CompletedDBGraphIDsCount: 1
CompletedDBGraphID: 15955
GraphStart
GraphDataStart
ID: 43
NumNodes: 53
NumEdges: 114
NodeLabels
5 5 2 2 2 1 2 3 3 4 4 4 4 4 4 4 4 4 4 4 4 4 4 4 4 4 4 4 4 4 4 4 4 4 5 5 5 5 5 5 5 5 5 5 5 5 5 5 5 5 5 5 5 
Edges
0 32 0
1 32 0
2 7 0
2 11 0
3 12 0
4 13 0
5 25 0
6 31 0
6 33 0
7 2 0
7 10 0
7 15 0
8 12 0
8 13 0
8 16 0
9 10 0
9 11 0
9 12 0
9 34 0
10 7 0
10 9 0
10 14 0
10 35 0
11 2 0
11 9 0
11 13 0
11 36 0
12 3 0
12 8 0
12 9 0
13 4 0
13 8 0
13 11 0
14 10 0
14 17 0
14 18 0
15 7 0
15 19 0
15 20 0
16 8 0
16 23 0
16 24 0
17 14 0
17 21 0
17 37 0
18 14 0
18 22 0
18 38 0
19 15 0
19 26 0
19 39 0
20 15 0
20 27 0
20 40 0
21 17 0
21 25 0
21 41 0
22 18 0
22 25 0
22 42 0
23 16 0
23 28 0
23 43 0
24 16 0
24 29 0
24 44 0
25 5 0
25 21 0
25 22 0
26 19 0
26 30 0
26 45 0
27 20 0
27 30 0
27 46 0
28 23 0
28 31 0
28 47 0
29 24 0
29 31 0
29 48 0
30 26 0
30 27 0
30 49 0
31 6 0
31 28 0
31 29 0
32 0 0
32 1 0
32 50 0
32 33 0
33 6 0
33 51 0
33 52 0
33 32 0
34 9 0
35 10 0
36 11 0
37 17 0
38 18 0
39 19 0
40 20 0
41 21 0
42 22 0
43 23 0
44 24 0
45 26 0
46 27 0
47 28 0
48 29 0
49 30 0
50 32 0
51 33 0
52 33 0
GraphDataEnd
GraphEnd
NodeEnd
NodeStart
EPTNodeID: 15
AnchorID: 11628
TreeNodeGraphID: 49
Level: 8
SimplifiedLevel: 0
EditOperation: 5 5 55 0 0
AccumulatedOpsCount: 6
AccumulatedOp: 2 55 0 0 4
AccumulatedOp: 4 5 25 0 0
AccumulatedOp: 2 54 0 0 2
AccumulatedOp: 5 25 55 0 0
AccumulatedOp: 5 54 55 0 0
AccumulatedOp: 5 5 55 0 0
ChildrenCount: 0
ChildIndices:
CompletedDBGraphIDsCount: 1
CompletedDBGraphID: 19545
GraphStart
GraphDataStart
ID: 49
NumNodes: 56
NumEdges: 120
NodeLabels
5 5 2 2 2 2 2 3 3 4 4 4 4 4 4 4 4 4 4 4 4 4 4 4 4 4 4 4 4 4 4 4 4 4 5 5 5 5 5 5 5 5 5 5 5 5 5 5 5 5 5 5 5 5 2 4 
Edges
0 32 0
1 32 0
2 7 0
2 11 0
3 12 0
4 13 0
5 32 0
5 55 0
6 31 0
6 33 0
7 2 0
7 10 0
7 15 0
8 12 0
8 13 0
8 16 0
9 10 0
9 11 0
9 12 0
9 34 0
10 7 0
10 9 0
10 14 0
10 35 0
11 2 0
11 9 0
11 13 0
11 36 0
12 3 0
12 8 0
12 9 0
13 4 0
13 8 0
13 11 0
14 10 0
14 17 0
14 18 0
15 7 0
15 19 0
15 20 0
16 8 0
16 23 0
16 24 0
17 14 0
17 21 0
17 37 0
18 14 0
18 22 0
18 38 0
19 15 0
19 26 0
19 39 0
20 15 0
20 27 0
20 40 0
21 17 0
21 25 0
21 41 0
22 18 0
22 25 0
22 42 0
23 16 0
23 28 0
23 43 0
24 16 0
24 29 0
24 44 0
25 21 0
25 22 0
25 55 0
26 19 0
26 30 0
26 45 0
27 20 0
27 30 0
27 46 0
28 23 0
28 31 0
28 47 0
29 24 0
29 31 0
29 48 0
30 26 0
30 27 0
30 49 0
31 6 0
31 28 0
31 29 0
32 0 0
32 1 0
32 5 0
32 50 0
33 6 0
33 51 0
33 52 0
33 53 0
34 9 0
35 10 0
36 11 0
37 17 0
38 18 0
39 19 0
40 20 0
41 21 0
42 22 0
43 23 0
44 24 0
45 26 0
46 27 0
47 28 0
48 29 0
49 30 0
50 32 0
51 33 0
52 33 0
53 33 0
54 55 0
55 25 0
55 54 0
55 5 0
GraphDataEnd
GraphEnd
NodeEnd
NodeStart
EPTNodeID: 16
AnchorID: 11628
TreeNodeGraphID: 63
Level: 15
SimplifiedLevel: 0
EditOperation: 5 21 22 0 0
AccumulatedOpsCount: 14
AccumulatedOp: 4 33 53 0 0
AccumulatedOp: 5 32 33 0 0
AccumulatedOp: 1 53 0 5 0
AccumulatedOp: 0 5 0 2 5
AccumulatedOp: 0 17 0 4 6
AccumulatedOp: 4 1 32 0 0
AccumulatedOp: 1 1 0 1 0
AccumulatedOp: 4 21 25 0 0
AccumulatedOp: 4 17 37 0 0
AccumulatedOp: 1 37 0 5 0
AccumulatedOp: 4 5 25 0 0
AccumulatedOp: 4 22 25 0 0
AccumulatedOp: 1 25 0 4 0
AccumulatedOp: 5 21 22 0 0
ChildrenCount: 0
ChildIndices:
CompletedDBGraphIDsCount: 1
CompletedDBGraphID: 11554
GraphStart
GraphDataStart
ID: 63
NumNodes: 50
NumEdges: 108
NodeLabels
5 2 2 2 5 2 3 3 4 4 4 4 4 4 4 4 6 4 4 4 4 4 4 4 4 4 4 4 4 4 4 4 5 5 5 5 5 5 5 5 5 5 5 5 5 5 5 5 5 5 
Edges
0 30 0
1 6 0
1 10 0
2 11 0
3 12 0
4 30 0
5 29 0
5 31 0
6 1 0
6 9 0
6 14 0
7 11 0
7 12 0
7 15 0
8 9 0
8 10 0
8 11 0
8 32 0
9 6 0
9 8 0
9 13 0
9 33 0
10 1 0
10 8 0
10 12 0
10 34 0
11 2 0
11 7 0
11 8 0
12 3 0
12 7 0
12 10 0
13 9 0
13 16 0
13 17 0
14 6 0
14 18 0
14 19 0
15 7 0
15 22 0
15 23 0
16 13 0
16 20 0
17 13 0
17 21 0
17 35 0
18 14 0
18 24 0
18 36 0
19 14 0
19 25 0
19 37 0
20 16 0
20 38 0
20 21 0
21 17 0
21 39 0
21 20 0
22 15 0
22 26 0
22 40 0
23 15 0
23 27 0
23 41 0
24 18 0
24 28 0
24 42 0
25 19 0
25 28 0
25 43 0
26 22 0
26 29 0
26 44 0
27 23 0
27 29 0
27 45 0
28 24 0
28 25 0
28 46 0
29 5 0
29 26 0
29 27 0
30 0 0
30 4 0
30 47 0
30 31 0
31 5 0
31 48 0
31 49 0
31 30 0
32 8 0
33 9 0
34 10 0
35 17 0
36 18 0
37 19 0
38 20 0
39 21 0
40 22 0
41 23 0
42 24 0
43 25 0
44 26 0
45 27 0
46 28 0
47 30 0
48 31 0
49 31 0
GraphDataEnd
GraphEnd
NodeEnd
NodeStart
EPTNodeID: 17
AnchorID: 11628
TreeNodeGraphID: 64
Level: 1
SimplifiedLevel: 0
EditOperation: 4 6 33 0 0
AccumulatedOpsCount: 1
AccumulatedOp: 4 6 33 0 0
ChildrenCount: 2
ChildIndices: 18 21
CompletedDBGraphIDsCount: 0
GraphStart
GraphDataStart
ID: 64
NumNodes: 54
NumEdges: 114
NodeLabels
1 1 2 2 2 2 2 3 3 4 4 4 4 4 4 4 4 4 4 4 4 4 4 4 4 4 4 4 4 4 4 4 4 4 5 5 5 5 5 5 5 5 5 5 5 5 5 5 5 5 5 5 5 5 
Edges
0 32 0
1 32 0
2 7 0
2 11 0
3 12 0
4 13 0
5 25 0
5 32 0
6 31 0
7 2 0
7 10 0
7 15 0
8 12 0
8 13 0
8 16 0
9 10 0
9 11 0
9 12 0
9 34 0
10 7 0
10 9 0
10 14 0
10 35 0
11 2 0
11 9 0
11 13 0
11 36 0
12 3 0
12 8 0
12 9 0
13 4 0
13 8 0
13 11 0
14 10 0
14 17 0
14 18 0
15 7 0
15 19 0
15 20 0
16 8 0
16 23 0
16 24 0
17 14 0
17 21 0
17 37 0
18 14 0
18 22 0
18 38 0
19 15 0
19 26 0
19 39 0
20 15 0
20 27 0
20 40 0
21 17 0
21 25 0
21 41 0
22 18 0
22 25 0
22 42 0
23 16 0
23 28 0
23 43 0
24 16 0
24 29 0
24 44 0
25 5 0
25 21 0
25 22 0
26 19 0
26 30 0
26 45 0
27 20 0
27 30 0
27 46 0
28 23 0
28 31 0
28 47 0
29 24 0
29 31 0
29 48 0
30 26 0
30 27 0
30 49 0
31 6 0
31 28 0
31 29 0
32 0 0
32 1 0
32 5 0
32 50 0
33 51 0
33 52 0
33 53 0
34 9 0
35 10 0
36 11 0
37 17 0
38 18 0
39 19 0
40 20 0
41 21 0
42 22 0
43 23 0
44 24 0
45 26 0
46 27 0
47 28 0
48 29 0
49 30 0
50 32 0
51 33 0
52 33 0
53 33 0
GraphDataEnd
GraphEnd
NodeEnd
NodeStart
EPTNodeID: 18
AnchorID: 11628
TreeNodeGraphID: 66
Level: 3
SimplifiedLevel: 0
EditOperation: 1 0 0 1 0
AccumulatedOpsCount: 2
AccumulatedOp: 4 0 32 0 0
AccumulatedOp: 1 0 0 1 0
ChildrenCount: 2
ChildIndices: 19 20
CompletedDBGraphIDsCount: 0
GraphStart
GraphDataStart
ID: 66
NumNodes: 53
NumEdges: 112
NodeLabels
1 2 2 2 2 2 3 3 4 4 4 4 4 4 4 4 4 4 4 4 4 4 4 4 4 4 4 4 4 4 4 4 4 5 5 5 5 5 5 5 5 5 5 5 5 5 5 5 5 5 5 5 5 
Edges
0 31 0
1 6 0
1 10 0
2 11 0
3 12 0
4 24 0
4 31 0
5 30 0
6 1 0
6 9 0
6 14 0
7 11 0
7 12 0
7 15 0
8 9 0
8 10 0
8 11 0
8 33 0
9 6 0
9 8 0
9 13 0
9 34 0
10 1 0
10 8 0
10 12 0
10 35 0
11 2 0
11 7 0
11 8 0
12 3 0
12 7 0
12 10 0
13 9 0
13 16 0
13 17 0
14 6 0
14 18 0
14 19 0
15 7 0
15 22 0
15 23 0
16 13 0
16 20 0
16 36 0
17 13 0
17 21 0
17 37 0
18 14 0
18 25 0
18 38 0
19 14 0
19 26 0
19 39 0
20 16 0
20 24 0
20 40 0
21 17 0
21 24 0
21 41 0
22 15 0
22 27 0
22 42 0
23 15 0
23 28 0
23 43 0
24 4 0
24 20 0
24 21 0
25 18 0
25 29 0
25 44 0
26 19 0
26 29 0
26 45 0
27 22 0
27 30 0
27 46 0
28 23 0
28 30 0
28 47 0
29 25 0
29 26 0
29 48 0
30 5 0
30 27 0
30 28 0
31 0 0
31 4 0
31 49 0
32 50 0
32 51 0
32 52 0
33 8 0
34 9 0
35 10 0
36 16 0
37 17 0
38 18 0
39 19 0
40 20 0
41 21 0
42 22 0
43 23 0
44 25 0
45 26 0
46 27 0
47 28 0
48 29 0
49 31 0
50 32 0
51 32 0
52 32 0
GraphDataEnd
GraphEnd
NodeEnd
NodeStart
EPTNodeID: 19
AnchorID: 11628
TreeNodeGraphID: 75
Level: 12
SimplifiedLevel: 0
EditOperation: 4 5 25 0 0
AccumulatedOpsCount: 9
AccumulatedOp: 4 1 32 0 0
AccumulatedOp: 5 32 33 0 0
AccumulatedOp: 1 1 0 1 0
AccumulatedOp: 5 6 32 0 0
AccumulatedOp: 0 25 0 4 3
AccumulatedOp: 4 32 50 0 0
AccumulatedOp: 1 50 0 5 0
AccumulatedOp: 0 49 0 5 7
AccumulatedOp: 4 5 25 0 0
ChildrenCount: 0
ChildIndices:
CompletedDBGraphIDsCount: 1
CompletedDBGraphID: 17470
GraphStart
GraphDataStart
ID: 75
NumNodes: 51
NumEdges: 110
NodeLabels
2 2 2 2 2 3 3 4 4 4 4 4 4 4 4 4 4 4 4 4 4 4 4 3 4 4 4 4 4 4 4 4 5 5 5 5 5 5 5 5 5 5 5 5 5 5 5 7 5 5 5 
Edges
0 5 0
0 9 0
1 10 0
2 11 0
3 30 0
4 29 0
4 30 0
5 0 0
5 8 0
5 13 0
6 10 0
6 11 0
6 14 0
7 8 0
7 9 0
7 10 0
7 32 0
8 5 0
8 7 0
8 12 0
8 33 0
9 0 0
9 7 0
9 11 0
9 34 0
10 1 0
10 6 0
10 7 0
11 2 0
11 6 0
11 9 0
12 8 0
12 15 0
12 16 0
13 5 0
13 17 0
13 18 0
14 6 0
14 21 0
14 22 0
15 12 0
15 19 0
15 35 0
16 12 0
16 20 0
16 36 0
17 13 0
17 24 0
17 37 0
18 13 0
18 25 0
18 38 0
19 15 0
19 23 0
19 39 0
20 16 0
20 23 0
20 40 0
21 14 0
21 26 0
21 41 0
22 14 0
22 27 0
22 42 0
23 19 0
23 20 0
24 17 0
24 28 0
24 43 0
25 18 0
25 28 0
25 44 0
26 21 0
26 29 0
26 45 0
27 22 0
27 29 0
27 46 0
28 24 0
28 25 0
28 47 0
29 4 0
29 26 0
29 27 0
30 3 0
30 31 0
30 4 0
31 48 0
31 49 0
31 50 0
31 30 0
32 7 0
33 8 0
34 9 0
35 15 0
36 16 0
37 17 0
38 18 0
39 19 0
40 20 0
41 21 0
42 22 0
43 24 0
44 25 0
45 26 0
46 27 0
47 28 0
48 31 0
49 31 0
50 31 0
GraphDataEnd
GraphEnd
NodeEnd
NodeStart
EPTNodeID: 20
AnchorID: 11628
TreeNodeGraphID: 85
Level: 13
SimplifiedLevel: 0
EditOperation: 5 19 33 0 0
AccumulatedOpsCount: 10
AccumulatedOp: 0 6 0 2 5
AccumulatedOp: 4 19 39 0 0
AccumulatedOp: 0 1 0 1 5
AccumulatedOp: 0 5 0 2 1
AccumulatedOp: 1 39 0 5 0
AccumulatedOp: 4 5 32 0 0
AccumulatedOp: 4 8 16 0 0
AccumulatedOp: 5 16 32 0 0
AccumulatedOp: 5 8 32 0 0
AccumulatedOp: 5 19 33 0 0
ChildrenCount: 0
ChildIndices:
CompletedDBGraphIDsCount: 1
CompletedDBGraphID: 22645
GraphStart
GraphDataStart
ID: 85
NumNodes: 52
NumEdges: 112
NodeLabels
5 2 2 2 1 5 3 3 4 4 4 4 4 4 4 4 4 4 4 4 4 4 4 4 4 4 4 4 4 4 4 4 4 5 5 5 5 5 5 5 5 5 5 5 5 5 5 5 5 5 5 5 
Edges
0 31 0
1 6 0
1 10 0
2 11 0
3 12 0
4 24 0
5 30 0
6 1 0
6 9 0
6 14 0
7 11 0
7 12 0
7 31 0
8 9 0
8 10 0
8 11 0
8 33 0
9 6 0
9 8 0
9 13 0
9 34 0
10 1 0
10 8 0
10 12 0
10 35 0
11 2 0
11 7 0
11 8 0
12 3 0
12 7 0
12 10 0
13 9 0
13 16 0
13 17 0
14 6 0
14 18 0
14 19 0
15 22 0
15 23 0
15 31 0
16 13 0
16 20 0
16 36 0
17 13 0
17 21 0
17 37 0
18 14 0
18 25 0
18 32 0
19 14 0
19 26 0
19 38 0
20 16 0
20 24 0
20 39 0
21 17 0
21 24 0
21 40 0
22 15 0
22 27 0
22 41 0
23 15 0
23 28 0
23 42 0
24 4 0
24 20 0
24 21 0
25 18 0
25 29 0
25 43 0
26 19 0
26 29 0
26 44 0
27 22 0
27 30 0
27 45 0
28 23 0
28 30 0
28 46 0
29 25 0
29 26 0
29 47 0
30 5 0
30 27 0
30 28 0
31 0 0
31 48 0
31 15 0
31 7 0
32 49 0
32 50 0
32 51 0
32 18 0
33 8 0
34 9 0
35 10 0
36 16 0
37 17 0
38 19 0
39 20 0
40 21 0
41 22 0
42 23 0
43 25 0
44 26 0
45 27 0
46 28 0
47 29 0
48 31 0
49 32 0
50 32 0
51 32 0
GraphDataEnd
GraphEnd
NodeEnd
NodeStart
EPTNodeID: 21
AnchorID: 11628
TreeNodeGraphID: 93
Level: 9
SimplifiedLevel: 0
EditOperation: 5 29 32 0 0
AccumulatedOpsCount: 8
AccumulatedOp: 0 6 0 2 5
AccumulatedOp: 0 5 0 2 6
AccumulatedOp: 4 29 48 0 0
AccumulatedOp: 1 48 0 5 0
AccumulatedOp: 4 5 32 0 0
AccumulatedOp: 5 5 33 0 0
AccumulatedOp: 0 50 0 5 1
AccumulatedOp: 5 29 32 0 0
ChildrenCount: 0
ChildIndices:
CompletedDBGraphIDsCount: 1
CompletedDBGraphID: 16329
GraphStart
GraphDataStart
ID: 93
NumNodes: 53
NumEdges: 114
NodeLabels
1 1 2 2 2 6 5 3 3 4 4 4 4 4 4 4 4 4 4 4 4 4 4 4 4 4 4 4 4 4 4 4 4 4 5 5 5 5 5 5 5 5 5 5 5 5 5 5 5 1 5 5 5 
Edges
0 32 0
1 32 0
2 7 0
2 11 0
3 12 0
4 13 0
5 25 0
5 33 0
6 31 0
7 2 0
7 10 0
7 15 0
8 12 0
8 13 0
8 16 0
9 10 0
9 11 0
9 12 0
9 34 0
10 7 0
10 9 0
10 14 0
10 35 0
11 2 0
11 9 0
11 13 0
11 36 0
12 3 0
12 8 0
12 9 0
13 4 0
13 8 0
13 11 0
14 10 0
14 17 0
14 18 0
15 7 0
15 19 0
15 20 0
16 8 0
16 23 0
16 24 0
17 14 0
17 21 0
17 37 0
18 14 0
18 22 0
18 38 0
19 15 0
19 26 0
19 39 0
20 15 0
20 27 0
20 40 0
21 17 0
21 25 0
21 41 0
22 18 0
22 25 0
22 42 0
23 16 0
23 28 0
23 43 0
24 16 0
24 29 0
24 44 0
25 5 0
25 21 0
25 22 0
26 19 0
26 30 0
26 45 0
27 20 0
27 30 0
27 46 0
28 23 0
28 31 0
28 47 0
29 24 0
29 31 0
29 32 0
30 26 0
30 27 0
30 48 0
31 6 0
31 28 0
31 29 0
32 0 0
32 1 0
32 49 0
32 29 0
33 50 0
33 51 0
33 52 0
33 5 0
34 9 0
35 10 0
36 11 0
37 17 0
38 18 0
39 19 0
40 20 0
41 21 0
42 22 0
43 23 0
44 24 0
45 26 0
46 27 0
47 28 0
48 30 0
49 32 0
50 33 0
51 33 0
52 33 0
GraphDataEnd
GraphEnd
NodeEnd
NodeStart
EPTNodeID: 22
AnchorID: 11628
TreeNodeGraphID: 99
Level: 6
SimplifiedLevel: 0
EditOperation: 5 25 32 0 0
AccumulatedOpsCount: 6
AccumulatedOp: 4 5 32 0 0
AccumulatedOp: 0 50 0 5 1
AccumulatedOp: 0 49 0 5 7
AccumulatedOp: 4 5 25 0 0
AccumulatedOp: 1 5 0 2 0
AccumulatedOp: 5 25 32 0 0
ChildrenCount: 0
ChildIndices:
CompletedDBGraphIDsCount: 1
CompletedDBGraphID: 1201
GraphStart
GraphDataStart
ID: 99
NumNodes: 53
NumEdges: 114
NodeLabels
1 1 2 2 2 2 3 3 4 4 4 4 4 4 4 4 4 4 4 4 4 4 4 4 4 4 4 4 4 4 4 4 4 5 5 5 5 5 5 5 5 5 5 5 5 5 5 5 7 1 5 5 5 
Edges
0 31 0
1 31 0
2 6 0
2 10 0
3 11 0
4 12 0
5 30 0
5 32 0
6 2 0
6 9 0
6 14 0
7 11 0
7 12 0
7 15 0
8 9 0
8 10 0
8 11 0
8 33 0
9 6 0
9 8 0
9 13 0
9 34 0
10 2 0
10 8 0
10 12 0
10 35 0
11 3 0
11 7 0
11 8 0
12 4 0
12 7 0
12 10 0
13 9 0
13 16 0
13 17 0
14 6 0
14 18 0
14 19 0
15 7 0
15 22 0
15 23 0
16 13 0
16 20 0
16 36 0
17 13 0
17 21 0
17 37 0
18 14 0
18 25 0
18 38 0
19 14 0
19 26 0
19 39 0
20 16 0
20 24 0
20 40 0
21 17 0
21 24 0
21 41 0
22 15 0
22 27 0
22 42 0
23 15 0
23 28 0
23 43 0
24 20 0
24 21 0
24 31 0
25 18 0
25 29 0
25 44 0
26 19 0
26 29 0
26 45 0
27 22 0
27 30 0
27 46 0
28 23 0
28 30 0
28 47 0
29 25 0
29 26 0
29 48 0
30 5 0
30 27 0
30 28 0
31 0 0
31 1 0
31 49 0
31 24 0
32 5 0
32 50 0
32 51 0
32 52 0
33 8 0
34 9 0
35 10 0
36 16 0
37 17 0
38 18 0
39 19 0
40 20 0
41 21 0
42 22 0
43 23 0
44 25 0
45 26 0
46 27 0
47 28 0
48 29 0
49 31 0
50 32 0
51 32 0
52 32 0
GraphDataEnd
GraphEnd
NodeEnd
NodeStart
EPTNodeID: 23
AnchorID: 11628
TreeNodeGraphID: 106
Level: 7
SimplifiedLevel: 0
EditOperation: 1 50 0 5 0
AccumulatedOpsCount: 7
AccumulatedOp: 4 1 32 0 0
AccumulatedOp: 4 0 32 0 0
AccumulatedOp: 1 0 0 1 0
AccumulatedOp: 0 32 0 4 5
AccumulatedOp: 1 1 0 1 0
AccumulatedOp: 4 32 50 0 0
AccumulatedOp: 1 50 0 5 0
ChildrenCount: 0
ChildIndices:
CompletedDBGraphIDsCount: 1
CompletedDBGraphID: 16996
GraphStart
GraphDataStart
ID: 106
NumNodes: 51
NumEdges: 110
NodeLabels
2 2 2 2 2 3 3 4 4 4 4 4 4 4 4 4 4 4 4 4 4 4 4 4 4 4 4 4 4 4 5 4 5 5 5 5 5 5 5 5 5 5 5 5 5 5 5 5 5 5 5 
Edges
0 5 0
0 9 0
1 10 0
2 11 0
3 23 0
3 30 0
4 29 0
4 31 0
5 0 0
5 8 0
5 13 0
6 10 0
6 11 0
6 14 0
7 8 0
7 9 0
7 10 0
7 32 0
8 5 0
8 7 0
8 12 0
8 33 0
9 0 0
9 7 0
9 11 0
9 34 0
10 1 0
10 6 0
10 7 0
11 2 0
11 6 0
11 9 0
12 8 0
12 15 0
12 16 0
13 5 0
13 17 0
13 18 0
14 6 0
14 21 0
14 22 0
15 12 0
15 19 0
15 35 0
16 12 0
16 20 0
16 36 0
17 13 0
17 24 0
17 37 0
18 13 0
18 25 0
18 38 0
19 15 0
19 23 0
19 39 0
20 16 0
20 23 0
20 40 0
21 14 0
21 26 0
21 41 0
22 14 0
22 27 0
22 42 0
23 3 0
23 19 0
23 20 0
24 17 0
24 28 0
24 43 0
25 18 0
25 28 0
25 44 0
26 21 0
26 29 0
26 45 0
27 22 0
27 29 0
27 46 0
28 24 0
28 25 0
28 47 0
29 4 0
29 26 0
29 27 0
30 3 0
31 4 0
31 48 0
31 49 0
31 50 0
32 7 0
33 8 0
34 9 0
35 15 0
36 16 0
37 17 0
38 18 0
39 19 0
40 20 0
41 21 0
42 22 0
43 24 0
44 25 0
45 26 0
46 27 0
47 28 0
48 31 0
49 31 0
50 31 0
GraphDataEnd
GraphEnd
NodeEnd
END_EPT
