BEGIN_EPT
AnchorID: 20816  # ID of the anchor node
RootIndex: 0  # Index of the root node in tree_nodes
NodeCount: 5  # Total number of nodes in the EPT
NodeStart
EPTNodeID: 0
AnchorID: 20816
TreeNodeGraphID: 0
Level: 0
SimplifiedLevel: 0
EditOperation: -1 0 -1 0 0
AccumulatedOpsCount: 0
ChildrenCount: 1
ChildIndices: 1
CompletedDBGraphIDsCount: 0
GraphStart
GraphDataStart
ID: 0
NumNodes: 60
NumEdges: 128
NodeLabels
6 1 1 1 1 2 3 3 3 3 3 3 4 4 4 4 4 4 4 4 4 4 4 4 4 4 4 4 4 4 4 4 4 4 4 4 4 4 5 5 5 5 5 5 5 5 5 5 5 5 5 5 5 5 5 5 5 5 5 5 
Edges
0 26 0
0 28 0
1 27 0
2 27 0
3 27 0
4 36 0
5 23 0
6 9 0
6 12 0
6 14 0
7 10 0
7 16 0
7 17 0
8 13 0
8 23 0
8 40 0
9 6 0
9 15 0
10 7 0
10 18 0
11 16 0
11 21 0
12 6 0
12 13 0
12 20 0
13 8 0
13 12 0
13 15 0
14 6 0
14 19 0
14 38 0
14 39 0
15 9 0
15 13 0
15 25 0
16 7 0
16 11 0
16 22 0
17 7 0
17 24 0
17 27 0
18 10 0
18 22 0
18 23 0
19 14 0
19 29 0
19 30 0
20 12 0
20 41 0
20 42 0
20 43 0
21 11 0
21 24 0
21 26 0
22 16 0
22 18 0
22 44 0
23 5 0
23 8 0
23 18 0
24 17 0
24 21 0
24 45 0
25 15 0
25 46 0
25 47 0
25 48 0
26 0 0
26 21 0
26 31 0
27 1 0
27 2 0
27 3 0
27 17 0
28 0 0
28 32 0
28 33 0
29 19 0
29 34 0
29 49 0
30 19 0
30 35 0
30 50 0
31 26 0
31 32 0
31 51 0
32 28 0
32 31 0
32 52 0
33 28 0
33 37 0
33 53 0
33 54 0
34 29 0
34 36 0
34 55 0
35 30 0
35 36 0
35 56 0
36 4 0
36 34 0
36 35 0
37 33 0
37 57 0
37 58 0
37 59 0
38 14 0
39 14 0
40 8 0
41 20 0
42 20 0
43 20 0
44 22 0
45 24 0
46 25 0
47 25 0
48 25 0
49 29 0
50 30 0
51 31 0
52 32 0
53 33 0
54 33 0
55 34 0
56 35 0
57 37 0
58 37 0
59 37 0
GraphDataEnd
GraphEnd
NodeEnd
NodeStart
EPTNodeID: 1
AnchorID: 20816
TreeNodeGraphID: 1
Level: 1
SimplifiedLevel: 0
EditOperation: 0 4 0 1 5
AccumulatedOpsCount: 1
AccumulatedOp: 0 4 0 1 5
ChildrenCount: 3
ChildIndices: 2 3 4
CompletedDBGraphIDsCount: 0
GraphStart
GraphDataStart
ID: 1
NumNodes: 60
NumEdges: 128
NodeLabels
6 1 1 1 5 2 3 3 3 3 3 3 4 4 4 4 4 4 4 4 4 4 4 4 4 4 4 4 4 4 4 4 4 4 4 4 4 4 5 5 5 5 5 5 5 5 5 5 5 5 5 5 5 5 5 5 5 5 5 5 
Edges
0 26 0
0 28 0
1 27 0
2 27 0
3 27 0
4 36 0
5 23 0
6 9 0
6 12 0
6 14 0
7 10 0
7 16 0
7 17 0
8 13 0
8 23 0
8 40 0
9 6 0
9 15 0
10 7 0
10 18 0
11 16 0
11 21 0
12 6 0
12 13 0
12 20 0
13 8 0
13 12 0
13 15 0
14 6 0
14 19 0
14 38 0
14 39 0
15 9 0
15 13 0
15 25 0
16 7 0
16 11 0
16 22 0
17 7 0
17 24 0
17 27 0
18 10 0
18 22 0
18 23 0
19 14 0
19 29 0
19 30 0
20 12 0
20 41 0
20 42 0
20 43 0
21 11 0
21 24 0
21 26 0
22 16 0
22 18 0
22 44 0
23 5 0
23 8 0
23 18 0
24 17 0
24 21 0
24 45 0
25 15 0
25 46 0
25 47 0
25 48 0
26 0 0
26 21 0
26 31 0
27 1 0
27 2 0
27 3 0
27 17 0
28 0 0
28 32 0
28 33 0
29 19 0
29 34 0
29 49 0
30 19 0
30 35 0
30 50 0
31 26 0
31 32 0
31 51 0
32 28 0
32 31 0
32 52 0
33 28 0
33 37 0
33 53 0
33 54 0
34 29 0
34 36 0
34 55 0
35 30 0
35 36 0
35 56 0
36 4 0
36 34 0
36 35 0
37 33 0
37 57 0
37 58 0
37 59 0
38 14 0
39 14 0
40 8 0
41 20 0
42 20 0
43 20 0
44 22 0
45 24 0
46 25 0
47 25 0
48 25 0
49 29 0
50 30 0
51 31 0
52 32 0
53 33 0
54 33 0
55 34 0
56 35 0
57 37 0
58 37 0
59 37 0
GraphDataEnd
GraphEnd
NodeEnd
NodeStart
EPTNodeID: 2
AnchorID: 20816
TreeNodeGraphID: 8
Level: 8
SimplifiedLevel: 0
EditOperation: 5 50 62 0 0
AccumulatedOpsCount: 7
AccumulatedOp: 2 60 0 0 5
AccumulatedOp: 0 50 0 5 4
AccumulatedOp: 2 61 0 0 5
AccumulatedOp: 2 62 0 0 5
AccumulatedOp: 5 50 60 0 0
AccumulatedOp: 5 50 61 0 0
AccumulatedOp: 5 50 62 0 0
ChildrenCount: 0
ChildIndices:
CompletedDBGraphIDsCount: 1
CompletedDBGraphID: 19648
GraphStart
GraphDataStart
ID: 8
NumNodes: 63
NumEdges: 134
NodeLabels
6 1 1 1 5 2 3 3 3 3 3 3 4 4 4 4 4 4 4 4 4 4 4 4 4 4 4 4 4 4 4 4 4 4 4 4 4 4 5 5 5 5 5 5 5 5 5 5 5 5 4 5 5 5 5 5 5 5 5 5 5 5 5 
Edges
0 26 0
0 28 0
1 27 0
2 27 0
3 27 0
4 36 0
5 23 0
6 9 0
6 12 0
6 14 0
7 10 0
7 16 0
7 17 0
8 13 0
8 23 0
8 40 0
9 6 0
9 15 0
10 7 0
10 18 0
11 16 0
11 21 0
12 6 0
12 13 0
12 20 0
13 8 0
13 12 0
13 15 0
14 6 0
14 19 0
14 38 0
14 39 0
15 9 0
15 13 0
15 25 0
16 7 0
16 11 0
16 22 0
17 7 0
17 24 0
17 27 0
18 10 0
18 22 0
18 23 0
19 14 0
19 29 0
19 30 0
20 12 0
20 41 0
20 42 0
20 43 0
21 11 0
21 24 0
21 26 0
22 16 0
22 18 0
22 44 0
23 5 0
23 8 0
23 18 0
24 17 0
24 21 0
24 45 0
25 15 0
25 46 0
25 47 0
25 48 0
26 0 0
26 21 0
26 31 0
27 1 0
27 2 0
27 3 0
27 17 0
28 0 0
28 32 0
28 33 0
29 19 0
29 34 0
29 49 0
30 19 0
30 35 0
30 50 0
31 26 0
31 32 0
31 51 0
32 28 0
32 31 0
32 52 0
33 28 0
33 37 0
33 53 0
33 54 0
34 29 0
34 36 0
34 55 0
35 30 0
35 36 0
35 56 0
36 4 0
36 34 0
36 35 0
37 33 0
37 57 0
37 58 0
37 59 0
38 14 0
39 14 0
40 8 0
41 20 0
42 20 0
43 20 0
44 22 0
45 24 0
46 25 0
47 25 0
48 25 0
49 29 0
50 30 0
50 60 0
50 61 0
50 62 0
51 31 0
52 32 0
53 33 0
54 33 0
55 34 0
56 35 0
57 37 0
58 37 0
59 37 0
60 50 0
61 50 0
62 50 0
GraphDataEnd
GraphEnd
NodeEnd
NodeStart
EPTNodeID: 3
AnchorID: 20816
TreeNodeGraphID: 9
Level: 2
SimplifiedLevel: 0
EditOperation: 0 49 0 5 7
AccumulatedOpsCount: 1
AccumulatedOp: 0 49 0 5 7
ChildrenCount: 0
ChildIndices:
CompletedDBGraphIDsCount: 1
CompletedDBGraphID: 3049
GraphStart
GraphDataStart
ID: 9
NumNodes: 60
NumEdges: 128
NodeLabels
6 1 1 1 5 2 3 3 3 3 3 3 4 4 4 4 4 4 4 4 4 4 4 4 4 4 4 4 4 4 4 4 4 4 4 4 4 4 5 5 5 5 5 5 5 5 5 5 5 7 5 5 5 5 5 5 5 5 5 5 
Edges
0 26 0
0 28 0
1 27 0
2 27 0
3 27 0
4 36 0
5 23 0
6 9 0
6 12 0
6 14 0
7 10 0
7 16 0
7 17 0
8 13 0
8 23 0
8 40 0
9 6 0
9 15 0
10 7 0
10 18 0
11 16 0
11 21 0
12 6 0
12 13 0
12 20 0
13 8 0
13 12 0
13 15 0
14 6 0
14 19 0
14 38 0
14 39 0
15 9 0
15 13 0
15 25 0
16 7 0
16 11 0
16 22 0
17 7 0
17 24 0
17 27 0
18 10 0
18 22 0
18 23 0
19 14 0
19 29 0
19 30 0
20 12 0
20 41 0
20 42 0
20 43 0
21 11 0
21 24 0
21 26 0
22 16 0
22 18 0
22 44 0
23 5 0
23 8 0
23 18 0
24 17 0
24 21 0
24 45 0
25 15 0
25 46 0
25 47 0
25 48 0
26 0 0
26 21 0
26 31 0
27 1 0
27 2 0
27 3 0
27 17 0
28 0 0
28 32 0
28 33 0
29 19 0
29 34 0
29 49 0
30 19 0
30 35 0
30 50 0
31 26 0
31 32 0
31 51 0
32 28 0
32 31 0
32 52 0
33 28 0
33 37 0
33 53 0
33 54 0
34 29 0
34 36 0
34 55 0
35 30 0
35 36 0
35 56 0
36 4 0
36 34 0
36 35 0
37 33 0
37 57 0
37 58 0
37 59 0
38 14 0
39 14 0
40 8 0
41 20 0
42 20 0
43 20 0
44 22 0
45 24 0
46 25 0
47 25 0
48 25 0
49 29 0
50 30 0
51 31 0
52 32 0
53 33 0
54 33 0
55 34 0
56 35 0
57 37 0
58 37 0
59 37 0
GraphDataEnd
GraphEnd
NodeEnd
NodeStart
EPTNodeID: 4
AnchorID: 20816
TreeNodeGraphID: 18
Level: 10
SimplifiedLevel: 0
EditOperation: 5 30 37 0 0
AccumulatedOpsCount: 9
AccumulatedOp: 0 33 0 4 7
AccumulatedOp: 4 33 54 0 0
AccumulatedOp: 1 54 0 5 0
AccumulatedOp: 4 30 50 0 0
AccumulatedOp: 1 50 0 5 0
AccumulatedOp: 4 33 37 0 0
AccumulatedOp: 4 33 53 0 0
AccumulatedOp: 1 53 0 5 0
AccumulatedOp: 5 30 37 0 0
ChildrenCount: 0
ChildIndices:
CompletedDBGraphIDsCount: 1
CompletedDBGraphID: 14804
GraphStart
GraphDataStart
ID: 18
NumNodes: 57
NumEdges: 122
NodeLabels
6 1 1 1 5 2 3 3 3 3 3 3 4 4 4 4 4 4 4 4 4 4 4 4 4 4 4 4 4 4 4 4 4 7 4 4 4 4 5 5 5 5 5 5 5 5 5 5 5 5 5 5 5 5 5 5 5 
Edges
0 26 0
0 28 0
1 27 0
2 27 0
3 27 0
4 36 0
5 23 0
6 9 0
6 12 0
6 14 0
7 10 0
7 16 0
7 17 0
8 13 0
8 23 0
8 40 0
9 6 0
9 15 0
10 7 0
10 18 0
11 16 0
11 21 0
12 6 0
12 13 0
12 20 0
13 8 0
13 12 0
13 15 0
14 6 0
14 19 0
14 38 0
14 39 0
15 9 0
15 13 0
15 25 0
16 7 0
16 11 0
16 22 0
17 7 0
17 24 0
17 27 0
18 10 0
18 22 0
18 23 0
19 14 0
19 29 0
19 30 0
20 12 0
20 41 0
20 42 0
20 43 0
21 11 0
21 24 0
21 26 0
22 16 0
22 18 0
22 44 0
23 5 0
23 8 0
23 18 0
24 17 0
24 21 0
24 45 0
25 15 0
25 46 0
25 47 0
25 48 0
26 0 0
26 21 0
26 31 0
27 1 0
27 2 0
27 3 0
27 17 0
28 0 0
28 32 0
28 33 0
29 19 0
29 34 0
29 49 0
30 19 0
30 35 0
30 37 0
31 26 0
31 32 0
31 50 0
32 28 0
32 31 0
32 51 0
33 28 0
34 29 0
34 36 0
34 52 0
35 30 0
35 36 0
35 53 0
36 4 0
36 34 0
36 35 0
37 54 0
37 55 0
37 56 0
37 30 0
38 14 0
39 14 0
40 8 0
41 20 0
42 20 0
43 20 0
44 22 0
45 24 0
46 25 0
47 25 0
48 25 0
49 29 0
50 31 0
51 32 0
52 34 0
53 35 0
54 37 0
55 37 0
56 37 0
GraphDataEnd
GraphEnd
NodeEnd
END_EPT
