BEGIN_EPT
AnchorID: 3456  # ID of the anchor node
RootIndex: 0  # Index of the root node in tree_nodes
NodeCount: 4  # Total number of nodes in the EPT
NodeStart
EPTNodeID: 0
AnchorID: 3456
TreeNodeGraphID: 0
Level: 0
SimplifiedLevel: 0
EditOperation: -1 0 -1 0 0
AccumulatedOpsCount: 0
ChildrenCount: 1
ChildIndices: 1
CompletedDBGraphIDsCount: 1
CompletedDBGraphID: 11954
GraphStart
GraphDataStart
ID: 0
NumNodes: 64
NumEdges: 134
NodeLabels
6 1 2 2 3 3 3 4 4 4 4 4 4 4 4 4 4 4 4 4 4 4 4 4 4 4 4 4 4 4 4 4 5 5 5 5 5 5 5 5 5 5 5 5 5 5 5 5 5 5 5 5 5 5 5 5 5 5 5 5 5 5 5 5 
Edges
0 13 0
0 18 0
1 27 0
2 19 0
3 25 0
4 19 0
4 20 0
4 21 0
5 22 0
5 23 0
5 24 0
6 18 0
6 25 0
6 56 0
7 8 0
7 9 0
7 10 0
7 32 0
8 7 0
8 14 0
8 15 0
8 16 0
9 7 0
9 11 0
9 33 0
9 34 0
10 7 0
10 13 0
10 35 0
10 36 0
11 9 0
11 12 0
11 37 0
11 38 0
12 11 0
12 13 0
12 17 0
13 0 0
13 10 0
13 12 0
14 8 0
14 39 0
14 42 0
14 43 0
15 8 0
15 44 0
15 46 0
15 47 0
16 8 0
16 40 0
16 41 0
16 45 0
17 12 0
17 18 0
17 19 0
18 0 0
18 6 0
18 17 0
19 2 0
19 4 0
19 17 0
20 4 0
20 23 0
20 50 0
20 51 0
21 4 0
21 22 0
21 48 0
21 49 0
22 5 0
22 21 0
22 54 0
22 55 0
23 5 0
23 20 0
23 52 0
23 53 0
24 5 0
24 57 0
24 58 0
24 59 0
25 3 0
25 6 0
25 26 0
26 25 0
26 27 0
26 28 0
27 1 0
27 26 0
27 29 0
28 26 0
28 30 0
28 60 0
29 27 0
29 31 0
29 61 0
30 28 0
30 31 0
30 62 0
31 29 0
31 30 0
31 63 0
32 7 0
33 9 0
34 9 0
35 10 0
36 10 0
37 11 0
38 11 0
39 14 0
40 16 0
41 16 0
42 14 0
43 14 0
44 15 0
45 16 0
46 15 0
47 15 0
48 21 0
49 21 0
50 20 0
51 20 0
52 23 0
53 23 0
54 22 0
55 22 0
56 6 0
57 24 0
58 24 0
59 24 0
60 28 0
61 29 0
62 30 0
63 31 0
GraphDataEnd
GraphEnd
NodeEnd
NodeStart
EPTNodeID: 1
AnchorID: 3456
TreeNodeGraphID: 2
Level: 2
SimplifiedLevel: 0
EditOperation: 1 63 0 5 0
AccumulatedOpsCount: 2
AccumulatedOp: 4 31 63 0 0
AccumulatedOp: 1 63 0 5 0
ChildrenCount: 2
ChildIndices: 2 3
CompletedDBGraphIDsCount: 0
GraphStart
GraphDataStart
ID: 2
NumNodes: 63
NumEdges: 132
NodeLabels
6 1 2 2 3 3 3 4 4 4 4 4 4 4 4 4 4 4 4 4 4 4 4 4 4 4 4 4 4 4 4 4 5 5 5 5 5 5 5 5 5 5 5 5 5 5 5 5 5 5 5 5 5 5 5 5 5 5 5 5 5 5 5 
Edges
0 13 0
0 18 0
1 27 0
2 19 0
3 25 0
4 19 0
4 20 0
4 21 0
5 22 0
5 23 0
5 24 0
6 18 0
6 25 0
6 56 0
7 8 0
7 9 0
7 10 0
7 32 0
8 7 0
8 14 0
8 15 0
8 16 0
9 7 0
9 11 0
9 33 0
9 34 0
10 7 0
10 13 0
10 35 0
10 36 0
11 9 0
11 12 0
11 37 0
11 38 0
12 11 0
12 13 0
12 17 0
13 0 0
13 10 0
13 12 0
14 8 0
14 39 0
14 42 0
14 43 0
15 8 0
15 44 0
15 46 0
15 47 0
16 8 0
16 40 0
16 41 0
16 45 0
17 12 0
17 18 0
17 19 0
18 0 0
18 6 0
18 17 0
19 2 0
19 4 0
19 17 0
20 4 0
20 23 0
20 50 0
20 51 0
21 4 0
21 22 0
21 48 0
21 49 0
22 5 0
22 21 0
22 54 0
22 55 0
23 5 0
23 20 0
23 52 0
23 53 0
24 5 0
24 57 0
24 58 0
24 59 0
25 3 0
25 6 0
25 26 0
26 25 0
26 27 0
26 28 0
27 1 0
27 26 0
27 29 0
28 26 0
28 30 0
28 60 0
29 27 0
29 31 0
29 61 0
30 28 0
30 31 0
30 62 0
31 29 0
31 30 0
32 7 0
33 9 0
34 9 0
35 10 0
36 10 0
37 11 0
38 11 0
39 14 0
40 16 0
41 16 0
42 14 0
43 14 0
44 15 0
45 16 0
46 15 0
47 15 0
48 21 0
49 21 0
50 20 0
51 20 0
52 23 0
53 23 0
54 22 0
55 22 0
56 6 0
57 24 0
58 24 0
59 24 0
60 28 0
61 29 0
62 30 0
GraphDataEnd
GraphEnd
NodeEnd
NodeStart
EPTNodeID: 2
AnchorID: 3456
TreeNodeGraphID: 9
Level: 9
SimplifiedLevel: 0
EditOperation: 1 31 0 4 0
AccumulatedOpsCount: 7
AccumulatedOp: 0 27 0 4 2
AccumulatedOp: 5 29 30 0 0
AccumulatedOp: 4 1 27 0 0
AccumulatedOp: 1 1 0 1 0
AccumulatedOp: 4 29 31 0 0
AccumulatedOp: 4 30 31 0 0
AccumulatedOp: 1 31 0 4 0
ChildrenCount: 0
ChildIndices:
CompletedDBGraphIDsCount: 2
CompletedDBGraphID: 6222
CompletedDBGraphID: 13806
GraphStart
GraphDataStart
ID: 9
NumNodes: 61
NumEdges: 128
NodeLabels
6 2 2 3 3 3 4 4 4 4 4 4 4 4 4 4 4 4 4 4 4 4 4 4 4 4 2 4 4 4 5 5 5 5 5 5 5 5 5 5 5 5 5 5 5 5 5 5 5 5 5 5 5 5 5 5 5 5 5 5 5 
Edges
0 12 0
0 17 0
1 18 0
2 24 0
3 18 0
3 19 0
3 20 0
4 21 0
4 22 0
4 23 0
5 17 0
5 24 0
5 54 0
6 7 0
6 8 0
6 9 0
6 30 0
7 6 0
7 13 0
7 14 0
7 15 0
8 6 0
8 10 0
8 31 0
8 32 0
9 6 0
9 12 0
9 33 0
9 34 0
10 8 0
10 11 0
10 35 0
10 36 0
11 10 0
11 12 0
11 16 0
12 0 0
12 9 0
12 11 0
13 7 0
13 37 0
13 40 0
13 41 0
14 7 0
14 42 0
14 44 0
14 45 0
15 7 0
15 38 0
15 39 0
15 43 0
16 11 0
16 17 0
16 18 0
17 0 0
17 5 0
17 16 0
18 1 0
18 3 0
18 16 0
19 3 0
19 22 0
19 48 0
19 49 0
20 3 0
20 21 0
20 46 0
20 47 0
21 4 0
21 20 0
21 52 0
21 53 0
22 4 0
22 19 0
22 50 0
22 51 0
23 4 0
23 55 0
23 56 0
23 57 0
24 2 0
24 5 0
24 25 0
25 24 0
25 26 0
25 27 0
26 25 0
26 28 0
27 25 0
27 29 0
27 58 0
28 26 0
28 59 0
28 29 0
29 27 0
29 60 0
29 28 0
30 6 0
31 8 0
32 8 0
33 9 0
34 9 0
35 10 0
36 10 0
37 13 0
38 15 0
39 15 0
40 13 0
41 13 0
42 14 0
43 15 0
44 14 0
45 14 0
46 20 0
47 20 0
48 19 0
49 19 0
50 22 0
51 22 0
52 21 0
53 21 0
54 5 0
55 23 0
56 23 0
57 23 0
58 27 0
59 28 0
60 29 0
GraphDataEnd
GraphEnd
NodeEnd
NodeStart
EPTNodeID: 3
AnchorID: 3456
TreeNodeGraphID: 13
Level: 6
SimplifiedLevel: 0
EditOperation: 5 24 31 0 0
AccumulatedOpsCount: 4
AccumulatedOp: 0 1 0 1 5
AccumulatedOp: 4 5 24 0 0
AccumulatedOp: 0 5 0 3 2
AccumulatedOp: 5 24 31 0 0
ChildrenCount: 0
ChildIndices:
CompletedDBGraphIDsCount: 2
CompletedDBGraphID: 16261
CompletedDBGraphID: 16732
GraphStart
GraphDataStart
ID: 13
NumNodes: 63
NumEdges: 132
NodeLabels
6 5 2 2 3 2 3 4 4 4 4 4 4 4 4 4 4 4 4 4 4 4 4 4 4 4 4 4 4 4 4 4 5 5 5 5 5 5 5 5 5 5 5 5 5 5 5 5 5 5 5 5 5 5 5 5 5 5 5 5 5 5 5 
Edges
0 13 0
0 18 0
1 27 0
2 19 0
3 25 0
4 19 0
4 20 0
4 21 0
5 22 0
5 23 0
6 18 0
6 25 0
6 56 0
7 8 0
7 9 0
7 10 0
7 32 0
8 7 0
8 14 0
8 15 0
8 16 0
9 7 0
9 11 0
9 33 0
9 34 0
10 7 0
10 13 0
10 35 0
10 36 0
11 9 0
11 12 0
11 37 0
11 38 0
12 11 0
12 13 0
12 17 0
13 0 0
13 10 0
13 12 0
14 8 0
14 39 0
14 42 0
14 43 0
15 8 0
15 44 0
15 46 0
15 47 0
16 8 0
16 40 0
16 41 0
16 45 0
17 12 0
17 18 0
17 19 0
18 0 0
18 6 0
18 17 0
19 2 0
19 4 0
19 17 0
20 4 0
20 23 0
20 50 0
20 51 0
21 4 0
21 22 0
21 48 0
21 49 0
22 5 0
22 21 0
22 54 0
22 55 0
23 5 0
23 20 0
23 52 0
23 53 0
24 57 0
24 58 0
24 59 0
24 31 0
25 3 0
25 6 0
25 26 0
26 25 0
26 27 0
26 28 0
27 1 0
27 26 0
27 29 0
28 26 0
28 30 0
28 60 0
29 27 0
29 31 0
29 61 0
30 28 0
30 31 0
30 62 0
31 29 0
31 30 0
31 24 0
32 7 0
33 9 0
34 9 0
35 10 0
36 10 0
37 11 0
38 11 0
39 14 0
40 16 0
41 16 0
42 14 0
43 14 0
44 15 0
45 16 0
46 15 0
47 15 0
48 21 0
49 21 0
50 20 0
51 20 0
52 23 0
53 23 0
54 22 0
55 22 0
56 6 0
57 24 0
58 24 0
59 24 0
60 28 0
61 29 0
62 30 0
GraphDataEnd
GraphEnd
NodeEnd
END_EPT
