BEGIN_EPT
AnchorID: 19418  # ID of the anchor node
RootIndex: 0  # Index of the root node in tree_nodes
NodeCount: 2  # Total number of nodes in the EPT
NodeStart
EPTNodeID: 0
AnchorID: 19418
TreeNodeGraphID: 0
Level: 0
SimplifiedLevel: 0
EditOperation: -1 0 -1 0 0
AccumulatedOpsCount: 0
ChildrenCount: 1
ChildIndices: 1
CompletedDBGraphIDsCount: 0
GraphStart
GraphDataStart
ID: 0
NumNodes: 73
NumEdges: 152
NodeLabels
2 2 2 2 2 2 2 2 3 3 3 3 3 3 4 4 4 4 4 4 4 4 4 4 4 4 4 4 4 4 4 4 4 4 4 4 4 4 4 5 5 5 5 5 5 5 5 5 5 5 5 5 5 5 5 5 5 5 5 5 5 5 5 5 5 5 5 5 5 5 5 5 5 
Edges
0 22 0
0 61 0
1 23 0
2 25 0
3 28 0
3 29 0
4 29 0
5 33 0
5 36 0
6 34 0
6 37 0
7 35 0
7 38 0
8 14 0
8 15 0
8 18 0
9 16 0
9 17 0
9 19 0
10 18 0
10 20 0
10 24 0
11 18 0
11 21 0
12 21 0
12 25 0
12 27 0
13 23 0
13 25 0
13 26 0
14 8 0
14 16 0
14 40 0
14 41 0
15 8 0
15 17 0
15 39 0
15 42 0
16 9 0
16 14 0
16 43 0
16 44 0
17 9 0
17 15 0
17 45 0
17 46 0
18 8 0
18 10 0
18 11 0
19 9 0
19 22 0
19 47 0
19 48 0
20 10 0
20 21 0
20 23 0
21 11 0
21 12 0
21 20 0
22 0 0
22 19 0
22 49 0
22 50 0
23 1 0
23 13 0
23 20 0
24 10 0
24 51 0
24 52 0
24 53 0
25 2 0
25 12 0
25 13 0
26 13 0
26 28 0
26 54 0
26 55 0
27 12 0
27 56 0
27 57 0
27 58 0
28 3 0
28 26 0
28 59 0
28 60 0
29 3 0
29 4 0
29 30 0
30 29 0
30 31 0
30 32 0
31 30 0
31 34 0
31 62 0
32 30 0
32 33 0
32 63 0
33 5 0
33 32 0
33 35 0
34 6 0
34 31 0
34 35 0
35 7 0
35 33 0
35 34 0
36 5 0
36 64 0
36 65 0
36 66 0
37 6 0
37 67 0
37 68 0
37 69 0
38 7 0
38 70 0
38 71 0
38 72 0
39 15 0
40 14 0
41 14 0
42 15 0
43 16 0
44 16 0
45 17 0
46 17 0
47 19 0
48 19 0
49 22 0
50 22 0
51 24 0
52 24 0
53 24 0
54 26 0
55 26 0
56 27 0
57 27 0
58 27 0
59 28 0
60 28 0
61 0 0
62 31 0
63 32 0
64 36 0
65 36 0
66 36 0
67 37 0
68 37 0
69 37 0
70 38 0
71 38 0
72 38 0
GraphDataEnd
GraphEnd
NodeEnd
NodeStart
EPTNodeID: 1
AnchorID: 19418
TreeNodeGraphID: 4
Level: 4
SimplifiedLevel: 0
EditOperation: 5 26 53 0 0
AccumulatedOpsCount: 4
AccumulatedOp: 4 24 53 0 0
AccumulatedOp: 5 24 28 0 0
AccumulatedOp: 4 26 28 0 0
AccumulatedOp: 5 26 53 0 0
ChildrenCount: 0
ChildIndices:
CompletedDBGraphIDsCount: 1
CompletedDBGraphID: 8011
GraphStart
GraphDataStart
ID: 4
NumNodes: 73
NumEdges: 152
NodeLabels
2 2 2 2 2 2 2 2 3 3 3 3 3 3 4 4 4 4 4 4 4 4 4 4 4 4 4 4 4 4 4 4 4 4 4 4 4 4 4 5 5 5 5 5 5 5 5 5 5 5 5 5 5 5 5 5 5 5 5 5 5 5 5 5 5 5 5 5 5 5 5 5 5 
Edges
0 22 0
0 61 0
1 23 0
2 25 0
3 28 0
3 29 0
4 29 0
5 33 0
5 36 0
6 34 0
6 37 0
7 35 0
7 38 0
8 14 0
8 15 0
8 18 0
9 16 0
9 17 0
9 19 0
10 18 0
10 20 0
10 24 0
11 18 0
11 21 0
12 21 0
12 25 0
12 27 0
13 23 0
13 25 0
13 26 0
14 8 0
14 16 0
14 40 0
14 41 0
15 8 0
15 17 0
15 39 0
15 42 0
16 9 0
16 14 0
16 43 0
16 44 0
17 9 0
17 15 0
17 45 0
17 46 0
18 8 0
18 10 0
18 11 0
19 9 0
19 22 0
19 47 0
19 48 0
20 10 0
20 21 0
20 23 0
21 11 0
21 12 0
21 20 0
22 0 0
22 19 0
22 49 0
22 50 0
23 1 0
23 13 0
23 20 0
24 10 0
24 51 0
24 52 0
24 28 0
25 2 0
25 12 0
25 13 0
26 13 0
26 54 0
26 55 0
26 53 0
27 12 0
27 56 0
27 57 0
27 58 0
28 3 0
28 59 0
28 60 0
28 24 0
29 3 0
29 4 0
29 30 0
30 29 0
30 31 0
30 32 0
31 30 0
31 34 0
31 62 0
32 30 0
32 33 0
32 63 0
33 5 0
33 32 0
33 35 0
34 6 0
34 31 0
34 35 0
35 7 0
35 33 0
35 34 0
36 5 0
36 64 0
36 65 0
36 66 0
37 6 0
37 67 0
37 68 0
37 69 0
38 7 0
38 70 0
38 71 0
38 72 0
39 15 0
40 14 0
41 14 0
42 15 0
43 16 0
44 16 0
45 17 0
46 17 0
47 19 0
48 19 0
49 22 0
50 22 0
51 24 0
52 24 0
53 26 0
54 26 0
55 26 0
56 27 0
57 27 0
58 27 0
59 28 0
60 28 0
61 0 0
62 31 0
63 32 0
64 36 0
65 36 0
66 36 0
67 37 0
68 37 0
69 37 0
70 38 0
71 38 0
72 38 0
GraphDataEnd
GraphEnd
NodeEnd
END_EPT
