BEGIN_EPT
AnchorID: 15437  # ID of the anchor node
RootIndex: 0  # Index of the root node in tree_nodes
NodeCount: 13  # Total number of nodes in the EPT
NodeStart
EPTNodeID: 0
AnchorID: 15437
TreeNodeGraphID: 0
Level: 0
SimplifiedLevel: 0
EditOperation: -1 0 -1 0 0
AccumulatedOpsCount: 0
ChildrenCount: 4
ChildIndices: 1 10 11 12
CompletedDBGraphIDsCount: 0
GraphStart
GraphDataStart
ID: 0
NumNodes: 63
NumEdges: 132
NodeLabels
6 1 2 3 3 3 3 3 4 4 4 4 4 4 4 4 4 4 4 4 4 4 4 4 4 4 4 4 4 4 4 4 4 4 4 5 5 5 5 5 5 5 5 5 5 5 5 5 5 5 5 5 5 5 5 5 5 5 5 5 5 5 5 
Edges
0 11 0
0 19 0
1 34 0
2 22 0
3 8 0
3 9 0
3 11 0
4 12 0
4 22 0
4 41 0
5 10 0
5 25 0
5 42 0
6 7 0
6 9 0
7 6 0
7 11 0
8 3 0
8 13 0
8 35 0
8 36 0
9 3 0
9 6 0
9 10 0
10 5 0
10 9 0
10 37 0
10 38 0
11 0 0
11 3 0
11 7 0
12 4 0
12 14 0
12 15 0
13 8 0
13 20 0
13 21 0
14 12 0
14 17 0
14 23 0
15 12 0
15 18 0
15 24 0
16 17 0
16 18 0
16 26 0
17 14 0
17 16 0
17 39 0
18 15 0
18 16 0
18 40 0
19 0 0
19 22 0
19 43 0
19 44 0
20 13 0
20 27 0
20 45 0
21 13 0
21 28 0
21 46 0
22 2 0
22 4 0
22 19 0
23 14 0
23 47 0
23 48 0
23 49 0
24 15 0
24 50 0
24 51 0
24 52 0
25 5 0
25 30 0
25 31 0
26 16 0
26 53 0
26 54 0
26 55 0
27 20 0
27 29 0
27 56 0
28 21 0
28 29 0
28 57 0
29 27 0
29 28 0
29 58 0
30 25 0
30 32 0
30 59 0
31 25 0
31 33 0
31 60 0
32 30 0
32 34 0
32 61 0
33 31 0
33 34 0
33 62 0
34 1 0
34 32 0
34 33 0
35 8 0
36 8 0
37 10 0
38 10 0
39 17 0
40 18 0
41 4 0
42 5 0
43 19 0
44 19 0
45 20 0
46 21 0
47 23 0
48 23 0
49 23 0
50 24 0
51 24 0
52 24 0
53 26 0
54 26 0
55 26 0
56 27 0
57 28 0
58 29 0
59 30 0
60 31 0
61 32 0
62 33 0
GraphDataEnd
GraphEnd
NodeEnd
NodeStart
EPTNodeID: 1
AnchorID: 15437
TreeNodeGraphID: 1
Level: 1
SimplifiedLevel: 0
EditOperation: 4 3 8 0 0
AccumulatedOpsCount: 1
AccumulatedOp: 4 3 8 0 0
ChildrenCount: 2
ChildIndices: 2 9
CompletedDBGraphIDsCount: 0
GraphStart
GraphDataStart
ID: 1
NumNodes: 63
NumEdges: 130
NodeLabels
6 1 2 3 3 3 3 3 4 4 4 4 4 4 4 4 4 4 4 4 4 4 4 4 4 4 4 4 4 4 4 4 4 4 4 5 5 5 5 5 5 5 5 5 5 5 5 5 5 5 5 5 5 5 5 5 5 5 5 5 5 5 5 
Edges
0 11 0
0 19 0
1 34 0
2 22 0
3 9 0
3 11 0
4 12 0
4 22 0
4 41 0
5 10 0
5 25 0
5 42 0
6 7 0
6 9 0
7 6 0
7 11 0
8 13 0
8 35 0
8 36 0
9 3 0
9 6 0
9 10 0
10 5 0
10 9 0
10 37 0
10 38 0
11 0 0
11 3 0
11 7 0
12 4 0
12 14 0
12 15 0
13 8 0
13 20 0
13 21 0
14 12 0
14 17 0
14 23 0
15 12 0
15 18 0
15 24 0
16 17 0
16 18 0
16 26 0
17 14 0
17 16 0
17 39 0
18 15 0
18 16 0
18 40 0
19 0 0
19 22 0
19 43 0
19 44 0
20 13 0
20 27 0
20 45 0
21 13 0
21 28 0
21 46 0
22 2 0
22 4 0
22 19 0
23 14 0
23 47 0
23 48 0
23 49 0
24 15 0
24 50 0
24 51 0
24 52 0
25 5 0
25 30 0
25 31 0
26 16 0
26 53 0
26 54 0
26 55 0
27 20 0
27 29 0
27 56 0
28 21 0
28 29 0
28 57 0
29 27 0
29 28 0
29 58 0
30 25 0
30 32 0
30 59 0
31 25 0
31 33 0
31 60 0
32 30 0
32 34 0
32 61 0
33 31 0
33 34 0
33 62 0
34 1 0
34 32 0
34 33 0
35 8 0
36 8 0
37 10 0
38 10 0
39 17 0
40 18 0
41 4 0
42 5 0
43 19 0
44 19 0
45 20 0
46 21 0
47 23 0
48 23 0
49 23 0
50 24 0
51 24 0
52 24 0
53 26 0
54 26 0
55 26 0
56 27 0
57 28 0
58 29 0
59 30 0
60 31 0
61 32 0
62 33 0
GraphDataEnd
GraphEnd
NodeEnd
NodeStart
EPTNodeID: 2
AnchorID: 15437
TreeNodeGraphID: 3
Level: 3
SimplifiedLevel: 0
EditOperation: 4 8 13 0 0
AccumulatedOpsCount: 2
AccumulatedOp: 5 3 13 0 0
AccumulatedOp: 4 8 13 0 0
ChildrenCount: 2
ChildIndices: 3 8
CompletedDBGraphIDsCount: 0
GraphStart
GraphDataStart
ID: 3
NumNodes: 63
NumEdges: 130
NodeLabels
6 1 2 3 3 3 3 3 4 4 4 4 4 4 4 4 4 4 4 4 4 4 4 4 4 4 4 4 4 4 4 4 4 4 4 5 5 5 5 5 5 5 5 5 5 5 5 5 5 5 5 5 5 5 5 5 5 5 5 5 5 5 5 
Edges
0 11 0
0 19 0
1 34 0
2 22 0
3 9 0
3 11 0
3 13 0
4 12 0
4 22 0
4 41 0
5 10 0
5 25 0
5 42 0
6 7 0
6 9 0
7 6 0
7 11 0
8 35 0
8 36 0
9 3 0
9 6 0
9 10 0
10 5 0
10 9 0
10 37 0
10 38 0
11 0 0
11 3 0
11 7 0
12 4 0
12 14 0
12 15 0
13 20 0
13 21 0
13 3 0
14 12 0
14 17 0
14 23 0
15 12 0
15 18 0
15 24 0
16 17 0
16 18 0
16 26 0
17 14 0
17 16 0
17 39 0
18 15 0
18 16 0
18 40 0
19 0 0
19 22 0
19 43 0
19 44 0
20 13 0
20 27 0
20 45 0
21 13 0
21 28 0
21 46 0
22 2 0
22 4 0
22 19 0
23 14 0
23 47 0
23 48 0
23 49 0
24 15 0
24 50 0
24 51 0
24 52 0
25 5 0
25 30 0
25 31 0
26 16 0
26 53 0
26 54 0
26 55 0
27 20 0
27 29 0
27 56 0
28 21 0
28 29 0
28 57 0
29 27 0
29 28 0
29 58 0
30 25 0
30 32 0
30 59 0
31 25 0
31 33 0
31 60 0
32 30 0
32 34 0
32 61 0
33 31 0
33 34 0
33 62 0
34 1 0
34 32 0
34 33 0
35 8 0
36 8 0
37 10 0
38 10 0
39 17 0
40 18 0
41 4 0
42 5 0
43 19 0
44 19 0
45 20 0
46 21 0
47 23 0
48 23 0
49 23 0
50 24 0
51 24 0
52 24 0
53 26 0
54 26 0
55 26 0
56 27 0
57 28 0
58 29 0
59 30 0
60 31 0
61 32 0
62 33 0
GraphDataEnd
GraphEnd
NodeEnd
NodeStart
EPTNodeID: 3
AnchorID: 15437
TreeNodeGraphID: 6
Level: 6
SimplifiedLevel: 0
EditOperation: 1 8 0 4 0
AccumulatedOpsCount: 3
AccumulatedOp: 4 8 36 0 0
AccumulatedOp: 4 8 35 0 0
AccumulatedOp: 1 8 0 4 0
ChildrenCount: 2
ChildIndices: 4 7
CompletedDBGraphIDsCount: 0
GraphStart
GraphDataStart
ID: 6
NumNodes: 62
NumEdges: 126
NodeLabels
6 1 2 3 3 3 3 3 4 4 4 4 4 4 4 4 4 4 4 4 4 4 4 4 4 4 4 4 4 4 4 4 4 4 5 5 5 5 5 5 5 5 5 5 5 5 5 5 5 5 5 5 5 5 5 5 5 5 5 5 5 5 
Edges
0 10 0
0 18 0
1 33 0
2 21 0
3 8 0
3 10 0
3 12 0
4 11 0
4 21 0
4 40 0
5 9 0
5 24 0
5 41 0
6 7 0
6 8 0
7 6 0
7 10 0
8 3 0
8 6 0
8 9 0
9 5 0
9 8 0
9 36 0
9 37 0
10 0 0
10 3 0
10 7 0
11 4 0
11 13 0
11 14 0
12 19 0
12 20 0
12 3 0
13 11 0
13 16 0
13 22 0
14 11 0
14 17 0
14 23 0
15 16 0
15 17 0
15 25 0
16 13 0
16 15 0
16 38 0
17 14 0
17 15 0
17 39 0
18 0 0
18 21 0
18 42 0
18 43 0
19 12 0
19 26 0
19 44 0
20 12 0
20 27 0
20 45 0
21 2 0
21 4 0
21 18 0
22 13 0
22 46 0
22 47 0
22 48 0
23 14 0
23 49 0
23 50 0
23 51 0
24 5 0
24 29 0
24 30 0
25 15 0
25 52 0
25 53 0
25 54 0
26 19 0
26 28 0
26 55 0
27 20 0
27 28 0
27 56 0
28 26 0
28 27 0
28 57 0
29 24 0
29 31 0
29 58 0
30 24 0
30 32 0
30 59 0
31 29 0
31 33 0
31 60 0
32 30 0
32 33 0
32 61 0
33 1 0
33 31 0
33 32 0
36 9 0
37 9 0
38 16 0
39 17 0
40 4 0
41 5 0
42 18 0
43 18 0
44 19 0
45 20 0
46 22 0
47 22 0
48 22 0
49 23 0
50 23 0
51 23 0
52 25 0
53 25 0
54 25 0
55 26 0
56 27 0
57 28 0
58 29 0
59 30 0
60 31 0
61 32 0
GraphDataEnd
GraphEnd
NodeEnd
NodeStart
EPTNodeID: 4
AnchorID: 15437
TreeNodeGraphID: 7
Level: 7
SimplifiedLevel: 0
EditOperation: 1 36 0 5 0
AccumulatedOpsCount: 1
AccumulatedOp: 1 36 0 5 0
ChildrenCount: 2
ChildIndices: 5 6
CompletedDBGraphIDsCount: 0
GraphStart
GraphDataStart
ID: 7
NumNodes: 61
NumEdges: 126
NodeLabels
6 1 2 3 3 3 3 3 4 4 4 4 4 4 4 4 4 4 4 4 4 4 4 4 4 4 4 4 4 4 4 4 4 4 5 5 5 5 5 5 5 5 5 5 5 5 5 5 5 5 5 5 5 5 5 5 5 5 5 5 5 
Edges
0 10 0
0 18 0
1 33 0
2 21 0
3 8 0
3 10 0
3 12 0
4 11 0
4 21 0
4 39 0
5 9 0
5 24 0
5 40 0
6 7 0
6 8 0
7 6 0
7 10 0
8 3 0
8 6 0
8 9 0
9 5 0
9 8 0
9 35 0
9 36 0
10 0 0
10 3 0
10 7 0
11 4 0
11 13 0
11 14 0
12 19 0
12 20 0
12 3 0
13 11 0
13 16 0
13 22 0
14 11 0
14 17 0
14 23 0
15 16 0
15 17 0
15 25 0
16 13 0
16 15 0
16 37 0
17 14 0
17 15 0
17 38 0
18 0 0
18 21 0
18 41 0
18 42 0
19 12 0
19 26 0
19 43 0
20 12 0
20 27 0
20 44 0
21 2 0
21 4 0
21 18 0
22 13 0
22 45 0
22 46 0
22 47 0
23 14 0
23 48 0
23 49 0
23 50 0
24 5 0
24 29 0
24 30 0
25 15 0
25 51 0
25 52 0
25 53 0
26 19 0
26 28 0
26 54 0
27 20 0
27 28 0
27 55 0
28 26 0
28 27 0
28 56 0
29 24 0
29 31 0
29 57 0
30 24 0
30 32 0
30 58 0
31 29 0
31 33 0
31 59 0
32 30 0
32 33 0
32 60 0
33 1 0
33 31 0
33 32 0
35 9 0
36 9 0
37 16 0
38 17 0
39 4 0
40 5 0
41 18 0
42 18 0
43 19 0
44 20 0
45 22 0
46 22 0
47 22 0
48 23 0
49 23 0
50 23 0
51 25 0
52 25 0
53 25 0
54 26 0
55 27 0
56 28 0
57 29 0
58 30 0
59 31 0
60 32 0
GraphDataEnd
GraphEnd
NodeEnd
NodeStart
EPTNodeID: 5
AnchorID: 15437
TreeNodeGraphID: 14
Level: 14
SimplifiedLevel: 0
EditOperation: 5 26 34 0 0
AccumulatedOpsCount: 7
AccumulatedOp: 5 12 35 0 0
AccumulatedOp: 4 4 12 0 0
AccumulatedOp: 4 1 34 0 0
AccumulatedOp: 1 1 0 1 0
AccumulatedOp: 4 16 26 0 0
AccumulatedOp: 5 4 16 0 0
AccumulatedOp: 5 26 34 0 0
ChildrenCount: 0
ChildIndices:
CompletedDBGraphIDsCount: 1
CompletedDBGraphID: 1386
GraphStart
GraphDataStart
ID: 14
NumNodes: 60
NumEdges: 126
NodeLabels
6 2 3 3 3 3 3 4 4 4 4 4 4 4 4 4 4 4 4 4 4 4 4 4 4 4 4 4 4 4 4 4 4 5 5 5 5 5 5 5 5 5 5 5 5 5 5 5 5 5 5 5 5 5 5 5 5 5 5 5 
Edges
0 9 0
0 17 0
1 20 0
2 7 0
2 9 0
2 11 0
3 20 0
3 38 0
3 14 0
4 8 0
4 23 0
4 39 0
5 6 0
5 7 0
6 5 0
6 9 0
7 2 0
7 5 0
7 8 0
8 4 0
8 7 0
8 34 0
8 35 0
9 0 0
9 2 0
9 6 0
10 12 0
10 13 0
10 33 0
11 18 0
11 19 0
11 2 0
12 10 0
12 15 0
12 21 0
13 10 0
13 16 0
13 22 0
14 15 0
14 16 0
14 3 0
15 12 0
15 14 0
15 36 0
16 13 0
16 14 0
16 37 0
17 0 0
17 20 0
17 40 0
17 41 0
18 11 0
18 25 0
18 42 0
19 11 0
19 26 0
19 43 0
20 1 0
20 3 0
20 17 0
21 12 0
21 44 0
21 45 0
21 46 0
22 13 0
22 47 0
22 48 0
22 49 0
23 4 0
23 28 0
23 29 0
24 50 0
24 51 0
24 52 0
24 32 0
25 18 0
25 27 0
25 53 0
26 19 0
26 27 0
26 54 0
27 25 0
27 26 0
27 55 0
28 23 0
28 30 0
28 56 0
29 23 0
29 31 0
29 57 0
30 28 0
30 32 0
30 58 0
31 29 0
31 32 0
31 59 0
32 30 0
32 31 0
32 24 0
33 10 0
34 8 0
35 8 0
36 15 0
37 16 0
38 3 0
39 4 0
40 17 0
41 17 0
42 18 0
43 19 0
44 21 0
45 21 0
46 21 0
47 22 0
48 22 0
49 22 0
50 24 0
51 24 0
52 24 0
53 25 0
54 26 0
55 27 0
56 28 0
57 29 0
58 30 0
59 31 0
GraphDataEnd
GraphEnd
NodeEnd
NodeStart
EPTNodeID: 6
AnchorID: 15437
TreeNodeGraphID: 15
Level: 8
SimplifiedLevel: 0
EditOperation: 1 35 0 5 0
AccumulatedOpsCount: 1
AccumulatedOp: 1 35 0 5 0
ChildrenCount: 0
ChildIndices:
CompletedDBGraphIDsCount: 1
CompletedDBGraphID: 12181
GraphStart
GraphDataStart
ID: 15
NumNodes: 60
NumEdges: 126
NodeLabels
6 1 2 3 3 3 3 3 4 4 4 4 4 4 4 4 4 4 4 4 4 4 4 4 4 4 4 4 4 4 4 4 4 4 5 5 5 5 5 5 5 5 5 5 5 5 5 5 5 5 5 5 5 5 5 5 5 5 5 5 
Edges
0 10 0
0 18 0
1 33 0
2 21 0
3 8 0
3 10 0
3 12 0
4 11 0
4 21 0
4 38 0
5 9 0
5 24 0
5 39 0
6 7 0
6 8 0
7 6 0
7 10 0
8 3 0
8 6 0
8 9 0
9 5 0
9 8 0
9 34 0
9 35 0
10 0 0
10 3 0
10 7 0
11 4 0
11 13 0
11 14 0
12 19 0
12 20 0
12 3 0
13 11 0
13 16 0
13 22 0
14 11 0
14 17 0
14 23 0
15 16 0
15 17 0
15 25 0
16 13 0
16 15 0
16 36 0
17 14 0
17 15 0
17 37 0
18 0 0
18 21 0
18 40 0
18 41 0
19 12 0
19 26 0
19 42 0
20 12 0
20 27 0
20 43 0
21 2 0
21 4 0
21 18 0
22 13 0
22 44 0
22 45 0
22 46 0
23 14 0
23 47 0
23 48 0
23 49 0
24 5 0
24 29 0
24 30 0
25 15 0
25 50 0
25 51 0
25 52 0
26 19 0
26 28 0
26 53 0
27 20 0
27 28 0
27 54 0
28 26 0
28 27 0
28 55 0
29 24 0
29 31 0
29 56 0
30 24 0
30 32 0
30 57 0
31 29 0
31 33 0
31 58 0
32 30 0
32 33 0
32 59 0
33 1 0
33 31 0
33 32 0
34 9 0
35 9 0
36 16 0
37 17 0
38 4 0
39 5 0
40 18 0
41 18 0
42 19 0
43 20 0
44 22 0
45 22 0
46 22 0
47 23 0
48 23 0
49 23 0
50 25 0
51 25 0
52 25 0
53 26 0
54 27 0
55 28 0
56 29 0
57 30 0
58 31 0
59 32 0
GraphDataEnd
GraphEnd
NodeEnd
NodeStart
EPTNodeID: 7
AnchorID: 15437
TreeNodeGraphID: 23
Level: 14
SimplifiedLevel: 0
EditOperation: 5 1 26 0 0
AccumulatedOpsCount: 8
AccumulatedOp: 4 16 26 0 0
AccumulatedOp: 0 1 0 1 2
AccumulatedOp: 0 46 0 5 2
AccumulatedOp: 5 24 46 0 0
AccumulatedOp: 4 15 24 0 0
AccumulatedOp: 5 16 35 0 0
AccumulatedOp: 5 15 36 0 0
AccumulatedOp: 5 1 26 0 0
ChildrenCount: 0
ChildIndices:
CompletedDBGraphIDsCount: 1
CompletedDBGraphID: 13469
GraphStart
GraphDataStart
ID: 23
NumNodes: 62
NumEdges: 130
NodeLabels
6 2 2 3 3 3 3 3 4 4 4 4 4 4 4 4 4 4 4 4 4 4 4 4 4 4 4 4 4 4 4 4 4 4 5 5 5 5 5 5 5 5 5 5 5 2 5 5 5 5 5 5 5 5 5 5 5 5 5 5 5 5 
Edges
0 10 0
0 18 0
1 33 0
1 25 0
2 21 0
3 8 0
3 10 0
3 12 0
4 11 0
4 21 0
4 40 0
5 9 0
5 24 0
5 41 0
6 7 0
6 8 0
7 6 0
7 10 0
8 3 0
8 6 0
8 9 0
9 5 0
9 8 0
9 36 0
9 37 0
10 0 0
10 3 0
10 7 0
11 4 0
11 13 0
11 14 0
12 19 0
12 20 0
12 3 0
13 11 0
13 16 0
13 22 0
14 11 0
14 17 0
14 35 0
15 16 0
15 17 0
15 34 0
16 13 0
16 15 0
16 38 0
17 14 0
17 15 0
17 39 0
18 0 0
18 21 0
18 42 0
18 43 0
19 12 0
19 26 0
19 44 0
20 12 0
20 27 0
20 45 0
21 2 0
21 4 0
21 18 0
22 13 0
22 46 0
22 47 0
22 48 0
23 49 0
23 50 0
23 51 0
23 45 0
24 5 0
24 29 0
24 30 0
25 52 0
25 53 0
25 54 0
25 1 0
26 19 0
26 28 0
26 55 0
27 20 0
27 28 0
27 56 0
28 26 0
28 27 0
28 57 0
29 24 0
29 31 0
29 58 0
30 24 0
30 32 0
30 59 0
31 29 0
31 33 0
31 60 0
32 30 0
32 33 0
32 61 0
33 1 0
33 31 0
33 32 0
34 15 0
35 14 0
36 9 0
37 9 0
38 16 0
39 17 0
40 4 0
41 5 0
42 18 0
43 18 0
44 19 0
45 20 0
45 23 0
46 22 0
47 22 0
48 22 0
49 23 0
50 23 0
51 23 0
52 25 0
53 25 0
54 25 0
55 26 0
56 27 0
57 28 0
58 29 0
59 30 0
60 31 0
61 32 0
GraphDataEnd
GraphEnd
NodeEnd
NodeStart
EPTNodeID: 8
AnchorID: 15437
TreeNodeGraphID: 27
Level: 7
SimplifiedLevel: 0
EditOperation: 5 1 8 0 0
AccumulatedOpsCount: 4
AccumulatedOp: 4 1 34 0 0
AccumulatedOp: 0 1 0 1 5
AccumulatedOp: 5 8 34 0 0
AccumulatedOp: 5 1 8 0 0
ChildrenCount: 0
ChildIndices:
CompletedDBGraphIDsCount: 1
CompletedDBGraphID: 246
GraphStart
GraphDataStart
ID: 27
NumNodes: 63
NumEdges: 132
NodeLabels
6 5 2 3 3 3 3 3 4 4 4 4 4 4 4 4 4 4 4 4 4 4 4 4 4 4 4 4 4 4 4 4 4 4 4 5 5 5 5 5 5 5 5 5 5 5 5 5 5 5 5 5 5 5 5 5 5 5 5 5 5 5 5 
Edges
0 11 0
0 19 0
1 8 0
2 22 0
3 9 0
3 11 0
3 13 0
4 12 0
4 22 0
4 41 0
5 10 0
5 25 0
5 42 0
6 7 0
6 9 0
7 6 0
7 11 0
8 35 0
8 36 0
8 34 0
8 1 0
9 3 0
9 6 0
9 10 0
10 5 0
10 9 0
10 37 0
10 38 0
11 0 0
11 3 0
11 7 0
12 4 0
12 14 0
12 15 0
13 20 0
13 21 0
13 3 0
14 12 0
14 17 0
14 23 0
15 12 0
15 18 0
15 24 0
16 17 0
16 18 0
16 26 0
17 14 0
17 16 0
17 39 0
18 15 0
18 16 0
18 40 0
19 0 0
19 22 0
19 43 0
19 44 0
20 13 0
20 27 0
20 45 0
21 13 0
21 28 0
21 46 0
22 2 0
22 4 0
22 19 0
23 14 0
23 47 0
23 48 0
23 49 0
24 15 0
24 50 0
24 51 0
24 52 0
25 5 0
25 30 0
25 31 0
26 16 0
26 53 0
26 54 0
26 55 0
27 20 0
27 29 0
27 56 0
28 21 0
28 29 0
28 57 0
29 27 0
29 28 0
29 58 0
30 25 0
30 32 0
30 59 0
31 25 0
31 33 0
31 60 0
32 30 0
32 34 0
32 61 0
33 31 0
33 34 0
33 62 0
34 32 0
34 33 0
34 8 0
35 8 0
36 8 0
37 10 0
38 10 0
39 17 0
40 18 0
41 4 0
42 5 0
43 19 0
44 19 0
45 20 0
46 21 0
47 23 0
48 23 0
49 23 0
50 24 0
51 24 0
52 24 0
53 26 0
54 26 0
55 26 0
56 27 0
57 28 0
58 29 0
59 30 0
60 31 0
61 32 0
62 33 0
GraphDataEnd
GraphEnd
NodeEnd
NodeStart
EPTNodeID: 9
AnchorID: 15437
TreeNodeGraphID: 39
Level: 13
SimplifiedLevel: 0
EditOperation: 5 26 29 0 0
AccumulatedOpsCount: 12
AccumulatedOp: 4 16 26 0 0
AccumulatedOp: 0 1 0 1 5
AccumulatedOp: 4 5 25 0 0
AccumulatedOp: 5 16 58 0 0
AccumulatedOp: 4 21 46 0 0
AccumulatedOp: 5 3 25 0 0
AccumulatedOp: 5 4 21 0 0
AccumulatedOp: 4 4 12 0 0
AccumulatedOp: 5 5 12 0 0
AccumulatedOp: 5 8 46 0 0
AccumulatedOp: 4 29 58 0 0
AccumulatedOp: 5 26 29 0 0
ChildrenCount: 0
ChildIndices:
CompletedDBGraphIDsCount: 1
CompletedDBGraphID: 18446
GraphStart
GraphDataStart
ID: 39
NumNodes: 63
NumEdges: 132
NodeLabels
6 5 2 3 3 3 3 3 4 4 4 4 4 4 4 4 4 4 4 4 4 4 4 4 4 4 4 4 4 4 4 4 4 4 4 5 5 5 5 5 5 5 5 5 5 5 5 5 5 5 5 5 5 5 5 5 5 5 5 5 5 5 5 
Edges
0 11 0
0 19 0
1 34 0
2 22 0
3 9 0
3 11 0
3 25 0
4 22 0
4 41 0
4 21 0
5 10 0
5 42 0
5 12 0
6 7 0
6 9 0
7 6 0
7 11 0
8 13 0
8 35 0
8 36 0
8 46 0
9 3 0
9 6 0
9 10 0
10 5 0
10 9 0
10 37 0
10 38 0
11 0 0
11 3 0
11 7 0
12 14 0
12 15 0
12 5 0
13 8 0
13 20 0
13 21 0
14 12 0
14 17 0
14 23 0
15 12 0
15 18 0
15 24 0
16 17 0
16 18 0
16 58 0
17 14 0
17 16 0
17 39 0
18 15 0
18 16 0
18 40 0
19 0 0
19 22 0
19 43 0
19 44 0
20 13 0
20 27 0
20 45 0
21 13 0
21 28 0
21 4 0
22 2 0
22 4 0
22 19 0
23 14 0
23 47 0
23 48 0
23 49 0
24 15 0
24 50 0
24 51 0
24 52 0
25 30 0
25 31 0
25 3 0
26 53 0
26 54 0
26 55 0
26 29 0
27 20 0
27 29 0
27 56 0
28 21 0
28 29 0
28 57 0
29 27 0
29 28 0
29 26 0
30 25 0
30 32 0
30 59 0
31 25 0
31 33 0
31 60 0
32 30 0
32 34 0
32 61 0
33 31 0
33 34 0
33 62 0
34 1 0
34 32 0
34 33 0
35 8 0
36 8 0
37 10 0
38 10 0
39 17 0
40 18 0
41 4 0
42 5 0
43 19 0
44 19 0
45 20 0
46 8 0
47 23 0
48 23 0
49 23 0
50 24 0
51 24 0
52 24 0
53 26 0
54 26 0
55 26 0
56 27 0
57 28 0
58 16 0
59 30 0
60 31 0
61 32 0
62 33 0
GraphDataEnd
GraphEnd
NodeEnd
NodeStart
EPTNodeID: 10
AnchorID: 15437
TreeNodeGraphID: 50
Level: 11
SimplifiedLevel: 0
EditOperation: 5 8 23 0 0
AccumulatedOpsCount: 11
AccumulatedOp: 4 8 13 0 0
AccumulatedOp: 0 1 0 1 5
AccumulatedOp: 5 4 25 0 0
AccumulatedOp: 4 5 25 0 0
AccumulatedOp: 5 4 13 0 0
AccumulatedOp: 4 4 12 0 0
AccumulatedOp: 5 5 12 0 0
AccumulatedOp: 4 4 41 0 0
AccumulatedOp: 4 14 23 0 0
AccumulatedOp: 5 14 41 0 0
AccumulatedOp: 5 8 23 0 0
ChildrenCount: 0
ChildIndices:
CompletedDBGraphIDsCount: 1
CompletedDBGraphID: 14776
GraphStart
GraphDataStart
ID: 50
NumNodes: 63
NumEdges: 132
NodeLabels
6 5 2 3 3 3 3 3 4 4 4 4 4 4 4 4 4 4 4 4 4 4 4 4 4 4 4 4 4 4 4 4 4 4 4 5 5 5 5 5 5 5 5 5 5 5 5 5 5 5 5 5 5 5 5 5 5 5 5 5 5 5 5 
Edges
0 11 0
0 19 0
1 34 0
2 22 0
3 8 0
3 9 0
3 11 0
4 22 0
4 25 0
4 13 0
5 10 0
5 42 0
5 12 0
6 7 0
6 9 0
7 6 0
7 11 0
8 3 0
8 35 0
8 36 0
8 23 0
9 3 0
9 6 0
9 10 0
10 5 0
10 9 0
10 37 0
10 38 0
11 0 0
11 3 0
11 7 0
12 14 0
12 15 0
12 5 0
13 20 0
13 21 0
13 4 0
14 12 0
14 17 0
14 41 0
15 12 0
15 18 0
15 24 0
16 17 0
16 18 0
16 26 0
17 14 0
17 16 0
17 39 0
18 15 0
18 16 0
18 40 0
19 0 0
19 22 0
19 43 0
19 44 0
20 13 0
20 27 0
20 45 0
21 13 0
21 28 0
21 46 0
22 2 0
22 4 0
22 19 0
23 47 0
23 48 0
23 49 0
23 8 0
24 15 0
24 50 0
24 51 0
24 52 0
25 30 0
25 31 0
25 4 0
26 16 0
26 53 0
26 54 0
26 55 0
27 20 0
27 29 0
27 56 0
28 21 0
28 29 0
28 57 0
29 27 0
29 28 0
29 58 0
30 25 0
30 32 0
30 59 0
31 25 0
31 33 0
31 60 0
32 30 0
32 34 0
32 61 0
33 31 0
33 34 0
33 62 0
34 1 0
34 32 0
34 33 0
35 8 0
36 8 0
37 10 0
38 10 0
39 17 0
40 18 0
41 14 0
42 5 0
43 19 0
44 19 0
45 20 0
46 21 0
47 23 0
48 23 0
49 23 0
50 24 0
51 24 0
52 24 0
53 26 0
54 26 0
55 26 0
56 27 0
57 28 0
58 29 0
59 30 0
60 31 0
61 32 0
62 33 0
GraphDataEnd
GraphEnd
NodeEnd
NodeStart
EPTNodeID: 11
AnchorID: 15437
TreeNodeGraphID: 54
Level: 4
SimplifiedLevel: 0
EditOperation: 5 16 49 0 0
AccumulatedOpsCount: 4
AccumulatedOp: 4 16 26 0 0
AccumulatedOp: 4 23 49 0 0
AccumulatedOp: 5 23 26 0 0
AccumulatedOp: 5 16 49 0 0
ChildrenCount: 0
ChildIndices:
CompletedDBGraphIDsCount: 1
CompletedDBGraphID: 7334
GraphStart
GraphDataStart
ID: 54
NumNodes: 63
NumEdges: 132
NodeLabels
6 1 2 3 3 3 3 3 4 4 4 4 4 4 4 4 4 4 4 4 4 4 4 4 4 4 4 4 4 4 4 4 4 4 4 5 5 5 5 5 5 5 5 5 5 5 5 5 5 5 5 5 5 5 5 5 5 5 5 5 5 5 5 
Edges
0 11 0
0 19 0
1 34 0
2 22 0
3 8 0
3 9 0
3 11 0
4 12 0
4 22 0
4 41 0
5 10 0
5 25 0
5 42 0
6 7 0
6 9 0
7 6 0
7 11 0
8 3 0
8 13 0
8 35 0
8 36 0
9 3 0
9 6 0
9 10 0
10 5 0
10 9 0
10 37 0
10 38 0
11 0 0
11 3 0
11 7 0
12 4 0
12 14 0
12 15 0
13 8 0
13 20 0
13 21 0
14 12 0
14 17 0
14 23 0
15 12 0
15 18 0
15 24 0
16 17 0
16 18 0
16 49 0
17 14 0
17 16 0
17 39 0
18 15 0
18 16 0
18 40 0
19 0 0
19 22 0
19 43 0
19 44 0
20 13 0
20 27 0
20 45 0
21 13 0
21 28 0
21 46 0
22 2 0
22 4 0
22 19 0
23 14 0
23 47 0
23 48 0
23 26 0
24 15 0
24 50 0
24 51 0
24 52 0
25 5 0
25 30 0
25 31 0
26 53 0
26 54 0
26 55 0
26 23 0
27 20 0
27 29 0
27 56 0
28 21 0
28 29 0
28 57 0
29 27 0
29 28 0
29 58 0
30 25 0
30 32 0
30 59 0
31 25 0
31 33 0
31 60 0
32 30 0
32 34 0
32 61 0
33 31 0
33 34 0
33 62 0
34 1 0
34 32 0
34 33 0
35 8 0
36 8 0
37 10 0
38 10 0
39 17 0
40 18 0
41 4 0
42 5 0
43 19 0
44 19 0
45 20 0
46 21 0
47 23 0
48 23 0
49 16 0
50 24 0
51 24 0
52 24 0
53 26 0
54 26 0
55 26 0
56 27 0
57 28 0
58 29 0
59 30 0
60 31 0
61 32 0
62 33 0
GraphDataEnd
GraphEnd
NodeEnd
NodeStart
EPTNodeID: 12
AnchorID: 15437
TreeNodeGraphID: 62
Level: 8
SimplifiedLevel: 0
EditOperation: 5 5 64 0 0
AccumulatedOpsCount: 8
AccumulatedOp: 0 1 0 1 2
AccumulatedOp: 0 5 0 3 4
AccumulatedOp: 2 63 0 0 5
AccumulatedOp: 5 5 63 0 0
AccumulatedOp: 2 64 0 0 5
AccumulatedOp: 4 5 10 0 0
AccumulatedOp: 5 1 10 0 0
AccumulatedOp: 5 5 64 0 0
ChildrenCount: 0
ChildIndices:
CompletedDBGraphIDsCount: 1
CompletedDBGraphID: 1725
GraphStart
GraphDataStart
ID: 62
NumNodes: 65
NumEdges: 136
NodeLabels
6 2 2 3 3 4 3 3 4 4 4 4 4 4 4 4 4 4 4 4 4 4 4 4 4 4 4 4 4 4 4 4 4 4 4 5 5 5 5 5 5 5 5 5 5 5 5 5 5 5 5 5 5 5 5 5 5 5 5 5 5 5 5 5 5 
Edges
0 11 0
0 19 0
1 34 0
1 10 0
2 22 0
3 8 0
3 9 0
3 11 0
4 12 0
4 22 0
4 41 0
5 25 0
5 42 0
5 63 0
5 64 0
6 7 0
6 9 0
7 6 0
7 11 0
8 3 0
8 13 0
8 35 0
8 36 0
9 3 0
9 6 0
9 10 0
10 9 0
10 37 0
10 38 0
10 1 0
11 0 0
11 3 0
11 7 0
12 4 0
12 14 0
12 15 0
13 8 0
13 20 0
13 21 0
14 12 0
14 17 0
14 23 0
15 12 0
15 18 0
15 24 0
16 17 0
16 18 0
16 26 0
17 14 0
17 16 0
17 39 0
18 15 0
18 16 0
18 40 0
19 0 0
19 22 0
19 43 0
19 44 0
20 13 0
20 27 0
20 45 0
21 13 0
21 28 0
21 46 0
22 2 0
22 4 0
22 19 0
23 14 0
23 47 0
23 48 0
23 49 0
24 15 0
24 50 0
24 51 0
24 52 0
25 5 0
25 30 0
25 31 0
26 16 0
26 53 0
26 54 0
26 55 0
27 20 0
27 29 0
27 56 0
28 21 0
28 29 0
28 57 0
29 27 0
29 28 0
29 58 0
30 25 0
30 32 0
30 59 0
31 25 0
31 33 0
31 60 0
32 30 0
32 34 0
32 61 0
33 31 0
33 34 0
33 62 0
34 1 0
34 32 0
34 33 0
35 8 0
36 8 0
37 10 0
38 10 0
39 17 0
40 18 0
41 4 0
42 5 0
43 19 0
44 19 0
45 20 0
46 21 0
47 23 0
48 23 0
49 23 0
50 24 0
51 24 0
52 24 0
53 26 0
54 26 0
55 26 0
56 27 0
57 28 0
58 29 0
59 30 0
60 31 0
61 32 0
62 33 0
63 5 0
64 5 0
GraphDataEnd
GraphEnd
NodeEnd
END_EPT
