BEGIN_EPT
AnchorID: 10538  # ID of the anchor node
RootIndex: 0  # Index of the root node in tree_nodes
NodeCount: 1  # Total number of nodes in the EPT
NodeStart
EPTNodeID: 0
AnchorID: 10538
TreeNodeGraphID: 0
Level: 0
SimplifiedLevel: 0
EditOperation: -1 0 -1 0 0
AccumulatedOpsCount: 0
ChildrenCount: 0
ChildIndices:
CompletedDBGraphIDsCount: 0
GraphStart
GraphDataStart
ID: 0
NumNodes: 67
NumEdges: 140
NodeLabels
6 6 6 2 2 2 2 2 2 3 3 4 4 4 4 4 4 4 4 4 4 4 4 4 4 4 4 4 4 4 4 4 4 4 4 5 5 5 5 5 5 5 5 5 5 5 5 5 5 5 5 5 5 5 5 5 5 5 5 5 5 5 5 5 5 5 5 
Edges
0 3 0
0 6 0
0 9 0
0 24 0
1 4 0
1 5 0
1 10 0
1 23 0
2 7 0
2 8 0
2 29 0
2 30 0
3 0 0
4 1 0
5 1 0
6 0 0
7 2 0
8 2 0
9 0 0
9 11 0
9 12 0
10 1 0
10 13 0
10 14 0
11 9 0
11 15 0
11 35 0
11 36 0
12 9 0
12 16 0
12 37 0
12 38 0
13 10 0
13 17 0
13 39 0
13 40 0
14 10 0
14 18 0
14 41 0
14 42 0
15 11 0
15 19 0
15 43 0
15 44 0
16 12 0
16 20 0
16 45 0
16 46 0
17 13 0
17 21 0
17 47 0
17 48 0
18 14 0
18 22 0
18 49 0
18 50 0
19 15 0
19 20 0
19 51 0
19 52 0
20 16 0
20 19 0
20 53 0
20 54 0
21 17 0
21 22 0
21 55 0
21 56 0
22 18 0
22 21 0
22 57 0
22 58 0
23 1 0
23 26 0
23 27 0
24 0 0
24 25 0
24 28 0
25 24 0
25 31 0
25 59 0
26 23 0
26 32 0
26 60 0
27 23 0
27 34 0
27 62 0
28 24 0
28 33 0
28 61 0
29 2 0
29 32 0
29 34 0
30 2 0
30 31 0
30 33 0
31 25 0
31 30 0
31 63 0
32 26 0
32 29 0
32 64 0
33 28 0
33 30 0
33 65 0
34 27 0
34 29 0
34 66 0
35 11 0
36 11 0
37 12 0
38 12 0
39 13 0
40 13 0
41 14 0
42 14 0
43 15 0
44 15 0
45 16 0
46 16 0
47 17 0
48 17 0
49 18 0
50 18 0
51 19 0
52 19 0
53 20 0
54 20 0
55 21 0
56 21 0
57 22 0
58 22 0
59 25 0
60 26 0
61 28 0
62 27 0
63 31 0
64 32 0
65 33 0
66 34 0
GraphDataEnd
GraphEnd
NodeEnd
END_EPT
