BEGIN_EPT
AnchorID: 5934  # ID of the anchor node
RootIndex: 0  # Index of the root node in tree_nodes
NodeCount: 1  # Total number of nodes in the EPT
NodeStart
EPTNodeID: 0
AnchorID: 5934
TreeNodeGraphID: 0
Level: 0
SimplifiedLevel: 0
EditOperation: -1 0 -1 0 0
AccumulatedOpsCount: 0
ChildrenCount: 0
ChildIndices:
CompletedDBGraphIDsCount: 0
GraphStart
GraphDataStart
ID: 0
NumNodes: 71
NumEdges: 150
NodeLabels
6 6 2 2 2 2 2 3 3 4 4 4 4 4 4 4 4 4 4 4 4 4 4 4 4 4 4 4 4 4 4 4 4 4 4 4 4 4 4 5 5 5 5 5 5 5 5 5 5 5 5 5 5 5 5 5 5 5 5 5 5 5 5 5 5 5 5 5 5 5 5 
Edges
0 3 0
0 4 0
0 7 0
0 21 0
1 5 0
1 6 0
1 8 0
1 30 0
2 14 0
3 0 0
4 0 0
5 1 0
6 1 0
7 0 0
7 11 0
7 18 0
8 1 0
8 22 0
8 53 0
9 10 0
9 12 0
9 15 0
9 16 0
10 9 0
10 11 0
10 39 0
10 40 0
11 7 0
11 10 0
11 13 0
12 9 0
12 14 0
12 41 0
12 42 0
13 11 0
13 14 0
13 17 0
14 2 0
14 12 0
14 13 0
15 9 0
15 46 0
15 47 0
15 48 0
16 9 0
16 43 0
16 44 0
16 45 0
17 13 0
17 18 0
17 19 0
18 7 0
18 17 0
18 20 0
19 17 0
19 22 0
19 49 0
20 18 0
20 23 0
20 50 0
21 0 0
21 24 0
21 25 0
22 8 0
22 19 0
22 23 0
23 20 0
23 22 0
23 51 0
24 21 0
24 26 0
24 28 0
25 21 0
25 27 0
25 52 0
26 24 0
26 29 0
26 54 0
27 25 0
27 29 0
27 55 0
28 24 0
28 56 0
28 57 0
28 58 0
29 26 0
29 27 0
29 31 0
30 1 0
30 32 0
30 33 0
31 29 0
31 59 0
31 60 0
31 61 0
32 30 0
32 34 0
32 37 0
33 30 0
33 35 0
33 62 0
34 32 0
34 36 0
34 63 0
35 33 0
35 36 0
35 64 0
36 34 0
36 35 0
36 38 0
37 32 0
37 65 0
37 66 0
37 67 0
38 36 0
38 68 0
38 69 0
38 70 0
39 10 0
40 10 0
41 12 0
42 12 0
43 16 0
44 16 0
45 16 0
46 15 0
47 15 0
48 15 0
49 19 0
50 20 0
51 23 0
52 25 0
53 8 0
54 26 0
55 27 0
56 28 0
57 28 0
58 28 0
59 31 0
60 31 0
61 31 0
62 33 0
63 34 0
64 35 0
65 37 0
66 37 0
67 37 0
68 38 0
69 38 0
70 38 0
GraphDataEnd
GraphEnd
NodeEnd
END_EPT
