BEGIN_EPT
AnchorID: 6947  # ID of the anchor node
RootIndex: 0  # Index of the root node in tree_nodes
NodeCount: 1  # Total number of nodes in the EPT
NodeStart
EPTNodeID: 0
AnchorID: 6947
TreeNodeGraphID: 0
Level: 0
SimplifiedLevel: 0
EditOperation: -1 0 -1 0 0
AccumulatedOpsCount: 0
ChildrenCount: 0
ChildIndices:
CompletedDBGraphIDsCount: 0
GraphStart
GraphDataStart
ID: 0
NumNodes: 71
NumEdges: 148
NodeLabels
6 2 2 2 2 3 3 4 4 4 4 4 4 4 4 4 4 4 4 4 4 4 4 4 4 4 4 4 4 4 4 4 4 4 4 5 5 5 5 5 5 5 5 5 5 5 5 5 5 5 5 5 5 5 5 5 5 5 5 5 5 5 5 5 5 5 5 5 5 5 5 
Edges
0 3 0
0 4 0
0 33 0
0 34 0
1 22 0
2 21 0
3 0 0
4 0 0
5 22 0
5 24 0
5 62 0
6 21 0
6 23 0
6 61 0
7 8 0
7 12 0
7 13 0
7 14 0
8 7 0
8 12 0
8 15 0
8 16 0
9 10 0
9 11 0
9 17 0
9 18 0
10 9 0
10 11 0
10 19 0
10 20 0
11 9 0
11 10 0
11 22 0
11 35 0
12 7 0
12 8 0
12 21 0
12 36 0
13 7 0
13 39 0
13 40 0
13 41 0
14 7 0
14 42 0
14 43 0
14 44 0
15 8 0
15 45 0
15 46 0
15 47 0
16 8 0
16 48 0
16 59 0
16 60 0
17 9 0
17 56 0
17 57 0
17 58 0
18 9 0
18 53 0
18 54 0
18 55 0
19 10 0
19 50 0
19 51 0
19 52 0
20 10 0
20 37 0
20 38 0
20 49 0
21 2 0
21 6 0
21 12 0
22 1 0
22 5 0
22 11 0
23 6 0
23 25 0
23 27 0
24 5 0
24 26 0
24 28 0
25 23 0
25 29 0
25 64 0
26 24 0
26 30 0
26 63 0
27 23 0
27 31 0
27 66 0
28 24 0
28 32 0
28 65 0
29 25 0
29 33 0
29 68 0
30 26 0
30 34 0
30 67 0
31 27 0
31 33 0
31 70 0
32 28 0
32 34 0
32 69 0
33 0 0
33 29 0
33 31 0
34 0 0
34 30 0
34 32 0
35 11 0
36 12 0
37 20 0
38 20 0
39 13 0
40 13 0
41 13 0
42 14 0
43 14 0
44 14 0
45 15 0
46 15 0
47 15 0
48 16 0
49 20 0
50 19 0
51 19 0
52 19 0
53 18 0
54 18 0
55 18 0
56 17 0
57 17 0
58 17 0
59 16 0
60 16 0
61 6 0
62 5 0
63 26 0
64 25 0
65 28 0
66 27 0
67 30 0
68 29 0
69 32 0
70 31 0
GraphDataEnd
GraphEnd
NodeEnd
END_EPT
