BEGIN_EPT
AnchorID: 16410  # ID of the anchor node
RootIndex: 0  # Index of the root node in tree_nodes
NodeCount: 1  # Total number of nodes in the EPT
NodeStart
EPTNodeID: 0
AnchorID: 16410
TreeNodeGraphID: 0
Level: 0
SimplifiedLevel: 0
EditOperation: -1 0 -1 0 0
AccumulatedOpsCount: 0
ChildrenCount: 0
ChildIndices:
CompletedDBGraphIDsCount: 0
GraphStart
GraphDataStart
ID: 0
NumNodes: 69
NumEdges: 144
NodeLabels
2 2 2 2 2 2 2 3 3 3 3 3 4 4 4 4 4 4 4 4 4 4 4 4 4 4 4 4 4 4 4 4 4 4 4 4 4 4 5 5 5 5 5 5 5 5 5 5 5 5 5 5 5 5 5 5 5 5 5 5 5 5 5 5 5 5 5 5 5 
Edges
0 15 0
0 52 0
1 19 0
1 26 0
2 17 0
3 21 0
4 27 0
4 35 0
5 29 0
5 36 0
6 34 0
6 37 0
7 12 0
7 13 0
7 14 0
8 16 0
8 21 0
8 22 0
9 14 0
9 18 0
9 41 0
10 14 0
10 16 0
11 17 0
11 21 0
11 48 0
12 7 0
12 15 0
12 38 0
12 39 0
13 7 0
13 16 0
13 17 0
14 7 0
14 9 0
14 10 0
15 0 0
15 12 0
15 19 0
15 40 0
16 8 0
16 10 0
16 13 0
17 2 0
17 11 0
17 13 0
18 9 0
18 20 0
18 42 0
18 43 0
19 1 0
19 15 0
19 44 0
19 45 0
20 18 0
20 23 0
20 46 0
20 47 0
21 3 0
21 8 0
21 11 0
22 8 0
22 49 0
22 50 0
22 51 0
23 20 0
23 24 0
23 25 0
24 23 0
24 27 0
24 53 0
25 23 0
25 28 0
25 54 0
26 1 0
26 30 0
26 31 0
27 4 0
27 24 0
27 29 0
28 25 0
28 29 0
28 55 0
29 5 0
29 27 0
29 28 0
30 26 0
30 32 0
30 56 0
31 26 0
31 33 0
31 57 0
32 30 0
32 34 0
32 58 0
33 31 0
33 34 0
33 59 0
34 6 0
34 32 0
34 33 0
35 4 0
35 60 0
35 61 0
35 62 0
36 5 0
36 63 0
36 64 0
36 65 0
37 6 0
37 66 0
37 67 0
37 68 0
38 12 0
39 12 0
40 15 0
41 9 0
42 18 0
43 18 0
44 19 0
45 19 0
46 20 0
47 20 0
48 11 0
49 22 0
50 22 0
51 22 0
52 0 0
53 24 0
54 25 0
55 28 0
56 30 0
57 31 0
58 32 0
59 33 0
60 35 0
61 35 0
62 35 0
63 36 0
64 36 0
65 36 0
66 37 0
67 37 0
68 37 0
GraphDataEnd
GraphEnd
NodeEnd
END_EPT
