BEGIN_EPT
AnchorID: 11836  # ID of the anchor node
RootIndex: 0  # Index of the root node in tree_nodes
NodeCount: 17  # Total number of nodes in the EPT
NodeStart
EPTNodeID: 0
AnchorID: 11836
TreeNodeGraphID: 0
Level: 0
SimplifiedLevel: 0
EditOperation: -1 0 -1 0 0
AccumulatedOpsCount: 0
ChildrenCount: 4
ChildIndices: 1 14 15 16
CompletedDBGraphIDsCount: 0
GraphStart
GraphDataStart
ID: 0
NumNodes: 60
NumEdges: 126
NodeLabels
6 1 2 3 3 3 3 3 4 4 4 4 4 4 4 4 4 4 4 4 4 4 4 4 4 4 4 4 4 4 4 4 4 4 5 5 5 5 5 5 5 5 5 5 5 5 5 5 5 5 5 5 5 5 5 5 5 5 5 5 
Edges
0 12 0
0 16 0
1 33 0
2 22 0
3 8 0
3 9 0
3 12 0
4 10 0
4 15 0
4 38 0
5 6 0
5 9 0
6 5 0
6 12 0
7 20 0
7 22 0
7 50 0
8 3 0
8 11 0
8 34 0
8 35 0
9 3 0
9 5 0
9 10 0
10 4 0
10 9 0
10 36 0
10 37 0
11 8 0
11 13 0
11 14 0
12 0 0
12 3 0
12 6 0
13 11 0
13 18 0
13 39 0
14 11 0
14 19 0
14 40 0
15 4 0
15 28 0
15 29 0
16 0 0
16 22 0
16 41 0
16 42 0
17 21 0
17 24 0
17 25 0
18 13 0
18 23 0
18 43 0
19 14 0
19 23 0
19 44 0
20 7 0
20 26 0
20 27 0
21 17 0
21 30 0
21 45 0
21 46 0
22 2 0
22 7 0
22 16 0
23 18 0
23 19 0
23 47 0
24 17 0
24 26 0
24 48 0
25 17 0
25 27 0
25 49 0
26 20 0
26 24 0
26 51 0
27 20 0
27 25 0
27 52 0
28 15 0
28 31 0
28 53 0
29 15 0
29 32 0
29 54 0
30 21 0
30 55 0
30 56 0
30 57 0
31 28 0
31 33 0
31 58 0
32 29 0
32 33 0
32 59 0
33 1 0
33 31 0
33 32 0
34 8 0
35 8 0
36 10 0
37 10 0
38 4 0
39 13 0
40 14 0
41 16 0
42 16 0
43 18 0
44 19 0
45 21 0
46 21 0
47 23 0
48 24 0
49 25 0
50 7 0
51 26 0
52 27 0
53 28 0
54 29 0
55 30 0
56 30 0
57 30 0
58 31 0
59 32 0
GraphDataEnd
GraphEnd
NodeEnd
NodeStart
EPTNodeID: 1
AnchorID: 11836
TreeNodeGraphID: 1
Level: 1
SimplifiedLevel: 0
EditOperation: 4 3 8 0 0
AccumulatedOpsCount: 1
AccumulatedOp: 4 3 8 0 0
ChildrenCount: 4
ChildIndices: 2 9 10 11
CompletedDBGraphIDsCount: 0
GraphStart
GraphDataStart
ID: 1
NumNodes: 60
NumEdges: 124
NodeLabels
6 1 2 3 3 3 3 3 4 4 4 4 4 4 4 4 4 4 4 4 4 4 4 4 4 4 4 4 4 4 4 4 4 4 5 5 5 5 5 5 5 5 5 5 5 5 5 5 5 5 5 5 5 5 5 5 5 5 5 5 
Edges
0 12 0
0 16 0
1 33 0
2 22 0
3 9 0
3 12 0
4 10 0
4 15 0
4 38 0
5 6 0
5 9 0
6 5 0
6 12 0
7 20 0
7 22 0
7 50 0
8 11 0
8 34 0
8 35 0
9 3 0
9 5 0
9 10 0
10 4 0
10 9 0
10 36 0
10 37 0
11 8 0
11 13 0
11 14 0
12 0 0
12 3 0
12 6 0
13 11 0
13 18 0
13 39 0
14 11 0
14 19 0
14 40 0
15 4 0
15 28 0
15 29 0
16 0 0
16 22 0
16 41 0
16 42 0
17 21 0
17 24 0
17 25 0
18 13 0
18 23 0
18 43 0
19 14 0
19 23 0
19 44 0
20 7 0
20 26 0
20 27 0
21 17 0
21 30 0
21 45 0
21 46 0
22 2 0
22 7 0
22 16 0
23 18 0
23 19 0
23 47 0
24 17 0
24 26 0
24 48 0
25 17 0
25 27 0
25 49 0
26 20 0
26 24 0
26 51 0
27 20 0
27 25 0
27 52 0
28 15 0
28 31 0
28 53 0
29 15 0
29 32 0
29 54 0
30 21 0
30 55 0
30 56 0
30 57 0
31 28 0
31 33 0
31 58 0
32 29 0
32 33 0
32 59 0
33 1 0
33 31 0
33 32 0
34 8 0
35 8 0
36 10 0
37 10 0
38 4 0
39 13 0
40 14 0
41 16 0
42 16 0
43 18 0
44 19 0
45 21 0
46 21 0
47 23 0
48 24 0
49 25 0
50 7 0
51 26 0
52 27 0
53 28 0
54 29 0
55 30 0
56 30 0
57 30 0
58 31 0
59 32 0
GraphDataEnd
GraphEnd
NodeEnd
NodeStart
EPTNodeID: 2
AnchorID: 11836
TreeNodeGraphID: 3
Level: 3
SimplifiedLevel: 0
EditOperation: 4 8 11 0 0
AccumulatedOpsCount: 2
AccumulatedOp: 5 3 11 0 0
AccumulatedOp: 4 8 11 0 0
ChildrenCount: 4
ChildIndices: 3 6 7 8
CompletedDBGraphIDsCount: 0
GraphStart
GraphDataStart
ID: 3
NumNodes: 60
NumEdges: 124
NodeLabels
6 1 2 3 3 3 3 3 4 4 4 4 4 4 4 4 4 4 4 4 4 4 4 4 4 4 4 4 4 4 4 4 4 4 5 5 5 5 5 5 5 5 5 5 5 5 5 5 5 5 5 5 5 5 5 5 5 5 5 5 
Edges
0 12 0
0 16 0
1 33 0
2 22 0
3 9 0
3 12 0
3 11 0
4 10 0
4 15 0
4 38 0
5 6 0
5 9 0
6 5 0
6 12 0
7 20 0
7 22 0
7 50 0
8 34 0
8 35 0
9 3 0
9 5 0
9 10 0
10 4 0
10 9 0
10 36 0
10 37 0
11 13 0
11 14 0
11 3 0
12 0 0
12 3 0
12 6 0
13 11 0
13 18 0
13 39 0
14 11 0
14 19 0
14 40 0
15 4 0
15 28 0
15 29 0
16 0 0
16 22 0
16 41 0
16 42 0
17 21 0
17 24 0
17 25 0
18 13 0
18 23 0
18 43 0
19 14 0
19 23 0
19 44 0
20 7 0
20 26 0
20 27 0
21 17 0
21 30 0
21 45 0
21 46 0
22 2 0
22 7 0
22 16 0
23 18 0
23 19 0
23 47 0
24 17 0
24 26 0
24 48 0
25 17 0
25 27 0
25 49 0
26 20 0
26 24 0
26 51 0
27 20 0
27 25 0
27 52 0
28 15 0
28 31 0
28 53 0
29 15 0
29 32 0
29 54 0
30 21 0
30 55 0
30 56 0
30 57 0
31 28 0
31 33 0
31 58 0
32 29 0
32 33 0
32 59 0
33 1 0
33 31 0
33 32 0
34 8 0
35 8 0
36 10 0
37 10 0
38 4 0
39 13 0
40 14 0
41 16 0
42 16 0
43 18 0
44 19 0
45 21 0
46 21 0
47 23 0
48 24 0
49 25 0
50 7 0
51 26 0
52 27 0
53 28 0
54 29 0
55 30 0
56 30 0
57 30 0
58 31 0
59 32 0
GraphDataEnd
GraphEnd
NodeEnd
NodeStart
EPTNodeID: 3
AnchorID: 11836
TreeNodeGraphID: 4
Level: 4
SimplifiedLevel: 0
EditOperation: 0 1 0 1 5
AccumulatedOpsCount: 1
AccumulatedOp: 0 1 0 1 5
ChildrenCount: 2
ChildIndices: 4 5
CompletedDBGraphIDsCount: 0
GraphStart
GraphDataStart
ID: 4
NumNodes: 60
NumEdges: 124
NodeLabels
6 5 2 3 3 3 3 3 4 4 4 4 4 4 4 4 4 4 4 4 4 4 4 4 4 4 4 4 4 4 4 4 4 4 5 5 5 5 5 5 5 5 5 5 5 5 5 5 5 5 5 5 5 5 5 5 5 5 5 5 
Edges
0 12 0
0 16 0
1 33 0
2 22 0
3 9 0
3 12 0
3 11 0
4 10 0
4 15 0
4 38 0
5 6 0
5 9 0
6 5 0
6 12 0
7 20 0
7 22 0
7 50 0
8 34 0
8 35 0
9 3 0
9 5 0
9 10 0
10 4 0
10 9 0
10 36 0
10 37 0
11 13 0
11 14 0
11 3 0
12 0 0
12 3 0
12 6 0
13 11 0
13 18 0
13 39 0
14 11 0
14 19 0
14 40 0
15 4 0
15 28 0
15 29 0
16 0 0
16 22 0
16 41 0
16 42 0
17 21 0
17 24 0
17 25 0
18 13 0
18 23 0
18 43 0
19 14 0
19 23 0
19 44 0
20 7 0
20 26 0
20 27 0
21 17 0
21 30 0
21 45 0
21 46 0
22 2 0
22 7 0
22 16 0
23 18 0
23 19 0
23 47 0
24 17 0
24 26 0
24 48 0
25 17 0
25 27 0
25 49 0
26 20 0
26 24 0
26 51 0
27 20 0
27 25 0
27 52 0
28 15 0
28 31 0
28 53 0
29 15 0
29 32 0
29 54 0
30 21 0
30 55 0
30 56 0
30 57 0
31 28 0
31 33 0
31 58 0
32 29 0
32 33 0
32 59 0
33 1 0
33 31 0
33 32 0
34 8 0
35 8 0
36 10 0
37 10 0
38 4 0
39 13 0
40 14 0
41 16 0
42 16 0
43 18 0
44 19 0
45 21 0
46 21 0
47 23 0
48 24 0
49 25 0
50 7 0
51 26 0
52 27 0
53 28 0
54 29 0
55 30 0
56 30 0
57 30 0
58 31 0
59 32 0
GraphDataEnd
GraphEnd
NodeEnd
NodeStart
EPTNodeID: 4
AnchorID: 11836
TreeNodeGraphID: 11
Level: 11
SimplifiedLevel: 0
EditOperation: 5 30 32 0 0
AccumulatedOpsCount: 7
AccumulatedOp: 5 8 41 0 0
AccumulatedOp: 4 21 30 0 0
AccumulatedOp: 4 32 59 0 0
AccumulatedOp: 4 16 41 0 0
AccumulatedOp: 5 8 16 0 0
AccumulatedOp: 5 21 59 0 0
AccumulatedOp: 5 30 32 0 0
ChildrenCount: 0
ChildIndices:
CompletedDBGraphIDsCount: 2
CompletedDBGraphID: 18840
CompletedDBGraphID: 10087
GraphStart
GraphDataStart
ID: 11
NumNodes: 60
NumEdges: 126
NodeLabels
6 5 2 3 3 3 3 3 4 4 4 4 4 4 4 4 4 4 4 4 4 4 4 4 4 4 4 4 4 4 4 4 4 4 5 5 5 5 5 5 5 5 5 5 5 5 5 5 5 5 5 5 5 5 5 5 5 5 5 5 
Edges
0 12 0
0 16 0
1 33 0
2 22 0
3 9 0
3 12 0
3 11 0
4 10 0
4 15 0
4 38 0
5 6 0
5 9 0
6 5 0
6 12 0
7 20 0
7 22 0
7 50 0
8 34 0
8 35 0
8 41 0
8 16 0
9 3 0
9 5 0
9 10 0
10 4 0
10 9 0
10 36 0
10 37 0
11 13 0
11 14 0
11 3 0
12 0 0
12 3 0
12 6 0
13 11 0
13 18 0
13 39 0
14 11 0
14 19 0
14 40 0
15 4 0
15 28 0
15 29 0
16 0 0
16 22 0
16 42 0
16 8 0
17 21 0
17 24 0
17 25 0
18 13 0
18 23 0
18 43 0
19 14 0
19 23 0
19 44 0
20 7 0
20 26 0
20 27 0
21 17 0
21 45 0
21 46 0
21 59 0
22 2 0
22 7 0
22 16 0
23 18 0
23 19 0
23 47 0
24 17 0
24 26 0
24 48 0
25 17 0
25 27 0
25 49 0
26 20 0
26 24 0
26 51 0
27 20 0
27 25 0
27 52 0
28 15 0
28 31 0
28 53 0
29 15 0
29 32 0
29 54 0
30 55 0
30 56 0
30 57 0
30 32 0
31 28 0
31 33 0
31 58 0
32 29 0
32 33 0
32 30 0
33 1 0
33 31 0
33 32 0
34 8 0
35 8 0
36 10 0
37 10 0
38 4 0
39 13 0
40 14 0
41 8 0
42 16 0
43 18 0
44 19 0
45 21 0
46 21 0
47 23 0
48 24 0
49 25 0
50 7 0
51 26 0
52 27 0
53 28 0
54 29 0
55 30 0
56 30 0
57 30 0
58 31 0
59 21 0
GraphDataEnd
GraphEnd
NodeEnd
NodeStart
EPTNodeID: 5
AnchorID: 11836
TreeNodeGraphID: 14
Level: 7
SimplifiedLevel: 0
EditOperation: 5 8 33 0 0
AccumulatedOpsCount: 3
AccumulatedOp: 4 1 33 0 0
AccumulatedOp: 5 1 8 0 0
AccumulatedOp: 5 8 33 0 0
ChildrenCount: 0
ChildIndices:
CompletedDBGraphIDsCount: 1
CompletedDBGraphID: 22032
GraphStart
GraphDataStart
ID: 14
NumNodes: 60
NumEdges: 126
NodeLabels
6 5 2 3 3 3 3 3 4 4 4 4 4 4 4 4 4 4 4 4 4 4 4 4 4 4 4 4 4 4 4 4 4 4 5 5 5 5 5 5 5 5 5 5 5 5 5 5 5 5 5 5 5 5 5 5 5 5 5 5 
Edges
0 12 0
0 16 0
1 8 0
2 22 0
3 9 0
3 12 0
3 11 0
4 10 0
4 15 0
4 38 0
5 6 0
5 9 0
6 5 0
6 12 0
7 20 0
7 22 0
7 50 0
8 34 0
8 35 0
8 1 0
8 33 0
9 3 0
9 5 0
9 10 0
10 4 0
10 9 0
10 36 0
10 37 0
11 13 0
11 14 0
11 3 0
12 0 0
12 3 0
12 6 0
13 11 0
13 18 0
13 39 0
14 11 0
14 19 0
14 40 0
15 4 0
15 28 0
15 29 0
16 0 0
16 22 0
16 41 0
16 42 0
17 21 0
17 24 0
17 25 0
18 13 0
18 23 0
18 43 0
19 14 0
19 23 0
19 44 0
20 7 0
20 26 0
20 27 0
21 17 0
21 30 0
21 45 0
21 46 0
22 2 0
22 7 0
22 16 0
23 18 0
23 19 0
23 47 0
24 17 0
24 26 0
24 48 0
25 17 0
25 27 0
25 49 0
26 20 0
26 24 0
26 51 0
27 20 0
27 25 0
27 52 0
28 15 0
28 31 0
28 53 0
29 15 0
29 32 0
29 54 0
30 21 0
30 55 0
30 56 0
30 57 0
31 28 0
31 33 0
31 58 0
32 29 0
32 33 0
32 59 0
33 31 0
33 32 0
33 8 0
34 8 0
35 8 0
36 10 0
37 10 0
38 4 0
39 13 0
40 14 0
41 16 0
42 16 0
43 18 0
44 19 0
45 21 0
46 21 0
47 23 0
48 24 0
49 25 0
50 7 0
51 26 0
52 27 0
53 28 0
54 29 0
55 30 0
56 30 0
57 30 0
58 31 0
59 32 0
GraphDataEnd
GraphEnd
NodeEnd
NodeStart
EPTNodeID: 6
AnchorID: 11836
TreeNodeGraphID: 22
Level: 11
SimplifiedLevel: 0
EditOperation: 5 30 47 0 0
AccumulatedOpsCount: 8
AccumulatedOp: 4 21 30 0 0
AccumulatedOp: 5 21 34 0 0
AccumulatedOp: 0 47 0 5 2
AccumulatedOp: 4 8 35 0 0
AccumulatedOp: 1 35 0 5 0
AccumulatedOp: 4 8 34 0 0
AccumulatedOp: 1 8 0 4 0
AccumulatedOp: 5 30 47 0 0
ChildrenCount: 0
ChildIndices:
CompletedDBGraphIDsCount: 1
CompletedDBGraphID: 2837
GraphStart
GraphDataStart
ID: 22
NumNodes: 58
NumEdges: 122
NodeLabels
6 1 2 3 3 3 3 3 4 4 4 4 4 4 4 4 4 4 4 4 4 4 4 4 4 4 4 4 4 4 4 4 4 5 5 5 5 5 5 5 5 5 5 5 5 2 5 5 5 5 5 5 5 5 5 5 5 5 
Edges
0 11 0
0 15 0
1 32 0
2 21 0
3 8 0
3 11 0
3 10 0
4 9 0
4 14 0
4 36 0
5 6 0
5 8 0
6 5 0
6 11 0
7 19 0
7 21 0
7 48 0
8 3 0
8 5 0
8 9 0
9 4 0
9 8 0
9 34 0
9 35 0
10 12 0
10 13 0
10 3 0
11 0 0
11 3 0
11 6 0
12 10 0
12 17 0
12 37 0
13 10 0
13 18 0
13 38 0
14 4 0
14 27 0
14 28 0
15 0 0
15 21 0
15 39 0
15 40 0
16 20 0
16 23 0
16 24 0
17 12 0
17 22 0
17 41 0
18 13 0
18 22 0
18 42 0
19 7 0
19 25 0
19 26 0
20 16 0
20 43 0
20 44 0
20 33 0
21 2 0
21 7 0
21 15 0
22 17 0
22 18 0
22 45 0
23 16 0
23 25 0
23 46 0
24 16 0
24 26 0
24 47 0
25 19 0
25 23 0
25 49 0
26 19 0
26 24 0
26 50 0
27 14 0
27 30 0
27 51 0
28 14 0
28 31 0
28 52 0
29 53 0
29 54 0
29 55 0
29 45 0
30 27 0
30 32 0
30 56 0
31 28 0
31 32 0
31 57 0
32 1 0
32 30 0
32 31 0
33 20 0
34 9 0
35 9 0
36 4 0
37 12 0
38 13 0
39 15 0
40 15 0
41 17 0
42 18 0
43 20 0
44 20 0
45 22 0
45 29 0
46 23 0
47 24 0
48 7 0
49 25 0
50 26 0
51 27 0
52 28 0
53 29 0
54 29 0
55 29 0
56 30 0
57 31 0
GraphDataEnd
GraphEnd
NodeEnd
NodeStart
EPTNodeID: 7
AnchorID: 11836
TreeNodeGraphID: 26
Level: 7
SimplifiedLevel: 0
EditOperation: 5 8 60 0 0
AccumulatedOpsCount: 4
AccumulatedOp: 0 47 0 5 2
AccumulatedOp: 2 60 0 0 5
AccumulatedOp: 5 8 47 0 0
AccumulatedOp: 5 8 60 0 0
ChildrenCount: 0
ChildIndices:
CompletedDBGraphIDsCount: 1
CompletedDBGraphID: 2518
GraphStart
GraphDataStart
ID: 26
NumNodes: 61
NumEdges: 128
NodeLabels
6 1 2 3 3 3 3 3 4 4 4 4 4 4 4 4 4 4 4 4 4 4 4 4 4 4 4 4 4 4 4 4 4 4 5 5 5 5 5 5 5 5 5 5 5 5 5 2 5 5 5 5 5 5 5 5 5 5 5 5 5 
Edges
0 12 0
0 16 0
1 33 0
2 22 0
3 9 0
3 12 0
3 11 0
4 10 0
4 15 0
4 38 0
5 6 0
5 9 0
6 5 0
6 12 0
7 20 0
7 22 0
7 50 0
8 34 0
8 35 0
8 47 0
8 60 0
9 3 0
9 5 0
9 10 0
10 4 0
10 9 0
10 36 0
10 37 0
11 13 0
11 14 0
11 3 0
12 0 0
12 3 0
12 6 0
13 11 0
13 18 0
13 39 0
14 11 0
14 19 0
14 40 0
15 4 0
15 28 0
15 29 0
16 0 0
16 22 0
16 41 0
16 42 0
17 21 0
17 24 0
17 25 0
18 13 0
18 23 0
18 43 0
19 14 0
19 23 0
19 44 0
20 7 0
20 26 0
20 27 0
21 17 0
21 30 0
21 45 0
21 46 0
22 2 0
22 7 0
22 16 0
23 18 0
23 19 0
23 47 0
24 17 0
24 26 0
24 48 0
25 17 0
25 27 0
25 49 0
26 20 0
26 24 0
26 51 0
27 20 0
27 25 0
27 52 0
28 15 0
28 31 0
28 53 0
29 15 0
29 32 0
29 54 0
30 21 0
30 55 0
30 56 0
30 57 0
31 28 0
31 33 0
31 58 0
32 29 0
32 33 0
32 59 0
33 1 0
33 31 0
33 32 0
34 8 0
35 8 0
36 10 0
37 10 0
38 4 0
39 13 0
40 14 0
41 16 0
42 16 0
43 18 0
44 19 0
45 21 0
46 21 0
47 23 0
47 8 0
48 24 0
49 25 0
50 7 0
51 26 0
52 27 0
53 28 0
54 29 0
55 30 0
56 30 0
57 30 0
58 31 0
59 32 0
60 8 0
GraphDataEnd
GraphEnd
NodeEnd
NodeStart
EPTNodeID: 8
AnchorID: 11836
TreeNodeGraphID: 33
Level: 10
SimplifiedLevel: 0
EditOperation: 5 8 45 0 0
AccumulatedOpsCount: 7
AccumulatedOp: 5 8 33 0 0
AccumulatedOp: 0 46 0 5 2
AccumulatedOp: 4 1 33 0 0
AccumulatedOp: 1 1 0 1 0
AccumulatedOp: 4 21 45 0 0
AccumulatedOp: 0 58 0 5 7
AccumulatedOp: 5 8 45 0 0
ChildrenCount: 0
ChildIndices:
CompletedDBGraphIDsCount: 1
CompletedDBGraphID: 21620
GraphStart
GraphDataStart
ID: 33
NumNodes: 59
NumEdges: 124
NodeLabels
6 2 3 3 3 3 3 4 4 4 4 4 4 4 4 4 4 4 4 4 4 4 4 4 4 4 4 4 4 4 4 4 4 5 5 5 5 5 5 5 5 5 5 5 5 2 5 5 5 5 5 5 5 5 5 5 5 7 5 
Edges
0 11 0
0 15 0
1 21 0
2 8 0
2 11 0
2 10 0
3 9 0
3 14 0
3 37 0
4 5 0
4 8 0
5 4 0
5 11 0
6 19 0
6 21 0
6 49 0
7 33 0
7 34 0
7 32 0
7 44 0
8 2 0
8 4 0
8 9 0
9 3 0
9 8 0
9 35 0
9 36 0
10 12 0
10 13 0
10 2 0
11 0 0
11 2 0
11 5 0
12 10 0
12 17 0
12 38 0
13 10 0
13 18 0
13 39 0
14 3 0
14 27 0
14 28 0
15 0 0
15 21 0
15 40 0
15 41 0
16 20 0
16 23 0
16 24 0
17 12 0
17 22 0
17 42 0
18 13 0
18 22 0
18 43 0
19 6 0
19 25 0
19 26 0
20 16 0
20 29 0
20 45 0
21 1 0
21 6 0
21 15 0
22 17 0
22 18 0
22 46 0
23 16 0
23 25 0
23 47 0
24 16 0
24 26 0
24 48 0
25 19 0
25 23 0
25 50 0
26 19 0
26 24 0
26 51 0
27 14 0
27 30 0
27 52 0
28 14 0
28 31 0
28 53 0
29 20 0
29 54 0
29 55 0
29 56 0
30 27 0
30 32 0
30 57 0
31 28 0
31 32 0
31 58 0
32 30 0
32 31 0
32 7 0
33 7 0
34 7 0
35 9 0
36 9 0
37 3 0
38 12 0
39 13 0
40 15 0
41 15 0
42 17 0
43 18 0
44 7 0
45 20 0
46 22 0
47 23 0
48 24 0
49 6 0
50 25 0
51 26 0
52 27 0
53 28 0
54 29 0
55 29 0
56 29 0
57 30 0
58 31 0
GraphDataEnd
GraphEnd
NodeEnd
NodeStart
EPTNodeID: 9
AnchorID: 11836
TreeNodeGraphID: 43
Level: 11
SimplifiedLevel: 0
EditOperation: 5 21 44 0 0
AccumulatedOpsCount: 10
AccumulatedOp: 4 21 30 0 0
AccumulatedOp: 0 1 0 1 2
AccumulatedOp: 4 7 20 0 0
AccumulatedOp: 2 60 0 0 5
AccumulatedOp: 4 19 44 0 0
AccumulatedOp: 5 1 30 0 0
AccumulatedOp: 5 3 20 0 0
AccumulatedOp: 5 7 19 0 0
AccumulatedOp: 5 8 60 0 0
AccumulatedOp: 5 21 44 0 0
ChildrenCount: 0
ChildIndices:
CompletedDBGraphIDsCount: 1
CompletedDBGraphID: 3626
GraphStart
GraphDataStart
ID: 43
NumNodes: 61
NumEdges: 128
NodeLabels
6 2 2 3 3 3 3 3 4 4 4 4 4 4 4 4 4 4 4 4 4 4 4 4 4 4 4 4 4 4 4 4 4 4 5 5 5 5 5 5 5 5 5 5 5 5 5 5 5 5 5 5 5 5 5 5 5 5 5 5 5 
Edges
0 12 0
0 16 0
1 33 0
1 30 0
2 22 0
3 9 0
3 12 0
3 20 0
4 10 0
4 15 0
4 38 0
5 6 0
5 9 0
6 5 0
6 12 0
7 22 0
7 50 0
7 19 0
8 11 0
8 34 0
8 35 0
8 60 0
9 3 0
9 5 0
9 10 0
10 4 0
10 9 0
10 36 0
10 37 0
11 8 0
11 13 0
11 14 0
12 0 0
12 3 0
12 6 0
13 11 0
13 18 0
13 39 0
14 11 0
14 19 0
14 40 0
15 4 0
15 28 0
15 29 0
16 0 0
16 22 0
16 41 0
16 42 0
17 21 0
17 24 0
17 25 0
18 13 0
18 23 0
18 43 0
19 14 0
19 23 0
19 7 0
20 26 0
20 27 0
20 3 0
21 17 0
21 45 0
21 46 0
21 44 0
22 2 0
22 7 0
22 16 0
23 18 0
23 19 0
23 47 0
24 17 0
24 26 0
24 48 0
25 17 0
25 27 0
25 49 0
26 20 0
26 24 0
26 51 0
27 20 0
27 25 0
27 52 0
28 15 0
28 31 0
28 53 0
29 15 0
29 32 0
29 54 0
30 55 0
30 56 0
30 57 0
30 1 0
31 28 0
31 33 0
31 58 0
32 29 0
32 33 0
32 59 0
33 1 0
33 31 0
33 32 0
34 8 0
35 8 0
36 10 0
37 10 0
38 4 0
39 13 0
40 14 0
41 16 0
42 16 0
43 18 0
44 21 0
45 21 0
46 21 0
47 23 0
48 24 0
49 25 0
50 7 0
51 26 0
52 27 0
53 28 0
54 29 0
55 30 0
56 30 0
57 30 0
58 31 0
59 32 0
60 8 0
GraphDataEnd
GraphEnd
NodeEnd
NodeStart
EPTNodeID: 10
AnchorID: 11836
TreeNodeGraphID: 51
Level: 9
SimplifiedLevel: 0
EditOperation: 5 8 47 0 0
AccumulatedOpsCount: 8
AccumulatedOp: 2 60 0 0 5
AccumulatedOp: 0 1 0 1 2
AccumulatedOp: 5 17 60 0 0
AccumulatedOp: 4 17 21 0 0
AccumulatedOp: 4 23 47 0 0
AccumulatedOp: 5 3 23 0 0
AccumulatedOp: 5 1 21 0 0
AccumulatedOp: 5 8 47 0 0
ChildrenCount: 0
ChildIndices:
CompletedDBGraphIDsCount: 1
CompletedDBGraphID: 14499
GraphStart
GraphDataStart
ID: 51
NumNodes: 61
NumEdges: 128
NodeLabels
6 2 2 3 3 3 3 3 4 4 4 4 4 4 4 4 4 4 4 4 4 4 4 4 4 4 4 4 4 4 4 4 4 4 5 5 5 5 5 5 5 5 5 5 5 5 5 5 5 5 5 5 5 5 5 5 5 5 5 5 5 
Edges
0 12 0
0 16 0
1 33 0
1 21 0
2 22 0
3 9 0
3 12 0
3 23 0
4 10 0
4 15 0
4 38 0
5 6 0
5 9 0
6 5 0
6 12 0
7 20 0
7 22 0
7 50 0
8 11 0
8 34 0
8 35 0
8 47 0
9 3 0
9 5 0
9 10 0
10 4 0
10 9 0
10 36 0
10 37 0
11 8 0
11 13 0
11 14 0
12 0 0
12 3 0
12 6 0
13 11 0
13 18 0
13 39 0
14 11 0
14 19 0
14 40 0
15 4 0
15 28 0
15 29 0
16 0 0
16 22 0
16 41 0
16 42 0
17 24 0
17 25 0
17 60 0
18 13 0
18 23 0
18 43 0
19 14 0
19 23 0
19 44 0
20 7 0
20 26 0
20 27 0
21 30 0
21 45 0
21 46 0
21 1 0
22 2 0
22 7 0
22 16 0
23 18 0
23 19 0
23 3 0
24 17 0
24 26 0
24 48 0
25 17 0
25 27 0
25 49 0
26 20 0
26 24 0
26 51 0
27 20 0
27 25 0
27 52 0
28 15 0
28 31 0
28 53 0
29 15 0
29 32 0
29 54 0
30 21 0
30 55 0
30 56 0
30 57 0
31 28 0
31 33 0
31 58 0
32 29 0
32 33 0
32 59 0
33 1 0
33 31 0
33 32 0
34 8 0
35 8 0
36 10 0
37 10 0
38 4 0
39 13 0
40 14 0
41 16 0
42 16 0
43 18 0
44 19 0
45 21 0
46 21 0
47 8 0
48 24 0
49 25 0
50 7 0
51 26 0
52 27 0
53 28 0
54 29 0
55 30 0
56 30 0
57 30 0
58 31 0
59 32 0
60 17 0
GraphDataEnd
GraphEnd
NodeEnd
NodeStart
EPTNodeID: 11
AnchorID: 11836
TreeNodeGraphID: 52
Level: 2
SimplifiedLevel: 0
EditOperation: 0 1 0 1 7
AccumulatedOpsCount: 1
AccumulatedOp: 0 1 0 1 7
ChildrenCount: 2
ChildIndices: 12 13
CompletedDBGraphIDsCount: 0
GraphStart
GraphDataStart
ID: 52
NumNodes: 60
NumEdges: 124
NodeLabels
6 7 2 3 3 3 3 3 4 4 4 4 4 4 4 4 4 4 4 4 4 4 4 4 4 4 4 4 4 4 4 4 4 4 5 5 5 5 5 5 5 5 5 5 5 5 5 5 5 5 5 5 5 5 5 5 5 5 5 5 
Edges
0 12 0
0 16 0
1 33 0
2 22 0
3 9 0
3 12 0
4 10 0
4 15 0
4 38 0
5 6 0
5 9 0
6 5 0
6 12 0
7 20 0
7 22 0
7 50 0
8 11 0
8 34 0
8 35 0
9 3 0
9 5 0
9 10 0
10 4 0
10 9 0
10 36 0
10 37 0
11 8 0
11 13 0
11 14 0
12 0 0
12 3 0
12 6 0
13 11 0
13 18 0
13 39 0
14 11 0
14 19 0
14 40 0
15 4 0
15 28 0
15 29 0
16 0 0
16 22 0
16 41 0
16 42 0
17 21 0
17 24 0
17 25 0
18 13 0
18 23 0
18 43 0
19 14 0
19 23 0
19 44 0
20 7 0
20 26 0
20 27 0
21 17 0
21 30 0
21 45 0
21 46 0
22 2 0
22 7 0
22 16 0
23 18 0
23 19 0
23 47 0
24 17 0
24 26 0
24 48 0
25 17 0
25 27 0
25 49 0
26 20 0
26 24 0
26 51 0
27 20 0
27 25 0
27 52 0
28 15 0
28 31 0
28 53 0
29 15 0
29 32 0
29 54 0
30 21 0
30 55 0
30 56 0
30 57 0
31 28 0
31 33 0
31 58 0
32 29 0
32 33 0
32 59 0
33 1 0
33 31 0
33 32 0
34 8 0
35 8 0
36 10 0
37 10 0
38 4 0
39 13 0
40 14 0
41 16 0
42 16 0
43 18 0
44 19 0
45 21 0
46 21 0
47 23 0
48 24 0
49 25 0
50 7 0
51 26 0
52 27 0
53 28 0
54 29 0
55 30 0
56 30 0
57 30 0
58 31 0
59 32 0
GraphDataEnd
GraphEnd
NodeEnd
NodeStart
EPTNodeID: 12
AnchorID: 11836
TreeNodeGraphID: 57
Level: 7
SimplifiedLevel: 0
EditOperation: 5 3 21 0 0
AccumulatedOpsCount: 5
AccumulatedOp: 2 60 0 0 2
AccumulatedOp: 5 8 60 0 0
AccumulatedOp: 4 17 21 0 0
AccumulatedOp: 5 17 60 0 0
AccumulatedOp: 5 3 21 0 0
ChildrenCount: 0
ChildIndices:
CompletedDBGraphIDsCount: 1
CompletedDBGraphID: 4664
GraphStart
GraphDataStart
ID: 57
NumNodes: 61
NumEdges: 128
NodeLabels
6 7 2 3 3 3 3 3 4 4 4 4 4 4 4 4 4 4 4 4 4 4 4 4 4 4 4 4 4 4 4 4 4 4 5 5 5 5 5 5 5 5 5 5 5 5 5 5 5 5 5 5 5 5 5 5 5 5 5 5 2 
Edges
0 12 0
0 16 0
1 33 0
2 22 0
3 9 0
3 12 0
3 21 0
4 10 0
4 15 0
4 38 0
5 6 0
5 9 0
6 5 0
6 12 0
7 20 0
7 22 0
7 50 0
8 11 0
8 34 0
8 35 0
8 60 0
9 3 0
9 5 0
9 10 0
10 4 0
10 9 0
10 36 0
10 37 0
11 8 0
11 13 0
11 14 0
12 0 0
12 3 0
12 6 0
13 11 0
13 18 0
13 39 0
14 11 0
14 19 0
14 40 0
15 4 0
15 28 0
15 29 0
16 0 0
16 22 0
16 41 0
16 42 0
17 24 0
17 25 0
17 60 0
18 13 0
18 23 0
18 43 0
19 14 0
19 23 0
19 44 0
20 7 0
20 26 0
20 27 0
21 30 0
21 45 0
21 46 0
21 3 0
22 2 0
22 7 0
22 16 0
23 18 0
23 19 0
23 47 0
24 17 0
24 26 0
24 48 0
25 17 0
25 27 0
25 49 0
26 20 0
26 24 0
26 51 0
27 20 0
27 25 0
27 52 0
28 15 0
28 31 0
28 53 0
29 15 0
29 32 0
29 54 0
30 21 0
30 55 0
30 56 0
30 57 0
31 28 0
31 33 0
31 58 0
32 29 0
32 33 0
32 59 0
33 1 0
33 31 0
33 32 0
34 8 0
35 8 0
36 10 0
37 10 0
38 4 0
39 13 0
40 14 0
41 16 0
42 16 0
43 18 0
44 19 0
45 21 0
46 21 0
47 23 0
48 24 0
49 25 0
50 7 0
51 26 0
52 27 0
53 28 0
54 29 0
55 30 0
56 30 0
57 30 0
58 31 0
59 32 0
60 8 0
60 17 0
GraphDataEnd
GraphEnd
NodeEnd
NodeStart
EPTNodeID: 13
AnchorID: 11836
TreeNodeGraphID: 65
Level: 10
SimplifiedLevel: 0
EditOperation: 5 8 45 0 0
AccumulatedOpsCount: 8
AccumulatedOp: 0 46 0 5 2
AccumulatedOp: 4 21 45 0 0
AccumulatedOp: 4 23 47 0 0
AccumulatedOp: 5 4 23 0 0
AccumulatedOp: 1 47 0 5 0
AccumulatedOp: 4 4 15 0 0
AccumulatedOp: 5 3 15 0 0
AccumulatedOp: 5 8 45 0 0
ChildrenCount: 0
ChildIndices:
CompletedDBGraphIDsCount: 1
CompletedDBGraphID: 12903
GraphStart
GraphDataStart
ID: 65
NumNodes: 59
NumEdges: 124
NodeLabels
6 7 2 3 3 3 3 3 4 4 4 4 4 4 4 4 4 4 4 4 4 4 4 4 4 4 4 4 4 4 4 4 4 4 5 5 5 5 5 5 5 5 5 5 5 5 2 5 5 5 5 5 5 5 5 5 5 5 5 
Edges
0 12 0
0 16 0
1 33 0
2 22 0
3 9 0
3 12 0
3 15 0
4 10 0
4 38 0
4 23 0
5 6 0
5 9 0
6 5 0
6 12 0
7 20 0
7 22 0
7 49 0
8 11 0
8 34 0
8 35 0
8 45 0
9 3 0
9 5 0
9 10 0
10 4 0
10 9 0
10 36 0
10 37 0
11 8 0
11 13 0
11 14 0
12 0 0
12 3 0
12 6 0
13 11 0
13 18 0
13 39 0
14 11 0
14 19 0
14 40 0
15 28 0
15 29 0
15 3 0
16 0 0
16 22 0
16 41 0
16 42 0
17 21 0
17 24 0
17 25 0
18 13 0
18 23 0
18 43 0
19 14 0
19 23 0
19 44 0
20 7 0
20 26 0
20 27 0
21 17 0
21 30 0
21 46 0
22 2 0
22 7 0
22 16 0
23 18 0
23 19 0
23 4 0
24 17 0
24 26 0
24 47 0
25 17 0
25 27 0
25 48 0
26 20 0
26 24 0
26 50 0
27 20 0
27 25 0
27 51 0
28 15 0
28 31 0
28 52 0
29 15 0
29 32 0
29 53 0
30 21 0
30 54 0
30 55 0
30 56 0
31 28 0
31 33 0
31 57 0
32 29 0
32 33 0
32 58 0
33 1 0
33 31 0
33 32 0
34 8 0
35 8 0
36 10 0
37 10 0
38 4 0
39 13 0
40 14 0
41 16 0
42 16 0
43 18 0
44 19 0
45 8 0
46 21 0
47 24 0
48 25 0
49 7 0
50 26 0
51 27 0
52 28 0
53 29 0
54 30 0
55 30 0
56 30 0
57 31 0
58 32 0
GraphDataEnd
GraphEnd
NodeEnd
NodeStart
EPTNodeID: 14
AnchorID: 11836
TreeNodeGraphID: 78
Level: 13
SimplifiedLevel: 0
EditOperation: 5 10 11 0 0
AccumulatedOpsCount: 13
AccumulatedOp: 4 8 11 0 0
AccumulatedOp: 4 1 33 0 0
AccumulatedOp: 1 1 0 1 0
AccumulatedOp: 0 15 0 4 3
AccumulatedOp: 5 9 33 0 0
AccumulatedOp: 5 8 10 0 0
AccumulatedOp: 4 9 10 0 0
AccumulatedOp: 4 4 15 0 0
AccumulatedOp: 4 4 10 0 0
AccumulatedOp: 4 4 38 0 0
AccumulatedOp: 1 4 0 3 0
AccumulatedOp: 1 38 0 5 0
AccumulatedOp: 5 10 11 0 0
ChildrenCount: 0
ChildIndices:
CompletedDBGraphIDsCount: 1
CompletedDBGraphID: 9089
GraphStart
GraphDataStart
ID: 78
NumNodes: 57
NumEdges: 120
NodeLabels
6 2 3 3 3 3 4 4 4 4 4 4 4 3 4 4 4 4 4 4 4 4 4 4 4 4 4 4 4 4 4 4 5 5 5 5 5 5 5 5 5 5 5 5 5 5 5 5 5 5 5 5 5 5 5 5 5 
Edges
0 10 0
0 14 0
1 20 0
2 6 0
2 7 0
2 10 0
3 4 0
3 7 0
4 3 0
4 10 0
5 18 0
5 20 0
5 47 0
6 2 0
6 32 0
6 33 0
6 8 0
7 2 0
7 3 0
7 31 0
8 34 0
8 35 0
8 6 0
8 9 0
9 11 0
9 12 0
9 8 0
10 0 0
10 2 0
10 4 0
11 9 0
11 16 0
11 36 0
12 9 0
12 17 0
12 37 0
13 26 0
13 27 0
14 0 0
14 20 0
14 38 0
14 39 0
15 19 0
15 22 0
15 23 0
16 11 0
16 21 0
16 40 0
17 12 0
17 21 0
17 41 0
18 5 0
18 24 0
18 25 0
19 15 0
19 28 0
19 42 0
19 43 0
20 1 0
20 5 0
20 14 0
21 16 0
21 17 0
21 44 0
22 15 0
22 24 0
22 45 0
23 15 0
23 25 0
23 46 0
24 18 0
24 22 0
24 48 0
25 18 0
25 23 0
25 49 0
26 13 0
26 29 0
26 50 0
27 13 0
27 30 0
27 51 0
28 19 0
28 52 0
28 53 0
28 54 0
29 26 0
29 31 0
29 55 0
30 27 0
30 31 0
30 56 0
31 29 0
31 30 0
31 7 0
32 6 0
33 6 0
34 8 0
35 8 0
36 11 0
37 12 0
38 14 0
39 14 0
40 16 0
41 17 0
42 19 0
43 19 0
44 21 0
45 22 0
46 23 0
47 5 0
48 24 0
49 25 0
50 26 0
51 27 0
52 28 0
53 28 0
54 28 0
55 29 0
56 30 0
GraphDataEnd
GraphEnd
NodeEnd
NodeStart
EPTNodeID: 15
AnchorID: 11836
TreeNodeGraphID: 87
Level: 9
SimplifiedLevel: 0
EditOperation: 5 4 60 0 0
AccumulatedOpsCount: 9
AccumulatedOp: 2 60 0 0 5
AccumulatedOp: 0 1 0 1 2
AccumulatedOp: 0 45 0 5 2
AccumulatedOp: 4 21 46 0 0
AccumulatedOp: 5 4 46 0 0
AccumulatedOp: 0 4 0 3 4
AccumulatedOp: 5 1 10 0 0
AccumulatedOp: 4 4 10 0 0
AccumulatedOp: 5 4 60 0 0
ChildrenCount: 0
ChildIndices:
CompletedDBGraphIDsCount: 1
CompletedDBGraphID: 6789
GraphStart
GraphDataStart
ID: 87
NumNodes: 61
NumEdges: 128
NodeLabels
6 2 2 3 4 3 3 3 4 4 4 4 4 4 4 4 4 4 4 4 4 4 4 4 4 4 4 4 4 4 4 4 4 4 5 5 5 5 5 5 5 5 5 5 5 2 5 5 5 5 5 5 5 5 5 5 5 5 5 5 5 
Edges
0 12 0
0 16 0
1 33 0
1 10 0
2 22 0
3 8 0
3 9 0
3 12 0
4 15 0
4 38 0
4 46 0
4 60 0
5 6 0
5 9 0
6 5 0
6 12 0
7 20 0
7 22 0
7 50 0
8 3 0
8 11 0
8 34 0
8 35 0
9 3 0
9 5 0
9 10 0
10 9 0
10 36 0
10 37 0
10 1 0
11 8 0
11 13 0
11 14 0
12 0 0
12 3 0
12 6 0
13 11 0
13 18 0
13 39 0
14 11 0
14 19 0
14 40 0
15 4 0
15 28 0
15 29 0
16 0 0
16 22 0
16 41 0
16 42 0
17 21 0
17 24 0
17 25 0
18 13 0
18 23 0
18 43 0
19 14 0
19 23 0
19 44 0
20 7 0
20 26 0
20 27 0
21 17 0
21 30 0
21 45 0
22 2 0
22 7 0
22 16 0
23 18 0
23 19 0
23 47 0
24 17 0
24 26 0
24 48 0
25 17 0
25 27 0
25 49 0
26 20 0
26 24 0
26 51 0
27 20 0
27 25 0
27 52 0
28 15 0
28 31 0
28 53 0
29 15 0
29 32 0
29 54 0
30 21 0
30 55 0
30 56 0
30 57 0
31 28 0
31 33 0
31 58 0
32 29 0
32 33 0
32 59 0
33 1 0
33 31 0
33 32 0
34 8 0
35 8 0
36 10 0
37 10 0
38 4 0
39 13 0
40 14 0
41 16 0
42 16 0
43 18 0
44 19 0
45 21 0
46 4 0
47 23 0
48 24 0
49 25 0
50 7 0
51 26 0
52 27 0
53 28 0
54 29 0
55 30 0
56 30 0
57 30 0
58 31 0
59 32 0
60 4 0
GraphDataEnd
GraphEnd
NodeEnd
NodeStart
EPTNodeID: 16
AnchorID: 11836
TreeNodeGraphID: 91
Level: 4
SimplifiedLevel: 0
EditOperation: 5 21 27 0 0
AccumulatedOpsCount: 4
AccumulatedOp: 4 17 21 0 0
AccumulatedOp: 5 17 52 0 0
AccumulatedOp: 4 27 52 0 0
AccumulatedOp: 5 21 27 0 0
ChildrenCount: 0
ChildIndices:
CompletedDBGraphIDsCount: 1
CompletedDBGraphID: 13707
GraphStart
GraphDataStart
ID: 91
NumNodes: 60
NumEdges: 126
NodeLabels
6 1 2 3 3 3 3 3 4 4 4 4 4 4 4 4 4 4 4 4 4 4 4 4 4 4 4 4 4 4 4 4 4 4 5 5 5 5 5 5 5 5 5 5 5 5 5 5 5 5 5 5 5 5 5 5 5 5 5 5 
Edges
0 12 0
0 16 0
1 33 0
2 22 0
3 8 0
3 9 0
3 12 0
4 10 0
4 15 0
4 38 0
5 6 0
5 9 0
6 5 0
6 12 0
7 20 0
7 22 0
7 50 0
8 3 0
8 11 0
8 34 0
8 35 0
9 3 0
9 5 0
9 10 0
10 4 0
10 9 0
10 36 0
10 37 0
11 8 0
11 13 0
11 14 0
12 0 0
12 3 0
12 6 0
13 11 0
13 18 0
13 39 0
14 11 0
14 19 0
14 40 0
15 4 0
15 28 0
15 29 0
16 0 0
16 22 0
16 41 0
16 42 0
17 24 0
17 25 0
17 52 0
18 13 0
18 23 0
18 43 0
19 14 0
19 23 0
19 44 0
20 7 0
20 26 0
20 27 0
21 30 0
21 45 0
21 46 0
21 27 0
22 2 0
22 7 0
22 16 0
23 18 0
23 19 0
23 47 0
24 17 0
24 26 0
24 48 0
25 17 0
25 27 0
25 49 0
26 20 0
26 24 0
26 51 0
27 20 0
27 25 0
27 21 0
28 15 0
28 31 0
28 53 0
29 15 0
29 32 0
29 54 0
30 21 0
30 55 0
30 56 0
30 57 0
31 28 0
31 33 0
31 58 0
32 29 0
32 33 0
32 59 0
33 1 0
33 31 0
33 32 0
34 8 0
35 8 0
36 10 0
37 10 0
38 4 0
39 13 0
40 14 0
41 16 0
42 16 0
43 18 0
44 19 0
45 21 0
46 21 0
47 23 0
48 24 0
49 25 0
50 7 0
51 26 0
52 17 0
53 28 0
54 29 0
55 30 0
56 30 0
57 30 0
58 31 0
59 32 0
GraphDataEnd
GraphEnd
NodeEnd
END_EPT
