BEGIN_EPT
AnchorID: 20488  # ID of the anchor node
RootIndex: 0  # Index of the root node in tree_nodes
NodeCount: 6  # Total number of nodes in the EPT
NodeStart
EPTNodeID: 0
AnchorID: 20488
TreeNodeGraphID: 0
Level: 0
SimplifiedLevel: 0
EditOperation: -1 0 -1 0 0
AccumulatedOpsCount: 0
ChildrenCount: 3
ChildIndices: 1 4 5
CompletedDBGraphIDsCount: 0
GraphStart
GraphDataStart
ID: 0
NumNodes: 81
NumEdges: 168
NodeLabels
2 2 2 2 2 2 2 2 3 4 4 4 4 4 4 4 4 4 4 4 4 4 4 4 4 4 4 4 4 4 4 4 4 4 4 4 4 4 4 4 4 4 5 5 5 5 5 5 5 5 5 5 5 5 5 5 5 5 5 5 5 5 5 5 5 5 5 5 5 5 5 5 5 5 5 5 5 5 5 5 5 
Edges
0 15 0
1 21 0
1 32 0
2 21 0
3 26 0
3 37 0
4 28 0
4 36 0
5 30 0
5 38 0
6 31 0
6 39 0
7 39 0
8 13 0
8 18 0
8 48 0
9 10 0
9 14 0
9 17 0
9 42 0
10 9 0
10 13 0
10 43 0
10 44 0
11 12 0
11 13 0
11 15 0
12 11 0
12 16 0
12 19 0
12 45 0
13 8 0
13 10 0
13 11 0
14 9 0
14 15 0
14 46 0
14 47 0
15 0 0
15 11 0
15 14 0
16 12 0
16 18 0
16 21 0
17 9 0
17 20 0
17 22 0
18 8 0
18 16 0
18 23 0
19 12 0
19 24 0
19 25 0
20 17 0
20 26 0
20 49 0
21 1 0
21 2 0
21 16 0
22 17 0
22 27 0
22 50 0
23 18 0
23 51 0
23 52 0
23 53 0
24 19 0
24 28 0
24 54 0
25 19 0
25 29 0
25 55 0
26 3 0
26 20 0
26 30 0
27 22 0
27 30 0
27 56 0
28 4 0
28 24 0
28 31 0
29 25 0
29 31 0
29 57 0
30 5 0
30 26 0
30 27 0
31 6 0
31 28 0
31 29 0
32 1 0
32 33 0
32 34 0
32 58 0
33 32 0
33 35 0
33 59 0
33 60 0
34 32 0
34 61 0
34 62 0
34 63 0
35 33 0
35 64 0
35 65 0
35 66 0
36 4 0
36 40 0
36 67 0
36 68 0
37 3 0
37 69 0
37 70 0
37 71 0
38 5 0
38 72 0
38 73 0
38 74 0
39 6 0
39 7 0
39 41 0
40 36 0
40 75 0
40 76 0
40 77 0
41 39 0
41 78 0
41 79 0
41 80 0
42 9 0
43 10 0
44 10 0
45 12 0
46 14 0
47 14 0
48 8 0
49 20 0
50 22 0
51 23 0
52 23 0
53 23 0
54 24 0
55 25 0
56 27 0
57 29 0
58 32 0
59 33 0
60 33 0
61 34 0
62 34 0
63 34 0
64 35 0
65 35 0
66 35 0
67 36 0
68 36 0
69 37 0
70 37 0
71 37 0
72 38 0
73 38 0
74 38 0
75 40 0
76 40 0
77 40 0
78 41 0
79 41 0
80 41 0
GraphDataEnd
GraphEnd
NodeEnd
NodeStart
EPTNodeID: 1
AnchorID: 20488
TreeNodeGraphID: 10
Level: 10
SimplifiedLevel: 0
EditOperation: 5 36 60 0 0
AccumulatedOpsCount: 10
AccumulatedOp: 5 33 40 0 0
AccumulatedOp: 0 34 0 4 5
AccumulatedOp: 4 33 60 0 0
AccumulatedOp: 4 34 63 0 0
AccumulatedOp: 4 34 61 0 0
AccumulatedOp: 1 61 0 5 0
AccumulatedOp: 4 36 40 0 0
AccumulatedOp: 4 34 62 0 0
AccumulatedOp: 1 62 0 5 0
AccumulatedOp: 5 36 60 0 0
ChildrenCount: 2
ChildIndices: 2 3
CompletedDBGraphIDsCount: 0
GraphStart
GraphDataStart
ID: 10
NumNodes: 79
NumEdges: 162
NodeLabels
2 2 2 2 2 2 2 2 3 4 4 4 4 4 4 4 4 4 4 4 4 4 4 4 4 4 4 4 4 4 4 4 4 4 5 4 4 4 4 4 4 4 5 5 5 5 5 5 5 5 5 5 5 5 5 5 5 5 5 5 5 5 5 5 5 5 5 5 5 5 5 5 5 5 5 5 5 5 5 
Edges
0 15 0
1 21 0
1 32 0
2 21 0
3 26 0
3 37 0
4 28 0
4 36 0
5 30 0
5 38 0
6 31 0
6 39 0
7 39 0
8 13 0
8 18 0
8 48 0
9 10 0
9 14 0
9 17 0
9 42 0
10 9 0
10 13 0
10 43 0
10 44 0
11 12 0
11 13 0
11 15 0
12 11 0
12 16 0
12 19 0
12 45 0
13 8 0
13 10 0
13 11 0
14 9 0
14 15 0
14 46 0
14 47 0
15 0 0
15 11 0
15 14 0
16 12 0
16 18 0
16 21 0
17 9 0
17 20 0
17 22 0
18 8 0
18 16 0
18 23 0
19 12 0
19 24 0
19 25 0
20 17 0
20 26 0
20 49 0
21 1 0
21 2 0
21 16 0
22 17 0
22 27 0
22 50 0
23 18 0
23 51 0
23 52 0
23 53 0
24 19 0
24 28 0
24 54 0
25 19 0
25 29 0
25 55 0
26 3 0
26 20 0
26 30 0
27 22 0
27 30 0
27 56 0
28 4 0
28 24 0
28 31 0
29 25 0
29 31 0
29 57 0
30 5 0
30 26 0
30 27 0
31 6 0
31 28 0
31 29 0
32 1 0
32 33 0
32 34 0
32 58 0
33 32 0
33 35 0
33 59 0
33 40 0
34 32 0
35 33 0
35 62 0
35 63 0
35 64 0
36 4 0
36 65 0
36 66 0
36 60 0
37 3 0
37 67 0
37 68 0
37 69 0
38 5 0
38 70 0
38 71 0
38 72 0
39 6 0
39 7 0
39 41 0
40 73 0
40 74 0
40 75 0
40 33 0
41 39 0
41 76 0
41 77 0
41 78 0
42 9 0
43 10 0
44 10 0
45 12 0
46 14 0
47 14 0
48 8 0
49 20 0
50 22 0
51 23 0
52 23 0
53 23 0
54 24 0
55 25 0
56 27 0
57 29 0
58 32 0
59 33 0
60 36 0
62 35 0
63 35 0
64 35 0
65 36 0
66 36 0
67 37 0
68 37 0
69 37 0
70 38 0
71 38 0
72 38 0
73 40 0
74 40 0
75 40 0
76 41 0
77 41 0
78 41 0
GraphDataEnd
GraphEnd
NodeEnd
NodeStart
EPTNodeID: 2
AnchorID: 20488
TreeNodeGraphID: 11
Level: 11
SimplifiedLevel: 0
EditOperation: 1 63 0 5 0
AccumulatedOpsCount: 1
AccumulatedOp: 1 63 0 5 0
ChildrenCount: 0
ChildIndices:
CompletedDBGraphIDsCount: 4
CompletedDBGraphID: 2070
CompletedDBGraphID: 802
CompletedDBGraphID: 22193
CompletedDBGraphID: 9660
GraphStart
GraphDataStart
ID: 11
NumNodes: 78
NumEdges: 162
NodeLabels
2 2 2 2 2 2 2 2 3 4 4 4 4 4 4 4 4 4 4 4 4 4 4 4 4 4 4 4 4 4 4 4 4 4 5 4 4 4 4 4 4 4 5 5 5 5 5 5 5 5 5 5 5 5 5 5 5 5 5 5 5 5 5 5 5 5 5 5 5 5 5 5 5 5 5 5 5 5 
Edges
0 15 0
1 21 0
1 32 0
2 21 0
3 26 0
3 37 0
4 28 0
4 36 0
5 30 0
5 38 0
6 31 0
6 39 0
7 39 0
8 13 0
8 18 0
8 48 0
9 10 0
9 14 0
9 17 0
9 42 0
10 9 0
10 13 0
10 43 0
10 44 0
11 12 0
11 13 0
11 15 0
12 11 0
12 16 0
12 19 0
12 45 0
13 8 0
13 10 0
13 11 0
14 9 0
14 15 0
14 46 0
14 47 0
15 0 0
15 11 0
15 14 0
16 12 0
16 18 0
16 21 0
17 9 0
17 20 0
17 22 0
18 8 0
18 16 0
18 23 0
19 12 0
19 24 0
19 25 0
20 17 0
20 26 0
20 49 0
21 1 0
21 2 0
21 16 0
22 17 0
22 27 0
22 50 0
23 18 0
23 51 0
23 52 0
23 53 0
24 19 0
24 28 0
24 54 0
25 19 0
25 29 0
25 55 0
26 3 0
26 20 0
26 30 0
27 22 0
27 30 0
27 56 0
28 4 0
28 24 0
28 31 0
29 25 0
29 31 0
29 57 0
30 5 0
30 26 0
30 27 0
31 6 0
31 28 0
31 29 0
32 1 0
32 33 0
32 34 0
32 58 0
33 32 0
33 35 0
33 59 0
33 40 0
34 32 0
35 33 0
35 61 0
35 62 0
35 63 0
36 4 0
36 64 0
36 65 0
36 60 0
37 3 0
37 66 0
37 67 0
37 68 0
38 5 0
38 69 0
38 70 0
38 71 0
39 6 0
39 7 0
39 41 0
40 72 0
40 73 0
40 74 0
40 33 0
41 39 0
41 75 0
41 76 0
41 77 0
42 9 0
43 10 0
44 10 0
45 12 0
46 14 0
47 14 0
48 8 0
49 20 0
50 22 0
51 23 0
52 23 0
53 23 0
54 24 0
55 25 0
56 27 0
57 29 0
58 32 0
59 33 0
60 36 0
61 35 0
62 35 0
63 35 0
64 36 0
65 36 0
66 37 0
67 37 0
68 37 0
69 38 0
70 38 0
71 38 0
72 40 0
73 40 0
74 40 0
75 41 0
76 41 0
77 41 0
GraphDataEnd
GraphEnd
NodeEnd
NodeStart
EPTNodeID: 3
AnchorID: 20488
TreeNodeGraphID: 13
Level: 12
SimplifiedLevel: 0
EditOperation: 0 7 0 2 5
AccumulatedOpsCount: 2
AccumulatedOp: 5 39 63 0 0
AccumulatedOp: 0 7 0 2 5
ChildrenCount: 0
ChildIndices:
CompletedDBGraphIDsCount: 4
CompletedDBGraphID: 3570
CompletedDBGraphID: 19274
CompletedDBGraphID: 10876
CompletedDBGraphID: 19890
GraphStart
GraphDataStart
ID: 13
NumNodes: 79
NumEdges: 164
NodeLabels
2 2 2 2 2 2 2 5 3 4 4 4 4 4 4 4 4 4 4 4 4 4 4 4 4 4 4 4 4 4 4 4 4 4 5 4 4 4 4 4 4 4 5 5 5 5 5 5 5 5 5 5 5 5 5 5 5 5 5 5 5 5 5 5 5 5 5 5 5 5 5 5 5 5 5 5 5 5 5 
Edges
0 15 0
1 21 0
1 32 0
2 21 0
3 26 0
3 37 0
4 28 0
4 36 0
5 30 0
5 38 0
6 31 0
6 39 0
7 39 0
8 13 0
8 18 0
8 48 0
9 10 0
9 14 0
9 17 0
9 42 0
10 9 0
10 13 0
10 43 0
10 44 0
11 12 0
11 13 0
11 15 0
12 11 0
12 16 0
12 19 0
12 45 0
13 8 0
13 10 0
13 11 0
14 9 0
14 15 0
14 46 0
14 47 0
15 0 0
15 11 0
15 14 0
16 12 0
16 18 0
16 21 0
17 9 0
17 20 0
17 22 0
18 8 0
18 16 0
18 23 0
19 12 0
19 24 0
19 25 0
20 17 0
20 26 0
20 49 0
21 1 0
21 2 0
21 16 0
22 17 0
22 27 0
22 50 0
23 18 0
23 51 0
23 52 0
23 53 0
24 19 0
24 28 0
24 54 0
25 19 0
25 29 0
25 55 0
26 3 0
26 20 0
26 30 0
27 22 0
27 30 0
27 56 0
28 4 0
28 24 0
28 31 0
29 25 0
29 31 0
29 57 0
30 5 0
30 26 0
30 27 0
31 6 0
31 28 0
31 29 0
32 1 0
32 33 0
32 34 0
32 58 0
33 32 0
33 35 0
33 59 0
33 40 0
34 32 0
35 33 0
35 62 0
35 63 0
35 64 0
36 4 0
36 65 0
36 66 0
36 60 0
37 3 0
37 67 0
37 68 0
37 69 0
38 5 0
38 70 0
38 71 0
38 72 0
39 6 0
39 7 0
39 41 0
39 61 0
40 73 0
40 74 0
40 75 0
40 33 0
41 39 0
41 76 0
41 77 0
41 78 0
42 9 0
43 10 0
44 10 0
45 12 0
46 14 0
47 14 0
48 8 0
49 20 0
50 22 0
51 23 0
52 23 0
53 23 0
54 24 0
55 25 0
56 27 0
57 29 0
58 32 0
59 33 0
60 36 0
61 39 0
62 35 0
63 35 0
64 35 0
65 36 0
66 36 0
67 37 0
68 37 0
69 37 0
70 38 0
71 38 0
72 38 0
73 40 0
74 40 0
75 40 0
76 41 0
77 41 0
78 41 0
GraphDataEnd
GraphEnd
NodeEnd
NodeStart
EPTNodeID: 4
AnchorID: 20488
TreeNodeGraphID: 21
Level: 8
SimplifiedLevel: 0
EditOperation: 4 40 77 0 0
AccumulatedOpsCount: 8
AccumulatedOp: 0 7 0 2 5
AccumulatedOp: 0 40 0 4 5
AccumulatedOp: 4 40 75 0 0
AccumulatedOp: 1 75 0 5 0
AccumulatedOp: 5 39 77 0 0
AccumulatedOp: 4 40 76 0 0
AccumulatedOp: 1 76 0 5 0
AccumulatedOp: 4 40 77 0 0
ChildrenCount: 0
ChildIndices:
CompletedDBGraphIDsCount: 1
CompletedDBGraphID: 17303
GraphStart
GraphDataStart
ID: 21
NumNodes: 79
NumEdges: 164
NodeLabels
2 2 2 2 2 2 2 5 3 4 4 4 4 4 4 4 4 4 4 4 4 4 4 4 4 4 4 4 4 4 4 4 4 4 4 4 4 4 4 4 5 4 5 5 5 5 5 5 5 5 5 5 5 5 5 5 5 5 5 5 5 5 5 5 5 5 5 5 5 5 5 5 5 5 5 5 5 5 5 
Edges
0 15 0
1 21 0
1 32 0
2 21 0
3 26 0
3 37 0
4 28 0
4 36 0
5 30 0
5 38 0
6 31 0
6 39 0
7 39 0
8 13 0
8 18 0
8 48 0
9 10 0
9 14 0
9 17 0
9 42 0
10 9 0
10 13 0
10 43 0
10 44 0
11 12 0
11 13 0
11 15 0
12 11 0
12 16 0
12 19 0
12 45 0
13 8 0
13 10 0
13 11 0
14 9 0
14 15 0
14 46 0
14 47 0
15 0 0
15 11 0
15 14 0
16 12 0
16 18 0
16 21 0
17 9 0
17 20 0
17 22 0
18 8 0
18 16 0
18 23 0
19 12 0
19 24 0
19 25 0
20 17 0
20 26 0
20 49 0
21 1 0
21 2 0
21 16 0
22 17 0
22 27 0
22 50 0
23 18 0
23 51 0
23 52 0
23 53 0
24 19 0
24 28 0
24 54 0
25 19 0
25 29 0
25 55 0
26 3 0
26 20 0
26 30 0
27 22 0
27 30 0
27 56 0
28 4 0
28 24 0
28 31 0
29 25 0
29 31 0
29 57 0
30 5 0
30 26 0
30 27 0
31 6 0
31 28 0
31 29 0
32 1 0
32 33 0
32 34 0
32 58 0
33 32 0
33 35 0
33 59 0
33 60 0
34 32 0
34 61 0
34 62 0
34 63 0
35 33 0
35 64 0
35 65 0
35 66 0
36 4 0
36 40 0
36 67 0
36 68 0
37 3 0
37 69 0
37 70 0
37 71 0
38 5 0
38 72 0
38 73 0
38 74 0
39 6 0
39 7 0
39 41 0
39 75 0
40 36 0
41 39 0
41 76 0
41 77 0
41 78 0
42 9 0
43 10 0
44 10 0
45 12 0
46 14 0
47 14 0
48 8 0
49 20 0
50 22 0
51 23 0
52 23 0
53 23 0
54 24 0
55 25 0
56 27 0
57 29 0
58 32 0
59 33 0
60 33 0
61 34 0
62 34 0
63 34 0
64 35 0
65 35 0
66 35 0
67 36 0
68 36 0
69 37 0
70 37 0
71 37 0
72 38 0
73 38 0
74 38 0
75 39 0
76 41 0
77 41 0
78 41 0
GraphDataEnd
GraphEnd
NodeEnd
NodeStart
EPTNodeID: 5
AnchorID: 20488
TreeNodeGraphID: 28
Level: 7
SimplifiedLevel: 0
EditOperation: 1 66 0 5 0
AccumulatedOpsCount: 7
AccumulatedOp: 0 35 0 4 5
AccumulatedOp: 4 35 64 0 0
AccumulatedOp: 1 64 0 5 0
AccumulatedOp: 4 35 65 0 0
AccumulatedOp: 1 65 0 5 0
AccumulatedOp: 4 35 66 0 0
AccumulatedOp: 1 66 0 5 0
ChildrenCount: 0
ChildIndices:
CompletedDBGraphIDsCount: 4
CompletedDBGraphID: 16633
CompletedDBGraphID: 1543
CompletedDBGraphID: 8473
CompletedDBGraphID: 14164
GraphStart
GraphDataStart
ID: 28
NumNodes: 78
NumEdges: 162
NodeLabels
2 2 2 2 2 2 2 2 3 4 4 4 4 4 4 4 4 4 4 4 4 4 4 4 4 4 4 4 4 4 4 4 4 4 4 5 4 4 4 4 4 4 5 5 5 5 5 5 5 5 5 5 5 5 5 5 5 5 5 5 5 5 5 5 5 5 5 5 5 5 5 5 5 5 5 5 5 5 
Edges
0 15 0
1 21 0
1 32 0
2 21 0
3 26 0
3 37 0
4 28 0
4 36 0
5 30 0
5 38 0
6 31 0
6 39 0
7 39 0
8 13 0
8 18 0
8 48 0
9 10 0
9 14 0
9 17 0
9 42 0
10 9 0
10 13 0
10 43 0
10 44 0
11 12 0
11 13 0
11 15 0
12 11 0
12 16 0
12 19 0
12 45 0
13 8 0
13 10 0
13 11 0
14 9 0
14 15 0
14 46 0
14 47 0
15 0 0
15 11 0
15 14 0
16 12 0
16 18 0
16 21 0
17 9 0
17 20 0
17 22 0
18 8 0
18 16 0
18 23 0
19 12 0
19 24 0
19 25 0
20 17 0
20 26 0
20 49 0
21 1 0
21 2 0
21 16 0
22 17 0
22 27 0
22 50 0
23 18 0
23 51 0
23 52 0
23 53 0
24 19 0
24 28 0
24 54 0
25 19 0
25 29 0
25 55 0
26 3 0
26 20 0
26 30 0
27 22 0
27 30 0
27 56 0
28 4 0
28 24 0
28 31 0
29 25 0
29 31 0
29 57 0
30 5 0
30 26 0
30 27 0
31 6 0
31 28 0
31 29 0
32 1 0
32 33 0
32 34 0
32 58 0
33 32 0
33 35 0
33 59 0
33 60 0
34 32 0
34 61 0
34 62 0
34 63 0
35 33 0
36 4 0
36 40 0
36 64 0
36 65 0
37 3 0
37 66 0
37 67 0
37 68 0
38 5 0
38 69 0
38 70 0
38 71 0
39 6 0
39 7 0
39 41 0
40 36 0
40 72 0
40 73 0
40 74 0
41 39 0
41 75 0
41 76 0
41 77 0
42 9 0
43 10 0
44 10 0
45 12 0
46 14 0
47 14 0
48 8 0
49 20 0
50 22 0
51 23 0
52 23 0
53 23 0
54 24 0
55 25 0
56 27 0
57 29 0
58 32 0
59 33 0
60 33 0
61 34 0
62 34 0
63 34 0
64 36 0
65 36 0
66 37 0
67 37 0
68 37 0
69 38 0
70 38 0
71 38 0
72 40 0
73 40 0
74 40 0
75 41 0
76 41 0
77 41 0
GraphDataEnd
GraphEnd
NodeEnd
END_EPT
