BEGIN_EPT
AnchorID: 22436  # ID of the anchor node
RootIndex: 0  # Index of the root node in tree_nodes
NodeCount: 1  # Total number of nodes in the EPT
NodeStart
EPTNodeID: 0
AnchorID: 22436
TreeNodeGraphID: 0
Level: 0
SimplifiedLevel: 0
EditOperation: -1 0 -1 0 0
AccumulatedOpsCount: 0
ChildrenCount: 0
ChildIndices:
CompletedDBGraphIDsCount: 0
GraphStart
GraphDataStart
ID: 0
NumNodes: 72
NumEdges: 152
NodeLabels
2 2 3 3 4 4 4 4 4 4 4 4 4 4 4 4 4 4 4 4 4 4 4 4 4 4 4 4 4 4 4 4 4 4 4 4 5 5 5 5 5 5 5 5 5 5 5 5 5 5 5 5 5 5 5 5 5 5 5 5 5 5 5 5 5 5 5 5 5 5 5 5 
Edges
0 18 0
1 19 0
2 10 0
2 11 0
2 18 0
3 12 0
3 13 0
3 19 0
4 8 0
4 9 0
4 14 0
4 36 0
5 6 0
5 7 0
5 15 0
5 37 0
6 5 0
6 13 0
6 38 0
6 39 0
7 5 0
7 12 0
7 40 0
7 41 0
8 4 0
8 11 0
8 42 0
8 43 0
9 4 0
9 10 0
9 44 0
9 45 0
10 2 0
10 9 0
10 46 0
10 47 0
11 2 0
11 8 0
11 48 0
11 49 0
12 3 0
12 7 0
12 50 0
12 51 0
13 3 0
13 6 0
13 52 0
13 53 0
14 4 0
14 17 0
14 54 0
14 55 0
15 5 0
15 16 0
15 56 0
15 57 0
16 15 0
16 23 0
16 25 0
17 14 0
17 22 0
17 24 0
18 0 0
18 2 0
18 21 0
19 1 0
19 3 0
19 20 0
20 19 0
20 27 0
20 29 0
21 18 0
21 26 0
21 28 0
22 17 0
22 31 0
22 58 0
23 16 0
23 30 0
23 59 0
24 17 0
24 33 0
24 60 0
25 16 0
25 32 0
25 61 0
26 21 0
26 27 0
26 62 0
27 20 0
27 26 0
27 63 0
28 21 0
28 29 0
28 64 0
29 20 0
29 28 0
29 65 0
30 23 0
30 35 0
30 67 0
31 22 0
31 34 0
31 66 0
32 25 0
32 35 0
32 69 0
33 24 0
33 34 0
33 68 0
34 31 0
34 33 0
34 70 0
35 30 0
35 32 0
35 71 0
36 4 0
37 5 0
38 6 0
39 6 0
40 7 0
41 7 0
42 8 0
43 8 0
44 9 0
45 9 0
46 10 0
47 10 0
48 11 0
49 11 0
50 12 0
51 12 0
52 13 0
53 13 0
54 14 0
55 14 0
56 15 0
57 15 0
58 22 0
59 23 0
60 24 0
61 25 0
62 26 0
63 27 0
64 28 0
65 29 0
66 31 0
67 30 0
68 33 0
69 32 0
70 34 0
71 35 0
GraphDataEnd
GraphEnd
NodeEnd
END_EPT
