BEGIN_EPT
AnchorID: 11770  # ID of the anchor node
RootIndex: 0  # Index of the root node in tree_nodes
NodeCount: 6  # Total number of nodes in the EPT
NodeStart
EPTNodeID: 0
AnchorID: 11770
TreeNodeGraphID: 0
Level: 0
SimplifiedLevel: 0
EditOperation: -1 0 -1 0 0
AccumulatedOpsCount: 0
ChildrenCount: 1
ChildIndices: 1
CompletedDBGraphIDsCount: 0
GraphStart
GraphDataStart
ID: 0
NumNodes: 58
NumEdges: 126
NodeLabels
7 1 2 2 2 3 3 3 3 3 3 4 4 4 4 4 4 4 4 4 4 4 4 4 4 4 4 4 4 4 4 4 4 4 4 4 4 4 5 5 5 5 5 5 5 5 5 5 5 5 5 5 5 5 5 5 5 5 
Edges
0 37 0
1 31 0
2 13 0
3 15 0
4 18 0
5 9 0
5 11 0
5 16 0
6 13 0
6 15 0
6 21 0
7 10 0
7 14 0
7 18 0
8 9 0
8 12 0
9 5 0
9 8 0
10 7 0
10 19 0
11 5 0
11 12 0
11 13 0
11 38 0
12 8 0
12 11 0
12 15 0
12 39 0
13 2 0
13 6 0
13 11 0
14 7 0
14 17 0
14 20 0
14 40 0
15 3 0
15 6 0
15 12 0
16 5 0
16 18 0
16 41 0
16 42 0
17 14 0
17 19 0
17 43 0
17 44 0
18 4 0
18 7 0
18 16 0
19 10 0
19 17 0
19 22 0
20 14 0
20 23 0
20 24 0
21 6 0
21 25 0
21 26 0
22 19 0
22 27 0
22 28 0
23 20 0
23 29 0
23 45 0
24 20 0
24 30 0
24 46 0
25 21 0
25 31 0
25 47 0
26 21 0
26 32 0
26 48 0
27 22 0
27 35 0
27 49 0
28 22 0
28 36 0
28 50 0
29 23 0
29 33 0
29 51 0
30 24 0
30 33 0
30 52 0
31 1 0
31 25 0
31 34 0
32 26 0
32 34 0
32 53 0
33 29 0
33 30 0
33 54 0
34 31 0
34 32 0
34 55 0
35 27 0
35 37 0
35 56 0
36 28 0
36 37 0
36 57 0
37 0 0
37 35 0
37 36 0
38 11 0
39 12 0
40 14 0
41 16 0
42 16 0
43 17 0
44 17 0
45 23 0
46 24 0
47 25 0
48 26 0
49 27 0
50 28 0
51 29 0
52 30 0
53 32 0
54 33 0
55 34 0
56 35 0
57 36 0
GraphDataEnd
GraphEnd
NodeEnd
NodeStart
EPTNodeID: 1
AnchorID: 11770
TreeNodeGraphID: 1
Level: 1
SimplifiedLevel: 0
EditOperation: 0 1 0 1 5
AccumulatedOpsCount: 1
AccumulatedOp: 0 1 0 1 5
ChildrenCount: 2
ChildIndices: 2 5
CompletedDBGraphIDsCount: 0
GraphStart
GraphDataStart
ID: 1
NumNodes: 58
NumEdges: 126
NodeLabels
7 5 2 2 2 3 3 3 3 3 3 4 4 4 4 4 4 4 4 4 4 4 4 4 4 4 4 4 4 4 4 4 4 4 4 4 4 4 5 5 5 5 5 5 5 5 5 5 5 5 5 5 5 5 5 5 5 5 
Edges
0 37 0
1 31 0
2 13 0
3 15 0
4 18 0
5 9 0
5 11 0
5 16 0
6 13 0
6 15 0
6 21 0
7 10 0
7 14 0
7 18 0
8 9 0
8 12 0
9 5 0
9 8 0
10 7 0
10 19 0
11 5 0
11 12 0
11 13 0
11 38 0
12 8 0
12 11 0
12 15 0
12 39 0
13 2 0
13 6 0
13 11 0
14 7 0
14 17 0
14 20 0
14 40 0
15 3 0
15 6 0
15 12 0
16 5 0
16 18 0
16 41 0
16 42 0
17 14 0
17 19 0
17 43 0
17 44 0
18 4 0
18 7 0
18 16 0
19 10 0
19 17 0
19 22 0
20 14 0
20 23 0
20 24 0
21 6 0
21 25 0
21 26 0
22 19 0
22 27 0
22 28 0
23 20 0
23 29 0
23 45 0
24 20 0
24 30 0
24 46 0
25 21 0
25 31 0
25 47 0
26 21 0
26 32 0
26 48 0
27 22 0
27 35 0
27 49 0
28 22 0
28 36 0
28 50 0
29 23 0
29 33 0
29 51 0
30 24 0
30 33 0
30 52 0
31 1 0
31 25 0
31 34 0
32 26 0
32 34 0
32 53 0
33 29 0
33 30 0
33 54 0
34 31 0
34 32 0
34 55 0
35 27 0
35 37 0
35 56 0
36 28 0
36 37 0
36 57 0
37 0 0
37 35 0
37 36 0
38 11 0
39 12 0
40 14 0
41 16 0
42 16 0
43 17 0
44 17 0
45 23 0
46 24 0
47 25 0
48 26 0
49 27 0
50 28 0
51 29 0
52 30 0
53 32 0
54 33 0
55 34 0
56 35 0
57 36 0
GraphDataEnd
GraphEnd
NodeEnd
NodeStart
EPTNodeID: 2
AnchorID: 11770
TreeNodeGraphID: 2
Level: 2
SimplifiedLevel: 0
EditOperation: 0 0 0 7 8
AccumulatedOpsCount: 1
AccumulatedOp: 0 0 0 7 8
ChildrenCount: 2
ChildIndices: 3 4
CompletedDBGraphIDsCount: 0
GraphStart
GraphDataStart
ID: 2
NumNodes: 58
NumEdges: 126
NodeLabels
8 5 2 2 2 3 3 3 3 3 3 4 4 4 4 4 4 4 4 4 4 4 4 4 4 4 4 4 4 4 4 4 4 4 4 4 4 4 5 5 5 5 5 5 5 5 5 5 5 5 5 5 5 5 5 5 5 5 
Edges
0 37 0
1 31 0
2 13 0
3 15 0
4 18 0
5 9 0
5 11 0
5 16 0
6 13 0
6 15 0
6 21 0
7 10 0
7 14 0
7 18 0
8 9 0
8 12 0
9 5 0
9 8 0
10 7 0
10 19 0
11 5 0
11 12 0
11 13 0
11 38 0
12 8 0
12 11 0
12 15 0
12 39 0
13 2 0
13 6 0
13 11 0
14 7 0
14 17 0
14 20 0
14 40 0
15 3 0
15 6 0
15 12 0
16 5 0
16 18 0
16 41 0
16 42 0
17 14 0
17 19 0
17 43 0
17 44 0
18 4 0
18 7 0
18 16 0
19 10 0
19 17 0
19 22 0
20 14 0
20 23 0
20 24 0
21 6 0
21 25 0
21 26 0
22 19 0
22 27 0
22 28 0
23 20 0
23 29 0
23 45 0
24 20 0
24 30 0
24 46 0
25 21 0
25 31 0
25 47 0
26 21 0
26 32 0
26 48 0
27 22 0
27 35 0
27 49 0
28 22 0
28 36 0
28 50 0
29 23 0
29 33 0
29 51 0
30 24 0
30 33 0
30 52 0
31 1 0
31 25 0
31 34 0
32 26 0
32 34 0
32 53 0
33 29 0
33 30 0
33 54 0
34 31 0
34 32 0
34 55 0
35 27 0
35 37 0
35 56 0
36 28 0
36 37 0
36 57 0
37 0 0
37 35 0
37 36 0
38 11 0
39 12 0
40 14 0
41 16 0
42 16 0
43 17 0
44 17 0
45 23 0
46 24 0
47 25 0
48 26 0
49 27 0
50 28 0
51 29 0
52 30 0
53 32 0
54 33 0
55 34 0
56 35 0
57 36 0
GraphDataEnd
GraphEnd
NodeEnd
NodeStart
EPTNodeID: 3
AnchorID: 11770
TreeNodeGraphID: 9
Level: 9
SimplifiedLevel: 0
EditOperation: 5 55 60 0 0
AccumulatedOpsCount: 7
AccumulatedOp: 2 58 0 0 5
AccumulatedOp: 5 55 58 0 0
AccumulatedOp: 0 55 0 5 4
AccumulatedOp: 2 59 0 0 5
AccumulatedOp: 5 55 59 0 0
AccumulatedOp: 2 60 0 0 5
AccumulatedOp: 5 55 60 0 0
ChildrenCount: 0
ChildIndices:
CompletedDBGraphIDsCount: 1
CompletedDBGraphID: 10975
GraphStart
GraphDataStart
ID: 9
NumNodes: 61
NumEdges: 132
NodeLabels
8 5 2 2 2 3 3 3 3 3 3 4 4 4 4 4 4 4 4 4 4 4 4 4 4 4 4 4 4 4 4 4 4 4 4 4 4 4 5 5 5 5 5 5 5 5 5 5 5 5 5 5 5 5 5 4 5 5 5 5 5 
Edges
0 37 0
1 31 0
2 13 0
3 15 0
4 18 0
5 9 0
5 11 0
5 16 0
6 13 0
6 15 0
6 21 0
7 10 0
7 14 0
7 18 0
8 9 0
8 12 0
9 5 0
9 8 0
10 7 0
10 19 0
11 5 0
11 12 0
11 13 0
11 38 0
12 8 0
12 11 0
12 15 0
12 39 0
13 2 0
13 6 0
13 11 0
14 7 0
14 17 0
14 20 0
14 40 0
15 3 0
15 6 0
15 12 0
16 5 0
16 18 0
16 41 0
16 42 0
17 14 0
17 19 0
17 43 0
17 44 0
18 4 0
18 7 0
18 16 0
19 10 0
19 17 0
19 22 0
20 14 0
20 23 0
20 24 0
21 6 0
21 25 0
21 26 0
22 19 0
22 27 0
22 28 0
23 20 0
23 29 0
23 45 0
24 20 0
24 30 0
24 46 0
25 21 0
25 31 0
25 47 0
26 21 0
26 32 0
26 48 0
27 22 0
27 35 0
27 49 0
28 22 0
28 36 0
28 50 0
29 23 0
29 33 0
29 51 0
30 24 0
30 33 0
30 52 0
31 1 0
31 25 0
31 34 0
32 26 0
32 34 0
32 53 0
33 29 0
33 30 0
33 54 0
34 31 0
34 32 0
34 55 0
35 27 0
35 37 0
35 56 0
36 28 0
36 37 0
36 57 0
37 0 0
37 35 0
37 36 0
38 11 0
39 12 0
40 14 0
41 16 0
42 16 0
43 17 0
44 17 0
45 23 0
46 24 0
47 25 0
48 26 0
49 27 0
50 28 0
51 29 0
52 30 0
53 32 0
54 33 0
55 34 0
55 58 0
55 59 0
55 60 0
56 35 0
57 36 0
58 55 0
59 55 0
60 55 0
GraphDataEnd
GraphEnd
NodeEnd
NodeStart
EPTNodeID: 4
AnchorID: 11770
TreeNodeGraphID: 10
Level: 3
SimplifiedLevel: 0
EditOperation: 0 55 0 5 7
AccumulatedOpsCount: 1
AccumulatedOp: 0 55 0 5 7
ChildrenCount: 0
ChildIndices:
CompletedDBGraphIDsCount: 1
CompletedDBGraphID: 6241
GraphStart
GraphDataStart
ID: 10
NumNodes: 58
NumEdges: 126
NodeLabels
8 5 2 2 2 3 3 3 3 3 3 4 4 4 4 4 4 4 4 4 4 4 4 4 4 4 4 4 4 4 4 4 4 4 4 4 4 4 5 5 5 5 5 5 5 5 5 5 5 5 5 5 5 5 5 7 5 5 
Edges
0 37 0
1 31 0
2 13 0
3 15 0
4 18 0
5 9 0
5 11 0
5 16 0
6 13 0
6 15 0
6 21 0
7 10 0
7 14 0
7 18 0
8 9 0
8 12 0
9 5 0
9 8 0
10 7 0
10 19 0
11 5 0
11 12 0
11 13 0
11 38 0
12 8 0
12 11 0
12 15 0
12 39 0
13 2 0
13 6 0
13 11 0
14 7 0
14 17 0
14 20 0
14 40 0
15 3 0
15 6 0
15 12 0
16 5 0
16 18 0
16 41 0
16 42 0
17 14 0
17 19 0
17 43 0
17 44 0
18 4 0
18 7 0
18 16 0
19 10 0
19 17 0
19 22 0
20 14 0
20 23 0
20 24 0
21 6 0
21 25 0
21 26 0
22 19 0
22 27 0
22 28 0
23 20 0
23 29 0
23 45 0
24 20 0
24 30 0
24 46 0
25 21 0
25 31 0
25 47 0
26 21 0
26 32 0
26 48 0
27 22 0
27 35 0
27 49 0
28 22 0
28 36 0
28 50 0
29 23 0
29 33 0
29 51 0
30 24 0
30 33 0
30 52 0
31 1 0
31 25 0
31 34 0
32 26 0
32 34 0
32 53 0
33 29 0
33 30 0
33 54 0
34 31 0
34 32 0
34 55 0
35 27 0
35 37 0
35 56 0
36 28 0
36 37 0
36 57 0
37 0 0
37 35 0
37 36 0
38 11 0
39 12 0
40 14 0
41 16 0
42 16 0
43 17 0
44 17 0
45 23 0
46 24 0
47 25 0
48 26 0
49 27 0
50 28 0
51 29 0
52 30 0
53 32 0
54 33 0
55 34 0
56 35 0
57 36 0
GraphDataEnd
GraphEnd
NodeEnd
NodeStart
EPTNodeID: 5
AnchorID: 11770
TreeNodeGraphID: 12
Level: 3
SimplifiedLevel: 0
EditOperation: 0 0 0 7 5
AccumulatedOpsCount: 2
AccumulatedOp: 0 55 0 5 7
AccumulatedOp: 0 0 0 7 5
ChildrenCount: 0
ChildIndices:
CompletedDBGraphIDsCount: 1
CompletedDBGraphID: 16550
GraphStart
GraphDataStart
ID: 12
NumNodes: 58
NumEdges: 126
NodeLabels
5 5 2 2 2 3 3 3 3 3 3 4 4 4 4 4 4 4 4 4 4 4 4 4 4 4 4 4 4 4 4 4 4 4 4 4 4 4 5 5 5 5 5 5 5 5 5 5 5 5 5 5 5 5 5 7 5 5 
Edges
0 37 0
1 31 0
2 13 0
3 15 0
4 18 0
5 9 0
5 11 0
5 16 0
6 13 0
6 15 0
6 21 0
7 10 0
7 14 0
7 18 0
8 9 0
8 12 0
9 5 0
9 8 0
10 7 0
10 19 0
11 5 0
11 12 0
11 13 0
11 38 0
12 8 0
12 11 0
12 15 0
12 39 0
13 2 0
13 6 0
13 11 0
14 7 0
14 17 0
14 20 0
14 40 0
15 3 0
15 6 0
15 12 0
16 5 0
16 18 0
16 41 0
16 42 0
17 14 0
17 19 0
17 43 0
17 44 0
18 4 0
18 7 0
18 16 0
19 10 0
19 17 0
19 22 0
20 14 0
20 23 0
20 24 0
21 6 0
21 25 0
21 26 0
22 19 0
22 27 0
22 28 0
23 20 0
23 29 0
23 45 0
24 20 0
24 30 0
24 46 0
25 21 0
25 31 0
25 47 0
26 21 0
26 32 0
26 48 0
27 22 0
27 35 0
27 49 0
28 22 0
28 36 0
28 50 0
29 23 0
29 33 0
29 51 0
30 24 0
30 33 0
30 52 0
31 1 0
31 25 0
31 34 0
32 26 0
32 34 0
32 53 0
33 29 0
33 30 0
33 54 0
34 31 0
34 32 0
34 55 0
35 27 0
35 37 0
35 56 0
36 28 0
36 37 0
36 57 0
37 0 0
37 35 0
37 36 0
38 11 0
39 12 0
40 14 0
41 16 0
42 16 0
43 17 0
44 17 0
45 23 0
46 24 0
47 25 0
48 26 0
49 27 0
50 28 0
51 29 0
52 30 0
53 32 0
54 33 0
55 34 0
56 35 0
57 36 0
GraphDataEnd
GraphEnd
NodeEnd
END_EPT
