BEGIN_EPT
AnchorID: 17104  # ID of the anchor node
RootIndex: 0  # Index of the root node in tree_nodes
NodeCount: 2  # Total number of nodes in the EPT
NodeStart
EPTNodeID: 0
AnchorID: 17104
TreeNodeGraphID: 0
Level: 0
SimplifiedLevel: 0
EditOperation: -1 0 -1 0 0
AccumulatedOpsCount: 0
ChildrenCount: 1
ChildIndices: 1
CompletedDBGraphIDsCount: 0
GraphStart
GraphDataStart
ID: 0
NumNodes: 84
NumEdges: 174
NodeLabels
2 2 2 2 2 2 2 2 4 4 4 4 4 4 4 4 4 4 4 4 4 4 4 4 4 4 4 4 4 4 4 4 4 4 4 4 4 4 5 5 5 5 5 5 5 5 5 5 5 5 5 5 5 5 5 5 5 5 5 5 5 5 5 5 5 5 5 5 5 5 5 5 5 5 5 5 5 5 5 5 5 5 5 5 
Edges
0 14 0
0 30 0
1 17 0
1 32 0
2 27 0
2 34 0
3 30 0
4 32 0
5 34 0
6 36 0
6 83 0
7 36 0
8 9 0
8 13 0
8 14 0
8 22 0
9 8 0
9 10 0
9 18 0
9 38 0
10 9 0
10 11 0
10 17 0
10 39 0
11 10 0
11 12 0
11 15 0
11 40 0
12 11 0
12 16 0
12 21 0
12 25 0
13 8 0
13 19 0
13 23 0
13 41 0
14 0 0
14 8 0
14 15 0
14 42 0
15 11 0
15 14 0
15 43 0
15 44 0
16 12 0
16 20 0
16 24 0
16 45 0
17 1 0
17 10 0
17 20 0
17 46 0
18 9 0
18 19 0
18 47 0
18 48 0
19 13 0
19 18 0
19 49 0
19 50 0
20 16 0
20 17 0
20 51 0
20 52 0
21 12 0
21 26 0
21 53 0
21 54 0
22 8 0
22 55 0
22 56 0
22 57 0
23 13 0
23 28 0
23 29 0
23 58 0
24 16 0
24 27 0
24 59 0
24 60 0
25 12 0
25 61 0
25 62 0
25 63 0
26 21 0
26 27 0
26 64 0
26 65 0
27 2 0
27 24 0
27 26 0
27 66 0
28 23 0
28 31 0
28 67 0
28 68 0
29 23 0
29 69 0
29 70 0
29 71 0
30 0 0
30 3 0
30 33 0
31 28 0
31 36 0
31 72 0
31 73 0
32 1 0
32 4 0
32 35 0
33 30 0
33 74 0
33 75 0
33 76 0
34 2 0
34 5 0
34 37 0
35 32 0
35 77 0
35 78 0
35 79 0
36 6 0
36 7 0
36 31 0
37 34 0
37 80 0
37 81 0
37 82 0
38 9 0
39 10 0
40 11 0
41 13 0
42 14 0
43 15 0
44 15 0
45 16 0
46 17 0
47 18 0
48 18 0
49 19 0
50 19 0
51 20 0
52 20 0
53 21 0
54 21 0
55 22 0
56 22 0
57 22 0
58 23 0
59 24 0
60 24 0
61 25 0
62 25 0
63 25 0
64 26 0
65 26 0
66 27 0
67 28 0
68 28 0
69 29 0
70 29 0
71 29 0
72 31 0
73 31 0
74 33 0
75 33 0
76 33 0
77 35 0
78 35 0
79 35 0
80 37 0
81 37 0
82 37 0
83 6 0
GraphDataEnd
GraphEnd
NodeEnd
NodeStart
EPTNodeID: 1
AnchorID: 17104
TreeNodeGraphID: 10
Level: 10
SimplifiedLevel: 0
EditOperation: 1 42 0 5 0
AccumulatedOpsCount: 10
AccumulatedOp: 4 0 30 0 0
AccumulatedOp: 4 30 33 0 0
AccumulatedOp: 5 6 33 0 0
AccumulatedOp: 4 3 30 0 0
AccumulatedOp: 1 3 0 2 0
AccumulatedOp: 1 30 0 4 0
AccumulatedOp: 4 6 83 0 0
AccumulatedOp: 1 83 0 5 0
AccumulatedOp: 4 14 42 0 0
AccumulatedOp: 1 42 0 5 0
ChildrenCount: 0
ChildIndices:
CompletedDBGraphIDsCount: 1
CompletedDBGraphID: 20278
GraphStart
GraphDataStart
ID: 10
NumNodes: 80
NumEdges: 166
NodeLabels
2 2 2 2 2 2 2 4 4 4 4 4 4 4 4 4 4 4 4 4 4 4 4 4 4 4 4 4 4 4 4 4 4 4 4 4 5 5 5 5 5 5 5 5 5 5 5 5 5 5 5 5 5 5 5 5 5 5 5 5 5 5 5 5 5 5 5 5 5 5 5 5 5 5 5 5 5 5 5 5 
Edges
0 13 0
1 16 0
1 30 0
2 26 0
2 32 0
3 30 0
4 32 0
5 34 0
5 31 0
6 34 0
7 8 0
7 12 0
7 13 0
7 21 0
8 7 0
8 9 0
8 17 0
8 36 0
9 8 0
9 10 0
9 16 0
9 37 0
10 9 0
10 11 0
10 14 0
10 38 0
11 10 0
11 15 0
11 20 0
11 24 0
12 7 0
12 18 0
12 22 0
12 39 0
13 0 0
13 7 0
13 14 0
14 10 0
14 13 0
14 40 0
14 41 0
15 11 0
15 19 0
15 23 0
15 42 0
16 1 0
16 9 0
16 19 0
16 43 0
17 8 0
17 18 0
17 44 0
17 45 0
18 12 0
18 17 0
18 46 0
18 47 0
19 15 0
19 16 0
19 48 0
19 49 0
20 11 0
20 25 0
20 50 0
20 51 0
21 7 0
21 52 0
21 53 0
21 54 0
22 12 0
22 27 0
22 28 0
22 55 0
23 15 0
23 26 0
23 56 0
23 57 0
24 11 0
24 58 0
24 59 0
24 60 0
25 20 0
25 26 0
25 61 0
25 62 0
26 2 0
26 23 0
26 25 0
26 63 0
27 22 0
27 29 0
27 64 0
27 65 0
28 22 0
28 66 0
28 67 0
28 68 0
29 27 0
29 34 0
29 69 0
29 70 0
30 1 0
30 3 0
30 33 0
31 71 0
31 72 0
31 73 0
31 5 0
32 2 0
32 4 0
32 35 0
33 30 0
33 74 0
33 75 0
33 76 0
34 5 0
34 6 0
34 29 0
35 32 0
35 77 0
35 78 0
35 79 0
36 8 0
37 9 0
38 10 0
39 12 0
40 14 0
41 14 0
42 15 0
43 16 0
44 17 0
45 17 0
46 18 0
47 18 0
48 19 0
49 19 0
50 20 0
51 20 0
52 21 0
53 21 0
54 21 0
55 22 0
56 23 0
57 23 0
58 24 0
59 24 0
60 24 0
61 25 0
62 25 0
63 26 0
64 27 0
65 27 0
66 28 0
67 28 0
68 28 0
69 29 0
70 29 0
71 31 0
72 31 0
73 31 0
74 33 0
75 33 0
76 33 0
77 35 0
78 35 0
79 35 0
GraphDataEnd
GraphEnd
NodeEnd
END_EPT
