BEGIN_EPT
AnchorID: 2242  # ID of the anchor node
RootIndex: 0  # Index of the root node in tree_nodes
NodeCount: 1  # Total number of nodes in the EPT
NodeStart
EPTNodeID: 0
AnchorID: 2242
TreeNodeGraphID: 0
Level: 0
SimplifiedLevel: 0
EditOperation: -1 0 -1 0 0
AccumulatedOpsCount: 0
ChildrenCount: 0
ChildIndices:
CompletedDBGraphIDsCount: 0
GraphStart
GraphDataStart
ID: 0
NumNodes: 73
NumEdges: 154
NodeLabels
2 2 3 3 3 3 3 4 4 4 4 4 4 4 4 4 4 4 4 4 4 4 4 4 4 4 4 4 4 4 4 4 4 4 4 4 5 5 5 5 5 5 5 5 5 5 5 5 5 5 5 5 5 5 5 5 5 5 5 5 5 5 5 5 5 5 5 5 5 5 5 5 5 
Edges
0 22 0
1 28 0
1 35 0
2 7 0
2 8 0
2 9 0
3 14 0
3 15 0
3 19 0
4 6 0
4 19 0
4 22 0
5 20 0
5 25 0
6 4 0
6 25 0
7 2 0
7 11 0
7 36 0
7 37 0
8 2 0
8 10 0
8 38 0
8 39 0
9 2 0
9 13 0
9 40 0
9 41 0
10 8 0
10 12 0
10 44 0
10 45 0
11 7 0
11 12 0
11 42 0
11 43 0
12 10 0
12 11 0
12 46 0
12 47 0
13 9 0
13 20 0
13 21 0
13 48 0
14 3 0
14 16 0
14 51 0
14 52 0
15 3 0
15 17 0
15 49 0
15 50 0
16 14 0
16 18 0
16 55 0
16 56 0
17 15 0
17 18 0
17 53 0
17 54 0
18 16 0
18 17 0
18 57 0
18 58 0
19 3 0
19 4 0
19 59 0
19 60 0
20 5 0
20 13 0
20 22 0
21 13 0
21 23 0
21 24 0
22 0 0
22 4 0
22 20 0
23 21 0
23 26 0
23 61 0
24 21 0
24 27 0
24 62 0
25 5 0
25 6 0
25 29 0
26 23 0
26 28 0
26 63 0
27 24 0
27 28 0
27 64 0
28 1 0
28 26 0
28 27 0
29 25 0
29 30 0
29 31 0
30 29 0
30 32 0
30 65 0
31 29 0
31 33 0
31 66 0
32 30 0
32 34 0
32 67 0
33 31 0
33 34 0
33 68 0
34 32 0
34 33 0
34 69 0
35 1 0
35 70 0
35 71 0
35 72 0
36 7 0
37 7 0
38 8 0
39 8 0
40 9 0
41 9 0
42 11 0
43 11 0
44 10 0
45 10 0
46 12 0
47 12 0
48 13 0
49 15 0
50 15 0
51 14 0
52 14 0
53 17 0
54 17 0
55 16 0
56 16 0
57 18 0
58 18 0
59 19 0
60 19 0
61 23 0
62 24 0
63 26 0
64 27 0
65 30 0
66 31 0
67 32 0
68 33 0
69 34 0
70 35 0
71 35 0
72 35 0
GraphDataEnd
GraphEnd
NodeEnd
END_EPT
