BEGIN_EPT
AnchorID: 26654  # ID of the anchor node
RootIndex: 0  # Index of the root node in tree_nodes
NodeCount: 1  # Total number of nodes in the EPT
NodeStart
EPTNodeID: 0
AnchorID: 26654
TreeNodeGraphID: 0
Level: 0
SimplifiedLevel: 0
EditOperation: -1 0 -1 0 0
AccumulatedOpsCount: 0
ChildrenCount: 0
ChildIndices:
CompletedDBGraphIDsCount: 0
GraphStart
GraphDataStart
ID: 0
NumNodes: 91
NumEdges: 210
NodeLabels
2 2 3 2 2 2 2 3 2 3 16 2 3 2 3 2 2 2 2 2 2 2 2 2 2 2 2 2 2 2 2 2 2 2 3 2 2 2 2 3 3 2 3 16 2 3 2 3 2 2 2 2 2 2 2 2 2 2 2 2 2 2 2 2 2 3 2 2 3 3 2 2 3 2 2 3 2 2 3 2 2 3 2 2 11 12 12 12 12 12 12 
Edges
0 1 0
0 5 0
1 0 0
1 2 0
2 1 0
2 3 0
2 10 0
3 2 0
3 4 0
3 6 0
4 3 0
4 5 0
5 0 0
5 4 0
6 3 0
6 69 0
7 8 0
7 10 0
7 24 0
8 7 0
8 11 0
8 27 0
9 10 0
9 11 0
9 31 0
10 2 0
10 7 0
10 9 0
10 12 0
10 14 0
10 69 0
11 8 0
11 9 0
11 28 0
12 10 0
12 13 0
12 16 0
13 12 0
13 15 0
13 19 0
14 10 0
14 15 0
14 23 0
15 13 0
15 14 0
15 20 0
16 12 0
16 17 0
17 16 0
17 18 0
18 17 0
18 19 0
19 13 0
19 18 0
20 15 0
20 21 0
21 20 0
21 22 0
22 21 0
22 23 0
23 14 0
23 22 0
24 7 0
24 25 0
25 24 0
25 26 0
26 25 0
26 27 0
27 8 0
27 26 0
28 11 0
28 29 0
29 28 0
29 30 0
30 29 0
30 31 0
31 9 0
31 30 0
32 33 0
32 37 0
33 32 0
33 34 0
34 33 0
34 35 0
34 43 0
35 34 0
35 36 0
35 38 0
36 35 0
36 37 0
37 32 0
37 36 0
38 35 0
38 39 0
39 38 0
39 43 0
39 78 0
40 41 0
40 43 0
40 57 0
41 40 0
41 44 0
41 60 0
42 43 0
42 44 0
42 64 0
43 34 0
43 39 0
43 40 0
43 42 0
43 45 0
43 47 0
44 41 0
44 42 0
44 61 0
45 43 0
45 46 0
45 49 0
46 45 0
46 48 0
46 52 0
47 43 0
47 48 0
47 56 0
48 46 0
48 47 0
48 53 0
49 45 0
49 50 0
50 49 0
50 51 0
51 50 0
51 52 0
52 46 0
52 51 0
53 48 0
53 54 0
54 53 0
54 55 0
55 54 0
55 56 0
56 47 0
56 55 0
57 40 0
57 58 0
58 57 0
58 59 0
59 58 0
59 60 0
60 41 0
60 59 0
61 44 0
61 62 0
62 61 0
62 63 0
63 62 0
63 64 0
64 42 0
64 63 0
65 66 0
65 75 0
66 65 0
66 67 0
66 71 0
67 66 0
67 68 0
67 70 0
68 67 0
68 69 0
69 6 0
69 10 0
69 68 0
70 67 0
71 66 0
72 73 0
72 81 0
73 72 0
73 74 0
73 77 0
74 73 0
74 75 0
74 76 0
75 65 0
75 74 0
76 74 0
77 73 0
78 39 0
78 79 0
79 78 0
79 80 0
79 83 0
80 79 0
80 81 0
80 82 0
81 72 0
81 80 0
82 80 0
83 79 0
84 85 0
84 86 0
84 87 0
84 88 0
84 89 0
84 90 0
85 84 0
86 84 0
87 84 0
88 84 0
89 84 0
90 84 0
GraphDataEnd
GraphEnd
NodeEnd
END_EPT
