BEGIN_EPT
AnchorID: 42545  # ID of the anchor node
RootIndex: 0  # Index of the root node in tree_nodes
NodeCount: 19  # Total number of nodes in the EPT
NodeStart
EPTNodeID: 0
AnchorID: 42545
TreeNodeGraphID: 0
Level: 0
SimplifiedLevel: 0
EditOperation: -1 0 -1 0 0
AccumulatedOpsCount: 0
ChildrenCount: 3
ChildIndices: 1 15 16
CompletedDBGraphIDsCount: 0
GraphStart
GraphDataStart
ID: 0
NumNodes: 71
NumEdges: 152
NodeLabels
0 2 2 2 2 2 2 2 2 2 2 2 3 3 0 2 0 2 0 0 3 2 2 2 0 2 2 0 2 2 2 2 2 2 2 2 2 3 2 2 2 2 0 2 2 2 2 2 2 2 2 2 2 0 2 2 2 0 2 2 2 2 2 2 2 0 0 2 2 2 2 
Edges
0 1 0
1 0 0
1 2 0
1 3 0
2 1 0
2 4 0
2 5 0
3 1 0
3 6 0
3 7 0
4 2 0
4 8 0
4 9 0
5 2 0
5 10 0
5 11 0
6 3 0
6 12 0
7 3 0
7 10 0
7 13 0
8 4 0
8 14 0
8 15 0
9 4 0
9 16 0
9 17 0
10 5 0
10 7 0
10 18 0
11 5 0
11 15 0
11 19 0
12 6 0
12 20 0
13 7 0
13 21 0
14 8 0
14 17 0
15 8 0
15 11 0
15 22 0
16 9 0
17 9 0
17 14 0
17 23 0
17 24 0
18 10 0
19 11 0
20 12 0
20 25 0
20 26 0
21 13 0
21 27 0
21 28 0
22 15 0
23 17 0
24 17 0
24 29 0
25 20 0
25 30 0
25 31 0
26 20 0
26 32 0
26 33 0
27 21 0
28 21 0
28 34 0
28 35 0
29 24 0
29 36 0
30 25 0
31 25 0
31 37 0
32 26 0
33 26 0
33 37 0
34 28 0
35 28 0
35 38 0
36 29 0
36 39 0
37 31 0
37 33 0
37 40 0
38 35 0
38 41 0
39 36 0
39 42 0
39 43 0
40 37 0
40 44 0
41 38 0
41 45 0
42 39 0
42 46 0
43 39 0
43 47 0
43 48 0
44 40 0
44 49 0
44 50 0
45 41 0
45 51 0
45 52 0
46 42 0
47 43 0
48 43 0
48 53 0
48 54 0
49 44 0
49 55 0
50 44 0
50 56 0
51 45 0
52 45 0
52 57 0
52 58 0
53 48 0
53 59 0
54 48 0
54 60 0
54 61 0
55 49 0
55 62 0
56 50 0
56 62 0
57 52 0
58 52 0
58 61 0
58 63 0
59 53 0
59 64 0
59 65 0
60 54 0
61 54 0
61 58 0
61 66 0
62 55 0
62 56 0
62 67 0
63 58 0
64 59 0
65 59 0
66 61 0
67 62 0
67 68 0
67 69 0
67 70 0
68 67 0
69 67 0
70 67 0
GraphDataEnd
GraphEnd
NodeEnd
NodeStart
EPTNodeID: 1
AnchorID: 42545
TreeNodeGraphID: 2
Level: 2
SimplifiedLevel: 0
EditOperation: 1 69 0 2 0
AccumulatedOpsCount: 2
AccumulatedOp: 4 67 69 0 0
AccumulatedOp: 1 69 0 2 0
ChildrenCount: 2
ChildIndices: 2 12
CompletedDBGraphIDsCount: 0
GraphStart
GraphDataStart
ID: 2
NumNodes: 70
NumEdges: 150
NodeLabels
0 2 2 2 2 2 2 2 2 2 2 2 3 3 0 2 0 2 0 0 3 2 2 2 0 2 2 0 2 2 2 2 2 2 2 2 2 3 2 2 2 2 0 2 2 2 2 2 2 2 2 2 2 0 2 2 2 0 2 2 2 2 2 2 2 0 0 2 2 2 
Edges
0 1 0
1 0 0
1 2 0
1 3 0
2 1 0
2 4 0
2 5 0
3 1 0
3 6 0
3 7 0
4 2 0
4 8 0
4 9 0
5 2 0
5 10 0
5 11 0
6 3 0
6 12 0
7 3 0
7 10 0
7 13 0
8 4 0
8 14 0
8 15 0
9 4 0
9 16 0
9 17 0
10 5 0
10 7 0
10 18 0
11 5 0
11 15 0
11 19 0
12 6 0
12 20 0
13 7 0
13 21 0
14 8 0
14 17 0
15 8 0
15 11 0
15 22 0
16 9 0
17 9 0
17 14 0
17 23 0
17 24 0
18 10 0
19 11 0
20 12 0
20 25 0
20 26 0
21 13 0
21 27 0
21 28 0
22 15 0
23 17 0
24 17 0
24 29 0
25 20 0
25 30 0
25 31 0
26 20 0
26 32 0
26 33 0
27 21 0
28 21 0
28 34 0
28 35 0
29 24 0
29 36 0
30 25 0
31 25 0
31 37 0
32 26 0
33 26 0
33 37 0
34 28 0
35 28 0
35 38 0
36 29 0
36 39 0
37 31 0
37 33 0
37 40 0
38 35 0
38 41 0
39 36 0
39 42 0
39 43 0
40 37 0
40 44 0
41 38 0
41 45 0
42 39 0
42 46 0
43 39 0
43 47 0
43 48 0
44 40 0
44 49 0
44 50 0
45 41 0
45 51 0
45 52 0
46 42 0
47 43 0
48 43 0
48 53 0
48 54 0
49 44 0
49 55 0
50 44 0
50 56 0
51 45 0
52 45 0
52 57 0
52 58 0
53 48 0
53 59 0
54 48 0
54 60 0
54 61 0
55 49 0
55 62 0
56 50 0
56 62 0
57 52 0
58 52 0
58 61 0
58 63 0
59 53 0
59 64 0
59 65 0
60 54 0
61 54 0
61 58 0
61 66 0
62 55 0
62 56 0
62 67 0
63 58 0
64 59 0
65 59 0
66 61 0
67 62 0
67 68 0
67 69 0
68 67 0
69 67 0
GraphDataEnd
GraphEnd
NodeEnd
NodeStart
EPTNodeID: 2
AnchorID: 42545
TreeNodeGraphID: 4
Level: 4
SimplifiedLevel: 0
EditOperation: 1 70 0 2 0
AccumulatedOpsCount: 2
AccumulatedOp: 4 67 70 0 0
AccumulatedOp: 1 70 0 2 0
ChildrenCount: 3
ChildIndices: 3 9 11
CompletedDBGraphIDsCount: 0
GraphStart
GraphDataStart
ID: 4
NumNodes: 69
NumEdges: 148
NodeLabels
0 2 2 2 2 2 2 2 2 2 2 2 3 3 0 2 0 2 0 0 3 2 2 2 0 2 2 0 2 2 2 2 2 2 2 2 2 3 2 2 2 2 0 2 2 2 2 2 2 2 2 2 2 0 2 2 2 0 2 2 2 2 2 2 2 0 0 2 2 
Edges
0 1 0
1 0 0
1 2 0
1 3 0
2 1 0
2 4 0
2 5 0
3 1 0
3 6 0
3 7 0
4 2 0
4 8 0
4 9 0
5 2 0
5 10 0
5 11 0
6 3 0
6 12 0
7 3 0
7 10 0
7 13 0
8 4 0
8 14 0
8 15 0
9 4 0
9 16 0
9 17 0
10 5 0
10 7 0
10 18 0
11 5 0
11 15 0
11 19 0
12 6 0
12 20 0
13 7 0
13 21 0
14 8 0
14 17 0
15 8 0
15 11 0
15 22 0
16 9 0
17 9 0
17 14 0
17 23 0
17 24 0
18 10 0
19 11 0
20 12 0
20 25 0
20 26 0
21 13 0
21 27 0
21 28 0
22 15 0
23 17 0
24 17 0
24 29 0
25 20 0
25 30 0
25 31 0
26 20 0
26 32 0
26 33 0
27 21 0
28 21 0
28 34 0
28 35 0
29 24 0
29 36 0
30 25 0
31 25 0
31 37 0
32 26 0
33 26 0
33 37 0
34 28 0
35 28 0
35 38 0
36 29 0
36 39 0
37 31 0
37 33 0
37 40 0
38 35 0
38 41 0
39 36 0
39 42 0
39 43 0
40 37 0
40 44 0
41 38 0
41 45 0
42 39 0
42 46 0
43 39 0
43 47 0
43 48 0
44 40 0
44 49 0
44 50 0
45 41 0
45 51 0
45 52 0
46 42 0
47 43 0
48 43 0
48 53 0
48 54 0
49 44 0
49 55 0
50 44 0
50 56 0
51 45 0
52 45 0
52 57 0
52 58 0
53 48 0
53 59 0
54 48 0
54 60 0
54 61 0
55 49 0
55 62 0
56 50 0
56 62 0
57 52 0
58 52 0
58 61 0
58 63 0
59 53 0
59 64 0
59 65 0
60 54 0
61 54 0
61 58 0
61 66 0
62 55 0
62 56 0
62 67 0
63 58 0
64 59 0
65 59 0
66 61 0
67 62 0
67 68 0
68 67 0
GraphDataEnd
GraphEnd
NodeEnd
NodeStart
EPTNodeID: 3
AnchorID: 42545
TreeNodeGraphID: 5
Level: 5
SimplifiedLevel: 0
EditOperation: 0 67 0 2 0
AccumulatedOpsCount: 1
AccumulatedOp: 0 67 0 2 0
ChildrenCount: 2
ChildIndices: 4 8
CompletedDBGraphIDsCount: 1
CompletedDBGraphID: 8039
GraphStart
GraphDataStart
ID: 5
NumNodes: 69
NumEdges: 148
NodeLabels
0 2 2 2 2 2 2 2 2 2 2 2 3 3 0 2 0 2 0 0 3 2 2 2 0 2 2 0 2 2 2 2 2 2 2 2 2 3 2 2 2 2 0 2 2 2 2 2 2 2 2 2 2 0 2 2 2 0 2 2 2 2 2 2 2 0 0 0 2 
Edges
0 1 0
1 0 0
1 2 0
1 3 0
2 1 0
2 4 0
2 5 0
3 1 0
3 6 0
3 7 0
4 2 0
4 8 0
4 9 0
5 2 0
5 10 0
5 11 0
6 3 0
6 12 0
7 3 0
7 10 0
7 13 0
8 4 0
8 14 0
8 15 0
9 4 0
9 16 0
9 17 0
10 5 0
10 7 0
10 18 0
11 5 0
11 15 0
11 19 0
12 6 0
12 20 0
13 7 0
13 21 0
14 8 0
14 17 0
15 8 0
15 11 0
15 22 0
16 9 0
17 9 0
17 14 0
17 23 0
17 24 0
18 10 0
19 11 0
20 12 0
20 25 0
20 26 0
21 13 0
21 27 0
21 28 0
22 15 0
23 17 0
24 17 0
24 29 0
25 20 0
25 30 0
25 31 0
26 20 0
26 32 0
26 33 0
27 21 0
28 21 0
28 34 0
28 35 0
29 24 0
29 36 0
30 25 0
31 25 0
31 37 0
32 26 0
33 26 0
33 37 0
34 28 0
35 28 0
35 38 0
36 29 0
36 39 0
37 31 0
37 33 0
37 40 0
38 35 0
38 41 0
39 36 0
39 42 0
39 43 0
40 37 0
40 44 0
41 38 0
41 45 0
42 39 0
42 46 0
43 39 0
43 47 0
43 48 0
44 40 0
44 49 0
44 50 0
45 41 0
45 51 0
45 52 0
46 42 0
47 43 0
48 43 0
48 53 0
48 54 0
49 44 0
49 55 0
50 44 0
50 56 0
51 45 0
52 45 0
52 57 0
52 58 0
53 48 0
53 59 0
54 48 0
54 60 0
54 61 0
55 49 0
55 62 0
56 50 0
56 62 0
57 52 0
58 52 0
58 61 0
58 63 0
59 53 0
59 64 0
59 65 0
60 54 0
61 54 0
61 58 0
61 66 0
62 55 0
62 56 0
62 67 0
63 58 0
64 59 0
65 59 0
66 61 0
67 62 0
67 68 0
68 67 0
GraphDataEnd
GraphEnd
NodeEnd
NodeStart
EPTNodeID: 4
AnchorID: 42545
TreeNodeGraphID: 6
Level: 6
SimplifiedLevel: 0
EditOperation: 4 62 67 0 0
AccumulatedOpsCount: 1
AccumulatedOp: 4 62 67 0 0
ChildrenCount: 3
ChildIndices: 5 6 7
CompletedDBGraphIDsCount: 0
GraphStart
GraphDataStart
ID: 6
NumNodes: 69
NumEdges: 146
NodeLabels
0 2 2 2 2 2 2 2 2 2 2 2 3 3 0 2 0 2 0 0 3 2 2 2 0 2 2 0 2 2 2 2 2 2 2 2 2 3 2 2 2 2 0 2 2 2 2 2 2 2 2 2 2 0 2 2 2 0 2 2 2 2 2 2 2 0 0 0 2 
Edges
0 1 0
1 0 0
1 2 0
1 3 0
2 1 0
2 4 0
2 5 0
3 1 0
3 6 0
3 7 0
4 2 0
4 8 0
4 9 0
5 2 0
5 10 0
5 11 0
6 3 0
6 12 0
7 3 0
7 10 0
7 13 0
8 4 0
8 14 0
8 15 0
9 4 0
9 16 0
9 17 0
10 5 0
10 7 0
10 18 0
11 5 0
11 15 0
11 19 0
12 6 0
12 20 0
13 7 0
13 21 0
14 8 0
14 17 0
15 8 0
15 11 0
15 22 0
16 9 0
17 9 0
17 14 0
17 23 0
17 24 0
18 10 0
19 11 0
20 12 0
20 25 0
20 26 0
21 13 0
21 27 0
21 28 0
22 15 0
23 17 0
24 17 0
24 29 0
25 20 0
25 30 0
25 31 0
26 20 0
26 32 0
26 33 0
27 21 0
28 21 0
28 34 0
28 35 0
29 24 0
29 36 0
30 25 0
31 25 0
31 37 0
32 26 0
33 26 0
33 37 0
34 28 0
35 28 0
35 38 0
36 29 0
36 39 0
37 31 0
37 33 0
37 40 0
38 35 0
38 41 0
39 36 0
39 42 0
39 43 0
40 37 0
40 44 0
41 38 0
41 45 0
42 39 0
42 46 0
43 39 0
43 47 0
43 48 0
44 40 0
44 49 0
44 50 0
45 41 0
45 51 0
45 52 0
46 42 0
47 43 0
48 43 0
48 53 0
48 54 0
49 44 0
49 55 0
50 44 0
50 56 0
51 45 0
52 45 0
52 57 0
52 58 0
53 48 0
53 59 0
54 48 0
54 60 0
54 61 0
55 49 0
55 62 0
56 50 0
56 62 0
57 52 0
58 52 0
58 61 0
58 63 0
59 53 0
59 64 0
59 65 0
60 54 0
61 54 0
61 58 0
61 66 0
62 55 0
62 56 0
63 58 0
64 59 0
65 59 0
66 61 0
67 68 0
68 67 0
GraphDataEnd
GraphEnd
NodeEnd
NodeStart
EPTNodeID: 5
AnchorID: 42545
TreeNodeGraphID: 7
Level: 7
SimplifiedLevel: 0
EditOperation: 5 49 67 0 0
AccumulatedOpsCount: 1
AccumulatedOp: 5 49 67 0 0
ChildrenCount: 0
ChildIndices:
CompletedDBGraphIDsCount: 1
CompletedDBGraphID: 10092
GraphStart
GraphDataStart
ID: 7
NumNodes: 69
NumEdges: 148
NodeLabels
0 2 2 2 2 2 2 2 2 2 2 2 3 3 0 2 0 2 0 0 3 2 2 2 0 2 2 0 2 2 2 2 2 2 2 2 2 3 2 2 2 2 0 2 2 2 2 2 2 2 2 2 2 0 2 2 2 0 2 2 2 2 2 2 2 0 0 0 2 
Edges
0 1 0
1 0 0
1 2 0
1 3 0
2 1 0
2 4 0
2 5 0
3 1 0
3 6 0
3 7 0
4 2 0
4 8 0
4 9 0
5 2 0
5 10 0
5 11 0
6 3 0
6 12 0
7 3 0
7 10 0
7 13 0
8 4 0
8 14 0
8 15 0
9 4 0
9 16 0
9 17 0
10 5 0
10 7 0
10 18 0
11 5 0
11 15 0
11 19 0
12 6 0
12 20 0
13 7 0
13 21 0
14 8 0
14 17 0
15 8 0
15 11 0
15 22 0
16 9 0
17 9 0
17 14 0
17 23 0
17 24 0
18 10 0
19 11 0
20 12 0
20 25 0
20 26 0
21 13 0
21 27 0
21 28 0
22 15 0
23 17 0
24 17 0
24 29 0
25 20 0
25 30 0
25 31 0
26 20 0
26 32 0
26 33 0
27 21 0
28 21 0
28 34 0
28 35 0
29 24 0
29 36 0
30 25 0
31 25 0
31 37 0
32 26 0
33 26 0
33 37 0
34 28 0
35 28 0
35 38 0
36 29 0
36 39 0
37 31 0
37 33 0
37 40 0
38 35 0
38 41 0
39 36 0
39 42 0
39 43 0
40 37 0
40 44 0
41 38 0
41 45 0
42 39 0
42 46 0
43 39 0
43 47 0
43 48 0
44 40 0
44 49 0
44 50 0
45 41 0
45 51 0
45 52 0
46 42 0
47 43 0
48 43 0
48 53 0
48 54 0
49 44 0
49 55 0
49 67 0
50 44 0
50 56 0
51 45 0
52 45 0
52 57 0
52 58 0
53 48 0
53 59 0
54 48 0
54 60 0
54 61 0
55 49 0
55 62 0
56 50 0
56 62 0
57 52 0
58 52 0
58 61 0
58 63 0
59 53 0
59 64 0
59 65 0
60 54 0
61 54 0
61 58 0
61 66 0
62 55 0
62 56 0
63 58 0
64 59 0
65 59 0
66 61 0
67 68 0
67 49 0
68 67 0
GraphDataEnd
GraphEnd
NodeEnd
NodeStart
EPTNodeID: 6
AnchorID: 42545
TreeNodeGraphID: 8
Level: 7
SimplifiedLevel: 0
EditOperation: 5 55 67 0 0
AccumulatedOpsCount: 1
AccumulatedOp: 5 55 67 0 0
ChildrenCount: 0
ChildIndices:
CompletedDBGraphIDsCount: 1
CompletedDBGraphID: 25725
GraphStart
GraphDataStart
ID: 8
NumNodes: 69
NumEdges: 148
NodeLabels
0 2 2 2 2 2 2 2 2 2 2 2 3 3 0 2 0 2 0 0 3 2 2 2 0 2 2 0 2 2 2 2 2 2 2 2 2 3 2 2 2 2 0 2 2 2 2 2 2 2 2 2 2 0 2 2 2 0 2 2 2 2 2 2 2 0 0 0 2 
Edges
0 1 0
1 0 0
1 2 0
1 3 0
2 1 0
2 4 0
2 5 0
3 1 0
3 6 0
3 7 0
4 2 0
4 8 0
4 9 0
5 2 0
5 10 0
5 11 0
6 3 0
6 12 0
7 3 0
7 10 0
7 13 0
8 4 0
8 14 0
8 15 0
9 4 0
9 16 0
9 17 0
10 5 0
10 7 0
10 18 0
11 5 0
11 15 0
11 19 0
12 6 0
12 20 0
13 7 0
13 21 0
14 8 0
14 17 0
15 8 0
15 11 0
15 22 0
16 9 0
17 9 0
17 14 0
17 23 0
17 24 0
18 10 0
19 11 0
20 12 0
20 25 0
20 26 0
21 13 0
21 27 0
21 28 0
22 15 0
23 17 0
24 17 0
24 29 0
25 20 0
25 30 0
25 31 0
26 20 0
26 32 0
26 33 0
27 21 0
28 21 0
28 34 0
28 35 0
29 24 0
29 36 0
30 25 0
31 25 0
31 37 0
32 26 0
33 26 0
33 37 0
34 28 0
35 28 0
35 38 0
36 29 0
36 39 0
37 31 0
37 33 0
37 40 0
38 35 0
38 41 0
39 36 0
39 42 0
39 43 0
40 37 0
40 44 0
41 38 0
41 45 0
42 39 0
42 46 0
43 39 0
43 47 0
43 48 0
44 40 0
44 49 0
44 50 0
45 41 0
45 51 0
45 52 0
46 42 0
47 43 0
48 43 0
48 53 0
48 54 0
49 44 0
49 55 0
50 44 0
50 56 0
51 45 0
52 45 0
52 57 0
52 58 0
53 48 0
53 59 0
54 48 0
54 60 0
54 61 0
55 49 0
55 62 0
55 67 0
56 50 0
56 62 0
57 52 0
58 52 0
58 61 0
58 63 0
59 53 0
59 64 0
59 65 0
60 54 0
61 54 0
61 58 0
61 66 0
62 55 0
62 56 0
63 58 0
64 59 0
65 59 0
66 61 0
67 68 0
67 55 0
68 67 0
GraphDataEnd
GraphEnd
NodeEnd
NodeStart
EPTNodeID: 7
AnchorID: 42545
TreeNodeGraphID: 11
Level: 9
SimplifiedLevel: 0
EditOperation: 5 56 67 0 0
AccumulatedOpsCount: 3
AccumulatedOp: 4 67 68 0 0
AccumulatedOp: 1 68 0 2 0
AccumulatedOp: 5 56 67 0 0
ChildrenCount: 0
ChildIndices:
CompletedDBGraphIDsCount: 1
CompletedDBGraphID: 37105
GraphStart
GraphDataStart
ID: 11
NumNodes: 68
NumEdges: 146
NodeLabels
0 2 2 2 2 2 2 2 2 2 2 2 3 3 0 2 0 2 0 0 3 2 2 2 0 2 2 0 2 2 2 2 2 2 2 2 2 3 2 2 2 2 0 2 2 2 2 2 2 2 2 2 2 0 2 2 2 0 2 2 2 2 2 2 2 0 0 0 
Edges
0 1 0
1 0 0
1 2 0
1 3 0
2 1 0
2 4 0
2 5 0
3 1 0
3 6 0
3 7 0
4 2 0
4 8 0
4 9 0
5 2 0
5 10 0
5 11 0
6 3 0
6 12 0
7 3 0
7 10 0
7 13 0
8 4 0
8 14 0
8 15 0
9 4 0
9 16 0
9 17 0
10 5 0
10 7 0
10 18 0
11 5 0
11 15 0
11 19 0
12 6 0
12 20 0
13 7 0
13 21 0
14 8 0
14 17 0
15 8 0
15 11 0
15 22 0
16 9 0
17 9 0
17 14 0
17 23 0
17 24 0
18 10 0
19 11 0
20 12 0
20 25 0
20 26 0
21 13 0
21 27 0
21 28 0
22 15 0
23 17 0
24 17 0
24 29 0
25 20 0
25 30 0
25 31 0
26 20 0
26 32 0
26 33 0
27 21 0
28 21 0
28 34 0
28 35 0
29 24 0
29 36 0
30 25 0
31 25 0
31 37 0
32 26 0
33 26 0
33 37 0
34 28 0
35 28 0
35 38 0
36 29 0
36 39 0
37 31 0
37 33 0
37 40 0
38 35 0
38 41 0
39 36 0
39 42 0
39 43 0
40 37 0
40 44 0
41 38 0
41 45 0
42 39 0
42 46 0
43 39 0
43 47 0
43 48 0
44 40 0
44 49 0
44 50 0
45 41 0
45 51 0
45 52 0
46 42 0
47 43 0
48 43 0
48 53 0
48 54 0
49 44 0
49 55 0
50 44 0
50 56 0
51 45 0
52 45 0
52 57 0
52 58 0
53 48 0
53 59 0
54 48 0
54 60 0
54 61 0
55 49 0
55 62 0
56 50 0
56 62 0
56 67 0
57 52 0
58 52 0
58 61 0
58 63 0
59 53 0
59 64 0
59 65 0
60 54 0
61 54 0
61 58 0
61 66 0
62 55 0
62 56 0
63 58 0
64 59 0
65 59 0
66 61 0
67 56 0
GraphDataEnd
GraphEnd
NodeEnd
NodeStart
EPTNodeID: 8
AnchorID: 42545
TreeNodeGraphID: 13
Level: 7
SimplifiedLevel: 0
EditOperation: 1 68 0 2 0
AccumulatedOpsCount: 2
AccumulatedOp: 4 67 68 0 0
AccumulatedOp: 1 68 0 2 0
ChildrenCount: 0
ChildIndices:
CompletedDBGraphIDsCount: 1
CompletedDBGraphID: 17361
GraphStart
GraphDataStart
ID: 13
NumNodes: 68
NumEdges: 146
NodeLabels
0 2 2 2 2 2 2 2 2 2 2 2 3 3 0 2 0 2 0 0 3 2 2 2 0 2 2 0 2 2 2 2 2 2 2 2 2 3 2 2 2 2 0 2 2 2 2 2 2 2 2 2 2 0 2 2 2 0 2 2 2 2 2 2 2 0 0 0 
Edges
0 1 0
1 0 0
1 2 0
1 3 0
2 1 0
2 4 0
2 5 0
3 1 0
3 6 0
3 7 0
4 2 0
4 8 0
4 9 0
5 2 0
5 10 0
5 11 0
6 3 0
6 12 0
7 3 0
7 10 0
7 13 0
8 4 0
8 14 0
8 15 0
9 4 0
9 16 0
9 17 0
10 5 0
10 7 0
10 18 0
11 5 0
11 15 0
11 19 0
12 6 0
12 20 0
13 7 0
13 21 0
14 8 0
14 17 0
15 8 0
15 11 0
15 22 0
16 9 0
17 9 0
17 14 0
17 23 0
17 24 0
18 10 0
19 11 0
20 12 0
20 25 0
20 26 0
21 13 0
21 27 0
21 28 0
22 15 0
23 17 0
24 17 0
24 29 0
25 20 0
25 30 0
25 31 0
26 20 0
26 32 0
26 33 0
27 21 0
28 21 0
28 34 0
28 35 0
29 24 0
29 36 0
30 25 0
31 25 0
31 37 0
32 26 0
33 26 0
33 37 0
34 28 0
35 28 0
35 38 0
36 29 0
36 39 0
37 31 0
37 33 0
37 40 0
38 35 0
38 41 0
39 36 0
39 42 0
39 43 0
40 37 0
40 44 0
41 38 0
41 45 0
42 39 0
42 46 0
43 39 0
43 47 0
43 48 0
44 40 0
44 49 0
44 50 0
45 41 0
45 51 0
45 52 0
46 42 0
47 43 0
48 43 0
48 53 0
48 54 0
49 44 0
49 55 0
50 44 0
50 56 0
51 45 0
52 45 0
52 57 0
52 58 0
53 48 0
53 59 0
54 48 0
54 60 0
54 61 0
55 49 0
55 62 0
56 50 0
56 62 0
57 52 0
58 52 0
58 61 0
58 63 0
59 53 0
59 64 0
59 65 0
60 54 0
61 54 0
61 58 0
61 66 0
62 55 0
62 56 0
62 67 0
63 58 0
64 59 0
65 59 0
66 61 0
67 62 0
GraphDataEnd
GraphEnd
NodeEnd
NodeStart
EPTNodeID: 9
AnchorID: 42545
TreeNodeGraphID: 15
Level: 6
SimplifiedLevel: 0
EditOperation: 1 68 0 2 0
AccumulatedOpsCount: 2
AccumulatedOp: 4 67 68 0 0
AccumulatedOp: 1 68 0 2 0
ChildrenCount: 1
ChildIndices: 10
CompletedDBGraphIDsCount: 1
CompletedDBGraphID: 34649
GraphStart
GraphDataStart
ID: 15
NumNodes: 68
NumEdges: 146
NodeLabels
0 2 2 2 2 2 2 2 2 2 2 2 3 3 0 2 0 2 0 0 3 2 2 2 0 2 2 0 2 2 2 2 2 2 2 2 2 3 2 2 2 2 0 2 2 2 2 2 2 2 2 2 2 0 2 2 2 0 2 2 2 2 2 2 2 0 0 2 
Edges
0 1 0
1 0 0
1 2 0
1 3 0
2 1 0
2 4 0
2 5 0
3 1 0
3 6 0
3 7 0
4 2 0
4 8 0
4 9 0
5 2 0
5 10 0
5 11 0
6 3 0
6 12 0
7 3 0
7 10 0
7 13 0
8 4 0
8 14 0
8 15 0
9 4 0
9 16 0
9 17 0
10 5 0
10 7 0
10 18 0
11 5 0
11 15 0
11 19 0
12 6 0
12 20 0
13 7 0
13 21 0
14 8 0
14 17 0
15 8 0
15 11 0
15 22 0
16 9 0
17 9 0
17 14 0
17 23 0
17 24 0
18 10 0
19 11 0
20 12 0
20 25 0
20 26 0
21 13 0
21 27 0
21 28 0
22 15 0
23 17 0
24 17 0
24 29 0
25 20 0
25 30 0
25 31 0
26 20 0
26 32 0
26 33 0
27 21 0
28 21 0
28 34 0
28 35 0
29 24 0
29 36 0
30 25 0
31 25 0
31 37 0
32 26 0
33 26 0
33 37 0
34 28 0
35 28 0
35 38 0
36 29 0
36 39 0
37 31 0
37 33 0
37 40 0
38 35 0
38 41 0
39 36 0
39 42 0
39 43 0
40 37 0
40 44 0
41 38 0
41 45 0
42 39 0
42 46 0
43 39 0
43 47 0
43 48 0
44 40 0
44 49 0
44 50 0
45 41 0
45 51 0
45 52 0
46 42 0
47 43 0
48 43 0
48 53 0
48 54 0
49 44 0
49 55 0
50 44 0
50 56 0
51 45 0
52 45 0
52 57 0
52 58 0
53 48 0
53 59 0
54 48 0
54 60 0
54 61 0
55 49 0
55 62 0
56 50 0
56 62 0
57 52 0
58 52 0
58 61 0
58 63 0
59 53 0
59 64 0
59 65 0
60 54 0
61 54 0
61 58 0
61 66 0
62 55 0
62 56 0
62 67 0
63 58 0
64 59 0
65 59 0
66 61 0
67 62 0
GraphDataEnd
GraphEnd
NodeEnd
NodeStart
EPTNodeID: 10
AnchorID: 42545
TreeNodeGraphID: 16
Level: 7
SimplifiedLevel: 0
EditOperation: 0 67 0 2 4
AccumulatedOpsCount: 1
AccumulatedOp: 0 67 0 2 4
ChildrenCount: 0
ChildIndices:
CompletedDBGraphIDsCount: 1
CompletedDBGraphID: 23077
GraphStart
GraphDataStart
ID: 16
NumNodes: 68
NumEdges: 146
NodeLabels
0 2 2 2 2 2 2 2 2 2 2 2 3 3 0 2 0 2 0 0 3 2 2 2 0 2 2 0 2 2 2 2 2 2 2 2 2 3 2 2 2 2 0 2 2 2 2 2 2 2 2 2 2 0 2 2 2 0 2 2 2 2 2 2 2 0 0 4 
Edges
0 1 0
1 0 0
1 2 0
1 3 0
2 1 0
2 4 0
2 5 0
3 1 0
3 6 0
3 7 0
4 2 0
4 8 0
4 9 0
5 2 0
5 10 0
5 11 0
6 3 0
6 12 0
7 3 0
7 10 0
7 13 0
8 4 0
8 14 0
8 15 0
9 4 0
9 16 0
9 17 0
10 5 0
10 7 0
10 18 0
11 5 0
11 15 0
11 19 0
12 6 0
12 20 0
13 7 0
13 21 0
14 8 0
14 17 0
15 8 0
15 11 0
15 22 0
16 9 0
17 9 0
17 14 0
17 23 0
17 24 0
18 10 0
19 11 0
20 12 0
20 25 0
20 26 0
21 13 0
21 27 0
21 28 0
22 15 0
23 17 0
24 17 0
24 29 0
25 20 0
25 30 0
25 31 0
26 20 0
26 32 0
26 33 0
27 21 0
28 21 0
28 34 0
28 35 0
29 24 0
29 36 0
30 25 0
31 25 0
31 37 0
32 26 0
33 26 0
33 37 0
34 28 0
35 28 0
35 38 0
36 29 0
36 39 0
37 31 0
37 33 0
37 40 0
38 35 0
38 41 0
39 36 0
39 42 0
39 43 0
40 37 0
40 44 0
41 38 0
41 45 0
42 39 0
42 46 0
43 39 0
43 47 0
43 48 0
44 40 0
44 49 0
44 50 0
45 41 0
45 51 0
45 52 0
46 42 0
47 43 0
48 43 0
48 53 0
48 54 0
49 44 0
49 55 0
50 44 0
50 56 0
51 45 0
52 45 0
52 57 0
52 58 0
53 48 0
53 59 0
54 48 0
54 60 0
54 61 0
55 49 0
55 62 0
56 50 0
56 62 0
57 52 0
58 52 0
58 61 0
58 63 0
59 53 0
59 64 0
59 65 0
60 54 0
61 54 0
61 58 0
61 66 0
62 55 0
62 56 0
62 67 0
63 58 0
64 59 0
65 59 0
66 61 0
67 62 0
GraphDataEnd
GraphEnd
NodeEnd
NodeStart
EPTNodeID: 11
AnchorID: 42545
TreeNodeGraphID: 17
Level: 5
SimplifiedLevel: 0
EditOperation: 0 68 0 2 3
AccumulatedOpsCount: 1
AccumulatedOp: 0 68 0 2 3
ChildrenCount: 0
ChildIndices:
CompletedDBGraphIDsCount: 1
CompletedDBGraphID: 1856
GraphStart
GraphDataStart
ID: 17
NumNodes: 69
NumEdges: 148
NodeLabels
0 2 2 2 2 2 2 2 2 2 2 2 3 3 0 2 0 2 0 0 3 2 2 2 0 2 2 0 2 2 2 2 2 2 2 2 2 3 2 2 2 2 0 2 2 2 2 2 2 2 2 2 2 0 2 2 2 0 2 2 2 2 2 2 2 0 0 2 3 
Edges
0 1 0
1 0 0
1 2 0
1 3 0
2 1 0
2 4 0
2 5 0
3 1 0
3 6 0
3 7 0
4 2 0
4 8 0
4 9 0
5 2 0
5 10 0
5 11 0
6 3 0
6 12 0
7 3 0
7 10 0
7 13 0
8 4 0
8 14 0
8 15 0
9 4 0
9 16 0
9 17 0
10 5 0
10 7 0
10 18 0
11 5 0
11 15 0
11 19 0
12 6 0
12 20 0
13 7 0
13 21 0
14 8 0
14 17 0
15 8 0
15 11 0
15 22 0
16 9 0
17 9 0
17 14 0
17 23 0
17 24 0
18 10 0
19 11 0
20 12 0
20 25 0
20 26 0
21 13 0
21 27 0
21 28 0
22 15 0
23 17 0
24 17 0
24 29 0
25 20 0
25 30 0
25 31 0
26 20 0
26 32 0
26 33 0
27 21 0
28 21 0
28 34 0
28 35 0
29 24 0
29 36 0
30 25 0
31 25 0
31 37 0
32 26 0
33 26 0
33 37 0
34 28 0
35 28 0
35 38 0
36 29 0
36 39 0
37 31 0
37 33 0
37 40 0
38 35 0
38 41 0
39 36 0
39 42 0
39 43 0
40 37 0
40 44 0
41 38 0
41 45 0
42 39 0
42 46 0
43 39 0
43 47 0
43 48 0
44 40 0
44 49 0
44 50 0
45 41 0
45 51 0
45 52 0
46 42 0
47 43 0
48 43 0
48 53 0
48 54 0
49 44 0
49 55 0
50 44 0
50 56 0
51 45 0
52 45 0
52 57 0
52 58 0
53 48 0
53 59 0
54 48 0
54 60 0
54 61 0
55 49 0
55 62 0
56 50 0
56 62 0
57 52 0
58 52 0
58 61 0
58 63 0
59 53 0
59 64 0
59 65 0
60 54 0
61 54 0
61 58 0
61 66 0
62 55 0
62 56 0
62 67 0
63 58 0
64 59 0
65 59 0
66 61 0
67 62 0
67 68 0
68 67 0
GraphDataEnd
GraphEnd
NodeEnd
NodeStart
EPTNodeID: 12
AnchorID: 42545
TreeNodeGraphID: 21
Level: 6
SimplifiedLevel: 0
EditOperation: 4 62 67 0 0
AccumulatedOpsCount: 4
AccumulatedOp: 4 67 68 0 0
AccumulatedOp: 0 67 0 2 3
AccumulatedOp: 1 68 0 2 0
AccumulatedOp: 4 62 67 0 0
ChildrenCount: 2
ChildIndices: 13 14
CompletedDBGraphIDsCount: 0
GraphStart
GraphDataStart
ID: 21
NumNodes: 69
NumEdges: 146
NodeLabels
0 2 2 2 2 2 2 2 2 2 2 2 3 3 0 2 0 2 0 0 3 2 2 2 0 2 2 0 2 2 2 2 2 2 2 2 2 3 2 2 2 2 0 2 2 2 2 2 2 2 2 2 2 0 2 2 2 0 2 2 2 2 2 2 2 0 0 3 2 
Edges
0 1 0
1 0 0
1 2 0
1 3 0
2 1 0
2 4 0
2 5 0
3 1 0
3 6 0
3 7 0
4 2 0
4 8 0
4 9 0
5 2 0
5 10 0
5 11 0
6 3 0
6 12 0
7 3 0
7 10 0
7 13 0
8 4 0
8 14 0
8 15 0
9 4 0
9 16 0
9 17 0
10 5 0
10 7 0
10 18 0
11 5 0
11 15 0
11 19 0
12 6 0
12 20 0
13 7 0
13 21 0
14 8 0
14 17 0
15 8 0
15 11 0
15 22 0
16 9 0
17 9 0
17 14 0
17 23 0
17 24 0
18 10 0
19 11 0
20 12 0
20 25 0
20 26 0
21 13 0
21 27 0
21 28 0
22 15 0
23 17 0
24 17 0
24 29 0
25 20 0
25 30 0
25 31 0
26 20 0
26 32 0
26 33 0
27 21 0
28 21 0
28 34 0
28 35 0
29 24 0
29 36 0
30 25 0
31 25 0
31 37 0
32 26 0
33 26 0
33 37 0
34 28 0
35 28 0
35 38 0
36 29 0
36 39 0
37 31 0
37 33 0
37 40 0
38 35 0
38 41 0
39 36 0
39 42 0
39 43 0
40 37 0
40 44 0
41 38 0
41 45 0
42 39 0
42 46 0
43 39 0
43 47 0
43 48 0
44 40 0
44 49 0
44 50 0
45 41 0
45 51 0
45 52 0
46 42 0
47 43 0
48 43 0
48 53 0
48 54 0
49 44 0
49 55 0
50 44 0
50 56 0
51 45 0
52 45 0
52 57 0
52 58 0
53 48 0
53 59 0
54 48 0
54 60 0
54 61 0
55 49 0
55 62 0
56 50 0
56 62 0
57 52 0
58 52 0
58 61 0
58 63 0
59 53 0
59 64 0
59 65 0
60 54 0
61 54 0
61 58 0
61 66 0
62 55 0
62 56 0
63 58 0
64 59 0
65 59 0
66 61 0
67 68 0
68 67 0
GraphDataEnd
GraphEnd
NodeEnd
NodeStart
EPTNodeID: 13
AnchorID: 42545
TreeNodeGraphID: 22
Level: 7
SimplifiedLevel: 0
EditOperation: 5 56 70 0 0
AccumulatedOpsCount: 1
AccumulatedOp: 5 56 70 0 0
ChildrenCount: 0
ChildIndices:
CompletedDBGraphIDsCount: 1
CompletedDBGraphID: 41117
GraphStart
GraphDataStart
ID: 22
NumNodes: 69
NumEdges: 148
NodeLabels
0 2 2 2 2 2 2 2 2 2 2 2 3 3 0 2 0 2 0 0 3 2 2 2 0 2 2 0 2 2 2 2 2 2 2 2 2 3 2 2 2 2 0 2 2 2 2 2 2 2 2 2 2 0 2 2 2 0 2 2 2 2 2 2 2 0 0 3 2 
Edges
0 1 0
1 0 0
1 2 0
1 3 0
2 1 0
2 4 0
2 5 0
3 1 0
3 6 0
3 7 0
4 2 0
4 8 0
4 9 0
5 2 0
5 10 0
5 11 0
6 3 0
6 12 0
7 3 0
7 10 0
7 13 0
8 4 0
8 14 0
8 15 0
9 4 0
9 16 0
9 17 0
10 5 0
10 7 0
10 18 0
11 5 0
11 15 0
11 19 0
12 6 0
12 20 0
13 7 0
13 21 0
14 8 0
14 17 0
15 8 0
15 11 0
15 22 0
16 9 0
17 9 0
17 14 0
17 23 0
17 24 0
18 10 0
19 11 0
20 12 0
20 25 0
20 26 0
21 13 0
21 27 0
21 28 0
22 15 0
23 17 0
24 17 0
24 29 0
25 20 0
25 30 0
25 31 0
26 20 0
26 32 0
26 33 0
27 21 0
28 21 0
28 34 0
28 35 0
29 24 0
29 36 0
30 25 0
31 25 0
31 37 0
32 26 0
33 26 0
33 37 0
34 28 0
35 28 0
35 38 0
36 29 0
36 39 0
37 31 0
37 33 0
37 40 0
38 35 0
38 41 0
39 36 0
39 42 0
39 43 0
40 37 0
40 44 0
41 38 0
41 45 0
42 39 0
42 46 0
43 39 0
43 47 0
43 48 0
44 40 0
44 49 0
44 50 0
45 41 0
45 51 0
45 52 0
46 42 0
47 43 0
48 43 0
48 53 0
48 54 0
49 44 0
49 55 0
50 44 0
50 56 0
51 45 0
52 45 0
52 57 0
52 58 0
53 48 0
53 59 0
54 48 0
54 60 0
54 61 0
55 49 0
55 62 0
56 50 0
56 62 0
56 68 0
57 52 0
58 52 0
58 61 0
58 63 0
59 53 0
59 64 0
59 65 0
60 54 0
61 54 0
61 58 0
61 66 0
62 55 0
62 56 0
63 58 0
64 59 0
65 59 0
66 61 0
67 68 0
68 67 0
68 56 0
GraphDataEnd
GraphEnd
NodeEnd
NodeStart
EPTNodeID: 14
AnchorID: 42545
TreeNodeGraphID: 23
Level: 7
SimplifiedLevel: 0
EditOperation: 5 49 70 0 0
AccumulatedOpsCount: 1
AccumulatedOp: 5 49 70 0 0
ChildrenCount: 0
ChildIndices:
CompletedDBGraphIDsCount: 1
CompletedDBGraphID: 24146
GraphStart
GraphDataStart
ID: 23
NumNodes: 69
NumEdges: 148
NodeLabels
0 2 2 2 2 2 2 2 2 2 2 2 3 3 0 2 0 2 0 0 3 2 2 2 0 2 2 0 2 2 2 2 2 2 2 2 2 3 2 2 2 2 0 2 2 2 2 2 2 2 2 2 2 0 2 2 2 0 2 2 2 2 2 2 2 0 0 3 2 
Edges
0 1 0
1 0 0
1 2 0
1 3 0
2 1 0
2 4 0
2 5 0
3 1 0
3 6 0
3 7 0
4 2 0
4 8 0
4 9 0
5 2 0
5 10 0
5 11 0
6 3 0
6 12 0
7 3 0
7 10 0
7 13 0
8 4 0
8 14 0
8 15 0
9 4 0
9 16 0
9 17 0
10 5 0
10 7 0
10 18 0
11 5 0
11 15 0
11 19 0
12 6 0
12 20 0
13 7 0
13 21 0
14 8 0
14 17 0
15 8 0
15 11 0
15 22 0
16 9 0
17 9 0
17 14 0
17 23 0
17 24 0
18 10 0
19 11 0
20 12 0
20 25 0
20 26 0
21 13 0
21 27 0
21 28 0
22 15 0
23 17 0
24 17 0
24 29 0
25 20 0
25 30 0
25 31 0
26 20 0
26 32 0
26 33 0
27 21 0
28 21 0
28 34 0
28 35 0
29 24 0
29 36 0
30 25 0
31 25 0
31 37 0
32 26 0
33 26 0
33 37 0
34 28 0
35 28 0
35 38 0
36 29 0
36 39 0
37 31 0
37 33 0
37 40 0
38 35 0
38 41 0
39 36 0
39 42 0
39 43 0
40 37 0
40 44 0
41 38 0
41 45 0
42 39 0
42 46 0
43 39 0
43 47 0
43 48 0
44 40 0
44 49 0
44 50 0
45 41 0
45 51 0
45 52 0
46 42 0
47 43 0
48 43 0
48 53 0
48 54 0
49 44 0
49 55 0
49 68 0
50 44 0
50 56 0
51 45 0
52 45 0
52 57 0
52 58 0
53 48 0
53 59 0
54 48 0
54 60 0
54 61 0
55 49 0
55 62 0
56 50 0
56 62 0
57 52 0
58 52 0
58 61 0
58 63 0
59 53 0
59 64 0
59 65 0
60 54 0
61 54 0
61 58 0
61 66 0
62 55 0
62 56 0
63 58 0
64 59 0
65 59 0
66 61 0
67 68 0
68 67 0
68 49 0
GraphDataEnd
GraphEnd
NodeEnd
NodeStart
EPTNodeID: 15
AnchorID: 42545
TreeNodeGraphID: 28
Level: 5
SimplifiedLevel: 0
EditOperation: 1 70 0 2 0
AccumulatedOpsCount: 5
AccumulatedOp: 4 67 70 0 0
AccumulatedOp: 0 67 0 2 3
AccumulatedOp: 0 68 0 2 0
AccumulatedOp: 0 69 0 2 0
AccumulatedOp: 1 70 0 2 0
ChildrenCount: 0
ChildIndices:
CompletedDBGraphIDsCount: 1
CompletedDBGraphID: 29628
GraphStart
GraphDataStart
ID: 28
NumNodes: 70
NumEdges: 150
NodeLabels
0 2 2 2 2 2 2 2 2 2 2 2 3 3 0 2 0 2 0 0 3 2 2 2 0 2 2 0 2 2 2 2 2 2 2 2 2 3 2 2 2 2 0 2 2 2 2 2 2 2 2 2 2 0 2 2 2 0 2 2 2 2 2 2 2 0 0 3 0 0 
Edges
0 1 0
1 0 0
1 2 0
1 3 0
2 1 0
2 4 0
2 5 0
3 1 0
3 6 0
3 7 0
4 2 0
4 8 0
4 9 0
5 2 0
5 10 0
5 11 0
6 3 0
6 12 0
7 3 0
7 10 0
7 13 0
8 4 0
8 14 0
8 15 0
9 4 0
9 16 0
9 17 0
10 5 0
10 7 0
10 18 0
11 5 0
11 15 0
11 19 0
12 6 0
12 20 0
13 7 0
13 21 0
14 8 0
14 17 0
15 8 0
15 11 0
15 22 0
16 9 0
17 9 0
17 14 0
17 23 0
17 24 0
18 10 0
19 11 0
20 12 0
20 25 0
20 26 0
21 13 0
21 27 0
21 28 0
22 15 0
23 17 0
24 17 0
24 29 0
25 20 0
25 30 0
25 31 0
26 20 0
26 32 0
26 33 0
27 21 0
28 21 0
28 34 0
28 35 0
29 24 0
29 36 0
30 25 0
31 25 0
31 37 0
32 26 0
33 26 0
33 37 0
34 28 0
35 28 0
35 38 0
36 29 0
36 39 0
37 31 0
37 33 0
37 40 0
38 35 0
38 41 0
39 36 0
39 42 0
39 43 0
40 37 0
40 44 0
41 38 0
41 45 0
42 39 0
42 46 0
43 39 0
43 47 0
43 48 0
44 40 0
44 49 0
44 50 0
45 41 0
45 51 0
45 52 0
46 42 0
47 43 0
48 43 0
48 53 0
48 54 0
49 44 0
49 55 0
50 44 0
50 56 0
51 45 0
52 45 0
52 57 0
52 58 0
53 48 0
53 59 0
54 48 0
54 60 0
54 61 0
55 49 0
55 62 0
56 50 0
56 62 0
57 52 0
58 52 0
58 61 0
58 63 0
59 53 0
59 64 0
59 65 0
60 54 0
61 54 0
61 58 0
61 66 0
62 55 0
62 56 0
62 67 0
63 58 0
64 59 0
65 59 0
66 61 0
67 62 0
67 68 0
67 69 0
68 67 0
69 67 0
GraphDataEnd
GraphEnd
NodeEnd
NodeStart
EPTNodeID: 16
AnchorID: 42545
TreeNodeGraphID: 29
Level: 1
SimplifiedLevel: 0
EditOperation: 4 62 67 0 0
AccumulatedOpsCount: 1
AccumulatedOp: 4 62 67 0 0
ChildrenCount: 2
ChildIndices: 17 18
CompletedDBGraphIDsCount: 0
GraphStart
GraphDataStart
ID: 29
NumNodes: 71
NumEdges: 150
NodeLabels
0 2 2 2 2 2 2 2 2 2 2 2 3 3 0 2 0 2 0 0 3 2 2 2 0 2 2 0 2 2 2 2 2 2 2 2 2 3 2 2 2 2 0 2 2 2 2 2 2 2 2 2 2 0 2 2 2 0 2 2 2 2 2 2 2 0 0 2 2 2 2 
Edges
0 1 0
1 0 0
1 2 0
1 3 0
2 1 0
2 4 0
2 5 0
3 1 0
3 6 0
3 7 0
4 2 0
4 8 0
4 9 0
5 2 0
5 10 0
5 11 0
6 3 0
6 12 0
7 3 0
7 10 0
7 13 0
8 4 0
8 14 0
8 15 0
9 4 0
9 16 0
9 17 0
10 5 0
10 7 0
10 18 0
11 5 0
11 15 0
11 19 0
12 6 0
12 20 0
13 7 0
13 21 0
14 8 0
14 17 0
15 8 0
15 11 0
15 22 0
16 9 0
17 9 0
17 14 0
17 23 0
17 24 0
18 10 0
19 11 0
20 12 0
20 25 0
20 26 0
21 13 0
21 27 0
21 28 0
22 15 0
23 17 0
24 17 0
24 29 0
25 20 0
25 30 0
25 31 0
26 20 0
26 32 0
26 33 0
27 21 0
28 21 0
28 34 0
28 35 0
29 24 0
29 36 0
30 25 0
31 25 0
31 37 0
32 26 0
33 26 0
33 37 0
34 28 0
35 28 0
35 38 0
36 29 0
36 39 0
37 31 0
37 33 0
37 40 0
38 35 0
38 41 0
39 36 0
39 42 0
39 43 0
40 37 0
40 44 0
41 38 0
41 45 0
42 39 0
42 46 0
43 39 0
43 47 0
43 48 0
44 40 0
44 49 0
44 50 0
45 41 0
45 51 0
45 52 0
46 42 0
47 43 0
48 43 0
48 53 0
48 54 0
49 44 0
49 55 0
50 44 0
50 56 0
51 45 0
52 45 0
52 57 0
52 58 0
53 48 0
53 59 0
54 48 0
54 60 0
54 61 0
55 49 0
55 62 0
56 50 0
56 62 0
57 52 0
58 52 0
58 61 0
58 63 0
59 53 0
59 64 0
59 65 0
60 54 0
61 54 0
61 58 0
61 66 0
62 55 0
62 56 0
63 58 0
64 59 0
65 59 0
66 61 0
67 68 0
67 69 0
67 70 0
68 67 0
69 67 0
70 67 0
GraphDataEnd
GraphEnd
NodeEnd
NodeStart
EPTNodeID: 17
AnchorID: 42545
TreeNodeGraphID: 38
Level: 10
SimplifiedLevel: 0
EditOperation: 1 25 0 2 0
AccumulatedOpsCount: 9
AccumulatedOp: 5 37 67 0 0
AccumulatedOp: 5 20 70 0 0
AccumulatedOp: 5 26 31 0 0
AccumulatedOp: 4 33 37 0 0
AccumulatedOp: 4 20 25 0 0
AccumulatedOp: 4 25 30 0 0
AccumulatedOp: 1 30 0 2 0
AccumulatedOp: 4 25 31 0 0
AccumulatedOp: 1 25 0 2 0
ChildrenCount: 0
ChildIndices:
CompletedDBGraphIDsCount: 1
CompletedDBGraphID: 16270
GraphStart
GraphDataStart
ID: 38
NumNodes: 69
NumEdges: 148
NodeLabels
0 2 2 2 2 2 2 2 2 2 2 2 3 3 0 2 0 2 0 0 3 2 2 2 0 2 0 2 2 2 2 2 2 2 2 3 2 2 2 2 0 2 2 2 2 2 2 2 2 2 2 0 2 2 2 0 2 2 2 2 2 2 2 0 0 2 2 2 2 
Edges
0 1 0
1 0 0
1 2 0
1 3 0
2 1 0
2 4 0
2 5 0
3 1 0
3 6 0
3 7 0
4 2 0
4 8 0
4 9 0
5 2 0
5 10 0
5 11 0
6 3 0
6 12 0
7 3 0
7 10 0
7 13 0
8 4 0
8 14 0
8 15 0
9 4 0
9 16 0
9 17 0
10 5 0
10 7 0
10 18 0
11 5 0
11 15 0
11 19 0
12 6 0
12 20 0
13 7 0
13 21 0
14 8 0
14 17 0
15 8 0
15 11 0
15 22 0
16 9 0
17 9 0
17 14 0
17 23 0
17 24 0
18 10 0
19 11 0
20 12 0
20 25 0
20 68 0
21 13 0
21 26 0
21 27 0
22 15 0
23 17 0
24 17 0
24 28 0
25 20 0
25 30 0
25 31 0
25 29 0
26 21 0
27 21 0
27 32 0
27 33 0
28 24 0
28 34 0
29 35 0
29 25 0
30 25 0
31 25 0
32 27 0
33 27 0
33 36 0
34 28 0
34 37 0
35 29 0
35 38 0
35 65 0
36 33 0
36 39 0
37 34 0
37 40 0
37 41 0
38 35 0
38 42 0
39 36 0
39 43 0
40 37 0
40 44 0
41 37 0
41 45 0
41 46 0
42 38 0
42 47 0
42 48 0
43 39 0
43 49 0
43 50 0
44 40 0
45 41 0
46 41 0
46 51 0
46 52 0
47 42 0
47 53 0
48 42 0
48 54 0
49 43 0
50 43 0
50 55 0
50 56 0
51 46 0
51 57 0
52 46 0
52 58 0
52 59 0
53 47 0
53 60 0
54 48 0
54 60 0
55 50 0
56 50 0
56 59 0
56 61 0
57 51 0
57 62 0
57 63 0
58 52 0
59 52 0
59 56 0
59 64 0
60 53 0
60 54 0
61 56 0
62 57 0
63 57 0
64 59 0
65 66 0
65 67 0
65 68 0
65 35 0
66 65 0
67 65 0
68 65 0
68 20 0
GraphDataEnd
GraphEnd
NodeEnd
NodeStart
EPTNodeID: 18
AnchorID: 42545
TreeNodeGraphID: 41
Level: 4
SimplifiedLevel: 0
EditOperation: 5 62 70 0 0
AccumulatedOpsCount: 3
AccumulatedOp: 0 68 0 2 0
AccumulatedOp: 0 70 0 2 3
AccumulatedOp: 5 62 70 0 0
ChildrenCount: 0
ChildIndices:
CompletedDBGraphIDsCount: 1
CompletedDBGraphID: 7741
GraphStart
GraphDataStart
ID: 41
NumNodes: 71
NumEdges: 152
NodeLabels
0 2 2 2 2 2 2 2 2 2 2 2 3 3 0 2 0 2 0 0 3 2 2 2 0 2 2 0 2 2 2 2 2 2 2 2 2 3 2 2 2 2 0 2 2 2 2 2 2 2 2 2 2 0 2 2 2 0 2 2 2 2 2 2 2 0 0 2 0 2 3 
Edges
0 1 0
1 0 0
1 2 0
1 3 0
2 1 0
2 4 0
2 5 0
3 1 0
3 6 0
3 7 0
4 2 0
4 8 0
4 9 0
5 2 0
5 10 0
5 11 0
6 3 0
6 12 0
7 3 0
7 10 0
7 13 0
8 4 0
8 14 0
8 15 0
9 4 0
9 16 0
9 17 0
10 5 0
10 7 0
10 18 0
11 5 0
11 15 0
11 19 0
12 6 0
12 20 0
13 7 0
13 21 0
14 8 0
14 17 0
15 8 0
15 11 0
15 22 0
16 9 0
17 9 0
17 14 0
17 23 0
17 24 0
18 10 0
19 11 0
20 12 0
20 25 0
20 26 0
21 13 0
21 27 0
21 28 0
22 15 0
23 17 0
24 17 0
24 29 0
25 20 0
25 30 0
25 31 0
26 20 0
26 32 0
26 33 0
27 21 0
28 21 0
28 34 0
28 35 0
29 24 0
29 36 0
30 25 0
31 25 0
31 37 0
32 26 0
33 26 0
33 37 0
34 28 0
35 28 0
35 38 0
36 29 0
36 39 0
37 31 0
37 33 0
37 40 0
38 35 0
38 41 0
39 36 0
39 42 0
39 43 0
40 37 0
40 44 0
41 38 0
41 45 0
42 39 0
42 46 0
43 39 0
43 47 0
43 48 0
44 40 0
44 49 0
44 50 0
45 41 0
45 51 0
45 52 0
46 42 0
47 43 0
48 43 0
48 53 0
48 54 0
49 44 0
49 55 0
50 44 0
50 56 0
51 45 0
52 45 0
52 57 0
52 58 0
53 48 0
53 59 0
54 48 0
54 60 0
54 61 0
55 49 0
55 62 0
56 50 0
56 62 0
57 52 0
58 52 0
58 61 0
58 63 0
59 53 0
59 64 0
59 65 0
60 54 0
61 54 0
61 58 0
61 66 0
62 55 0
62 56 0
62 70 0
63 58 0
64 59 0
65 59 0
66 61 0
67 68 0
67 69 0
67 70 0
68 67 0
69 67 0
70 67 0
70 62 0
GraphDataEnd
GraphEnd
NodeEnd
END_EPT
