BEGIN_EPT
AnchorID: 23265  # ID of the anchor node
RootIndex: 0  # Index of the root node in tree_nodes
NodeCount: 1  # Total number of nodes in the EPT
NodeStart
EPTNodeID: 0
AnchorID: 23265
TreeNodeGraphID: 0
Level: 0
SimplifiedLevel: 0
EditOperation: -1 0 -1 0 0
AccumulatedOpsCount: 0
ChildrenCount: 0
ChildIndices:
CompletedDBGraphIDsCount: 0
GraphStart
GraphDataStart
ID: 0
NumNodes: 77
NumEdges: 164
NodeLabels
1 2 2 2 1 2 3 2 0 3 2 2 2 2 2 0 2 2 3 2 2 2 3 0 3 2 2 2 2 0 0 2 2 2 0 2 2 0 2 2 2 2 3 2 3 2 2 2 0 0 2 3 2 0 2 0 2 0 2 3 2 3 2 2 3 2 3 2 2 2 2 2 2 2 2 2 2 
Edges
0 1 0
0 2 0
1 0 0
2 0 0
2 3 0
2 4 0
3 2 0
3 5 0
3 6 0
4 2 0
4 7 0
5 3 0
5 8 0
5 9 0
6 3 0
6 10 0
6 11 0
7 4 0
7 12 0
8 5 0
9 5 0
9 13 0
9 14 0
10 6 0
11 6 0
11 15 0
11 16 0
12 7 0
12 17 0
12 18 0
13 9 0
14 9 0
14 19 0
14 20 0
15 11 0
16 11 0
16 21 0
16 22 0
17 12 0
17 23 0
17 24 0
18 12 0
18 25 0
18 26 0
19 14 0
19 27 0
19 28 0
20 14 0
20 29 0
20 30 0
21 16 0
22 16 0
22 31 0
23 17 0
24 17 0
24 32 0
24 33 0
25 18 0
26 18 0
26 34 0
26 35 0
27 19 0
28 19 0
29 20 0
30 20 0
30 36 0
31 22 0
31 37 0
31 38 0
32 24 0
33 24 0
33 39 0
33 40 0
34 26 0
35 26 0
35 41 0
35 42 0
36 30 0
36 43 0
37 31 0
38 31 0
38 44 0
38 45 0
39 33 0
39 46 0
39 47 0
40 33 0
40 48 0
40 49 0
41 35 0
42 35 0
42 50 0
43 36 0
43 50 0
43 51 0
44 38 0
44 52 0
45 38 0
45 49 0
46 39 0
47 39 0
48 40 0
49 40 0
49 45 0
50 42 0
50 43 0
50 53 0
51 43 0
51 54 0
52 44 0
52 55 0
52 56 0
53 50 0
54 51 0
54 57 0
54 58 0
55 52 0
56 52 0
56 59 0
56 60 0
57 54 0
58 54 0
58 61 0
58 62 0
59 56 0
59 63 0
60 56 0
60 64 0
61 58 0
61 65 0
62 58 0
62 66 0
63 59 0
63 67 0
63 68 0
64 60 0
64 67 0
65 61 0
65 69 0
65 70 0
66 62 0
66 69 0
67 63 0
67 64 0
67 71 0
68 63 0
68 72 0
69 65 0
69 66 0
69 73 0
70 65 0
70 74 0
71 67 0
71 75 0
72 68 0
72 75 0
73 69 0
73 76 0
74 70 0
74 76 0
75 71 0
75 72 0
76 73 0
76 74 0
GraphDataEnd
GraphEnd
NodeEnd
END_EPT
