BEGIN_EPT
AnchorID: 7111  # ID of the anchor node
RootIndex: 0  # Index of the root node in tree_nodes
NodeCount: 4  # Total number of nodes in the EPT
NodeStart
EPTNodeID: 0
AnchorID: 7111
TreeNodeGraphID: 0
Level: 0
SimplifiedLevel: 0
EditOperation: -1 0 -1 0 0
AccumulatedOpsCount: 0
ChildrenCount: 1
ChildIndices: 1
CompletedDBGraphIDsCount: 0
GraphStart
GraphDataStart
ID: 0
NumNodes: 68
NumEdges: 160
NodeLabels
2 2 2 2 2 2 0 2 0 2 2 2 2 2 2 2 2 2 2 2 2 2 0 0 0 2 2 2 2 2 2 2 2 0 2 2 2 2 2 2 0 0 2 2 2 2 2 2 2 2 2 0 2 2 2 2 2 0 2 2 0 2 2 2 2 2 2 0 
Edges
0 1 0
0 5 0
1 0 0
1 2 0
1 6 0
2 1 0
2 3 0
3 2 0
3 4 0
4 3 0
4 5 0
4 7 0
5 0 0
5 4 0
6 1 0
7 4 0
7 8 0
7 11 0
8 7 0
8 9 0
9 8 0
9 10 0
9 12 0
10 9 0
10 11 0
10 15 0
11 7 0
11 10 0
11 16 0
12 9 0
12 13 0
13 12 0
13 14 0
13 24 0
14 13 0
14 15 0
14 26 0
15 10 0
15 14 0
15 59 0
16 11 0
16 17 0
16 21 0
17 16 0
17 18 0
18 17 0
18 19 0
18 22 0
19 18 0
19 20 0
20 19 0
20 21 0
20 23 0
21 16 0
21 20 0
22 18 0
23 20 0
24 13 0
24 25 0
25 24 0
25 26 0
25 27 0
26 14 0
26 25 0
26 34 0
27 25 0
27 28 0
27 32 0
28 27 0
28 29 0
29 28 0
29 30 0
30 29 0
30 31 0
30 33 0
31 30 0
31 32 0
32 27 0
32 31 0
33 30 0
34 26 0
34 35 0
34 39 0
35 34 0
35 36 0
36 35 0
36 37 0
36 40 0
37 36 0
37 38 0
38 37 0
38 39 0
38 41 0
39 34 0
39 38 0
39 43 0
40 36 0
41 38 0
41 42 0
42 41 0
42 43 0
42 45 0
43 39 0
43 42 0
43 52 0
44 52 0
44 56 0
45 42 0
45 46 0
45 50 0
46 45 0
46 47 0
47 46 0
47 48 0
48 47 0
48 49 0
48 51 0
49 48 0
49 50 0
50 45 0
50 49 0
51 48 0
52 43 0
52 44 0
52 53 0
53 52 0
53 54 0
53 60 0
54 53 0
54 55 0
55 54 0
55 56 0
55 57 0
56 44 0
56 55 0
56 59 0
57 55 0
57 58 0
58 57 0
58 59 0
58 61 0
59 15 0
59 56 0
59 58 0
60 53 0
61 58 0
61 62 0
61 66 0
62 61 0
62 63 0
63 62 0
63 64 0
64 63 0
64 65 0
64 67 0
65 64 0
65 66 0
66 61 0
66 65 0
67 64 0
GraphDataEnd
GraphEnd
NodeEnd
NodeStart
EPTNodeID: 1
AnchorID: 7111
TreeNodeGraphID: 3
Level: 3
SimplifiedLevel: 0
EditOperation: 5 43 44 0 0
AccumulatedOpsCount: 3
AccumulatedOp: 4 24 25 0 0
AccumulatedOp: 4 43 52 0 0
AccumulatedOp: 5 43 44 0 0
ChildrenCount: 2
ChildIndices: 2 3
CompletedDBGraphIDsCount: 0
GraphStart
GraphDataStart
ID: 3
NumNodes: 68
NumEdges: 158
NodeLabels
2 2 2 2 2 2 0 2 0 2 2 2 2 2 2 2 2 2 2 2 2 2 0 0 0 2 2 2 2 2 2 2 2 0 2 2 2 2 2 2 0 0 2 2 2 2 2 2 2 2 2 0 2 2 2 2 2 0 2 2 0 2 2 2 2 2 2 0 
Edges
0 1 0
0 5 0
1 0 0
1 2 0
1 6 0
2 1 0
2 3 0
3 2 0
3 4 0
4 3 0
4 5 0
4 7 0
5 0 0
5 4 0
6 1 0
7 4 0
7 8 0
7 11 0
8 7 0
8 9 0
9 8 0
9 10 0
9 12 0
10 9 0
10 11 0
10 15 0
11 7 0
11 10 0
11 16 0
12 9 0
12 13 0
13 12 0
13 14 0
13 24 0
14 13 0
14 15 0
14 26 0
15 10 0
15 14 0
15 59 0
16 11 0
16 17 0
16 21 0
17 16 0
17 18 0
18 17 0
18 19 0
18 22 0
19 18 0
19 20 0
20 19 0
20 21 0
20 23 0
21 16 0
21 20 0
22 18 0
23 20 0
24 13 0
25 26 0
25 27 0
26 14 0
26 25 0
26 34 0
27 25 0
27 28 0
27 32 0
28 27 0
28 29 0
29 28 0
29 30 0
30 29 0
30 31 0
30 33 0
31 30 0
31 32 0
32 27 0
32 31 0
33 30 0
34 26 0
34 35 0
34 39 0
35 34 0
35 36 0
36 35 0
36 37 0
36 40 0
37 36 0
37 38 0
38 37 0
38 39 0
38 41 0
39 34 0
39 38 0
39 43 0
40 36 0
41 38 0
41 42 0
42 41 0
42 43 0
42 45 0
43 39 0
43 42 0
43 44 0
44 52 0
44 56 0
44 43 0
45 42 0
45 46 0
45 50 0
46 45 0
46 47 0
47 46 0
47 48 0
48 47 0
48 49 0
48 51 0
49 48 0
49 50 0
50 45 0
50 49 0
51 48 0
52 44 0
52 53 0
53 52 0
53 54 0
53 60 0
54 53 0
54 55 0
55 54 0
55 56 0
55 57 0
56 44 0
56 55 0
56 59 0
57 55 0
57 58 0
58 57 0
58 59 0
58 61 0
59 15 0
59 56 0
59 58 0
60 53 0
61 58 0
61 62 0
61 66 0
62 61 0
62 63 0
63 62 0
63 64 0
64 63 0
64 65 0
64 67 0
65 64 0
65 66 0
66 61 0
66 65 0
67 64 0
GraphDataEnd
GraphEnd
NodeEnd
NodeStart
EPTNodeID: 2
AnchorID: 7111
TreeNodeGraphID: 4
Level: 4
SimplifiedLevel: 0
EditOperation: 4 14 26 0 0
AccumulatedOpsCount: 1
AccumulatedOp: 4 14 26 0 0
ChildrenCount: 0
ChildIndices:
CompletedDBGraphIDsCount: 1
CompletedDBGraphID: 6
GraphStart
GraphDataStart
ID: 4
NumNodes: 68
NumEdges: 156
NodeLabels
2 2 2 2 2 2 0 2 0 2 2 2 2 2 2 2 2 2 2 2 2 2 0 0 0 2 2 2 2 2 2 2 2 0 2 2 2 2 2 2 0 0 2 2 2 2 2 2 2 2 2 0 2 2 2 2 2 0 2 2 0 2 2 2 2 2 2 0 
Edges
0 1 0
0 5 0
1 0 0
1 2 0
1 6 0
2 1 0
2 3 0
3 2 0
3 4 0
4 3 0
4 5 0
4 7 0
5 0 0
5 4 0
6 1 0
7 4 0
7 8 0
7 11 0
8 7 0
8 9 0
9 8 0
9 10 0
9 12 0
10 9 0
10 11 0
10 15 0
11 7 0
11 10 0
11 16 0
12 9 0
12 13 0
13 12 0
13 14 0
13 24 0
14 13 0
14 15 0
15 10 0
15 14 0
15 59 0
16 11 0
16 17 0
16 21 0
17 16 0
17 18 0
18 17 0
18 19 0
18 22 0
19 18 0
19 20 0
20 19 0
20 21 0
20 23 0
21 16 0
21 20 0
22 18 0
23 20 0
24 13 0
25 26 0
25 27 0
26 25 0
26 34 0
27 25 0
27 28 0
27 32 0
28 27 0
28 29 0
29 28 0
29 30 0
30 29 0
30 31 0
30 33 0
31 30 0
31 32 0
32 27 0
32 31 0
33 30 0
34 26 0
34 35 0
34 39 0
35 34 0
35 36 0
36 35 0
36 37 0
36 40 0
37 36 0
37 38 0
38 37 0
38 39 0
38 41 0
39 34 0
39 38 0
39 43 0
40 36 0
41 38 0
41 42 0
42 41 0
42 43 0
42 45 0
43 39 0
43 42 0
43 44 0
44 52 0
44 56 0
44 43 0
45 42 0
45 46 0
45 50 0
46 45 0
46 47 0
47 46 0
47 48 0
48 47 0
48 49 0
48 51 0
49 48 0
49 50 0
50 45 0
50 49 0
51 48 0
52 44 0
52 53 0
53 52 0
53 54 0
53 60 0
54 53 0
54 55 0
55 54 0
55 56 0
55 57 0
56 44 0
56 55 0
56 59 0
57 55 0
57 58 0
58 57 0
58 59 0
58 61 0
59 15 0
59 56 0
59 58 0
60 53 0
61 58 0
61 62 0
61 66 0
62 61 0
62 63 0
63 62 0
63 64 0
64 63 0
64 65 0
64 67 0
65 64 0
65 66 0
66 61 0
66 65 0
67 64 0
GraphDataEnd
GraphEnd
NodeEnd
NodeStart
EPTNodeID: 3
AnchorID: 7111
TreeNodeGraphID: 7
Level: 6
SimplifiedLevel: 0
EditOperation: 5 25 56 0 0
AccumulatedOpsCount: 3
AccumulatedOp: 4 57 58 0 0
AccumulatedOp: 5 54 58 0 0
AccumulatedOp: 5 25 56 0 0
ChildrenCount: 0
ChildIndices:
CompletedDBGraphIDsCount: 1
CompletedDBGraphID: 42190
GraphStart
GraphDataStart
ID: 7
NumNodes: 68
NumEdges: 160
NodeLabels
2 2 2 2 2 2 0 2 0 2 2 2 2 2 2 2 2 2 2 2 2 2 0 0 0 2 2 2 2 2 2 2 2 0 2 2 2 2 2 2 0 0 2 2 2 2 2 2 2 2 2 0 2 2 2 2 2 0 2 2 0 2 2 2 2 2 2 0 
Edges
0 1 0
0 5 0
1 0 0
1 2 0
1 6 0
2 1 0
2 3 0
3 2 0
3 4 0
4 3 0
4 5 0
4 7 0
5 0 0
5 4 0
6 1 0
7 4 0
7 8 0
7 11 0
8 7 0
8 9 0
9 8 0
9 10 0
9 12 0
10 9 0
10 11 0
10 15 0
11 7 0
11 10 0
11 16 0
12 9 0
12 13 0
13 12 0
13 14 0
13 24 0
14 13 0
14 15 0
14 26 0
15 10 0
15 14 0
15 59 0
16 11 0
16 17 0
16 21 0
17 16 0
17 18 0
18 17 0
18 19 0
18 22 0
19 18 0
19 20 0
20 19 0
20 21 0
20 23 0
21 16 0
21 20 0
22 18 0
23 20 0
24 13 0
25 26 0
25 27 0
25 56 0
26 14 0
26 25 0
26 34 0
27 25 0
27 28 0
27 32 0
28 27 0
28 29 0
29 28 0
29 30 0
30 29 0
30 31 0
30 33 0
31 30 0
31 32 0
32 27 0
32 31 0
33 30 0
34 26 0
34 35 0
34 39 0
35 34 0
35 36 0
36 35 0
36 37 0
36 40 0
37 36 0
37 38 0
38 37 0
38 39 0
38 41 0
39 34 0
39 38 0
39 43 0
40 36 0
41 38 0
41 42 0
42 41 0
42 43 0
42 45 0
43 39 0
43 42 0
43 44 0
44 52 0
44 56 0
44 43 0
45 42 0
45 46 0
45 50 0
46 45 0
46 47 0
47 46 0
47 48 0
48 47 0
48 49 0
48 51 0
49 48 0
49 50 0
50 45 0
50 49 0
51 48 0
52 44 0
52 53 0
53 52 0
53 54 0
53 60 0
54 53 0
54 55 0
54 58 0
55 54 0
55 56 0
55 57 0
56 44 0
56 55 0
56 59 0
56 25 0
57 55 0
58 59 0
58 61 0
58 54 0
59 15 0
59 56 0
59 58 0
60 53 0
61 58 0
61 62 0
61 66 0
62 61 0
62 63 0
63 62 0
63 64 0
64 63 0
64 65 0
64 67 0
65 64 0
65 66 0
66 61 0
66 65 0
67 64 0
GraphDataEnd
GraphEnd
NodeEnd
END_EPT
