BEGIN_EPT
AnchorID: 25099  # ID of the anchor node
RootIndex: 0  # Index of the root node in tree_nodes
NodeCount: 2  # Total number of nodes in the EPT
NodeStart
EPTNodeID: 0
AnchorID: 25099
TreeNodeGraphID: 0
Level: 0
SimplifiedLevel: 0
EditOperation: -1 0 -1 0 0
AccumulatedOpsCount: 0
ChildrenCount: 1
ChildIndices: 1
CompletedDBGraphIDsCount: 0
GraphStart
GraphDataStart
ID: 0
NumNodes: 87
NumEdges: 176
NodeLabels
2 2 2 2 2 3 2 0 3 2 2 0 3 2 2 2 2 2 2 2 0 2 2 2 0 3 2 0 3 2 2 0 3 2 2 2 3 2 3 3 2 2 2 2 2 2 0 3 2 2 2 2 2 2 0 3 2 2 2 2 2 2 0 3 2 2 0 3 2 2 2 3 2 3 3 2 2 0 0 2 2 2 2 2 2 2 0 
Edges
0 1 0
1 0 0
1 2 0
1 3 0
2 1 0
3 1 0
3 4 0
4 3 0
4 5 0
4 6 0
5 4 0
6 4 0
6 7 0
6 8 0
7 6 0
8 6 0
8 9 0
9 8 0
9 10 0
9 13 0
10 9 0
10 11 0
10 12 0
11 10 0
12 10 0
12 21 0
13 9 0
13 14 0
14 13 0
14 15 0
14 19 0
15 14 0
15 16 0
16 15 0
16 17 0
17 16 0
17 18 0
17 20 0
18 17 0
18 19 0
19 14 0
19 18 0
20 17 0
21 12 0
21 22 0
21 26 0
22 21 0
22 23 0
23 22 0
23 24 0
23 25 0
24 23 0
25 23 0
26 21 0
26 27 0
26 28 0
27 26 0
28 26 0
28 29 0
29 28 0
29 30 0
29 33 0
30 29 0
30 31 0
30 32 0
31 30 0
32 30 0
32 40 0
33 29 0
33 34 0
34 33 0
34 35 0
35 34 0
35 36 0
36 35 0
36 37 0
37 36 0
37 38 0
37 39 0
38 37 0
39 37 0
40 32 0
40 41 0
40 45 0
41 40 0
41 42 0
41 43 0
42 41 0
43 41 0
43 44 0
44 43 0
45 40 0
45 46 0
45 47 0
46 45 0
47 45 0
47 48 0
48 47 0
48 49 0
48 53 0
49 48 0
49 50 0
49 51 0
50 49 0
51 49 0
51 52 0
52 51 0
53 48 0
53 54 0
53 55 0
54 53 0
55 53 0
55 56 0
56 55 0
56 57 0
56 61 0
57 56 0
57 58 0
58 57 0
58 59 0
58 60 0
59 58 0
60 58 0
61 56 0
61 62 0
61 63 0
62 61 0
63 61 0
63 64 0
64 63 0
64 65 0
64 68 0
65 64 0
65 66 0
65 67 0
66 65 0
67 65 0
67 75 0
68 64 0
68 69 0
69 68 0
69 70 0
70 69 0
70 71 0
71 70 0
71 72 0
72 71 0
72 73 0
72 74 0
73 72 0
74 72 0
75 67 0
75 76 0
75 79 0
76 75 0
76 77 0
76 78 0
77 76 0
78 76 0
79 75 0
79 80 0
80 79 0
80 81 0
80 85 0
81 80 0
81 82 0
82 81 0
82 83 0
83 82 0
83 84 0
83 86 0
84 83 0
84 85 0
85 80 0
85 84 0
86 83 0
GraphDataEnd
GraphEnd
NodeEnd
NodeStart
EPTNodeID: 1
AnchorID: 25099
TreeNodeGraphID: 1
Level: 1
SimplifiedLevel: 0
EditOperation: 0 25 0 3 0
AccumulatedOpsCount: 1
AccumulatedOp: 0 25 0 3 0
ChildrenCount: 0
ChildIndices:
CompletedDBGraphIDsCount: 2
CompletedDBGraphID: 7409
CompletedDBGraphID: 21545
GraphStart
GraphDataStart
ID: 1
NumNodes: 87
NumEdges: 176
NodeLabels
2 2 2 2 2 3 2 0 3 2 2 0 3 2 2 2 2 2 2 2 0 2 2 2 0 0 2 0 3 2 2 0 3 2 2 2 3 2 3 3 2 2 2 2 2 2 0 3 2 2 2 2 2 2 0 3 2 2 2 2 2 2 0 3 2 2 0 3 2 2 2 3 2 3 3 2 2 0 0 2 2 2 2 2 2 2 0 
Edges
0 1 0
1 0 0
1 2 0
1 3 0
2 1 0
3 1 0
3 4 0
4 3 0
4 5 0
4 6 0
5 4 0
6 4 0
6 7 0
6 8 0
7 6 0
8 6 0
8 9 0
9 8 0
9 10 0
9 13 0
10 9 0
10 11 0
10 12 0
11 10 0
12 10 0
12 21 0
13 9 0
13 14 0
14 13 0
14 15 0
14 19 0
15 14 0
15 16 0
16 15 0
16 17 0
17 16 0
17 18 0
17 20 0
18 17 0
18 19 0
19 14 0
19 18 0
20 17 0
21 12 0
21 22 0
21 26 0
22 21 0
22 23 0
23 22 0
23 24 0
23 25 0
24 23 0
25 23 0
26 21 0
26 27 0
26 28 0
27 26 0
28 26 0
28 29 0
29 28 0
29 30 0
29 33 0
30 29 0
30 31 0
30 32 0
31 30 0
32 30 0
32 40 0
33 29 0
33 34 0
34 33 0
34 35 0
35 34 0
35 36 0
36 35 0
36 37 0
37 36 0
37 38 0
37 39 0
38 37 0
39 37 0
40 32 0
40 41 0
40 45 0
41 40 0
41 42 0
41 43 0
42 41 0
43 41 0
43 44 0
44 43 0
45 40 0
45 46 0
45 47 0
46 45 0
47 45 0
47 48 0
48 47 0
48 49 0
48 53 0
49 48 0
49 50 0
49 51 0
50 49 0
51 49 0
51 52 0
52 51 0
53 48 0
53 54 0
53 55 0
54 53 0
55 53 0
55 56 0
56 55 0
56 57 0
56 61 0
57 56 0
57 58 0
58 57 0
58 59 0
58 60 0
59 58 0
60 58 0
61 56 0
61 62 0
61 63 0
62 61 0
63 61 0
63 64 0
64 63 0
64 65 0
64 68 0
65 64 0
65 66 0
65 67 0
66 65 0
67 65 0
67 75 0
68 64 0
68 69 0
69 68 0
69 70 0
70 69 0
70 71 0
71 70 0
71 72 0
72 71 0
72 73 0
72 74 0
73 72 0
74 72 0
75 67 0
75 76 0
75 79 0
76 75 0
76 77 0
76 78 0
77 76 0
78 76 0
79 75 0
79 80 0
80 79 0
80 81 0
80 85 0
81 80 0
81 82 0
82 81 0
82 83 0
83 82 0
83 84 0
83 86 0
84 83 0
84 85 0
85 80 0
85 84 0
86 83 0
GraphDataEnd
GraphEnd
NodeEnd
END_EPT
