BEGIN_EPT
AnchorID: 23766  # ID of the anchor node
RootIndex: 0  # Index of the root node in tree_nodes
NodeCount: 1  # Total number of nodes in the EPT
NodeStart
EPTNodeID: 0
AnchorID: 23766
TreeNodeGraphID: 0
Level: 0
SimplifiedLevel: 0
EditOperation: -1 0 -1 0 0
AccumulatedOpsCount: 0
ChildrenCount: 0
ChildIndices:
CompletedDBGraphIDsCount: 0
GraphStart
GraphDataStart
ID: 0
NumNodes: 140
NumEdges: 284
NodeLabels
2 0 2 2 2 0 2 2 0 2 3 2 0 2 2 0 2 2 2 0 2 2 3 3 3 3 2 0 2 2 2 2 0 2 2 0 2 2 2 2 0 0 2 0 2 0 2 2 2 2 0 2 2 2 0 2 2 2 0 2 2 2 0 2 3 3 3 3 3 2 2 2 0 2 2 2 2 2 2 0 1 2 3 2 2 0 2 0 2 2 0 3 2 0 2 2 2 0 2 2 0 2 2 2 0 2 2 3 3 3 3 2 3 2 2 3 2 2 2 2 2 2 3 3 3 3 3 0 2 2 0 3 0 1 3 3 3 2 0 2 
Edges
0 1 0
0 2 0
0 23 0
1 0 0
2 0 0
2 3 0
2 22 0
3 2 0
3 26 0
3 27 0
4 5 0
4 6 0
4 22 0
5 4 0
6 4 0
6 135 0
7 8 0
7 9 0
7 10 0
8 7 0
9 7 0
9 23 0
10 7 0
10 13 0
10 30 0
11 12 0
11 13 0
11 24 0
12 11 0
13 10 0
13 11 0
13 28 0
14 15 0
14 16 0
14 25 0
15 14 0
16 14 0
16 17 0
16 24 0
17 16 0
17 133 0
18 19 0
18 20 0
18 125 0
19 18 0
20 18 0
20 21 0
20 25 0
21 20 0
21 31 0
21 32 0
22 2 0
22 4 0
23 0 0
23 9 0
24 11 0
24 16 0
25 14 0
25 20 0
26 3 0
27 3 0
28 13 0
28 29 0
29 28 0
29 30 0
30 10 0
30 29 0
31 21 0
32 21 0
33 34 0
33 37 0
33 40 0
34 33 0
34 39 0
34 136 0
35 36 0
35 39 0
36 35 0
36 37 0
36 38 0
37 33 0
37 36 0
37 41 0
38 36 0
38 127 0
39 34 0
39 35 0
39 131 0
40 33 0
41 37 0
42 48 0
42 125 0
42 128 0
43 48 0
44 45 0
44 46 0
44 67 0
45 44 0
46 44 0
46 47 0
46 68 0
47 46 0
47 69 0
47 70 0
48 42 0
48 43 0
48 68 0
49 50 0
49 51 0
49 66 0
50 49 0
51 49 0
51 52 0
51 67 0
52 51 0
52 132 0
53 54 0
53 55 0
53 65 0
54 53 0
55 53 0
55 56 0
55 66 0
56 55 0
56 71 0
56 72 0
57 58 0
57 59 0
57 64 0
58 57 0
59 57 0
59 60 0
59 65 0
60 59 0
60 73 0
60 74 0
61 62 0
61 63 0
61 126 0
62 61 0
63 61 0
63 64 0
63 75 0
64 57 0
64 63 0
65 53 0
65 59 0
66 49 0
66 55 0
67 44 0
67 51 0
68 46 0
68 48 0
69 47 0
70 47 0
71 56 0
72 56 0
73 60 0
74 60 0
75 63 0
75 88 0
76 77 0
76 78 0
76 126 0
77 76 0
77 80 0
78 76 0
78 79 0
78 82 0
79 78 0
80 77 0
81 82 0
81 83 0
81 86 0
82 78 0
82 81 0
83 81 0
83 84 0
83 85 0
84 83 0
85 83 0
86 81 0
86 87 0
86 107 0
87 86 0
88 75 0
88 89 0
89 88 0
89 90 0
89 91 0
90 89 0
91 89 0
92 93 0
92 94 0
92 108 0
93 92 0
94 92 0
94 95 0
94 107 0
95 94 0
95 111 0
96 97 0
96 98 0
96 109 0
97 96 0
98 96 0
98 108 0
99 100 0
99 101 0
99 110 0
100 99 0
101 99 0
101 102 0
101 109 0
102 101 0
102 116 0
102 117 0
103 104 0
103 105 0
103 134 0
104 103 0
105 103 0
105 106 0
105 110 0
106 105 0
106 119 0
107 86 0
107 94 0
108 92 0
108 98 0
109 96 0
109 101 0
110 99 0
110 105 0
111 95 0
111 112 0
111 114 0
112 111 0
112 113 0
113 112 0
113 115 0
114 111 0
114 115 0
115 113 0
115 114 0
116 102 0
117 102 0
117 118 0
118 117 0
119 106 0
119 120 0
120 119 0
120 122 0
121 122 0
121 123 0
121 124 0
122 120 0
122 121 0
123 121 0
124 121 0
125 18 0
125 42 0
126 61 0
126 76 0
127 38 0
128 42 0
128 129 0
129 128 0
129 130 0
129 131 0
130 129 0
131 39 0
131 129 0
132 52 0
133 17 0
134 103 0
135 6 0
136 34 0
136 137 0
137 136 0
137 138 0
137 139 0
138 137 0
139 137 0
GraphDataEnd
GraphEnd
NodeEnd
END_EPT
