BEGIN_EPT
AnchorID: 13981  # ID of the anchor node
RootIndex: 0  # Index of the root node in tree_nodes
NodeCount: 1  # Total number of nodes in the EPT
NodeStart
EPTNodeID: 0
AnchorID: 13981
TreeNodeGraphID: 0
Level: 0
SimplifiedLevel: 0
EditOperation: -1 0 -1 0 0
AccumulatedOpsCount: 0
ChildrenCount: 0
ChildIndices:
CompletedDBGraphIDsCount: 0
GraphStart
GraphDataStart
ID: 0
NumNodes: 158
NumEdges: 332
NodeLabels
2 2 0 2 2 0 2 2 0 2 3 2 0 2 2 0 2 2 0 2 2 0 2 2 0 2 0 2 2 0 2 2 0 2 2 0 2 2 0 2 2 0 2 2 0 2 2 0 2 2 0 2 2 3 3 3 3 3 3 3 3 2 0 2 2 1 2 0 2 2 2 2 2 2 2 2 3 2 2 2 2 0 2 2 2 2 2 2 2 2 3 2 2 2 3 3 2 0 2 2 2 2 2 2 2 2 3 2 2 3 2 2 2 2 2 2 2 2 2 2 2 2 3 3 3 2 0 2 2 2 2 3 2 2 2 2 2 2 0 0 2 0 3 2 2 2 2 0 3 3 3 3 3 3 3 3 3 3 
Edges
0 1 0
0 2 0
0 59 0
1 0 0
1 60 0
1 64 0
2 0 0
3 4 0
3 5 0
3 58 0
4 3 0
4 59 0
4 146 0
5 3 0
6 7 0
6 8 0
6 57 0
7 6 0
7 58 0
7 66 0
8 6 0
9 10 0
9 11 0
9 12 0
10 9 0
10 14 0
10 79 0
11 9 0
11 57 0
11 132 0
12 9 0
13 14 0
13 15 0
13 56 0
14 10 0
14 13 0
14 77 0
15 13 0
16 17 0
16 18 0
16 55 0
17 16 0
17 56 0
17 80 0
18 16 0
19 20 0
19 21 0
19 54 0
20 19 0
20 55 0
20 133 0
21 19 0
22 23 0
22 24 0
22 53 0
23 22 0
23 54 0
23 134 0
24 22 0
25 26 0
25 52 0
25 148 0
26 25 0
27 28 0
27 29 0
27 149 0
28 27 0
28 135 0
28 148 0
29 27 0
30 31 0
30 32 0
30 150 0
31 30 0
31 149 0
32 30 0
33 34 0
33 35 0
33 151 0
34 33 0
34 150 0
35 33 0
36 37 0
36 38 0
36 152 0
37 36 0
37 136 0
37 151 0
38 36 0
39 40 0
39 41 0
39 153 0
40 39 0
40 107 0
40 152 0
41 39 0
42 43 0
42 44 0
42 154 0
43 42 0
43 110 0
43 153 0
44 42 0
45 46 0
45 47 0
45 155 0
46 45 0
46 114 0
46 154 0
47 45 0
48 49 0
48 50 0
48 156 0
49 48 0
49 143 0
49 155 0
50 48 0
51 125 0
51 127 0
51 156 0
52 25 0
52 53 0
52 96 0
53 22 0
53 52 0
54 19 0
54 23 0
55 16 0
55 20 0
56 13 0
56 17 0
57 6 0
57 11 0
58 3 0
58 7 0
59 0 0
59 4 0
60 1 0
60 61 0
61 60 0
61 62 0
61 63 0
62 61 0
63 61 0
64 1 0
64 65 0
65 64 0
66 7 0
66 67 0
67 66 0
68 69 0
68 71 0
68 132 0
69 68 0
69 76 0
70 71 0
70 72 0
70 76 0
71 68 0
71 70 0
71 75 0
72 70 0
72 73 0
73 72 0
73 74 0
74 73 0
74 75 0
75 71 0
75 74 0
76 69 0
76 70 0
77 14 0
77 78 0
78 77 0
78 79 0
79 10 0
79 78 0
80 17 0
80 81 0
81 80 0
82 83 0
82 85 0
82 133 0
83 82 0
83 90 0
84 85 0
84 86 0
84 90 0
85 82 0
85 84 0
85 89 0
86 84 0
86 87 0
87 86 0
87 88 0
88 87 0
88 89 0
89 85 0
89 88 0
90 83 0
90 84 0
91 92 0
91 94 0
91 134 0
92 91 0
92 95 0
93 94 0
93 95 0
94 91 0
94 93 0
95 92 0
95 93 0
96 52 0
96 97 0
97 96 0
98 99 0
98 101 0
98 135 0
99 98 0
99 106 0
100 101 0
100 102 0
100 106 0
101 98 0
101 100 0
101 105 0
102 100 0
102 103 0
103 102 0
103 104 0
104 103 0
104 105 0
105 101 0
105 104 0
106 99 0
106 100 0
107 40 0
107 108 0
108 107 0
108 140 0
109 113 0
110 43 0
110 111 0
111 110 0
111 112 0
112 111 0
112 113 0
113 109 0
113 112 0
114 46 0
114 115 0
115 114 0
115 116 0
115 120 0
116 115 0
116 117 0
117 116 0
117 118 0
118 117 0
118 119 0
119 118 0
119 120 0
120 115 0
120 119 0
121 122 0
121 123 0
121 124 0
122 121 0
123 121 0
123 145 0
124 121 0
125 51 0
125 126 0
125 131 0
126 125 0
127 51 0
127 128 0
128 127 0
128 129 0
129 128 0
129 130 0
130 129 0
130 157 0
131 125 0
132 11 0
132 68 0
133 20 0
133 82 0
134 23 0
134 91 0
135 28 0
135 98 0
136 37 0
136 137 0
137 136 0
137 138 0
137 139 0
138 137 0
139 137 0
140 108 0
140 141 0
140 142 0
141 140 0
142 140 0
143 49 0
143 144 0
144 143 0
144 145 0
145 123 0
145 144 0
146 4 0
146 147 0
147 146 0
148 25 0
148 28 0
149 27 0
149 31 0
150 30 0
150 34 0
151 33 0
151 37 0
152 36 0
152 40 0
153 39 0
153 43 0
154 42 0
154 46 0
155 45 0
155 49 0
156 48 0
156 51 0
157 130 0
GraphDataEnd
GraphEnd
NodeEnd
END_EPT
