BEGIN_EPT
AnchorID: 35822  # ID of the anchor node
RootIndex: 0  # Index of the root node in tree_nodes
NodeCount: 2  # Total number of nodes in the EPT
NodeStart
EPTNodeID: 0
AnchorID: 35822
TreeNodeGraphID: 0
Level: 0
SimplifiedLevel: 0
EditOperation: -1 0 -1 0 0
AccumulatedOpsCount: 0
ChildrenCount: 1
ChildIndices: 1
CompletedDBGraphIDsCount: 0
GraphStart
GraphDataStart
ID: 0
NumNodes: 72
NumEdges: 154
NodeLabels
11 12 12 12 12 12 12 32 11 11 11 11 2 2 2 2 2 2 2 2 2 2 2 2 2 2 2 2 2 2 2 2 2 2 2 2 2 2 2 2 2 2 2 2 2 2 2 2 2 2 2 2 2 2 2 2 2 2 2 2 2 2 2 2 2 2 2 11 11 2 2 2 
Edges
0 1 0
0 2 0
0 3 0
0 4 0
0 5 0
0 6 0
1 0 0
2 0 0
3 0 0
4 0 0
5 0 0
6 0 0
8 38 0
8 39 0
8 46 0
9 12 0
9 18 0
9 70 0
10 31 0
10 65 0
10 69 0
11 30 0
11 51 0
11 71 0
12 9 0
12 13 0
12 17 0
13 12 0
13 14 0
14 13 0
14 15 0
15 14 0
15 16 0
16 15 0
16 17 0
17 12 0
17 16 0
18 9 0
18 19 0
18 23 0
19 18 0
19 20 0
20 19 0
20 21 0
21 20 0
21 22 0
22 21 0
22 23 0
23 18 0
23 22 0
24 25 0
24 29 0
24 67 0
25 24 0
25 26 0
26 25 0
26 27 0
27 26 0
27 28 0
28 27 0
28 29 0
29 24 0
29 28 0
30 11 0
30 31 0
31 10 0
31 30 0
32 33 0
32 37 0
33 32 0
33 34 0
34 33 0
34 35 0
34 67 0
35 34 0
35 36 0
36 35 0
36 37 0
37 32 0
37 36 0
38 8 0
38 69 0
39 8 0
39 40 0
39 44 0
40 39 0
40 41 0
41 40 0
41 42 0
42 41 0
42 43 0
43 42 0
43 44 0
44 39 0
44 43 0
45 46 0
45 50 0
46 8 0
46 45 0
46 47 0
47 46 0
47 48 0
48 47 0
48 49 0
49 48 0
49 50 0
50 45 0
50 49 0
51 11 0
51 52 0
52 51 0
52 67 0
53 54 0
53 58 0
53 68 0
54 53 0
54 55 0
55 54 0
55 56 0
56 55 0
56 57 0
57 56 0
57 58 0
58 53 0
58 57 0
59 60 0
59 64 0
60 59 0
60 61 0
61 60 0
61 62 0
61 68 0
62 61 0
62 63 0
63 62 0
63 64 0
64 59 0
64 63 0
65 10 0
65 66 0
66 65 0
66 68 0
67 24 0
67 34 0
67 52 0
68 53 0
68 61 0
68 66 0
69 10 0
69 38 0
70 9 0
70 71 0
71 11 0
71 70 0
GraphDataEnd
GraphEnd
NodeEnd
NodeStart
EPTNodeID: 1
AnchorID: 35822
TreeNodeGraphID: 3
Level: 3
SimplifiedLevel: 0
EditOperation: 2 73 0 0 4
AccumulatedOpsCount: 3
AccumulatedOp: 0 7 0 32 33
AccumulatedOp: 2 72 0 0 4
AccumulatedOp: 2 73 0 0 4
ChildrenCount: 0
ChildIndices:
CompletedDBGraphIDsCount: 1
CompletedDBGraphID: 35921
GraphStart
GraphDataStart
ID: 3
NumNodes: 74
NumEdges: 154
NodeLabels
11 12 12 12 12 12 12 33 11 11 11 11 2 2 2 2 2 2 2 2 2 2 2 2 2 2 2 2 2 2 2 2 2 2 2 2 2 2 2 2 2 2 2 2 2 2 2 2 2 2 2 2 2 2 2 2 2 2 2 2 2 2 2 2 2 2 2 11 11 2 2 2 4 4 
Edges
0 1 0
0 2 0
0 3 0
0 4 0
0 5 0
0 6 0
1 0 0
2 0 0
3 0 0
4 0 0
5 0 0
6 0 0
8 38 0
8 39 0
8 46 0
9 12 0
9 18 0
9 70 0
10 31 0
10 65 0
10 69 0
11 30 0
11 51 0
11 71 0
12 9 0
12 13 0
12 17 0
13 12 0
13 14 0
14 13 0
14 15 0
15 14 0
15 16 0
16 15 0
16 17 0
17 12 0
17 16 0
18 9 0
18 19 0
18 23 0
19 18 0
19 20 0
20 19 0
20 21 0
21 20 0
21 22 0
22 21 0
22 23 0
23 18 0
23 22 0
24 25 0
24 29 0
24 67 0
25 24 0
25 26 0
26 25 0
26 27 0
27 26 0
27 28 0
28 27 0
28 29 0
29 24 0
29 28 0
30 11 0
30 31 0
31 10 0
31 30 0
32 33 0
32 37 0
33 32 0
33 34 0
34 33 0
34 35 0
34 67 0
35 34 0
35 36 0
36 35 0
36 37 0
37 32 0
37 36 0
38 8 0
38 69 0
39 8 0
39 40 0
39 44 0
40 39 0
40 41 0
41 40 0
41 42 0
42 41 0
42 43 0
43 42 0
43 44 0
44 39 0
44 43 0
45 46 0
45 50 0
46 8 0
46 45 0
46 47 0
47 46 0
47 48 0
48 47 0
48 49 0
49 48 0
49 50 0
50 45 0
50 49 0
51 11 0
51 52 0
52 51 0
52 67 0
53 54 0
53 58 0
53 68 0
54 53 0
54 55 0
55 54 0
55 56 0
56 55 0
56 57 0
57 56 0
57 58 0
58 53 0
58 57 0
59 60 0
59 64 0
60 59 0
60 61 0
61 60 0
61 62 0
61 68 0
62 61 0
62 63 0
63 62 0
63 64 0
64 59 0
64 63 0
65 10 0
65 66 0
66 65 0
66 68 0
67 24 0
67 34 0
67 52 0
68 53 0
68 61 0
68 66 0
69 10 0
69 38 0
70 9 0
70 71 0
71 11 0
71 70 0
GraphDataEnd
GraphEnd
NodeEnd
END_EPT
