BEGIN_EPT
AnchorID: 36590  # ID of the anchor node
RootIndex: 0  # Index of the root node in tree_nodes
NodeCount: 2  # Total number of nodes in the EPT
NodeStart
EPTNodeID: 0
AnchorID: 36590
TreeNodeGraphID: 0
Level: 0
SimplifiedLevel: 0
EditOperation: -1 0 -1 0 0
AccumulatedOpsCount: 0
ChildrenCount: 1
ChildIndices: 1
CompletedDBGraphIDsCount: 0
GraphStart
GraphDataStart
ID: 0
NumNodes: 213
NumEdges: 494
NodeLabels
3 2 2 2 2 2 2 2 2 2 2 2 2 2 2 3 3 2 2 2 2 2 2 2 2 2 2 2 2 2 2 2 2 3 2 2 2 2 2 2 2 2 2 2 2 2 2 2 2 2 3 2 2 2 2 2 2 2 2 2 2 2 2 3 2 2 2 2 2 2 3 2 2 2 2 3 2 2 2 2 2 2 2 2 2 2 2 2 2 2 2 2 2 3 2 2 2 2 2 2 2 3 3 2 2 2 2 2 2 2 2 2 2 2 2 2 2 3 3 2 2 2 2 2 2 2 2 2 2 2 2 2 2 2 2 3 2 2 2 2 2 2 2 2 2 2 2 2 2 2 2 2 3 3 2 2 2 2 2 2 2 2 2 2 2 2 3 2 2 2 2 2 2 3 2 2 2 2 3 2 2 2 2 2 2 2 2 2 2 2 2 2 2 2 2 2 3 2 2 2 2 2 2 2 15 2 12 12 12 1 0 0 0 
Edges
0 1 0
0 5 0
0 204 0
1 0 0
1 2 0
2 1 0
2 3 0
3 2 0
3 4 0
3 6 0
4 3 0
4 5 0
5 0 0
5 4 0
6 3 0
6 7 0
6 11 0
7 6 0
7 10 0
7 16 0
8 9 0
8 16 0
8 17 0
9 8 0
9 10 0
10 7 0
10 9 0
11 6 0
11 12 0
11 15 0
12 11 0
12 13 0
13 12 0
13 14 0
14 13 0
14 15 0
14 42 0
15 11 0
15 14 0
16 7 0
16 8 0
17 8 0
17 18 0
17 32 0
18 17 0
18 19 0
18 23 0
19 18 0
19 20 0
20 19 0
20 21 0
21 20 0
21 22 0
21 24 0
22 21 0
22 23 0
23 18 0
23 22 0
24 21 0
25 26 0
25 28 0
26 25 0
26 27 0
27 26 0
27 34 0
27 101 0
28 25 0
28 42 0
28 101 0
29 30 0
29 33 0
29 34 0
30 29 0
30 31 0
31 30 0
31 32 0
32 17 0
32 31 0
32 33 0
33 29 0
33 32 0
34 27 0
34 29 0
34 35 0
35 34 0
35 36 0
35 40 0
36 35 0
36 37 0
37 36 0
37 38 0
38 37 0
38 39 0
38 41 0
39 38 0
39 40 0
40 35 0
40 39 0
41 38 0
42 14 0
42 28 0
42 43 0
43 42 0
43 44 0
43 48 0
44 43 0
44 45 0
45 44 0
45 46 0
46 45 0
46 47 0
46 49 0
47 46 0
47 48 0
48 43 0
48 47 0
49 46 0
50 51 0
50 55 0
50 204 0
51 50 0
51 52 0
52 51 0
52 53 0
53 52 0
53 54 0
53 56 0
54 53 0
54 55 0
55 50 0
55 54 0
56 53 0
56 60 0
56 62 0
57 58 0
57 60 0
58 57 0
58 59 0
59 58 0
59 75 0
59 85 0
60 56 0
60 57 0
60 75 0
61 62 0
61 65 0
62 56 0
62 61 0
62 63 0
63 62 0
63 64 0
64 63 0
64 65 0
64 76 0
65 61 0
65 64 0
66 67 0
66 70 0
66 85 0
67 66 0
67 68 0
68 67 0
68 69 0
69 68 0
69 70 0
69 77 0
70 66 0
70 69 0
71 72 0
71 77 0
71 93 0
72 71 0
72 73 0
73 72 0
73 74 0
74 73 0
74 76 0
74 93 0
75 59 0
75 60 0
76 64 0
76 74 0
76 94 0
77 69 0
77 71 0
77 78 0
78 77 0
78 79 0
78 83 0
79 78 0
79 80 0
80 79 0
80 81 0
81 80 0
81 82 0
81 84 0
82 81 0
82 83 0
83 78 0
83 82 0
84 81 0
85 59 0
85 66 0
85 86 0
86 85 0
86 87 0
86 91 0
87 86 0
87 88 0
88 87 0
88 89 0
89 88 0
89 90 0
89 92 0
90 89 0
90 91 0
91 86 0
91 90 0
92 89 0
93 71 0
93 74 0
94 76 0
94 95 0
94 99 0
95 94 0
95 96 0
96 95 0
96 97 0
97 96 0
97 98 0
97 100 0
98 97 0
98 99 0
99 94 0
99 98 0
100 97 0
101 27 0
101 28 0
102 103 0
102 107 0
102 204 0
103 102 0
103 104 0
104 103 0
104 105 0
105 104 0
105 106 0
105 108 0
106 105 0
106 107 0
107 102 0
107 106 0
108 105 0
108 109 0
108 113 0
109 108 0
109 112 0
109 118 0
110 111 0
110 118 0
110 119 0
111 110 0
111 112 0
112 109 0
112 111 0
113 108 0
113 114 0
113 117 0
114 113 0
114 115 0
115 114 0
115 116 0
116 115 0
116 117 0
116 144 0
117 113 0
117 116 0
118 109 0
118 110 0
119 110 0
119 120 0
119 134 0
120 119 0
120 121 0
120 125 0
121 120 0
121 122 0
122 121 0
122 123 0
123 122 0
123 124 0
123 126 0
124 123 0
124 125 0
125 120 0
125 124 0
126 123 0
127 128 0
127 130 0
128 127 0
128 129 0
129 128 0
129 136 0
129 152 0
130 127 0
130 144 0
130 152 0
131 132 0
131 135 0
131 136 0
132 131 0
132 133 0
133 132 0
133 134 0
134 119 0
134 133 0
134 135 0
135 131 0
135 134 0
136 129 0
136 131 0
136 137 0
137 136 0
137 138 0
137 142 0
138 137 0
138 139 0
139 138 0
139 140 0
140 139 0
140 141 0
140 143 0
141 140 0
141 142 0
142 137 0
142 141 0
143 140 0
144 116 0
144 130 0
144 145 0
145 144 0
145 146 0
145 150 0
146 145 0
146 147 0
147 146 0
147 148 0
148 147 0
148 149 0
148 151 0
149 148 0
149 150 0
150 145 0
150 149 0
151 148 0
152 129 0
152 130 0
153 154 0
153 158 0
153 204 0
154 153 0
154 155 0
155 154 0
155 156 0
156 155 0
156 157 0
156 159 0
157 156 0
157 158 0
158 153 0
158 157 0
159 156 0
159 163 0
159 165 0
160 161 0
160 163 0
161 160 0
161 162 0
162 161 0
162 178 0
162 188 0
163 159 0
163 160 0
163 178 0
164 165 0
164 168 0
165 159 0
165 164 0
165 166 0
166 165 0
166 167 0
167 166 0
167 168 0
167 179 0
168 164 0
168 167 0
169 170 0
169 173 0
169 188 0
170 169 0
170 171 0
171 170 0
171 172 0
172 171 0
172 173 0
172 180 0
173 169 0
173 172 0
174 175 0
174 180 0
174 196 0
175 174 0
175 176 0
176 175 0
176 177 0
177 176 0
177 179 0
177 196 0
178 162 0
178 163 0
179 167 0
179 177 0
179 197 0
180 172 0
180 174 0
180 181 0
181 180 0
181 182 0
181 186 0
182 181 0
182 183 0
183 182 0
183 184 0
184 183 0
184 185 0
184 187 0
185 184 0
185 186 0
186 181 0
186 185 0
187 184 0
188 162 0
188 169 0
188 189 0
189 188 0
189 190 0
189 194 0
190 189 0
190 191 0
191 190 0
191 192 0
192 191 0
192 193 0
192 195 0
193 192 0
193 194 0
194 189 0
194 193 0
195 192 0
196 174 0
196 177 0
197 179 0
197 198 0
197 202 0
198 197 0
198 199 0
199 198 0
199 200 0
200 199 0
200 201 0
200 203 0
201 200 0
201 202 0
202 197 0
202 201 0
203 200 0
204 0 0
204 50 0
204 102 0
204 153 0
205 206 0
205 207 0
205 208 0
205 209 0
206 205 0
207 205 0
208 205 0
209 205 0
209 210 0
209 211 0
209 212 0
210 209 0
211 209 0
212 209 0
GraphDataEnd
GraphEnd
NodeEnd
NodeStart
EPTNodeID: 1
AnchorID: 36590
TreeNodeGraphID: 1
Level: 1
SimplifiedLevel: 0
EditOperation: 0 204 0 15 17
AccumulatedOpsCount: 1
AccumulatedOp: 0 204 0 15 17
ChildrenCount: 0
ChildIndices:
CompletedDBGraphIDsCount: 1
CompletedDBGraphID: 32678
GraphStart
GraphDataStart
ID: 1
NumNodes: 213
NumEdges: 494
NodeLabels
3 2 2 2 2 2 2 2 2 2 2 2 2 2 2 3 3 2 2 2 2 2 2 2 2 2 2 2 2 2 2 2 2 3 2 2 2 2 2 2 2 2 2 2 2 2 2 2 2 2 3 2 2 2 2 2 2 2 2 2 2 2 2 3 2 2 2 2 2 2 3 2 2 2 2 3 2 2 2 2 2 2 2 2 2 2 2 2 2 2 2 2 2 3 2 2 2 2 2 2 2 3 3 2 2 2 2 2 2 2 2 2 2 2 2 2 2 3 3 2 2 2 2 2 2 2 2 2 2 2 2 2 2 2 2 3 2 2 2 2 2 2 2 2 2 2 2 2 2 2 2 2 3 3 2 2 2 2 2 2 2 2 2 2 2 2 3 2 2 2 2 2 2 3 2 2 2 2 3 2 2 2 2 2 2 2 2 2 2 2 2 2 2 2 2 2 3 2 2 2 2 2 2 2 17 2 12 12 12 1 0 0 0 
Edges
0 1 0
0 5 0
0 204 0
1 0 0
1 2 0
2 1 0
2 3 0
3 2 0
3 4 0
3 6 0
4 3 0
4 5 0
5 0 0
5 4 0
6 3 0
6 7 0
6 11 0
7 6 0
7 10 0
7 16 0
8 9 0
8 16 0
8 17 0
9 8 0
9 10 0
10 7 0
10 9 0
11 6 0
11 12 0
11 15 0
12 11 0
12 13 0
13 12 0
13 14 0
14 13 0
14 15 0
14 42 0
15 11 0
15 14 0
16 7 0
16 8 0
17 8 0
17 18 0
17 32 0
18 17 0
18 19 0
18 23 0
19 18 0
19 20 0
20 19 0
20 21 0
21 20 0
21 22 0
21 24 0
22 21 0
22 23 0
23 18 0
23 22 0
24 21 0
25 26 0
25 28 0
26 25 0
26 27 0
27 26 0
27 34 0
27 101 0
28 25 0
28 42 0
28 101 0
29 30 0
29 33 0
29 34 0
30 29 0
30 31 0
31 30 0
31 32 0
32 17 0
32 31 0
32 33 0
33 29 0
33 32 0
34 27 0
34 29 0
34 35 0
35 34 0
35 36 0
35 40 0
36 35 0
36 37 0
37 36 0
37 38 0
38 37 0
38 39 0
38 41 0
39 38 0
39 40 0
40 35 0
40 39 0
41 38 0
42 14 0
42 28 0
42 43 0
43 42 0
43 44 0
43 48 0
44 43 0
44 45 0
45 44 0
45 46 0
46 45 0
46 47 0
46 49 0
47 46 0
47 48 0
48 43 0
48 47 0
49 46 0
50 51 0
50 55 0
50 204 0
51 50 0
51 52 0
52 51 0
52 53 0
53 52 0
53 54 0
53 56 0
54 53 0
54 55 0
55 50 0
55 54 0
56 53 0
56 60 0
56 62 0
57 58 0
57 60 0
58 57 0
58 59 0
59 58 0
59 75 0
59 85 0
60 56 0
60 57 0
60 75 0
61 62 0
61 65 0
62 56 0
62 61 0
62 63 0
63 62 0
63 64 0
64 63 0
64 65 0
64 76 0
65 61 0
65 64 0
66 67 0
66 70 0
66 85 0
67 66 0
67 68 0
68 67 0
68 69 0
69 68 0
69 70 0
69 77 0
70 66 0
70 69 0
71 72 0
71 77 0
71 93 0
72 71 0
72 73 0
73 72 0
73 74 0
74 73 0
74 76 0
74 93 0
75 59 0
75 60 0
76 64 0
76 74 0
76 94 0
77 69 0
77 71 0
77 78 0
78 77 0
78 79 0
78 83 0
79 78 0
79 80 0
80 79 0
80 81 0
81 80 0
81 82 0
81 84 0
82 81 0
82 83 0
83 78 0
83 82 0
84 81 0
85 59 0
85 66 0
85 86 0
86 85 0
86 87 0
86 91 0
87 86 0
87 88 0
88 87 0
88 89 0
89 88 0
89 90 0
89 92 0
90 89 0
90 91 0
91 86 0
91 90 0
92 89 0
93 71 0
93 74 0
94 76 0
94 95 0
94 99 0
95 94 0
95 96 0
96 95 0
96 97 0
97 96 0
97 98 0
97 100 0
98 97 0
98 99 0
99 94 0
99 98 0
100 97 0
101 27 0
101 28 0
102 103 0
102 107 0
102 204 0
103 102 0
103 104 0
104 103 0
104 105 0
105 104 0
105 106 0
105 108 0
106 105 0
106 107 0
107 102 0
107 106 0
108 105 0
108 109 0
108 113 0
109 108 0
109 112 0
109 118 0
110 111 0
110 118 0
110 119 0
111 110 0
111 112 0
112 109 0
112 111 0
113 108 0
113 114 0
113 117 0
114 113 0
114 115 0
115 114 0
115 116 0
116 115 0
116 117 0
116 144 0
117 113 0
117 116 0
118 109 0
118 110 0
119 110 0
119 120 0
119 134 0
120 119 0
120 121 0
120 125 0
121 120 0
121 122 0
122 121 0
122 123 0
123 122 0
123 124 0
123 126 0
124 123 0
124 125 0
125 120 0
125 124 0
126 123 0
127 128 0
127 130 0
128 127 0
128 129 0
129 128 0
129 136 0
129 152 0
130 127 0
130 144 0
130 152 0
131 132 0
131 135 0
131 136 0
132 131 0
132 133 0
133 132 0
133 134 0
134 119 0
134 133 0
134 135 0
135 131 0
135 134 0
136 129 0
136 131 0
136 137 0
137 136 0
137 138 0
137 142 0
138 137 0
138 139 0
139 138 0
139 140 0
140 139 0
140 141 0
140 143 0
141 140 0
141 142 0
142 137 0
142 141 0
143 140 0
144 116 0
144 130 0
144 145 0
145 144 0
145 146 0
145 150 0
146 145 0
146 147 0
147 146 0
147 148 0
148 147 0
148 149 0
148 151 0
149 148 0
149 150 0
150 145 0
150 149 0
151 148 0
152 129 0
152 130 0
153 154 0
153 158 0
153 204 0
154 153 0
154 155 0
155 154 0
155 156 0
156 155 0
156 157 0
156 159 0
157 156 0
157 158 0
158 153 0
158 157 0
159 156 0
159 163 0
159 165 0
160 161 0
160 163 0
161 160 0
161 162 0
162 161 0
162 178 0
162 188 0
163 159 0
163 160 0
163 178 0
164 165 0
164 168 0
165 159 0
165 164 0
165 166 0
166 165 0
166 167 0
167 166 0
167 168 0
167 179 0
168 164 0
168 167 0
169 170 0
169 173 0
169 188 0
170 169 0
170 171 0
171 170 0
171 172 0
172 171 0
172 173 0
172 180 0
173 169 0
173 172 0
174 175 0
174 180 0
174 196 0
175 174 0
175 176 0
176 175 0
176 177 0
177 176 0
177 179 0
177 196 0
178 162 0
178 163 0
179 167 0
179 177 0
179 197 0
180 172 0
180 174 0
180 181 0
181 180 0
181 182 0
181 186 0
182 181 0
182 183 0
183 182 0
183 184 0
184 183 0
184 185 0
184 187 0
185 184 0
185 186 0
186 181 0
186 185 0
187 184 0
188 162 0
188 169 0
188 189 0
189 188 0
189 190 0
189 194 0
190 189 0
190 191 0
191 190 0
191 192 0
192 191 0
192 193 0
192 195 0
193 192 0
193 194 0
194 189 0
194 193 0
195 192 0
196 174 0
196 177 0
197 179 0
197 198 0
197 202 0
198 197 0
198 199 0
199 198 0
199 200 0
200 199 0
200 201 0
200 203 0
201 200 0
201 202 0
202 197 0
202 201 0
203 200 0
204 0 0
204 50 0
204 102 0
204 153 0
205 206 0
205 207 0
205 208 0
205 209 0
206 205 0
207 205 0
208 205 0
209 205 0
209 210 0
209 211 0
209 212 0
210 209 0
211 209 0
212 209 0
GraphDataEnd
GraphEnd
NodeEnd
END_EPT
