BEGIN_EPT
AnchorID: 34423  # ID of the anchor node
RootIndex: 0  # Index of the root node in tree_nodes
NodeCount: 4  # Total number of nodes in the EPT
NodeStart
EPTNodeID: 0
AnchorID: 34423
TreeNodeGraphID: 0
Level: 0
SimplifiedLevel: 0
EditOperation: -1 0 -1 0 0
AccumulatedOpsCount: 0
ChildrenCount: 1
ChildIndices: 1
CompletedDBGraphIDsCount: 0
GraphStart
GraphDataStart
ID: 0
NumNodes: 63
NumEdges: 134
NodeLabels
2 2 2 2 2 2 2 3 2 2 2 2 2 2 2 2 2 2 2 2 2 2 2 2 2 2 2 2 2 3 2 2 2 0 2 2 2 0 0 3 1 0 0 0 1 0 0 0 3 0 2 1 2 2 0 0 2 1 2 2 0 0 31 
Edges
0 1 0
0 5 0
0 38 0
1 0 0
1 2 0
1 7 0
2 1 0
2 3 0
2 6 0
3 2 0
3 4 0
3 56 0
4 3 0
4 5 0
5 0 0
5 4 0
5 32 0
6 2 0
6 9 0
7 1 0
7 8 0
8 7 0
8 9 0
9 6 0
9 8 0
10 11 0
10 27 0
10 50 0
11 10 0
11 12 0
12 11 0
12 13 0
12 36 0
13 12 0
13 28 0
13 49 0
14 15 0
14 19 0
15 14 0
15 16 0
16 15 0
16 17 0
16 35 0
17 16 0
17 18 0
17 44 0
18 17 0
18 19 0
19 14 0
19 18 0
19 48 0
20 21 0
20 25 0
20 40 0
21 20 0
21 22 0
22 21 0
22 23 0
22 39 0
23 22 0
23 24 0
24 23 0
24 25 0
25 20 0
25 24 0
25 34 0
26 27 0
26 31 0
27 10 0
27 26 0
27 28 0
28 13 0
28 27 0
28 29 0
29 28 0
29 30 0
30 29 0
30 31 0
31 26 0
31 30 0
32 5 0
32 33 0
32 39 0
33 32 0
34 25 0
34 35 0
35 16 0
35 34 0
36 12 0
36 37 0
36 48 0
37 36 0
38 0 0
39 22 0
39 32 0
40 20 0
40 41 0
40 42 0
40 43 0
41 40 0
42 40 0
43 40 0
44 17 0
44 45 0
44 46 0
44 47 0
45 44 0
46 44 0
47 44 0
48 19 0
48 36 0
49 13 0
50 10 0
50 51 0
51 50 0
51 52 0
52 51 0
52 53 0
53 52 0
53 54 0
53 55 0
54 53 0
55 53 0
56 3 0
56 57 0
57 56 0
57 58 0
58 57 0
58 59 0
59 58 0
59 60 0
59 61 0
60 59 0
61 59 0
GraphDataEnd
GraphEnd
NodeEnd
NodeStart
EPTNodeID: 1
AnchorID: 34423
TreeNodeGraphID: 6
Level: 6
SimplifiedLevel: 0
EditOperation: 5 59 64 0 0
AccumulatedOpsCount: 6
AccumulatedOp: 2 63 0 0 2
AccumulatedOp: 2 64 0 0 2
AccumulatedOp: 4 58 59 0 0
AccumulatedOp: 4 52 53 0 0
AccumulatedOp: 5 53 63 0 0
AccumulatedOp: 5 59 64 0 0
ChildrenCount: 2
ChildIndices: 2 3
CompletedDBGraphIDsCount: 0
GraphStart
GraphDataStart
ID: 6
NumNodes: 65
NumEdges: 134
NodeLabels
2 2 2 2 2 2 2 3 2 2 2 2 2 2 2 2 2 2 2 2 2 2 2 2 2 2 2 2 2 3 2 2 2 0 2 2 2 0 0 3 1 0 0 0 1 0 0 0 3 0 2 1 2 2 0 0 2 1 2 2 0 0 31 2 2 
Edges
0 1 0
0 5 0
0 38 0
1 0 0
1 2 0
1 7 0
2 1 0
2 3 0
2 6 0
3 2 0
3 4 0
3 56 0
4 3 0
4 5 0
5 0 0
5 4 0
5 32 0
6 2 0
6 9 0
7 1 0
7 8 0
8 7 0
8 9 0
9 6 0
9 8 0
10 11 0
10 27 0
10 50 0
11 10 0
11 12 0
12 11 0
12 13 0
12 36 0
13 12 0
13 28 0
13 49 0
14 15 0
14 19 0
15 14 0
15 16 0
16 15 0
16 17 0
16 35 0
17 16 0
17 18 0
17 44 0
18 17 0
18 19 0
19 14 0
19 18 0
19 48 0
20 21 0
20 25 0
20 40 0
21 20 0
21 22 0
22 21 0
22 23 0
22 39 0
23 22 0
23 24 0
24 23 0
24 25 0
25 20 0
25 24 0
25 34 0
26 27 0
26 31 0
27 10 0
27 26 0
27 28 0
28 13 0
28 27 0
28 29 0
29 28 0
29 30 0
30 29 0
30 31 0
31 26 0
31 30 0
32 5 0
32 33 0
32 39 0
33 32 0
34 25 0
34 35 0
35 16 0
35 34 0
36 12 0
36 37 0
36 48 0
37 36 0
38 0 0
39 22 0
39 32 0
40 20 0
40 41 0
40 42 0
40 43 0
41 40 0
42 40 0
43 40 0
44 17 0
44 45 0
44 46 0
44 47 0
45 44 0
46 44 0
47 44 0
48 19 0
48 36 0
49 13 0
50 10 0
50 51 0
51 50 0
51 52 0
52 51 0
53 54 0
53 55 0
53 63 0
54 53 0
55 53 0
56 3 0
56 57 0
57 56 0
57 58 0
58 57 0
59 60 0
59 61 0
59 64 0
60 59 0
61 59 0
63 53 0
64 59 0
GraphDataEnd
GraphEnd
NodeEnd
NodeStart
EPTNodeID: 2
AnchorID: 34423
TreeNodeGraphID: 8
Level: 8
SimplifiedLevel: 0
EditOperation: 5 52 64 0 0
AccumulatedOpsCount: 2
AccumulatedOp: 5 58 63 0 0
AccumulatedOp: 5 52 64 0 0
ChildrenCount: 0
ChildIndices:
CompletedDBGraphIDsCount: 1
CompletedDBGraphID: 24927
GraphStart
GraphDataStart
ID: 8
NumNodes: 65
NumEdges: 138
NodeLabels
2 2 2 2 2 2 2 3 2 2 2 2 2 2 2 2 2 2 2 2 2 2 2 2 2 2 2 2 2 3 2 2 2 0 2 2 2 0 0 3 1 0 0 0 1 0 0 0 3 0 2 1 2 2 0 0 2 1 2 2 0 0 31 2 2 
Edges
0 1 0
0 5 0
0 38 0
1 0 0
1 2 0
1 7 0
2 1 0
2 3 0
2 6 0
3 2 0
3 4 0
3 56 0
4 3 0
4 5 0
5 0 0
5 4 0
5 32 0
6 2 0
6 9 0
7 1 0
7 8 0
8 7 0
8 9 0
9 6 0
9 8 0
10 11 0
10 27 0
10 50 0
11 10 0
11 12 0
12 11 0
12 13 0
12 36 0
13 12 0
13 28 0
13 49 0
14 15 0
14 19 0
15 14 0
15 16 0
16 15 0
16 17 0
16 35 0
17 16 0
17 18 0
17 44 0
18 17 0
18 19 0
19 14 0
19 18 0
19 48 0
20 21 0
20 25 0
20 40 0
21 20 0
21 22 0
22 21 0
22 23 0
22 39 0
23 22 0
23 24 0
24 23 0
24 25 0
25 20 0
25 24 0
25 34 0
26 27 0
26 31 0
27 10 0
27 26 0
27 28 0
28 13 0
28 27 0
28 29 0
29 28 0
29 30 0
30 29 0
30 31 0
31 26 0
31 30 0
32 5 0
32 33 0
32 39 0
33 32 0
34 25 0
34 35 0
35 16 0
35 34 0
36 12 0
36 37 0
36 48 0
37 36 0
38 0 0
39 22 0
39 32 0
40 20 0
40 41 0
40 42 0
40 43 0
41 40 0
42 40 0
43 40 0
44 17 0
44 45 0
44 46 0
44 47 0
45 44 0
46 44 0
47 44 0
48 19 0
48 36 0
49 13 0
50 10 0
50 51 0
51 50 0
51 52 0
52 51 0
52 64 0
53 54 0
53 55 0
53 63 0
54 53 0
55 53 0
56 3 0
56 57 0
57 56 0
57 58 0
58 57 0
58 63 0
59 60 0
59 61 0
59 64 0
60 59 0
61 59 0
63 53 0
63 58 0
64 59 0
64 52 0
GraphDataEnd
GraphEnd
NodeEnd
NodeStart
EPTNodeID: 3
AnchorID: 34423
TreeNodeGraphID: 12
Level: 10
SimplifiedLevel: 0
EditOperation: 5 58 64 0 0
AccumulatedOpsCount: 4
AccumulatedOp: 0 29 0 3 2
AccumulatedOp: 0 7 0 3 2
AccumulatedOp: 5 52 63 0 0
AccumulatedOp: 5 58 64 0 0
ChildrenCount: 0
ChildIndices:
CompletedDBGraphIDsCount: 1
CompletedDBGraphID: 24242
GraphStart
GraphDataStart
ID: 12
NumNodes: 65
NumEdges: 138
NodeLabels
2 2 2 2 2 2 2 2 2 2 2 2 2 2 2 2 2 2 2 2 2 2 2 2 2 2 2 2 2 2 2 2 2 0 2 2 2 0 0 3 1 0 0 0 1 0 0 0 3 0 2 1 2 2 0 0 2 1 2 2 0 0 31 2 2 
Edges
0 1 0
0 5 0
0 38 0
1 0 0
1 2 0
1 7 0
2 1 0
2 3 0
2 6 0
3 2 0
3 4 0
3 56 0
4 3 0
4 5 0
5 0 0
5 4 0
5 32 0
6 2 0
6 9 0
7 1 0
7 8 0
8 7 0
8 9 0
9 6 0
9 8 0
10 11 0
10 27 0
10 50 0
11 10 0
11 12 0
12 11 0
12 13 0
12 36 0
13 12 0
13 28 0
13 49 0
14 15 0
14 19 0
15 14 0
15 16 0
16 15 0
16 17 0
16 35 0
17 16 0
17 18 0
17 44 0
18 17 0
18 19 0
19 14 0
19 18 0
19 48 0
20 21 0
20 25 0
20 40 0
21 20 0
21 22 0
22 21 0
22 23 0
22 39 0
23 22 0
23 24 0
24 23 0
24 25 0
25 20 0
25 24 0
25 34 0
26 27 0
26 31 0
27 10 0
27 26 0
27 28 0
28 13 0
28 27 0
28 29 0
29 28 0
29 30 0
30 29 0
30 31 0
31 26 0
31 30 0
32 5 0
32 33 0
32 39 0
33 32 0
34 25 0
34 35 0
35 16 0
35 34 0
36 12 0
36 37 0
36 48 0
37 36 0
38 0 0
39 22 0
39 32 0
40 20 0
40 41 0
40 42 0
40 43 0
41 40 0
42 40 0
43 40 0
44 17 0
44 45 0
44 46 0
44 47 0
45 44 0
46 44 0
47 44 0
48 19 0
48 36 0
49 13 0
50 10 0
50 51 0
51 50 0
51 52 0
52 51 0
52 63 0
53 54 0
53 55 0
53 63 0
54 53 0
55 53 0
56 3 0
56 57 0
57 56 0
57 58 0
58 57 0
58 64 0
59 60 0
59 61 0
59 64 0
60 59 0
61 59 0
63 53 0
63 52 0
64 59 0
64 58 0
GraphDataEnd
GraphEnd
NodeEnd
END_EPT
