BEGIN_EPT
AnchorID: 27678  # ID of the anchor node
RootIndex: 0  # Index of the root node in tree_nodes
NodeCount: 1  # Total number of nodes in the EPT
NodeStart
EPTNodeID: 0
AnchorID: 27678
TreeNodeGraphID: 0
Level: 0
SimplifiedLevel: 0
EditOperation: -1 0 -1 0 0
AccumulatedOpsCount: 0
ChildrenCount: 0
ChildIndices:
CompletedDBGraphIDsCount: 0
GraphStart
GraphDataStart
ID: 0
NumNodes: 108
NumEdges: 232
NodeLabels
2 2 0 2 2 2 2 2 2 2 2 2 0 2 2 2 2 2 2 2 2 2 0 1 2 2 2 0 2 2 2 2 2 2 2 2 3 2 2 2 0 2 2 2 2 2 2 0 2 2 2 2 0 1 2 2 2 0 2 2 3 3 3 3 3 3 3 3 3 3 2 0 0 2 2 2 2 2 2 2 2 0 0 2 2 2 2 2 2 2 0 2 2 2 2 2 2 2 0 2 2 2 2 2 2 2 2 0 
Edges
0 1 0
0 3 0
0 68 0
1 0 0
1 2 0
1 67 0
2 1 0
3 0 0
3 4 0
4 3 0
4 5 0
4 9 0
5 4 0
5 6 0
6 5 0
6 7 0
7 6 0
7 8 0
8 7 0
8 9 0
9 4 0
9 8 0
10 11 0
10 13 0
10 65 0
11 10 0
11 12 0
11 64 0
12 11 0
13 10 0
13 14 0
14 13 0
14 15 0
14 19 0
15 14 0
15 16 0
16 15 0
16 17 0
17 16 0
17 18 0
18 17 0
18 19 0
19 14 0
19 18 0
20 21 0
20 24 0
20 67 0
21 20 0
21 22 0
21 65 0
22 21 0
23 24 0
23 53 0
24 20 0
24 23 0
25 26 0
25 37 0
25 64 0
26 25 0
26 27 0
26 63 0
27 26 0
28 29 0
28 33 0
29 28 0
29 30 0
30 29 0
30 31 0
30 34 0
31 30 0
31 32 0
31 36 0
32 31 0
32 33 0
33 28 0
33 32 0
34 30 0
34 35 0
34 37 0
35 34 0
35 36 0
36 31 0
36 35 0
36 106 0
37 25 0
37 34 0
38 39 0
38 41 0
38 63 0
39 38 0
39 40 0
39 62 0
40 39 0
41 38 0
41 42 0
42 41 0
42 43 0
43 42 0
43 44 0
44 43 0
44 66 0
45 46 0
45 48 0
45 62 0
46 45 0
46 47 0
46 60 0
47 46 0
48 45 0
48 49 0
48 90 0
49 48 0
50 51 0
50 54 0
50 60 0
51 50 0
51 52 0
51 61 0
52 51 0
53 23 0
53 54 0
54 50 0
54 53 0
55 56 0
55 58 0
55 61 0
56 55 0
56 57 0
56 69 0
57 56 0
58 55 0
58 59 0
58 98 0
59 58 0
60 46 0
60 50 0
61 51 0
61 55 0
62 39 0
62 45 0
63 26 0
63 38 0
64 11 0
64 25 0
65 10 0
65 21 0
66 44 0
66 80 0
67 1 0
67 20 0
68 0 0
68 70 0
69 56 0
70 68 0
70 71 0
70 72 0
71 70 0
72 70 0
72 73 0
73 72 0
73 74 0
74 73 0
74 75 0
74 79 0
75 74 0
75 76 0
76 75 0
76 77 0
77 76 0
77 78 0
78 77 0
78 79 0
79 74 0
79 78 0
80 66 0
80 81 0
80 82 0
81 80 0
82 80 0
82 83 0
83 82 0
83 84 0
84 83 0
84 85 0
84 89 0
85 84 0
85 86 0
86 85 0
86 87 0
87 86 0
87 88 0
88 87 0
88 89 0
89 84 0
89 88 0
90 48 0
90 91 0
91 90 0
91 92 0
92 91 0
92 93 0
92 97 0
93 92 0
93 94 0
94 93 0
94 95 0
95 94 0
95 96 0
96 95 0
96 97 0
97 92 0
97 96 0
98 58 0
98 99 0
99 98 0
99 100 0
100 99 0
100 101 0
100 105 0
101 100 0
101 102 0
102 101 0
102 103 0
103 102 0
103 104 0
104 103 0
104 105 0
105 100 0
105 104 0
106 36 0
106 107 0
107 106 0
GraphDataEnd
GraphEnd
NodeEnd
END_EPT
