BEGIN_EPT
AnchorID: 4933  # ID of the anchor node
RootIndex: 0  # Index of the root node in tree_nodes
NodeCount: 8  # Total number of nodes in the EPT
NodeStart
EPTNodeID: 0
AnchorID: 4933
TreeNodeGraphID: 0
Level: 0
SimplifiedLevel: 0
EditOperation: -1 0 -1 0 0
AccumulatedOpsCount: 0
ChildrenCount: 3
ChildIndices: 1 4 7
CompletedDBGraphIDsCount: 0
GraphStart
GraphDataStart
ID: 0
NumNodes: 59
NumEdges: 136
NodeLabels
2 2 2 3 2 0 0 0 3 2 2 2 2 2 2 2 2 2 2 2 2 2 2 2 2 2 3 2 0 0 0 3 2 2 2 2 2 2 2 2 2 2 2 2 2 2 2 2 2 2 2 2 2 2 2 2 2 2 2 
Edges
0 1 0
0 4 0
0 7 0
1 0 0
1 2 0
1 9 0
2 1 0
2 3 0
2 6 0
3 2 0
3 4 0
3 17 0
4 0 0
4 3 0
4 5 0
5 4 0
6 2 0
7 0 0
7 8 0
8 7 0
8 9 0
8 47 0
9 1 0
9 8 0
9 10 0
10 9 0
10 11 0
10 15 0
11 10 0
11 12 0
12 11 0
12 13 0
13 12 0
13 14 0
13 16 0
14 13 0
14 15 0
15 10 0
15 14 0
16 13 0
17 3 0
17 18 0
17 22 0
18 17 0
18 19 0
19 18 0
19 20 0
20 19 0
20 21 0
20 46 0
21 20 0
21 22 0
22 17 0
22 21 0
23 24 0
23 27 0
23 30 0
24 23 0
24 25 0
24 32 0
25 24 0
25 26 0
25 29 0
26 25 0
26 27 0
26 40 0
27 23 0
27 26 0
27 28 0
28 27 0
29 25 0
30 23 0
30 31 0
31 30 0
31 32 0
31 53 0
32 24 0
32 31 0
32 33 0
33 32 0
33 34 0
33 38 0
34 33 0
34 35 0
35 34 0
35 36 0
36 35 0
36 37 0
36 39 0
37 36 0
37 38 0
38 33 0
38 37 0
39 36 0
40 26 0
40 41 0
40 45 0
41 40 0
41 42 0
42 41 0
42 43 0
43 42 0
43 44 0
43 46 0
44 43 0
44 45 0
45 40 0
45 44 0
46 20 0
46 43 0
47 8 0
47 48 0
47 52 0
48 47 0
48 49 0
49 48 0
49 50 0
50 49 0
50 51 0
51 50 0
51 52 0
52 47 0
52 51 0
53 31 0
53 54 0
53 58 0
54 53 0
54 55 0
55 54 0
55 56 0
56 55 0
56 57 0
57 56 0
57 58 0
58 53 0
58 57 0
GraphDataEnd
GraphEnd
NodeEnd
NodeStart
EPTNodeID: 1
AnchorID: 4933
TreeNodeGraphID: 2
Level: 2
SimplifiedLevel: 0
EditOperation: 0 39 0 2 4
AccumulatedOpsCount: 2
AccumulatedOp: 0 16 0 2 4
AccumulatedOp: 0 39 0 2 4
ChildrenCount: 2
ChildIndices: 2 3
CompletedDBGraphIDsCount: 1
CompletedDBGraphID: 38899
GraphStart
GraphDataStart
ID: 2
NumNodes: 59
NumEdges: 136
NodeLabels
2 2 2 3 2 0 0 0 3 2 2 2 2 2 2 2 4 2 2 2 2 2 2 2 2 2 3 2 0 0 0 3 2 2 2 2 2 2 2 4 2 2 2 2 2 2 2 2 2 2 2 2 2 2 2 2 2 2 2 
Edges
0 1 0
0 4 0
0 7 0
1 0 0
1 2 0
1 9 0
2 1 0
2 3 0
2 6 0
3 2 0
3 4 0
3 17 0
4 0 0
4 3 0
4 5 0
5 4 0
6 2 0
7 0 0
7 8 0
8 7 0
8 9 0
8 47 0
9 1 0
9 8 0
9 10 0
10 9 0
10 11 0
10 15 0
11 10 0
11 12 0
12 11 0
12 13 0
13 12 0
13 14 0
13 16 0
14 13 0
14 15 0
15 10 0
15 14 0
16 13 0
17 3 0
17 18 0
17 22 0
18 17 0
18 19 0
19 18 0
19 20 0
20 19 0
20 21 0
20 46 0
21 20 0
21 22 0
22 17 0
22 21 0
23 24 0
23 27 0
23 30 0
24 23 0
24 25 0
24 32 0
25 24 0
25 26 0
25 29 0
26 25 0
26 27 0
26 40 0
27 23 0
27 26 0
27 28 0
28 27 0
29 25 0
30 23 0
30 31 0
31 30 0
31 32 0
31 53 0
32 24 0
32 31 0
32 33 0
33 32 0
33 34 0
33 38 0
34 33 0
34 35 0
35 34 0
35 36 0
36 35 0
36 37 0
36 39 0
37 36 0
37 38 0
38 33 0
38 37 0
39 36 0
40 26 0
40 41 0
40 45 0
41 40 0
41 42 0
42 41 0
42 43 0
43 42 0
43 44 0
43 46 0
44 43 0
44 45 0
45 40 0
45 44 0
46 20 0
46 43 0
47 8 0
47 48 0
47 52 0
48 47 0
48 49 0
49 48 0
49 50 0
50 49 0
50 51 0
51 50 0
51 52 0
52 47 0
52 51 0
53 31 0
53 54 0
53 58 0
54 53 0
54 55 0
55 54 0
55 56 0
56 55 0
56 57 0
57 56 0
57 58 0
58 53 0
58 57 0
GraphDataEnd
GraphEnd
NodeEnd
NodeStart
EPTNodeID: 2
AnchorID: 4933
TreeNodeGraphID: 6
Level: 6
SimplifiedLevel: 0
EditOperation: 5 15 16 0 0
AccumulatedOpsCount: 4
AccumulatedOp: 5 32 37 0 0
AccumulatedOp: 4 13 16 0 0
AccumulatedOp: 4 32 33 0 0
AccumulatedOp: 5 15 16 0 0
ChildrenCount: 0
ChildIndices:
CompletedDBGraphIDsCount: 1
CompletedDBGraphID: 26528
GraphStart
GraphDataStart
ID: 6
NumNodes: 59
NumEdges: 136
NodeLabels
2 2 2 3 2 0 0 0 3 2 2 2 2 2 2 2 4 2 2 2 2 2 2 2 2 2 3 2 0 0 0 3 2 2 2 2 2 2 2 4 2 2 2 2 2 2 2 2 2 2 2 2 2 2 2 2 2 2 2 
Edges
0 1 0
0 4 0
0 7 0
1 0 0
1 2 0
1 9 0
2 1 0
2 3 0
2 6 0
3 2 0
3 4 0
3 17 0
4 0 0
4 3 0
4 5 0
5 4 0
6 2 0
7 0 0
7 8 0
8 7 0
8 9 0
8 47 0
9 1 0
9 8 0
9 10 0
10 9 0
10 11 0
10 15 0
11 10 0
11 12 0
12 11 0
12 13 0
13 12 0
13 14 0
14 13 0
14 15 0
15 10 0
15 14 0
15 16 0
16 15 0
17 3 0
17 18 0
17 22 0
18 17 0
18 19 0
19 18 0
19 20 0
20 19 0
20 21 0
20 46 0
21 20 0
21 22 0
22 17 0
22 21 0
23 24 0
23 27 0
23 30 0
24 23 0
24 25 0
24 32 0
25 24 0
25 26 0
25 29 0
26 25 0
26 27 0
26 40 0
27 23 0
27 26 0
27 28 0
28 27 0
29 25 0
30 23 0
30 31 0
31 30 0
31 32 0
31 53 0
32 24 0
32 31 0
32 37 0
33 34 0
33 38 0
34 33 0
34 35 0
35 34 0
35 36 0
36 35 0
36 37 0
36 39 0
37 36 0
37 38 0
37 32 0
38 33 0
38 37 0
39 36 0
40 26 0
40 41 0
40 45 0
41 40 0
41 42 0
42 41 0
42 43 0
43 42 0
43 44 0
43 46 0
44 43 0
44 45 0
45 40 0
45 44 0
46 20 0
46 43 0
47 8 0
47 48 0
47 52 0
48 47 0
48 49 0
49 48 0
49 50 0
50 49 0
50 51 0
51 50 0
51 52 0
52 47 0
52 51 0
53 31 0
53 54 0
53 58 0
54 53 0
54 55 0
55 54 0
55 56 0
56 55 0
56 57 0
57 56 0
57 58 0
58 53 0
58 57 0
GraphDataEnd
GraphEnd
NodeEnd
NodeStart
EPTNodeID: 3
AnchorID: 4933
TreeNodeGraphID: 10
Level: 6
SimplifiedLevel: 0
EditOperation: 5 11 59 0 0
AccumulatedOpsCount: 4
AccumulatedOp: 2 59 0 0 4
AccumulatedOp: 2 60 0 0 4
AccumulatedOp: 5 38 60 0 0
AccumulatedOp: 5 11 59 0 0
ChildrenCount: 0
ChildIndices:
CompletedDBGraphIDsCount: 1
CompletedDBGraphID: 14671
GraphStart
GraphDataStart
ID: 10
NumNodes: 61
NumEdges: 140
NodeLabels
2 2 2 3 2 0 0 0 3 2 2 2 2 2 2 2 4 2 2 2 2 2 2 2 2 2 3 2 0 0 0 3 2 2 2 2 2 2 2 4 2 2 2 2 2 2 2 2 2 2 2 2 2 2 2 2 2 2 2 4 4 
Edges
0 1 0
0 4 0
0 7 0
1 0 0
1 2 0
1 9 0
2 1 0
2 3 0
2 6 0
3 2 0
3 4 0
3 17 0
4 0 0
4 3 0
4 5 0
5 4 0
6 2 0
7 0 0
7 8 0
8 7 0
8 9 0
8 47 0
9 1 0
9 8 0
9 10 0
10 9 0
10 11 0
10 15 0
11 10 0
11 12 0
11 59 0
12 11 0
12 13 0
13 12 0
13 14 0
13 16 0
14 13 0
14 15 0
15 10 0
15 14 0
16 13 0
17 3 0
17 18 0
17 22 0
18 17 0
18 19 0
19 18 0
19 20 0
20 19 0
20 21 0
20 46 0
21 20 0
21 22 0
22 17 0
22 21 0
23 24 0
23 27 0
23 30 0
24 23 0
24 25 0
24 32 0
25 24 0
25 26 0
25 29 0
26 25 0
26 27 0
26 40 0
27 23 0
27 26 0
27 28 0
28 27 0
29 25 0
30 23 0
30 31 0
31 30 0
31 32 0
31 53 0
32 24 0
32 31 0
32 33 0
33 32 0
33 34 0
33 38 0
34 33 0
34 35 0
35 34 0
35 36 0
36 35 0
36 37 0
36 39 0
37 36 0
37 38 0
38 33 0
38 37 0
38 60 0
39 36 0
40 26 0
40 41 0
40 45 0
41 40 0
41 42 0
42 41 0
42 43 0
43 42 0
43 44 0
43 46 0
44 43 0
44 45 0
45 40 0
45 44 0
46 20 0
46 43 0
47 8 0
47 48 0
47 52 0
48 47 0
48 49 0
49 48 0
49 50 0
50 49 0
50 51 0
51 50 0
51 52 0
52 47 0
52 51 0
53 31 0
53 54 0
53 58 0
54 53 0
54 55 0
55 54 0
55 56 0
56 55 0
56 57 0
57 56 0
57 58 0
58 53 0
58 57 0
59 11 0
60 38 0
GraphDataEnd
GraphEnd
NodeEnd
NodeStart
EPTNodeID: 4
AnchorID: 4933
TreeNodeGraphID: 11
Level: 1
SimplifiedLevel: 0
EditOperation: 4 13 16 0 0
AccumulatedOpsCount: 1
AccumulatedOp: 4 13 16 0 0
ChildrenCount: 2
ChildIndices: 5 6
CompletedDBGraphIDsCount: 0
GraphStart
GraphDataStart
ID: 11
NumNodes: 59
NumEdges: 134
NodeLabels
2 2 2 3 2 0 0 0 3 2 2 2 2 2 2 2 2 2 2 2 2 2 2 2 2 2 3 2 0 0 0 3 2 2 2 2 2 2 2 2 2 2 2 2 2 2 2 2 2 2 2 2 2 2 2 2 2 2 2 
Edges
0 1 0
0 4 0
0 7 0
1 0 0
1 2 0
1 9 0
2 1 0
2 3 0
2 6 0
3 2 0
3 4 0
3 17 0
4 0 0
4 3 0
4 5 0
5 4 0
6 2 0
7 0 0
7 8 0
8 7 0
8 9 0
8 47 0
9 1 0
9 8 0
9 10 0
10 9 0
10 11 0
10 15 0
11 10 0
11 12 0
12 11 0
12 13 0
13 12 0
13 14 0
14 13 0
14 15 0
15 10 0
15 14 0
17 3 0
17 18 0
17 22 0
18 17 0
18 19 0
19 18 0
19 20 0
20 19 0
20 21 0
20 46 0
21 20 0
21 22 0
22 17 0
22 21 0
23 24 0
23 27 0
23 30 0
24 23 0
24 25 0
24 32 0
25 24 0
25 26 0
25 29 0
26 25 0
26 27 0
26 40 0
27 23 0
27 26 0
27 28 0
28 27 0
29 25 0
30 23 0
30 31 0
31 30 0
31 32 0
31 53 0
32 24 0
32 31 0
32 33 0
33 32 0
33 34 0
33 38 0
34 33 0
34 35 0
35 34 0
35 36 0
36 35 0
36 37 0
36 39 0
37 36 0
37 38 0
38 33 0
38 37 0
39 36 0
40 26 0
40 41 0
40 45 0
41 40 0
41 42 0
42 41 0
42 43 0
43 42 0
43 44 0
43 46 0
44 43 0
44 45 0
45 40 0
45 44 0
46 20 0
46 43 0
47 8 0
47 48 0
47 52 0
48 47 0
48 49 0
49 48 0
49 50 0
50 49 0
50 51 0
51 50 0
51 52 0
52 47 0
52 51 0
53 31 0
53 54 0
53 58 0
54 53 0
54 55 0
55 54 0
55 56 0
56 55 0
56 57 0
57 56 0
57 58 0
58 53 0
58 57 0
GraphDataEnd
GraphEnd
NodeEnd
NodeStart
EPTNodeID: 5
AnchorID: 4933
TreeNodeGraphID: 14
Level: 4
SimplifiedLevel: 0
EditOperation: 1 39 0 2 0
AccumulatedOpsCount: 3
AccumulatedOp: 1 16 0 2 0
AccumulatedOp: 4 36 39 0 0
AccumulatedOp: 1 39 0 2 0
ChildrenCount: 0
ChildIndices:
CompletedDBGraphIDsCount: 1
CompletedDBGraphID: 12623
GraphStart
GraphDataStart
ID: 14
NumNodes: 57
NumEdges: 132
NodeLabels
2 2 2 3 2 0 0 0 3 2 2 2 2 2 2 2 2 2 2 2 2 2 2 2 2 3 2 0 0 0 3 2 2 2 2 2 2 2 2 2 2 2 2 2 2 2 2 2 2 2 2 2 2 2 2 2 2 
Edges
0 1 0
0 4 0
0 7 0
1 0 0
1 2 0
1 9 0
2 1 0
2 3 0
2 6 0
3 2 0
3 4 0
3 16 0
4 0 0
4 3 0
4 5 0
5 4 0
6 2 0
7 0 0
7 8 0
8 7 0
8 9 0
8 45 0
9 1 0
9 8 0
9 10 0
10 9 0
10 11 0
10 15 0
11 10 0
11 12 0
12 11 0
12 13 0
13 12 0
13 14 0
14 13 0
14 15 0
15 10 0
15 14 0
16 3 0
16 17 0
16 21 0
17 16 0
17 18 0
18 17 0
18 19 0
19 18 0
19 20 0
19 44 0
20 19 0
20 21 0
21 16 0
21 20 0
22 23 0
22 26 0
22 29 0
23 22 0
23 24 0
23 31 0
24 23 0
24 25 0
24 28 0
25 24 0
25 26 0
25 38 0
26 22 0
26 25 0
26 27 0
27 26 0
28 24 0
29 22 0
29 30 0
30 29 0
30 31 0
30 51 0
31 23 0
31 30 0
31 32 0
32 31 0
32 33 0
32 37 0
33 32 0
33 34 0
34 33 0
34 35 0
35 34 0
35 36 0
36 35 0
36 37 0
37 32 0
37 36 0
38 25 0
38 39 0
38 43 0
39 38 0
39 40 0
40 39 0
40 41 0
41 40 0
41 42 0
41 44 0
42 41 0
42 43 0
43 38 0
43 42 0
44 19 0
44 41 0
45 8 0
45 46 0
45 50 0
46 45 0
46 47 0
47 46 0
47 48 0
48 47 0
48 49 0
49 48 0
49 50 0
50 45 0
50 49 0
51 30 0
51 52 0
51 56 0
52 51 0
52 53 0
53 52 0
53 54 0
54 53 0
54 55 0
55 54 0
55 56 0
56 51 0
56 55 0
GraphDataEnd
GraphEnd
NodeEnd
NodeStart
EPTNodeID: 6
AnchorID: 4933
TreeNodeGraphID: 19
Level: 6
SimplifiedLevel: 0
EditOperation: 5 15 16 0 0
AccumulatedOpsCount: 5
AccumulatedOp: 0 16 0 2 12
AccumulatedOp: 0 39 0 2 12
AccumulatedOp: 4 32 33 0 0
AccumulatedOp: 5 32 37 0 0
AccumulatedOp: 5 15 16 0 0
ChildrenCount: 0
ChildIndices:
CompletedDBGraphIDsCount: 1
CompletedDBGraphID: 12577
GraphStart
GraphDataStart
ID: 19
NumNodes: 59
NumEdges: 136
NodeLabels
2 2 2 3 2 0 0 0 3 2 2 2 2 2 2 2 12 2 2 2 2 2 2 2 2 2 3 2 0 0 0 3 2 2 2 2 2 2 2 12 2 2 2 2 2 2 2 2 2 2 2 2 2 2 2 2 2 2 2 
Edges
0 1 0
0 4 0
0 7 0
1 0 0
1 2 0
1 9 0
2 1 0
2 3 0
2 6 0
3 2 0
3 4 0
3 17 0
4 0 0
4 3 0
4 5 0
5 4 0
6 2 0
7 0 0
7 8 0
8 7 0
8 9 0
8 47 0
9 1 0
9 8 0
9 10 0
10 9 0
10 11 0
10 15 0
11 10 0
11 12 0
12 11 0
12 13 0
13 12 0
13 14 0
14 13 0
14 15 0
15 10 0
15 14 0
15 16 0
16 15 0
17 3 0
17 18 0
17 22 0
18 17 0
18 19 0
19 18 0
19 20 0
20 19 0
20 21 0
20 46 0
21 20 0
21 22 0
22 17 0
22 21 0
23 24 0
23 27 0
23 30 0
24 23 0
24 25 0
24 32 0
25 24 0
25 26 0
25 29 0
26 25 0
26 27 0
26 40 0
27 23 0
27 26 0
27 28 0
28 27 0
29 25 0
30 23 0
30 31 0
31 30 0
31 32 0
31 53 0
32 24 0
32 31 0
32 37 0
33 34 0
33 38 0
34 33 0
34 35 0
35 34 0
35 36 0
36 35 0
36 37 0
36 39 0
37 36 0
37 38 0
37 32 0
38 33 0
38 37 0
39 36 0
40 26 0
40 41 0
40 45 0
41 40 0
41 42 0
42 41 0
42 43 0
43 42 0
43 44 0
43 46 0
44 43 0
44 45 0
45 40 0
45 44 0
46 20 0
46 43 0
47 8 0
47 48 0
47 52 0
48 47 0
48 49 0
49 48 0
49 50 0
50 49 0
50 51 0
51 50 0
51 52 0
52 47 0
52 51 0
53 31 0
53 54 0
53 58 0
54 53 0
54 55 0
55 54 0
55 56 0
56 55 0
56 57 0
57 56 0
57 58 0
58 53 0
58 57 0
GraphDataEnd
GraphEnd
NodeEnd
NodeStart
EPTNodeID: 7
AnchorID: 4933
TreeNodeGraphID: 25
Level: 6
SimplifiedLevel: 0
EditOperation: 5 16 60 0 0
AccumulatedOpsCount: 6
AccumulatedOp: 2 60 0 0 2
AccumulatedOp: 0 16 0 2 0
AccumulatedOp: 0 39 0 2 0
AccumulatedOp: 2 59 0 0 2
AccumulatedOp: 5 39 59 0 0
AccumulatedOp: 5 16 60 0 0
ChildrenCount: 0
ChildIndices:
CompletedDBGraphIDsCount: 1
CompletedDBGraphID: 1626
GraphStart
GraphDataStart
ID: 25
NumNodes: 61
NumEdges: 140
NodeLabels
2 2 2 3 2 0 0 0 3 2 2 2 2 2 2 2 0 2 2 2 2 2 2 2 2 2 3 2 0 0 0 3 2 2 2 2 2 2 2 0 2 2 2 2 2 2 2 2 2 2 2 2 2 2 2 2 2 2 2 2 2 
Edges
0 1 0
0 4 0
0 7 0
1 0 0
1 2 0
1 9 0
2 1 0
2 3 0
2 6 0
3 2 0
3 4 0
3 17 0
4 0 0
4 3 0
4 5 0
5 4 0
6 2 0
7 0 0
7 8 0
8 7 0
8 9 0
8 47 0
9 1 0
9 8 0
9 10 0
10 9 0
10 11 0
10 15 0
11 10 0
11 12 0
12 11 0
12 13 0
13 12 0
13 14 0
13 16 0
14 13 0
14 15 0
15 10 0
15 14 0
16 13 0
16 60 0
17 3 0
17 18 0
17 22 0
18 17 0
18 19 0
19 18 0
19 20 0
20 19 0
20 21 0
20 46 0
21 20 0
21 22 0
22 17 0
22 21 0
23 24 0
23 27 0
23 30 0
24 23 0
24 25 0
24 32 0
25 24 0
25 26 0
25 29 0
26 25 0
26 27 0
26 40 0
27 23 0
27 26 0
27 28 0
28 27 0
29 25 0
30 23 0
30 31 0
31 30 0
31 32 0
31 53 0
32 24 0
32 31 0
32 33 0
33 32 0
33 34 0
33 38 0
34 33 0
34 35 0
35 34 0
35 36 0
36 35 0
36 37 0
36 39 0
37 36 0
37 38 0
38 33 0
38 37 0
39 36 0
39 59 0
40 26 0
40 41 0
40 45 0
41 40 0
41 42 0
42 41 0
42 43 0
43 42 0
43 44 0
43 46 0
44 43 0
44 45 0
45 40 0
45 44 0
46 20 0
46 43 0
47 8 0
47 48 0
47 52 0
48 47 0
48 49 0
49 48 0
49 50 0
50 49 0
50 51 0
51 50 0
51 52 0
52 47 0
52 51 0
53 31 0
53 54 0
53 58 0
54 53 0
54 55 0
55 54 0
55 56 0
56 55 0
56 57 0
57 56 0
57 58 0
58 53 0
58 57 0
59 39 0
60 16 0
GraphDataEnd
GraphEnd
NodeEnd
END_EPT
