BEGIN_EPT
AnchorID: 22767  # ID of the anchor node
RootIndex: 0  # Index of the root node in tree_nodes
NodeCount: 1  # Total number of nodes in the EPT
NodeStart
EPTNodeID: 0
AnchorID: 22767
TreeNodeGraphID: 0
Level: 0
SimplifiedLevel: 0
EditOperation: -1 0 -1 0 0
AccumulatedOpsCount: 0
ChildrenCount: 0
ChildIndices:
CompletedDBGraphIDsCount: 0
GraphStart
GraphDataStart
ID: 0
NumNodes: 100
NumEdges: 202
NodeLabels
2 0 2 2 2 0 2 2 0 2 2 0 2 2 2 3 3 3 3 2 2 2 0 2 0 2 2 2 0 2 2 2 0 2 3 3 2 2 2 2 2 2 0 2 2 2 3 2 2 2 2 0 2 2 2 2 2 2 2 0 2 2 2 2 2 3 2 2 3 3 2 2 2 2 0 3 2 2 2 0 3 2 0 2 2 2 2 3 3 3 3 3 3 2 2 2 2 0 3 3 
Edges
0 1 0
0 2 0
0 17 0
1 0 0
2 0 0
2 3 0
2 16 0
3 2 0
3 19 0
3 59 0
4 5 0
4 6 0
4 16 0
5 4 0
6 4 0
6 15 0
6 47 0
7 8 0
7 9 0
7 92 0
8 7 0
9 7 0
9 17 0
9 49 0
10 11 0
10 12 0
10 18 0
11 10 0
12 10 0
12 55 0
12 92 0
13 14 0
13 51 0
13 68 0
14 13 0
14 18 0
15 6 0
16 2 0
16 4 0
17 0 0
17 9 0
18 10 0
18 14 0
19 3 0
20 21 0
20 22 0
20 99 0
21 20 0
21 52 0
21 68 0
22 20 0
23 24 0
23 25 0
23 35 0
24 23 0
25 23 0
25 26 0
25 99 0
26 25 0
26 36 0
27 28 0
27 29 0
27 34 0
28 27 0
29 27 0
29 30 0
29 35 0
30 29 0
30 70 0
31 32 0
31 33 0
31 46 0
32 31 0
33 31 0
33 34 0
33 37 0
34 27 0
34 33 0
35 23 0
35 29 0
36 26 0
36 53 0
37 33 0
37 71 0
38 39 0
38 40 0
38 46 0
39 38 0
39 41 0
40 38 0
40 42 0
40 91 0
41 39 0
41 78 0
42 40 0
43 44 0
43 97 0
43 98 0
44 43 0
44 45 0
44 90 0
45 44 0
45 57 0
46 31 0
46 38 0
47 6 0
47 48 0
48 47 0
48 56 0
48 58 0
49 9 0
49 50 0
49 60 0
50 49 0
51 13 0
52 21 0
52 66 0
52 77 0
53 36 0
53 54 0
54 53 0
54 69 0
55 12 0
55 61 0
56 48 0
57 45 0
57 85 0
58 48 0
59 3 0
60 49 0
61 55 0
61 62 0
61 64 0
62 61 0
62 65 0
63 64 0
63 65 0
63 93 0
64 61 0
64 63 0
64 96 0
65 62 0
65 63 0
66 52 0
66 67 0
67 66 0
68 13 0
68 21 0
69 54 0
70 30 0
70 73 0
71 37 0
71 72 0
71 76 0
72 71 0
73 70 0
73 74 0
73 75 0
74 73 0
75 73 0
76 71 0
77 52 0
78 41 0
78 79 0
78 80 0
79 78 0
80 78 0
81 82 0
81 83 0
81 90 0
82 81 0
83 81 0
83 84 0
83 91 0
84 83 0
85 57 0
85 87 0
86 87 0
86 88 0
86 89 0
87 85 0
87 86 0
88 86 0
89 86 0
90 44 0
90 81 0
91 40 0
91 83 0
92 7 0
92 12 0
93 63 0
93 94 0
94 93 0
94 95 0
95 94 0
95 96 0
96 64 0
96 95 0
97 43 0
98 43 0
99 20 0
99 25 0
GraphDataEnd
GraphEnd
NodeEnd
END_EPT
