BEGIN_EPT
AnchorID: 32011  # ID of the anchor node
RootIndex: 0  # Index of the root node in tree_nodes
NodeCount: 1  # Total number of nodes in the EPT
NodeStart
EPTNodeID: 0
AnchorID: 32011
TreeNodeGraphID: 0
Level: 0
SimplifiedLevel: 0
EditOperation: -1 0 -1 0 0
AccumulatedOpsCount: 0
ChildrenCount: 0
ChildIndices:
CompletedDBGraphIDsCount: 0
GraphStart
GraphDataStart
ID: 0
NumNodes: 181
NumEdges: 384
NodeLabels
0 2 0 2 2 2 2 2 2 2 2 2 0 2 2 2 2 2 2 0 2 2 2 2 2 2 0 2 2 0 3 3 3 3 3 0 2 0 2 2 2 2 2 2 2 0 2 0 2 2 2 2 2 2 2 2 2 0 2 2 2 2 2 2 0 2 2 2 2 2 2 0 2 2 0 3 3 3 3 3 0 2 0 2 2 2 2 2 2 2 0 2 0 2 2 2 2 2 2 2 2 2 0 2 2 2 2 2 2 0 2 2 2 2 2 0 2 2 0 3 3 3 3 3 3 0 2 0 2 2 2 2 2 2 2 3 3 0 2 2 2 2 2 2 2 2 2 2 2 2 2 2 2 2 2 2 2 2 2 2 2 2 2 2 2 2 2 2 2 2 2 2 2 2 2 2 2 2 2 2 2 
Edges
0 1 0
0 9 0
1 0 0
1 2 0
1 34 0
2 1 0
3 4 0
3 8 0
3 9 0
4 3 0
4 5 0
5 4 0
5 6 0
6 5 0
6 7 0
7 6 0
7 8 0
8 3 0
8 7 0
9 0 0
9 3 0
10 11 0
10 13 0
10 136 0
11 10 0
11 12 0
11 30 0
12 11 0
13 10 0
13 14 0
14 13 0
14 15 0
15 14 0
15 16 0
16 15 0
16 31 0
17 18 0
17 20 0
17 30 0
18 17 0
18 19 0
18 137 0
19 18 0
20 17 0
20 21 0
21 20 0
21 22 0
22 21 0
22 23 0
23 22 0
23 32 0
24 25 0
24 34 0
24 153 0
25 24 0
25 26 0
25 31 0
26 25 0
27 28 0
27 33 0
27 146 0
28 27 0
28 29 0
28 32 0
29 28 0
30 11 0
30 17 0
31 16 0
31 25 0
32 23 0
32 28 0
33 27 0
33 36 0
34 1 0
34 24 0
35 36 0
35 44 0
36 33 0
36 35 0
36 37 0
37 36 0
38 39 0
38 43 0
38 44 0
39 38 0
39 40 0
40 39 0
40 41 0
41 40 0
41 42 0
42 41 0
42 43 0
43 38 0
43 42 0
44 35 0
44 38 0
45 46 0
45 54 0
46 45 0
46 47 0
46 79 0
47 46 0
48 49 0
48 53 0
48 54 0
49 48 0
49 50 0
50 49 0
50 51 0
51 50 0
51 52 0
52 51 0
52 53 0
53 48 0
53 52 0
54 45 0
54 48 0
55 56 0
55 58 0
55 135 0
56 55 0
56 57 0
56 75 0
57 56 0
58 55 0
58 59 0
59 58 0
59 60 0
60 59 0
60 61 0
61 60 0
61 76 0
62 63 0
62 65 0
62 75 0
63 62 0
63 64 0
63 136 0
64 63 0
65 62 0
65 66 0
66 65 0
66 67 0
67 66 0
67 68 0
68 67 0
68 77 0
69 70 0
69 79 0
69 167 0
70 69 0
70 71 0
70 76 0
71 70 0
72 73 0
72 78 0
72 160 0
73 72 0
73 74 0
73 77 0
74 73 0
75 56 0
75 62 0
76 61 0
76 70 0
77 68 0
77 73 0
78 72 0
78 81 0
79 46 0
79 69 0
80 81 0
80 89 0
81 78 0
81 80 0
81 82 0
82 81 0
83 84 0
83 88 0
83 89 0
84 83 0
84 85 0
85 84 0
85 86 0
86 85 0
86 87 0
87 86 0
87 88 0
88 83 0
88 87 0
89 80 0
89 83 0
90 91 0
90 99 0
91 90 0
91 92 0
91 123 0
92 91 0
93 94 0
93 98 0
93 99 0
94 93 0
94 95 0
95 94 0
95 96 0
96 95 0
96 97 0
97 96 0
97 98 0
98 93 0
98 97 0
99 90 0
99 93 0
100 101 0
100 103 0
100 124 0
101 100 0
101 102 0
101 119 0
102 101 0
103 100 0
103 104 0
104 103 0
104 105 0
105 104 0
105 106 0
106 105 0
106 120 0
107 108 0
107 110 0
107 119 0
108 107 0
108 109 0
108 135 0
109 108 0
110 107 0
110 111 0
111 110 0
111 112 0
112 111 0
112 113 0
113 112 0
113 121 0
114 115 0
114 120 0
114 145 0
115 114 0
116 117 0
116 122 0
116 174 0
117 116 0
117 118 0
117 121 0
118 117 0
119 101 0
119 107 0
120 106 0
120 114 0
121 113 0
121 117 0
122 116 0
122 126 0
123 91 0
123 145 0
124 100 0
125 126 0
125 134 0
126 122 0
126 125 0
126 127 0
127 126 0
128 129 0
128 133 0
128 134 0
129 128 0
129 130 0
130 129 0
130 131 0
131 130 0
131 132 0
132 131 0
132 133 0
133 128 0
133 132 0
134 125 0
134 128 0
135 55 0
135 108 0
136 10 0
136 63 0
137 18 0
138 139 0
138 145 0
139 138 0
139 140 0
139 144 0
140 139 0
140 141 0
141 140 0
141 142 0
142 141 0
142 143 0
143 142 0
143 144 0
144 139 0
144 143 0
145 114 0
145 123 0
145 138 0
146 27 0
146 147 0
147 146 0
147 148 0
147 152 0
148 147 0
148 149 0
149 148 0
149 150 0
150 149 0
150 151 0
151 150 0
151 152 0
152 147 0
152 151 0
153 24 0
153 154 0
154 153 0
154 155 0
154 159 0
155 154 0
155 156 0
156 155 0
156 157 0
157 156 0
157 158 0
158 157 0
158 159 0
159 154 0
159 158 0
160 72 0
160 161 0
161 160 0
161 162 0
161 166 0
162 161 0
162 163 0
163 162 0
163 164 0
164 163 0
164 165 0
165 164 0
165 166 0
166 161 0
166 165 0
167 69 0
167 168 0
168 167 0
168 169 0
168 173 0
169 168 0
169 170 0
170 169 0
170 171 0
171 170 0
171 172 0
172 171 0
172 173 0
173 168 0
173 172 0
174 116 0
174 175 0
175 174 0
175 176 0
175 180 0
176 175 0
176 177 0
177 176 0
177 178 0
178 177 0
178 179 0
179 178 0
179 180 0
180 175 0
180 179 0
GraphDataEnd
GraphEnd
NodeEnd
END_EPT
