BEGIN_EPT
AnchorID: 22217  # ID of the anchor node
RootIndex: 0  # Index of the root node in tree_nodes
NodeCount: 1  # Total number of nodes in the EPT
NodeStart
EPTNodeID: 0
AnchorID: 22217
TreeNodeGraphID: 0
Level: 0
SimplifiedLevel: 0
EditOperation: -1 0 -1 0 0
AccumulatedOpsCount: 0
ChildrenCount: 0
ChildIndices:
CompletedDBGraphIDsCount: 0
GraphStart
GraphDataStart
ID: 0
NumNodes: 120
NumEdges: 242
NodeLabels
3 2 2 2 2 2 3 2 0 3 2 2 2 2 3 2 3 2 0 3 2 2 0 2 0 3 2 2 2 2 0 3 2 2 2 2 2 2 0 3 2 2 0 3 2 2 2 0 3 2 2 3 2 0 3 2 2 2 2 2 3 0 2 3 2 2 2 2 2 3 2 0 3 2 2 2 2 3 2 3 3 2 0 3 2 2 2 2 2 2 2 2 2 0 2 0 2 2 2 2 0 3 2 2 2 2 2 0 0 2 2 3 2 2 2 2 2 2 3 0 
Edges
0 1 0
1 0 0
1 2 0
2 1 0
2 3 0
3 2 0
3 4 0
4 3 0
4 5 0
5 4 0
5 6 0
5 7 0
6 5 0
7 5 0
7 8 0
7 9 0
8 7 0
9 7 0
9 10 0
10 9 0
10 11 0
10 17 0
11 10 0
11 12 0
12 11 0
12 13 0
12 16 0
13 12 0
13 14 0
14 13 0
14 15 0
15 14 0
15 16 0
16 12 0
16 15 0
17 10 0
17 18 0
17 19 0
18 17 0
19 17 0
19 20 0
20 19 0
20 21 0
20 23 0
21 20 0
21 22 0
22 21 0
23 20 0
23 24 0
23 25 0
24 23 0
25 23 0
25 26 0
26 25 0
26 27 0
26 29 0
27 26 0
27 28 0
27 92 0
28 27 0
28 109 0
29 26 0
29 30 0
29 31 0
30 29 0
31 29 0
31 32 0
32 31 0
32 33 0
32 37 0
33 32 0
33 34 0
33 36 0
34 33 0
34 35 0
35 34 0
36 33 0
37 32 0
37 38 0
37 39 0
38 37 0
39 37 0
39 40 0
40 39 0
40 41 0
41 40 0
41 42 0
41 43 0
42 41 0
43 41 0
43 44 0
44 43 0
44 45 0
44 46 0
45 44 0
46 44 0
46 47 0
46 48 0
47 46 0
48 46 0
48 49 0
49 48 0
49 50 0
50 49 0
50 51 0
50 93 0
51 50 0
51 102 0
52 53 0
52 54 0
52 102 0
53 52 0
54 52 0
54 55 0
55 54 0
55 56 0
55 62 0
56 55 0
56 57 0
57 56 0
57 58 0
58 57 0
58 59 0
59 58 0
59 60 0
60 59 0
61 62 0
62 55 0
62 61 0
62 63 0
63 62 0
63 64 0
64 63 0
64 65 0
64 70 0
65 64 0
65 66 0
66 65 0
66 67 0
67 66 0
67 68 0
68 67 0
68 69 0
69 68 0
70 64 0
70 71 0
70 72 0
71 70 0
72 70 0
72 73 0
73 72 0
73 74 0
73 81 0
74 73 0
74 75 0
75 74 0
75 76 0
76 75 0
76 77 0
77 76 0
77 78 0
78 77 0
78 79 0
78 80 0
79 78 0
80 78 0
81 73 0
81 82 0
81 83 0
82 81 0
83 81 0
83 84 0
84 83 0
84 85 0
84 94 0
85 84 0
85 86 0
86 85 0
86 87 0
86 91 0
87 86 0
87 88 0
88 87 0
88 89 0
89 88 0
89 90 0
90 89 0
90 91 0
91 86 0
91 90 0
92 27 0
93 50 0
94 84 0
94 95 0
94 111 0
95 94 0
96 97 0
96 106 0
96 118 0
97 96 0
97 98 0
98 97 0
98 99 0
99 98 0
99 100 0
99 101 0
100 99 0
101 99 0
102 51 0
102 52 0
102 103 0
103 102 0
103 104 0
103 105 0
104 103 0
105 103 0
105 110 0
106 96 0
106 107 0
106 108 0
107 106 0
108 106 0
109 28 0
110 105 0
111 94 0
111 112 0
112 111 0
112 113 0
112 117 0
113 112 0
113 114 0
114 113 0
114 115 0
114 116 0
115 114 0
116 114 0
117 112 0
117 118 0
117 119 0
118 96 0
118 117 0
119 117 0
GraphDataEnd
GraphEnd
NodeEnd
END_EPT
