BEGIN_EPT
AnchorID: 15153  # ID of the anchor node
RootIndex: 0  # Index of the root node in tree_nodes
NodeCount: 1  # Total number of nodes in the EPT
NodeStart
EPTNodeID: 0
AnchorID: 15153
TreeNodeGraphID: 0
Level: 0
SimplifiedLevel: 0
EditOperation: -1 0 -1 0 0
AccumulatedOpsCount: 0
ChildrenCount: 0
ChildIndices:
CompletedDBGraphIDsCount: 0
GraphStart
GraphDataStart
ID: 0
NumNodes: 101
NumEdges: 220
NodeLabels
2 2 2 2 2 2 2 2 2 2 2 2 2 2 2 2 2 2 2 2 2 2 2 2 2 2 2 2 2 2 2 2 4 2 0 0 2 2 2 2 2 2 2 2 0 2 2 2 2 2 2 2 2 2 0 0 2 2 0 0 2 2 2 2 2 2 2 4 2 2 2 2 2 2 2 0 2 2 0 0 2 2 0 2 0 2 2 2 2 2 2 2 2 0 0 2 2 2 2 2 2 
Edges
0 1 0
0 5 0
1 0 0
1 2 0
1 22 0
2 1 0
2 3 0
3 2 0
3 4 0
3 6 0
4 3 0
4 5 0
4 9 0
4 100 0
5 0 0
5 4 0
6 3 0
6 7 0
7 6 0
7 8 0
8 7 0
8 9 0
8 10 0
9 4 0
9 8 0
9 13 0
10 8 0
10 11 0
10 14 0
11 10 0
11 12 0
11 16 0
11 99 0
12 11 0
12 13 0
13 9 0
13 12 0
14 10 0
14 15 0
15 14 0
15 16 0
16 11 0
16 15 0
16 17 0
17 16 0
17 18 0
17 98 0
18 17 0
18 19 0
19 18 0
19 20 0
20 19 0
20 21 0
21 20 0
21 96 0
21 97 0
22 1 0
22 23 0
23 22 0
23 24 0
24 23 0
24 25 0
25 24 0
25 26 0
25 61 0
26 25 0
26 27 0
26 31 0
27 26 0
27 28 0
28 27 0
28 29 0
28 32 0
29 28 0
29 30 0
29 44 0
30 29 0
30 31 0
30 33 0
31 26 0
31 30 0
32 28 0
33 30 0
33 34 0
33 35 0
34 33 0
34 36 0
35 33 0
36 34 0
36 37 0
37 36 0
37 38 0
37 42 0
38 37 0
38 39 0
39 38 0
39 40 0
40 39 0
40 41 0
40 43 0
41 40 0
41 42 0
42 37 0
42 41 0
43 40 0
43 57 0
44 29 0
44 45 0
45 44 0
45 46 0
46 45 0
46 47 0
46 51 0
47 46 0
47 48 0
48 47 0
48 49 0
49 48 0
49 50 0
49 52 0
50 49 0
50 51 0
51 46 0
51 50 0
52 49 0
52 53 0
53 52 0
53 54 0
53 55 0
54 53 0
55 53 0
55 56 0
56 55 0
57 43 0
57 58 0
57 59 0
58 57 0
59 57 0
59 60 0
60 59 0
61 25 0
61 62 0
61 66 0
62 61 0
62 63 0
63 62 0
63 64 0
63 67 0
64 63 0
64 65 0
64 75 0
65 64 0
65 66 0
65 81 0
66 61 0
66 65 0
67 63 0
68 69 0
68 75 0
69 68 0
69 70 0
69 74 0
70 69 0
70 71 0
71 70 0
71 72 0
72 71 0
72 73 0
72 76 0
73 72 0
73 74 0
74 69 0
74 73 0
75 64 0
75 68 0
76 72 0
76 77 0
77 76 0
77 78 0
77 79 0
78 77 0
79 77 0
79 80 0
80 79 0
81 65 0
81 82 0
81 84 0
82 81 0
82 83 0
83 82 0
83 85 0
84 81 0
85 83 0
85 86 0
85 90 0
86 85 0
86 87 0
87 86 0
87 88 0
88 87 0
88 89 0
88 91 0
89 88 0
89 90 0
90 85 0
90 89 0
91 88 0
91 92 0
92 91 0
92 93 0
92 94 0
93 92 0
94 92 0
94 95 0
95 94 0
96 21 0
97 21 0
98 17 0
99 11 0
100 4 0
GraphDataEnd
GraphEnd
NodeEnd
END_EPT
