BEGIN_EPT
AnchorID: 26725  # ID of the anchor node
RootIndex: 0  # Index of the root node in tree_nodes
NodeCount: 1  # Total number of nodes in the EPT
NodeStart
EPTNodeID: 0
AnchorID: 26725
TreeNodeGraphID: 0
Level: 0
SimplifiedLevel: 0
EditOperation: -1 0 -1 0 0
AccumulatedOpsCount: 0
ChildrenCount: 0
ChildIndices:
CompletedDBGraphIDsCount: 0
GraphStart
GraphDataStart
ID: 0
NumNodes: 214
NumEdges: 434
NodeLabels
2 0 2 2 2 0 2 2 0 2 2 0 2 2 2 3 3 3 2 2 2 3 2 0 2 2 2 2 0 2 2 0 2 2 2 0 2 2 0 2 3 3 2 2 2 2 0 3 2 2 0 2 0 2 2 0 2 0 2 2 2 0 2 2 3 3 3 3 3 3 0 2 2 2 0 2 2 0 2 0 0 0 2 2 2 2 2 3 2 2 2 3 3 3 2 0 2 2 0 3 0 3 3 2 2 2 2 2 3 3 3 2 2 2 2 2 2 2 2 3 3 3 2 2 2 2 2 2 2 0 2 3 2 2 2 2 2 2 0 2 2 2 0 2 2 0 2 0 0 0 2 0 2 2 3 2 2 2 2 0 2 2 2 2 2 3 3 2 0 2 2 3 3 2 2 2 2 2 2 2 0 3 2 2 2 3 2 2 2 2 3 3 3 2 2 2 0 3 3 3 3 3 2 0 2 3 2 0 2 2 0 0 2 3 
Edges
0 1 0
0 2 0
0 15 0
1 0 0
2 0 0
2 3 0
2 102 0
3 2 0
3 18 0
4 5 0
4 6 0
4 93 0
5 4 0
6 4 0
6 15 0
6 96 0
7 8 0
7 9 0
7 16 0
8 7 0
9 7 0
9 19 0
9 93 0
10 11 0
10 12 0
10 17 0
11 10 0
12 10 0
12 16 0
12 89 0
13 14 0
13 68 0
13 81 0
14 13 0
14 17 0
14 84 0
15 0 0
15 6 0
16 7 0
16 12 0
17 10 0
17 14 0
18 3 0
18 100 0
18 101 0
19 9 0
19 94 0
19 95 0
20 26 0
20 68 0
20 209 0
21 24 0
21 26 0
22 23 0
22 24 0
22 200 0
23 22 0
24 21 0
24 22 0
24 25 0
25 24 0
25 42 0
25 43 0
26 20 0
26 21 0
26 210 0
27 28 0
27 29 0
27 185 0
28 27 0
29 27 0
29 188 0
29 200 0
30 31 0
30 32 0
30 41 0
31 30 0
32 30 0
32 33 0
32 185 0
33 32 0
33 182 0
33 183 0
34 35 0
34 36 0
34 40 0
35 34 0
36 34 0
36 41 0
36 178 0
37 38 0
37 39 0
37 69 0
38 37 0
39 37 0
39 40 0
39 106 0
40 34 0
40 39 0
41 30 0
41 36 0
42 25 0
42 103 0
43 25 0
44 45 0
44 69 0
45 44 0
45 46 0
45 47 0
46 45 0
47 45 0
47 48 0
47 111 0
48 47 0
48 49 0
48 113 0
49 48 0
49 50 0
49 64 0
50 49 0
51 52 0
51 53 0
51 65 0
52 51 0
53 51 0
53 64 0
54 55 0
54 66 0
54 114 0
55 54 0
56 57 0
56 58 0
56 67 0
57 56 0
58 56 0
58 59 0
58 66 0
59 58 0
60 61 0
60 62 0
60 131 0
61 60 0
62 60 0
62 63 0
62 67 0
63 62 0
63 122 0
64 49 0
64 53 0
65 51 0
65 114 0
66 54 0
66 58 0
67 56 0
67 62 0
68 13 0
68 20 0
69 37 0
69 44 0
70 73 0
70 209 0
71 72 0
71 76 0
71 77 0
72 71 0
72 73 0
72 201 0
73 70 0
73 72 0
73 74 0
74 73 0
74 75 0
75 74 0
75 76 0
75 78 0
76 71 0
76 75 0
76 79 0
77 71 0
78 75 0
78 80 0
79 76 0
80 78 0
81 13 0
82 91 0
82 92 0
82 199 0
83 84 0
83 86 0
84 14 0
84 83 0
85 86 0
85 87 0
86 83 0
86 85 0
87 85 0
88 89 0
88 90 0
89 12 0
89 88 0
90 88 0
90 199 0
91 82 0
92 82 0
93 4 0
93 9 0
94 19 0
95 19 0
96 6 0
96 97 0
97 96 0
97 98 0
97 99 0
98 97 0
99 97 0
100 18 0
101 18 0
102 2 0
103 42 0
104 108 0
104 109 0
104 110 0
105 106 0
105 107 0
106 39 0
106 105 0
107 105 0
107 108 0
108 104 0
108 107 0
109 104 0
110 104 0
111 47 0
111 112 0
112 111 0
112 113 0
113 48 0
113 112 0
114 54 0
114 65 0
114 117 0
115 119 0
115 120 0
115 121 0
116 117 0
116 118 0
117 114 0
117 116 0
118 116 0
118 119 0
119 115 0
119 118 0
120 115 0
121 115 0
122 63 0
122 123 0
122 127 0
123 122 0
123 124 0
124 123 0
124 125 0
125 124 0
125 126 0
126 125 0
126 127 0
127 122 0
127 126 0
128 129 0
128 160 0
128 166 0
129 128 0
130 132 0
130 133 0
130 160 0
131 60 0
131 160 0
132 130 0
133 130 0
134 135 0
134 137 0
134 138 0
135 134 0
135 136 0
135 166 0
136 135 0
136 149 0
136 154 0
137 134 0
138 134 0
138 141 0
139 140 0
139 144 0
139 145 0
140 139 0
140 141 0
140 205 0
141 138 0
141 140 0
141 142 0
142 141 0
142 143 0
143 142 0
143 144 0
143 146 0
144 139 0
144 143 0
144 147 0
145 139 0
146 143 0
146 148 0
147 144 0
148 146 0
149 136 0
150 151 0
150 152 0
150 197 0
151 150 0
152 150 0
152 153 0
152 154 0
153 152 0
153 155 0
153 156 0
154 136 0
154 152 0
155 153 0
155 157 0
156 153 0
157 155 0
158 159 0
158 172 0
158 195 0
159 158 0
160 128 0
160 130 0
160 131 0
161 162 0
161 164 0
162 161 0
162 195 0
163 164 0
163 165 0
164 161 0
164 163 0
165 163 0
166 128 0
166 135 0
167 168 0
167 169 0
167 171 0
168 167 0
169 167 0
169 170 0
169 172 0
170 169 0
170 173 0
170 174 0
171 167 0
171 176 0
172 158 0
172 169 0
173 170 0
173 175 0
174 170 0
175 173 0
176 171 0
176 211 0
177 178 0
177 179 0
178 36 0
178 177 0
179 177 0
179 180 0
179 181 0
180 179 0
181 179 0
182 33 0
183 33 0
183 184 0
184 183 0
185 27 0
185 32 0
186 190 0
186 191 0
186 192 0
187 188 0
187 189 0
188 29 0
188 187 0
189 187 0
189 190 0
190 186 0
190 189 0
191 186 0
192 186 0
193 194 0
193 196 0
193 198 0
194 193 0
194 197 0
195 158 0
195 162 0
195 198 0
196 193 0
197 150 0
197 194 0
198 193 0
198 195 0
199 82 0
199 90 0
200 22 0
200 29 0
201 72 0
201 202 0
202 201 0
202 203 0
202 204 0
203 202 0
204 202 0
205 140 0
205 206 0
206 205 0
206 207 0
206 208 0
207 206 0
208 206 0
209 20 0
209 70 0
210 26 0
211 176 0
211 212 0
212 211 0
212 213 0
213 212 0
GraphDataEnd
GraphEnd
NodeEnd
END_EPT
