BEGIN_EPT
AnchorID: 26864  # ID of the anchor node
RootIndex: 0  # Index of the root node in tree_nodes
NodeCount: 2  # Total number of nodes in the EPT
NodeStart
EPTNodeID: 0
AnchorID: 26864
TreeNodeGraphID: 0
Level: 0
SimplifiedLevel: 0
EditOperation: -1 0 -1 0 0
AccumulatedOpsCount: 0
ChildrenCount: 1
ChildIndices: 1
CompletedDBGraphIDsCount: 0
GraphStart
GraphDataStart
ID: 0
NumNodes: 66
NumEdges: 134
NodeLabels
2 2 2 2 0 3 2 0 3 2 2 2 0 0 2 0 3 2 2 0 2 3 2 2 2 2 3 2 2 2 2 2 2 2 2 2 0 0 2 2 2 3 2 2 0 2 2 2 2 2 2 2 2 2 2 2 2 2 2 3 0 2 0 3 2 2 
Edges
0 1 0
0 2 0
0 5 0
1 0 0
1 50 0
1 51 0
2 0 0
2 7 0
2 8 0
3 4 0
3 5 0
3 22 0
4 3 0
5 0 0
5 3 0
5 6 0
6 5 0
7 2 0
8 2 0
8 9 0
8 10 0
9 8 0
10 8 0
10 11 0
10 38 0
11 10 0
11 12 0
11 41 0
12 11 0
13 14 0
13 65 0
14 13 0
14 15 0
14 33 0
15 14 0
16 17 0
16 18 0
16 56 0
17 16 0
18 16 0
18 19 0
18 20 0
19 18 0
20 18 0
20 21 0
20 52 0
21 20 0
21 43 0
21 45 0
22 3 0
22 23 0
22 26 0
23 22 0
23 24 0
23 25 0
24 23 0
25 23 0
26 22 0
26 35 0
27 28 0
27 32 0
28 27 0
28 29 0
28 52 0
29 28 0
29 30 0
30 29 0
30 31 0
31 30 0
31 32 0
32 27 0
32 31 0
33 14 0
33 34 0
33 63 0
34 33 0
35 26 0
35 36 0
35 37 0
36 35 0
36 46 0
37 35 0
38 10 0
38 39 0
38 40 0
39 38 0
40 38 0
41 11 0
41 42 0
41 53 0
42 41 0
42 55 0
43 21 0
43 44 0
43 53 0
44 43 0
45 21 0
46 36 0
46 47 0
46 48 0
46 49 0
47 46 0
48 46 0
49 46 0
50 1 0
51 1 0
52 20 0
52 28 0
53 41 0
53 43 0
53 54 0
54 53 0
54 55 0
55 42 0
55 54 0
56 16 0
56 57 0
56 61 0
57 56 0
57 58 0
58 57 0
58 59 0
58 60 0
59 58 0
60 58 0
61 56 0
61 62 0
61 63 0
62 61 0
63 33 0
63 61 0
63 64 0
64 63 0
65 13 0
GraphDataEnd
GraphEnd
NodeEnd
NodeStart
EPTNodeID: 1
AnchorID: 26864
TreeNodeGraphID: 6
Level: 6
SimplifiedLevel: 0
EditOperation: 5 21 56 0 0
AccumulatedOpsCount: 6
AccumulatedOp: 4 0 5 0 0
AccumulatedOp: 5 5 20 0 0
AccumulatedOp: 4 16 56 0 0
AccumulatedOp: 5 0 16 0 0
AccumulatedOp: 4 20 21 0 0
AccumulatedOp: 5 21 56 0 0
ChildrenCount: 0
ChildIndices:
CompletedDBGraphIDsCount: 1
CompletedDBGraphID: 11343
GraphStart
GraphDataStart
ID: 6
NumNodes: 66
NumEdges: 134
NodeLabels
2 2 2 2 0 3 2 0 3 2 2 2 0 0 2 0 3 2 2 0 2 3 2 2 2 2 3 2 2 2 2 2 2 2 2 2 0 0 2 2 2 3 2 2 0 2 2 2 2 2 2 2 2 2 2 2 2 2 2 3 0 2 0 3 2 2 
Edges
0 1 0
0 2 0
0 16 0
1 0 0
1 50 0
1 51 0
2 0 0
2 7 0
2 8 0
3 4 0
3 5 0
3 22 0
4 3 0
5 3 0
5 6 0
5 20 0
6 5 0
7 2 0
8 2 0
8 9 0
8 10 0
9 8 0
10 8 0
10 11 0
10 38 0
11 10 0
11 12 0
11 41 0
12 11 0
13 14 0
13 65 0
14 13 0
14 15 0
14 33 0
15 14 0
16 17 0
16 18 0
16 0 0
17 16 0
18 16 0
18 19 0
18 20 0
19 18 0
20 18 0
20 52 0
20 5 0
21 43 0
21 45 0
21 56 0
22 3 0
22 23 0
22 26 0
23 22 0
23 24 0
23 25 0
24 23 0
25 23 0
26 22 0
26 35 0
27 28 0
27 32 0
28 27 0
28 29 0
28 52 0
29 28 0
29 30 0
30 29 0
30 31 0
31 30 0
31 32 0
32 27 0
32 31 0
33 14 0
33 34 0
33 63 0
34 33 0
35 26 0
35 36 0
35 37 0
36 35 0
36 46 0
37 35 0
38 10 0
38 39 0
38 40 0
39 38 0
40 38 0
41 11 0
41 42 0
41 53 0
42 41 0
42 55 0
43 21 0
43 44 0
43 53 0
44 43 0
45 21 0
46 36 0
46 47 0
46 48 0
46 49 0
47 46 0
48 46 0
49 46 0
50 1 0
51 1 0
52 20 0
52 28 0
53 41 0
53 43 0
53 54 0
54 53 0
54 55 0
55 42 0
55 54 0
56 57 0
56 61 0
56 21 0
57 56 0
57 58 0
58 57 0
58 59 0
58 60 0
59 58 0
60 58 0
61 56 0
61 62 0
61 63 0
62 61 0
63 33 0
63 61 0
63 64 0
64 63 0
65 13 0
GraphDataEnd
GraphEnd
NodeEnd
END_EPT
