BEGIN_EPT
AnchorID: 2544  # ID of the anchor node
RootIndex: 0  # Index of the root node in tree_nodes
NodeCount: 1  # Total number of nodes in the EPT
NodeStart
EPTNodeID: 0
AnchorID: 2544
TreeNodeGraphID: 0
Level: 0
SimplifiedLevel: 0
EditOperation: -1 0 -1 0 0
AccumulatedOpsCount: 0
ChildrenCount: 0
ChildIndices:
CompletedDBGraphIDsCount: 0
GraphStart
GraphDataStart
ID: 0
NumNodes: 68
NumEdges: 146
NodeLabels
2 2 2 2 2 2 2 2 2 2 2 0 2 2 2 2 2 2 2 0 2 2 2 0 2 2 0 2 2 2 0 3 2 0 3 2 3 2 0 2 2 2 3 2 2 2 0 2 0 2 2 2 0 2 0 2 2 2 11 0 2 3 2 2 2 2 2 2 
Edges
0 1 0
0 4 0
0 6 0
1 0 0
1 2 0
2 1 0
2 3 0
3 2 0
3 5 0
4 0 0
4 5 0
5 3 0
5 4 0
6 0 0
6 7 0
6 15 0
6 23 0
7 6 0
7 8 0
7 14 0
8 7 0
8 9 0
9 8 0
9 10 0
10 9 0
10 11 0
10 13 0
11 10 0
11 12 0
12 11 0
13 10 0
13 14 0
14 7 0
14 13 0
15 6 0
15 16 0
15 22 0
16 15 0
16 17 0
17 16 0
17 18 0
18 17 0
18 19 0
18 21 0
19 18 0
19 20 0
20 19 0
21 18 0
21 22 0
22 15 0
22 21 0
23 6 0
23 24 0
24 23 0
24 25 0
25 24 0
25 26 0
25 29 0
26 25 0
26 27 0
27 26 0
27 28 0
27 31 0
28 27 0
28 29 0
29 25 0
29 28 0
29 30 0
30 29 0
30 58 0
31 27 0
31 32 0
31 43 0
32 31 0
32 33 0
32 34 0
33 32 0
34 32 0
34 35 0
35 34 0
35 36 0
35 42 0
36 35 0
36 37 0
36 44 0
37 36 0
37 38 0
37 39 0
38 37 0
39 37 0
39 40 0
39 41 0
40 39 0
41 39 0
42 35 0
42 43 0
42 45 0
43 31 0
43 42 0
44 36 0
44 45 0
44 46 0
45 42 0
45 44 0
45 52 0
46 44 0
46 47 0
47 46 0
47 48 0
47 49 0
48 47 0
49 47 0
49 50 0
49 51 0
50 49 0
51 49 0
52 45 0
52 53 0
53 52 0
53 54 0
53 55 0
54 53 0
55 53 0
55 56 0
55 57 0
56 55 0
57 55 0
58 30 0
58 59 0
58 61 0
59 58 0
59 60 0
60 59 0
61 58 0
61 62 0
61 65 0
62 61 0
62 63 0
62 64 0
63 62 0
64 62 0
65 61 0
65 66 0
65 67 0
66 65 0
67 65 0
GraphDataEnd
GraphEnd
NodeEnd
END_EPT
