BEGIN_EPT
AnchorID: 4212  # ID of the anchor node
RootIndex: 0  # Index of the root node in tree_nodes
NodeCount: 1  # Total number of nodes in the EPT
NodeStart
EPTNodeID: 0
AnchorID: 4212
TreeNodeGraphID: 0
Level: 0
SimplifiedLevel: 0
EditOperation: -1 0 -1 0 0
AccumulatedOpsCount: 0
ChildrenCount: 0
ChildIndices:
CompletedDBGraphIDsCount: 0
GraphStart
GraphDataStart
ID: 0
NumNodes: 77
NumEdges: 166
NodeLabels
2 2 2 2 2 2 2 2 2 11 0 0 0 11 0 2 3 2 0 2 2 2 2 3 3 2 0 2 2 2 2 3 3 2 2 2 2 2 2 2 2 2 11 0 0 0 11 0 2 3 2 0 2 2 2 2 3 3 2 0 2 2 2 2 3 3 2 0 2 2 2 2 0 0 0 0 31 
Edges
0 1 0
0 8 0
1 0 0
1 2 0
2 1 0
2 3 0
2 6 0
3 2 0
3 4 0
3 13 0
4 3 0
4 5 0
5 4 0
5 15 0
5 16 0
6 2 0
6 7 0
6 15 0
7 6 0
7 8 0
7 9 0
8 0 0
8 7 0
9 7 0
9 10 0
9 11 0
9 12 0
10 9 0
11 9 0
12 9 0
13 3 0
13 14 0
13 72 0
13 74 0
14 13 0
15 5 0
15 6 0
16 5 0
16 17 0
17 16 0
17 18 0
17 19 0
18 17 0
19 17 0
19 20 0
19 23 0
20 19 0
20 21 0
21 20 0
21 22 0
21 24 0
22 21 0
22 23 0
23 19 0
23 22 0
23 68 0
24 21 0
24 25 0
25 24 0
25 26 0
25 27 0
26 25 0
27 25 0
27 28 0
27 31 0
28 27 0
28 29 0
29 28 0
29 30 0
29 32 0
30 29 0
30 31 0
31 27 0
31 30 0
31 69 0
32 29 0
32 66 0
33 34 0
33 41 0
34 33 0
34 35 0
35 34 0
35 36 0
35 39 0
36 35 0
36 37 0
36 46 0
37 36 0
37 38 0
38 37 0
38 48 0
38 49 0
39 35 0
39 40 0
39 48 0
40 39 0
40 41 0
40 42 0
41 33 0
41 40 0
42 40 0
42 43 0
42 44 0
42 45 0
43 42 0
44 42 0
45 42 0
46 36 0
46 47 0
46 73 0
46 75 0
47 46 0
48 38 0
48 39 0
49 38 0
49 50 0
50 49 0
50 51 0
50 52 0
51 50 0
52 50 0
52 53 0
52 56 0
53 52 0
53 54 0
54 53 0
54 55 0
54 57 0
55 54 0
55 56 0
56 52 0
56 55 0
56 71 0
57 54 0
57 58 0
58 57 0
58 59 0
58 60 0
59 58 0
60 58 0
60 61 0
60 64 0
61 60 0
61 62 0
62 61 0
62 63 0
62 65 0
63 62 0
63 64 0
64 60 0
64 63 0
64 70 0
65 62 0
65 66 0
66 32 0
66 65 0
66 67 0
67 66 0
68 23 0
69 31 0
70 64 0
71 56 0
72 13 0
73 46 0
74 13 0
75 46 0
GraphDataEnd
GraphEnd
NodeEnd
END_EPT
