BEGIN_EPT
AnchorID: 17205  # ID of the anchor node
RootIndex: 0  # Index of the root node in tree_nodes
NodeCount: 1  # Total number of nodes in the EPT
NodeStart
EPTNodeID: 0
AnchorID: 17205
TreeNodeGraphID: 0
Level: 0
SimplifiedLevel: 0
EditOperation: -1 0 -1 0 0
AccumulatedOpsCount: 0
ChildrenCount: 0
ChildIndices:
CompletedDBGraphIDsCount: 0
GraphStart
GraphDataStart
ID: 0
NumNodes: 128
NumEdges: 272
NodeLabels
0 2 2 2 2 2 2 0 2 2 2 2 2 2 2 0 2 2 2 2 2 2 2 0 2 2 2 2 2 2 2 0 2 2 2 2 2 2 0 2 2 2 2 2 2 2 0 2 2 2 2 2 2 2 0 2 2 2 2 2 2 2 2 2 2 2 2 2 2 2 2 2 2 2 2 2 2 2 2 2 2 2 2 2 2 2 2 2 2 2 2 2 2 2 2 2 2 2 2 2 2 2 2 2 2 2 2 2 2 2 2 2 2 2 2 2 2 2 2 2 2 2 2 2 2 2 2 2 
Edges
0 1 0
1 0 0
1 2 0
1 6 0
2 1 0
2 3 0
2 30 0
3 2 0
3 4 0
4 3 0
4 5 0
4 85 0
5 4 0
5 6 0
6 1 0
6 5 0
6 126 0
7 8 0
8 7 0
8 9 0
8 13 0
9 8 0
9 10 0
9 126 0
10 9 0
10 11 0
11 10 0
11 12 0
11 77 0
12 11 0
12 13 0
13 8 0
13 12 0
13 14 0
14 13 0
14 48 0
15 16 0
16 15 0
16 17 0
16 21 0
17 16 0
17 18 0
17 45 0
18 17 0
18 19 0
19 18 0
19 20 0
19 101 0
20 19 0
20 21 0
21 16 0
21 20 0
21 22 0
22 21 0
22 25 0
23 24 0
24 23 0
24 25 0
24 29 0
25 22 0
25 24 0
25 26 0
26 25 0
26 27 0
27 26 0
27 28 0
27 93 0
28 27 0
28 29 0
29 24 0
29 28 0
29 30 0
30 2 0
30 29 0
31 32 0
32 31 0
32 33 0
32 37 0
33 32 0
33 34 0
33 61 0
34 33 0
34 35 0
35 34 0
35 36 0
35 62 0
36 35 0
36 37 0
37 32 0
37 36 0
37 127 0
38 39 0
39 38 0
39 40 0
39 44 0
40 39 0
40 41 0
40 127 0
41 40 0
41 42 0
42 41 0
42 43 0
42 109 0
43 42 0
43 44 0
44 39 0
44 43 0
44 45 0
45 17 0
45 44 0
46 47 0
47 46 0
47 48 0
47 52 0
48 14 0
48 47 0
48 49 0
49 48 0
49 50 0
50 49 0
50 51 0
50 69 0
51 50 0
51 52 0
52 47 0
52 51 0
52 53 0
53 52 0
53 56 0
54 55 0
55 54 0
55 56 0
55 60 0
56 53 0
56 55 0
56 57 0
57 56 0
57 58 0
58 57 0
58 59 0
58 65 0
59 58 0
59 60 0
60 55 0
60 59 0
60 61 0
61 33 0
61 60 0
62 35 0
62 63 0
62 64 0
62 117 0
63 62 0
64 62 0
65 58 0
65 66 0
65 67 0
65 68 0
66 65 0
67 65 0
67 122 0
68 65 0
69 50 0
69 70 0
69 73 0
69 74 0
70 69 0
70 71 0
71 70 0
71 72 0
71 75 0
71 76 0
72 71 0
73 69 0
74 69 0
75 71 0
76 71 0
77 11 0
77 78 0
77 79 0
77 80 0
78 77 0
79 77 0
80 77 0
80 81 0
81 80 0
81 82 0
81 83 0
81 84 0
82 81 0
83 81 0
84 81 0
85 4 0
85 86 0
85 87 0
85 88 0
86 85 0
87 85 0
88 85 0
88 89 0
89 88 0
89 90 0
89 91 0
89 92 0
90 89 0
91 89 0
92 89 0
93 27 0
93 94 0
93 95 0
93 96 0
94 93 0
95 93 0
96 93 0
96 97 0
97 96 0
97 98 0
97 99 0
97 100 0
98 97 0
99 97 0
100 97 0
101 19 0
101 102 0
101 107 0
101 108 0
102 101 0
102 103 0
103 102 0
103 104 0
103 105 0
103 106 0
104 103 0
105 103 0
106 103 0
107 101 0
108 101 0
109 42 0
109 110 0
109 115 0
109 116 0
110 109 0
110 111 0
111 110 0
111 112 0
111 113 0
111 114 0
112 111 0
113 111 0
114 111 0
115 109 0
116 109 0
117 62 0
117 118 0
118 117 0
118 119 0
118 120 0
118 121 0
119 118 0
120 118 0
121 118 0
122 67 0
122 123 0
122 124 0
122 125 0
123 122 0
124 122 0
125 122 0
126 6 0
126 9 0
127 37 0
127 40 0
GraphDataEnd
GraphEnd
NodeEnd
END_EPT
