BEGIN_EPT
AnchorID: 6919  # ID of the anchor node
RootIndex: 0  # Index of the root node in tree_nodes
NodeCount: 1  # Total number of nodes in the EPT
NodeStart
EPTNodeID: 0
AnchorID: 6919
TreeNodeGraphID: 0
Level: 0
SimplifiedLevel: 0
EditOperation: -1 0 -1 0 0
AccumulatedOpsCount: 0
ChildrenCount: 0
ChildIndices:
CompletedDBGraphIDsCount: 0
GraphStart
GraphDataStart
ID: 0
NumNodes: 84
NumEdges: 184
NodeLabels
2 2 2 2 2 2 2 2 2 2 2 2 2 2 3 2 2 2 2 2 2 2 2 2 2 2 3 2 2 2 2 2 2 2 2 2 2 2 2 2 2 2 2 2 2 2 1 1 0 1 1 0 0 0 0 0 0 3 3 0 2 2 0 0 2 2 2 0 0 2 2 2 0 0 2 2 2 0 0 2 3 3 3 3 
Edges
0 1 0
0 5 0
1 0 0
1 2 0
2 1 0
2 3 0
2 6 0
3 2 0
3 4 0
4 3 0
4 5 0
5 0 0
5 4 0
5 46 0
6 2 0
6 9 0
6 13 0
7 8 0
7 10 0
8 7 0
8 9 0
9 6 0
9 8 0
9 57 0
10 7 0
10 32 0
10 57 0
11 12 0
11 15 0
12 11 0
12 13 0
13 6 0
13 12 0
13 14 0
14 13 0
14 15 0
15 11 0
15 14 0
15 33 0
16 17 0
16 21 0
17 16 0
17 18 0
18 17 0
18 19 0
18 22 0
19 18 0
19 20 0
20 19 0
20 21 0
21 16 0
21 20 0
21 47 0
22 18 0
22 25 0
22 30 0
23 24 0
23 27 0
24 23 0
24 25 0
25 22 0
25 24 0
25 26 0
26 25 0
26 27 0
27 23 0
27 26 0
27 32 0
28 29 0
28 31 0
29 28 0
29 30 0
30 22 0
30 29 0
30 58 0
31 28 0
31 33 0
31 58 0
32 10 0
32 27 0
32 34 0
33 15 0
33 31 0
33 40 0
34 32 0
34 35 0
34 39 0
35 34 0
35 36 0
36 35 0
36 37 0
37 36 0
37 38 0
37 49 0
38 37 0
38 39 0
39 34 0
39 38 0
40 33 0
40 41 0
40 45 0
41 40 0
41 42 0
42 41 0
42 43 0
43 42 0
43 44 0
43 50 0
44 43 0
44 45 0
45 40 0
45 44 0
46 5 0
46 53 0
46 54 0
46 82 0
47 21 0
47 51 0
47 52 0
47 80 0
48 50 0
49 37 0
49 55 0
49 56 0
49 83 0
50 43 0
50 48 0
50 59 0
50 81 0
51 47 0
52 47 0
53 46 0
54 46 0
55 49 0
56 49 0
57 9 0
57 10 0
58 30 0
58 31 0
59 50 0
60 61 0
60 83 0
61 60 0
61 62 0
61 63 0
62 61 0
63 61 0
63 64 0
64 63 0
65 66 0
65 80 0
66 65 0
66 67 0
66 68 0
67 66 0
68 66 0
68 69 0
69 68 0
70 71 0
70 82 0
71 70 0
71 72 0
71 73 0
72 71 0
73 71 0
73 74 0
74 73 0
75 76 0
75 81 0
76 75 0
76 77 0
76 78 0
77 76 0
78 76 0
78 79 0
79 78 0
80 47 0
80 65 0
81 50 0
81 75 0
82 46 0
82 70 0
83 49 0
83 60 0
GraphDataEnd
GraphEnd
NodeEnd
END_EPT
