BEGIN_EPT
AnchorID: 10387  # ID of the anchor node
RootIndex: 0  # Index of the root node in tree_nodes
NodeCount: 1  # Total number of nodes in the EPT
NodeStart
EPTNodeID: 0
AnchorID: 10387
TreeNodeGraphID: 0
Level: 0
SimplifiedLevel: 0
EditOperation: -1 0 -1 0 0
AccumulatedOpsCount: 0
ChildrenCount: 0
ChildIndices:
CompletedDBGraphIDsCount: 0
GraphStart
GraphDataStart
ID: 0
NumNodes: 90
NumEdges: 212
NodeLabels
0 2 0 2 2 2 2 2 2 2 2 2 2 0 2 2 2 3 2 2 2 2 0 2 0 2 0 2 0 2 2 2 2 2 2 2 2 2 2 0 2 2 2 3 2 2 2 2 0 2 0 2 0 2 0 2 2 2 2 2 2 2 2 2 2 0 2 2 2 3 2 2 2 2 0 2 0 2 2 2 3 3 11 1 3 2 2 2 2 0 
Edges
0 1 0
0 4 0
1 0 0
1 2 0
2 1 0
2 3 0
3 2 0
3 4 0
3 5 0
4 0 0
4 3 0
4 8 0
5 3 0
5 6 0
6 5 0
6 7 0
6 9 0
7 6 0
7 8 0
7 12 0
8 4 0
8 7 0
9 6 0
9 10 0
9 17 0
10 9 0
10 11 0
10 14 0
11 10 0
11 12 0
11 13 0
12 7 0
12 11 0
13 11 0
14 10 0
14 15 0
14 21 0
15 14 0
15 16 0
15 18 0
16 15 0
16 17 0
17 9 0
17 16 0
17 25 0
17 78 0
18 15 0
18 19 0
18 24 0
19 18 0
19 20 0
19 22 0
20 19 0
20 21 0
21 14 0
21 20 0
22 19 0
22 23 0
23 22 0
23 24 0
24 18 0
24 23 0
25 17 0
26 27 0
26 30 0
27 26 0
27 28 0
28 27 0
28 29 0
29 28 0
29 30 0
29 31 0
30 26 0
30 29 0
30 34 0
31 29 0
31 32 0
32 31 0
32 33 0
32 35 0
33 32 0
33 34 0
33 38 0
34 30 0
34 33 0
35 32 0
35 36 0
35 43 0
36 35 0
36 37 0
36 40 0
37 36 0
37 38 0
37 39 0
38 33 0
38 37 0
39 37 0
40 36 0
40 41 0
40 47 0
41 40 0
41 42 0
41 44 0
42 41 0
42 43 0
43 35 0
43 42 0
43 51 0
43 88 0
44 41 0
44 45 0
44 50 0
45 44 0
45 46 0
45 48 0
46 45 0
46 47 0
47 40 0
47 46 0
48 45 0
48 49 0
49 48 0
49 50 0
50 44 0
50 49 0
51 43 0
52 53 0
52 56 0
53 52 0
53 54 0
54 53 0
54 55 0
55 54 0
55 56 0
55 57 0
56 52 0
56 55 0
56 60 0
57 55 0
57 58 0
58 57 0
58 59 0
58 61 0
59 58 0
59 60 0
59 64 0
60 56 0
60 59 0
61 58 0
61 62 0
61 69 0
62 61 0
62 63 0
62 66 0
63 62 0
63 64 0
63 65 0
64 59 0
64 63 0
65 63 0
66 62 0
66 67 0
66 73 0
67 66 0
67 68 0
67 70 0
68 67 0
68 69 0
69 61 0
69 68 0
69 77 0
69 86 0
70 67 0
70 71 0
70 76 0
71 70 0
71 72 0
71 74 0
72 71 0
72 73 0
73 66 0
73 72 0
74 71 0
74 75 0
75 74 0
75 76 0
76 70 0
76 75 0
77 69 0
77 85 0
78 17 0
78 79 0
79 78 0
79 81 0
80 82 0
80 87 0
81 79 0
81 82 0
82 80 0
82 81 0
82 83 0
82 84 0
83 82 0
84 82 0
84 85 0
85 77 0
85 84 0
86 69 0
87 80 0
87 88 0
88 43 0
88 87 0
GraphDataEnd
GraphEnd
NodeEnd
END_EPT
