BEGIN_EPT
AnchorID: 17939  # ID of the anchor node
RootIndex: 0  # Index of the root node in tree_nodes
NodeCount: 1  # Total number of nodes in the EPT
NodeStart
EPTNodeID: 0
AnchorID: 17939
TreeNodeGraphID: 0
Level: 0
SimplifiedLevel: 0
EditOperation: -1 0 -1 0 0
AccumulatedOpsCount: 0
ChildrenCount: 0
ChildIndices:
CompletedDBGraphIDsCount: 0
GraphStart
GraphDataStart
ID: 0
NumNodes: 71
NumEdges: 168
NodeLabels
29 2 2 2 2 2 29 2 2 2 2 2 2 0 3 0 3 0 11 11 2 2 2 2 11 11 2 2 2 2 2 2 2 2 2 2 2 2 2 2 2 2 2 2 2 2 2 2 2 2 11 12 12 12 12 12 12 2 2 2 2 2 2 2 2 2 2 2 2 2 2 
Edges
0 1 0
0 2 0
0 3 0
0 4 0
0 5 0
0 12 0
0 14 0
1 0 0
1 2 0
1 5 0
2 0 0
2 1 0
2 3 0
3 0 0
3 2 0
3 4 0
4 0 0
4 3 0
4 5 0
5 0 0
5 1 0
5 4 0
6 7 0
6 8 0
6 9 0
6 10 0
6 11 0
6 12 0
6 16 0
7 6 0
7 8 0
7 11 0
8 6 0
8 7 0
8 9 0
9 6 0
9 8 0
9 10 0
10 6 0
10 9 0
10 11 0
11 6 0
11 7 0
11 10 0
12 0 0
12 6 0
12 13 0
13 12 0
14 0 0
14 15 0
15 14 0
16 6 0
16 17 0
17 16 0
18 20 0
18 33 0
18 44 0
19 22 0
19 26 0
19 39 0
20 18 0
20 21 0
21 20 0
21 25 0
22 19 0
22 23 0
23 22 0
23 25 0
24 60 0
24 66 0
24 69 0
25 21 0
25 23 0
25 70 0
26 19 0
26 27 0
26 31 0
27 26 0
27 28 0
28 27 0
28 29 0
29 28 0
29 30 0
30 29 0
30 31 0
31 26 0
31 30 0
32 33 0
32 37 0
33 18 0
33 32 0
33 34 0
34 33 0
34 35 0
35 34 0
35 36 0
36 35 0
36 37 0
37 32 0
37 36 0
38 39 0
38 43 0
39 19 0
39 38 0
39 40 0
40 39 0
40 41 0
41 40 0
41 42 0
42 41 0
42 43 0
43 38 0
43 42 0
44 18 0
44 45 0
44 49 0
45 44 0
45 46 0
46 45 0
46 47 0
47 46 0
47 48 0
48 47 0
48 49 0
49 44 0
49 48 0
50 51 0
50 52 0
50 53 0
50 54 0
50 55 0
50 56 0
51 50 0
52 50 0
53 50 0
54 50 0
55 50 0
56 50 0
57 58 0
57 62 0
58 57 0
58 59 0
59 58 0
59 60 0
60 24 0
60 59 0
60 61 0
61 60 0
61 62 0
62 57 0
62 61 0
63 64 0
63 68 0
64 63 0
64 65 0
65 64 0
65 66 0
66 24 0
66 65 0
66 67 0
67 66 0
67 68 0
68 63 0
68 67 0
69 24 0
69 70 0
70 25 0
70 69 0
GraphDataEnd
GraphEnd
NodeEnd
END_EPT
