BEGIN_EPT
AnchorID: 32851  # ID of the anchor node
RootIndex: 0  # Index of the root node in tree_nodes
NodeCount: 1  # Total number of nodes in the EPT
NodeStart
EPTNodeID: 0
AnchorID: 32851
TreeNodeGraphID: 0
Level: 0
SimplifiedLevel: 0
EditOperation: -1 0 -1 0 0
AccumulatedOpsCount: 0
ChildrenCount: 0
ChildIndices:
CompletedDBGraphIDsCount: 0
GraphStart
GraphDataStart
ID: 0
NumNodes: 100
NumEdges: 224
NodeLabels
2 2 2 2 2 2 2 2 2 2 2 2 2 2 2 2 2 2 2 2 2 0 0 11 11 2 2 2 2 2 2 2 2 2 2 2 2 2 2 2 2 2 2 2 2 2 2 2 2 2 2 2 2 2 2 2 2 2 2 2 2 2 2 2 2 2 2 2 2 2 0 0 11 11 2 2 2 2 2 2 2 2 2 2 2 2 2 2 2 2 2 2 2 2 2 2 2 2 2 2 
Edges
0 1 0
0 4 0
1 0 0
1 2 0
1 99 0
2 1 0
2 9 0
2 21 0
3 4 0
3 9 0
4 0 0
4 3 0
4 5 0
5 4 0
5 6 0
5 7 0
5 8 0
6 5 0
7 5 0
8 5 0
9 2 0
9 3 0
9 10 0
10 9 0
10 11 0
11 10 0
11 12 0
11 15 0
12 11 0
12 13 0
13 12 0
13 14 0
13 17 0
14 13 0
14 16 0
15 11 0
15 16 0
15 22 0
16 14 0
16 15 0
16 98 0
17 13 0
17 18 0
17 19 0
17 20 0
18 17 0
19 17 0
20 17 0
21 2 0
21 23 0
22 15 0
22 24 0
23 21 0
23 37 0
23 43 0
24 22 0
24 25 0
24 31 0
25 24 0
25 26 0
25 30 0
26 25 0
26 27 0
27 26 0
27 28 0
28 27 0
28 29 0
29 28 0
29 30 0
30 25 0
30 29 0
31 24 0
31 32 0
31 36 0
32 31 0
32 33 0
33 32 0
33 34 0
34 33 0
34 35 0
35 34 0
35 36 0
36 31 0
36 35 0
37 23 0
37 38 0
37 42 0
38 37 0
38 39 0
39 38 0
39 40 0
40 39 0
40 41 0
41 40 0
41 42 0
42 37 0
42 41 0
43 23 0
43 44 0
43 48 0
44 43 0
44 45 0
45 44 0
45 46 0
46 45 0
46 47 0
47 46 0
47 48 0
48 43 0
48 47 0
49 50 0
49 53 0
50 49 0
50 51 0
50 99 0
51 50 0
51 58 0
51 70 0
52 53 0
52 58 0
53 49 0
53 52 0
53 54 0
54 53 0
54 55 0
54 56 0
54 57 0
55 54 0
56 54 0
57 54 0
58 51 0
58 52 0
58 59 0
59 58 0
59 60 0
60 59 0
60 61 0
60 64 0
61 60 0
61 62 0
62 61 0
62 63 0
62 66 0
63 62 0
63 65 0
64 60 0
64 65 0
64 71 0
65 63 0
65 64 0
65 98 0
66 62 0
66 67 0
66 68 0
66 69 0
67 66 0
68 66 0
69 66 0
70 51 0
70 72 0
71 64 0
71 73 0
72 70 0
72 86 0
72 92 0
73 71 0
73 74 0
73 80 0
74 73 0
74 75 0
74 79 0
75 74 0
75 76 0
76 75 0
76 77 0
77 76 0
77 78 0
78 77 0
78 79 0
79 74 0
79 78 0
80 73 0
80 81 0
80 85 0
81 80 0
81 82 0
82 81 0
82 83 0
83 82 0
83 84 0
84 83 0
84 85 0
85 80 0
85 84 0
86 72 0
86 87 0
86 91 0
87 86 0
87 88 0
88 87 0
88 89 0
89 88 0
89 90 0
90 89 0
90 91 0
91 86 0
91 90 0
92 72 0
92 93 0
92 97 0
93 92 0
93 94 0
94 93 0
94 95 0
95 94 0
95 96 0
96 95 0
96 97 0
97 92 0
97 96 0
98 16 0
98 65 0
99 1 0
99 50 0
GraphDataEnd
GraphEnd
NodeEnd
END_EPT
