BEGIN_EPT
AnchorID: 37197  # ID of the anchor node
RootIndex: 0  # Index of the root node in tree_nodes
NodeCount: 1  # Total number of nodes in the EPT
NodeStart
EPTNodeID: 0
AnchorID: 37197
TreeNodeGraphID: 0
Level: 0
SimplifiedLevel: 0
EditOperation: -1 0 -1 0 0
AccumulatedOpsCount: 0
ChildrenCount: 0
ChildIndices:
CompletedDBGraphIDsCount: 0
GraphStart
GraphDataStart
ID: 0
NumNodes: 66
NumEdges: 144
NodeLabels
0 2 2 2 2 0 2 2 0 2 2 0 2 0 2 2 0 2 2 2 0 2 2 0 2 0 2 0 2 2 11 2 2 2 2 2 2 0 2 2 0 2 2 2 2 2 2 0 2 2 11 0 2 2 2 2 2 2 2 2 2 2 2 2 2 2 
Edges
0 1 0
0 3 0
1 0 0
1 2 0
2 1 0
2 11 0
3 0 0
3 4 0
4 3 0
4 5 0
5 4 0
5 6 0
6 5 0
6 7 0
7 6 0
7 8 0
8 7 0
8 9 0
9 8 0
9 10 0
10 9 0
10 13 0
11 2 0
11 61 0
12 13 0
12 15 0
12 61 0
13 10 0
13 12 0
14 15 0
14 50 0
14 63 0
15 12 0
15 14 0
16 17 0
16 18 0
17 16 0
17 65 0
18 16 0
18 19 0
19 18 0
19 20 0
20 19 0
20 21 0
21 20 0
21 22 0
22 21 0
22 23 0
23 22 0
23 24 0
24 23 0
24 64 0
25 26 0
25 65 0
26 25 0
26 28 0
26 60 0
27 60 0
27 64 0
28 26 0
28 29 0
29 28 0
29 30 0
29 58 0
30 29 0
30 31 0
30 37 0
30 38 0
31 30 0
31 32 0
31 36 0
32 31 0
32 33 0
33 32 0
33 34 0
34 33 0
34 35 0
35 34 0
35 36 0
36 31 0
36 35 0
37 30 0
38 30 0
38 39 0
39 38 0
39 40 0
40 39 0
40 41 0
41 40 0
41 42 0
41 46 0
42 41 0
42 43 0
42 47 0
43 42 0
43 44 0
44 43 0
44 45 0
45 44 0
45 46 0
46 41 0
46 45 0
47 42 0
47 48 0
48 47 0
48 49 0
49 48 0
49 50 0
50 14 0
50 49 0
50 51 0
50 52 0
51 50 0
52 50 0
52 53 0
52 57 0
53 52 0
53 54 0
54 53 0
54 55 0
55 54 0
55 56 0
56 55 0
56 57 0
57 52 0
57 56 0
58 29 0
58 59 0
59 58 0
59 60 0
60 26 0
60 27 0
60 59 0
61 11 0
61 12 0
61 62 0
62 61 0
62 63 0
63 14 0
63 62 0
64 24 0
64 27 0
65 17 0
65 25 0
GraphDataEnd
GraphEnd
NodeEnd
END_EPT
