BEGIN_EPT
AnchorID: 275  # ID of the anchor node
RootIndex: 0  # Index of the root node in tree_nodes
NodeCount: 1  # Total number of nodes in the EPT
NodeStart
EPTNodeID: 0
AnchorID: 275
TreeNodeGraphID: 0
Level: 0
SimplifiedLevel: 0
EditOperation: -1 0 -1 0 0
AccumulatedOpsCount: 0
ChildrenCount: 0
ChildIndices:
CompletedDBGraphIDsCount: 0
GraphStart
GraphDataStart
ID: 0
NumNodes: 96
NumEdges: 204
NodeLabels
2 2 0 2 3 2 2 2 3 2 3 0 2 0 3 2 0 2 2 0 2 2 3 2 2 2 2 0 2 2 2 2 2 2 0 2 0 0 0 3 2 3 2 2 0 2 2 3 2 3 0 0 2 2 2 2 2 2 0 0 2 0 2 2 3 0 2 3 3 0 2 0 3 0 2 2 2 3 1 2 2 2 3 1 2 2 2 3 0 2 2 3 2 2 2 0 
Edges
0 1 0
0 2 0
0 3 0
1 0 0
1 4 0
1 5 0
2 0 0
2 6 0
3 0 0
3 7 0
3 8 0
4 1 0
4 9 0
5 1 0
5 10 0
5 11 0
6 2 0
6 12 0
6 13 0
7 3 0
7 14 0
8 3 0
8 15 0
9 4 0
9 16 0
9 17 0
10 5 0
10 18 0
11 5 0
12 6 0
12 19 0
12 20 0
13 6 0
13 21 0
14 7 0
14 15 0
15 8 0
15 14 0
16 9 0
17 9 0
17 22 0
17 23 0
18 10 0
18 24 0
18 25 0
19 12 0
19 26 0
20 12 0
20 27 0
20 28 0
21 13 0
21 28 0
21 29 0
22 17 0
22 30 0
23 17 0
23 31 0
23 32 0
24 18 0
24 33 0
24 34 0
25 18 0
26 19 0
26 35 0
26 36 0
27 20 0
28 20 0
28 21 0
28 37 0
29 21 0
29 38 0
30 22 0
30 39 0
30 40 0
31 23 0
32 23 0
32 39 0
32 41 0
33 24 0
33 42 0
33 43 0
34 24 0
35 26 0
35 44 0
35 45 0
36 26 0
36 46 0
37 28 0
38 29 0
39 30 0
39 32 0
40 30 0
40 47 0
40 48 0
41 32 0
42 33 0
42 49 0
42 50 0
43 33 0
44 35 0
45 35 0
45 51 0
45 52 0
46 36 0
46 52 0
46 53 0
47 40 0
47 54 0
47 55 0
48 40 0
48 55 0
49 42 0
49 56 0
50 42 0
51 45 0
51 57 0
52 45 0
52 46 0
52 58 0
53 46 0
53 59 0
54 47 0
54 60 0
55 47 0
55 48 0
55 61 0
56 49 0
56 62 0
56 63 0
57 51 0
57 64 0
57 65 0
58 52 0
59 53 0
60 54 0
60 66 0
60 67 0
61 55 0
62 56 0
62 68 0
62 69 0
63 56 0
63 70 0
63 71 0
64 57 0
65 57 0
66 60 0
66 72 0
66 73 0
67 60 0
68 62 0
68 74 0
69 62 0
70 63 0
71 63 0
72 66 0
73 66 0
74 68 0
74 75 0
75 74 0
75 76 0
76 75 0
76 77 0
76 78 0
77 76 0
77 79 0
78 76 0
78 80 0
79 77 0
79 80 0
79 81 0
80 78 0
80 79 0
81 79 0
81 82 0
81 83 0
82 81 0
82 84 0
83 81 0
83 85 0
84 82 0
84 85 0
84 86 0
85 83 0
85 84 0
86 84 0
86 87 0
86 88 0
87 86 0
87 89 0
88 86 0
89 87 0
89 90 0
90 89 0
90 91 0
91 90 0
91 92 0
92 91 0
92 93 0
93 92 0
93 94 0
93 95 0
94 93 0
95 93 0
GraphDataEnd
GraphEnd
NodeEnd
END_EPT
