BEGIN_EPT
AnchorID: 34893  # ID of the anchor node
RootIndex: 0  # Index of the root node in tree_nodes
NodeCount: 1  # Total number of nodes in the EPT
NodeStart
EPTNodeID: 0
AnchorID: 34893
TreeNodeGraphID: 0
Level: 0
SimplifiedLevel: 0
EditOperation: -1 0 -1 0 0
AccumulatedOpsCount: 0
ChildrenCount: 0
ChildIndices:
CompletedDBGraphIDsCount: 0
GraphStart
GraphDataStart
ID: 0
NumNodes: 106
NumEdges: 214
NodeLabels
2 2 3 2 2 2 0 2 2 3 3 2 3 2 0 2 3 2 2 2 2 3 2 0 2 2 2 2 2 2 2 0 2 0 2 2 2 2 0 2 2 0 2 2 2 2 2 0 2 2 2 2 2 3 2 2 2 2 2 2 0 0 3 3 0 0 3 3 3 0 2 2 2 2 2 2 2 2 2 2 2 2 2 0 2 2 0 2 2 3 3 0 0 2 2 2 3 3 0 0 2 2 2 3 0 3 
Edges
0 1 0
0 3 0
0 89 0
1 0 0
1 6 0
1 72 0
2 3 0
2 5 0
3 0 0
3 2 0
3 31 0
4 5 0
4 9 0
4 33 0
5 2 0
5 4 0
5 32 0
6 1 0
6 7 0
7 6 0
7 11 0
7 41 0
8 9 0
8 22 0
8 34 0
9 4 0
9 8 0
10 18 0
10 19 0
10 77 0
11 7 0
11 12 0
11 73 0
12 11 0
12 13 0
12 74 0
13 12 0
13 14 0
13 15 0
14 13 0
15 13 0
15 16 0
15 24 0
16 15 0
16 17 0
17 16 0
17 18 0
17 23 0
18 10 0
18 17 0
18 100 0
19 10 0
19 20 0
19 64 0
20 19 0
20 21 0
20 39 0
21 20 0
21 22 0
22 8 0
22 21 0
22 38 0
23 17 0
24 15 0
24 25 0
24 69 0
25 24 0
25 26 0
25 30 0
26 25 0
26 27 0
27 26 0
27 28 0
28 27 0
28 29 0
28 99 0
29 28 0
29 30 0
30 25 0
30 29 0
31 3 0
32 5 0
32 65 0
32 71 0
33 4 0
34 8 0
34 35 0
35 34 0
35 36 0
36 35 0
36 68 0
37 66 0
37 67 0
37 68 0
38 22 0
39 20 0
39 40 0
40 39 0
40 75 0
40 76 0
41 7 0
42 43 0
42 83 0
42 89 0
43 42 0
43 44 0
43 97 0
44 43 0
44 84 0
44 88 0
45 46 0
45 47 0
45 97 0
46 45 0
46 48 0
46 91 0
47 45 0
48 46 0
48 49 0
48 92 0
49 48 0
49 90 0
49 93 0
50 62 0
50 63 0
50 96 0
51 52 0
51 60 0
51 90 0
52 51 0
52 53 0
52 78 0
53 52 0
53 54 0
54 53 0
54 55 0
54 61 0
55 54 0
55 56 0
55 79 0
56 55 0
56 57 0
56 98 0
57 56 0
57 58 0
57 80 0
58 57 0
58 59 0
59 58 0
59 81 0
59 82 0
60 51 0
61 54 0
62 50 0
63 50 0
64 19 0
65 32 0
66 37 0
67 37 0
68 36 0
68 37 0
69 24 0
69 70 0
70 69 0
71 32 0
72 1 0
73 11 0
74 12 0
75 40 0
76 40 0
77 10 0
78 52 0
79 55 0
80 57 0
81 59 0
82 59 0
83 42 0
84 44 0
84 85 0
84 87 0
85 84 0
85 86 0
85 103 0
86 85 0
87 84 0
88 44 0
89 0 0
89 42 0
90 49 0
90 51 0
91 46 0
92 48 0
93 49 0
93 94 0
94 93 0
94 95 0
95 94 0
95 96 0
96 50 0
96 95 0
97 43 0
97 45 0
98 56 0
99 28 0
100 18 0
100 101 0
101 100 0
101 102 0
102 101 0
102 104 0
102 105 0
103 85 0
104 102 0
105 102 0
GraphDataEnd
GraphEnd
NodeEnd
END_EPT
