BEGIN_EPT
AnchorID: 10755  # ID of the anchor node
RootIndex: 0  # Index of the root node in tree_nodes
NodeCount: 1  # Total number of nodes in the EPT
NodeStart
EPTNodeID: 0
AnchorID: 10755
TreeNodeGraphID: 0
Level: 0
SimplifiedLevel: 0
EditOperation: -1 0 -1 0 0
AccumulatedOpsCount: 0
ChildrenCount: 0
ChildIndices:
CompletedDBGraphIDsCount: 0
GraphStart
GraphDataStart
ID: 0
NumNodes: 78
NumEdges: 170
NodeLabels
2 2 2 2 2 2 2 2 2 2 2 2 1 1 2 0 2 0 2 2 2 2 2 2 2 2 2 2 2 2 2 2 2 2 2 2 2 2 2 2 2 2 1 1 0 0 0 0 3 3 1 0 0 2 2 2 2 2 2 3 1 0 0 2 2 2 2 2 2 3 3 2 0 2 3 2 0 2 
Edges
0 1 0
0 5 0
1 0 0
1 2 0
2 1 0
2 3 0
2 14 0
3 2 0
3 4 0
3 12 0
4 3 0
4 5 0
5 0 0
5 4 0
6 7 0
6 11 0
7 6 0
7 8 0
7 13 0
8 7 0
8 9 0
8 16 0
9 8 0
9 10 0
10 9 0
10 11 0
11 6 0
11 10 0
12 3 0
12 13 0
13 7 0
13 12 0
14 2 0
14 15 0
14 48 0
15 14 0
16 8 0
16 17 0
16 49 0
17 16 0
18 19 0
18 23 0
18 48 0
19 18 0
19 20 0
20 19 0
20 21 0
21 20 0
21 22 0
21 42 0
22 21 0
22 23 0
23 18 0
23 22 0
24 25 0
24 29 0
24 49 0
25 24 0
25 26 0
26 25 0
26 27 0
27 26 0
27 28 0
27 43 0
28 27 0
28 29 0
29 24 0
29 28 0
30 31 0
30 35 0
31 30 0
31 32 0
32 31 0
32 33 0
32 59 0
33 32 0
33 34 0
34 33 0
34 35 0
35 30 0
35 34 0
35 42 0
36 37 0
36 41 0
37 36 0
37 38 0
38 37 0
38 39 0
38 69 0
39 38 0
39 40 0
40 39 0
40 41 0
41 36 0
41 40 0
41 43 0
42 21 0
42 35 0
42 44 0
42 47 0
43 27 0
43 41 0
43 45 0
43 46 0
44 42 0
45 43 0
46 43 0
47 42 0
48 14 0
48 18 0
49 16 0
49 24 0
50 51 0
50 52 0
50 53 0
50 59 0
51 50 0
52 50 0
53 50 0
53 54 0
53 58 0
54 53 0
54 55 0
55 54 0
55 56 0
56 55 0
56 57 0
56 70 0
57 56 0
57 58 0
58 53 0
58 57 0
59 32 0
59 50 0
60 61 0
60 62 0
60 63 0
60 69 0
61 60 0
62 60 0
63 60 0
63 64 0
63 68 0
64 63 0
64 65 0
65 64 0
65 66 0
66 65 0
66 67 0
66 74 0
67 66 0
67 68 0
68 63 0
68 67 0
69 38 0
69 60 0
70 56 0
70 71 0
71 70 0
71 72 0
71 73 0
72 71 0
73 71 0
74 66 0
74 75 0
75 74 0
75 76 0
75 77 0
76 75 0
77 75 0
GraphDataEnd
GraphEnd
NodeEnd
END_EPT
