BEGIN_EPT
AnchorID: 7260  # ID of the anchor node
RootIndex: 0  # Index of the root node in tree_nodes
NodeCount: 1  # Total number of nodes in the EPT
NodeStart
EPTNodeID: 0
AnchorID: 7260
TreeNodeGraphID: 0
Level: 0
SimplifiedLevel: 0
EditOperation: -1 0 -1 0 0
AccumulatedOpsCount: 0
ChildrenCount: 0
ChildIndices:
CompletedDBGraphIDsCount: 0
GraphStart
GraphDataStart
ID: 0
NumNodes: 135
NumEdges: 298
NodeLabels
2 2 2 2 2 2 2 2 2 2 2 2 0 0 2 2 2 2 2 2 0 2 2 2 2 2 2 2 2 2 2 0 2 2 0 2 2 0 2 2 2 2 2 2 2 3 2 1 2 2 2 2 2 2 2 0 0 2 2 0 2 2 0 2 2 2 2 2 2 2 3 2 1 2 2 2 2 2 2 2 0 0 2 2 2 2 0 2 2 0 2 0 2 2 0 2 2 2 2 2 2 2 2 2 2 2 2 2 2 3 3 1 1 2 2 2 2 2 2 2 2 2 2 2 2 2 2 0 0 0 0 2 2 2 2 
Edges
0 1 0
0 5 0
0 26 0
1 0 0
1 2 0
2 1 0
2 3 0
3 2 0
3 4 0
4 3 0
4 5 0
4 27 0
5 0 0
5 4 0
5 12 0
6 7 0
6 11 0
6 28 0
7 6 0
7 8 0
8 7 0
8 9 0
9 8 0
9 10 0
10 9 0
10 11 0
10 29 0
11 6 0
11 10 0
11 31 0
12 5 0
12 83 0
13 14 0
13 32 0
14 13 0
14 15 0
14 19 0
15 14 0
15 16 0
15 26 0
16 15 0
16 17 0
17 16 0
17 18 0
18 17 0
18 19 0
19 14 0
19 18 0
19 28 0
20 21 0
20 57 0
21 20 0
21 22 0
21 30 0
22 21 0
22 23 0
22 27 0
23 22 0
23 24 0
24 23 0
24 25 0
25 24 0
25 30 0
26 0 0
26 15 0
27 4 0
27 22 0
28 6 0
28 19 0
29 10 0
29 30 0
30 21 0
30 25 0
30 29 0
31 11 0
31 84 0
32 13 0
32 33 0
33 32 0
33 34 0
34 33 0
34 35 0
35 34 0
35 36 0
36 35 0
36 37 0
37 36 0
37 38 0
38 37 0
38 39 0
38 43 0
39 38 0
39 40 0
40 39 0
40 41 0
41 40 0
41 42 0
42 41 0
42 43 0
43 38 0
43 42 0
43 44 0
44 43 0
44 45 0
45 44 0
45 46 0
45 47 0
46 45 0
46 82 0
47 45 0
47 48 0
47 55 0
47 56 0
48 47 0
48 49 0
48 53 0
49 48 0
49 50 0
50 49 0
50 51 0
51 50 0
51 52 0
51 54 0
52 51 0
52 53 0
53 48 0
53 52 0
54 51 0
55 47 0
56 47 0
57 20 0
57 58 0
58 57 0
58 59 0
59 58 0
59 60 0
60 59 0
60 61 0
61 60 0
61 62 0
62 61 0
62 63 0
63 62 0
63 64 0
63 68 0
64 63 0
64 65 0
64 69 0
65 64 0
65 66 0
66 65 0
66 67 0
67 66 0
67 68 0
68 63 0
68 67 0
69 64 0
69 70 0
70 69 0
70 71 0
70 72 0
71 70 0
71 82 0
72 70 0
72 73 0
72 80 0
72 81 0
73 72 0
73 74 0
73 78 0
74 73 0
74 75 0
75 74 0
75 76 0
76 75 0
76 77 0
76 79 0
77 76 0
77 78 0
78 73 0
78 77 0
79 76 0
80 72 0
81 72 0
82 46 0
82 71 0
83 12 0
83 90 0
84 31 0
84 85 0
85 84 0
85 86 0
86 85 0
86 87 0
87 86 0
87 88 0
88 87 0
88 89 0
89 88 0
89 101 0
90 83 0
90 91 0
91 90 0
91 92 0
92 91 0
92 93 0
93 92 0
93 94 0
94 93 0
94 95 0
95 94 0
95 96 0
95 100 0
96 95 0
96 97 0
96 107 0
97 96 0
97 98 0
98 97 0
98 99 0
99 98 0
99 100 0
100 95 0
100 99 0
101 89 0
101 102 0
101 106 0
102 101 0
102 103 0
103 102 0
103 104 0
104 103 0
104 105 0
105 104 0
105 106 0
106 101 0
106 105 0
106 108 0
107 96 0
107 109 0
108 106 0
108 110 0
109 107 0
109 112 0
109 134 0
110 108 0
110 111 0
110 132 0
111 110 0
111 119 0
111 127 0
111 128 0
112 109 0
112 113 0
112 129 0
112 130 0
113 112 0
113 114 0
113 118 0
114 113 0
114 115 0
115 114 0
115 116 0
116 115 0
116 117 0
116 125 0
117 116 0
117 118 0
118 113 0
118 117 0
119 111 0
119 120 0
119 124 0
120 119 0
120 121 0
121 120 0
121 122 0
122 121 0
122 123 0
122 126 0
123 122 0
123 124 0
124 119 0
124 123 0
125 116 0
126 122 0
127 111 0
128 111 0
129 112 0
130 112 0
131 133 0
131 134 0
132 110 0
132 133 0
133 131 0
133 132 0
134 109 0
134 131 0
GraphDataEnd
GraphEnd
NodeEnd
END_EPT
