BEGIN_EPT
AnchorID: 39558  # ID of the anchor node
RootIndex: 0  # Index of the root node in tree_nodes
NodeCount: 1  # Total number of nodes in the EPT
NodeStart
EPTNodeID: 0
AnchorID: 39558
TreeNodeGraphID: 0
Level: 0
SimplifiedLevel: 0
EditOperation: -1 0 -1 0 0
AccumulatedOpsCount: 0
ChildrenCount: 0
ChildIndices:
CompletedDBGraphIDsCount: 0
GraphStart
GraphDataStart
ID: 0
NumNodes: 92
NumEdges: 198
NodeLabels
2 2 2 2 2 2 2 2 2 11 0 0 0 11 0 0 2 0 2 2 2 2 2 2 3 2 0 2 2 2 2 3 3 2 0 2 2 2 2 3 3 2 2 2 2 2 2 2 2 2 11 0 0 0 11 0 0 2 0 2 2 2 2 2 2 3 2 0 2 2 2 2 3 3 2 0 2 2 2 2 3 3 2 0 2 2 2 2 2 2 2 2 
Edges
0 1 0
0 8 0
1 0 0
1 2 0
2 1 0
2 3 0
2 6 0
3 2 0
3 4 0
3 13 0
4 3 0
4 5 0
5 4 0
5 19 0
5 24 0
6 2 0
6 7 0
6 19 0
7 6 0
7 8 0
7 9 0
8 0 0
8 7 0
9 7 0
9 10 0
9 11 0
9 12 0
10 9 0
10 20 0
11 9 0
11 21 0
12 9 0
13 3 0
13 14 0
13 15 0
13 17 0
14 13 0
15 13 0
15 16 0
16 15 0
16 90 0
17 13 0
17 18 0
18 17 0
18 91 0
19 5 0
19 6 0
20 10 0
20 23 0
21 11 0
21 22 0
22 21 0
23 20 0
24 5 0
24 25 0
25 24 0
25 26 0
25 27 0
26 25 0
27 25 0
27 28 0
27 31 0
28 27 0
28 29 0
29 28 0
29 30 0
29 32 0
30 29 0
30 31 0
31 27 0
31 30 0
31 84 0
32 29 0
32 33 0
33 32 0
33 34 0
33 35 0
34 33 0
35 33 0
35 36 0
35 39 0
36 35 0
36 37 0
37 36 0
37 38 0
37 40 0
38 37 0
38 39 0
39 35 0
39 38 0
39 85 0
40 37 0
40 82 0
41 42 0
41 49 0
42 41 0
42 43 0
43 42 0
43 44 0
43 47 0
44 43 0
44 45 0
44 54 0
45 44 0
45 46 0
46 45 0
46 60 0
46 65 0
47 43 0
47 48 0
47 60 0
48 47 0
48 49 0
48 50 0
49 41 0
49 48 0
50 48 0
50 51 0
50 52 0
50 53 0
51 50 0
51 61 0
52 50 0
52 62 0
53 50 0
54 44 0
54 55 0
54 56 0
54 58 0
55 54 0
56 54 0
56 57 0
57 56 0
57 88 0
58 54 0
58 59 0
59 58 0
59 89 0
60 46 0
60 47 0
61 51 0
61 64 0
62 52 0
62 63 0
63 62 0
64 61 0
65 46 0
65 66 0
66 65 0
66 67 0
66 68 0
67 66 0
68 66 0
68 69 0
68 72 0
69 68 0
69 70 0
70 69 0
70 71 0
70 73 0
71 70 0
71 72 0
72 68 0
72 71 0
72 87 0
73 70 0
73 74 0
74 73 0
74 75 0
74 76 0
75 74 0
76 74 0
76 77 0
76 80 0
77 76 0
77 78 0
78 77 0
78 79 0
78 81 0
79 78 0
79 80 0
80 76 0
80 79 0
80 86 0
81 78 0
81 82 0
82 40 0
82 81 0
82 83 0
83 82 0
84 31 0
85 39 0
86 80 0
87 72 0
88 57 0
89 59 0
90 16 0
91 18 0
GraphDataEnd
GraphEnd
NodeEnd
END_EPT
