BEGIN_EPT
AnchorID: 24848  # ID of the anchor node
RootIndex: 0  # Index of the root node in tree_nodes
NodeCount: 2  # Total number of nodes in the EPT
NodeStart
EPTNodeID: 0
AnchorID: 24848
TreeNodeGraphID: 0
Level: 0
SimplifiedLevel: 0
EditOperation: -1 0 -1 0 0
AccumulatedOpsCount: 0
ChildrenCount: 1
ChildIndices: 1
CompletedDBGraphIDsCount: 0
GraphStart
GraphDataStart
ID: 0
NumNodes: 57
NumEdges: 122
NodeLabels
2 2 2 3 2 2 3 3 2 2 2 3 2 2 2 2 2 2 3 2 2 2 0 0 0 1 0 0 0 2 2 2 3 2 2 3 3 2 2 2 3 2 2 2 2 2 2 3 2 0 0 0 1 0 0 0 31 
Edges
0 1 0
0 5 0
1 0 0
1 2 0
2 1 0
2 3 0
2 7 0
3 2 0
3 4 0
4 3 0
4 5 0
5 0 0
5 4 0
6 7 0
6 10 0
7 2 0
7 6 0
7 8 0
8 7 0
8 9 0
8 24 0
9 8 0
9 10 0
9 11 0
10 6 0
10 9 0
10 21 0
11 9 0
11 18 0
12 13 0
12 17 0
12 18 0
13 12 0
13 14 0
14 13 0
14 15 0
15 14 0
15 16 0
15 19 0
16 15 0
16 17 0
16 25 0
17 12 0
17 16 0
18 11 0
18 12 0
19 15 0
19 20 0
20 19 0
20 44 0
21 10 0
21 22 0
21 23 0
22 21 0
23 21 0
24 8 0
25 16 0
25 26 0
25 27 0
25 28 0
26 25 0
27 25 0
28 25 0
29 30 0
29 34 0
30 29 0
30 31 0
31 30 0
31 32 0
31 35 0
32 31 0
32 33 0
33 32 0
33 34 0
34 29 0
34 33 0
35 31 0
35 36 0
35 39 0
36 35 0
36 37 0
37 36 0
37 38 0
37 48 0
38 37 0
38 39 0
38 40 0
39 35 0
39 38 0
39 51 0
40 38 0
40 47 0
41 42 0
41 46 0
41 47 0
42 41 0
42 43 0
43 42 0
43 44 0
44 20 0
44 43 0
44 45 0
45 44 0
45 46 0
45 52 0
46 41 0
46 45 0
47 40 0
47 41 0
48 37 0
48 49 0
48 50 0
49 48 0
50 48 0
51 39 0
52 45 0
52 53 0
52 54 0
52 55 0
53 52 0
54 52 0
55 52 0
GraphDataEnd
GraphEnd
NodeEnd
NodeStart
EPTNodeID: 1
AnchorID: 24848
TreeNodeGraphID: 1
Level: 1
SimplifiedLevel: 0
EditOperation: 2 57 0 0 46
AccumulatedOpsCount: 1
AccumulatedOp: 2 57 0 0 46
ChildrenCount: 0
ChildIndices:
CompletedDBGraphIDsCount: 1
CompletedDBGraphID: 31702
GraphStart
GraphDataStart
ID: 1
NumNodes: 58
NumEdges: 122
NodeLabels
2 2 2 3 2 2 3 3 2 2 2 3 2 2 2 2 2 2 3 2 2 2 0 0 0 1 0 0 0 2 2 2 3 2 2 3 3 2 2 2 3 2 2 2 2 2 2 3 2 0 0 0 1 0 0 0 31 46 
Edges
0 1 0
0 5 0
1 0 0
1 2 0
2 1 0
2 3 0
2 7 0
3 2 0
3 4 0
4 3 0
4 5 0
5 0 0
5 4 0
6 7 0
6 10 0
7 2 0
7 6 0
7 8 0
8 7 0
8 9 0
8 24 0
9 8 0
9 10 0
9 11 0
10 6 0
10 9 0
10 21 0
11 9 0
11 18 0
12 13 0
12 17 0
12 18 0
13 12 0
13 14 0
14 13 0
14 15 0
15 14 0
15 16 0
15 19 0
16 15 0
16 17 0
16 25 0
17 12 0
17 16 0
18 11 0
18 12 0
19 15 0
19 20 0
20 19 0
20 44 0
21 10 0
21 22 0
21 23 0
22 21 0
23 21 0
24 8 0
25 16 0
25 26 0
25 27 0
25 28 0
26 25 0
27 25 0
28 25 0
29 30 0
29 34 0
30 29 0
30 31 0
31 30 0
31 32 0
31 35 0
32 31 0
32 33 0
33 32 0
33 34 0
34 29 0
34 33 0
35 31 0
35 36 0
35 39 0
36 35 0
36 37 0
37 36 0
37 38 0
37 48 0
38 37 0
38 39 0
38 40 0
39 35 0
39 38 0
39 51 0
40 38 0
40 47 0
41 42 0
41 46 0
41 47 0
42 41 0
42 43 0
43 42 0
43 44 0
44 20 0
44 43 0
44 45 0
45 44 0
45 46 0
45 52 0
46 41 0
46 45 0
47 40 0
47 41 0
48 37 0
48 49 0
48 50 0
49 48 0
50 48 0
51 39 0
52 45 0
52 53 0
52 54 0
52 55 0
53 52 0
54 52 0
55 52 0
GraphDataEnd
GraphEnd
NodeEnd
END_EPT
