BEGIN_EPT
AnchorID: 21066  # ID of the anchor node
RootIndex: 0  # Index of the root node in tree_nodes
NodeCount: 1  # Total number of nodes in the EPT
NodeStart
EPTNodeID: 0
AnchorID: 21066
TreeNodeGraphID: 0
Level: 0
SimplifiedLevel: 0
EditOperation: -1 0 -1 0 0
AccumulatedOpsCount: 0
ChildrenCount: 0
ChildIndices:
CompletedDBGraphIDsCount: 0
GraphStart
GraphDataStart
ID: 0
NumNodes: 93
NumEdges: 204
NodeLabels
0 2 2 2 2 0 2 2 2 2 2 2 0 0 2 0 2 2 2 2 2 2 2 2 0 2 2 2 2 0 2 2 2 2 2 2 2 2 0 2 2 0 2 2 2 2 2 0 3 2 2 2 2 2 0 0 3 0 2 2 2 2 0 0 0 0 2 2 2 2 2 2 0 2 2 0 2 2 0 2 2 0 2 2 0 2 0 2 2 2 2 2 0 
Edges
0 1 0
1 0 0
1 2 0
1 3 0
2 1 0
2 4 0
2 5 0
2 6 0
3 1 0
3 7 0
3 8 0
4 2 0
4 9 0
4 10 0
5 2 0
5 7 0
6 2 0
6 11 0
7 3 0
7 5 0
7 12 0
8 3 0
8 13 0
8 14 0
9 4 0
9 15 0
9 16 0
10 4 0
10 17 0
11 6 0
11 16 0
11 18 0
12 7 0
13 8 0
14 8 0
14 19 0
14 20 0
14 21 0
15 9 0
16 9 0
16 11 0
17 10 0
17 22 0
17 23 0
18 11 0
18 24 0
19 14 0
20 14 0
20 25 0
20 26 0
21 14 0
21 27 0
21 28 0
22 17 0
23 17 0
23 29 0
23 30 0
24 18 0
25 20 0
25 31 0
25 32 0
26 20 0
26 33 0
26 34 0
27 21 0
27 32 0
28 21 0
28 35 0
28 36 0
29 23 0
29 37 0
30 23 0
30 36 0
31 25 0
31 38 0
31 39 0
32 25 0
32 27 0
33 26 0
34 26 0
34 39 0
35 28 0
36 28 0
36 30 0
37 29 0
37 40 0
37 41 0
38 31 0
38 42 0
39 31 0
39 34 0
39 43 0
40 37 0
40 44 0
41 37 0
41 45 0
42 38 0
42 46 0
42 47 0
43 39 0
44 40 0
44 48 0
44 49 0
44 50 0
45 41 0
45 50 0
45 51 0
46 42 0
46 52 0
47 42 0
47 53 0
48 44 0
48 54 0
48 55 0
49 44 0
50 44 0
50 45 0
50 56 0
51 45 0
52 46 0
52 57 0
52 58 0
53 47 0
53 58 0
53 59 0
54 48 0
55 48 0
56 50 0
56 60 0
57 52 0
57 61 0
58 52 0
58 53 0
58 62 0
59 53 0
60 56 0
60 63 0
60 64 0
61 57 0
61 65 0
61 66 0
62 58 0
62 67 0
63 60 0
63 68 0
64 60 0
65 61 0
65 69 0
66 61 0
66 70 0
67 62 0
67 71 0
67 72 0
68 63 0
69 65 0
69 73 0
69 74 0
70 66 0
70 74 0
71 67 0
72 67 0
73 69 0
74 69 0
74 70 0
74 75 0
75 74 0
75 76 0
76 75 0
76 77 0
76 78 0
77 76 0
77 79 0
78 76 0
78 80 0
79 77 0
79 81 0
79 82 0
80 78 0
80 82 0
80 83 0
81 79 0
82 79 0
82 80 0
82 84 0
83 80 0
84 82 0
84 85 0
85 84 0
85 86 0
85 87 0
86 85 0
86 88 0
87 85 0
87 89 0
88 86 0
88 90 0
88 91 0
89 87 0
89 91 0
90 88 0
91 88 0
91 89 0
91 92 0
92 91 0
GraphDataEnd
GraphEnd
NodeEnd
END_EPT
