BEGIN_EPT
AnchorID: 34672  # ID of the anchor node
RootIndex: 0  # Index of the root node in tree_nodes
NodeCount: 10  # Total number of nodes in the EPT
NodeStart
EPTNodeID: 0
AnchorID: 34672
TreeNodeGraphID: 0
Level: 0
SimplifiedLevel: 0
EditOperation: -1 0 -1 0 0
AccumulatedOpsCount: 0
ChildrenCount: 1
ChildIndices: 1
CompletedDBGraphIDsCount: 0
GraphStart
GraphDataStart
ID: 0
NumNodes: 60
NumEdges: 124
NodeLabels
3 2 2 2 2 3 2 2 0 3 2 2 2 3 2 2 2 0 3 2 2 2 3 3 3 2 2 2 2 3 2 2 0 3 2 2 2 3 2 2 2 0 3 2 2 2 3 3 2 2 0 2 0 2 2 2 2 2 2 4 
Edges
0 1 0
0 48 0
1 0 0
1 2 0
1 4 0
2 1 0
2 3 0
3 2 0
3 5 0
3 7 0
4 1 0
4 5 0
5 3 0
5 4 0
5 6 0
6 5 0
7 3 0
7 8 0
7 9 0
8 7 0
9 7 0
9 10 0
10 9 0
10 11 0
10 14 0
11 10 0
11 12 0
12 11 0
12 13 0
12 16 0
13 12 0
13 14 0
13 15 0
14 10 0
14 13 0
15 13 0
16 12 0
16 17 0
16 18 0
17 16 0
18 16 0
18 19 0
19 18 0
19 20 0
20 19 0
20 21 0
21 20 0
21 22 0
21 23 0
22 21 0
23 21 0
24 25 0
24 49 0
25 24 0
25 26 0
25 28 0
26 25 0
26 27 0
27 26 0
27 29 0
27 31 0
28 25 0
28 29 0
29 27 0
29 28 0
29 30 0
30 29 0
31 27 0
31 32 0
31 33 0
32 31 0
33 31 0
33 34 0
34 33 0
34 35 0
34 38 0
35 34 0
35 36 0
36 35 0
36 37 0
36 40 0
37 36 0
37 38 0
37 39 0
38 34 0
38 37 0
39 37 0
40 36 0
40 41 0
40 42 0
41 40 0
42 40 0
42 43 0
43 42 0
43 44 0
44 43 0
44 45 0
45 44 0
45 46 0
45 47 0
46 45 0
47 45 0
48 0 0
48 52 0
48 53 0
49 24 0
49 50 0
49 51 0
50 49 0
51 49 0
51 55 0
52 48 0
53 48 0
53 54 0
54 53 0
54 57 0
55 51 0
55 56 0
56 55 0
56 58 0
57 54 0
57 58 0
58 56 0
58 57 0
GraphDataEnd
GraphEnd
NodeEnd
NodeStart
EPTNodeID: 1
AnchorID: 34672
TreeNodeGraphID: 1
Level: 1
SimplifiedLevel: 0
EditOperation: 4 49 51 0 0
AccumulatedOpsCount: 1
AccumulatedOp: 4 49 51 0 0
ChildrenCount: 2
ChildIndices: 2 7
CompletedDBGraphIDsCount: 0
GraphStart
GraphDataStart
ID: 1
NumNodes: 60
NumEdges: 122
NodeLabels
3 2 2 2 2 3 2 2 0 3 2 2 2 3 2 2 2 0 3 2 2 2 3 3 3 2 2 2 2 3 2 2 0 3 2 2 2 3 2 2 2 0 3 2 2 2 3 3 2 2 0 2 0 2 2 2 2 2 2 4 
Edges
0 1 0
0 48 0
1 0 0
1 2 0
1 4 0
2 1 0
2 3 0
3 2 0
3 5 0
3 7 0
4 1 0
4 5 0
5 3 0
5 4 0
5 6 0
6 5 0
7 3 0
7 8 0
7 9 0
8 7 0
9 7 0
9 10 0
10 9 0
10 11 0
10 14 0
11 10 0
11 12 0
12 11 0
12 13 0
12 16 0
13 12 0
13 14 0
13 15 0
14 10 0
14 13 0
15 13 0
16 12 0
16 17 0
16 18 0
17 16 0
18 16 0
18 19 0
19 18 0
19 20 0
20 19 0
20 21 0
21 20 0
21 22 0
21 23 0
22 21 0
23 21 0
24 25 0
24 49 0
25 24 0
25 26 0
25 28 0
26 25 0
26 27 0
27 26 0
27 29 0
27 31 0
28 25 0
28 29 0
29 27 0
29 28 0
29 30 0
30 29 0
31 27 0
31 32 0
31 33 0
32 31 0
33 31 0
33 34 0
34 33 0
34 35 0
34 38 0
35 34 0
35 36 0
36 35 0
36 37 0
36 40 0
37 36 0
37 38 0
37 39 0
38 34 0
38 37 0
39 37 0
40 36 0
40 41 0
40 42 0
41 40 0
42 40 0
42 43 0
43 42 0
43 44 0
44 43 0
44 45 0
45 44 0
45 46 0
45 47 0
46 45 0
47 45 0
48 0 0
48 52 0
48 53 0
49 24 0
49 50 0
50 49 0
51 55 0
52 48 0
53 48 0
53 54 0
54 53 0
54 57 0
55 51 0
55 56 0
56 55 0
56 58 0
57 54 0
57 58 0
58 56 0
58 57 0
GraphDataEnd
GraphEnd
NodeEnd
NodeStart
EPTNodeID: 2
AnchorID: 34672
TreeNodeGraphID: 3
Level: 3
SimplifiedLevel: 0
EditOperation: 5 49 60 0 0
AccumulatedOpsCount: 2
AccumulatedOp: 2 60 0 0 2
AccumulatedOp: 5 49 60 0 0
ChildrenCount: 2
ChildIndices: 3 6
CompletedDBGraphIDsCount: 0
GraphStart
GraphDataStart
ID: 3
NumNodes: 61
NumEdges: 124
NodeLabels
3 2 2 2 2 3 2 2 0 3 2 2 2 3 2 2 2 0 3 2 2 2 3 3 3 2 2 2 2 3 2 2 0 3 2 2 2 3 2 2 2 0 3 2 2 2 3 3 2 2 0 2 0 2 2 2 2 2 2 4 2 
Edges
0 1 0
0 48 0
1 0 0
1 2 0
1 4 0
2 1 0
2 3 0
3 2 0
3 5 0
3 7 0
4 1 0
4 5 0
5 3 0
5 4 0
5 6 0
6 5 0
7 3 0
7 8 0
7 9 0
8 7 0
9 7 0
9 10 0
10 9 0
10 11 0
10 14 0
11 10 0
11 12 0
12 11 0
12 13 0
12 16 0
13 12 0
13 14 0
13 15 0
14 10 0
14 13 0
15 13 0
16 12 0
16 17 0
16 18 0
17 16 0
18 16 0
18 19 0
19 18 0
19 20 0
20 19 0
20 21 0
21 20 0
21 22 0
21 23 0
22 21 0
23 21 0
24 25 0
24 49 0
25 24 0
25 26 0
25 28 0
26 25 0
26 27 0
27 26 0
27 29 0
27 31 0
28 25 0
28 29 0
29 27 0
29 28 0
29 30 0
30 29 0
31 27 0
31 32 0
31 33 0
32 31 0
33 31 0
33 34 0
34 33 0
34 35 0
34 38 0
35 34 0
35 36 0
36 35 0
36 37 0
36 40 0
37 36 0
37 38 0
37 39 0
38 34 0
38 37 0
39 37 0
40 36 0
40 41 0
40 42 0
41 40 0
42 40 0
42 43 0
43 42 0
43 44 0
44 43 0
44 45 0
45 44 0
45 46 0
45 47 0
46 45 0
47 45 0
48 0 0
48 52 0
48 53 0
49 24 0
49 50 0
49 60 0
50 49 0
51 55 0
52 48 0
53 48 0
53 54 0
54 53 0
54 57 0
55 51 0
55 56 0
56 55 0
56 58 0
57 54 0
57 58 0
58 56 0
58 57 0
60 49 0
GraphDataEnd
GraphEnd
NodeEnd
NodeStart
EPTNodeID: 3
AnchorID: 34672
TreeNodeGraphID: 5
Level: 5
SimplifiedLevel: 0
EditOperation: 5 60 61 0 0
AccumulatedOpsCount: 2
AccumulatedOp: 2 61 0 0 2
AccumulatedOp: 5 60 61 0 0
ChildrenCount: 2
ChildIndices: 4 5
CompletedDBGraphIDsCount: 0
GraphStart
GraphDataStart
ID: 5
NumNodes: 62
NumEdges: 126
NodeLabels
3 2 2 2 2 3 2 2 0 3 2 2 2 3 2 2 2 0 3 2 2 2 3 3 3 2 2 2 2 3 2 2 0 3 2 2 2 3 2 2 2 0 3 2 2 2 3 3 2 2 0 2 0 2 2 2 2 2 2 4 2 2 
Edges
0 1 0
0 48 0
1 0 0
1 2 0
1 4 0
2 1 0
2 3 0
3 2 0
3 5 0
3 7 0
4 1 0
4 5 0
5 3 0
5 4 0
5 6 0
6 5 0
7 3 0
7 8 0
7 9 0
8 7 0
9 7 0
9 10 0
10 9 0
10 11 0
10 14 0
11 10 0
11 12 0
12 11 0
12 13 0
12 16 0
13 12 0
13 14 0
13 15 0
14 10 0
14 13 0
15 13 0
16 12 0
16 17 0
16 18 0
17 16 0
18 16 0
18 19 0
19 18 0
19 20 0
20 19 0
20 21 0
21 20 0
21 22 0
21 23 0
22 21 0
23 21 0
24 25 0
24 49 0
25 24 0
25 26 0
25 28 0
26 25 0
26 27 0
27 26 0
27 29 0
27 31 0
28 25 0
28 29 0
29 27 0
29 28 0
29 30 0
30 29 0
31 27 0
31 32 0
31 33 0
32 31 0
33 31 0
33 34 0
34 33 0
34 35 0
34 38 0
35 34 0
35 36 0
36 35 0
36 37 0
36 40 0
37 36 0
37 38 0
37 39 0
38 34 0
38 37 0
39 37 0
40 36 0
40 41 0
40 42 0
41 40 0
42 40 0
42 43 0
43 42 0
43 44 0
44 43 0
44 45 0
45 44 0
45 46 0
45 47 0
46 45 0
47 45 0
48 0 0
48 52 0
48 53 0
49 24 0
49 50 0
49 60 0
50 49 0
51 55 0
52 48 0
53 48 0
53 54 0
54 53 0
54 57 0
55 51 0
55 56 0
56 55 0
56 58 0
57 54 0
57 58 0
58 56 0
58 57 0
60 49 0
60 61 0
61 60 0
GraphDataEnd
GraphEnd
NodeEnd
NodeStart
EPTNodeID: 4
AnchorID: 34672
TreeNodeGraphID: 8
Level: 8
SimplifiedLevel: 0
EditOperation: 5 61 62 0 0
AccumulatedOpsCount: 3
AccumulatedOp: 2 62 0 0 2
AccumulatedOp: 5 51 62 0 0
AccumulatedOp: 5 61 62 0 0
ChildrenCount: 0
ChildIndices:
CompletedDBGraphIDsCount: 1
CompletedDBGraphID: 2146
GraphStart
GraphDataStart
ID: 8
NumNodes: 63
NumEdges: 130
NodeLabels
3 2 2 2 2 3 2 2 0 3 2 2 2 3 2 2 2 0 3 2 2 2 3 3 3 2 2 2 2 3 2 2 0 3 2 2 2 3 2 2 2 0 3 2 2 2 3 3 2 2 0 2 0 2 2 2 2 2 2 4 2 2 2 
Edges
0 1 0
0 48 0
1 0 0
1 2 0
1 4 0
2 1 0
2 3 0
3 2 0
3 5 0
3 7 0
4 1 0
4 5 0
5 3 0
5 4 0
5 6 0
6 5 0
7 3 0
7 8 0
7 9 0
8 7 0
9 7 0
9 10 0
10 9 0
10 11 0
10 14 0
11 10 0
11 12 0
12 11 0
12 13 0
12 16 0
13 12 0
13 14 0
13 15 0
14 10 0
14 13 0
15 13 0
16 12 0
16 17 0
16 18 0
17 16 0
18 16 0
18 19 0
19 18 0
19 20 0
20 19 0
20 21 0
21 20 0
21 22 0
21 23 0
22 21 0
23 21 0
24 25 0
24 49 0
25 24 0
25 26 0
25 28 0
26 25 0
26 27 0
27 26 0
27 29 0
27 31 0
28 25 0
28 29 0
29 27 0
29 28 0
29 30 0
30 29 0
31 27 0
31 32 0
31 33 0
32 31 0
33 31 0
33 34 0
34 33 0
34 35 0
34 38 0
35 34 0
35 36 0
36 35 0
36 37 0
36 40 0
37 36 0
37 38 0
37 39 0
38 34 0
38 37 0
39 37 0
40 36 0
40 41 0
40 42 0
41 40 0
42 40 0
42 43 0
43 42 0
43 44 0
44 43 0
44 45 0
45 44 0
45 46 0
45 47 0
46 45 0
47 45 0
48 0 0
48 52 0
48 53 0
49 24 0
49 50 0
49 60 0
50 49 0
51 55 0
51 62 0
52 48 0
53 48 0
53 54 0
54 53 0
54 57 0
55 51 0
55 56 0
56 55 0
56 58 0
57 54 0
57 58 0
58 56 0
58 57 0
60 49 0
60 61 0
61 60 0
61 62 0
62 51 0
62 61 0
GraphDataEnd
GraphEnd
NodeEnd
NodeStart
EPTNodeID: 5
AnchorID: 34672
TreeNodeGraphID: 9
Level: 6
SimplifiedLevel: 0
EditOperation: 5 51 61 0 0
AccumulatedOpsCount: 1
AccumulatedOp: 5 51 61 0 0
ChildrenCount: 0
ChildIndices:
CompletedDBGraphIDsCount: 1
CompletedDBGraphID: 31674
GraphStart
GraphDataStart
ID: 9
NumNodes: 62
NumEdges: 128
NodeLabels
3 2 2 2 2 3 2 2 0 3 2 2 2 3 2 2 2 0 3 2 2 2 3 3 3 2 2 2 2 3 2 2 0 3 2 2 2 3 2 2 2 0 3 2 2 2 3 3 2 2 0 2 0 2 2 2 2 2 2 4 2 2 
Edges
0 1 0
0 48 0
1 0 0
1 2 0
1 4 0
2 1 0
2 3 0
3 2 0
3 5 0
3 7 0
4 1 0
4 5 0
5 3 0
5 4 0
5 6 0
6 5 0
7 3 0
7 8 0
7 9 0
8 7 0
9 7 0
9 10 0
10 9 0
10 11 0
10 14 0
11 10 0
11 12 0
12 11 0
12 13 0
12 16 0
13 12 0
13 14 0
13 15 0
14 10 0
14 13 0
15 13 0
16 12 0
16 17 0
16 18 0
17 16 0
18 16 0
18 19 0
19 18 0
19 20 0
20 19 0
20 21 0
21 20 0
21 22 0
21 23 0
22 21 0
23 21 0
24 25 0
24 49 0
25 24 0
25 26 0
25 28 0
26 25 0
26 27 0
27 26 0
27 29 0
27 31 0
28 25 0
28 29 0
29 27 0
29 28 0
29 30 0
30 29 0
31 27 0
31 32 0
31 33 0
32 31 0
33 31 0
33 34 0
34 33 0
34 35 0
34 38 0
35 34 0
35 36 0
36 35 0
36 37 0
36 40 0
37 36 0
37 38 0
37 39 0
38 34 0
38 37 0
39 37 0
40 36 0
40 41 0
40 42 0
41 40 0
42 40 0
42 43 0
43 42 0
43 44 0
44 43 0
44 45 0
45 44 0
45 46 0
45 47 0
46 45 0
47 45 0
48 0 0
48 52 0
48 53 0
49 24 0
49 50 0
49 60 0
50 49 0
51 55 0
51 61 0
52 48 0
53 48 0
53 54 0
54 53 0
54 57 0
55 51 0
55 56 0
56 55 0
56 58 0
57 54 0
57 58 0
58 56 0
58 57 0
60 49 0
60 61 0
61 60 0
61 51 0
GraphDataEnd
GraphEnd
NodeEnd
NodeStart
EPTNodeID: 6
AnchorID: 34672
TreeNodeGraphID: 10
Level: 4
SimplifiedLevel: 0
EditOperation: 5 51 60 0 0
AccumulatedOpsCount: 1
AccumulatedOp: 5 51 60 0 0
ChildrenCount: 0
ChildIndices:
CompletedDBGraphIDsCount: 1
CompletedDBGraphID: 16655
GraphStart
GraphDataStart
ID: 10
NumNodes: 61
NumEdges: 126
NodeLabels
3 2 2 2 2 3 2 2 0 3 2 2 2 3 2 2 2 0 3 2 2 2 3 3 3 2 2 2 2 3 2 2 0 3 2 2 2 3 2 2 2 0 3 2 2 2 3 3 2 2 0 2 0 2 2 2 2 2 2 4 2 
Edges
0 1 0
0 48 0
1 0 0
1 2 0
1 4 0
2 1 0
2 3 0
3 2 0
3 5 0
3 7 0
4 1 0
4 5 0
5 3 0
5 4 0
5 6 0
6 5 0
7 3 0
7 8 0
7 9 0
8 7 0
9 7 0
9 10 0
10 9 0
10 11 0
10 14 0
11 10 0
11 12 0
12 11 0
12 13 0
12 16 0
13 12 0
13 14 0
13 15 0
14 10 0
14 13 0
15 13 0
16 12 0
16 17 0
16 18 0
17 16 0
18 16 0
18 19 0
19 18 0
19 20 0
20 19 0
20 21 0
21 20 0
21 22 0
21 23 0
22 21 0
23 21 0
24 25 0
24 49 0
25 24 0
25 26 0
25 28 0
26 25 0
26 27 0
27 26 0
27 29 0
27 31 0
28 25 0
28 29 0
29 27 0
29 28 0
29 30 0
30 29 0
31 27 0
31 32 0
31 33 0
32 31 0
33 31 0
33 34 0
34 33 0
34 35 0
34 38 0
35 34 0
35 36 0
36 35 0
36 37 0
36 40 0
37 36 0
37 38 0
37 39 0
38 34 0
38 37 0
39 37 0
40 36 0
40 41 0
40 42 0
41 40 0
42 40 0
42 43 0
43 42 0
43 44 0
44 43 0
44 45 0
45 44 0
45 46 0
45 47 0
46 45 0
47 45 0
48 0 0
48 52 0
48 53 0
49 24 0
49 50 0
49 60 0
50 49 0
51 55 0
51 60 0
52 48 0
53 48 0
53 54 0
54 53 0
54 57 0
55 51 0
55 56 0
56 55 0
56 58 0
57 54 0
57 58 0
58 56 0
58 57 0
60 49 0
60 51 0
GraphDataEnd
GraphEnd
NodeEnd
NodeStart
EPTNodeID: 7
AnchorID: 34672
TreeNodeGraphID: 12
Level: 3
SimplifiedLevel: 0
EditOperation: 1 51 0 2 0
AccumulatedOpsCount: 2
AccumulatedOp: 4 51 55 0 0
AccumulatedOp: 1 51 0 2 0
ChildrenCount: 2
ChildIndices: 8 9
CompletedDBGraphIDsCount: 0
GraphStart
GraphDataStart
ID: 12
NumNodes: 59
NumEdges: 120
NodeLabels
3 2 2 2 2 3 2 2 0 3 2 2 2 3 2 2 2 0 3 2 2 2 3 3 3 2 2 2 2 3 2 2 0 3 2 2 2 3 2 2 2 0 3 2 2 2 3 3 2 2 0 0 2 2 2 2 2 2 4 
Edges
0 1 0
0 48 0
1 0 0
1 2 0
1 4 0
2 1 0
2 3 0
3 2 0
3 5 0
3 7 0
4 1 0
4 5 0
5 3 0
5 4 0
5 6 0
6 5 0
7 3 0
7 8 0
7 9 0
8 7 0
9 7 0
9 10 0
10 9 0
10 11 0
10 14 0
11 10 0
11 12 0
12 11 0
12 13 0
12 16 0
13 12 0
13 14 0
13 15 0
14 10 0
14 13 0
15 13 0
16 12 0
16 17 0
16 18 0
17 16 0
18 16 0
18 19 0
19 18 0
19 20 0
20 19 0
20 21 0
21 20 0
21 22 0
21 23 0
22 21 0
23 21 0
24 25 0
24 49 0
25 24 0
25 26 0
25 28 0
26 25 0
26 27 0
27 26 0
27 29 0
27 31 0
28 25 0
28 29 0
29 27 0
29 28 0
29 30 0
30 29 0
31 27 0
31 32 0
31 33 0
32 31 0
33 31 0
33 34 0
34 33 0
34 35 0
34 38 0
35 34 0
35 36 0
36 35 0
36 37 0
36 40 0
37 36 0
37 38 0
37 39 0
38 34 0
38 37 0
39 37 0
40 36 0
40 41 0
40 42 0
41 40 0
42 40 0
42 43 0
43 42 0
43 44 0
44 43 0
44 45 0
45 44 0
45 46 0
45 47 0
46 45 0
47 45 0
48 0 0
48 51 0
48 52 0
49 24 0
49 50 0
50 49 0
51 48 0
52 48 0
52 53 0
53 52 0
53 56 0
54 55 0
55 54 0
55 57 0
56 53 0
56 57 0
57 55 0
57 56 0
GraphDataEnd
GraphEnd
NodeEnd
NodeStart
EPTNodeID: 8
AnchorID: 34672
TreeNodeGraphID: 15
Level: 6
SimplifiedLevel: 0
EditOperation: 5 49 56 0 0
AccumulatedOpsCount: 3
AccumulatedOp: 4 55 56 0 0
AccumulatedOp: 1 55 0 2 0
AccumulatedOp: 5 49 56 0 0
ChildrenCount: 0
ChildIndices:
CompletedDBGraphIDsCount: 1
CompletedDBGraphID: 26150
GraphStart
GraphDataStart
ID: 15
NumNodes: 58
NumEdges: 120
NodeLabels
3 2 2 2 2 3 2 2 0 3 2 2 2 3 2 2 2 0 3 2 2 2 3 3 3 2 2 2 2 3 2 2 0 3 2 2 2 3 2 2 2 0 3 2 2 2 3 3 2 2 0 0 2 2 2 2 2 4 
Edges
0 1 0
0 48 0
1 0 0
1 2 0
1 4 0
2 1 0
2 3 0
3 2 0
3 5 0
3 7 0
4 1 0
4 5 0
5 3 0
5 4 0
5 6 0
6 5 0
7 3 0
7 8 0
7 9 0
8 7 0
9 7 0
9 10 0
10 9 0
10 11 0
10 14 0
11 10 0
11 12 0
12 11 0
12 13 0
12 16 0
13 12 0
13 14 0
13 15 0
14 10 0
14 13 0
15 13 0
16 12 0
16 17 0
16 18 0
17 16 0
18 16 0
18 19 0
19 18 0
19 20 0
20 19 0
20 21 0
21 20 0
21 22 0
21 23 0
22 21 0
23 21 0
24 25 0
24 49 0
25 24 0
25 26 0
25 28 0
26 25 0
26 27 0
27 26 0
27 29 0
27 31 0
28 25 0
28 29 0
29 27 0
29 28 0
29 30 0
30 29 0
31 27 0
31 32 0
31 33 0
32 31 0
33 31 0
33 34 0
34 33 0
34 35 0
34 38 0
35 34 0
35 36 0
36 35 0
36 37 0
36 40 0
37 36 0
37 38 0
37 39 0
38 34 0
38 37 0
39 37 0
40 36 0
40 41 0
40 42 0
41 40 0
42 40 0
42 43 0
43 42 0
43 44 0
44 43 0
44 45 0
45 44 0
45 46 0
45 47 0
46 45 0
47 45 0
48 0 0
48 51 0
48 52 0
49 24 0
49 50 0
49 54 0
50 49 0
51 48 0
52 48 0
52 53 0
53 52 0
53 55 0
54 56 0
54 49 0
55 53 0
55 56 0
56 54 0
56 55 0
GraphDataEnd
GraphEnd
NodeEnd
NodeStart
EPTNodeID: 9
AnchorID: 34672
TreeNodeGraphID: 16
Level: 4
SimplifiedLevel: 0
EditOperation: 5 49 55 0 0
AccumulatedOpsCount: 1
AccumulatedOp: 5 49 55 0 0
ChildrenCount: 0
ChildIndices:
CompletedDBGraphIDsCount: 1
CompletedDBGraphID: 8543
GraphStart
GraphDataStart
ID: 16
NumNodes: 59
NumEdges: 122
NodeLabels
3 2 2 2 2 3 2 2 0 3 2 2 2 3 2 2 2 0 3 2 2 2 3 3 3 2 2 2 2 3 2 2 0 3 2 2 2 3 2 2 2 0 3 2 2 2 3 3 2 2 0 0 2 2 2 2 2 2 4 
Edges
0 1 0
0 48 0
1 0 0
1 2 0
1 4 0
2 1 0
2 3 0
3 2 0
3 5 0
3 7 0
4 1 0
4 5 0
5 3 0
5 4 0
5 6 0
6 5 0
7 3 0
7 8 0
7 9 0
8 7 0
9 7 0
9 10 0
10 9 0
10 11 0
10 14 0
11 10 0
11 12 0
12 11 0
12 13 0
12 16 0
13 12 0
13 14 0
13 15 0
14 10 0
14 13 0
15 13 0
16 12 0
16 17 0
16 18 0
17 16 0
18 16 0
18 19 0
19 18 0
19 20 0
20 19 0
20 21 0
21 20 0
21 22 0
21 23 0
22 21 0
23 21 0
24 25 0
24 49 0
25 24 0
25 26 0
25 28 0
26 25 0
26 27 0
27 26 0
27 29 0
27 31 0
28 25 0
28 29 0
29 27 0
29 28 0
29 30 0
30 29 0
31 27 0
31 32 0
31 33 0
32 31 0
33 31 0
33 34 0
34 33 0
34 35 0
34 38 0
35 34 0
35 36 0
36 35 0
36 37 0
36 40 0
37 36 0
37 38 0
37 39 0
38 34 0
38 37 0
39 37 0
40 36 0
40 41 0
40 42 0
41 40 0
42 40 0
42 43 0
43 42 0
43 44 0
44 43 0
44 45 0
45 44 0
45 46 0
45 47 0
46 45 0
47 45 0
48 0 0
48 51 0
48 52 0
49 24 0
49 50 0
49 54 0
50 49 0
51 48 0
52 48 0
52 53 0
53 52 0
53 56 0
54 55 0
54 49 0
55 54 0
55 57 0
56 53 0
56 57 0
57 55 0
57 56 0
GraphDataEnd
GraphEnd
NodeEnd
END_EPT
