BEGIN_EPT
AnchorID: 24407  # ID of the anchor node
RootIndex: 0  # Index of the root node in tree_nodes
NodeCount: 2  # Total number of nodes in the EPT
NodeStart
EPTNodeID: 0
AnchorID: 24407
TreeNodeGraphID: 0
Level: 0
SimplifiedLevel: 0
EditOperation: -1 0 -1 0 0
AccumulatedOpsCount: 0
ChildrenCount: 1
ChildIndices: 1
CompletedDBGraphIDsCount: 0
GraphStart
GraphDataStart
ID: 0
NumNodes: 63
NumEdges: 144
NodeLabels
2 2 2 2 2 2 2 2 3 2 2 3 2 2 2 2 2 2 2 0 2 2 2 0 2 2 2 0 0 2 2 2 2 2 2 2 0 2 2 2 3 2 2 2 2 3 2 2 2 2 2 0 0 2 0 2 0 2 0 2 2 2 2 
Edges
0 1 0
0 5 0
1 0 0
1 2 0
2 1 0
2 3 0
3 2 0
3 4 0
4 3 0
4 5 0
4 8 0
5 0 0
5 4 0
5 6 0
6 5 0
6 7 0
6 9 0
7 6 0
7 8 0
7 21 0
8 4 0
8 7 0
9 6 0
9 10 0
10 9 0
10 11 0
10 17 0
11 10 0
11 12 0
11 13 0
12 11 0
12 16 0
13 11 0
13 14 0
14 13 0
14 15 0
14 23 0
14 24 0
15 14 0
15 16 0
15 23 0
16 12 0
16 15 0
16 22 0
17 10 0
17 18 0
18 17 0
18 19 0
18 20 0
19 18 0
20 18 0
21 7 0
21 22 0
21 26 0
21 30 0
22 16 0
22 21 0
23 14 0
23 15 0
24 14 0
24 25 0
25 24 0
26 21 0
26 27 0
26 28 0
27 26 0
27 29 0
28 26 0
29 27 0
30 21 0
30 31 0
30 35 0
31 30 0
31 32 0
32 31 0
32 33 0
32 38 0
33 32 0
33 34 0
33 40 0
34 33 0
34 35 0
35 30 0
35 34 0
35 36 0
36 35 0
36 37 0
37 36 0
38 32 0
38 39 0
38 41 0
38 62 0
39 38 0
39 40 0
39 43 0
40 33 0
40 39 0
40 49 0
41 38 0
41 42 0
41 45 0
42 41 0
42 44 0
42 48 0
42 59 0
43 39 0
43 44 0
43 50 0
43 58 0
44 42 0
44 43 0
44 54 0
45 41 0
45 46 0
45 61 0
46 45 0
46 47 0
47 46 0
47 48 0
48 42 0
48 47 0
49 40 0
50 43 0
50 51 0
50 52 0
51 50 0
52 50 0
52 53 0
53 52 0
54 44 0
54 55 0
55 54 0
55 56 0
55 57 0
56 55 0
57 55 0
58 43 0
59 42 0
59 60 0
60 59 0
61 45 0
61 62 0
62 38 0
62 61 0
GraphDataEnd
GraphEnd
NodeEnd
NodeStart
EPTNodeID: 1
AnchorID: 24407
TreeNodeGraphID: 8
Level: 8
SimplifiedLevel: 0
EditOperation: 1 18 0 2 0
AccumulatedOpsCount: 8
AccumulatedOp: 4 10 17 0 0
AccumulatedOp: 4 17 18 0 0
AccumulatedOp: 1 17 0 2 0
AccumulatedOp: 4 18 20 0 0
AccumulatedOp: 1 20 0 2 0
AccumulatedOp: 5 11 19 0 0
AccumulatedOp: 4 18 19 0 0
AccumulatedOp: 1 18 0 2 0
ChildrenCount: 0
ChildIndices:
CompletedDBGraphIDsCount: 1
CompletedDBGraphID: 41937
GraphStart
GraphDataStart
ID: 8
NumNodes: 60
NumEdges: 138
NodeLabels
2 2 2 2 2 2 2 2 3 2 2 3 2 2 2 2 2 0 2 2 0 2 2 2 0 0 2 2 2 2 2 2 2 0 2 2 2 3 2 2 2 2 3 2 2 2 2 2 0 0 2 0 2 0 2 0 2 2 2 2 
Edges
0 1 0
0 5 0
1 0 0
1 2 0
2 1 0
2 3 0
3 2 0
3 4 0
4 3 0
4 5 0
4 8 0
5 0 0
5 4 0
5 6 0
6 5 0
6 7 0
6 9 0
7 6 0
7 8 0
7 18 0
8 4 0
8 7 0
9 6 0
9 10 0
10 9 0
10 11 0
11 10 0
11 12 0
11 13 0
11 17 0
12 11 0
12 16 0
13 11 0
13 14 0
14 13 0
14 15 0
14 20 0
14 21 0
15 14 0
15 16 0
15 20 0
16 12 0
16 15 0
16 19 0
17 11 0
18 7 0
18 19 0
18 23 0
18 27 0
19 16 0
19 18 0
20 14 0
20 15 0
21 14 0
21 22 0
22 21 0
23 18 0
23 24 0
23 25 0
24 23 0
24 26 0
25 23 0
26 24 0
27 18 0
27 28 0
27 32 0
28 27 0
28 29 0
29 28 0
29 30 0
29 35 0
30 29 0
30 31 0
30 37 0
31 30 0
31 32 0
32 27 0
32 31 0
32 33 0
33 32 0
33 34 0
34 33 0
35 29 0
35 36 0
35 38 0
35 59 0
36 35 0
36 37 0
36 40 0
37 30 0
37 36 0
37 46 0
38 35 0
38 39 0
38 42 0
39 38 0
39 41 0
39 45 0
39 56 0
40 36 0
40 41 0
40 47 0
40 55 0
41 39 0
41 40 0
41 51 0
42 38 0
42 43 0
42 58 0
43 42 0
43 44 0
44 43 0
44 45 0
45 39 0
45 44 0
46 37 0
47 40 0
47 48 0
47 49 0
48 47 0
49 47 0
49 50 0
50 49 0
51 41 0
51 52 0
52 51 0
52 53 0
52 54 0
53 52 0
54 52 0
55 40 0
56 39 0
56 57 0
57 56 0
58 42 0
58 59 0
59 35 0
59 58 0
GraphDataEnd
GraphEnd
NodeEnd
END_EPT
