BEGIN_EPT
AnchorID: 36328  # ID of the anchor node
RootIndex: 0  # Index of the root node in tree_nodes
NodeCount: 1  # Total number of nodes in the EPT
NodeStart
EPTNodeID: 0
AnchorID: 36328
TreeNodeGraphID: 0
Level: 0
SimplifiedLevel: 0
EditOperation: -1 0 -1 0 0
AccumulatedOpsCount: 0
ChildrenCount: 0
ChildIndices:
CompletedDBGraphIDsCount: 0
GraphStart
GraphDataStart
ID: 0
NumNodes: 67
NumEdges: 150
NodeLabels
2 2 0 2 2 2 2 0 2 2 2 2 2 0 2 2 0 2 0 2 0 0 2 2 0 2 2 2 2 0 2 2 2 2 2 0 2 2 0 2 0 2 0 0 2 2 0 2 2 2 2 0 2 2 2 2 2 0 2 2 0 2 0 2 0 0 49 
Edges
0 1 0
0 5 0
1 0 0
1 2 0
1 3 0
2 1 0
3 1 0
3 6 0
4 5 0
4 6 0
4 19 0
5 0 0
5 4 0
5 7 0
6 3 0
6 4 0
6 21 0
7 5 0
7 8 0
8 7 0
8 9 0
8 17 0
9 8 0
9 10 0
9 15 0
10 9 0
10 11 0
11 10 0
11 12 0
12 11 0
12 13 0
12 14 0
13 12 0
14 12 0
14 15 0
15 9 0
15 14 0
15 16 0
16 15 0
17 8 0
17 18 0
17 19 0
18 17 0
19 4 0
19 17 0
19 20 0
20 19 0
20 66 0
21 6 0
22 23 0
22 27 0
23 22 0
23 24 0
23 25 0
24 23 0
25 23 0
25 28 0
26 27 0
26 28 0
26 41 0
27 22 0
27 26 0
27 29 0
28 25 0
28 26 0
28 43 0
29 27 0
29 30 0
30 29 0
30 31 0
30 39 0
31 30 0
31 32 0
31 37 0
32 31 0
32 33 0
33 32 0
33 34 0
34 33 0
34 35 0
34 36 0
35 34 0
36 34 0
36 37 0
37 31 0
37 36 0
37 38 0
38 37 0
39 30 0
39 40 0
39 41 0
40 39 0
41 26 0
41 39 0
41 42 0
42 41 0
42 66 0
43 28 0
44 45 0
44 49 0
45 44 0
45 46 0
45 47 0
46 45 0
47 45 0
47 50 0
48 49 0
48 50 0
48 63 0
49 44 0
49 48 0
49 51 0
50 47 0
50 48 0
50 65 0
51 49 0
51 52 0
52 51 0
52 53 0
52 61 0
53 52 0
53 54 0
53 59 0
54 53 0
54 55 0
55 54 0
55 56 0
56 55 0
56 57 0
56 58 0
57 56 0
58 56 0
58 59 0
59 53 0
59 58 0
59 60 0
60 59 0
61 52 0
61 62 0
61 63 0
62 61 0
63 48 0
63 61 0
63 64 0
64 63 0
64 66 0
65 50 0
66 20 0
66 42 0
66 64 0
GraphDataEnd
GraphEnd
NodeEnd
END_EPT
