BEGIN_EPT
AnchorID: 33150  # ID of the anchor node
RootIndex: 0  # Index of the root node in tree_nodes
NodeCount: 2  # Total number of nodes in the EPT
NodeStart
EPTNodeID: 0
AnchorID: 33150
TreeNodeGraphID: 0
Level: 0
SimplifiedLevel: 0
EditOperation: -1 0 -1 0 0
AccumulatedOpsCount: 0
ChildrenCount: 1
ChildIndices: 1
CompletedDBGraphIDsCount: 0
GraphStart
GraphDataStart
ID: 0
NumNodes: 90
NumEdges: 192
NodeLabels
2 2 0 2 2 2 2 2 2 2 2 2 2 2 2 3 2 2 3 0 2 2 0 2 2 2 2 2 2 2 0 2 2 2 2 2 2 2 3 2 2 0 2 2 2 2 2 2 0 2 2 2 2 2 2 2 2 3 2 2 0 0 2 2 2 2 2 2 2 3 2 2 0 2 0 2 3 2 2 2 2 3 2 0 0 2 2 2 2 3 
Edges
0 1 0
0 3 0
0 18 0
1 0 0
1 2 0
1 15 0
2 1 0
3 0 0
3 4 0
4 3 0
4 5 0
4 9 0
5 4 0
5 6 0
6 5 0
6 7 0
7 6 0
7 8 0
8 7 0
8 9 0
9 4 0
9 8 0
10 11 0
10 14 0
11 10 0
11 12 0
12 11 0
12 13 0
13 12 0
13 14 0
13 15 0
13 16 0
14 10 0
14 13 0
15 1 0
15 13 0
15 17 0
16 13 0
16 19 0
16 38 0
17 15 0
18 0 0
18 71 0
19 16 0
20 21 0
20 23 0
20 38 0
21 20 0
21 22 0
21 30 0
22 21 0
23 20 0
23 24 0
24 23 0
24 25 0
24 29 0
25 24 0
25 26 0
26 25 0
26 27 0
27 26 0
27 28 0
28 27 0
28 29 0
29 24 0
29 28 0
30 21 0
30 31 0
31 30 0
31 32 0
32 31 0
32 33 0
32 37 0
33 32 0
33 34 0
34 33 0
34 35 0
35 34 0
35 36 0
36 35 0
36 37 0
37 32 0
37 36 0
38 16 0
38 20 0
39 40 0
39 42 0
39 89 0
40 39 0
40 41 0
40 76 0
41 40 0
42 39 0
42 43 0
43 42 0
43 44 0
44 43 0
44 45 0
45 44 0
45 81 0
46 47 0
46 58 0
46 69 0
47 46 0
47 48 0
47 89 0
48 47 0
49 50 0
49 54 0
50 49 0
50 51 0
51 50 0
51 52 0
51 55 0
52 51 0
52 53 0
52 57 0
53 52 0
53 54 0
54 49 0
54 53 0
55 51 0
55 56 0
55 58 0
56 55 0
56 57 0
57 52 0
57 56 0
58 46 0
58 55 0
59 60 0
59 61 0
59 69 0
60 59 0
61 59 0
61 62 0
62 61 0
62 63 0
63 62 0
63 64 0
63 68 0
64 63 0
64 65 0
65 64 0
65 66 0
66 65 0
66 67 0
67 66 0
67 68 0
68 63 0
68 67 0
69 46 0
69 59 0
70 71 0
70 73 0
70 76 0
71 18 0
71 70 0
71 72 0
72 71 0
73 70 0
73 74 0
73 75 0
74 73 0
74 77 0
75 73 0
76 40 0
76 70 0
77 74 0
77 78 0
77 79 0
77 80 0
78 77 0
79 77 0
80 77 0
81 45 0
81 82 0
82 81 0
82 83 0
82 84 0
83 82 0
84 82 0
84 85 0
85 84 0
85 86 0
85 87 0
85 88 0
86 85 0
87 85 0
88 85 0
89 39 0
89 47 0
GraphDataEnd
GraphEnd
NodeEnd
NodeStart
EPTNodeID: 1
AnchorID: 33150
TreeNodeGraphID: 8
Level: 8
SimplifiedLevel: 0
EditOperation: 5 12 21 0 0
AccumulatedOpsCount: 8
AccumulatedOp: 4 13 16 0 0
AccumulatedOp: 5 20 59 0 0
AccumulatedOp: 4 15 17 0 0
AccumulatedOp: 1 17 0 2 0
AccumulatedOp: 4 59 61 0 0
AccumulatedOp: 4 20 21 0 0
AccumulatedOp: 5 16 61 0 0
AccumulatedOp: 5 12 21 0 0
ChildrenCount: 0
ChildIndices:
CompletedDBGraphIDsCount: 1
CompletedDBGraphID: 13491
GraphStart
GraphDataStart
ID: 8
NumNodes: 89
NumEdges: 190
NodeLabels
2 2 0 2 2 2 2 2 2 2 2 2 2 2 2 3 2 3 0 2 2 0 2 2 2 2 2 2 2 0 2 2 2 2 2 2 2 3 2 2 0 2 2 2 2 2 2 0 2 2 2 2 2 2 2 2 3 2 2 0 0 2 2 2 2 2 2 2 3 2 2 0 2 0 2 3 2 2 2 2 3 2 0 0 2 2 2 2 3 
Edges
0 1 0
0 3 0
0 17 0
1 0 0
1 2 0
1 15 0
2 1 0
3 0 0
3 4 0
4 3 0
4 5 0
4 9 0
5 4 0
5 6 0
6 5 0
6 7 0
7 6 0
7 8 0
8 7 0
8 9 0
9 4 0
9 8 0
10 11 0
10 14 0
11 10 0
11 12 0
12 11 0
12 13 0
12 20 0
13 12 0
13 14 0
13 15 0
14 10 0
14 13 0
15 1 0
15 13 0
16 18 0
16 37 0
16 60 0
17 0 0
17 70 0
18 16 0
19 22 0
19 37 0
19 58 0
20 21 0
20 29 0
20 12 0
21 20 0
22 19 0
22 23 0
23 22 0
23 24 0
23 28 0
24 23 0
24 25 0
25 24 0
25 26 0
26 25 0
26 27 0
27 26 0
27 28 0
28 23 0
28 27 0
29 20 0
29 30 0
30 29 0
30 31 0
31 30 0
31 32 0
31 36 0
32 31 0
32 33 0
33 32 0
33 34 0
34 33 0
34 35 0
35 34 0
35 36 0
36 31 0
36 35 0
37 16 0
37 19 0
38 39 0
38 41 0
38 88 0
39 38 0
39 40 0
39 75 0
40 39 0
41 38 0
41 42 0
42 41 0
42 43 0
43 42 0
43 44 0
44 43 0
44 80 0
45 46 0
45 57 0
45 68 0
46 45 0
46 47 0
46 88 0
47 46 0
48 49 0
48 53 0
49 48 0
49 50 0
50 49 0
50 51 0
50 54 0
51 50 0
51 52 0
51 56 0
52 51 0
52 53 0
53 48 0
53 52 0
54 50 0
54 55 0
54 57 0
55 54 0
55 56 0
56 51 0
56 55 0
57 45 0
57 54 0
58 59 0
58 68 0
58 19 0
59 58 0
60 61 0
60 16 0
61 60 0
61 62 0
62 61 0
62 63 0
62 67 0
63 62 0
63 64 0
64 63 0
64 65 0
65 64 0
65 66 0
66 65 0
66 67 0
67 62 0
67 66 0
68 45 0
68 58 0
69 70 0
69 72 0
69 75 0
70 17 0
70 69 0
70 71 0
71 70 0
72 69 0
72 73 0
72 74 0
73 72 0
73 76 0
74 72 0
75 39 0
75 69 0
76 73 0
76 77 0
76 78 0
76 79 0
77 76 0
78 76 0
79 76 0
80 44 0
80 81 0
81 80 0
81 82 0
81 83 0
82 81 0
83 81 0
83 84 0
84 83 0
84 85 0
84 86 0
84 87 0
85 84 0
86 84 0
87 84 0
88 38 0
88 46 0
GraphDataEnd
GraphEnd
NodeEnd
END_EPT
