BEGIN_EPT
AnchorID: 27202  # ID of the anchor node
RootIndex: 0  # Index of the root node in tree_nodes
NodeCount: 1  # Total number of nodes in the EPT
NodeStart
EPTNodeID: 0
AnchorID: 27202
TreeNodeGraphID: 0
Level: 0
SimplifiedLevel: 0
EditOperation: -1 0 -1 0 0
AccumulatedOpsCount: 0
ChildrenCount: 0
ChildIndices:
CompletedDBGraphIDsCount: 0
GraphStart
GraphDataStart
ID: 0
NumNodes: 118
NumEdges: 256
NodeLabels
2 1 2 2 2 2 2 2 2 2 2 2 2 2 2 2 2 2 2 2 3 2 2 2 3 0 2 2 2 0 2 2 3 2 3 0 2 2 2 2 2 0 2 2 2 2 3 2 0 0 2 2 2 2 2 2 0 2 2 2 2 2 3 2 2 2 0 2 3 1 2 2 2 0 2 2 2 3 2 2 2 2 1 2 2 2 2 2 2 0 0 2 2 2 2 2 2 2 2 2 2 2 2 2 2 2 2 2 2 2 2 2 2 2 2 2 2 2 
Edges
0 1 0
0 2 0
0 3 0
0 4 0
1 0 0
1 5 0
2 0 0
2 6 0
2 7 0
3 0 0
3 8 0
3 9 0
4 0 0
4 10 0
4 11 0
5 1 0
5 12 0
6 2 0
6 13 0
7 2 0
7 14 0
8 3 0
8 15 0
9 3 0
9 16 0
10 4 0
10 17 0
11 4 0
11 18 0
12 5 0
12 19 0
12 20 0
13 6 0
13 21 0
14 7 0
14 21 0
15 8 0
15 22 0
16 9 0
16 22 0
17 10 0
17 23 0
18 11 0
18 23 0
19 12 0
19 24 0
19 25 0
20 12 0
20 26 0
21 13 0
21 14 0
22 15 0
22 16 0
23 17 0
23 18 0
24 19 0
24 27 0
25 19 0
26 20 0
26 28 0
26 29 0
27 24 0
27 30 0
27 31 0
28 26 0
28 32 0
29 26 0
30 27 0
30 33 0
31 27 0
31 34 0
31 35 0
32 28 0
32 36 0
33 30 0
33 37 0
33 38 0
34 31 0
34 39 0
35 31 0
36 32 0
36 40 0
36 41 0
37 33 0
37 42 0
38 33 0
38 43 0
39 34 0
39 44 0
40 36 0
40 45 0
40 46 0
41 36 0
42 37 0
42 47 0
43 38 0
43 47 0
44 39 0
44 48 0
44 49 0
45 40 0
45 50 0
46 40 0
46 51 0
47 42 0
47 43 0
48 44 0
48 52 0
49 44 0
50 45 0
50 53 0
50 54 0
51 46 0
51 55 0
51 56 0
52 48 0
52 57 0
52 58 0
52 59 0
53 50 0
53 60 0
54 50 0
54 61 0
55 51 0
55 62 0
56 51 0
57 52 0
58 52 0
59 52 0
60 53 0
60 63 0
61 54 0
61 63 0
62 55 0
62 64 0
63 60 0
63 61 0
64 62 0
64 65 0
64 66 0
65 64 0
65 67 0
65 68 0
66 64 0
67 65 0
67 69 0
68 65 0
68 70 0
69 67 0
69 71 0
70 68 0
70 72 0
70 73 0
71 69 0
71 74 0
71 75 0
72 70 0
72 76 0
72 77 0
73 70 0
74 71 0
74 78 0
74 79 0
75 71 0
75 80 0
75 81 0
76 72 0
76 82 0
77 72 0
77 83 0
78 74 0
78 84 0
79 74 0
79 85 0
80 75 0
80 86 0
81 75 0
81 87 0
82 76 0
82 88 0
83 77 0
83 89 0
83 90 0
84 78 0
84 91 0
85 79 0
85 91 0
86 80 0
86 92 0
87 81 0
87 92 0
88 82 0
88 93 0
88 94 0
88 95 0
89 83 0
89 96 0
90 83 0
91 84 0
91 85 0
92 86 0
92 87 0
93 88 0
93 97 0
93 98 0
94 88 0
94 99 0
94 100 0
95 88 0
95 101 0
95 102 0
96 89 0
96 103 0
97 93 0
97 104 0
98 93 0
98 105 0
99 94 0
99 106 0
100 94 0
100 107 0
101 95 0
101 108 0
102 95 0
102 109 0
103 96 0
103 110 0
103 111 0
104 97 0
104 112 0
105 98 0
105 112 0
106 99 0
106 113 0
107 100 0
107 113 0
108 101 0
108 114 0
109 102 0
109 114 0
110 103 0
110 115 0
111 103 0
111 116 0
112 104 0
112 105 0
113 106 0
113 107 0
114 108 0
114 109 0
115 110 0
115 117 0
116 111 0
116 117 0
117 115 0
117 116 0
GraphDataEnd
GraphEnd
NodeEnd
END_EPT
