BEGIN_EPT
AnchorID: 30368  # ID of the anchor node
RootIndex: 0  # Index of the root node in tree_nodes
NodeCount: 2  # Total number of nodes in the EPT
NodeStart
EPTNodeID: 0
AnchorID: 30368
TreeNodeGraphID: 0
Level: 0
SimplifiedLevel: 0
EditOperation: -1 0 -1 0 0
AccumulatedOpsCount: 0
ChildrenCount: 1
ChildIndices: 1
CompletedDBGraphIDsCount: 0
GraphStart
GraphDataStart
ID: 0
NumNodes: 79
NumEdges: 160
NodeLabels
2 2 2 2 2 3 2 0 3 2 2 0 3 2 2 3 2 3 2 2 2 2 0 3 2 0 3 2 2 2 0 2 2 3 2 3 3 2 2 2 2 2 2 0 3 2 2 2 0 2 0 3 2 2 2 2 0 0 2 3 2 3 3 2 2 2 2 2 2 0 3 2 2 2 2 2 2 0 3 
Edges
0 1 0
0 2 0
0 3 0
1 0 0
2 0 0
3 0 0
3 4 0
4 3 0
4 5 0
4 6 0
5 4 0
6 4 0
6 7 0
6 8 0
7 6 0
8 6 0
8 9 0
9 8 0
9 10 0
9 13 0
10 9 0
10 11 0
10 12 0
11 10 0
12 10 0
12 19 0
13 9 0
13 14 0
14 13 0
14 15 0
14 18 0
15 14 0
15 16 0
16 15 0
16 17 0
17 16 0
17 18 0
18 14 0
18 17 0
19 12 0
19 20 0
19 24 0
20 19 0
20 21 0
21 20 0
21 22 0
21 23 0
22 21 0
23 21 0
24 19 0
24 25 0
24 26 0
25 24 0
26 24 0
26 27 0
27 26 0
27 28 0
27 29 0
28 27 0
28 31 0
29 27 0
29 30 0
29 62 0
30 29 0
31 28 0
31 32 0
32 31 0
32 33 0
33 32 0
33 34 0
34 33 0
34 35 0
34 36 0
35 34 0
36 34 0
37 38 0
37 42 0
37 78 0
38 37 0
38 39 0
39 38 0
39 40 0
39 41 0
40 39 0
41 39 0
42 37 0
42 43 0
42 44 0
43 42 0
44 42 0
44 45 0
45 44 0
45 46 0
45 49 0
46 45 0
46 47 0
46 48 0
47 46 0
48 46 0
49 45 0
49 50 0
49 51 0
50 49 0
51 49 0
51 52 0
52 51 0
52 53 0
52 55 0
53 52 0
53 54 0
54 53 0
54 58 0
54 61 0
55 52 0
55 56 0
55 57 0
56 55 0
57 55 0
58 54 0
58 59 0
59 58 0
59 60 0
60 59 0
60 61 0
61 54 0
61 60 0
62 29 0
62 63 0
63 62 0
63 64 0
63 68 0
64 63 0
64 65 0
64 66 0
65 64 0
66 64 0
66 67 0
67 66 0
68 63 0
68 69 0
68 70 0
69 68 0
70 68 0
70 71 0
71 70 0
71 72 0
71 76 0
72 71 0
72 73 0
72 74 0
73 72 0
74 72 0
74 75 0
75 74 0
76 71 0
76 77 0
76 78 0
77 76 0
78 37 0
78 76 0
GraphDataEnd
GraphEnd
NodeEnd
NodeStart
EPTNodeID: 1
AnchorID: 30368
TreeNodeGraphID: 1
Level: 1
SimplifiedLevel: 0
EditOperation: 0 23 0 3 0
AccumulatedOpsCount: 1
AccumulatedOp: 0 23 0 3 0
ChildrenCount: 0
ChildIndices:
CompletedDBGraphIDsCount: 1
CompletedDBGraphID: 16027
GraphStart
GraphDataStart
ID: 1
NumNodes: 79
NumEdges: 160
NodeLabels
2 2 2 2 2 3 2 0 3 2 2 0 3 2 2 3 2 3 2 2 2 2 0 0 2 0 3 2 2 2 0 2 2 3 2 3 3 2 2 2 2 2 2 0 3 2 2 2 0 2 0 3 2 2 2 2 0 0 2 3 2 3 3 2 2 2 2 2 2 0 3 2 2 2 2 2 2 0 3 
Edges
0 1 0
0 2 0
0 3 0
1 0 0
2 0 0
3 0 0
3 4 0
4 3 0
4 5 0
4 6 0
5 4 0
6 4 0
6 7 0
6 8 0
7 6 0
8 6 0
8 9 0
9 8 0
9 10 0
9 13 0
10 9 0
10 11 0
10 12 0
11 10 0
12 10 0
12 19 0
13 9 0
13 14 0
14 13 0
14 15 0
14 18 0
15 14 0
15 16 0
16 15 0
16 17 0
17 16 0
17 18 0
18 14 0
18 17 0
19 12 0
19 20 0
19 24 0
20 19 0
20 21 0
21 20 0
21 22 0
21 23 0
22 21 0
23 21 0
24 19 0
24 25 0
24 26 0
25 24 0
26 24 0
26 27 0
27 26 0
27 28 0
27 29 0
28 27 0
28 31 0
29 27 0
29 30 0
29 62 0
30 29 0
31 28 0
31 32 0
32 31 0
32 33 0
33 32 0
33 34 0
34 33 0
34 35 0
34 36 0
35 34 0
36 34 0
37 38 0
37 42 0
37 78 0
38 37 0
38 39 0
39 38 0
39 40 0
39 41 0
40 39 0
41 39 0
42 37 0
42 43 0
42 44 0
43 42 0
44 42 0
44 45 0
45 44 0
45 46 0
45 49 0
46 45 0
46 47 0
46 48 0
47 46 0
48 46 0
49 45 0
49 50 0
49 51 0
50 49 0
51 49 0
51 52 0
52 51 0
52 53 0
52 55 0
53 52 0
53 54 0
54 53 0
54 58 0
54 61 0
55 52 0
55 56 0
55 57 0
56 55 0
57 55 0
58 54 0
58 59 0
59 58 0
59 60 0
60 59 0
60 61 0
61 54 0
61 60 0
62 29 0
62 63 0
63 62 0
63 64 0
63 68 0
64 63 0
64 65 0
64 66 0
65 64 0
66 64 0
66 67 0
67 66 0
68 63 0
68 69 0
68 70 0
69 68 0
70 68 0
70 71 0
71 70 0
71 72 0
71 76 0
72 71 0
72 73 0
72 74 0
73 72 0
74 72 0
74 75 0
75 74 0
76 71 0
76 77 0
76 78 0
77 76 0
78 37 0
78 76 0
GraphDataEnd
GraphEnd
NodeEnd
END_EPT
