BEGIN_EPT
AnchorID: 26911  # ID of the anchor node
RootIndex: 0  # Index of the root node in tree_nodes
NodeCount: 1  # Total number of nodes in the EPT
NodeStart
EPTNodeID: 0
AnchorID: 26911
TreeNodeGraphID: 0
Level: 0
SimplifiedLevel: 0
EditOperation: -1 0 -1 0 0
AccumulatedOpsCount: 0
ChildrenCount: 0
ChildIndices:
CompletedDBGraphIDsCount: 0
GraphStart
GraphDataStart
ID: 0
NumNodes: 82
NumEdges: 170
NodeLabels
2 2 2 2 2 2 2 2 2 2 0 3 2 0 3 2 2 2 0 0 2 0 3 2 2 0 2 2 3 2 2 2 2 3 2 2 2 2 2 2 3 2 2 3 0 2 2 2 2 2 2 2 2 2 2 0 2 2 0 2 2 2 2 2 2 2 0 3 2 2 2 2 0 2 2 2 2 2 0 2 0 2 
Edges
0 1 0
0 5 0
1 0 0
1 2 0
1 80 0
2 1 0
2 3 0
3 2 0
3 4 0
4 3 0
4 5 0
4 45 0
5 0 0
5 4 0
6 7 0
6 8 0
6 11 0
7 6 0
7 38 0
8 6 0
8 13 0
8 14 0
9 10 0
9 11 0
9 29 0
10 9 0
11 6 0
11 9 0
11 12 0
12 11 0
13 8 0
14 8 0
14 15 0
14 16 0
15 14 0
16 14 0
16 17 0
16 59 0
17 16 0
17 18 0
17 40 0
18 17 0
19 20 0
20 19 0
20 21 0
20 52 0
21 20 0
22 23 0
22 24 0
22 52 0
23 22 0
24 22 0
24 25 0
24 26 0
25 24 0
26 24 0
26 28 0
26 74 0
27 43 0
27 44 0
27 74 0
28 26 0
28 71 0
28 75 0
29 9 0
29 30 0
29 33 0
30 29 0
30 31 0
30 32 0
31 30 0
32 30 0
33 29 0
33 54 0
34 35 0
34 39 0
35 34 0
35 36 0
36 35 0
36 37 0
37 36 0
37 38 0
38 7 0
38 37 0
38 39 0
39 34 0
39 38 0
40 17 0
40 41 0
40 42 0
41 40 0
42 40 0
42 62 0
42 65 0
43 27 0
43 45 0
44 27 0
45 4 0
45 43 0
45 48 0
46 47 0
46 51 0
47 46 0
47 48 0
48 45 0
48 47 0
48 49 0
49 48 0
49 50 0
50 49 0
50 51 0
51 46 0
51 50 0
51 78 0
52 20 0
52 22 0
52 53 0
53 52 0
54 33 0
54 55 0
54 58 0
55 54 0
55 76 0
56 76 0
57 76 0
58 54 0
59 16 0
59 60 0
59 61 0
60 59 0
61 59 0
62 42 0
62 63 0
62 64 0
63 62 0
64 62 0
65 42 0
65 66 0
65 67 0
66 65 0
67 65 0
67 68 0
67 70 0
68 67 0
68 69 0
68 71 0
69 68 0
69 73 0
70 67 0
70 73 0
71 28 0
71 68 0
71 72 0
72 71 0
73 69 0
73 70 0
74 26 0
74 27 0
75 28 0
76 55 0
76 56 0
76 57 0
76 77 0
77 76 0
78 51 0
78 79 0
79 78 0
80 1 0
80 81 0
81 80 0
GraphDataEnd
GraphEnd
NodeEnd
END_EPT
