BEGIN_EPT
AnchorID: 29713  # ID of the anchor node
RootIndex: 0  # Index of the root node in tree_nodes
NodeCount: 2  # Total number of nodes in the EPT
NodeStart
EPTNodeID: 0
AnchorID: 29713
TreeNodeGraphID: 0
Level: 0
SimplifiedLevel: 0
EditOperation: -1 0 -1 0 0
AccumulatedOpsCount: 0
ChildrenCount: 1
ChildIndices: 1
CompletedDBGraphIDsCount: 0
GraphStart
GraphDataStart
ID: 0
NumNodes: 87
NumEdges: 200
NodeLabels
2 2 2 2 2 2 2 2 3 2 2 2 2 0 0 2 2 2 2 2 2 2 2 2 2 2 2 2 2 2 2 2 2 2 2 2 2 2 2 2 2 2 2 2 2 2 2 2 2 2 2 3 2 2 2 2 0 0 2 2 2 2 2 2 2 2 2 2 2 2 2 2 2 2 2 2 2 2 2 2 2 2 2 2 2 2 2 
Edges
0 1 0
0 5 0
1 0 0
1 2 0
2 1 0
2 3 0
3 2 0
3 4 0
3 7 0
4 3 0
4 5 0
5 0 0
5 4 0
5 8 0
6 7 0
7 3 0
7 6 0
8 5 0
8 9 0
8 12 0
9 8 0
9 10 0
9 14 0
10 9 0
10 11 0
10 15 0
11 10 0
11 12 0
11 36 0
12 8 0
12 11 0
12 13 0
13 12 0
14 9 0
15 10 0
15 16 0
15 22 0
16 15 0
16 17 0
16 18 0
17 16 0
17 21 0
18 16 0
18 19 0
19 18 0
19 20 0
20 19 0
20 21 0
21 17 0
21 20 0
22 15 0
22 23 0
22 29 0
23 22 0
23 24 0
23 25 0
24 23 0
24 28 0
25 23 0
25 26 0
26 25 0
26 27 0
27 26 0
27 28 0
27 86 0
28 24 0
28 27 0
29 22 0
29 30 0
29 36 0
30 29 0
30 31 0
30 35 0
31 30 0
31 32 0
32 31 0
32 33 0
33 32 0
33 34 0
34 33 0
34 35 0
35 30 0
35 34 0
36 11 0
36 29 0
36 37 0
37 36 0
37 38 0
37 42 0
38 37 0
38 39 0
39 38 0
39 40 0
40 39 0
40 41 0
41 40 0
41 42 0
42 37 0
42 41 0
43 44 0
43 48 0
44 43 0
44 45 0
45 44 0
45 46 0
46 45 0
46 47 0
46 50 0
47 46 0
47 48 0
48 43 0
48 47 0
48 51 0
49 50 0
50 46 0
50 49 0
51 48 0
51 52 0
51 55 0
52 51 0
52 53 0
52 57 0
53 52 0
53 54 0
53 58 0
54 53 0
54 55 0
54 79 0
55 51 0
55 54 0
55 56 0
56 55 0
57 52 0
58 53 0
58 59 0
58 65 0
59 58 0
59 60 0
59 61 0
60 59 0
60 64 0
61 59 0
61 62 0
62 61 0
62 63 0
63 62 0
63 64 0
64 60 0
64 63 0
65 58 0
65 66 0
65 72 0
66 65 0
66 67 0
66 68 0
67 66 0
67 71 0
68 66 0
68 69 0
69 68 0
69 70 0
70 69 0
70 71 0
70 86 0
71 67 0
71 70 0
72 65 0
72 73 0
72 79 0
73 72 0
73 74 0
73 78 0
74 73 0
74 75 0
75 74 0
75 76 0
76 75 0
76 77 0
77 76 0
77 78 0
78 73 0
78 77 0
79 54 0
79 72 0
79 80 0
80 79 0
80 81 0
80 85 0
81 80 0
81 82 0
82 81 0
82 83 0
83 82 0
83 84 0
84 83 0
84 85 0
85 80 0
85 84 0
86 27 0
86 70 0
GraphDataEnd
GraphEnd
NodeEnd
NodeStart
EPTNodeID: 1
AnchorID: 29713
TreeNodeGraphID: 3
Level: 3
SimplifiedLevel: 0
EditOperation: 0 86 0 2 1
AccumulatedOpsCount: 3
AccumulatedOp: 0 6 0 2 3
AccumulatedOp: 0 49 0 2 3
AccumulatedOp: 0 86 0 2 1
ChildrenCount: 0
ChildIndices:
CompletedDBGraphIDsCount: 1
CompletedDBGraphID: 6092
GraphStart
GraphDataStart
ID: 3
NumNodes: 87
NumEdges: 200
NodeLabels
2 2 2 2 2 2 3 2 3 2 2 2 2 0 0 2 2 2 2 2 2 2 2 2 2 2 2 2 2 2 2 2 2 2 2 2 2 2 2 2 2 2 2 2 2 2 2 2 2 3 2 3 2 2 2 2 0 0 2 2 2 2 2 2 2 2 2 2 2 2 2 2 2 2 2 2 2 2 2 2 2 2 2 2 2 2 1 
Edges
0 1 0
0 5 0
1 0 0
1 2 0
2 1 0
2 3 0
3 2 0
3 4 0
3 7 0
4 3 0
4 5 0
5 0 0
5 4 0
5 8 0
6 7 0
7 3 0
7 6 0
8 5 0
8 9 0
8 12 0
9 8 0
9 10 0
9 14 0
10 9 0
10 11 0
10 15 0
11 10 0
11 12 0
11 36 0
12 8 0
12 11 0
12 13 0
13 12 0
14 9 0
15 10 0
15 16 0
15 22 0
16 15 0
16 17 0
16 18 0
17 16 0
17 21 0
18 16 0
18 19 0
19 18 0
19 20 0
20 19 0
20 21 0
21 17 0
21 20 0
22 15 0
22 23 0
22 29 0
23 22 0
23 24 0
23 25 0
24 23 0
24 28 0
25 23 0
25 26 0
26 25 0
26 27 0
27 26 0
27 28 0
27 86 0
28 24 0
28 27 0
29 22 0
29 30 0
29 36 0
30 29 0
30 31 0
30 35 0
31 30 0
31 32 0
32 31 0
32 33 0
33 32 0
33 34 0
34 33 0
34 35 0
35 30 0
35 34 0
36 11 0
36 29 0
36 37 0
37 36 0
37 38 0
37 42 0
38 37 0
38 39 0
39 38 0
39 40 0
40 39 0
40 41 0
41 40 0
41 42 0
42 37 0
42 41 0
43 44 0
43 48 0
44 43 0
44 45 0
45 44 0
45 46 0
46 45 0
46 47 0
46 50 0
47 46 0
47 48 0
48 43 0
48 47 0
48 51 0
49 50 0
50 46 0
50 49 0
51 48 0
51 52 0
51 55 0
52 51 0
52 53 0
52 57 0
53 52 0
53 54 0
53 58 0
54 53 0
54 55 0
54 79 0
55 51 0
55 54 0
55 56 0
56 55 0
57 52 0
58 53 0
58 59 0
58 65 0
59 58 0
59 60 0
59 61 0
60 59 0
60 64 0
61 59 0
61 62 0
62 61 0
62 63 0
63 62 0
63 64 0
64 60 0
64 63 0
65 58 0
65 66 0
65 72 0
66 65 0
66 67 0
66 68 0
67 66 0
67 71 0
68 66 0
68 69 0
69 68 0
69 70 0
70 69 0
70 71 0
70 86 0
71 67 0
71 70 0
72 65 0
72 73 0
72 79 0
73 72 0
73 74 0
73 78 0
74 73 0
74 75 0
75 74 0
75 76 0
76 75 0
76 77 0
77 76 0
77 78 0
78 73 0
78 77 0
79 54 0
79 72 0
79 80 0
80 79 0
80 81 0
80 85 0
81 80 0
81 82 0
82 81 0
82 83 0
83 82 0
83 84 0
84 83 0
84 85 0
85 80 0
85 84 0
86 27 0
86 70 0
GraphDataEnd
GraphEnd
NodeEnd
END_EPT
