BEGIN_EPT
AnchorID: 20751  # ID of the anchor node
RootIndex: 0  # Index of the root node in tree_nodes
NodeCount: 1  # Total number of nodes in the EPT
NodeStart
EPTNodeID: 0
AnchorID: 20751
TreeNodeGraphID: 0
Level: 0
SimplifiedLevel: 0
EditOperation: -1 0 -1 0 0
AccumulatedOpsCount: 0
ChildrenCount: 0
ChildIndices:
CompletedDBGraphIDsCount: 0
GraphStart
GraphDataStart
ID: 0
NumNodes: 84
NumEdges: 184
NodeLabels
0 2 2 2 2 0 2 2 2 2 2 2 0 0 2 2 2 2 2 2 2 2 2 2 2 2 2 2 0 0 2 2 2 2 2 2 2 2 0 2 2 0 2 2 2 2 2 0 3 2 2 2 2 2 0 0 3 0 2 2 2 2 0 0 0 2 0 2 2 2 0 2 2 0 2 2 0 2 2 0 2 2 0 2 
Edges
0 1 0
1 0 0
1 2 0
1 3 0
2 1 0
2 4 0
2 5 0
2 6 0
3 1 0
3 7 0
3 8 0
4 2 0
4 9 0
4 10 0
5 2 0
5 7 0
6 2 0
6 11 0
7 3 0
7 5 0
7 12 0
8 3 0
8 13 0
8 14 0
9 4 0
9 15 0
10 4 0
10 16 0
11 6 0
11 15 0
11 17 0
12 7 0
13 8 0
14 8 0
14 18 0
14 19 0
14 20 0
15 9 0
15 11 0
15 21 0
16 10 0
16 22 0
16 23 0
17 11 0
18 14 0
19 14 0
19 24 0
19 25 0
20 14 0
20 26 0
20 27 0
21 15 0
21 28 0
22 16 0
23 16 0
23 29 0
23 30 0
24 19 0
24 31 0
24 32 0
25 19 0
25 33 0
25 34 0
26 20 0
26 32 0
27 20 0
27 35 0
27 36 0
28 21 0
29 23 0
29 37 0
30 23 0
30 36 0
31 24 0
31 38 0
31 39 0
32 24 0
32 26 0
33 25 0
34 25 0
34 39 0
35 27 0
36 27 0
36 30 0
37 29 0
37 40 0
37 41 0
38 31 0
38 42 0
39 31 0
39 34 0
39 43 0
40 37 0
40 44 0
41 37 0
41 45 0
42 38 0
42 46 0
42 47 0
43 39 0
44 40 0
44 48 0
44 49 0
44 50 0
45 41 0
45 50 0
45 51 0
46 42 0
46 52 0
47 42 0
47 53 0
48 44 0
48 54 0
48 55 0
49 44 0
50 44 0
50 45 0
50 56 0
51 45 0
52 46 0
52 57 0
52 58 0
53 47 0
53 58 0
53 59 0
54 48 0
55 48 0
56 50 0
56 60 0
57 52 0
57 61 0
58 52 0
58 53 0
58 62 0
59 53 0
60 56 0
60 63 0
60 64 0
61 57 0
61 65 0
61 66 0
62 58 0
63 60 0
63 67 0
64 60 0
65 61 0
65 68 0
66 61 0
66 69 0
67 63 0
68 65 0
68 70 0
68 71 0
69 66 0
69 71 0
69 72 0
70 68 0
71 68 0
71 69 0
71 73 0
72 69 0
73 71 0
73 74 0
74 73 0
74 75 0
74 76 0
75 74 0
75 77 0
76 74 0
76 78 0
77 75 0
77 79 0
77 80 0
78 76 0
78 80 0
78 81 0
79 77 0
80 77 0
80 78 0
80 82 0
81 78 0
82 80 0
82 83 0
83 82 0
GraphDataEnd
GraphEnd
NodeEnd
END_EPT
