BEGIN_EPT
AnchorID: 11717  # ID of the anchor node
RootIndex: 0  # Index of the root node in tree_nodes
NodeCount: 2  # Total number of nodes in the EPT
NodeStart
EPTNodeID: 0
AnchorID: 11717
TreeNodeGraphID: 0
Level: 0
SimplifiedLevel: 0
EditOperation: -1 0 -1 0 0
AccumulatedOpsCount: 0
ChildrenCount: 1
ChildIndices: 1
CompletedDBGraphIDsCount: 0
GraphStart
GraphDataStart
ID: 0
NumNodes: 58
NumEdges: 130
NodeLabels
2 2 2 2 2 2 2 3 2 2 2 2 2 2 2 3 0 0 2 2 2 2 2 2 2 2 2 2 2 2 2 2 2 2 2 2 2 2 2 2 2 2 2 2 2 2 2 2 2 2 2 2 2 2 2 2 3 3 
Edges
0 1 0
0 5 0
1 0 0
1 2 0
2 1 0
2 3 0
3 2 0
3 4 0
3 56 0
4 3 0
4 5 0
4 7 0
5 0 0
5 4 0
6 7 0
6 14 0
6 16 0
7 4 0
7 6 0
8 9 0
8 13 0
9 8 0
9 10 0
10 9 0
10 11 0
11 10 0
11 12 0
11 57 0
12 11 0
12 13 0
12 15 0
13 8 0
13 12 0
14 6 0
14 15 0
14 17 0
15 12 0
15 14 0
16 6 0
17 14 0
18 19 0
18 25 0
18 31 0
18 56 0
19 18 0
19 20 0
19 24 0
20 19 0
20 21 0
21 20 0
21 22 0
22 21 0
22 23 0
23 22 0
23 24 0
24 19 0
24 23 0
25 18 0
25 26 0
25 30 0
26 25 0
26 27 0
27 26 0
27 28 0
28 27 0
28 29 0
29 28 0
29 30 0
30 25 0
30 29 0
31 18 0
31 32 0
31 36 0
32 31 0
32 33 0
33 32 0
33 34 0
34 33 0
34 35 0
35 34 0
35 36 0
36 31 0
36 35 0
37 38 0
37 44 0
37 50 0
37 57 0
38 37 0
38 39 0
38 43 0
39 38 0
39 40 0
40 39 0
40 41 0
41 40 0
41 42 0
42 41 0
42 43 0
43 38 0
43 42 0
44 37 0
44 45 0
44 49 0
45 44 0
45 46 0
46 45 0
46 47 0
47 46 0
47 48 0
48 47 0
48 49 0
49 44 0
49 48 0
50 37 0
50 51 0
50 55 0
51 50 0
51 52 0
52 51 0
52 53 0
53 52 0
53 54 0
54 53 0
54 55 0
55 50 0
55 54 0
56 3 0
56 18 0
57 11 0
57 37 0
GraphDataEnd
GraphEnd
NodeEnd
NodeStart
EPTNodeID: 1
AnchorID: 11717
TreeNodeGraphID: 4
Level: 4
SimplifiedLevel: 0
EditOperation: 1 17 0 0 0
AccumulatedOpsCount: 4
AccumulatedOp: 4 6 16 0 0
AccumulatedOp: 1 16 0 0 0
AccumulatedOp: 4 14 17 0 0
AccumulatedOp: 1 17 0 0 0
ChildrenCount: 0
ChildIndices:
CompletedDBGraphIDsCount: 1
CompletedDBGraphID: 32691
GraphStart
GraphDataStart
ID: 4
NumNodes: 56
NumEdges: 126
NodeLabels
2 2 2 2 2 2 2 3 2 2 2 2 2 2 2 3 2 2 2 2 2 2 2 2 2 2 2 2 2 2 2 2 2 2 2 2 2 2 2 2 2 2 2 2 2 2 2 2 2 2 2 2 2 2 3 3 
Edges
0 1 0
0 5 0
1 0 0
1 2 0
2 1 0
2 3 0
3 2 0
3 4 0
3 54 0
4 3 0
4 5 0
4 7 0
5 0 0
5 4 0
6 7 0
6 14 0
7 4 0
7 6 0
8 9 0
8 13 0
9 8 0
9 10 0
10 9 0
10 11 0
11 10 0
11 12 0
11 55 0
12 11 0
12 13 0
12 15 0
13 8 0
13 12 0
14 6 0
14 15 0
15 12 0
15 14 0
16 17 0
16 23 0
16 29 0
16 54 0
17 16 0
17 18 0
17 22 0
18 17 0
18 19 0
19 18 0
19 20 0
20 19 0
20 21 0
21 20 0
21 22 0
22 17 0
22 21 0
23 16 0
23 24 0
23 28 0
24 23 0
24 25 0
25 24 0
25 26 0
26 25 0
26 27 0
27 26 0
27 28 0
28 23 0
28 27 0
29 16 0
29 30 0
29 34 0
30 29 0
30 31 0
31 30 0
31 32 0
32 31 0
32 33 0
33 32 0
33 34 0
34 29 0
34 33 0
35 36 0
35 42 0
35 48 0
35 55 0
36 35 0
36 37 0
36 41 0
37 36 0
37 38 0
38 37 0
38 39 0
39 38 0
39 40 0
40 39 0
40 41 0
41 36 0
41 40 0
42 35 0
42 43 0
42 47 0
43 42 0
43 44 0
44 43 0
44 45 0
45 44 0
45 46 0
46 45 0
46 47 0
47 42 0
47 46 0
48 35 0
48 49 0
48 53 0
49 48 0
49 50 0
50 49 0
50 51 0
51 50 0
51 52 0
52 51 0
52 53 0
53 48 0
53 52 0
54 3 0
54 16 0
55 11 0
55 35 0
GraphDataEnd
GraphEnd
NodeEnd
END_EPT
