BEGIN_EPT
AnchorID: 34677  # ID of the anchor node
RootIndex: 0  # Index of the root node in tree_nodes
NodeCount: 1  # Total number of nodes in the EPT
NodeStart
EPTNodeID: 0
AnchorID: 34677
TreeNodeGraphID: 0
Level: 0
SimplifiedLevel: 0
EditOperation: -1 0 -1 0 0
AccumulatedOpsCount: 0
ChildrenCount: 0
ChildIndices:
CompletedDBGraphIDsCount: 0
GraphStart
GraphDataStart
ID: 0
NumNodes: 75
NumEdges: 166
NodeLabels
2 2 2 2 2 2 0 0 2 2 2 2 2 2 2 2 2 2 2 2 2 2 2 2 2 2 2 2 2 2 2 0 0 2 2 2 2 2 0 2 0 0 0 3 2 0 0 2 0 2 2 2 2 0 0 0 2 0 2 2 2 2 0 0 0 2 0 2 2 2 2 0 0 0 2 
Edges
0 1 0
0 5 0
1 0 0
1 2 0
1 6 0
2 1 0
2 3 0
2 7 0
3 2 0
3 4 0
3 8 0
3 44 0
4 3 0
4 5 0
4 13 0
5 0 0
5 4 0
5 9 0
5 10 0
6 1 0
7 2 0
7 33 0
8 3 0
9 5 0
10 5 0
10 11 0
10 18 0
11 10 0
11 12 0
11 14 0
11 15 0
12 11 0
12 13 0
13 4 0
13 12 0
14 11 0
15 11 0
15 16 0
15 22 0
15 23 0
16 15 0
16 17 0
16 19 0
17 16 0
17 18 0
18 10 0
18 17 0
19 16 0
19 20 0
19 27 0
20 19 0
20 21 0
20 24 0
20 30 0
21 20 0
21 22 0
22 15 0
22 21 0
23 15 0
24 20 0
24 25 0
25 24 0
25 26 0
26 25 0
26 27 0
26 28 0
26 29 0
27 19 0
27 26 0
28 26 0
29 26 0
30 20 0
30 31 0
30 32 0
31 30 0
32 30 0
32 49 0
33 7 0
33 34 0
33 38 0
34 33 0
34 35 0
34 43 0
35 34 0
35 36 0
35 42 0
36 35 0
36 37 0
36 41 0
37 36 0
37 38 0
37 39 0
38 33 0
38 37 0
39 37 0
39 40 0
40 39 0
41 36 0
42 35 0
43 34 0
44 3 0
44 45 0
44 46 0
45 44 0
46 44 0
47 48 0
47 52 0
48 47 0
48 49 0
49 32 0
49 48 0
49 50 0
50 49 0
50 51 0
50 55 0
51 50 0
51 52 0
51 54 0
52 47 0
52 51 0
52 53 0
53 52 0
54 51 0
55 50 0
55 56 0
56 55 0
56 57 0
56 61 0
57 56 0
57 58 0
58 57 0
58 59 0
58 74 0
59 58 0
59 60 0
59 62 0
60 59 0
60 61 0
60 63 0
61 56 0
61 60 0
61 64 0
62 59 0
62 65 0
63 60 0
64 61 0
65 62 0
65 66 0
65 70 0
66 65 0
66 67 0
67 66 0
67 68 0
68 67 0
68 69 0
68 71 0
69 68 0
69 70 0
69 72 0
70 65 0
70 69 0
70 73 0
71 68 0
72 69 0
73 70 0
74 58 0
GraphDataEnd
GraphEnd
NodeEnd
END_EPT
