BEGIN_EPT
AnchorID: 41779  # ID of the anchor node
RootIndex: 0  # Index of the root node in tree_nodes
NodeCount: 2  # Total number of nodes in the EPT
NodeStart
EPTNodeID: 0
AnchorID: 41779
TreeNodeGraphID: 0
Level: 0
SimplifiedLevel: 0
EditOperation: -1 0 -1 0 0
AccumulatedOpsCount: 0
ChildrenCount: 1
ChildIndices: 1
CompletedDBGraphIDsCount: 0
GraphStart
GraphDataStart
ID: 0
NumNodes: 116
NumEdges: 246
NodeLabels
2 2 0 2 2 2 2 2 2 2 2 2 0 2 2 2 2 2 2 2 2 2 0 2 2 2 0 2 2 2 2 2 2 2 2 2 2 2 0 2 2 2 2 2 2 0 2 2 2 2 0 2 2 2 0 2 2 3 3 3 3 3 3 3 3 3 3 3 2 0 0 2 2 2 2 2 2 2 2 0 0 2 2 2 2 2 2 2 1 3 2 2 0 2 1 3 2 2 0 2 0 2 2 2 2 2 2 2 0 2 2 2 2 2 2 2 
Edges
0 1 0
0 3 0
0 65 0
1 0 0
1 2 0
1 64 0
2 1 0
3 0 0
3 4 0
4 3 0
4 5 0
4 9 0
5 4 0
5 6 0
6 5 0
6 7 0
7 6 0
7 8 0
8 7 0
8 9 0
9 4 0
9 8 0
10 11 0
10 13 0
10 62 0
11 10 0
11 12 0
11 61 0
12 11 0
13 10 0
13 14 0
14 13 0
14 15 0
14 19 0
15 14 0
15 16 0
16 15 0
16 17 0
17 16 0
17 18 0
18 17 0
18 19 0
19 14 0
19 18 0
20 21 0
20 23 0
20 64 0
21 20 0
21 22 0
21 62 0
22 21 0
23 20 0
23 88 0
24 25 0
24 35 0
24 61 0
25 24 0
25 26 0
25 60 0
26 25 0
27 28 0
27 32 0
28 27 0
28 29 0
29 28 0
29 30 0
29 33 0
30 29 0
30 31 0
30 67 0
31 30 0
31 32 0
32 27 0
32 31 0
33 29 0
33 34 0
33 35 0
34 33 0
34 67 0
35 24 0
35 33 0
36 37 0
36 39 0
36 60 0
37 36 0
37 38 0
37 59 0
38 37 0
39 36 0
39 40 0
40 39 0
40 41 0
41 40 0
41 42 0
42 41 0
42 63 0
43 44 0
43 46 0
43 59 0
44 43 0
44 45 0
44 57 0
45 44 0
46 43 0
46 47 0
46 100 0
47 46 0
48 49 0
48 51 0
48 57 0
49 48 0
49 50 0
49 58 0
50 49 0
51 48 0
51 94 0
52 53 0
52 55 0
52 58 0
53 52 0
53 54 0
53 66 0
54 53 0
55 52 0
55 56 0
55 108 0
56 55 0
57 44 0
57 48 0
58 49 0
58 52 0
59 37 0
59 43 0
60 25 0
60 36 0
61 11 0
61 24 0
62 10 0
62 21 0
63 42 0
63 78 0
64 1 0
64 20 0
65 0 0
65 68 0
66 53 0
67 30 0
67 34 0
68 65 0
68 69 0
68 70 0
69 68 0
70 68 0
70 71 0
71 70 0
71 72 0
72 71 0
72 73 0
72 77 0
73 72 0
73 74 0
74 73 0
74 75 0
75 74 0
75 76 0
76 75 0
76 77 0
77 72 0
77 76 0
78 63 0
78 79 0
78 80 0
79 78 0
80 78 0
80 81 0
81 80 0
81 82 0
82 81 0
82 83 0
82 87 0
83 82 0
83 84 0
84 83 0
84 85 0
85 84 0
85 86 0
86 85 0
86 87 0
87 82 0
87 86 0
88 23 0
88 89 0
89 88 0
89 90 0
89 91 0
90 89 0
91 89 0
91 92 0
91 93 0
92 91 0
93 91 0
94 51 0
94 95 0
95 94 0
95 96 0
95 97 0
96 95 0
97 95 0
97 98 0
97 99 0
98 97 0
99 97 0
100 46 0
100 101 0
101 100 0
101 102 0
102 101 0
102 103 0
102 107 0
103 102 0
103 104 0
104 103 0
104 105 0
105 104 0
105 106 0
106 105 0
106 107 0
107 102 0
107 106 0
108 55 0
108 109 0
109 108 0
109 110 0
110 109 0
110 111 0
110 115 0
111 110 0
111 112 0
112 111 0
112 113 0
113 112 0
113 114 0
114 113 0
114 115 0
115 110 0
115 114 0
GraphDataEnd
GraphEnd
NodeEnd
NodeStart
EPTNodeID: 1
AnchorID: 41779
TreeNodeGraphID: 4
Level: 4
SimplifiedLevel: 0
EditOperation: 5 116 117 0 0
AccumulatedOpsCount: 4
AccumulatedOp: 2 116 0 0 2
AccumulatedOp: 5 67 116 0 0
AccumulatedOp: 2 117 0 0 0
AccumulatedOp: 5 116 117 0 0
ChildrenCount: 0
ChildIndices:
CompletedDBGraphIDsCount: 1
CompletedDBGraphID: 2905
GraphStart
GraphDataStart
ID: 4
NumNodes: 118
NumEdges: 250
NodeLabels
2 2 0 2 2 2 2 2 2 2 2 2 0 2 2 2 2 2 2 2 2 2 0 2 2 2 0 2 2 2 2 2 2 2 2 2 2 2 0 2 2 2 2 2 2 0 2 2 2 2 0 2 2 2 0 2 2 3 3 3 3 3 3 3 3 3 3 3 2 0 0 2 2 2 2 2 2 2 2 0 0 2 2 2 2 2 2 2 1 3 2 2 0 2 1 3 2 2 0 2 0 2 2 2 2 2 2 2 0 2 2 2 2 2 2 2 2 0 
Edges
0 1 0
0 3 0
0 65 0
1 0 0
1 2 0
1 64 0
2 1 0
3 0 0
3 4 0
4 3 0
4 5 0
4 9 0
5 4 0
5 6 0
6 5 0
6 7 0
7 6 0
7 8 0
8 7 0
8 9 0
9 4 0
9 8 0
10 11 0
10 13 0
10 62 0
11 10 0
11 12 0
11 61 0
12 11 0
13 10 0
13 14 0
14 13 0
14 15 0
14 19 0
15 14 0
15 16 0
16 15 0
16 17 0
17 16 0
17 18 0
18 17 0
18 19 0
19 14 0
19 18 0
20 21 0
20 23 0
20 64 0
21 20 0
21 22 0
21 62 0
22 21 0
23 20 0
23 88 0
24 25 0
24 35 0
24 61 0
25 24 0
25 26 0
25 60 0
26 25 0
27 28 0
27 32 0
28 27 0
28 29 0
29 28 0
29 30 0
29 33 0
30 29 0
30 31 0
30 67 0
31 30 0
31 32 0
32 27 0
32 31 0
33 29 0
33 34 0
33 35 0
34 33 0
34 67 0
35 24 0
35 33 0
36 37 0
36 39 0
36 60 0
37 36 0
37 38 0
37 59 0
38 37 0
39 36 0
39 40 0
40 39 0
40 41 0
41 40 0
41 42 0
42 41 0
42 63 0
43 44 0
43 46 0
43 59 0
44 43 0
44 45 0
44 57 0
45 44 0
46 43 0
46 47 0
46 100 0
47 46 0
48 49 0
48 51 0
48 57 0
49 48 0
49 50 0
49 58 0
50 49 0
51 48 0
51 94 0
52 53 0
52 55 0
52 58 0
53 52 0
53 54 0
53 66 0
54 53 0
55 52 0
55 56 0
55 108 0
56 55 0
57 44 0
57 48 0
58 49 0
58 52 0
59 37 0
59 43 0
60 25 0
60 36 0
61 11 0
61 24 0
62 10 0
62 21 0
63 42 0
63 78 0
64 1 0
64 20 0
65 0 0
65 68 0
66 53 0
67 30 0
67 34 0
67 116 0
68 65 0
68 69 0
68 70 0
69 68 0
70 68 0
70 71 0
71 70 0
71 72 0
72 71 0
72 73 0
72 77 0
73 72 0
73 74 0
74 73 0
74 75 0
75 74 0
75 76 0
76 75 0
76 77 0
77 72 0
77 76 0
78 63 0
78 79 0
78 80 0
79 78 0
80 78 0
80 81 0
81 80 0
81 82 0
82 81 0
82 83 0
82 87 0
83 82 0
83 84 0
84 83 0
84 85 0
85 84 0
85 86 0
86 85 0
86 87 0
87 82 0
87 86 0
88 23 0
88 89 0
89 88 0
89 90 0
89 91 0
90 89 0
91 89 0
91 92 0
91 93 0
92 91 0
93 91 0
94 51 0
94 95 0
95 94 0
95 96 0
95 97 0
96 95 0
97 95 0
97 98 0
97 99 0
98 97 0
99 97 0
100 46 0
100 101 0
101 100 0
101 102 0
102 101 0
102 103 0
102 107 0
103 102 0
103 104 0
104 103 0
104 105 0
105 104 0
105 106 0
106 105 0
106 107 0
107 102 0
107 106 0
108 55 0
108 109 0
109 108 0
109 110 0
110 109 0
110 111 0
110 115 0
111 110 0
111 112 0
112 111 0
112 113 0
113 112 0
113 114 0
114 113 0
114 115 0
115 110 0
115 114 0
116 67 0
116 117 0
117 116 0
GraphDataEnd
GraphEnd
NodeEnd
END_EPT
