BEGIN_EPT
AnchorID: 32640  # ID of the anchor node
RootIndex: 0  # Index of the root node in tree_nodes
NodeCount: 2  # Total number of nodes in the EPT
NodeStart
EPTNodeID: 0
AnchorID: 32640
TreeNodeGraphID: 0
Level: 0
SimplifiedLevel: 0
EditOperation: -1 0 -1 0 0
AccumulatedOpsCount: 0
ChildrenCount: 1
ChildIndices: 1
CompletedDBGraphIDsCount: 0
GraphStart
GraphDataStart
ID: 0
NumNodes: 79
NumEdges: 168
NodeLabels
2 2 2 2 2 2 2 2 2 2 2 2 0 0 2 2 2 2 2 2 2 3 2 0 2 0 0 2 2 2 0 3 2 2 0 2 3 2 2 2 2 0 3 2 2 2 2 2 2 3 2 2 2 2 2 2 0 2 2 2 2 2 2 0 0 2 2 2 2 3 0 2 2 0 3 0 0 2 2 
Edges
0 1 0
0 5 0
1 0 0
1 2 0
2 1 0
2 3 0
3 2 0
3 4 0
4 3 0
4 5 0
4 77 0
5 0 0
5 4 0
6 7 0
6 64 0
7 6 0
7 8 0
7 12 0
8 7 0
8 9 0
8 26 0
9 8 0
9 10 0
9 25 0
10 9 0
10 11 0
10 21 0
11 10 0
11 12 0
11 13 0
12 7 0
12 11 0
13 11 0
13 14 0
14 13 0
14 17 0
15 16 0
15 20 0
16 15 0
16 17 0
17 14 0
17 16 0
17 18 0
18 17 0
18 19 0
19 18 0
19 20 0
20 15 0
20 19 0
21 10 0
21 22 0
22 21 0
22 23 0
22 24 0
23 22 0
24 22 0
25 9 0
25 27 0
26 8 0
27 25 0
27 28 0
27 29 0
28 27 0
28 30 0
28 31 0
29 27 0
30 28 0
31 28 0
31 32 0
32 31 0
32 40 0
32 78 0
33 39 0
33 75 0
33 76 0
34 38 0
35 37 0
35 39 0
36 38 0
37 35 0
37 38 0
38 34 0
38 36 0
38 37 0
39 33 0
39 35 0
39 42 0
40 32 0
40 41 0
40 42 0
41 40 0
42 39 0
42 40 0
43 44 0
43 48 0
44 43 0
44 45 0
45 44 0
45 46 0
45 49 0
46 45 0
46 47 0
46 72 0
47 46 0
47 48 0
48 43 0
48 47 0
49 45 0
49 50 0
50 49 0
50 51 0
50 52 0
51 50 0
51 55 0
51 72 0
52 50 0
52 53 0
52 69 0
53 52 0
53 54 0
54 53 0
54 55 0
55 51 0
55 54 0
55 74 0
56 69 0
57 58 0
57 66 0
58 57 0
58 61 0
59 61 0
59 62 0
60 67 0
60 68 0
61 58 0
61 59 0
62 59 0
62 71 0
63 71 0
64 6 0
64 71 0
65 68 0
65 74 0
66 57 0
66 67 0
67 60 0
67 66 0
68 60 0
68 65 0
69 52 0
69 56 0
69 70 0
70 69 0
71 62 0
71 63 0
71 64 0
72 46 0
72 51 0
72 73 0
73 72 0
74 55 0
74 65 0
75 33 0
76 33 0
76 77 0
77 4 0
77 76 0
78 32 0
GraphDataEnd
GraphEnd
NodeEnd
NodeStart
EPTNodeID: 1
AnchorID: 32640
TreeNodeGraphID: 15
Level: 15
SimplifiedLevel: 0
EditOperation: 5 48 67 0 0
AccumulatedOpsCount: 15
AccumulatedOp: 4 57 58 0 0
AccumulatedOp: 4 57 66 0 0
AccumulatedOp: 1 57 0 2 0
AccumulatedOp: 4 60 68 0 0
AccumulatedOp: 0 67 0 2 0
AccumulatedOp: 4 65 68 0 0
AccumulatedOp: 1 68 0 2 0
AccumulatedOp: 5 37 42 0 0
AccumulatedOp: 4 39 42 0 0
AccumulatedOp: 4 60 67 0 0
AccumulatedOp: 1 60 0 2 0
AccumulatedOp: 4 66 67 0 0
AccumulatedOp: 1 66 0 2 0
AccumulatedOp: 5 58 65 0 0
AccumulatedOp: 5 48 67 0 0
ChildrenCount: 0
ChildIndices:
CompletedDBGraphIDsCount: 1
CompletedDBGraphID: 20870
GraphStart
GraphDataStart
ID: 15
NumNodes: 75
NumEdges: 160
NodeLabels
2 2 2 2 2 2 2 2 2 2 2 2 0 0 2 2 2 2 2 2 2 3 2 0 2 0 0 2 2 2 0 3 2 2 0 2 3 2 2 2 2 0 3 2 2 2 2 2 2 3 2 2 2 2 2 2 0 2 2 2 2 0 0 2 0 3 0 2 2 0 3 0 0 2 2 
Edges
0 1 0
0 5 0
1 0 0
1 2 0
2 1 0
2 3 0
3 2 0
3 4 0
4 3 0
4 5 0
4 73 0
5 0 0
5 4 0
6 7 0
6 62 0
7 6 0
7 8 0
7 12 0
8 7 0
8 9 0
8 26 0
9 8 0
9 10 0
9 25 0
10 9 0
10 11 0
10 21 0
11 10 0
11 12 0
11 13 0
12 7 0
12 11 0
13 11 0
13 14 0
14 13 0
14 17 0
15 16 0
15 20 0
16 15 0
16 17 0
17 14 0
17 16 0
17 18 0
18 17 0
18 19 0
19 18 0
19 20 0
20 15 0
20 19 0
21 10 0
21 22 0
22 21 0
22 23 0
22 24 0
23 22 0
24 22 0
25 9 0
25 27 0
26 8 0
27 25 0
27 28 0
27 29 0
28 27 0
28 30 0
28 31 0
29 27 0
30 28 0
31 28 0
31 32 0
32 31 0
32 40 0
32 74 0
33 39 0
33 71 0
33 72 0
34 38 0
35 37 0
35 39 0
36 38 0
37 35 0
37 38 0
37 42 0
38 34 0
38 36 0
38 37 0
39 33 0
39 35 0
40 32 0
40 41 0
40 42 0
41 40 0
42 40 0
42 37 0
43 44 0
43 48 0
44 43 0
44 45 0
45 44 0
45 46 0
45 49 0
46 45 0
46 47 0
46 68 0
47 46 0
47 48 0
48 43 0
48 47 0
48 64 0
49 45 0
49 50 0
50 49 0
50 51 0
50 52 0
51 50 0
51 55 0
51 68 0
52 50 0
52 53 0
52 65 0
53 52 0
53 54 0
54 53 0
54 55 0
55 51 0
55 54 0
55 70 0
56 65 0
57 59 0
57 63 0
58 59 0
58 60 0
59 57 0
59 58 0
60 58 0
60 67 0
61 67 0
62 6 0
62 67 0
63 70 0
63 57 0
64 48 0
65 52 0
65 56 0
65 66 0
66 65 0
67 60 0
67 61 0
67 62 0
68 46 0
68 51 0
68 69 0
69 68 0
70 55 0
70 63 0
71 33 0
72 33 0
72 73 0
73 4 0
73 72 0
74 32 0
GraphDataEnd
GraphEnd
NodeEnd
END_EPT
