BEGIN_EPT
AnchorID: 30671  # ID of the anchor node
RootIndex: 0  # Index of the root node in tree_nodes
NodeCount: 1  # Total number of nodes in the EPT
NodeStart
EPTNodeID: 0
AnchorID: 30671
TreeNodeGraphID: 0
Level: 0
SimplifiedLevel: 0
EditOperation: -1 0 -1 0 0
AccumulatedOpsCount: 0
ChildrenCount: 0
ChildIndices:
CompletedDBGraphIDsCount: 0
GraphStart
GraphDataStart
ID: 0
NumNodes: 131
NumEdges: 266
NodeLabels
2 0 2 2 2 0 2 2 0 2 2 0 2 2 2 3 3 3 3 2 2 2 2 0 2 0 2 2 0 2 2 2 0 2 2 2 0 2 3 3 3 3 2 2 2 2 2 0 2 2 3 2 2 0 2 0 2 2 2 0 2 2 2 2 3 3 3 3 2 2 2 2 2 2 0 3 0 3 2 2 2 2 2 3 3 3 2 2 2 2 3 3 3 2 2 3 3 3 2 2 2 2 2 2 2 2 2 2 2 0 2 2 0 2 0 0 0 2 2 2 2 2 2 3 3 3 2 0 2 0 3 
Edges
0 1 0
0 2 0
0 17 0
1 0 0
2 0 0
2 3 0
2 16 0
3 2 0
3 19 0
3 20 0
4 5 0
4 6 0
4 16 0
5 4 0
6 4 0
6 15 0
6 68 0
7 8 0
7 9 0
7 124 0
8 7 0
9 7 0
9 17 0
9 71 0
10 11 0
10 12 0
10 18 0
11 10 0
12 10 0
12 86 0
12 124 0
13 14 0
13 76 0
13 77 0
14 13 0
14 18 0
15 6 0
16 2 0
16 4 0
17 0 0
17 9 0
18 10 0
18 14 0
19 3 0
19 70 0
20 3 0
21 22 0
21 23 0
21 41 0
22 21 0
22 77 0
22 78 0
23 21 0
24 25 0
24 26 0
24 40 0
25 24 0
26 24 0
26 41 0
27 28 0
27 29 0
27 39 0
28 27 0
29 27 0
29 30 0
29 40 0
30 29 0
30 42 0
31 32 0
31 33 0
31 38 0
32 31 0
33 31 0
33 34 0
33 39 0
34 33 0
35 36 0
35 37 0
35 67 0
36 35 0
37 35 0
37 38 0
37 43 0
38 31 0
38 37 0
39 27 0
39 33 0
40 24 0
40 29 0
41 21 0
41 26 0
42 30 0
42 81 0
43 37 0
43 98 0
44 45 0
44 46 0
44 67 0
45 44 0
45 48 0
45 104 0
46 44 0
46 47 0
46 50 0
47 46 0
48 45 0
49 50 0
49 51 0
49 52 0
50 46 0
50 49 0
51 49 0
51 105 0
51 112 0
52 49 0
52 53 0
52 64 0
53 52 0
54 55 0
54 56 0
54 65 0
55 54 0
56 54 0
56 57 0
56 64 0
57 56 0
57 117 0
57 118 0
58 59 0
58 60 0
58 66 0
59 58 0
60 58 0
60 65 0
61 62 0
61 129 0
61 130 0
62 61 0
62 63 0
62 66 0
63 62 0
63 120 0
64 52 0
64 56 0
65 54 0
65 60 0
66 58 0
66 62 0
67 35 0
67 44 0
68 6 0
68 69 0
69 68 0
69 93 0
70 19 0
71 9 0
71 72 0
72 71 0
72 73 0
73 72 0
73 74 0
73 75 0
74 73 0
75 73 0
76 13 0
77 13 0
77 22 0
77 80 0
78 22 0
78 79 0
79 78 0
79 80 0
80 77 0
80 79 0
81 42 0
81 85 0
82 83 0
82 84 0
82 85 0
83 82 0
84 82 0
85 81 0
85 82 0
86 12 0
86 87 0
87 86 0
87 88 0
88 87 0
88 91 0
89 90 0
89 91 0
89 92 0
90 89 0
91 88 0
91 89 0
92 89 0
93 69 0
93 97 0
94 95 0
94 96 0
94 97 0
95 94 0
96 94 0
97 93 0
97 94 0
98 43 0
98 99 0
98 103 0
99 98 0
99 100 0
100 99 0
100 101 0
101 100 0
101 102 0
102 101 0
102 103 0
103 98 0
103 102 0
104 45 0
105 51 0
106 107 0
106 111 0
106 116 0
107 106 0
107 108 0
107 125 0
108 107 0
108 109 0
108 112 0
109 108 0
109 110 0
110 109 0
110 111 0
110 113 0
111 106 0
111 110 0
111 115 0
112 51 0
112 108 0
113 110 0
113 114 0
114 113 0
115 111 0
116 106 0
117 57 0
118 57 0
118 119 0
119 118 0
120 63 0
120 121 0
121 120 0
121 122 0
122 121 0
122 123 0
123 122 0
124 7 0
124 12 0
125 107 0
125 126 0
126 125 0
126 127 0
126 128 0
127 126 0
128 126 0
129 61 0
130 61 0
GraphDataEnd
GraphEnd
NodeEnd
END_EPT
