BEGIN_EPT
AnchorID: 5541  # ID of the anchor node
RootIndex: 0  # Index of the root node in tree_nodes
NodeCount: 1  # Total number of nodes in the EPT
NodeStart
EPTNodeID: 0
AnchorID: 5541
TreeNodeGraphID: 0
Level: 0
SimplifiedLevel: 0
EditOperation: -1 0 -1 0 0
AccumulatedOpsCount: 0
ChildrenCount: 0
ChildIndices:
CompletedDBGraphIDsCount: 0
GraphStart
GraphDataStart
ID: 0
NumNodes: 82
NumEdges: 164
NodeLabels
3 2 2 0 3 2 2 2 0 3 2 2 2 0 3 2 2 2 0 3 2 2 2 0 3 2 2 2 0 3 2 2 2 2 2 2 0 3 2 2 2 2 2 3 2 2 2 2 2 0 2 2 0 3 2 2 2 3 2 0 2 0 3 2 0 3 2 2 2 2 2 2 2 2 2 2 2 2 2 2 3 0 
Edges
0 1 0
0 66 0
1 0 0
1 2 0
2 1 0
2 3 0
2 4 0
3 2 0
4 2 0
4 5 0
5 4 0
5 6 0
5 7 0
6 5 0
6 63 0
7 5 0
7 8 0
7 9 0
8 7 0
9 7 0
9 10 0
10 9 0
10 11 0
10 12 0
11 10 0
12 10 0
12 13 0
12 14 0
13 12 0
14 12 0
14 15 0
15 14 0
15 16 0
15 17 0
16 15 0
17 15 0
17 18 0
17 19 0
18 17 0
19 17 0
19 20 0
20 19 0
20 21 0
20 22 0
21 20 0
22 20 0
22 23 0
22 24 0
23 22 0
24 22 0
24 25 0
25 24 0
25 26 0
25 27 0
26 25 0
27 25 0
27 28 0
27 29 0
28 27 0
29 27 0
29 30 0
30 29 0
30 31 0
30 35 0
31 30 0
31 32 0
32 31 0
32 33 0
33 32 0
33 34 0
34 33 0
34 80 0
35 30 0
35 36 0
35 37 0
36 35 0
37 35 0
37 38 0
38 37 0
38 39 0
38 44 0
39 38 0
39 40 0
40 39 0
40 41 0
41 40 0
41 42 0
42 41 0
42 43 0
43 42 0
44 38 0
44 52 0
44 53 0
45 46 0
45 51 0
45 58 0
46 45 0
46 47 0
47 46 0
47 48 0
48 47 0
48 49 0
48 50 0
49 48 0
50 48 0
50 51 0
51 45 0
51 50 0
52 44 0
53 44 0
53 54 0
54 53 0
54 60 0
55 56 0
55 58 0
55 62 0
56 55 0
56 57 0
56 59 0
57 56 0
58 45 0
58 55 0
59 56 0
60 54 0
60 61 0
60 62 0
61 60 0
62 55 0
62 60 0
63 6 0
63 64 0
63 65 0
64 63 0
65 63 0
66 0 0
66 67 0
66 81 0
67 66 0
67 68 0
68 67 0
68 69 0
69 68 0
69 70 0
70 69 0
70 71 0
71 70 0
71 72 0
72 71 0
72 73 0
73 72 0
73 74 0
74 73 0
74 75 0
75 74 0
75 76 0
76 75 0
76 77 0
77 76 0
77 78 0
78 77 0
78 79 0
79 78 0
80 34 0
81 66 0
GraphDataEnd
GraphEnd
NodeEnd
END_EPT
