BEGIN_EPT
AnchorID: 5284  # ID of the anchor node
RootIndex: 0  # Index of the root node in tree_nodes
NodeCount: 1  # Total number of nodes in the EPT
NodeStart
EPTNodeID: 0
AnchorID: 5284
TreeNodeGraphID: 0
Level: 0
SimplifiedLevel: 0
EditOperation: -1 0 -1 0 0
AccumulatedOpsCount: 0
ChildrenCount: 0
ChildIndices:
CompletedDBGraphIDsCount: 0
GraphStart
GraphDataStart
ID: 0
NumNodes: 103
NumEdges: 216
NodeLabels
1 2 2 0 2 2 2 2 0 2 2 0 2 11 0 0 0 3 2 2 2 3 2 0 3 2 3 2 2 2 0 0 2 3 0 2 2 2 2 2 2 2 2 2 2 2 2 2 2 2 2 3 0 2 2 2 2 2 2 2 2 2 2 2 2 2 2 2 2 2 2 0 2 2 11 0 0 3 2 3 2 2 2 0 0 2 3 0 2 2 2 2 2 2 2 2 2 2 2 2 2 2 2 
Edges
0 1 0
0 4 0
1 0 0
1 2 0
2 1 0
2 3 0
2 17 0
3 2 0
3 4 0
4 0 0
4 3 0
4 10 0
5 6 0
5 9 0
5 14 0
6 5 0
6 7 0
7 6 0
7 8 0
7 26 0
8 7 0
8 9 0
9 5 0
9 8 0
9 12 0
10 4 0
10 11 0
11 10 0
11 13 0
12 9 0
12 16 0
13 11 0
13 14 0
13 15 0
13 31 0
14 5 0
14 13 0
15 13 0
16 12 0
16 74 0
17 2 0
17 18 0
17 22 0
18 17 0
18 19 0
19 18 0
19 20 0
20 19 0
20 21 0
20 33 0
21 20 0
21 22 0
22 17 0
22 21 0
22 23 0
23 22 0
24 25 0
24 27 0
25 24 0
25 26 0
25 30 0
26 7 0
26 25 0
26 28 0
27 24 0
27 29 0
27 51 0
28 26 0
28 29 0
29 27 0
29 28 0
30 25 0
31 13 0
32 33 0
32 34 0
32 35 0
33 20 0
33 32 0
34 32 0
35 32 0
35 36 0
36 35 0
36 37 0
37 36 0
37 38 0
38 37 0
38 39 0
39 38 0
39 40 0
40 39 0
40 41 0
41 40 0
41 42 0
42 41 0
42 43 0
43 42 0
43 44 0
44 43 0
44 45 0
45 44 0
45 46 0
46 45 0
46 47 0
47 46 0
47 48 0
48 47 0
48 49 0
49 48 0
50 51 0
50 52 0
50 53 0
51 27 0
51 50 0
52 50 0
53 50 0
53 54 0
54 53 0
54 55 0
55 54 0
55 56 0
56 55 0
56 57 0
57 56 0
57 58 0
58 57 0
58 59 0
59 58 0
59 60 0
60 59 0
60 61 0
61 60 0
61 62 0
62 61 0
62 63 0
63 62 0
63 64 0
64 63 0
64 65 0
65 64 0
65 66 0
66 65 0
66 67 0
67 66 0
68 69 0
68 72 0
69 68 0
69 70 0
70 69 0
70 71 0
70 79 0
71 70 0
71 72 0
72 68 0
72 71 0
72 73 0
73 72 0
73 84 0
74 16 0
74 75 0
74 76 0
74 84 0
75 74 0
76 74 0
77 78 0
77 80 0
78 77 0
78 79 0
78 83 0
79 70 0
79 78 0
79 81 0
80 77 0
80 82 0
80 86 0
81 79 0
81 82 0
82 80 0
82 81 0
83 78 0
84 73 0
84 74 0
85 86 0
85 87 0
85 88 0
86 80 0
86 85 0
87 85 0
88 85 0
88 89 0
89 88 0
89 90 0
90 89 0
90 91 0
91 90 0
91 92 0
92 91 0
92 93 0
93 92 0
93 94 0
94 93 0
94 95 0
95 94 0
95 96 0
96 95 0
96 97 0
97 96 0
97 98 0
98 97 0
98 99 0
99 98 0
99 100 0
100 99 0
100 101 0
101 100 0
101 102 0
102 101 0
GraphDataEnd
GraphEnd
NodeEnd
END_EPT
