BEGIN_EPT
AnchorID: 11818  # ID of the anchor node
RootIndex: 0  # Index of the root node in tree_nodes
NodeCount: 1  # Total number of nodes in the EPT
NodeStart
EPTNodeID: 0
AnchorID: 11818
TreeNodeGraphID: 0
Level: 0
SimplifiedLevel: 0
EditOperation: -1 0 -1 0 0
AccumulatedOpsCount: 0
ChildrenCount: 0
ChildIndices:
CompletedDBGraphIDsCount: 0
GraphStart
GraphDataStart
ID: 0
NumNodes: 90
NumEdges: 190
NodeLabels
2 3 0 2 2 3 2 2 2 2 2 2 2 3 0 0 0 2 2 2 2 2 2 2 2 2 2 2 3 0 2 2 2 3 2 2 2 3 2 2 2 2 3 0 2 2 2 2 2 2 3 0 2 2 2 2 2 2 3 0 2 2 2 2 2 2 3 0 2 2 2 2 2 2 2 2 0 0 0 0 2 2 2 2 2 2 2 3 0 0 
Edges
0 1 0
0 2 0
0 3 0
1 0 0
1 4 0
2 0 0
3 0 0
3 5 0
3 6 0
4 1 0
4 7 0
4 8 0
5 3 0
5 9 0
5 10 0
6 3 0
6 11 0
7 4 0
7 12 0
8 4 0
8 13 0
8 14 0
9 5 0
9 15 0
9 16 0
10 5 0
10 11 0
11 6 0
11 10 0
12 7 0
12 17 0
12 18 0
13 8 0
13 19 0
14 8 0
15 9 0
15 20 0
16 9 0
17 12 0
17 21 0
18 12 0
18 22 0
19 13 0
19 23 0
19 24 0
20 15 0
20 25 0
21 17 0
21 26 0
22 18 0
22 26 0
23 19 0
23 27 0
24 19 0
24 28 0
24 29 0
25 20 0
25 30 0
25 31 0
26 21 0
26 22 0
27 23 0
27 32 0
27 33 0
28 24 0
28 34 0
29 24 0
30 25 0
30 35 0
31 25 0
31 36 0
32 27 0
32 37 0
33 27 0
33 38 0
34 28 0
34 39 0
34 40 0
35 30 0
35 41 0
36 31 0
36 41 0
37 32 0
37 38 0
38 33 0
38 37 0
39 34 0
39 42 0
39 43 0
40 34 0
40 44 0
41 35 0
41 36 0
42 39 0
42 45 0
43 39 0
44 40 0
44 46 0
44 47 0
45 42 0
45 48 0
45 49 0
46 44 0
47 44 0
48 45 0
48 50 0
48 51 0
49 45 0
49 52 0
50 48 0
50 53 0
51 48 0
52 49 0
52 54 0
52 55 0
53 50 0
53 56 0
53 57 0
54 52 0
55 52 0
56 53 0
56 58 0
56 59 0
57 53 0
57 60 0
57 61 0
58 56 0
58 62 0
59 56 0
60 57 0
61 57 0
62 58 0
62 63 0
62 64 0
63 62 0
63 65 0
64 62 0
64 66 0
64 67 0
65 63 0
65 68 0
65 69 0
66 64 0
66 70 0
67 64 0
68 65 0
68 71 0
69 65 0
69 72 0
70 66 0
70 73 0
70 74 0
71 68 0
71 75 0
72 69 0
72 75 0
73 70 0
73 76 0
73 77 0
74 70 0
74 78 0
75 71 0
75 72 0
75 79 0
76 73 0
76 80 0
77 73 0
78 74 0
79 75 0
80 76 0
80 81 0
81 80 0
81 82 0
81 83 0
82 81 0
82 84 0
83 81 0
83 85 0
84 82 0
84 86 0
85 83 0
85 86 0
86 84 0
86 85 0
86 87 0
87 86 0
87 88 0
87 89 0
88 87 0
89 87 0
GraphDataEnd
GraphEnd
NodeEnd
END_EPT
