BEGIN_EPT
AnchorID: 10795  # ID of the anchor node
RootIndex: 0  # Index of the root node in tree_nodes
NodeCount: 1  # Total number of nodes in the EPT
NodeStart
EPTNodeID: 0
AnchorID: 10795
TreeNodeGraphID: 0
Level: 0
SimplifiedLevel: 0
EditOperation: -1 0 -1 0 0
AccumulatedOpsCount: 0
ChildrenCount: 0
ChildIndices:
CompletedDBGraphIDsCount: 0
GraphStart
GraphDataStart
ID: 0
NumNodes: 69
NumEdges: 152
NodeLabels
2 2 2 2 2 2 1 2 2 2 2 2 2 2 2 2 2 2 2 1 2 2 2 2 2 2 2 2 2 3 2 2 2 2 2 2 2 2 2 2 2 2 2 2 2 2 1 2 2 2 2 2 2 1 2 2 2 3 2 3 2 2 2 4 0 0 0 0 3 
Edges
0 1 0
0 5 0
0 6 0
1 0 0
1 2 0
2 1 0
2 3 0
3 2 0
3 4 0
3 10 0
4 3 0
4 5 0
5 0 0
5 4 0
6 0 0
6 7 0
6 8 0
7 6 0
8 6 0
8 9 0
9 8 0
10 3 0
10 11 0
10 62 0
11 10 0
11 32 0
11 68 0
12 13 0
12 23 0
12 58 0
13 12 0
13 14 0
13 18 0
14 13 0
14 15 0
15 14 0
15 16 0
16 15 0
16 17 0
16 19 0
17 16 0
17 18 0
18 13 0
18 17 0
19 16 0
19 20 0
19 21 0
20 19 0
20 22 0
21 19 0
22 20 0
23 12 0
23 24 0
23 57 0
24 23 0
24 25 0
25 24 0
25 26 0
26 25 0
26 27 0
26 57 0
27 26 0
27 28 0
27 37 0
28 27 0
28 29 0
28 30 0
29 28 0
29 34 0
30 28 0
30 35 0
31 32 0
31 33 0
32 11 0
32 31 0
33 31 0
33 36 0
33 68 0
34 29 0
34 35 0
34 36 0
35 30 0
35 34 0
36 33 0
36 34 0
36 40 0
37 27 0
37 38 0
37 39 0
38 37 0
38 52 0
39 37 0
39 50 0
40 36 0
40 41 0
40 45 0
41 40 0
41 42 0
42 41 0
42 43 0
43 42 0
43 44 0
43 46 0
44 43 0
44 45 0
45 40 0
45 44 0
46 43 0
46 47 0
46 48 0
47 46 0
48 46 0
48 49 0
49 48 0
50 39 0
50 51 0
51 50 0
51 52 0
51 53 0
52 38 0
52 51 0
53 51 0
53 54 0
53 55 0
54 53 0
55 53 0
55 56 0
56 55 0
57 23 0
57 26 0
58 12 0
58 59 0
58 60 0
59 58 0
59 62 0
60 58 0
60 61 0
61 60 0
61 62 0
62 10 0
62 59 0
62 61 0
63 64 0
63 65 0
63 66 0
63 67 0
64 63 0
65 63 0
66 63 0
67 63 0
68 11 0
68 33 0
GraphDataEnd
GraphEnd
NodeEnd
END_EPT
