BEGIN_EPT
AnchorID: 8103  # ID of the anchor node
RootIndex: 0  # Index of the root node in tree_nodes
NodeCount: 1  # Total number of nodes in the EPT
NodeStart
EPTNodeID: 0
AnchorID: 8103
TreeNodeGraphID: 0
Level: 0
SimplifiedLevel: 0
EditOperation: -1 0 -1 0 0
AccumulatedOpsCount: 0
ChildrenCount: 0
ChildIndices:
CompletedDBGraphIDsCount: 0
GraphStart
GraphDataStart
ID: 0
NumNodes: 90
NumEdges: 196
NodeLabels
3 2 2 2 3 2 0 2 2 2 2 2 3 2 0 2 2 2 2 2 2 3 2 0 2 3 2 2 2 2 2 0 3 2 2 2 2 2 2 0 3 2 3 2 2 0 2 3 0 2 0 2 3 2 2 3 2 0 2 3 2 2 0 2 2 0 2 2 0 2 2 2 3 2 2 2 2 2 0 2 2 0 2 2 2 3 2 2 2 2 
Edges
0 1 0
0 64 0
1 0 0
1 2 0
1 30 0
2 1 0
2 3 0
2 4 0
3 2 0
4 2 0
4 5 0
5 4 0
5 6 0
5 7 0
6 5 0
7 5 0
7 8 0
7 12 0
8 7 0
8 9 0
9 8 0
9 10 0
10 9 0
10 11 0
11 10 0
11 12 0
12 7 0
12 11 0
12 13 0
13 12 0
13 14 0
13 41 0
14 13 0
15 16 0
15 47 0
15 48 0
16 15 0
16 17 0
16 21 0
17 16 0
17 18 0
18 17 0
18 19 0
19 18 0
19 20 0
20 19 0
20 21 0
21 16 0
21 20 0
21 49 0
22 23 0
22 24 0
22 55 0
23 22 0
24 22 0
24 25 0
24 29 0
25 24 0
25 26 0
25 56 0
26 25 0
26 27 0
27 26 0
27 28 0
28 27 0
28 29 0
29 24 0
29 28 0
30 1 0
30 31 0
30 32 0
31 30 0
32 30 0
32 33 0
32 37 0
33 32 0
33 34 0
34 33 0
34 35 0
35 34 0
35 36 0
36 35 0
36 37 0
37 32 0
37 36 0
37 38 0
38 37 0
38 39 0
38 40 0
39 38 0
40 38 0
40 63 0
41 13 0
41 42 0
42 41 0
42 43 0
42 44 0
43 42 0
44 42 0
44 45 0
44 46 0
45 44 0
46 44 0
46 47 0
47 15 0
47 46 0
48 15 0
49 21 0
49 50 0
49 51 0
50 49 0
51 49 0
51 52 0
51 53 0
52 51 0
52 77 0
53 51 0
53 54 0
53 55 0
54 53 0
55 22 0
55 53 0
56 25 0
56 57 0
56 58 0
57 56 0
58 56 0
58 59 0
59 58 0
59 60 0
59 61 0
60 59 0
61 59 0
61 62 0
61 63 0
62 61 0
63 40 0
63 61 0
64 0 0
64 65 0
64 66 0
65 64 0
66 64 0
66 67 0
66 72 0
67 66 0
67 68 0
67 69 0
68 67 0
69 67 0
69 70 0
70 69 0
70 71 0
70 76 0
71 70 0
71 72 0
71 73 0
72 66 0
72 71 0
73 71 0
73 74 0
74 73 0
74 75 0
75 74 0
75 76 0
76 70 0
76 75 0
77 52 0
77 78 0
77 79 0
78 77 0
79 77 0
79 80 0
79 85 0
80 79 0
80 81 0
80 82 0
81 80 0
82 80 0
82 83 0
83 82 0
83 84 0
83 89 0
84 83 0
84 85 0
84 86 0
85 79 0
85 84 0
86 84 0
86 87 0
87 86 0
87 88 0
88 87 0
88 89 0
89 83 0
89 88 0
GraphDataEnd
GraphEnd
NodeEnd
END_EPT
