BEGIN_EPT
AnchorID: 29353  # ID of the anchor node
RootIndex: 0  # Index of the root node in tree_nodes
NodeCount: 36  # Total number of nodes in the EPT
NodeStart
EPTNodeID: 0
AnchorID: 29353
TreeNodeGraphID: 0
Level: 0
SimplifiedLevel: 0
EditOperation: -1 0 -1 0 0
AccumulatedOpsCount: 0
ChildrenCount: 3
ChildIndices: 1 26 34
CompletedDBGraphIDsCount: 1
CompletedDBGraphID: 37981
GraphStart
GraphDataStart
ID: 0
NumNodes: 57
NumEdges: 124
NodeLabels
2 2 2 2 2 2 2 2 2 2 2 2 2 2 2 2 2 2 2 2 2 2 2 2 2 2 2 2 2 2 3 2 2 2 2 2 2 2 2 2 2 2 2 4 0 2 0 2 4 2 0 0 2 2 0 0 2 
Edges
0 1 0
0 5 0
1 0 0
1 2 0
1 30 0
2 1 0
2 3 0
3 2 0
3 4 0
3 6 0
4 3 0
4 5 0
4 9 0
4 25 0
5 0 0
5 4 0
6 3 0
6 7 0
7 6 0
7 8 0
8 7 0
8 9 0
8 10 0
9 4 0
9 8 0
9 13 0
10 8 0
10 11 0
10 14 0
11 10 0
11 12 0
11 16 0
11 26 0
12 11 0
12 13 0
13 9 0
13 12 0
14 10 0
14 15 0
15 14 0
15 16 0
16 11 0
16 15 0
16 17 0
17 16 0
17 18 0
17 24 0
18 17 0
18 19 0
19 18 0
19 20 0
20 19 0
20 21 0
21 20 0
21 22 0
21 23 0
22 21 0
23 21 0
24 17 0
25 4 0
26 11 0
27 28 0
27 31 0
27 37 0
28 27 0
28 29 0
29 28 0
29 30 0
30 1 0
30 29 0
31 27 0
31 32 0
31 36 0
32 31 0
32 33 0
33 32 0
33 34 0
33 43 0
34 33 0
34 35 0
34 44 0
35 34 0
35 36 0
35 49 0
36 31 0
36 35 0
37 27 0
37 38 0
37 42 0
38 37 0
38 39 0
39 38 0
39 40 0
39 53 0
40 39 0
40 41 0
40 46 0
41 40 0
41 42 0
41 48 0
42 37 0
42 41 0
43 33 0
44 34 0
44 45 0
45 44 0
46 40 0
46 47 0
47 46 0
48 41 0
49 35 0
49 50 0
49 51 0
50 49 0
51 49 0
51 52 0
52 51 0
53 39 0
53 54 0
53 55 0
54 53 0
55 53 0
55 56 0
56 55 0
GraphDataEnd
GraphEnd
NodeEnd
NodeStart
EPTNodeID: 1
AnchorID: 29353
TreeNodeGraphID: 1
Level: 1
SimplifiedLevel: 0
EditOperation: 4 55 56 0 0
AccumulatedOpsCount: 1
AccumulatedOp: 4 55 56 0 0
ChildrenCount: 2
ChildIndices: 2 25
CompletedDBGraphIDsCount: 0
GraphStart
GraphDataStart
ID: 1
NumNodes: 57
NumEdges: 122
NodeLabels
2 2 2 2 2 2 2 2 2 2 2 2 2 2 2 2 2 2 2 2 2 2 2 2 2 2 2 2 2 2 3 2 2 2 2 2 2 2 2 2 2 2 2 4 0 2 0 2 4 2 0 0 2 2 0 0 2 
Edges
0 1 0
0 5 0
1 0 0
1 2 0
1 30 0
2 1 0
2 3 0
3 2 0
3 4 0
3 6 0
4 3 0
4 5 0
4 9 0
4 25 0
5 0 0
5 4 0
6 3 0
6 7 0
7 6 0
7 8 0
8 7 0
8 9 0
8 10 0
9 4 0
9 8 0
9 13 0
10 8 0
10 11 0
10 14 0
11 10 0
11 12 0
11 16 0
11 26 0
12 11 0
12 13 0
13 9 0
13 12 0
14 10 0
14 15 0
15 14 0
15 16 0
16 11 0
16 15 0
16 17 0
17 16 0
17 18 0
17 24 0
18 17 0
18 19 0
19 18 0
19 20 0
20 19 0
20 21 0
21 20 0
21 22 0
21 23 0
22 21 0
23 21 0
24 17 0
25 4 0
26 11 0
27 28 0
27 31 0
27 37 0
28 27 0
28 29 0
29 28 0
29 30 0
30 1 0
30 29 0
31 27 0
31 32 0
31 36 0
32 31 0
32 33 0
33 32 0
33 34 0
33 43 0
34 33 0
34 35 0
34 44 0
35 34 0
35 36 0
35 49 0
36 31 0
36 35 0
37 27 0
37 38 0
37 42 0
38 37 0
38 39 0
39 38 0
39 40 0
39 53 0
40 39 0
40 41 0
40 46 0
41 40 0
41 42 0
41 48 0
42 37 0
42 41 0
43 33 0
44 34 0
44 45 0
45 44 0
46 40 0
46 47 0
47 46 0
48 41 0
49 35 0
49 50 0
49 51 0
50 49 0
51 49 0
51 52 0
52 51 0
53 39 0
53 54 0
53 55 0
54 53 0
55 53 0
GraphDataEnd
GraphEnd
NodeEnd
NodeStart
EPTNodeID: 2
AnchorID: 29353
TreeNodeGraphID: 2
Level: 2
SimplifiedLevel: 0
EditOperation: 4 51 52 0 0
AccumulatedOpsCount: 1
AccumulatedOp: 4 51 52 0 0
ChildrenCount: 5
ChildIndices: 3 17 20 21 24
CompletedDBGraphIDsCount: 0
GraphStart
GraphDataStart
ID: 2
NumNodes: 57
NumEdges: 120
NodeLabels
2 2 2 2 2 2 2 2 2 2 2 2 2 2 2 2 2 2 2 2 2 2 2 2 2 2 2 2 2 2 3 2 2 2 2 2 2 2 2 2 2 2 2 4 0 2 0 2 4 2 0 0 2 2 0 0 2 
Edges
0 1 0
0 5 0
1 0 0
1 2 0
1 30 0
2 1 0
2 3 0
3 2 0
3 4 0
3 6 0
4 3 0
4 5 0
4 9 0
4 25 0
5 0 0
5 4 0
6 3 0
6 7 0
7 6 0
7 8 0
8 7 0
8 9 0
8 10 0
9 4 0
9 8 0
9 13 0
10 8 0
10 11 0
10 14 0
11 10 0
11 12 0
11 16 0
11 26 0
12 11 0
12 13 0
13 9 0
13 12 0
14 10 0
14 15 0
15 14 0
15 16 0
16 11 0
16 15 0
16 17 0
17 16 0
17 18 0
17 24 0
18 17 0
18 19 0
19 18 0
19 20 0
20 19 0
20 21 0
21 20 0
21 22 0
21 23 0
22 21 0
23 21 0
24 17 0
25 4 0
26 11 0
27 28 0
27 31 0
27 37 0
28 27 0
28 29 0
29 28 0
29 30 0
30 1 0
30 29 0
31 27 0
31 32 0
31 36 0
32 31 0
32 33 0
33 32 0
33 34 0
33 43 0
34 33 0
34 35 0
34 44 0
35 34 0
35 36 0
35 49 0
36 31 0
36 35 0
37 27 0
37 38 0
37 42 0
38 37 0
38 39 0
39 38 0
39 40 0
39 53 0
40 39 0
40 41 0
40 46 0
41 40 0
41 42 0
41 48 0
42 37 0
42 41 0
43 33 0
44 34 0
44 45 0
45 44 0
46 40 0
46 47 0
47 46 0
48 41 0
49 35 0
49 50 0
49 51 0
50 49 0
51 49 0
53 39 0
53 54 0
53 55 0
54 53 0
55 53 0
GraphDataEnd
GraphEnd
NodeEnd
NodeStart
EPTNodeID: 3
AnchorID: 29353
TreeNodeGraphID: 3
Level: 3
SimplifiedLevel: 0
EditOperation: 1 52 0 2 0
AccumulatedOpsCount: 1
AccumulatedOp: 1 52 0 2 0
ChildrenCount: 3
ChildIndices: 4 15 16
CompletedDBGraphIDsCount: 0
GraphStart
GraphDataStart
ID: 3
NumNodes: 56
NumEdges: 120
NodeLabels
2 2 2 2 2 2 2 2 2 2 2 2 2 2 2 2 2 2 2 2 2 2 2 2 2 2 2 2 2 2 3 2 2 2 2 2 2 2 2 2 2 2 2 4 0 2 0 2 4 2 0 0 2 0 0 2 
Edges
0 1 0
0 5 0
1 0 0
1 2 0
1 30 0
2 1 0
2 3 0
3 2 0
3 4 0
3 6 0
4 3 0
4 5 0
4 9 0
4 25 0
5 0 0
5 4 0
6 3 0
6 7 0
7 6 0
7 8 0
8 7 0
8 9 0
8 10 0
9 4 0
9 8 0
9 13 0
10 8 0
10 11 0
10 14 0
11 10 0
11 12 0
11 16 0
11 26 0
12 11 0
12 13 0
13 9 0
13 12 0
14 10 0
14 15 0
15 14 0
15 16 0
16 11 0
16 15 0
16 17 0
17 16 0
17 18 0
17 24 0
18 17 0
18 19 0
19 18 0
19 20 0
20 19 0
20 21 0
21 20 0
21 22 0
21 23 0
22 21 0
23 21 0
24 17 0
25 4 0
26 11 0
27 28 0
27 31 0
27 37 0
28 27 0
28 29 0
29 28 0
29 30 0
30 1 0
30 29 0
31 27 0
31 32 0
31 36 0
32 31 0
32 33 0
33 32 0
33 34 0
33 43 0
34 33 0
34 35 0
34 44 0
35 34 0
35 36 0
35 49 0
36 31 0
36 35 0
37 27 0
37 38 0
37 42 0
38 37 0
38 39 0
39 38 0
39 40 0
39 52 0
40 39 0
40 41 0
40 46 0
41 40 0
41 42 0
41 48 0
42 37 0
42 41 0
43 33 0
44 34 0
44 45 0
45 44 0
46 40 0
46 47 0
47 46 0
48 41 0
49 35 0
49 50 0
49 51 0
50 49 0
51 49 0
52 39 0
52 53 0
52 54 0
53 52 0
54 52 0
GraphDataEnd
GraphEnd
NodeEnd
NodeStart
EPTNodeID: 4
AnchorID: 29353
TreeNodeGraphID: 4
Level: 4
SimplifiedLevel: 0
EditOperation: 0 30 0 3 2
AccumulatedOpsCount: 1
AccumulatedOp: 0 30 0 3 2
ChildrenCount: 2
ChildIndices: 5 14
CompletedDBGraphIDsCount: 0
GraphStart
GraphDataStart
ID: 4
NumNodes: 56
NumEdges: 120
NodeLabels
2 2 2 2 2 2 2 2 2 2 2 2 2 2 2 2 2 2 2 2 2 2 2 2 2 2 2 2 2 2 2 2 2 2 2 2 2 2 2 2 2 2 2 4 0 2 0 2 4 2 0 0 2 0 0 2 
Edges
0 1 0
0 5 0
1 0 0
1 2 0
1 30 0
2 1 0
2 3 0
3 2 0
3 4 0
3 6 0
4 3 0
4 5 0
4 9 0
4 25 0
5 0 0
5 4 0
6 3 0
6 7 0
7 6 0
7 8 0
8 7 0
8 9 0
8 10 0
9 4 0
9 8 0
9 13 0
10 8 0
10 11 0
10 14 0
11 10 0
11 12 0
11 16 0
11 26 0
12 11 0
12 13 0
13 9 0
13 12 0
14 10 0
14 15 0
15 14 0
15 16 0
16 11 0
16 15 0
16 17 0
17 16 0
17 18 0
17 24 0
18 17 0
18 19 0
19 18 0
19 20 0
20 19 0
20 21 0
21 20 0
21 22 0
21 23 0
22 21 0
23 21 0
24 17 0
25 4 0
26 11 0
27 28 0
27 31 0
27 37 0
28 27 0
28 29 0
29 28 0
29 30 0
30 1 0
30 29 0
31 27 0
31 32 0
31 36 0
32 31 0
32 33 0
33 32 0
33 34 0
33 43 0
34 33 0
34 35 0
34 44 0
35 34 0
35 36 0
35 49 0
36 31 0
36 35 0
37 27 0
37 38 0
37 42 0
38 37 0
38 39 0
39 38 0
39 40 0
39 52 0
40 39 0
40 41 0
40 46 0
41 40 0
41 42 0
41 48 0
42 37 0
42 41 0
43 33 0
44 34 0
44 45 0
45 44 0
46 40 0
46 47 0
47 46 0
48 41 0
49 35 0
49 50 0
49 51 0
50 49 0
51 49 0
52 39 0
52 53 0
52 54 0
53 52 0
54 52 0
GraphDataEnd
GraphEnd
NodeEnd
NodeStart
EPTNodeID: 5
AnchorID: 29353
TreeNodeGraphID: 6
Level: 6
SimplifiedLevel: 0
EditOperation: 4 44 45 0 0
AccumulatedOpsCount: 2
AccumulatedOp: 4 46 47 0 0
AccumulatedOp: 4 44 45 0 0
ChildrenCount: 2
ChildIndices: 6 13
CompletedDBGraphIDsCount: 0
GraphStart
GraphDataStart
ID: 6
NumNodes: 56
NumEdges: 116
NodeLabels
2 2 2 2 2 2 2 2 2 2 2 2 2 2 2 2 2 2 2 2 2 2 2 2 2 2 2 2 2 2 2 2 2 2 2 2 2 2 2 2 2 2 2 4 0 2 0 2 4 2 0 0 2 0 0 2 
Edges
0 1 0
0 5 0
1 0 0
1 2 0
1 30 0
2 1 0
2 3 0
3 2 0
3 4 0
3 6 0
4 3 0
4 5 0
4 9 0
4 25 0
5 0 0
5 4 0
6 3 0
6 7 0
7 6 0
7 8 0
8 7 0
8 9 0
8 10 0
9 4 0
9 8 0
9 13 0
10 8 0
10 11 0
10 14 0
11 10 0
11 12 0
11 16 0
11 26 0
12 11 0
12 13 0
13 9 0
13 12 0
14 10 0
14 15 0
15 14 0
15 16 0
16 11 0
16 15 0
16 17 0
17 16 0
17 18 0
17 24 0
18 17 0
18 19 0
19 18 0
19 20 0
20 19 0
20 21 0
21 20 0
21 22 0
21 23 0
22 21 0
23 21 0
24 17 0
25 4 0
26 11 0
27 28 0
27 31 0
27 37 0
28 27 0
28 29 0
29 28 0
29 30 0
30 1 0
30 29 0
31 27 0
31 32 0
31 36 0
32 31 0
32 33 0
33 32 0
33 34 0
33 43 0
34 33 0
34 35 0
34 44 0
35 34 0
35 36 0
35 49 0
36 31 0
36 35 0
37 27 0
37 38 0
37 42 0
38 37 0
38 39 0
39 38 0
39 40 0
39 52 0
40 39 0
40 41 0
40 46 0
41 40 0
41 42 0
41 48 0
42 37 0
42 41 0
43 33 0
44 34 0
46 40 0
48 41 0
49 35 0
49 50 0
49 51 0
50 49 0
51 49 0
52 39 0
52 53 0
52 54 0
53 52 0
54 52 0
GraphDataEnd
GraphEnd
NodeEnd
NodeStart
EPTNodeID: 6
AnchorID: 29353
TreeNodeGraphID: 7
Level: 7
SimplifiedLevel: 0
EditOperation: 1 56 0 2 0
AccumulatedOpsCount: 1
AccumulatedOp: 1 56 0 2 0
ChildrenCount: 2
ChildIndices: 7 10
CompletedDBGraphIDsCount: 0
GraphStart
GraphDataStart
ID: 7
NumNodes: 55
NumEdges: 116
NodeLabels
2 2 2 2 2 2 2 2 2 2 2 2 2 2 2 2 2 2 2 2 2 2 2 2 2 2 2 2 2 2 2 2 2 2 2 2 2 2 2 2 2 2 2 4 0 2 0 2 4 2 0 0 2 0 0 
Edges
0 1 0
0 5 0
1 0 0
1 2 0
1 30 0
2 1 0
2 3 0
3 2 0
3 4 0
3 6 0
4 3 0
4 5 0
4 9 0
4 25 0
5 0 0
5 4 0
6 3 0
6 7 0
7 6 0
7 8 0
8 7 0
8 9 0
8 10 0
9 4 0
9 8 0
9 13 0
10 8 0
10 11 0
10 14 0
11 10 0
11 12 0
11 16 0
11 26 0
12 11 0
12 13 0
13 9 0
13 12 0
14 10 0
14 15 0
15 14 0
15 16 0
16 11 0
16 15 0
16 17 0
17 16 0
17 18 0
17 24 0
18 17 0
18 19 0
19 18 0
19 20 0
20 19 0
20 21 0
21 20 0
21 22 0
21 23 0
22 21 0
23 21 0
24 17 0
25 4 0
26 11 0
27 28 0
27 31 0
27 37 0
28 27 0
28 29 0
29 28 0
29 30 0
30 1 0
30 29 0
31 27 0
31 32 0
31 36 0
32 31 0
32 33 0
33 32 0
33 34 0
33 43 0
34 33 0
34 35 0
34 44 0
35 34 0
35 36 0
35 49 0
36 31 0
36 35 0
37 27 0
37 38 0
37 42 0
38 37 0
38 39 0
39 38 0
39 40 0
39 52 0
40 39 0
40 41 0
40 46 0
41 40 0
41 42 0
41 48 0
42 37 0
42 41 0
43 33 0
44 34 0
46 40 0
48 41 0
49 35 0
49 50 0
49 51 0
50 49 0
51 49 0
52 39 0
52 53 0
52 54 0
53 52 0
54 52 0
GraphDataEnd
GraphEnd
NodeEnd
NodeStart
EPTNodeID: 7
AnchorID: 29353
TreeNodeGraphID: 9
Level: 9
SimplifiedLevel: 0
EditOperation: 0 45 0 2 3
AccumulatedOpsCount: 2
AccumulatedOp: 1 47 0 2 0
AccumulatedOp: 0 45 0 2 3
ChildrenCount: 2
ChildIndices: 8 9
CompletedDBGraphIDsCount: 4
CompletedDBGraphID: 18868
CompletedDBGraphID: 14963
CompletedDBGraphID: 16503
CompletedDBGraphID: 21470
GraphStart
GraphDataStart
ID: 9
NumNodes: 54
NumEdges: 116
NodeLabels
2 2 2 2 2 2 2 2 2 2 2 2 2 2 2 2 2 2 2 2 2 2 2 2 2 2 2 2 2 2 2 2 2 2 2 2 2 2 2 2 2 2 2 4 0 3 0 4 2 0 0 2 0 0 
Edges
0 1 0
0 5 0
1 0 0
1 2 0
1 30 0
2 1 0
2 3 0
3 2 0
3 4 0
3 6 0
4 3 0
4 5 0
4 9 0
4 25 0
5 0 0
5 4 0
6 3 0
6 7 0
7 6 0
7 8 0
8 7 0
8 9 0
8 10 0
9 4 0
9 8 0
9 13 0
10 8 0
10 11 0
10 14 0
11 10 0
11 12 0
11 16 0
11 26 0
12 11 0
12 13 0
13 9 0
13 12 0
14 10 0
14 15 0
15 14 0
15 16 0
16 11 0
16 15 0
16 17 0
17 16 0
17 18 0
17 24 0
18 17 0
18 19 0
19 18 0
19 20 0
20 19 0
20 21 0
21 20 0
21 22 0
21 23 0
22 21 0
23 21 0
24 17 0
25 4 0
26 11 0
27 28 0
27 31 0
27 37 0
28 27 0
28 29 0
29 28 0
29 30 0
30 1 0
30 29 0
31 27 0
31 32 0
31 36 0
32 31 0
32 33 0
33 32 0
33 34 0
33 43 0
34 33 0
34 35 0
34 44 0
35 34 0
35 36 0
35 48 0
36 31 0
36 35 0
37 27 0
37 38 0
37 42 0
38 37 0
38 39 0
39 38 0
39 40 0
39 51 0
40 39 0
40 41 0
40 46 0
41 40 0
41 42 0
41 47 0
42 37 0
42 41 0
43 33 0
44 34 0
46 40 0
47 41 0
48 35 0
48 49 0
48 50 0
49 48 0
50 48 0
51 39 0
51 52 0
51 53 0
52 51 0
53 51 0
GraphDataEnd
GraphEnd
NodeEnd
NodeStart
EPTNodeID: 8
AnchorID: 29353
TreeNodeGraphID: 11
Level: 11
SimplifiedLevel: 0
EditOperation: 0 48 0 4 5
AccumulatedOpsCount: 2
AccumulatedOp: 0 43 0 4 5
AccumulatedOp: 0 48 0 4 5
ChildrenCount: 0
ChildIndices:
CompletedDBGraphIDsCount: 1
CompletedDBGraphID: 41125
GraphStart
GraphDataStart
ID: 11
NumNodes: 54
NumEdges: 116
NodeLabels
2 2 2 2 2 2 2 2 2 2 2 2 2 2 2 2 2 2 2 2 2 2 2 2 2 2 2 2 2 2 2 2 2 2 2 2 2 2 2 2 2 2 2 5 0 3 0 5 2 0 0 2 0 0 
Edges
0 1 0
0 5 0
1 0 0
1 2 0
1 30 0
2 1 0
2 3 0
3 2 0
3 4 0
3 6 0
4 3 0
4 5 0
4 9 0
4 25 0
5 0 0
5 4 0
6 3 0
6 7 0
7 6 0
7 8 0
8 7 0
8 9 0
8 10 0
9 4 0
9 8 0
9 13 0
10 8 0
10 11 0
10 14 0
11 10 0
11 12 0
11 16 0
11 26 0
12 11 0
12 13 0
13 9 0
13 12 0
14 10 0
14 15 0
15 14 0
15 16 0
16 11 0
16 15 0
16 17 0
17 16 0
17 18 0
17 24 0
18 17 0
18 19 0
19 18 0
19 20 0
20 19 0
20 21 0
21 20 0
21 22 0
21 23 0
22 21 0
23 21 0
24 17 0
25 4 0
26 11 0
27 28 0
27 31 0
27 37 0
28 27 0
28 29 0
29 28 0
29 30 0
30 1 0
30 29 0
31 27 0
31 32 0
31 36 0
32 31 0
32 33 0
33 32 0
33 34 0
33 43 0
34 33 0
34 35 0
34 44 0
35 34 0
35 36 0
35 48 0
36 31 0
36 35 0
37 27 0
37 38 0
37 42 0
38 37 0
38 39 0
39 38 0
39 40 0
39 51 0
40 39 0
40 41 0
40 46 0
41 40 0
41 42 0
41 47 0
42 37 0
42 41 0
43 33 0
44 34 0
46 40 0
47 41 0
48 35 0
48 49 0
48 50 0
49 48 0
50 48 0
51 39 0
51 52 0
51 53 0
52 51 0
53 51 0
GraphDataEnd
GraphEnd
NodeEnd
NodeStart
EPTNodeID: 9
AnchorID: 29353
TreeNodeGraphID: 13
Level: 11
SimplifiedLevel: 0
EditOperation: 0 48 0 4 12
AccumulatedOpsCount: 2
AccumulatedOp: 0 43 0 4 12
AccumulatedOp: 0 48 0 4 12
ChildrenCount: 0
ChildIndices:
CompletedDBGraphIDsCount: 1
CompletedDBGraphID: 5528
GraphStart
GraphDataStart
ID: 13
NumNodes: 54
NumEdges: 116
NodeLabels
2 2 2 2 2 2 2 2 2 2 2 2 2 2 2 2 2 2 2 2 2 2 2 2 2 2 2 2 2 2 2 2 2 2 2 2 2 2 2 2 2 2 2 12 0 3 0 12 2 0 0 2 0 0 
Edges
0 1 0
0 5 0
1 0 0
1 2 0
1 30 0
2 1 0
2 3 0
3 2 0
3 4 0
3 6 0
4 3 0
4 5 0
4 9 0
4 25 0
5 0 0
5 4 0
6 3 0
6 7 0
7 6 0
7 8 0
8 7 0
8 9 0
8 10 0
9 4 0
9 8 0
9 13 0
10 8 0
10 11 0
10 14 0
11 10 0
11 12 0
11 16 0
11 26 0
12 11 0
12 13 0
13 9 0
13 12 0
14 10 0
14 15 0
15 14 0
15 16 0
16 11 0
16 15 0
16 17 0
17 16 0
17 18 0
17 24 0
18 17 0
18 19 0
19 18 0
19 20 0
20 19 0
20 21 0
21 20 0
21 22 0
21 23 0
22 21 0
23 21 0
24 17 0
25 4 0
26 11 0
27 28 0
27 31 0
27 37 0
28 27 0
28 29 0
29 28 0
29 30 0
30 1 0
30 29 0
31 27 0
31 32 0
31 36 0
32 31 0
32 33 0
33 32 0
33 34 0
33 43 0
34 33 0
34 35 0
34 44 0
35 34 0
35 36 0
35 48 0
36 31 0
36 35 0
37 27 0
37 38 0
37 42 0
38 37 0
38 39 0
39 38 0
39 40 0
39 51 0
40 39 0
40 41 0
40 46 0
41 40 0
41 42 0
41 47 0
42 37 0
42 41 0
43 33 0
44 34 0
46 40 0
47 41 0
48 35 0
48 49 0
48 50 0
49 48 0
50 48 0
51 39 0
51 52 0
51 53 0
52 51 0
53 51 0
GraphDataEnd
GraphEnd
NodeEnd
NodeStart
EPTNodeID: 10
AnchorID: 29353
TreeNodeGraphID: 14
Level: 8
SimplifiedLevel: 0
EditOperation: 1 45 0 2 0
AccumulatedOpsCount: 1
AccumulatedOp: 1 45 0 2 0
ChildrenCount: 2
ChildIndices: 11 12
CompletedDBGraphIDsCount: 0
GraphStart
GraphDataStart
ID: 14
NumNodes: 54
NumEdges: 116
NodeLabels
2 2 2 2 2 2 2 2 2 2 2 2 2 2 2 2 2 2 2 2 2 2 2 2 2 2 2 2 2 2 2 2 2 2 2 2 2 2 2 2 2 2 2 4 0 0 2 4 2 0 0 2 0 0 
Edges
0 1 0
0 5 0
1 0 0
1 2 0
1 30 0
2 1 0
2 3 0
3 2 0
3 4 0
3 6 0
4 3 0
4 5 0
4 9 0
4 25 0
5 0 0
5 4 0
6 3 0
6 7 0
7 6 0
7 8 0
8 7 0
8 9 0
8 10 0
9 4 0
9 8 0
9 13 0
10 8 0
10 11 0
10 14 0
11 10 0
11 12 0
11 16 0
11 26 0
12 11 0
12 13 0
13 9 0
13 12 0
14 10 0
14 15 0
15 14 0
15 16 0
16 11 0
16 15 0
16 17 0
17 16 0
17 18 0
17 24 0
18 17 0
18 19 0
19 18 0
19 20 0
20 19 0
20 21 0
21 20 0
21 22 0
21 23 0
22 21 0
23 21 0
24 17 0
25 4 0
26 11 0
27 28 0
27 31 0
27 37 0
28 27 0
28 29 0
29 28 0
29 30 0
30 1 0
30 29 0
31 27 0
31 32 0
31 36 0
32 31 0
32 33 0
33 32 0
33 34 0
33 43 0
34 33 0
34 35 0
34 44 0
35 34 0
35 36 0
35 48 0
36 31 0
36 35 0
37 27 0
37 38 0
37 42 0
38 37 0
38 39 0
39 38 0
39 40 0
39 51 0
40 39 0
40 41 0
40 45 0
41 40 0
41 42 0
41 47 0
42 37 0
42 41 0
43 33 0
44 34 0
45 40 0
47 41 0
48 35 0
48 49 0
48 50 0
49 48 0
50 48 0
51 39 0
51 52 0
51 53 0
52 51 0
53 51 0
GraphDataEnd
GraphEnd
NodeEnd
NodeStart
EPTNodeID: 11
AnchorID: 29353
TreeNodeGraphID: 15
Level: 9
SimplifiedLevel: 0
EditOperation: 0 47 0 2 31
AccumulatedOpsCount: 1
AccumulatedOp: 0 47 0 2 31
ChildrenCount: 0
ChildIndices:
CompletedDBGraphIDsCount: 2
CompletedDBGraphID: 687
CompletedDBGraphID: 23026
GraphStart
GraphDataStart
ID: 15
NumNodes: 54
NumEdges: 116
NodeLabels
2 2 2 2 2 2 2 2 2 2 2 2 2 2 2 2 2 2 2 2 2 2 2 2 2 2 2 2 2 2 2 2 2 2 2 2 2 2 2 2 2 2 2 4 0 0 31 4 2 0 0 2 0 0 
Edges
0 1 0
0 5 0
1 0 0
1 2 0
1 30 0
2 1 0
2 3 0
3 2 0
3 4 0
3 6 0
4 3 0
4 5 0
4 9 0
4 25 0
5 0 0
5 4 0
6 3 0
6 7 0
7 6 0
7 8 0
8 7 0
8 9 0
8 10 0
9 4 0
9 8 0
9 13 0
10 8 0
10 11 0
10 14 0
11 10 0
11 12 0
11 16 0
11 26 0
12 11 0
12 13 0
13 9 0
13 12 0
14 10 0
14 15 0
15 14 0
15 16 0
16 11 0
16 15 0
16 17 0
17 16 0
17 18 0
17 24 0
18 17 0
18 19 0
19 18 0
19 20 0
20 19 0
20 21 0
21 20 0
21 22 0
21 23 0
22 21 0
23 21 0
24 17 0
25 4 0
26 11 0
27 28 0
27 31 0
27 37 0
28 27 0
28 29 0
29 28 0
29 30 0
30 1 0
30 29 0
31 27 0
31 32 0
31 36 0
32 31 0
32 33 0
33 32 0
33 34 0
33 43 0
34 33 0
34 35 0
34 44 0
35 34 0
35 36 0
35 48 0
36 31 0
36 35 0
37 27 0
37 38 0
37 42 0
38 37 0
38 39 0
39 38 0
39 40 0
39 51 0
40 39 0
40 41 0
40 45 0
41 40 0
41 42 0
41 47 0
42 37 0
42 41 0
43 33 0
44 34 0
45 40 0
47 41 0
48 35 0
48 49 0
48 50 0
49 48 0
50 48 0
51 39 0
51 52 0
51 53 0
52 51 0
53 51 0
GraphDataEnd
GraphEnd
NodeEnd
NodeStart
EPTNodeID: 12
AnchorID: 29353
TreeNodeGraphID: 16
Level: 9
SimplifiedLevel: 0
EditOperation: 0 47 0 2 47
AccumulatedOpsCount: 1
AccumulatedOp: 0 47 0 2 47
ChildrenCount: 0
ChildIndices:
CompletedDBGraphIDsCount: 1
CompletedDBGraphID: 23333
GraphStart
GraphDataStart
ID: 16
NumNodes: 54
NumEdges: 116
NodeLabels
2 2 2 2 2 2 2 2 2 2 2 2 2 2 2 2 2 2 2 2 2 2 2 2 2 2 2 2 2 2 2 2 2 2 2 2 2 2 2 2 2 2 2 4 0 0 47 4 2 0 0 2 0 0 
Edges
0 1 0
0 5 0
1 0 0
1 2 0
1 30 0
2 1 0
2 3 0
3 2 0
3 4 0
3 6 0
4 3 0
4 5 0
4 9 0
4 25 0
5 0 0
5 4 0
6 3 0
6 7 0
7 6 0
7 8 0
8 7 0
8 9 0
8 10 0
9 4 0
9 8 0
9 13 0
10 8 0
10 11 0
10 14 0
11 10 0
11 12 0
11 16 0
11 26 0
12 11 0
12 13 0
13 9 0
13 12 0
14 10 0
14 15 0
15 14 0
15 16 0
16 11 0
16 15 0
16 17 0
17 16 0
17 18 0
17 24 0
18 17 0
18 19 0
19 18 0
19 20 0
20 19 0
20 21 0
21 20 0
21 22 0
21 23 0
22 21 0
23 21 0
24 17 0
25 4 0
26 11 0
27 28 0
27 31 0
27 37 0
28 27 0
28 29 0
29 28 0
29 30 0
30 1 0
30 29 0
31 27 0
31 32 0
31 36 0
32 31 0
32 33 0
33 32 0
33 34 0
33 43 0
34 33 0
34 35 0
34 44 0
35 34 0
35 36 0
35 48 0
36 31 0
36 35 0
37 27 0
37 38 0
37 42 0
38 37 0
38 39 0
39 38 0
39 40 0
39 51 0
40 39 0
40 41 0
40 45 0
41 40 0
41 42 0
41 47 0
42 37 0
42 41 0
43 33 0
44 34 0
45 40 0
47 41 0
48 35 0
48 49 0
48 50 0
49 48 0
50 48 0
51 39 0
51 52 0
51 53 0
52 51 0
53 51 0
GraphDataEnd
GraphEnd
NodeEnd
NodeStart
EPTNodeID: 13
AnchorID: 29353
TreeNodeGraphID: 21
Level: 11
SimplifiedLevel: 0
EditOperation: 5 27 56 0 0
AccumulatedOpsCount: 5
AccumulatedOp: 0 45 0 2 3
AccumulatedOp: 5 28 56 0 0
AccumulatedOp: 1 47 0 2 0
AccumulatedOp: 4 27 28 0 0
AccumulatedOp: 5 27 56 0 0
ChildrenCount: 0
ChildIndices:
CompletedDBGraphIDsCount: 1
CompletedDBGraphID: 2727
GraphStart
GraphDataStart
ID: 21
NumNodes: 55
NumEdges: 118
NodeLabels
2 2 2 2 2 2 2 2 2 2 2 2 2 2 2 2 2 2 2 2 2 2 2 2 2 2 2 2 2 2 2 2 2 2 2 2 2 2 2 2 2 2 2 4 0 3 0 4 2 0 0 2 0 0 2 
Edges
0 1 0
0 5 0
1 0 0
1 2 0
1 30 0
2 1 0
2 3 0
3 2 0
3 4 0
3 6 0
4 3 0
4 5 0
4 9 0
4 25 0
5 0 0
5 4 0
6 3 0
6 7 0
7 6 0
7 8 0
8 7 0
8 9 0
8 10 0
9 4 0
9 8 0
9 13 0
10 8 0
10 11 0
10 14 0
11 10 0
11 12 0
11 16 0
11 26 0
12 11 0
12 13 0
13 9 0
13 12 0
14 10 0
14 15 0
15 14 0
15 16 0
16 11 0
16 15 0
16 17 0
17 16 0
17 18 0
17 24 0
18 17 0
18 19 0
19 18 0
19 20 0
20 19 0
20 21 0
21 20 0
21 22 0
21 23 0
22 21 0
23 21 0
24 17 0
25 4 0
26 11 0
27 31 0
27 37 0
27 54 0
28 29 0
28 54 0
29 28 0
29 30 0
30 1 0
30 29 0
31 27 0
31 32 0
31 36 0
32 31 0
32 33 0
33 32 0
33 34 0
33 43 0
34 33 0
34 35 0
34 44 0
35 34 0
35 36 0
35 48 0
36 31 0
36 35 0
37 27 0
37 38 0
37 42 0
38 37 0
38 39 0
39 38 0
39 40 0
39 51 0
40 39 0
40 41 0
40 46 0
41 40 0
41 42 0
41 47 0
42 37 0
42 41 0
43 33 0
44 34 0
46 40 0
47 41 0
48 35 0
48 49 0
48 50 0
49 48 0
50 48 0
51 39 0
51 52 0
51 53 0
52 51 0
53 51 0
54 28 0
54 27 0
GraphDataEnd
GraphEnd
NodeEnd
NodeStart
EPTNodeID: 14
AnchorID: 29353
TreeNodeGraphID: 26
Level: 9
SimplifiedLevel: 0
EditOperation: 4 33 43 0 0
AccumulatedOpsCount: 5
AccumulatedOp: 1 56 0 2 0
AccumulatedOp: 0 43 0 4 31
AccumulatedOp: 4 41 48 0 0
AccumulatedOp: 1 48 0 4 0
AccumulatedOp: 4 33 43 0 0
ChildrenCount: 0
ChildIndices:
CompletedDBGraphIDsCount: 1
CompletedDBGraphID: 33877
GraphStart
GraphDataStart
ID: 26
NumNodes: 54
NumEdges: 116
NodeLabels
2 2 2 2 2 2 2 2 2 2 2 2 2 2 2 2 2 2 2 2 2 2 2 2 2 2 2 2 2 2 2 2 2 2 2 2 2 2 2 2 2 2 2 31 0 2 0 2 2 0 0 2 0 0 
Edges
0 1 0
0 5 0
1 0 0
1 2 0
1 30 0
2 1 0
2 3 0
3 2 0
3 4 0
3 6 0
4 3 0
4 5 0
4 9 0
4 25 0
5 0 0
5 4 0
6 3 0
6 7 0
7 6 0
7 8 0
8 7 0
8 9 0
8 10 0
9 4 0
9 8 0
9 13 0
10 8 0
10 11 0
10 14 0
11 10 0
11 12 0
11 16 0
11 26 0
12 11 0
12 13 0
13 9 0
13 12 0
14 10 0
14 15 0
15 14 0
15 16 0
16 11 0
16 15 0
16 17 0
17 16 0
17 18 0
17 24 0
18 17 0
18 19 0
19 18 0
19 20 0
20 19 0
20 21 0
21 20 0
21 22 0
21 23 0
22 21 0
23 21 0
24 17 0
25 4 0
26 11 0
27 28 0
27 31 0
27 37 0
28 27 0
28 29 0
29 28 0
29 30 0
30 1 0
30 29 0
31 27 0
31 32 0
31 36 0
32 31 0
32 33 0
33 32 0
33 34 0
34 33 0
34 35 0
34 44 0
35 34 0
35 36 0
35 48 0
36 31 0
36 35 0
37 27 0
37 38 0
37 42 0
38 37 0
38 39 0
39 38 0
39 40 0
39 51 0
40 39 0
40 41 0
40 46 0
41 40 0
41 42 0
42 37 0
42 41 0
44 34 0
44 45 0
45 44 0
46 40 0
46 47 0
47 46 0
48 35 0
48 49 0
48 50 0
49 48 0
50 48 0
51 39 0
51 52 0
51 53 0
52 51 0
53 51 0
GraphDataEnd
GraphEnd
NodeEnd
NodeStart
EPTNodeID: 15
AnchorID: 29353
TreeNodeGraphID: 32
Level: 9
SimplifiedLevel: 0
EditOperation: 5 29 56 0 0
AccumulatedOpsCount: 6
AccumulatedOp: 4 44 45 0 0
AccumulatedOp: 0 45 0 2 3
AccumulatedOp: 0 56 0 2 0
AccumulatedOp: 4 46 47 0 0
AccumulatedOp: 1 47 0 2 0
AccumulatedOp: 5 29 56 0 0
ChildrenCount: 0
ChildIndices:
CompletedDBGraphIDsCount: 1
CompletedDBGraphID: 7759
GraphStart
GraphDataStart
ID: 32
NumNodes: 55
NumEdges: 118
NodeLabels
2 2 2 2 2 2 2 2 2 2 2 2 2 2 2 2 2 2 2 2 2 2 2 2 2 2 2 2 2 2 3 2 2 2 2 2 2 2 2 2 2 2 2 4 0 3 0 4 2 0 0 2 0 0 0 
Edges
0 1 0
0 5 0
1 0 0
1 2 0
1 30 0
2 1 0
2 3 0
3 2 0
3 4 0
3 6 0
4 3 0
4 5 0
4 9 0
4 25 0
5 0 0
5 4 0
6 3 0
6 7 0
7 6 0
7 8 0
8 7 0
8 9 0
8 10 0
9 4 0
9 8 0
9 13 0
10 8 0
10 11 0
10 14 0
11 10 0
11 12 0
11 16 0
11 26 0
12 11 0
12 13 0
13 9 0
13 12 0
14 10 0
14 15 0
15 14 0
15 16 0
16 11 0
16 15 0
16 17 0
17 16 0
17 18 0
17 24 0
18 17 0
18 19 0
19 18 0
19 20 0
20 19 0
20 21 0
21 20 0
21 22 0
21 23 0
22 21 0
23 21 0
24 17 0
25 4 0
26 11 0
27 28 0
27 31 0
27 37 0
28 27 0
28 29 0
29 28 0
29 30 0
29 54 0
30 1 0
30 29 0
31 27 0
31 32 0
31 36 0
32 31 0
32 33 0
33 32 0
33 34 0
33 43 0
34 33 0
34 35 0
34 44 0
35 34 0
35 36 0
35 48 0
36 31 0
36 35 0
37 27 0
37 38 0
37 42 0
38 37 0
38 39 0
39 38 0
39 40 0
39 51 0
40 39 0
40 41 0
40 46 0
41 40 0
41 42 0
41 47 0
42 37 0
42 41 0
43 33 0
44 34 0
46 40 0
47 41 0
48 35 0
48 49 0
48 50 0
49 48 0
50 48 0
51 39 0
51 52 0
51 53 0
52 51 0
53 51 0
54 29 0
GraphDataEnd
GraphEnd
NodeEnd
NodeStart
EPTNodeID: 16
AnchorID: 29353
TreeNodeGraphID: 33
Level: 4
SimplifiedLevel: 0
EditOperation: 0 56 0 2 3
AccumulatedOpsCount: 1
AccumulatedOp: 0 56 0 2 3
ChildrenCount: 0
ChildIndices:
CompletedDBGraphIDsCount: 2
CompletedDBGraphID: 10352
CompletedDBGraphID: 28240
GraphStart
GraphDataStart
ID: 33
NumNodes: 56
NumEdges: 120
NodeLabels
2 2 2 2 2 2 2 2 2 2 2 2 2 2 2 2 2 2 2 2 2 2 2 2 2 2 2 2 2 2 3 2 2 2 2 2 2 2 2 2 2 2 2 4 0 2 0 2 4 2 0 0 2 0 0 3 
Edges
0 1 0
0 5 0
1 0 0
1 2 0
1 30 0
2 1 0
2 3 0
3 2 0
3 4 0
3 6 0
4 3 0
4 5 0
4 9 0
4 25 0
5 0 0
5 4 0
6 3 0
6 7 0
7 6 0
7 8 0
8 7 0
8 9 0
8 10 0
9 4 0
9 8 0
9 13 0
10 8 0
10 11 0
10 14 0
11 10 0
11 12 0
11 16 0
11 26 0
12 11 0
12 13 0
13 9 0
13 12 0
14 10 0
14 15 0
15 14 0
15 16 0
16 11 0
16 15 0
16 17 0
17 16 0
17 18 0
17 24 0
18 17 0
18 19 0
19 18 0
19 20 0
20 19 0
20 21 0
21 20 0
21 22 0
21 23 0
22 21 0
23 21 0
24 17 0
25 4 0
26 11 0
27 28 0
27 31 0
27 37 0
28 27 0
28 29 0
29 28 0
29 30 0
30 1 0
30 29 0
31 27 0
31 32 0
31 36 0
32 31 0
32 33 0
33 32 0
33 34 0
33 43 0
34 33 0
34 35 0
34 44 0
35 34 0
35 36 0
35 49 0
36 31 0
36 35 0
37 27 0
37 38 0
37 42 0
38 37 0
38 39 0
39 38 0
39 40 0
39 52 0
40 39 0
40 41 0
40 46 0
41 40 0
41 42 0
41 48 0
42 37 0
42 41 0
43 33 0
44 34 0
44 45 0
45 44 0
46 40 0
46 47 0
47 46 0
48 41 0
49 35 0
49 50 0
49 51 0
50 49 0
51 49 0
52 39 0
52 53 0
52 54 0
53 52 0
54 52 0
GraphDataEnd
GraphEnd
NodeEnd
NodeStart
EPTNodeID: 17
AnchorID: 29353
TreeNodeGraphID: 34
Level: 3
SimplifiedLevel: 0
EditOperation: 0 30 0 3 2
AccumulatedOpsCount: 1
AccumulatedOp: 0 30 0 3 2
ChildrenCount: 2
ChildIndices: 18 19
CompletedDBGraphIDsCount: 0
GraphStart
GraphDataStart
ID: 34
NumNodes: 57
NumEdges: 120
NodeLabels
2 2 2 2 2 2 2 2 2 2 2 2 2 2 2 2 2 2 2 2 2 2 2 2 2 2 2 2 2 2 2 2 2 2 2 2 2 2 2 2 2 2 2 4 0 2 0 2 4 2 0 0 2 2 0 0 2 
Edges
0 1 0
0 5 0
1 0 0
1 2 0
1 30 0
2 1 0
2 3 0
3 2 0
3 4 0
3 6 0
4 3 0
4 5 0
4 9 0
4 25 0
5 0 0
5 4 0
6 3 0
6 7 0
7 6 0
7 8 0
8 7 0
8 9 0
8 10 0
9 4 0
9 8 0
9 13 0
10 8 0
10 11 0
10 14 0
11 10 0
11 12 0
11 16 0
11 26 0
12 11 0
12 13 0
13 9 0
13 12 0
14 10 0
14 15 0
15 14 0
15 16 0
16 11 0
16 15 0
16 17 0
17 16 0
17 18 0
17 24 0
18 17 0
18 19 0
19 18 0
19 20 0
20 19 0
20 21 0
21 20 0
21 22 0
21 23 0
22 21 0
23 21 0
24 17 0
25 4 0
26 11 0
27 28 0
27 31 0
27 37 0
28 27 0
28 29 0
29 28 0
29 30 0
30 1 0
30 29 0
31 27 0
31 32 0
31 36 0
32 31 0
32 33 0
33 32 0
33 34 0
33 43 0
34 33 0
34 35 0
34 44 0
35 34 0
35 36 0
35 49 0
36 31 0
36 35 0
37 27 0
37 38 0
37 42 0
38 37 0
38 39 0
39 38 0
39 40 0
39 53 0
40 39 0
40 41 0
40 46 0
41 40 0
41 42 0
41 48 0
42 37 0
42 41 0
43 33 0
44 34 0
44 45 0
45 44 0
46 40 0
46 47 0
47 46 0
48 41 0
49 35 0
49 50 0
49 51 0
50 49 0
51 49 0
53 39 0
53 54 0
53 55 0
54 53 0
55 53 0
GraphDataEnd
GraphEnd
NodeEnd
NodeStart
EPTNodeID: 18
AnchorID: 29353
TreeNodeGraphID: 36
Level: 5
SimplifiedLevel: 0
EditOperation: 1 56 0 2 0
AccumulatedOpsCount: 2
AccumulatedOp: 0 52 0 2 3
AccumulatedOp: 1 56 0 2 0
ChildrenCount: 0
ChildIndices:
CompletedDBGraphIDsCount: 1
CompletedDBGraphID: 29241
GraphStart
GraphDataStart
ID: 36
NumNodes: 56
NumEdges: 120
NodeLabels
2 2 2 2 2 2 2 2 2 2 2 2 2 2 2 2 2 2 2 2 2 2 2 2 2 2 2 2 2 2 2 2 2 2 2 2 2 2 2 2 2 2 2 4 0 2 0 2 4 2 0 0 3 2 0 0 
Edges
0 1 0
0 5 0
1 0 0
1 2 0
1 30 0
2 1 0
2 3 0
3 2 0
3 4 0
3 6 0
4 3 0
4 5 0
4 9 0
4 25 0
5 0 0
5 4 0
6 3 0
6 7 0
7 6 0
7 8 0
8 7 0
8 9 0
8 10 0
9 4 0
9 8 0
9 13 0
10 8 0
10 11 0
10 14 0
11 10 0
11 12 0
11 16 0
11 26 0
12 11 0
12 13 0
13 9 0
13 12 0
14 10 0
14 15 0
15 14 0
15 16 0
16 11 0
16 15 0
16 17 0
17 16 0
17 18 0
17 24 0
18 17 0
18 19 0
19 18 0
19 20 0
20 19 0
20 21 0
21 20 0
21 22 0
21 23 0
22 21 0
23 21 0
24 17 0
25 4 0
26 11 0
27 28 0
27 31 0
27 37 0
28 27 0
28 29 0
29 28 0
29 30 0
30 1 0
30 29 0
31 27 0
31 32 0
31 36 0
32 31 0
32 33 0
33 32 0
33 34 0
33 43 0
34 33 0
34 35 0
34 44 0
35 34 0
35 36 0
35 49 0
36 31 0
36 35 0
37 27 0
37 38 0
37 42 0
38 37 0
38 39 0
39 38 0
39 40 0
39 53 0
40 39 0
40 41 0
40 46 0
41 40 0
41 42 0
41 48 0
42 37 0
42 41 0
43 33 0
44 34 0
44 45 0
45 44 0
46 40 0
46 47 0
47 46 0
48 41 0
49 35 0
49 50 0
49 51 0
50 49 0
51 49 0
53 39 0
53 54 0
53 55 0
54 53 0
55 53 0
GraphDataEnd
GraphEnd
NodeEnd
NodeStart
EPTNodeID: 19
AnchorID: 29353
TreeNodeGraphID: 43
Level: 10
SimplifiedLevel: 0
EditOperation: 5 45 52 0 0
AccumulatedOpsCount: 7
AccumulatedOp: 2 57 0 0 0
AccumulatedOp: 5 47 56 0 0
AccumulatedOp: 2 58 0 0 0
AccumulatedOp: 5 45 58 0 0
AccumulatedOp: 2 59 0 0 31
AccumulatedOp: 5 47 57 0 0
AccumulatedOp: 5 45 52 0 0
ChildrenCount: 0
ChildIndices:
CompletedDBGraphIDsCount: 1
CompletedDBGraphID: 20073
GraphStart
GraphDataStart
ID: 43
NumNodes: 60
NumEdges: 128
NodeLabels
2 2 2 2 2 2 2 2 2 2 2 2 2 2 2 2 2 2 2 2 2 2 2 2 2 2 2 2 2 2 2 2 2 2 2 2 2 2 2 2 2 2 2 4 0 2 0 2 4 2 0 0 2 2 0 0 2 0 0 31 
Edges
0 1 0
0 5 0
1 0 0
1 2 0
1 30 0
2 1 0
2 3 0
3 2 0
3 4 0
3 6 0
4 3 0
4 5 0
4 9 0
4 25 0
5 0 0
5 4 0
6 3 0
6 7 0
7 6 0
7 8 0
8 7 0
8 9 0
8 10 0
9 4 0
9 8 0
9 13 0
10 8 0
10 11 0
10 14 0
11 10 0
11 12 0
11 16 0
11 26 0
12 11 0
12 13 0
13 9 0
13 12 0
14 10 0
14 15 0
15 14 0
15 16 0
16 11 0
16 15 0
16 17 0
17 16 0
17 18 0
17 24 0
18 17 0
18 19 0
19 18 0
19 20 0
20 19 0
20 21 0
21 20 0
21 22 0
21 23 0
22 21 0
23 21 0
24 17 0
25 4 0
26 11 0
27 28 0
27 31 0
27 37 0
28 27 0
28 29 0
29 28 0
29 30 0
30 1 0
30 29 0
31 27 0
31 32 0
31 36 0
32 31 0
32 33 0
33 32 0
33 34 0
33 43 0
34 33 0
34 35 0
34 44 0
35 34 0
35 36 0
35 49 0
36 31 0
36 35 0
37 27 0
37 38 0
37 42 0
38 37 0
38 39 0
39 38 0
39 40 0
39 53 0
40 39 0
40 41 0
40 46 0
41 40 0
41 42 0
41 48 0
42 37 0
42 41 0
43 33 0
44 34 0
44 45 0
45 44 0
45 58 0
45 52 0
46 40 0
46 47 0
47 46 0
47 56 0
47 57 0
48 41 0
49 35 0
49 50 0
49 51 0
50 49 0
51 49 0
52 45 0
53 39 0
53 54 0
53 55 0
54 53 0
55 53 0
56 47 0
57 47 0
58 45 0
GraphDataEnd
GraphEnd
NodeEnd
NodeStart
EPTNodeID: 20
AnchorID: 29353
TreeNodeGraphID: 50
Level: 9
SimplifiedLevel: 0
EditOperation: 1 47 0 2 0
AccumulatedOpsCount: 7
AccumulatedOp: 4 44 45 0 0
AccumulatedOp: 1 45 0 2 0
AccumulatedOp: 5 29 56 0 0
AccumulatedOp: 0 52 0 2 3
AccumulatedOp: 0 56 0 2 0
AccumulatedOp: 4 46 47 0 0
AccumulatedOp: 1 47 0 2 0
ChildrenCount: 0
ChildIndices:
CompletedDBGraphIDsCount: 1
CompletedDBGraphID: 8615
GraphStart
GraphDataStart
ID: 50
NumNodes: 55
NumEdges: 118
NodeLabels
2 2 2 2 2 2 2 2 2 2 2 2 2 2 2 2 2 2 2 2 2 2 2 2 2 2 2 2 2 2 3 2 2 2 2 2 2 2 2 2 2 2 2 4 0 0 4 2 0 0 3 2 0 0 0 
Edges
0 1 0
0 5 0
1 0 0
1 2 0
1 30 0
2 1 0
2 3 0
3 2 0
3 4 0
3 6 0
4 3 0
4 5 0
4 9 0
4 25 0
5 0 0
5 4 0
6 3 0
6 7 0
7 6 0
7 8 0
8 7 0
8 9 0
8 10 0
9 4 0
9 8 0
9 13 0
10 8 0
10 11 0
10 14 0
11 10 0
11 12 0
11 16 0
11 26 0
12 11 0
12 13 0
13 9 0
13 12 0
14 10 0
14 15 0
15 14 0
15 16 0
16 11 0
16 15 0
16 17 0
17 16 0
17 18 0
17 24 0
18 17 0
18 19 0
19 18 0
19 20 0
20 19 0
20 21 0
21 20 0
21 22 0
21 23 0
22 21 0
23 21 0
24 17 0
25 4 0
26 11 0
27 28 0
27 31 0
27 37 0
28 27 0
28 29 0
29 28 0
29 30 0
29 54 0
30 1 0
30 29 0
31 27 0
31 32 0
31 36 0
32 31 0
32 33 0
33 32 0
33 34 0
33 43 0
34 33 0
34 35 0
34 44 0
35 34 0
35 36 0
35 47 0
36 31 0
36 35 0
37 27 0
37 38 0
37 42 0
38 37 0
38 39 0
39 38 0
39 40 0
39 51 0
40 39 0
40 41 0
40 45 0
41 40 0
41 42 0
41 46 0
42 37 0
42 41 0
43 33 0
44 34 0
45 40 0
46 41 0
47 35 0
47 48 0
47 49 0
48 47 0
49 47 0
51 39 0
51 52 0
51 53 0
52 51 0
53 51 0
54 29 0
GraphDataEnd
GraphEnd
NodeEnd
NodeStart
EPTNodeID: 21
AnchorID: 29353
TreeNodeGraphID: 55
Level: 7
SimplifiedLevel: 0
EditOperation: 5 52 56 0 0
AccumulatedOpsCount: 5
AccumulatedOp: 5 29 56 0 0
AccumulatedOp: 2 57 0 0 2
AccumulatedOp: 2 58 0 0 3
AccumulatedOp: 5 52 57 0 0
AccumulatedOp: 5 52 56 0 0
ChildrenCount: 2
ChildIndices: 22 23
CompletedDBGraphIDsCount: 0
GraphStart
GraphDataStart
ID: 55
NumNodes: 59
NumEdges: 126
NodeLabels
2 2 2 2 2 2 2 2 2 2 2 2 2 2 2 2 2 2 2 2 2 2 2 2 2 2 2 2 2 2 3 2 2 2 2 2 2 2 2 2 2 2 2 4 0 2 0 2 4 2 0 0 2 2 0 0 2 2 3 
Edges
0 1 0
0 5 0
1 0 0
1 2 0
1 30 0
2 1 0
2 3 0
3 2 0
3 4 0
3 6 0
4 3 0
4 5 0
4 9 0
4 25 0
5 0 0
5 4 0
6 3 0
6 7 0
7 6 0
7 8 0
8 7 0
8 9 0
8 10 0
9 4 0
9 8 0
9 13 0
10 8 0
10 11 0
10 14 0
11 10 0
11 12 0
11 16 0
11 26 0
12 11 0
12 13 0
13 9 0
13 12 0
14 10 0
14 15 0
15 14 0
15 16 0
16 11 0
16 15 0
16 17 0
17 16 0
17 18 0
17 24 0
18 17 0
18 19 0
19 18 0
19 20 0
20 19 0
20 21 0
21 20 0
21 22 0
21 23 0
22 21 0
23 21 0
24 17 0
25 4 0
26 11 0
27 28 0
27 31 0
27 37 0
28 27 0
28 29 0
29 28 0
29 30 0
29 56 0
30 1 0
30 29 0
31 27 0
31 32 0
31 36 0
32 31 0
32 33 0
33 32 0
33 34 0
33 43 0
34 33 0
34 35 0
34 44 0
35 34 0
35 36 0
35 49 0
36 31 0
36 35 0
37 27 0
37 38 0
37 42 0
38 37 0
38 39 0
39 38 0
39 40 0
39 53 0
40 39 0
40 41 0
40 46 0
41 40 0
41 42 0
41 48 0
42 37 0
42 41 0
43 33 0
44 34 0
44 45 0
45 44 0
46 40 0
46 47 0
47 46 0
48 41 0
49 35 0
49 50 0
49 51 0
50 49 0
51 49 0
52 57 0
52 56 0
53 39 0
53 54 0
53 55 0
54 53 0
55 53 0
56 29 0
56 52 0
57 52 0
GraphDataEnd
GraphEnd
NodeEnd
NodeStart
EPTNodeID: 22
AnchorID: 29353
TreeNodeGraphID: 57
Level: 9
SimplifiedLevel: 0
EditOperation: 5 28 57 0 0
AccumulatedOpsCount: 2
AccumulatedOp: 4 28 29 0 0
AccumulatedOp: 5 28 57 0 0
ChildrenCount: 0
ChildIndices:
CompletedDBGraphIDsCount: 1
CompletedDBGraphID: 32425
GraphStart
GraphDataStart
ID: 57
NumNodes: 59
NumEdges: 126
NodeLabels
2 2 2 2 2 2 2 2 2 2 2 2 2 2 2 2 2 2 2 2 2 2 2 2 2 2 2 2 2 2 3 2 2 2 2 2 2 2 2 2 2 2 2 4 0 2 0 2 4 2 0 0 2 2 0 0 2 2 3 
Edges
0 1 0
0 5 0
1 0 0
1 2 0
1 30 0
2 1 0
2 3 0
3 2 0
3 4 0
3 6 0
4 3 0
4 5 0
4 9 0
4 25 0
5 0 0
5 4 0
6 3 0
6 7 0
7 6 0
7 8 0
8 7 0
8 9 0
8 10 0
9 4 0
9 8 0
9 13 0
10 8 0
10 11 0
10 14 0
11 10 0
11 12 0
11 16 0
11 26 0
12 11 0
12 13 0
13 9 0
13 12 0
14 10 0
14 15 0
15 14 0
15 16 0
16 11 0
16 15 0
16 17 0
17 16 0
17 18 0
17 24 0
18 17 0
18 19 0
19 18 0
19 20 0
20 19 0
20 21 0
21 20 0
21 22 0
21 23 0
22 21 0
23 21 0
24 17 0
25 4 0
26 11 0
27 28 0
27 31 0
27 37 0
28 27 0
28 57 0
29 30 0
29 56 0
30 1 0
30 29 0
31 27 0
31 32 0
31 36 0
32 31 0
32 33 0
33 32 0
33 34 0
33 43 0
34 33 0
34 35 0
34 44 0
35 34 0
35 36 0
35 49 0
36 31 0
36 35 0
37 27 0
37 38 0
37 42 0
38 37 0
38 39 0
39 38 0
39 40 0
39 53 0
40 39 0
40 41 0
40 46 0
41 40 0
41 42 0
41 48 0
42 37 0
42 41 0
43 33 0
44 34 0
44 45 0
45 44 0
46 40 0
46 47 0
47 46 0
48 41 0
49 35 0
49 50 0
49 51 0
50 49 0
51 49 0
52 57 0
52 56 0
53 39 0
53 54 0
53 55 0
54 53 0
55 53 0
56 29 0
56 52 0
57 52 0
57 28 0
GraphDataEnd
GraphEnd
NodeEnd
NodeStart
EPTNodeID: 23
AnchorID: 29353
TreeNodeGraphID: 59
Level: 9
SimplifiedLevel: 0
EditOperation: 5 30 57 0 0
AccumulatedOpsCount: 2
AccumulatedOp: 4 29 30 0 0
AccumulatedOp: 5 30 57 0 0
ChildrenCount: 0
ChildIndices:
CompletedDBGraphIDsCount: 1
CompletedDBGraphID: 42348
GraphStart
GraphDataStart
ID: 59
NumNodes: 59
NumEdges: 126
NodeLabels
2 2 2 2 2 2 2 2 2 2 2 2 2 2 2 2 2 2 2 2 2 2 2 2 2 2 2 2 2 2 3 2 2 2 2 2 2 2 2 2 2 2 2 4 0 2 0 2 4 2 0 0 2 2 0 0 2 2 3 
Edges
0 1 0
0 5 0
1 0 0
1 2 0
1 30 0
2 1 0
2 3 0
3 2 0
3 4 0
3 6 0
4 3 0
4 5 0
4 9 0
4 25 0
5 0 0
5 4 0
6 3 0
6 7 0
7 6 0
7 8 0
8 7 0
8 9 0
8 10 0
9 4 0
9 8 0
9 13 0
10 8 0
10 11 0
10 14 0
11 10 0
11 12 0
11 16 0
11 26 0
12 11 0
12 13 0
13 9 0
13 12 0
14 10 0
14 15 0
15 14 0
15 16 0
16 11 0
16 15 0
16 17 0
17 16 0
17 18 0
17 24 0
18 17 0
18 19 0
19 18 0
19 20 0
20 19 0
20 21 0
21 20 0
21 22 0
21 23 0
22 21 0
23 21 0
24 17 0
25 4 0
26 11 0
27 28 0
27 31 0
27 37 0
28 27 0
28 29 0
29 28 0
29 56 0
30 1 0
30 57 0
31 27 0
31 32 0
31 36 0
32 31 0
32 33 0
33 32 0
33 34 0
33 43 0
34 33 0
34 35 0
34 44 0
35 34 0
35 36 0
35 49 0
36 31 0
36 35 0
37 27 0
37 38 0
37 42 0
38 37 0
38 39 0
39 38 0
39 40 0
39 53 0
40 39 0
40 41 0
40 46 0
41 40 0
41 42 0
41 48 0
42 37 0
42 41 0
43 33 0
44 34 0
44 45 0
45 44 0
46 40 0
46 47 0
47 46 0
48 41 0
49 35 0
49 50 0
49 51 0
50 49 0
51 49 0
52 57 0
52 56 0
53 39 0
53 54 0
53 55 0
54 53 0
55 53 0
56 29 0
56 52 0
57 52 0
57 30 0
GraphDataEnd
GraphEnd
NodeEnd
NodeStart
EPTNodeID: 24
AnchorID: 29353
TreeNodeGraphID: 65
Level: 8
SimplifiedLevel: 0
EditOperation: 5 29 52 0 0
AccumulatedOpsCount: 6
AccumulatedOp: 5 52 56 0 0
AccumulatedOp: 4 27 28 0 0
AccumulatedOp: 0 28 0 2 0
AccumulatedOp: 2 57 0 0 3
AccumulatedOp: 5 27 56 0 0
AccumulatedOp: 5 29 52 0 0
ChildrenCount: 0
ChildIndices:
CompletedDBGraphIDsCount: 1
CompletedDBGraphID: 42037
GraphStart
GraphDataStart
ID: 65
NumNodes: 58
NumEdges: 124
NodeLabels
2 2 2 2 2 2 2 2 2 2 2 2 2 2 2 2 2 2 2 2 2 2 2 2 2 2 2 2 0 2 3 2 2 2 2 2 2 2 2 2 2 2 2 4 0 2 0 2 4 2 0 0 2 2 0 0 2 3 
Edges
0 1 0
0 5 0
1 0 0
1 2 0
1 30 0
2 1 0
2 3 0
3 2 0
3 4 0
3 6 0
4 3 0
4 5 0
4 9 0
4 25 0
5 0 0
5 4 0
6 3 0
6 7 0
7 6 0
7 8 0
8 7 0
8 9 0
8 10 0
9 4 0
9 8 0
9 13 0
10 8 0
10 11 0
10 14 0
11 10 0
11 12 0
11 16 0
11 26 0
12 11 0
12 13 0
13 9 0
13 12 0
14 10 0
14 15 0
15 14 0
15 16 0
16 11 0
16 15 0
16 17 0
17 16 0
17 18 0
17 24 0
18 17 0
18 19 0
19 18 0
19 20 0
20 19 0
20 21 0
21 20 0
21 22 0
21 23 0
22 21 0
23 21 0
24 17 0
25 4 0
26 11 0
27 31 0
27 37 0
27 56 0
28 29 0
29 28 0
29 30 0
29 52 0
30 1 0
30 29 0
31 27 0
31 32 0
31 36 0
32 31 0
32 33 0
33 32 0
33 34 0
33 43 0
34 33 0
34 35 0
34 44 0
35 34 0
35 36 0
35 49 0
36 31 0
36 35 0
37 27 0
37 38 0
37 42 0
38 37 0
38 39 0
39 38 0
39 40 0
39 53 0
40 39 0
40 41 0
40 46 0
41 40 0
41 42 0
41 48 0
42 37 0
42 41 0
43 33 0
44 34 0
44 45 0
45 44 0
46 40 0
46 47 0
47 46 0
48 41 0
49 35 0
49 50 0
49 51 0
50 49 0
51 49 0
52 56 0
52 29 0
53 39 0
53 54 0
53 55 0
54 53 0
55 53 0
56 52 0
56 27 0
GraphDataEnd
GraphEnd
NodeEnd
NodeStart
EPTNodeID: 25
AnchorID: 29353
TreeNodeGraphID: 75
Level: 11
SimplifiedLevel: 0
EditOperation: 5 45 49 0 0
AccumulatedOpsCount: 10
AccumulatedOp: 4 44 45 0 0
AccumulatedOp: 0 45 0 2 0
AccumulatedOp: 0 47 0 2 3
AccumulatedOp: 1 56 0 2 0
AccumulatedOp: 4 49 51 0 0
AccumulatedOp: 5 30 52 0 0
AccumulatedOp: 4 29 30 0 0
AccumulatedOp: 4 46 47 0 0
AccumulatedOp: 5 29 52 0 0
AccumulatedOp: 5 45 49 0 0
ChildrenCount: 0
ChildIndices:
CompletedDBGraphIDsCount: 1
CompletedDBGraphID: 8036
GraphStart
GraphDataStart
ID: 75
NumNodes: 56
NumEdges: 120
NodeLabels
2 2 2 2 2 2 2 2 2 2 2 2 2 2 2 2 2 2 2 2 2 2 2 2 2 2 2 2 2 2 3 2 2 2 2 2 2 2 2 2 2 2 2 4 0 0 0 3 4 2 0 0 2 2 0 0 
Edges
0 1 0
0 5 0
1 0 0
1 2 0
1 30 0
2 1 0
2 3 0
3 2 0
3 4 0
3 6 0
4 3 0
4 5 0
4 9 0
4 25 0
5 0 0
5 4 0
6 3 0
6 7 0
7 6 0
7 8 0
8 7 0
8 9 0
8 10 0
9 4 0
9 8 0
9 13 0
10 8 0
10 11 0
10 14 0
11 10 0
11 12 0
11 16 0
11 26 0
12 11 0
12 13 0
13 9 0
13 12 0
14 10 0
14 15 0
15 14 0
15 16 0
16 11 0
16 15 0
16 17 0
17 16 0
17 18 0
17 24 0
18 17 0
18 19 0
19 18 0
19 20 0
20 19 0
20 21 0
21 20 0
21 22 0
21 23 0
22 21 0
23 21 0
24 17 0
25 4 0
26 11 0
27 28 0
27 31 0
27 37 0
28 27 0
28 29 0
29 28 0
29 52 0
30 1 0
30 52 0
31 27 0
31 32 0
31 36 0
32 31 0
32 33 0
33 32 0
33 34 0
33 43 0
34 33 0
34 35 0
34 44 0
35 34 0
35 36 0
35 49 0
36 31 0
36 35 0
37 27 0
37 38 0
37 42 0
38 37 0
38 39 0
39 38 0
39 40 0
39 53 0
40 39 0
40 41 0
40 46 0
41 40 0
41 42 0
41 48 0
42 37 0
42 41 0
43 33 0
44 34 0
45 49 0
46 40 0
48 41 0
49 35 0
49 50 0
49 45 0
50 49 0
51 52 0
52 51 0
52 30 0
52 29 0
53 39 0
53 54 0
53 55 0
54 53 0
55 53 0
GraphDataEnd
GraphEnd
NodeEnd
NodeStart
EPTNodeID: 26
AnchorID: 29353
TreeNodeGraphID: 76
Level: 1
SimplifiedLevel: 0
EditOperation: 0 30 0 3 2
AccumulatedOpsCount: 1
AccumulatedOp: 0 30 0 3 2
ChildrenCount: 2
ChildIndices: 27 33
CompletedDBGraphIDsCount: 1
CompletedDBGraphID: 16468
GraphStart
GraphDataStart
ID: 76
NumNodes: 57
NumEdges: 124
NodeLabels
2 2 2 2 2 2 2 2 2 2 2 2 2 2 2 2 2 2 2 2 2 2 2 2 2 2 2 2 2 2 2 2 2 2 2 2 2 2 2 2 2 2 2 4 0 2 0 2 4 2 0 0 2 2 0 0 2 
Edges
0 1 0
0 5 0
1 0 0
1 2 0
1 30 0
2 1 0
2 3 0
3 2 0
3 4 0
3 6 0
4 3 0
4 5 0
4 9 0
4 25 0
5 0 0
5 4 0
6 3 0
6 7 0
7 6 0
7 8 0
8 7 0
8 9 0
8 10 0
9 4 0
9 8 0
9 13 0
10 8 0
10 11 0
10 14 0
11 10 0
11 12 0
11 16 0
11 26 0
12 11 0
12 13 0
13 9 0
13 12 0
14 10 0
14 15 0
15 14 0
15 16 0
16 11 0
16 15 0
16 17 0
17 16 0
17 18 0
17 24 0
18 17 0
18 19 0
19 18 0
19 20 0
20 19 0
20 21 0
21 20 0
21 22 0
21 23 0
22 21 0
23 21 0
24 17 0
25 4 0
26 11 0
27 28 0
27 31 0
27 37 0
28 27 0
28 29 0
29 28 0
29 30 0
30 1 0
30 29 0
31 27 0
31 32 0
31 36 0
32 31 0
32 33 0
33 32 0
33 34 0
33 43 0
34 33 0
34 35 0
34 44 0
35 34 0
35 36 0
35 49 0
36 31 0
36 35 0
37 27 0
37 38 0
37 42 0
38 37 0
38 39 0
39 38 0
39 40 0
39 53 0
40 39 0
40 41 0
40 46 0
41 40 0
41 42 0
41 48 0
42 37 0
42 41 0
43 33 0
44 34 0
44 45 0
45 44 0
46 40 0
46 47 0
47 46 0
48 41 0
49 35 0
49 50 0
49 51 0
50 49 0
51 49 0
51 52 0
52 51 0
53 39 0
53 54 0
53 55 0
54 53 0
55 53 0
55 56 0
56 55 0
GraphDataEnd
GraphEnd
NodeEnd
NodeStart
EPTNodeID: 27
AnchorID: 29353
TreeNodeGraphID: 78
Level: 3
SimplifiedLevel: 0
EditOperation: 4 46 47 0 0
AccumulatedOpsCount: 2
AccumulatedOp: 4 44 45 0 0
AccumulatedOp: 4 46 47 0 0
ChildrenCount: 2
ChildIndices: 28 30
CompletedDBGraphIDsCount: 0
GraphStart
GraphDataStart
ID: 78
NumNodes: 57
NumEdges: 120
NodeLabels
2 2 2 2 2 2 2 2 2 2 2 2 2 2 2 2 2 2 2 2 2 2 2 2 2 2 2 2 2 2 2 2 2 2 2 2 2 2 2 2 2 2 2 4 0 2 0 2 4 2 0 0 2 2 0 0 2 
Edges
0 1 0
0 5 0
1 0 0
1 2 0
1 30 0
2 1 0
2 3 0
3 2 0
3 4 0
3 6 0
4 3 0
4 5 0
4 9 0
4 25 0
5 0 0
5 4 0
6 3 0
6 7 0
7 6 0
7 8 0
8 7 0
8 9 0
8 10 0
9 4 0
9 8 0
9 13 0
10 8 0
10 11 0
10 14 0
11 10 0
11 12 0
11 16 0
11 26 0
12 11 0
12 13 0
13 9 0
13 12 0
14 10 0
14 15 0
15 14 0
15 16 0
16 11 0
16 15 0
16 17 0
17 16 0
17 18 0
17 24 0
18 17 0
18 19 0
19 18 0
19 20 0
20 19 0
20 21 0
21 20 0
21 22 0
21 23 0
22 21 0
23 21 0
24 17 0
25 4 0
26 11 0
27 28 0
27 31 0
27 37 0
28 27 0
28 29 0
29 28 0
29 30 0
30 1 0
30 29 0
31 27 0
31 32 0
31 36 0
32 31 0
32 33 0
33 32 0
33 34 0
33 43 0
34 33 0
34 35 0
34 44 0
35 34 0
35 36 0
35 49 0
36 31 0
36 35 0
37 27 0
37 38 0
37 42 0
38 37 0
38 39 0
39 38 0
39 40 0
39 53 0
40 39 0
40 41 0
40 46 0
41 40 0
41 42 0
41 48 0
42 37 0
42 41 0
43 33 0
44 34 0
46 40 0
48 41 0
49 35 0
49 50 0
49 51 0
50 49 0
51 49 0
51 52 0
52 51 0
53 39 0
53 54 0
53 55 0
54 53 0
55 53 0
55 56 0
56 55 0
GraphDataEnd
GraphEnd
NodeEnd
NodeStart
EPTNodeID: 28
AnchorID: 29353
TreeNodeGraphID: 80
Level: 5
SimplifiedLevel: 0
EditOperation: 1 47 0 2 0
AccumulatedOpsCount: 2
AccumulatedOp: 1 45 0 2 0
AccumulatedOp: 1 47 0 2 0
ChildrenCount: 1
ChildIndices: 29
CompletedDBGraphIDsCount: 1
CompletedDBGraphID: 32266
GraphStart
GraphDataStart
ID: 80
NumNodes: 55
NumEdges: 120
NodeLabels
2 2 2 2 2 2 2 2 2 2 2 2 2 2 2 2 2 2 2 2 2 2 2 2 2 2 2 2 2 2 2 2 2 2 2 2 2 2 2 2 2 2 2 4 0 0 4 2 0 0 2 2 0 0 2 
Edges
0 1 0
0 5 0
1 0 0
1 2 0
1 30 0
2 1 0
2 3 0
3 2 0
3 4 0
3 6 0
4 3 0
4 5 0
4 9 0
4 25 0
5 0 0
5 4 0
6 3 0
6 7 0
7 6 0
7 8 0
8 7 0
8 9 0
8 10 0
9 4 0
9 8 0
9 13 0
10 8 0
10 11 0
10 14 0
11 10 0
11 12 0
11 16 0
11 26 0
12 11 0
12 13 0
13 9 0
13 12 0
14 10 0
14 15 0
15 14 0
15 16 0
16 11 0
16 15 0
16 17 0
17 16 0
17 18 0
17 24 0
18 17 0
18 19 0
19 18 0
19 20 0
20 19 0
20 21 0
21 20 0
21 22 0
21 23 0
22 21 0
23 21 0
24 17 0
25 4 0
26 11 0
27 28 0
27 31 0
27 37 0
28 27 0
28 29 0
29 28 0
29 30 0
30 1 0
30 29 0
31 27 0
31 32 0
31 36 0
32 31 0
32 33 0
33 32 0
33 34 0
33 43 0
34 33 0
34 35 0
34 44 0
35 34 0
35 36 0
35 47 0
36 31 0
36 35 0
37 27 0
37 38 0
37 42 0
38 37 0
38 39 0
39 38 0
39 40 0
39 51 0
40 39 0
40 41 0
40 45 0
41 40 0
41 42 0
41 46 0
42 37 0
42 41 0
43 33 0
44 34 0
45 40 0
46 41 0
47 35 0
47 48 0
47 49 0
48 47 0
49 47 0
49 50 0
50 49 0
51 39 0
51 52 0
51 53 0
52 51 0
53 51 0
53 54 0
54 53 0
GraphDataEnd
GraphEnd
NodeEnd
NodeStart
EPTNodeID: 29
AnchorID: 29353
TreeNodeGraphID: 84
Level: 9
SimplifiedLevel: 0
EditOperation: 0 56 0 2 0
AccumulatedOpsCount: 4
AccumulatedOp: 0 52 0 2 0
AccumulatedOp: 0 55 0 0 3
AccumulatedOp: 0 51 0 0 3
AccumulatedOp: 0 56 0 2 0
ChildrenCount: 0
ChildIndices:
CompletedDBGraphIDsCount: 1
CompletedDBGraphID: 7869
GraphStart
GraphDataStart
ID: 84
NumNodes: 55
NumEdges: 120
NodeLabels
2 2 2 2 2 2 2 2 2 2 2 2 2 2 2 2 2 2 2 2 2 2 2 2 2 2 2 2 2 2 2 2 2 2 2 2 2 2 2 2 2 2 2 4 0 0 4 2 0 3 0 2 0 3 0 
Edges
0 1 0
0 5 0
1 0 0
1 2 0
1 30 0
2 1 0
2 3 0
3 2 0
3 4 0
3 6 0
4 3 0
4 5 0
4 9 0
4 25 0
5 0 0
5 4 0
6 3 0
6 7 0
7 6 0
7 8 0
8 7 0
8 9 0
8 10 0
9 4 0
9 8 0
9 13 0
10 8 0
10 11 0
10 14 0
11 10 0
11 12 0
11 16 0
11 26 0
12 11 0
12 13 0
13 9 0
13 12 0
14 10 0
14 15 0
15 14 0
15 16 0
16 11 0
16 15 0
16 17 0
17 16 0
17 18 0
17 24 0
18 17 0
18 19 0
19 18 0
19 20 0
20 19 0
20 21 0
21 20 0
21 22 0
21 23 0
22 21 0
23 21 0
24 17 0
25 4 0
26 11 0
27 28 0
27 31 0
27 37 0
28 27 0
28 29 0
29 28 0
29 30 0
30 1 0
30 29 0
31 27 0
31 32 0
31 36 0
32 31 0
32 33 0
33 32 0
33 34 0
33 43 0
34 33 0
34 35 0
34 44 0
35 34 0
35 36 0
35 47 0
36 31 0
36 35 0
37 27 0
37 38 0
37 42 0
38 37 0
38 39 0
39 38 0
39 40 0
39 51 0
40 39 0
40 41 0
40 45 0
41 40 0
41 42 0
41 46 0
42 37 0
42 41 0
43 33 0
44 34 0
45 40 0
46 41 0
47 35 0
47 48 0
47 49 0
48 47 0
49 47 0
49 50 0
50 49 0
51 39 0
51 52 0
51 53 0
52 51 0
53 51 0
53 54 0
54 53 0
GraphDataEnd
GraphEnd
NodeEnd
NodeStart
EPTNodeID: 30
AnchorID: 29353
TreeNodeGraphID: 88
Level: 7
SimplifiedLevel: 0
EditOperation: 5 52 57 0 0
AccumulatedOpsCount: 4
AccumulatedOp: 5 47 56 0 0
AccumulatedOp: 2 57 0 0 2
AccumulatedOp: 2 58 0 0 2
AccumulatedOp: 5 52 57 0 0
ChildrenCount: 2
ChildIndices: 31 32
CompletedDBGraphIDsCount: 0
GraphStart
GraphDataStart
ID: 88
NumNodes: 59
NumEdges: 124
NodeLabels
2 2 2 2 2 2 2 2 2 2 2 2 2 2 2 2 2 2 2 2 2 2 2 2 2 2 2 2 2 2 2 2 2 2 2 2 2 2 2 2 2 2 2 4 0 2 0 2 4 2 0 0 2 2 0 0 2 2 2 
Edges
0 1 0
0 5 0
1 0 0
1 2 0
1 30 0
2 1 0
2 3 0
3 2 0
3 4 0
3 6 0
4 3 0
4 5 0
4 9 0
4 25 0
5 0 0
5 4 0
6 3 0
6 7 0
7 6 0
7 8 0
8 7 0
8 9 0
8 10 0
9 4 0
9 8 0
9 13 0
10 8 0
10 11 0
10 14 0
11 10 0
11 12 0
11 16 0
11 26 0
12 11 0
12 13 0
13 9 0
13 12 0
14 10 0
14 15 0
15 14 0
15 16 0
16 11 0
16 15 0
16 17 0
17 16 0
17 18 0
17 24 0
18 17 0
18 19 0
19 18 0
19 20 0
20 19 0
20 21 0
21 20 0
21 22 0
21 23 0
22 21 0
23 21 0
24 17 0
25 4 0
26 11 0
27 28 0
27 31 0
27 37 0
28 27 0
28 29 0
29 28 0
29 30 0
30 1 0
30 29 0
31 27 0
31 32 0
31 36 0
32 31 0
32 33 0
33 32 0
33 34 0
33 43 0
34 33 0
34 35 0
34 44 0
35 34 0
35 36 0
35 49 0
36 31 0
36 35 0
37 27 0
37 38 0
37 42 0
38 37 0
38 39 0
39 38 0
39 40 0
39 53 0
40 39 0
40 41 0
40 46 0
41 40 0
41 42 0
41 48 0
42 37 0
42 41 0
43 33 0
44 34 0
46 40 0
47 56 0
48 41 0
49 35 0
49 50 0
49 51 0
50 49 0
51 49 0
51 52 0
52 51 0
52 57 0
53 39 0
53 54 0
53 55 0
54 53 0
55 53 0
55 56 0
56 55 0
56 47 0
57 52 0
GraphDataEnd
GraphEnd
NodeEnd
NodeStart
EPTNodeID: 31
AnchorID: 29353
TreeNodeGraphID: 90
Level: 9
SimplifiedLevel: 0
EditOperation: 5 57 58 0 0
AccumulatedOpsCount: 2
AccumulatedOp: 5 45 47 0 0
AccumulatedOp: 5 57 58 0 0
ChildrenCount: 0
ChildIndices:
CompletedDBGraphIDsCount: 1
CompletedDBGraphID: 32670
GraphStart
GraphDataStart
ID: 90
NumNodes: 59
NumEdges: 128
NodeLabels
2 2 2 2 2 2 2 2 2 2 2 2 2 2 2 2 2 2 2 2 2 2 2 2 2 2 2 2 2 2 2 2 2 2 2 2 2 2 2 2 2 2 2 4 0 2 0 2 4 2 0 0 2 2 0 0 2 2 2 
Edges
0 1 0
0 5 0
1 0 0
1 2 0
1 30 0
2 1 0
2 3 0
3 2 0
3 4 0
3 6 0
4 3 0
4 5 0
4 9 0
4 25 0
5 0 0
5 4 0
6 3 0
6 7 0
7 6 0
7 8 0
8 7 0
8 9 0
8 10 0
9 4 0
9 8 0
9 13 0
10 8 0
10 11 0
10 14 0
11 10 0
11 12 0
11 16 0
11 26 0
12 11 0
12 13 0
13 9 0
13 12 0
14 10 0
14 15 0
15 14 0
15 16 0
16 11 0
16 15 0
16 17 0
17 16 0
17 18 0
17 24 0
18 17 0
18 19 0
19 18 0
19 20 0
20 19 0
20 21 0
21 20 0
21 22 0
21 23 0
22 21 0
23 21 0
24 17 0
25 4 0
26 11 0
27 28 0
27 31 0
27 37 0
28 27 0
28 29 0
29 28 0
29 30 0
30 1 0
30 29 0
31 27 0
31 32 0
31 36 0
32 31 0
32 33 0
33 32 0
33 34 0
33 43 0
34 33 0
34 35 0
34 44 0
35 34 0
35 36 0
35 49 0
36 31 0
36 35 0
37 27 0
37 38 0
37 42 0
38 37 0
38 39 0
39 38 0
39 40 0
39 53 0
40 39 0
40 41 0
40 46 0
41 40 0
41 42 0
41 48 0
42 37 0
42 41 0
43 33 0
44 34 0
45 47 0
46 40 0
47 56 0
47 45 0
48 41 0
49 35 0
49 50 0
49 51 0
50 49 0
51 49 0
51 52 0
52 51 0
52 57 0
53 39 0
53 54 0
53 55 0
54 53 0
55 53 0
55 56 0
56 55 0
56 47 0
57 52 0
57 58 0
58 57 0
GraphDataEnd
GraphEnd
NodeEnd
NodeStart
EPTNodeID: 32
AnchorID: 29353
TreeNodeGraphID: 92
Level: 9
SimplifiedLevel: 0
EditOperation: 5 52 58 0 0
AccumulatedOpsCount: 2
AccumulatedOp: 5 45 56 0 0
AccumulatedOp: 5 52 58 0 0
ChildrenCount: 0
ChildIndices:
CompletedDBGraphIDsCount: 1
CompletedDBGraphID: 33924
GraphStart
GraphDataStart
ID: 92
NumNodes: 59
NumEdges: 128
NodeLabels
2 2 2 2 2 2 2 2 2 2 2 2 2 2 2 2 2 2 2 2 2 2 2 2 2 2 2 2 2 2 2 2 2 2 2 2 2 2 2 2 2 2 2 4 0 2 0 2 4 2 0 0 2 2 0 0 2 2 2 
Edges
0 1 0
0 5 0
1 0 0
1 2 0
1 30 0
2 1 0
2 3 0
3 2 0
3 4 0
3 6 0
4 3 0
4 5 0
4 9 0
4 25 0
5 0 0
5 4 0
6 3 0
6 7 0
7 6 0
7 8 0
8 7 0
8 9 0
8 10 0
9 4 0
9 8 0
9 13 0
10 8 0
10 11 0
10 14 0
11 10 0
11 12 0
11 16 0
11 26 0
12 11 0
12 13 0
13 9 0
13 12 0
14 10 0
14 15 0
15 14 0
15 16 0
16 11 0
16 15 0
16 17 0
17 16 0
17 18 0
17 24 0
18 17 0
18 19 0
19 18 0
19 20 0
20 19 0
20 21 0
21 20 0
21 22 0
21 23 0
22 21 0
23 21 0
24 17 0
25 4 0
26 11 0
27 28 0
27 31 0
27 37 0
28 27 0
28 29 0
29 28 0
29 30 0
30 1 0
30 29 0
31 27 0
31 32 0
31 36 0
32 31 0
32 33 0
33 32 0
33 34 0
33 43 0
34 33 0
34 35 0
34 44 0
35 34 0
35 36 0
35 49 0
36 31 0
36 35 0
37 27 0
37 38 0
37 42 0
38 37 0
38 39 0
39 38 0
39 40 0
39 53 0
40 39 0
40 41 0
40 46 0
41 40 0
41 42 0
41 48 0
42 37 0
42 41 0
43 33 0
44 34 0
45 56 0
46 40 0
47 56 0
48 41 0
49 35 0
49 50 0
49 51 0
50 49 0
51 49 0
51 52 0
52 51 0
52 57 0
52 58 0
53 39 0
53 54 0
53 55 0
54 53 0
55 53 0
55 56 0
56 55 0
56 47 0
56 45 0
57 52 0
58 52 0
GraphDataEnd
GraphEnd
NodeEnd
NodeStart
EPTNodeID: 33
AnchorID: 29353
TreeNodeGraphID: 94
Level: 3
SimplifiedLevel: 0
EditOperation: 0 48 0 4 12
AccumulatedOpsCount: 2
AccumulatedOp: 0 43 0 4 12
AccumulatedOp: 0 48 0 4 12
ChildrenCount: 0
ChildIndices:
CompletedDBGraphIDsCount: 1
CompletedDBGraphID: 5584
GraphStart
GraphDataStart
ID: 94
NumNodes: 57
NumEdges: 124
NodeLabels
2 2 2 2 2 2 2 2 2 2 2 2 2 2 2 2 2 2 2 2 2 2 2 2 2 2 2 2 2 2 2 2 2 2 2 2 2 2 2 2 2 2 2 12 0 2 0 2 12 2 0 0 2 2 0 0 2 
Edges
0 1 0
0 5 0
1 0 0
1 2 0
1 30 0
2 1 0
2 3 0
3 2 0
3 4 0
3 6 0
4 3 0
4 5 0
4 9 0
4 25 0
5 0 0
5 4 0
6 3 0
6 7 0
7 6 0
7 8 0
8 7 0
8 9 0
8 10 0
9 4 0
9 8 0
9 13 0
10 8 0
10 11 0
10 14 0
11 10 0
11 12 0
11 16 0
11 26 0
12 11 0
12 13 0
13 9 0
13 12 0
14 10 0
14 15 0
15 14 0
15 16 0
16 11 0
16 15 0
16 17 0
17 16 0
17 18 0
17 24 0
18 17 0
18 19 0
19 18 0
19 20 0
20 19 0
20 21 0
21 20 0
21 22 0
21 23 0
22 21 0
23 21 0
24 17 0
25 4 0
26 11 0
27 28 0
27 31 0
27 37 0
28 27 0
28 29 0
29 28 0
29 30 0
30 1 0
30 29 0
31 27 0
31 32 0
31 36 0
32 31 0
32 33 0
33 32 0
33 34 0
33 43 0
34 33 0
34 35 0
34 44 0
35 34 0
35 36 0
35 49 0
36 31 0
36 35 0
37 27 0
37 38 0
37 42 0
38 37 0
38 39 0
39 38 0
39 40 0
39 53 0
40 39 0
40 41 0
40 46 0
41 40 0
41 42 0
41 48 0
42 37 0
42 41 0
43 33 0
44 34 0
44 45 0
45 44 0
46 40 0
46 47 0
47 46 0
48 41 0
49 35 0
49 50 0
49 51 0
50 49 0
51 49 0
51 52 0
52 51 0
53 39 0
53 54 0
53 55 0
54 53 0
55 53 0
55 56 0
56 55 0
GraphDataEnd
GraphEnd
NodeEnd
NodeStart
EPTNodeID: 34
AnchorID: 29353
TreeNodeGraphID: 96
Level: 2
SimplifiedLevel: 0
EditOperation: 5 29 57 0 0
AccumulatedOpsCount: 2
AccumulatedOp: 2 57 0 0 0
AccumulatedOp: 5 29 57 0 0
ChildrenCount: 1
ChildIndices: 35
CompletedDBGraphIDsCount: 2
CompletedDBGraphID: 14633
CompletedDBGraphID: 13359
GraphStart
GraphDataStart
ID: 96
NumNodes: 58
NumEdges: 126
NodeLabels
2 2 2 2 2 2 2 2 2 2 2 2 2 2 2 2 2 2 2 2 2 2 2 2 2 2 2 2 2 2 3 2 2 2 2 2 2 2 2 2 2 2 2 4 0 2 0 2 4 2 0 0 2 2 0 0 2 0 
Edges
0 1 0
0 5 0
1 0 0
1 2 0
1 30 0
2 1 0
2 3 0
3 2 0
3 4 0
3 6 0
4 3 0
4 5 0
4 9 0
4 25 0
5 0 0
5 4 0
6 3 0
6 7 0
7 6 0
7 8 0
8 7 0
8 9 0
8 10 0
9 4 0
9 8 0
9 13 0
10 8 0
10 11 0
10 14 0
11 10 0
11 12 0
11 16 0
11 26 0
12 11 0
12 13 0
13 9 0
13 12 0
14 10 0
14 15 0
15 14 0
15 16 0
16 11 0
16 15 0
16 17 0
17 16 0
17 18 0
17 24 0
18 17 0
18 19 0
19 18 0
19 20 0
20 19 0
20 21 0
21 20 0
21 22 0
21 23 0
22 21 0
23 21 0
24 17 0
25 4 0
26 11 0
27 28 0
27 31 0
27 37 0
28 27 0
28 29 0
29 28 0
29 30 0
29 57 0
30 1 0
30 29 0
31 27 0
31 32 0
31 36 0
32 31 0
32 33 0
33 32 0
33 34 0
33 43 0
34 33 0
34 35 0
34 44 0
35 34 0
35 36 0
35 49 0
36 31 0
36 35 0
37 27 0
37 38 0
37 42 0
38 37 0
38 39 0
39 38 0
39 40 0
39 53 0
40 39 0
40 41 0
40 46 0
41 40 0
41 42 0
41 48 0
42 37 0
42 41 0
43 33 0
44 34 0
44 45 0
45 44 0
46 40 0
46 47 0
47 46 0
48 41 0
49 35 0
49 50 0
49 51 0
50 49 0
51 49 0
51 52 0
52 51 0
53 39 0
53 54 0
53 55 0
54 53 0
55 53 0
55 56 0
56 55 0
57 29 0
GraphDataEnd
GraphEnd
NodeEnd
NodeStart
EPTNodeID: 35
AnchorID: 29353
TreeNodeGraphID: 100
Level: 6
SimplifiedLevel: 0
EditOperation: 5 27 58 0 0
AccumulatedOpsCount: 4
AccumulatedOp: 2 58 0 0 2
AccumulatedOp: 5 28 58 0 0
AccumulatedOp: 4 27 28 0 0
AccumulatedOp: 5 27 58 0 0
ChildrenCount: 0
ChildIndices:
CompletedDBGraphIDsCount: 2
CompletedDBGraphID: 20592
CompletedDBGraphID: 37479
GraphStart
GraphDataStart
ID: 100
NumNodes: 59
NumEdges: 128
NodeLabels
2 2 2 2 2 2 2 2 2 2 2 2 2 2 2 2 2 2 2 2 2 2 2 2 2 2 2 2 2 2 3 2 2 2 2 2 2 2 2 2 2 2 2 4 0 2 0 2 4 2 0 0 2 2 0 0 2 0 2 
Edges
0 1 0
0 5 0
1 0 0
1 2 0
1 30 0
2 1 0
2 3 0
3 2 0
3 4 0
3 6 0
4 3 0
4 5 0
4 9 0
4 25 0
5 0 0
5 4 0
6 3 0
6 7 0
7 6 0
7 8 0
8 7 0
8 9 0
8 10 0
9 4 0
9 8 0
9 13 0
10 8 0
10 11 0
10 14 0
11 10 0
11 12 0
11 16 0
11 26 0
12 11 0
12 13 0
13 9 0
13 12 0
14 10 0
14 15 0
15 14 0
15 16 0
16 11 0
16 15 0
16 17 0
17 16 0
17 18 0
17 24 0
18 17 0
18 19 0
19 18 0
19 20 0
20 19 0
20 21 0
21 20 0
21 22 0
21 23 0
22 21 0
23 21 0
24 17 0
25 4 0
26 11 0
27 31 0
27 37 0
27 58 0
28 29 0
28 58 0
29 28 0
29 30 0
29 57 0
30 1 0
30 29 0
31 27 0
31 32 0
31 36 0
32 31 0
32 33 0
33 32 0
33 34 0
33 43 0
34 33 0
34 35 0
34 44 0
35 34 0
35 36 0
35 49 0
36 31 0
36 35 0
37 27 0
37 38 0
37 42 0
38 37 0
38 39 0
39 38 0
39 40 0
39 53 0
40 39 0
40 41 0
40 46 0
41 40 0
41 42 0
41 48 0
42 37 0
42 41 0
43 33 0
44 34 0
44 45 0
45 44 0
46 40 0
46 47 0
47 46 0
48 41 0
49 35 0
49 50 0
49 51 0
50 49 0
51 49 0
51 52 0
52 51 0
53 39 0
53 54 0
53 55 0
54 53 0
55 53 0
55 56 0
56 55 0
57 29 0
58 28 0
58 27 0
GraphDataEnd
GraphEnd
NodeEnd
END_EPT
