BEGIN_EPT
AnchorID: 40204  # ID of the anchor node
RootIndex: 0  # Index of the root node in tree_nodes
NodeCount: 2  # Total number of nodes in the EPT
NodeStart
EPTNodeID: 0
AnchorID: 40204
TreeNodeGraphID: 0
Level: 0
SimplifiedLevel: 0
EditOperation: -1 0 -1 0 0
AccumulatedOpsCount: 0
ChildrenCount: 1
ChildIndices: 1
CompletedDBGraphIDsCount: 1
CompletedDBGraphID: 22074
GraphStart
GraphDataStart
ID: 0
NumNodes: 65
NumEdges: 138
NodeLabels
2 2 2 2 2 2 2 2 2 2 1 0 0 3 3 2 2 2 2 2 2 0 3 1 0 0 0 1 0 0 0 2 2 2 2 2 2 2 2 2 2 1 0 0 3 3 2 2 2 2 2 2 0 3 1 0 0 0 1 0 0 0 2 2 31 
Edges
0 1 0
0 5 0
0 6 0
1 0 0
1 2 0
1 22 0
2 1 0
2 3 0
2 13 0
3 2 0
3 4 0
4 3 0
4 5 0
4 23 0
5 0 0
5 4 0
5 9 0
6 0 0
6 7 0
6 10 0
7 6 0
7 8 0
8 7 0
8 9 0
9 5 0
9 8 0
10 6 0
10 11 0
10 12 0
10 21 0
11 10 0
12 10 0
13 2 0
13 14 0
14 13 0
14 16 0
15 16 0
15 17 0
16 14 0
16 15 0
16 20 0
17 15 0
17 18 0
18 17 0
18 19 0
18 62 0
19 18 0
19 20 0
19 27 0
20 16 0
20 19 0
21 10 0
22 1 0
23 4 0
23 24 0
23 25 0
23 26 0
24 23 0
25 23 0
26 23 0
27 19 0
27 28 0
27 29 0
27 30 0
28 27 0
29 27 0
30 27 0
31 32 0
31 36 0
31 37 0
32 31 0
32 33 0
32 53 0
33 32 0
33 34 0
33 44 0
34 33 0
34 35 0
35 34 0
35 36 0
35 54 0
36 31 0
36 35 0
36 40 0
37 31 0
37 38 0
37 41 0
38 37 0
38 39 0
39 38 0
39 40 0
40 36 0
40 39 0
41 37 0
41 42 0
41 43 0
41 52 0
42 41 0
43 41 0
44 33 0
44 45 0
45 44 0
45 47 0
46 47 0
46 48 0
47 45 0
47 46 0
47 51 0
48 46 0
48 49 0
49 48 0
49 50 0
49 63 0
50 49 0
50 51 0
50 58 0
51 47 0
51 50 0
52 41 0
53 32 0
54 35 0
54 55 0
54 56 0
54 57 0
55 54 0
56 54 0
57 54 0
58 50 0
58 59 0
58 60 0
58 61 0
59 58 0
60 58 0
61 58 0
62 18 0
62 63 0
63 49 0
63 62 0
GraphDataEnd
GraphEnd
NodeEnd
NodeStart
EPTNodeID: 1
AnchorID: 40204
TreeNodeGraphID: 4
Level: 4
SimplifiedLevel: 0
EditOperation: 5 43 66 0 0
AccumulatedOpsCount: 4
AccumulatedOp: 2 65 0 0 13
AccumulatedOp: 5 12 65 0 0
AccumulatedOp: 2 66 0 0 13
AccumulatedOp: 5 43 66 0 0
ChildrenCount: 0
ChildIndices:
CompletedDBGraphIDsCount: 1
CompletedDBGraphID: 22407
GraphStart
GraphDataStart
ID: 4
NumNodes: 67
NumEdges: 142
NodeLabels
2 2 2 2 2 2 2 2 2 2 1 0 0 3 3 2 2 2 2 2 2 0 3 1 0 0 0 1 0 0 0 2 2 2 2 2 2 2 2 2 2 1 0 0 3 3 2 2 2 2 2 2 0 3 1 0 0 0 1 0 0 0 2 2 31 13 13 
Edges
0 1 0
0 5 0
0 6 0
1 0 0
1 2 0
1 22 0
2 1 0
2 3 0
2 13 0
3 2 0
3 4 0
4 3 0
4 5 0
4 23 0
5 0 0
5 4 0
5 9 0
6 0 0
6 7 0
6 10 0
7 6 0
7 8 0
8 7 0
8 9 0
9 5 0
9 8 0
10 6 0
10 11 0
10 12 0
10 21 0
11 10 0
12 10 0
12 65 0
13 2 0
13 14 0
14 13 0
14 16 0
15 16 0
15 17 0
16 14 0
16 15 0
16 20 0
17 15 0
17 18 0
18 17 0
18 19 0
18 62 0
19 18 0
19 20 0
19 27 0
20 16 0
20 19 0
21 10 0
22 1 0
23 4 0
23 24 0
23 25 0
23 26 0
24 23 0
25 23 0
26 23 0
27 19 0
27 28 0
27 29 0
27 30 0
28 27 0
29 27 0
30 27 0
31 32 0
31 36 0
31 37 0
32 31 0
32 33 0
32 53 0
33 32 0
33 34 0
33 44 0
34 33 0
34 35 0
35 34 0
35 36 0
35 54 0
36 31 0
36 35 0
36 40 0
37 31 0
37 38 0
37 41 0
38 37 0
38 39 0
39 38 0
39 40 0
40 36 0
40 39 0
41 37 0
41 42 0
41 43 0
41 52 0
42 41 0
43 41 0
43 66 0
44 33 0
44 45 0
45 44 0
45 47 0
46 47 0
46 48 0
47 45 0
47 46 0
47 51 0
48 46 0
48 49 0
49 48 0
49 50 0
49 63 0
50 49 0
50 51 0
50 58 0
51 47 0
51 50 0
52 41 0
53 32 0
54 35 0
54 55 0
54 56 0
54 57 0
55 54 0
56 54 0
57 54 0
58 50 0
58 59 0
58 60 0
58 61 0
59 58 0
60 58 0
61 58 0
62 18 0
62 63 0
63 49 0
63 62 0
65 12 0
66 43 0
GraphDataEnd
GraphEnd
NodeEnd
END_EPT
