BEGIN_EPT
AnchorID: 15716  # ID of the anchor node
RootIndex: 0  # Index of the root node in tree_nodes
NodeCount: 1  # Total number of nodes in the EPT
NodeStart
EPTNodeID: 0
AnchorID: 15716
TreeNodeGraphID: 0
Level: 0
SimplifiedLevel: 0
EditOperation: -1 0 -1 0 0
AccumulatedOpsCount: 0
ChildrenCount: 0
ChildIndices:
CompletedDBGraphIDsCount: 0
GraphStart
GraphDataStart
ID: 0
NumNodes: 93
NumEdges: 208
NodeLabels
0 2 2 2 2 2 0 2 2 0 2 2 2 2 2 2 2 2 3 2 2 2 0 2 2 2 2 2 2 2 2 3 2 2 2 0 2 2 2 2 2 2 2 2 3 2 3 3 3 2 2 0 2 2 2 2 2 2 2 2 3 2 2 2 0 2 2 2 2 2 2 2 2 3 2 3 3 2 2 0 2 2 2 2 2 2 2 2 3 2 3 0 2 
Edges
0 1 0
0 2 0
1 0 0
1 6 0
1 48 0
2 0 0
2 3 0
2 4 0
2 5 0
3 2 0
4 2 0
5 2 0
6 1 0
7 8 0
7 19 0
7 48 0
8 7 0
8 9 0
8 47 0
9 8 0
10 11 0
10 15 0
11 10 0
11 12 0
12 11 0
12 13 0
12 16 0
13 12 0
13 14 0
13 18 0
14 13 0
14 15 0
15 10 0
15 14 0
16 12 0
16 17 0
16 19 0
17 16 0
17 18 0
18 13 0
18 17 0
19 7 0
19 16 0
20 21 0
20 32 0
20 47 0
21 20 0
21 22 0
21 46 0
22 21 0
23 24 0
23 28 0
24 23 0
24 25 0
25 24 0
25 26 0
25 29 0
26 25 0
26 27 0
26 31 0
27 26 0
27 28 0
28 23 0
28 27 0
29 25 0
29 30 0
29 32 0
30 29 0
30 31 0
31 26 0
31 30 0
32 20 0
32 29 0
33 34 0
33 45 0
33 46 0
34 33 0
34 35 0
34 76 0
35 34 0
36 37 0
36 41 0
37 36 0
37 38 0
38 37 0
38 39 0
38 42 0
39 38 0
39 40 0
39 44 0
40 39 0
40 41 0
41 36 0
41 40 0
42 38 0
42 43 0
42 45 0
43 42 0
43 44 0
44 39 0
44 43 0
45 33 0
45 42 0
46 21 0
46 33 0
47 8 0
47 20 0
48 1 0
48 7 0
49 50 0
49 61 0
49 76 0
50 49 0
50 51 0
50 75 0
51 50 0
52 53 0
52 57 0
53 52 0
53 54 0
54 53 0
54 55 0
54 58 0
55 54 0
55 56 0
55 60 0
56 55 0
56 57 0
57 52 0
57 56 0
58 54 0
58 59 0
58 61 0
59 58 0
59 60 0
60 55 0
60 59 0
61 49 0
61 58 0
62 63 0
62 74 0
62 75 0
63 62 0
63 64 0
63 90 0
64 63 0
65 66 0
65 70 0
66 65 0
66 67 0
67 66 0
67 68 0
67 71 0
68 67 0
68 69 0
68 73 0
69 68 0
69 70 0
70 65 0
70 69 0
71 67 0
71 72 0
71 74 0
72 71 0
72 73 0
73 68 0
73 72 0
74 62 0
74 71 0
75 50 0
75 62 0
76 34 0
76 49 0
77 78 0
77 89 0
77 90 0
78 77 0
78 79 0
78 91 0
79 78 0
80 81 0
80 85 0
81 80 0
81 82 0
82 81 0
82 83 0
82 86 0
83 82 0
83 84 0
83 88 0
84 83 0
84 85 0
85 80 0
85 84 0
86 82 0
86 87 0
86 89 0
87 86 0
87 88 0
88 83 0
88 87 0
89 77 0
89 86 0
90 63 0
90 77 0
91 78 0
91 92 0
92 91 0
GraphDataEnd
GraphEnd
NodeEnd
END_EPT
