BEGIN_EPT
AnchorID: 31184  # ID of the anchor node
RootIndex: 0  # Index of the root node in tree_nodes
NodeCount: 1  # Total number of nodes in the EPT
NodeStart
EPTNodeID: 0
AnchorID: 31184
TreeNodeGraphID: 0
Level: 0
SimplifiedLevel: 0
EditOperation: -1 0 -1 0 0
AccumulatedOpsCount: 0
ChildrenCount: 0
ChildIndices:
CompletedDBGraphIDsCount: 0
GraphStart
GraphDataStart
ID: 0
NumNodes: 72
NumEdges: 146
NodeLabels
2 2 2 2 0 2 1 2 0 0 0 2 2 2 2 2 2 0 2 2 2 0 2 2 0 2 2 2 2 2 0 2 2 3 2 2 0 2 2 2 0 2 2 2 2 2 2 2 2 2 0 0 0 0 2 2 2 2 2 2 0 2 2 2 2 2 0 2 0 2 2 0 
Edges
0 1 0
0 2 0
1 0 0
1 3 0
2 0 0
2 4 0
3 1 0
3 5 0
4 2 0
4 6 0
5 3 0
5 7 0
6 4 0
6 8 0
6 9 0
6 10 0
7 5 0
7 11 0
8 6 0
9 6 0
10 6 0
11 7 0
11 12 0
12 11 0
12 13 0
13 12 0
13 14 0
14 13 0
14 15 0
15 14 0
15 16 0
16 15 0
17 18 0
17 19 0
18 17 0
18 20 0
18 21 0
19 17 0
19 22 0
19 23 0
20 18 0
20 24 0
20 25 0
21 18 0
21 26 0
22 19 0
22 27 0
22 28 0
23 19 0
23 29 0
23 30 0
23 31 0
24 20 0
24 32 0
25 20 0
25 33 0
25 34 0
26 21 0
26 34 0
26 35 0
27 22 0
28 22 0
28 36 0
28 37 0
29 23 0
30 23 0
31 23 0
31 38 0
32 24 0
32 39 0
32 40 0
33 25 0
33 41 0
33 42 0
34 25 0
34 26 0
35 26 0
36 28 0
36 43 0
37 28 0
37 44 0
37 45 0
38 31 0
38 46 0
38 47 0
39 32 0
39 48 0
40 32 0
41 33 0
42 33 0
43 36 0
43 49 0
43 50 0
44 37 0
45 37 0
45 51 0
45 52 0
46 38 0
47 38 0
47 53 0
47 54 0
48 39 0
49 43 0
49 55 0
50 43 0
50 56 0
51 45 0
52 45 0
52 57 0
53 47 0
54 47 0
54 58 0
54 59 0
55 49 0
55 60 0
55 61 0
55 62 0
56 50 0
56 62 0
56 63 0
57 52 0
57 64 0
57 65 0
58 54 0
59 54 0
59 65 0
59 66 0
60 55 0
60 67 0
61 55 0
62 55 0
62 56 0
62 68 0
63 56 0
64 57 0
64 69 0
65 57 0
65 59 0
65 70 0
65 71 0
66 59 0
67 60 0
68 62 0
69 64 0
70 65 0
71 65 0
GraphDataEnd
GraphEnd
NodeEnd
END_EPT
