BEGIN_EPT
AnchorID: 23666  # ID of the anchor node
RootIndex: 0  # Index of the root node in tree_nodes
NodeCount: 1  # Total number of nodes in the EPT
NodeStart
EPTNodeID: 0
AnchorID: 23666
TreeNodeGraphID: 0
Level: 0
SimplifiedLevel: 0
EditOperation: -1 0 -1 0 0
AccumulatedOpsCount: 0
ChildrenCount: 0
ChildIndices:
CompletedDBGraphIDsCount: 0
GraphStart
GraphDataStart
ID: 0
NumNodes: 104
NumEdges: 240
NodeLabels
2 2 2 3 2 2 2 2 2 2 2 2 3 2 2 2 2 2 2 2 2 3 2 2 2 2 2 2 2 2 2 2 2 0 2 2 2 3 2 2 2 2 2 2 2 2 2 2 2 0 3 3 3 3 0 0 0 0 0 0 0 0 2 2 2 2 2 2 0 2 2 2 2 2 2 0 2 2 2 2 2 2 0 2 2 2 2 2 2 0 2 2 2 2 2 2 0 2 2 2 2 2 2 0 
Edges
0 1 0
0 4 0
0 5 0
1 0 0
1 2 0
1 8 0
2 1 0
2 3 0
2 51 0
3 2 0
3 4 0
4 0 0
4 3 0
4 50 0
5 0 0
5 6 0
6 5 0
6 7 0
6 55 0
7 6 0
7 8 0
7 54 0
8 1 0
8 7 0
9 10 0
9 13 0
9 14 0
10 9 0
10 11 0
10 17 0
11 10 0
11 12 0
11 52 0
12 11 0
12 13 0
13 9 0
13 12 0
13 53 0
14 9 0
14 15 0
15 14 0
15 16 0
15 58 0
16 15 0
16 17 0
16 59 0
17 10 0
17 16 0
18 19 0
18 22 0
18 23 0
19 18 0
19 20 0
19 26 0
20 19 0
20 21 0
20 51 0
21 20 0
21 22 0
22 18 0
22 21 0
22 52 0
23 18 0
23 24 0
24 23 0
24 25 0
24 60 0
25 24 0
25 26 0
25 61 0
26 19 0
26 25 0
27 28 0
27 32 0
28 27 0
28 29 0
28 60 0
29 28 0
29 30 0
30 29 0
30 31 0
31 30 0
31 32 0
31 33 0
32 27 0
32 31 0
33 31 0
34 35 0
34 38 0
34 39 0
35 34 0
35 36 0
35 42 0
36 35 0
36 37 0
36 50 0
37 36 0
37 38 0
38 34 0
38 37 0
38 53 0
39 34 0
39 40 0
40 39 0
40 41 0
40 57 0
41 40 0
41 42 0
41 56 0
42 35 0
42 41 0
43 44 0
43 48 0
44 43 0
44 45 0
44 57 0
45 44 0
45 46 0
46 45 0
46 47 0
47 46 0
47 48 0
47 49 0
48 43 0
48 47 0
49 47 0
50 4 0
50 36 0
51 2 0
51 20 0
52 11 0
52 22 0
53 13 0
53 38 0
54 7 0
54 70 0
55 6 0
55 91 0
56 41 0
56 84 0
57 40 0
57 44 0
58 15 0
58 98 0
59 16 0
59 63 0
60 24 0
60 28 0
61 25 0
61 77 0
62 63 0
62 67 0
63 59 0
63 62 0
63 64 0
64 63 0
64 65 0
65 64 0
65 66 0
66 65 0
66 67 0
66 68 0
67 62 0
67 66 0
68 66 0
69 70 0
69 74 0
70 54 0
70 69 0
70 71 0
71 70 0
71 72 0
72 71 0
72 73 0
73 72 0
73 74 0
73 75 0
74 69 0
74 73 0
75 73 0
76 77 0
76 81 0
77 61 0
77 76 0
77 78 0
78 77 0
78 79 0
79 78 0
79 80 0
80 79 0
80 81 0
80 82 0
81 76 0
81 80 0
82 80 0
83 84 0
83 88 0
84 56 0
84 83 0
84 85 0
85 84 0
85 86 0
86 85 0
86 87 0
87 86 0
87 88 0
87 89 0
88 83 0
88 87 0
89 87 0
90 91 0
90 95 0
91 55 0
91 90 0
91 92 0
92 91 0
92 93 0
93 92 0
93 94 0
94 93 0
94 95 0
94 96 0
95 90 0
95 94 0
96 94 0
97 98 0
97 102 0
98 58 0
98 97 0
98 99 0
99 98 0
99 100 0
100 99 0
100 101 0
101 100 0
101 102 0
101 103 0
102 97 0
102 101 0
103 101 0
GraphDataEnd
GraphEnd
NodeEnd
END_EPT
