BEGIN_EPT
AnchorID: 7720  # ID of the anchor node
RootIndex: 0  # Index of the root node in tree_nodes
NodeCount: 1  # Total number of nodes in the EPT
NodeStart
EPTNodeID: 0
AnchorID: 7720
TreeNodeGraphID: 0
Level: 0
SimplifiedLevel: 0
EditOperation: -1 0 -1 0 0
AccumulatedOpsCount: 0
ChildrenCount: 0
ChildIndices:
CompletedDBGraphIDsCount: 0
GraphStart
GraphDataStart
ID: 0
NumNodes: 70
NumEdges: 152
NodeLabels
4 4 4 4 2 2 2 2 2 2 2 2 2 2 2 2 2 2 2 2 2 2 2 2 2 2 2 2 2 2 2 2 2 2 2 2 2 2 2 2 2 2 2 2 2 2 2 2 2 2 2 2 2 0 0 0 2 0 0 0 2 0 0 2 0 0 2 0 0 3 
Edges
0 44 0
1 49 0
2 15 0
3 8 0
4 5 0
4 6 0
4 66 0
5 4 0
5 8 0
5 55 0
6 4 0
6 7 0
7 6 0
7 9 0
7 10 0
8 3 0
8 5 0
8 9 0
9 7 0
9 8 0
10 7 0
10 11 0
10 17 0
11 10 0
11 13 0
11 16 0
12 13 0
12 14 0
12 63 0
13 11 0
13 12 0
14 12 0
14 15 0
14 54 0
15 2 0
15 14 0
15 16 0
16 11 0
16 15 0
17 10 0
17 18 0
18 17 0
18 19 0
19 18 0
19 20 0
19 23 0
20 19 0
20 21 0
21 20 0
21 22 0
22 21 0
22 23 0
22 27 0
23 19 0
23 22 0
23 24 0
23 51 0
24 23 0
24 25 0
25 24 0
25 26 0
26 25 0
26 27 0
26 28 0
27 22 0
27 26 0
27 33 0
28 26 0
28 29 0
28 30 0
28 52 0
29 28 0
29 34 0
29 35 0
30 28 0
30 31 0
31 30 0
31 32 0
32 31 0
32 35 0
32 36 0
33 27 0
33 34 0
34 29 0
34 33 0
35 29 0
35 32 0
36 32 0
36 37 0
37 36 0
37 38 0
38 37 0
38 39 0
38 42 0
39 38 0
39 46 0
39 48 0
40 41 0
40 43 0
40 56 0
41 40 0
41 42 0
42 38 0
42 41 0
42 45 0
43 40 0
43 44 0
43 59 0
44 0 0
44 43 0
44 45 0
45 42 0
45 44 0
46 39 0
46 47 0
47 46 0
47 50 0
47 60 0
48 39 0
48 49 0
49 1 0
49 48 0
49 50 0
50 47 0
50 49 0
50 53 0
51 23 0
52 28 0
53 50 0
54 14 0
55 5 0
56 40 0
56 57 0
56 58 0
57 56 0
58 56 0
59 43 0
60 47 0
60 61 0
60 62 0
61 60 0
62 60 0
63 12 0
63 64 0
63 65 0
64 63 0
65 63 0
66 4 0
66 67 0
66 68 0
67 66 0
68 66 0
GraphDataEnd
GraphEnd
NodeEnd
END_EPT
