BEGIN_EPT
AnchorID: 11692  # ID of the anchor node
RootIndex: 0  # Index of the root node in tree_nodes
NodeCount: 1  # Total number of nodes in the EPT
NodeStart
EPTNodeID: 0
AnchorID: 11692
TreeNodeGraphID: 0
Level: 0
SimplifiedLevel: 0
EditOperation: -1 0 -1 0 0
AccumulatedOpsCount: 0
ChildrenCount: 0
ChildIndices:
CompletedDBGraphIDsCount: 0
GraphStart
GraphDataStart
ID: 0
NumNodes: 91
NumEdges: 174
NodeLabels
11 11 2 2 2 2 2 2 11 2 2 2 2 2 2 11 23 2 3 2 3 2 2 2 2 2 3 23 2 3 2 2 2 2 2 3 2 3 2 2 2 2 2 2 2 2 2 2 2 2 2 2 2 2 12 11 12 12 12 12 12 2 2 2 2 2 2 2 2 2 2 2 2 2 2 2 2 2 2 2 2 2 2 2 2 2 2 2 2 2 2 
Edges
0 61 0
0 67 0
0 85 0
1 5 0
1 86 0
1 87 0
2 3 0
2 7 0
3 2 0
3 4 0
4 3 0
4 5 0
5 1 0
5 4 0
5 6 0
6 5 0
6 7 0
7 2 0
7 6 0
8 9 0
8 88 0
8 89 0
9 8 0
9 10 0
9 14 0
10 9 0
10 11 0
11 10 0
11 12 0
12 11 0
12 13 0
13 12 0
13 14 0
14 9 0
14 13 0
15 73 0
15 79 0
15 90 0
17 18 0
18 17 0
18 38 0
19 20 0
20 19 0
20 21 0
21 20 0
21 22 0
21 23 0
21 24 0
22 21 0
23 21 0
24 21 0
25 26 0
26 25 0
26 42 0
28 29 0
29 28 0
29 30 0
30 29 0
30 31 0
30 32 0
30 33 0
31 30 0
32 30 0
33 30 0
34 35 0
35 34 0
35 46 0
36 37 0
37 36 0
37 49 0
38 18 0
38 39 0
38 40 0
38 41 0
39 38 0
40 38 0
41 38 0
42 26 0
42 43 0
42 44 0
42 45 0
43 42 0
44 42 0
45 42 0
46 35 0
46 47 0
46 48 0
46 53 0
47 46 0
48 46 0
49 37 0
49 50 0
49 51 0
49 52 0
50 49 0
51 49 0
52 49 0
53 46 0
54 55 0
55 54 0
55 56 0
55 57 0
55 58 0
55 59 0
55 60 0
56 55 0
57 55 0
58 55 0
59 55 0
60 55 0
61 0 0
61 62 0
61 66 0
62 61 0
62 63 0
63 62 0
63 64 0
64 63 0
64 65 0
65 64 0
65 66 0
66 61 0
66 65 0
67 0 0
67 68 0
67 72 0
68 67 0
68 69 0
69 68 0
69 70 0
70 69 0
70 71 0
71 70 0
71 72 0
72 67 0
72 71 0
73 15 0
73 74 0
73 78 0
74 73 0
74 75 0
75 74 0
75 76 0
76 75 0
76 77 0
77 76 0
77 78 0
78 73 0
78 77 0
79 15 0
79 80 0
79 84 0
80 79 0
80 81 0
81 80 0
81 82 0
82 81 0
82 83 0
83 82 0
83 84 0
84 79 0
84 83 0
85 0 0
85 86 0
86 1 0
86 85 0
87 1 0
87 88 0
88 8 0
88 87 0
89 8 0
89 90 0
90 15 0
90 89 0
GraphDataEnd
GraphEnd
NodeEnd
END_EPT
