BEGIN_EPT
AnchorID: 18505  # ID of the anchor node
RootIndex: 0  # Index of the root node in tree_nodes
NodeCount: 4  # Total number of nodes in the EPT
NodeStart
EPTNodeID: 0
AnchorID: 18505
TreeNodeGraphID: 0
Level: 0
SimplifiedLevel: 0
EditOperation: -1 0 -1 0 0
AccumulatedOpsCount: 0
ChildrenCount: 1
ChildIndices: 1
CompletedDBGraphIDsCount: 0
GraphStart
GraphDataStart
ID: 0
NumNodes: 65
NumEdges: 146
NodeLabels
2 2 2 2 2 2 2 2 2 2 2 2 2 2 3 0 2 2 2 0 2 2 2 0 0 2 2 2 2 2 2 2 2 2 2 2 2 2 2 3 0 2 2 2 0 2 2 2 0 0 2 2 2 2 2 2 2 2 2 2 2 2 2 2 31 
Edges
0 1 0
0 5 0
0 55 0
1 0 0
1 2 0
1 16 0
2 1 0
2 3 0
3 2 0
3 4 0
3 13 0
3 56 0
4 3 0
4 5 0
4 6 0
5 0 0
5 4 0
6 4 0
6 7 0
6 11 0
6 20 0
7 6 0
7 8 0
8 7 0
8 9 0
9 8 0
9 10 0
10 9 0
10 11 0
10 21 0
10 22 0
11 6 0
11 10 0
11 12 0
12 11 0
12 13 0
13 3 0
13 12 0
14 54 0
14 57 0
14 63 0
15 54 0
16 1 0
16 17 0
16 18 0
17 16 0
18 16 0
19 57 0
20 6 0
21 10 0
22 10 0
22 23 0
22 24 0
23 22 0
24 22 0
25 26 0
25 30 0
25 51 0
26 25 0
26 27 0
26 41 0
27 26 0
27 28 0
28 27 0
28 29 0
28 38 0
28 50 0
29 28 0
29 30 0
29 31 0
30 25 0
30 29 0
31 29 0
31 32 0
31 36 0
31 45 0
32 31 0
32 33 0
33 32 0
33 34 0
34 33 0
34 35 0
35 34 0
35 36 0
35 46 0
35 47 0
36 31 0
36 35 0
36 37 0
37 36 0
37 38 0
38 28 0
38 37 0
39 52 0
39 53 0
39 58 0
40 53 0
41 26 0
41 42 0
41 43 0
42 41 0
43 41 0
44 52 0
45 31 0
46 35 0
47 35 0
47 48 0
47 49 0
48 47 0
49 47 0
50 28 0
50 51 0
50 52 0
51 25 0
51 50 0
51 53 0
52 39 0
52 44 0
52 50 0
53 39 0
53 40 0
53 51 0
54 14 0
54 15 0
54 55 0
55 0 0
55 54 0
55 56 0
56 3 0
56 55 0
56 57 0
57 14 0
57 19 0
57 56 0
58 39 0
58 59 0
59 58 0
59 60 0
60 59 0
60 61 0
61 60 0
61 62 0
62 61 0
62 63 0
63 14 0
63 62 0
GraphDataEnd
GraphEnd
NodeEnd
NodeStart
EPTNodeID: 1
AnchorID: 18505
TreeNodeGraphID: 1
Level: 1
SimplifiedLevel: 0
EditOperation: 5 58 63 0 0
AccumulatedOpsCount: 1
AccumulatedOp: 5 58 63 0 0
ChildrenCount: 2
ChildIndices: 2 3
CompletedDBGraphIDsCount: 1
CompletedDBGraphID: 19827
GraphStart
GraphDataStart
ID: 1
NumNodes: 65
NumEdges: 148
NodeLabels
2 2 2 2 2 2 2 2 2 2 2 2 2 2 3 0 2 2 2 0 2 2 2 0 0 2 2 2 2 2 2 2 2 2 2 2 2 2 2 3 0 2 2 2 0 2 2 2 0 0 2 2 2 2 2 2 2 2 2 2 2 2 2 2 31 
Edges
0 1 0
0 5 0
0 55 0
1 0 0
1 2 0
1 16 0
2 1 0
2 3 0
3 2 0
3 4 0
3 13 0
3 56 0
4 3 0
4 5 0
4 6 0
5 0 0
5 4 0
6 4 0
6 7 0
6 11 0
6 20 0
7 6 0
7 8 0
8 7 0
8 9 0
9 8 0
9 10 0
10 9 0
10 11 0
10 21 0
10 22 0
11 6 0
11 10 0
11 12 0
12 11 0
12 13 0
13 3 0
13 12 0
14 54 0
14 57 0
14 63 0
15 54 0
16 1 0
16 17 0
16 18 0
17 16 0
18 16 0
19 57 0
20 6 0
21 10 0
22 10 0
22 23 0
22 24 0
23 22 0
24 22 0
25 26 0
25 30 0
25 51 0
26 25 0
26 27 0
26 41 0
27 26 0
27 28 0
28 27 0
28 29 0
28 38 0
28 50 0
29 28 0
29 30 0
29 31 0
30 25 0
30 29 0
31 29 0
31 32 0
31 36 0
31 45 0
32 31 0
32 33 0
33 32 0
33 34 0
34 33 0
34 35 0
35 34 0
35 36 0
35 46 0
35 47 0
36 31 0
36 35 0
36 37 0
37 36 0
37 38 0
38 28 0
38 37 0
39 52 0
39 53 0
39 58 0
40 53 0
41 26 0
41 42 0
41 43 0
42 41 0
43 41 0
44 52 0
45 31 0
46 35 0
47 35 0
47 48 0
47 49 0
48 47 0
49 47 0
50 28 0
50 51 0
50 52 0
51 25 0
51 50 0
51 53 0
52 39 0
52 44 0
52 50 0
53 39 0
53 40 0
53 51 0
54 14 0
54 15 0
54 55 0
55 0 0
55 54 0
55 56 0
56 3 0
56 55 0
56 57 0
57 14 0
57 19 0
57 56 0
58 39 0
58 59 0
58 63 0
59 58 0
59 60 0
60 59 0
60 61 0
61 60 0
61 62 0
62 61 0
62 63 0
63 14 0
63 62 0
63 58 0
GraphDataEnd
GraphEnd
NodeEnd
NodeStart
EPTNodeID: 2
AnchorID: 18505
TreeNodeGraphID: 3
Level: 3
SimplifiedLevel: 0
EditOperation: 4 14 63 0 0
AccumulatedOpsCount: 2
AccumulatedOp: 5 14 62 0 0
AccumulatedOp: 4 14 63 0 0
ChildrenCount: 0
ChildIndices:
CompletedDBGraphIDsCount: 1
CompletedDBGraphID: 23745
GraphStart
GraphDataStart
ID: 3
NumNodes: 65
NumEdges: 148
NodeLabels
2 2 2 2 2 2 2 2 2 2 2 2 2 2 3 0 2 2 2 0 2 2 2 0 0 2 2 2 2 2 2 2 2 2 2 2 2 2 2 3 0 2 2 2 0 2 2 2 0 0 2 2 2 2 2 2 2 2 2 2 2 2 2 2 31 
Edges
0 1 0
0 5 0
0 55 0
1 0 0
1 2 0
1 16 0
2 1 0
2 3 0
3 2 0
3 4 0
3 13 0
3 56 0
4 3 0
4 5 0
4 6 0
5 0 0
5 4 0
6 4 0
6 7 0
6 11 0
6 20 0
7 6 0
7 8 0
8 7 0
8 9 0
9 8 0
9 10 0
10 9 0
10 11 0
10 21 0
10 22 0
11 6 0
11 10 0
11 12 0
12 11 0
12 13 0
13 3 0
13 12 0
14 54 0
14 57 0
14 62 0
15 54 0
16 1 0
16 17 0
16 18 0
17 16 0
18 16 0
19 57 0
20 6 0
21 10 0
22 10 0
22 23 0
22 24 0
23 22 0
24 22 0
25 26 0
25 30 0
25 51 0
26 25 0
26 27 0
26 41 0
27 26 0
27 28 0
28 27 0
28 29 0
28 38 0
28 50 0
29 28 0
29 30 0
29 31 0
30 25 0
30 29 0
31 29 0
31 32 0
31 36 0
31 45 0
32 31 0
32 33 0
33 32 0
33 34 0
34 33 0
34 35 0
35 34 0
35 36 0
35 46 0
35 47 0
36 31 0
36 35 0
36 37 0
37 36 0
37 38 0
38 28 0
38 37 0
39 52 0
39 53 0
39 58 0
40 53 0
41 26 0
41 42 0
41 43 0
42 41 0
43 41 0
44 52 0
45 31 0
46 35 0
47 35 0
47 48 0
47 49 0
48 47 0
49 47 0
50 28 0
50 51 0
50 52 0
51 25 0
51 50 0
51 53 0
52 39 0
52 44 0
52 50 0
53 39 0
53 40 0
53 51 0
54 14 0
54 15 0
54 55 0
55 0 0
55 54 0
55 56 0
56 3 0
56 55 0
56 57 0
57 14 0
57 19 0
57 56 0
58 39 0
58 59 0
58 63 0
59 58 0
59 60 0
60 59 0
60 61 0
61 60 0
61 62 0
62 61 0
62 63 0
62 14 0
63 62 0
63 58 0
GraphDataEnd
GraphEnd
NodeEnd
NodeStart
EPTNodeID: 3
AnchorID: 18505
TreeNodeGraphID: 5
Level: 3
SimplifiedLevel: 0
EditOperation: 5 39 60 0 0
AccumulatedOpsCount: 2
AccumulatedOp: 4 39 58 0 0
AccumulatedOp: 5 39 60 0 0
ChildrenCount: 0
ChildIndices:
CompletedDBGraphIDsCount: 1
CompletedDBGraphID: 11950
GraphStart
GraphDataStart
ID: 5
NumNodes: 65
NumEdges: 148
NodeLabels
2 2 2 2 2 2 2 2 2 2 2 2 2 2 3 0 2 2 2 0 2 2 2 0 0 2 2 2 2 2 2 2 2 2 2 2 2 2 2 3 0 2 2 2 0 2 2 2 0 0 2 2 2 2 2 2 2 2 2 2 2 2 2 2 31 
Edges
0 1 0
0 5 0
0 55 0
1 0 0
1 2 0
1 16 0
2 1 0
2 3 0
3 2 0
3 4 0
3 13 0
3 56 0
4 3 0
4 5 0
4 6 0
5 0 0
5 4 0
6 4 0
6 7 0
6 11 0
6 20 0
7 6 0
7 8 0
8 7 0
8 9 0
9 8 0
9 10 0
10 9 0
10 11 0
10 21 0
10 22 0
11 6 0
11 10 0
11 12 0
12 11 0
12 13 0
13 3 0
13 12 0
14 54 0
14 57 0
14 63 0
15 54 0
16 1 0
16 17 0
16 18 0
17 16 0
18 16 0
19 57 0
20 6 0
21 10 0
22 10 0
22 23 0
22 24 0
23 22 0
24 22 0
25 26 0
25 30 0
25 51 0
26 25 0
26 27 0
26 41 0
27 26 0
27 28 0
28 27 0
28 29 0
28 38 0
28 50 0
29 28 0
29 30 0
29 31 0
30 25 0
30 29 0
31 29 0
31 32 0
31 36 0
31 45 0
32 31 0
32 33 0
33 32 0
33 34 0
34 33 0
34 35 0
35 34 0
35 36 0
35 46 0
35 47 0
36 31 0
36 35 0
36 37 0
37 36 0
37 38 0
38 28 0
38 37 0
39 52 0
39 53 0
39 60 0
40 53 0
41 26 0
41 42 0
41 43 0
42 41 0
43 41 0
44 52 0
45 31 0
46 35 0
47 35 0
47 48 0
47 49 0
48 47 0
49 47 0
50 28 0
50 51 0
50 52 0
51 25 0
51 50 0
51 53 0
52 39 0
52 44 0
52 50 0
53 39 0
53 40 0
53 51 0
54 14 0
54 15 0
54 55 0
55 0 0
55 54 0
55 56 0
56 3 0
56 55 0
56 57 0
57 14 0
57 19 0
57 56 0
58 59 0
58 63 0
59 58 0
59 60 0
60 59 0
60 61 0
60 39 0
61 60 0
61 62 0
62 61 0
62 63 0
63 14 0
63 62 0
63 58 0
GraphDataEnd
GraphEnd
NodeEnd
END_EPT
