BEGIN_EPT
AnchorID: 12126  # ID of the anchor node
RootIndex: 0  # Index of the root node in tree_nodes
NodeCount: 1  # Total number of nodes in the EPT
NodeStart
EPTNodeID: 0
AnchorID: 12126
TreeNodeGraphID: 0
Level: 0
SimplifiedLevel: 0
EditOperation: -1 0 -1 0 0
AccumulatedOpsCount: 0
ChildrenCount: 0
ChildIndices:
CompletedDBGraphIDsCount: 0
GraphStart
GraphDataStart
ID: 0
NumNodes: 71
NumEdges: 146
NodeLabels
2 0 2 0 2 2 2 2 0 2 2 0 2 2 2 2 2 2 0 2 2 0 2 2 2 2 2 2 2 2 2 2 2 2 2 2 2 2 2 2 2 2 2 2 2 2 2 2 2 2 2 2 2 2 3 3 2 2 2 2 2 2 2 2 2 2 2 2 2 2 2 
Edges
0 1 0
0 2 0
0 28 0
1 0 0
1 4 0
2 0 0
2 3 0
2 7 0
3 2 0
3 4 0
4 1 0
4 3 0
4 5 0
4 6 0
5 4 0
5 34 0
6 4 0
6 29 0
7 2 0
7 8 0
8 7 0
8 9 0
9 8 0
9 10 0
10 9 0
10 11 0
11 10 0
11 12 0
12 11 0
12 13 0
13 12 0
13 14 0
14 13 0
14 15 0
15 14 0
15 16 0
16 15 0
16 17 0
17 16 0
17 55 0
18 19 0
18 28 0
19 18 0
19 20 0
20 19 0
20 21 0
21 20 0
21 22 0
22 21 0
22 23 0
23 22 0
23 24 0
24 23 0
24 25 0
25 24 0
25 26 0
26 25 0
26 27 0
27 26 0
27 54 0
28 0 0
28 18 0
29 6 0
29 30 0
30 29 0
30 31 0
31 30 0
31 32 0
32 31 0
32 33 0
33 32 0
33 56 0
34 5 0
34 35 0
35 34 0
35 36 0
36 35 0
36 37 0
37 36 0
37 38 0
38 37 0
38 39 0
39 38 0
39 40 0
40 39 0
40 41 0
40 45 0
41 40 0
41 42 0
42 41 0
42 43 0
42 50 0
43 42 0
43 44 0
44 43 0
44 45 0
44 46 0
45 40 0
45 44 0
46 44 0
46 47 0
46 48 0
46 49 0
47 46 0
48 46 0
49 46 0
50 42 0
50 51 0
50 52 0
50 53 0
51 50 0
52 50 0
53 50 0
54 27 0
55 17 0
56 33 0
56 57 0
57 56 0
57 58 0
57 62 0
58 57 0
58 59 0
59 58 0
59 60 0
59 67 0
60 59 0
60 61 0
61 60 0
61 62 0
61 63 0
62 57 0
62 61 0
63 61 0
63 64 0
63 65 0
63 66 0
64 63 0
65 63 0
66 63 0
67 59 0
67 68 0
67 69 0
67 70 0
68 67 0
69 67 0
70 67 0
GraphDataEnd
GraphEnd
NodeEnd
END_EPT
