BEGIN_EPT
AnchorID: 90  # ID of the anchor node
RootIndex: 0  # Index of the root node in tree_nodes
NodeCount: 2  # Total number of nodes in the EPT
NodeStart
EPTNodeID: 0
AnchorID: 90
TreeNodeGraphID: 0
Level: 0
SimplifiedLevel: 0
EditOperation: -1 0 -1 0 0
AccumulatedOpsCount: 0
ChildrenCount: 1
ChildIndices: 1
CompletedDBGraphIDsCount: 0
GraphStart
GraphDataStart
ID: 0
NumNodes: 114
NumEdges: 228
NodeLabels
3 2 2 0 3 2 2 0 3 2 2 0 3 2 2 0 3 2 2 0 3 2 2 0 3 2 2 0 3 2 0 3 2 2 0 3 2 2 0 3 2 2 0 3 2 2 0 3 2 2 0 3 2 2 0 0 2 2 0 3 2 2 2 2 3 0 2 2 3 0 2 0 2 2 2 2 2 2 2 0 2 2 0 2 2 2 2 2 2 2 3 2 2 2 2 3 2 0 2 2 2 2 2 2 2 2 2 2 2 2 2 2 0 3 
Edges
0 1 0
1 0 0
1 2 0
1 61 0
2 1 0
2 3 0
2 4 0
3 2 0
4 2 0
4 5 0
5 4 0
5 6 0
5 66 0
6 5 0
6 7 0
6 8 0
7 6 0
8 6 0
8 9 0
9 8 0
9 10 0
9 70 0
10 9 0
10 11 0
10 12 0
11 10 0
12 10 0
12 13 0
13 12 0
13 14 0
13 72 0
14 13 0
14 15 0
14 16 0
15 14 0
16 14 0
16 17 0
17 16 0
17 18 0
17 75 0
18 17 0
18 19 0
18 20 0
19 18 0
20 18 0
20 21 0
21 20 0
21 22 0
21 78 0
22 21 0
22 23 0
22 24 0
23 22 0
24 22 0
24 25 0
25 24 0
25 26 0
25 80 0
26 25 0
26 27 0
26 28 0
27 26 0
28 26 0
28 56 0
29 30 0
29 31 0
29 60 0
30 29 0
31 29 0
31 32 0
32 31 0
32 33 0
32 86 0
33 32 0
33 34 0
33 35 0
34 33 0
35 33 0
35 36 0
36 35 0
36 37 0
36 91 0
37 36 0
37 38 0
37 39 0
38 37 0
39 37 0
39 40 0
40 39 0
40 41 0
40 96 0
41 40 0
41 42 0
41 43 0
42 41 0
43 41 0
43 44 0
44 43 0
44 45 0
44 98 0
45 44 0
45 46 0
45 47 0
46 45 0
47 45 0
47 48 0
48 47 0
48 49 0
48 102 0
49 48 0
49 50 0
49 51 0
50 49 0
51 49 0
51 52 0
52 51 0
52 53 0
52 109 0
53 52 0
53 54 0
53 55 0
54 53 0
55 53 0
56 28 0
56 57 0
57 56 0
57 58 0
57 59 0
58 57 0
59 57 0
59 60 0
60 29 0
60 59 0
60 83 0
61 1 0
61 62 0
62 61 0
62 63 0
63 62 0
63 64 0
63 65 0
64 63 0
65 63 0
66 5 0
66 67 0
67 66 0
67 68 0
67 69 0
68 67 0
69 67 0
70 9 0
70 71 0
71 70 0
72 13 0
72 73 0
72 74 0
73 72 0
74 72 0
75 17 0
75 76 0
75 77 0
76 75 0
77 75 0
78 21 0
78 79 0
79 78 0
80 25 0
80 81 0
80 82 0
81 80 0
82 80 0
83 60 0
83 84 0
83 85 0
84 83 0
85 83 0
86 32 0
86 87 0
87 86 0
87 88 0
88 87 0
88 89 0
89 88 0
89 90 0
90 89 0
91 36 0
91 92 0
92 91 0
92 93 0
93 92 0
93 94 0
94 93 0
94 95 0
95 94 0
96 40 0
96 97 0
97 96 0
98 44 0
98 99 0
99 98 0
99 100 0
99 101 0
100 99 0
101 99 0
102 48 0
102 103 0
103 102 0
103 104 0
103 108 0
104 103 0
104 105 0
105 104 0
105 106 0
106 105 0
106 107 0
107 106 0
107 108 0
108 103 0
108 107 0
109 52 0
109 110 0
110 109 0
110 111 0
111 110 0
111 112 0
111 113 0
112 111 0
113 111 0
GraphDataEnd
GraphEnd
NodeEnd
NodeStart
EPTNodeID: 1
AnchorID: 90
TreeNodeGraphID: 3
Level: 3
SimplifiedLevel: 0
EditOperation: 5 0 63 0 0
AccumulatedOpsCount: 3
AccumulatedOp: 4 63 64 0 0
AccumulatedOp: 1 64 0 3 0
AccumulatedOp: 5 0 63 0 0
ChildrenCount: 0
ChildIndices:
CompletedDBGraphIDsCount: 1
CompletedDBGraphID: 24734
GraphStart
GraphDataStart
ID: 3
NumNodes: 113
NumEdges: 228
NodeLabels
3 2 2 0 3 2 2 0 3 2 2 0 3 2 2 0 3 2 2 0 3 2 2 0 3 2 2 0 3 2 0 3 2 2 0 3 2 2 0 3 2 2 0 3 2 2 0 3 2 2 0 3 2 2 0 0 2 2 0 3 2 2 2 2 0 2 2 3 0 2 0 2 2 2 2 2 2 2 0 2 2 0 2 2 2 2 2 2 2 3 2 2 2 2 3 2 0 2 2 2 2 2 2 2 2 2 2 2 2 2 2 0 3 
Edges
0 1 0
0 63 0
1 0 0
1 2 0
1 61 0
2 1 0
2 3 0
2 4 0
3 2 0
4 2 0
4 5 0
5 4 0
5 6 0
5 65 0
6 5 0
6 7 0
6 8 0
7 6 0
8 6 0
8 9 0
9 8 0
9 10 0
9 69 0
10 9 0
10 11 0
10 12 0
11 10 0
12 10 0
12 13 0
13 12 0
13 14 0
13 71 0
14 13 0
14 15 0
14 16 0
15 14 0
16 14 0
16 17 0
17 16 0
17 18 0
17 74 0
18 17 0
18 19 0
18 20 0
19 18 0
20 18 0
20 21 0
21 20 0
21 22 0
21 77 0
22 21 0
22 23 0
22 24 0
23 22 0
24 22 0
24 25 0
25 24 0
25 26 0
25 79 0
26 25 0
26 27 0
26 28 0
27 26 0
28 26 0
28 56 0
29 30 0
29 31 0
29 60 0
30 29 0
31 29 0
31 32 0
32 31 0
32 33 0
32 85 0
33 32 0
33 34 0
33 35 0
34 33 0
35 33 0
35 36 0
36 35 0
36 37 0
36 90 0
37 36 0
37 38 0
37 39 0
38 37 0
39 37 0
39 40 0
40 39 0
40 41 0
40 95 0
41 40 0
41 42 0
41 43 0
42 41 0
43 41 0
43 44 0
44 43 0
44 45 0
44 97 0
45 44 0
45 46 0
45 47 0
46 45 0
47 45 0
47 48 0
48 47 0
48 49 0
48 101 0
49 48 0
49 50 0
49 51 0
50 49 0
51 49 0
51 52 0
52 51 0
52 53 0
52 108 0
53 52 0
53 54 0
53 55 0
54 53 0
55 53 0
56 28 0
56 57 0
57 56 0
57 58 0
57 59 0
58 57 0
59 57 0
59 60 0
60 29 0
60 59 0
60 82 0
61 1 0
61 62 0
62 61 0
62 63 0
63 62 0
63 64 0
63 0 0
64 63 0
65 5 0
65 66 0
66 65 0
66 67 0
66 68 0
67 66 0
68 66 0
69 9 0
69 70 0
70 69 0
71 13 0
71 72 0
71 73 0
72 71 0
73 71 0
74 17 0
74 75 0
74 76 0
75 74 0
76 74 0
77 21 0
77 78 0
78 77 0
79 25 0
79 80 0
79 81 0
80 79 0
81 79 0
82 60 0
82 83 0
82 84 0
83 82 0
84 82 0
85 32 0
85 86 0
86 85 0
86 87 0
87 86 0
87 88 0
88 87 0
88 89 0
89 88 0
90 36 0
90 91 0
91 90 0
91 92 0
92 91 0
92 93 0
93 92 0
93 94 0
94 93 0
95 40 0
95 96 0
96 95 0
97 44 0
97 98 0
98 97 0
98 99 0
98 100 0
99 98 0
100 98 0
101 48 0
101 102 0
102 101 0
102 103 0
102 107 0
103 102 0
103 104 0
104 103 0
104 105 0
105 104 0
105 106 0
106 105 0
106 107 0
107 102 0
107 106 0
108 52 0
108 109 0
109 108 0
109 110 0
110 109 0
110 111 0
110 112 0
111 110 0
112 110 0
GraphDataEnd
GraphEnd
NodeEnd
END_EPT
