BEGIN_EPT
AnchorID: 5876  # ID of the anchor node
RootIndex: 0  # Index of the root node in tree_nodes
NodeCount: 1  # Total number of nodes in the EPT
NodeStart
EPTNodeID: 0
AnchorID: 5876
TreeNodeGraphID: 0
Level: 0
SimplifiedLevel: 0
EditOperation: -1 0 -1 0 0
AccumulatedOpsCount: 0
ChildrenCount: 0
ChildIndices:
CompletedDBGraphIDsCount: 0
GraphStart
GraphDataStart
ID: 0
NumNodes: 69
NumEdges: 148
NodeLabels
0 2 2 2 2 2 2 2 2 2 2 2 3 3 0 2 0 2 0 0 3 2 2 2 0 2 2 0 2 2 2 2 2 2 2 3 2 2 2 2 0 2 2 2 2 2 2 2 2 2 2 0 2 2 2 0 2 2 2 2 2 2 2 2 0 0 12 12 12 
Edges
0 1 0
1 0 0
1 2 0
1 3 0
2 1 0
2 4 0
2 5 0
3 1 0
3 6 0
3 7 0
4 2 0
4 8 0
4 9 0
5 2 0
5 10 0
5 11 0
6 3 0
6 12 0
7 3 0
7 10 0
7 13 0
8 4 0
8 14 0
8 15 0
9 4 0
9 16 0
9 17 0
10 5 0
10 7 0
10 18 0
11 5 0
11 15 0
11 19 0
12 6 0
12 20 0
13 7 0
13 21 0
14 8 0
14 17 0
15 8 0
15 11 0
15 22 0
16 9 0
17 9 0
17 14 0
17 23 0
17 24 0
18 10 0
19 11 0
20 12 0
20 25 0
20 26 0
21 13 0
21 27 0
21 28 0
22 15 0
23 17 0
24 17 0
24 29 0
25 20 0
25 30 0
26 20 0
26 31 0
27 21 0
28 21 0
28 32 0
28 33 0
29 24 0
29 34 0
30 25 0
30 35 0
31 26 0
31 35 0
32 28 0
33 28 0
33 36 0
34 29 0
34 37 0
35 30 0
35 31 0
35 38 0
36 33 0
36 39 0
37 34 0
37 40 0
37 41 0
38 35 0
38 42 0
39 36 0
39 43 0
40 37 0
40 44 0
41 37 0
41 45 0
41 46 0
42 38 0
42 47 0
42 48 0
43 39 0
43 49 0
43 50 0
44 40 0
45 41 0
46 41 0
46 51 0
46 52 0
47 42 0
47 53 0
48 42 0
48 54 0
49 43 0
50 43 0
50 55 0
50 56 0
51 46 0
51 57 0
52 46 0
52 58 0
52 59 0
53 47 0
53 60 0
53 61 0
54 48 0
54 61 0
55 50 0
56 50 0
56 59 0
56 62 0
57 51 0
57 63 0
57 64 0
58 52 0
59 52 0
59 56 0
59 65 0
60 53 0
60 66 0
60 67 0
60 68 0
61 53 0
61 54 0
62 56 0
63 57 0
64 57 0
65 59 0
66 60 0
67 60 0
68 60 0
GraphDataEnd
GraphEnd
NodeEnd
END_EPT
