BEGIN_EPT
AnchorID: 2548  # ID of the anchor node
RootIndex: 0  # Index of the root node in tree_nodes
NodeCount: 2  # Total number of nodes in the EPT
NodeStart
EPTNodeID: 0
AnchorID: 2548
TreeNodeGraphID: 0
Level: 0
SimplifiedLevel: 0
EditOperation: -1 0 -1 0 0
AccumulatedOpsCount: 0
ChildrenCount: 1
ChildIndices: 1
CompletedDBGraphIDsCount: 0
GraphStart
GraphDataStart
ID: 0
NumNodes: 69
NumEdges: 146
NodeLabels
2 2 2 2 2 2 2 2 2 1 0 0 0 2 1 0 0 0 1 0 0 0 2 0 2 2 2 2 2 2 2 3 3 2 2 2 2 2 2 2 2 2 1 0 0 0 2 1 0 0 0 1 0 0 0 2 0 2 2 2 2 2 2 2 3 3 0 2 31 
Edges
0 1 0
0 13 0
1 0 0
1 2 0
1 18 0
2 1 0
2 3 0
3 2 0
3 4 0
3 14 0
4 3 0
4 5 0
4 13 0
5 4 0
5 6 0
5 32 0
6 5 0
6 7 0
7 6 0
7 8 0
8 7 0
8 9 0
8 13 0
9 8 0
9 10 0
9 11 0
9 12 0
10 9 0
11 9 0
12 9 0
13 0 0
13 4 0
13 8 0
14 3 0
14 15 0
14 16 0
14 17 0
15 14 0
16 14 0
17 14 0
18 1 0
18 19 0
18 20 0
18 21 0
19 18 0
20 18 0
21 18 0
22 23 0
22 24 0
22 32 0
23 22 0
24 22 0
24 25 0
24 30 0
25 24 0
25 26 0
26 25 0
26 27 0
27 26 0
27 28 0
27 29 0
28 27 0
29 27 0
29 30 0
29 31 0
30 24 0
30 29 0
31 29 0
31 67 0
32 5 0
32 22 0
33 34 0
33 46 0
34 33 0
34 35 0
34 51 0
35 34 0
35 36 0
36 35 0
36 37 0
36 47 0
37 36 0
37 38 0
37 46 0
38 37 0
38 39 0
38 65 0
39 38 0
39 40 0
40 39 0
40 41 0
41 40 0
41 42 0
41 46 0
42 41 0
42 43 0
42 44 0
42 45 0
43 42 0
44 42 0
45 42 0
46 33 0
46 37 0
46 41 0
47 36 0
47 48 0
47 49 0
47 50 0
48 47 0
49 47 0
50 47 0
51 34 0
51 52 0
51 53 0
51 54 0
52 51 0
53 51 0
54 51 0
55 56 0
55 57 0
55 65 0
56 55 0
57 55 0
57 58 0
57 63 0
58 57 0
58 59 0
59 58 0
59 60 0
60 59 0
60 61 0
60 62 0
61 60 0
62 60 0
62 63 0
62 64 0
63 57 0
63 62 0
64 62 0
64 67 0
65 38 0
65 55 0
66 67 0
67 31 0
67 64 0
67 66 0
GraphDataEnd
GraphEnd
NodeEnd
NodeStart
EPTNodeID: 1
AnchorID: 2548
TreeNodeGraphID: 1
Level: 1
SimplifiedLevel: 0
EditOperation: 0 66 0 0 1
AccumulatedOpsCount: 1
AccumulatedOp: 0 66 0 0 1
ChildrenCount: 0
ChildIndices:
CompletedDBGraphIDsCount: 1
CompletedDBGraphID: 27597
GraphStart
GraphDataStart
ID: 1
NumNodes: 69
NumEdges: 146
NodeLabels
2 2 2 2 2 2 2 2 2 1 0 0 0 2 1 0 0 0 1 0 0 0 2 0 2 2 2 2 2 2 2 3 3 2 2 2 2 2 2 2 2 2 1 0 0 0 2 1 0 0 0 1 0 0 0 2 0 2 2 2 2 2 2 2 3 3 1 2 31 
Edges
0 1 0
0 13 0
1 0 0
1 2 0
1 18 0
2 1 0
2 3 0
3 2 0
3 4 0
3 14 0
4 3 0
4 5 0
4 13 0
5 4 0
5 6 0
5 32 0
6 5 0
6 7 0
7 6 0
7 8 0
8 7 0
8 9 0
8 13 0
9 8 0
9 10 0
9 11 0
9 12 0
10 9 0
11 9 0
12 9 0
13 0 0
13 4 0
13 8 0
14 3 0
14 15 0
14 16 0
14 17 0
15 14 0
16 14 0
17 14 0
18 1 0
18 19 0
18 20 0
18 21 0
19 18 0
20 18 0
21 18 0
22 23 0
22 24 0
22 32 0
23 22 0
24 22 0
24 25 0
24 30 0
25 24 0
25 26 0
26 25 0
26 27 0
27 26 0
27 28 0
27 29 0
28 27 0
29 27 0
29 30 0
29 31 0
30 24 0
30 29 0
31 29 0
31 67 0
32 5 0
32 22 0
33 34 0
33 46 0
34 33 0
34 35 0
34 51 0
35 34 0
35 36 0
36 35 0
36 37 0
36 47 0
37 36 0
37 38 0
37 46 0
38 37 0
38 39 0
38 65 0
39 38 0
39 40 0
40 39 0
40 41 0
41 40 0
41 42 0
41 46 0
42 41 0
42 43 0
42 44 0
42 45 0
43 42 0
44 42 0
45 42 0
46 33 0
46 37 0
46 41 0
47 36 0
47 48 0
47 49 0
47 50 0
48 47 0
49 47 0
50 47 0
51 34 0
51 52 0
51 53 0
51 54 0
52 51 0
53 51 0
54 51 0
55 56 0
55 57 0
55 65 0
56 55 0
57 55 0
57 58 0
57 63 0
58 57 0
58 59 0
59 58 0
59 60 0
60 59 0
60 61 0
60 62 0
61 60 0
62 60 0
62 63 0
62 64 0
63 57 0
63 62 0
64 62 0
64 67 0
65 38 0
65 55 0
66 67 0
67 31 0
67 64 0
67 66 0
GraphDataEnd
GraphEnd
NodeEnd
END_EPT
