BEGIN_EPT
AnchorID: 27629  # ID of the anchor node
RootIndex: 0  # Index of the root node in tree_nodes
NodeCount: 1  # Total number of nodes in the EPT
NodeStart
EPTNodeID: 0
AnchorID: 27629
TreeNodeGraphID: 0
Level: 0
SimplifiedLevel: 0
EditOperation: -1 0 -1 0 0
AccumulatedOpsCount: 0
ChildrenCount: 0
ChildIndices:
CompletedDBGraphIDsCount: 0
GraphStart
GraphDataStart
ID: 0
NumNodes: 142
NumEdges: 298
NodeLabels
3 2 1 2 0 3 2 2 0 2 2 2 3 2 3 2 2 2 2 0 3 2 0 3 2 2 0 3 2 2 0 3 2 2 2 2 2 2 2 2 2 0 3 2 2 0 3 2 2 2 2 2 0 3 2 2 2 2 2 2 2 2 0 3 2 2 2 0 3 2 2 2 2 2 2 2 0 2 3 2 2 2 2 2 0 3 2 2 0 3 2 2 0 2 0 0 2 0 3 2 2 0 3 2 2 2 0 3 2 0 3 2 2 2 2 0 3 2 3 3 2 2 2 2 2 0 0 2 3 2 2 1 2 2 1 0 2 3 2 2 2 2 
Edges
0 1 0
1 0 0
1 3 0
1 132 0
2 112 0
2 132 0
3 1 0
3 4 0
3 5 0
4 3 0
5 3 0
5 6 0
6 5 0
6 7 0
6 9 0
7 6 0
7 8 0
7 14 0
8 7 0
9 6 0
9 10 0
10 9 0
10 11 0
11 10 0
11 12 0
12 11 0
12 13 0
13 12 0
13 118 0
13 119 0
14 7 0
14 15 0
15 14 0
15 16 0
15 21 0
16 15 0
16 17 0
17 16 0
17 18 0
18 17 0
18 19 0
18 20 0
19 18 0
20 18 0
21 15 0
21 22 0
21 23 0
22 21 0
23 21 0
23 24 0
24 23 0
24 25 0
24 133 0
25 24 0
25 26 0
25 27 0
26 25 0
27 25 0
27 28 0
28 27 0
28 29 0
28 127 0
29 28 0
29 30 0
29 31 0
30 29 0
31 29 0
31 32 0
32 31 0
32 33 0
32 136 0
33 32 0
33 135 0
33 137 0
34 35 0
34 37 0
35 34 0
35 36 0
36 35 0
36 39 0
37 34 0
37 38 0
37 139 0
38 37 0
38 39 0
39 36 0
39 38 0
40 41 0
40 42 0
40 138 0
41 40 0
42 40 0
42 43 0
43 42 0
43 44 0
44 43 0
44 45 0
44 46 0
45 44 0
46 44 0
46 47 0
46 50 0
47 46 0
47 48 0
47 51 0
48 47 0
48 49 0
49 48 0
49 50 0
50 46 0
50 49 0
51 47 0
51 52 0
51 53 0
52 51 0
53 51 0
53 54 0
54 53 0
54 61 0
54 140 0
55 56 0
55 60 0
55 140 0
56 55 0
56 57 0
57 56 0
57 58 0
58 57 0
58 59 0
59 58 0
59 60 0
60 55 0
60 59 0
61 54 0
61 62 0
61 63 0
62 61 0
63 61 0
63 64 0
64 63 0
64 66 0
64 130 0
65 130 0
66 64 0
66 67 0
66 68 0
67 66 0
68 66 0
68 69 0
69 68 0
69 77 0
69 141 0
70 71 0
70 75 0
70 141 0
71 70 0
71 72 0
72 71 0
72 73 0
73 72 0
73 74 0
74 73 0
74 75 0
75 70 0
75 74 0
76 77 0
77 69 0
77 76 0
77 78 0
78 77 0
78 79 0
79 78 0
79 80 0
79 83 0
80 79 0
80 81 0
80 82 0
81 80 0
82 80 0
83 79 0
83 84 0
83 85 0
84 83 0
85 83 0
85 86 0
86 85 0
86 87 0
86 129 0
87 86 0
87 88 0
87 89 0
88 87 0
89 87 0
89 90 0
90 89 0
90 91 0
90 96 0
91 90 0
91 92 0
91 93 0
92 91 0
93 91 0
93 94 0
93 95 0
94 93 0
95 93 0
96 90 0
96 97 0
96 98 0
97 96 0
98 96 0
98 99 0
99 98 0
99 100 0
100 99 0
100 101 0
100 102 0
101 100 0
102 100 0
102 103 0
103 102 0
103 104 0
103 108 0
104 103 0
104 105 0
105 104 0
105 106 0
105 107 0
106 105 0
107 105 0
108 103 0
108 109 0
108 110 0
109 108 0
110 108 0
110 111 0
111 110 0
111 112 0
111 114 0
112 2 0
112 111 0
112 113 0
113 112 0
114 111 0
114 115 0
114 116 0
115 114 0
116 114 0
116 117 0
117 116 0
117 120 0
117 124 0
118 13 0
119 13 0
120 117 0
120 121 0
121 120 0
121 122 0
122 121 0
122 123 0
123 122 0
123 128 0
124 117 0
124 125 0
124 126 0
125 124 0
126 124 0
127 28 0
127 131 0
128 123 0
128 136 0
129 86 0
129 134 0
130 64 0
130 65 0
130 131 0
131 127 0
131 130 0
132 1 0
132 2 0
133 24 0
133 134 0
134 129 0
134 133 0
135 33 0
136 32 0
136 128 0
137 33 0
137 138 0
138 40 0
138 137 0
138 139 0
139 37 0
139 138 0
140 54 0
140 55 0
141 69 0
141 70 0
GraphDataEnd
GraphEnd
NodeEnd
END_EPT
