BEGIN_EPT
AnchorID: 27492  # ID of the anchor node
RootIndex: 0  # Index of the root node in tree_nodes
NodeCount: 2  # Total number of nodes in the EPT
NodeStart
EPTNodeID: 0
AnchorID: 27492
TreeNodeGraphID: 0
Level: 0
SimplifiedLevel: 0
EditOperation: -1 0 -1 0 0
AccumulatedOpsCount: 0
ChildrenCount: 1
ChildIndices: 1
CompletedDBGraphIDsCount: 0
GraphStart
GraphDataStart
ID: 0
NumNodes: 86
NumEdges: 190
NodeLabels
0 2 0 2 2 2 2 2 0 0 0 0 2 2 2 2 2 2 0 0 2 2 2 2 2 2 2 2 2 2 2 2 2 2 2 2 2 2 2 2 2 2 2 0 0 2 2 2 2 2 0 2 0 0 0 2 0 0 2 0 2 2 2 2 0 0 0 2 0 2 2 2 2 0 0 0 2 0 2 2 2 2 0 0 0 2 
Edges
0 46 0
1 2 0
1 6 0
1 52 0
2 1 0
2 3 0
3 2 0
3 4 0
3 7 0
4 3 0
4 5 0
4 9 0
5 4 0
5 6 0
5 10 0
6 1 0
6 5 0
6 11 0
7 3 0
7 8 0
8 7 0
9 4 0
10 5 0
11 6 0
12 13 0
12 17 0
13 12 0
13 14 0
13 18 0
14 13 0
14 15 0
14 19 0
15 14 0
15 16 0
15 20 0
15 55 0
16 15 0
16 17 0
16 25 0
17 12 0
17 16 0
17 21 0
17 22 0
18 13 0
19 14 0
19 45 0
20 15 0
21 17 0
22 17 0
22 23 0
22 30 0
23 22 0
23 24 0
23 26 0
23 27 0
24 23 0
24 25 0
25 16 0
25 24 0
26 23 0
27 23 0
27 28 0
27 34 0
27 35 0
28 27 0
28 29 0
28 31 0
29 28 0
29 30 0
30 22 0
30 29 0
31 28 0
31 32 0
31 39 0
32 31 0
32 33 0
32 36 0
32 42 0
33 32 0
33 34 0
34 27 0
34 33 0
35 27 0
36 32 0
36 37 0
37 36 0
37 38 0
38 37 0
38 39 0
38 40 0
38 41 0
39 31 0
39 38 0
40 38 0
41 38 0
42 32 0
42 43 0
42 44 0
43 42 0
44 42 0
44 60 0
45 19 0
45 46 0
45 50 0
46 0 0
46 45 0
46 47 0
47 46 0
47 48 0
47 54 0
48 47 0
48 49 0
48 53 0
49 48 0
49 50 0
49 51 0
50 45 0
50 49 0
51 49 0
51 52 0
52 1 0
52 51 0
53 48 0
54 47 0
55 15 0
55 56 0
55 57 0
56 55 0
57 55 0
58 59 0
58 63 0
59 58 0
59 60 0
60 44 0
60 59 0
60 61 0
61 60 0
61 62 0
61 66 0
62 61 0
62 63 0
62 65 0
63 58 0
63 62 0
63 64 0
64 63 0
65 62 0
66 61 0
66 67 0
67 66 0
67 68 0
67 72 0
68 67 0
68 69 0
69 68 0
69 70 0
69 85 0
70 69 0
70 71 0
70 73 0
71 70 0
71 72 0
71 74 0
72 67 0
72 71 0
72 75 0
73 70 0
73 76 0
74 71 0
75 72 0
76 73 0
76 77 0
76 81 0
77 76 0
77 78 0
78 77 0
78 79 0
79 78 0
79 80 0
79 82 0
80 79 0
80 81 0
80 83 0
81 76 0
81 80 0
81 84 0
82 79 0
83 80 0
84 81 0
85 69 0
GraphDataEnd
GraphEnd
NodeEnd
NodeStart
EPTNodeID: 1
AnchorID: 27492
TreeNodeGraphID: 6
Level: 6
SimplifiedLevel: 0
EditOperation: 5 1 83 0 0
AccumulatedOpsCount: 6
AccumulatedOp: 4 1 52 0 0
AccumulatedOp: 4 7 8 0 0
AccumulatedOp: 1 8 0 0 0
AccumulatedOp: 4 55 57 0 0
AccumulatedOp: 1 57 0 0 0
AccumulatedOp: 5 1 83 0 0
ChildrenCount: 0
ChildIndices:
CompletedDBGraphIDsCount: 1
CompletedDBGraphID: 6888
GraphStart
GraphDataStart
ID: 6
NumNodes: 84
NumEdges: 186
NodeLabels
0 2 0 2 2 2 2 2 0 0 0 2 2 2 2 2 2 0 0 2 2 2 2 2 2 2 2 2 2 2 2 2 2 2 2 2 2 2 2 2 2 2 0 0 2 2 2 2 2 0 2 0 0 0 2 0 2 0 2 2 2 2 0 0 0 2 0 2 2 2 2 0 0 0 2 0 2 2 2 2 0 0 0 2 
Edges
0 45 0
1 2 0
1 6 0
1 81 0
2 1 0
2 3 0
3 2 0
3 4 0
3 7 0
4 3 0
4 5 0
4 8 0
5 4 0
5 6 0
5 9 0
6 1 0
6 5 0
6 10 0
7 3 0
8 4 0
9 5 0
10 6 0
11 12 0
11 16 0
12 11 0
12 13 0
12 17 0
13 12 0
13 14 0
13 18 0
14 13 0
14 15 0
14 19 0
14 54 0
15 14 0
15 16 0
15 24 0
16 11 0
16 15 0
16 20 0
16 21 0
17 12 0
18 13 0
18 44 0
19 14 0
20 16 0
21 16 0
21 22 0
21 29 0
22 21 0
22 23 0
22 25 0
22 26 0
23 22 0
23 24 0
24 15 0
24 23 0
25 22 0
26 22 0
26 27 0
26 33 0
26 34 0
27 26 0
27 28 0
27 30 0
28 27 0
28 29 0
29 21 0
29 28 0
30 27 0
30 31 0
30 38 0
31 30 0
31 32 0
31 35 0
31 41 0
32 31 0
32 33 0
33 26 0
33 32 0
34 26 0
35 31 0
35 36 0
36 35 0
36 37 0
37 36 0
37 38 0
37 39 0
37 40 0
38 30 0
38 37 0
39 37 0
40 37 0
41 31 0
41 42 0
41 43 0
42 41 0
43 41 0
43 58 0
44 18 0
44 45 0
44 49 0
45 0 0
45 44 0
45 46 0
46 45 0
46 47 0
46 53 0
47 46 0
47 48 0
47 52 0
48 47 0
48 49 0
48 50 0
49 44 0
49 48 0
50 48 0
50 51 0
51 50 0
52 47 0
53 46 0
54 14 0
54 55 0
55 54 0
56 57 0
56 61 0
57 56 0
57 58 0
58 43 0
58 57 0
58 59 0
59 58 0
59 60 0
59 64 0
60 59 0
60 61 0
60 63 0
61 56 0
61 60 0
61 62 0
62 61 0
63 60 0
64 59 0
64 65 0
65 64 0
65 66 0
65 70 0
66 65 0
66 67 0
67 66 0
67 68 0
67 83 0
68 67 0
68 69 0
68 71 0
69 68 0
69 70 0
69 72 0
70 65 0
70 69 0
70 73 0
71 68 0
71 74 0
72 69 0
73 70 0
74 71 0
74 75 0
74 79 0
75 74 0
75 76 0
76 75 0
76 77 0
77 76 0
77 78 0
77 80 0
78 77 0
78 79 0
78 81 0
79 74 0
79 78 0
79 82 0
80 77 0
81 78 0
81 1 0
82 79 0
83 67 0
GraphDataEnd
GraphEnd
NodeEnd
END_EPT
