BEGIN_EPT
AnchorID: 22582  # ID of the anchor node
RootIndex: 0  # Index of the root node in tree_nodes
NodeCount: 1  # Total number of nodes in the EPT
NodeStart
EPTNodeID: 0
AnchorID: 22582
TreeNodeGraphID: 0
Level: 0
SimplifiedLevel: 0
EditOperation: -1 0 -1 0 0
AccumulatedOpsCount: 0
ChildrenCount: 0
ChildIndices:
CompletedDBGraphIDsCount: 0
GraphStart
GraphDataStart
ID: 0
NumNodes: 75
NumEdges: 172
NodeLabels
3 2 2 2 2 0 0 2 2 2 2 2 2 2 2 2 2 2 2 2 2 2 2 2 2 2 2 2 2 2 2 2 2 2 2 3 2 2 2 2 0 0 2 2 2 2 2 2 2 2 2 2 2 2 2 2 2 2 2 2 2 2 2 2 2 2 2 2 2 2 0 2 2 2 2 
Edges
0 1 0
0 4 0
0 71 0
1 0 0
1 2 0
1 6 0
2 1 0
2 3 0
2 7 0
3 2 0
3 4 0
3 28 0
4 0 0
4 3 0
4 5 0
5 4 0
6 1 0
7 2 0
7 8 0
7 14 0
8 7 0
8 9 0
8 10 0
9 8 0
9 13 0
10 8 0
10 11 0
11 10 0
11 12 0
12 11 0
12 13 0
13 9 0
13 12 0
14 7 0
14 15 0
14 21 0
15 14 0
15 16 0
15 17 0
16 15 0
16 20 0
17 15 0
17 18 0
18 17 0
18 19 0
19 18 0
19 20 0
19 70 0
20 16 0
20 19 0
21 14 0
21 22 0
21 28 0
22 21 0
22 23 0
22 27 0
23 22 0
23 24 0
24 23 0
24 25 0
25 24 0
25 26 0
26 25 0
26 27 0
27 22 0
27 26 0
28 3 0
28 21 0
28 29 0
29 28 0
29 30 0
29 34 0
30 29 0
30 31 0
31 30 0
31 32 0
32 31 0
32 33 0
33 32 0
33 34 0
34 29 0
34 33 0
35 36 0
35 39 0
35 73 0
36 35 0
36 37 0
36 41 0
37 36 0
37 38 0
37 42 0
38 37 0
38 39 0
38 63 0
39 35 0
39 38 0
39 40 0
40 39 0
41 36 0
42 37 0
42 43 0
42 49 0
43 42 0
43 44 0
43 45 0
44 43 0
44 48 0
45 43 0
45 46 0
46 45 0
46 47 0
47 46 0
47 48 0
48 44 0
48 47 0
49 42 0
49 50 0
49 56 0
50 49 0
50 51 0
50 52 0
51 50 0
51 55 0
52 50 0
52 53 0
53 52 0
53 54 0
54 53 0
54 55 0
54 70 0
55 51 0
55 54 0
56 49 0
56 57 0
56 63 0
57 56 0
57 58 0
57 62 0
58 57 0
58 59 0
59 58 0
59 60 0
60 59 0
60 61 0
61 60 0
61 62 0
62 57 0
62 61 0
63 38 0
63 56 0
63 64 0
64 63 0
64 65 0
64 69 0
65 64 0
65 66 0
66 65 0
66 67 0
67 66 0
67 68 0
68 67 0
68 69 0
69 64 0
69 68 0
70 19 0
70 54 0
71 0 0
71 72 0
72 71 0
73 35 0
73 74 0
74 73 0
GraphDataEnd
GraphEnd
NodeEnd
END_EPT
