BEGIN_EPT
AnchorID: 23759  # ID of the anchor node
RootIndex: 0  # Index of the root node in tree_nodes
NodeCount: 1  # Total number of nodes in the EPT
NodeStart
EPTNodeID: 0
AnchorID: 23759
TreeNodeGraphID: 0
Level: 0
SimplifiedLevel: 0
EditOperation: -1 0 -1 0 0
AccumulatedOpsCount: 0
ChildrenCount: 0
ChildIndices:
CompletedDBGraphIDsCount: 0
GraphStart
GraphDataStart
ID: 0
NumNodes: 72
NumEdges: 168
NodeLabels
11 3 3 3 3 11 11 2 3 2 3 3 3 3 3 3 3 2 2 2 2 11 2 3 2 3 11 2 3 2 3 3 3 3 2 2 2 2 3 3 3 2 2 2 2 11 2 3 3 2 3 2 3 2 3 3 2 2 2 2 2 2 2 2 2 3 2 3 2 2 2 2 
Edges
0 1 0
0 2 0
0 3 0
0 4 0
1 0 0
1 5 0
2 0 0
2 6 0
3 0 0
3 7 0
3 8 0
4 0 0
4 9 0
4 10 0
5 1 0
5 11 0
5 12 0
5 13 0
6 2 0
6 14 0
6 15 0
6 16 0
7 3 0
7 17 0
8 3 0
8 18 0
9 4 0
9 19 0
10 4 0
10 20 0
11 5 0
11 21 0
12 5 0
12 22 0
12 23 0
13 5 0
13 24 0
13 25 0
14 6 0
14 26 0
15 6 0
15 27 0
15 28 0
16 6 0
16 29 0
16 30 0
17 7 0
17 18 0
18 8 0
18 17 0
19 9 0
19 20 0
20 10 0
20 19 0
21 11 0
21 31 0
21 32 0
21 33 0
22 12 0
22 34 0
23 12 0
23 35 0
24 13 0
24 36 0
25 13 0
25 37 0
26 14 0
26 38 0
26 39 0
26 40 0
27 15 0
27 41 0
28 15 0
28 42 0
29 16 0
29 43 0
30 16 0
30 44 0
31 21 0
31 45 0
32 21 0
32 46 0
32 47 0
33 21 0
33 48 0
33 49 0
34 22 0
34 35 0
35 23 0
35 34 0
36 24 0
36 37 0
37 25 0
37 36 0
38 26 0
38 45 0
39 26 0
39 50 0
39 51 0
40 26 0
40 52 0
40 53 0
41 27 0
41 42 0
42 28 0
42 41 0
43 29 0
43 44 0
44 30 0
44 43 0
45 31 0
45 38 0
45 54 0
45 55 0
46 32 0
46 56 0
47 32 0
47 57 0
48 33 0
48 58 0
49 33 0
49 59 0
50 39 0
50 60 0
51 39 0
51 61 0
52 40 0
52 62 0
53 40 0
53 63 0
54 45 0
54 64 0
54 65 0
55 45 0
55 66 0
55 67 0
56 46 0
56 57 0
57 47 0
57 56 0
58 48 0
58 59 0
59 49 0
59 58 0
60 50 0
60 61 0
61 51 0
61 60 0
62 52 0
62 63 0
63 53 0
63 62 0
64 54 0
64 68 0
65 54 0
65 69 0
66 55 0
66 70 0
67 55 0
67 71 0
68 64 0
68 69 0
69 65 0
69 68 0
70 66 0
70 71 0
71 67 0
71 70 0
GraphDataEnd
GraphEnd
NodeEnd
END_EPT
