BEGIN_EPT
AnchorID: 13121  # ID of the anchor node
RootIndex: 0  # Index of the root node in tree_nodes
NodeCount: 1  # Total number of nodes in the EPT
NodeStart
EPTNodeID: 0
AnchorID: 13121
TreeNodeGraphID: 0
Level: 0
SimplifiedLevel: 0
EditOperation: -1 0 -1 0 0
AccumulatedOpsCount: 0
ChildrenCount: 0
ChildIndices:
CompletedDBGraphIDsCount: 0
GraphStart
GraphDataStart
ID: 0
NumNodes: 74
NumEdges: 162
NodeLabels
2 2 2 2 2 2 2 3 2 2 2 2 2 2 2 2 2 2 2 2 2 2 2 2 2 2 2 2 2 2 2 2 2 2 2 2 2 3 2 2 0 2 0 2 2 0 2 2 2 0 2 0 2 0 2 0 2 0 2 0 0 0 2 2 2 0 2 2 0 2 0 2 2 2 
Edges
0 1 0
0 5 0
0 53 0
1 0 0
1 2 0
2 1 0
2 3 0
2 49 0
3 2 0
3 4 0
3 6 0
4 3 0
4 5 0
4 9 0
5 0 0
5 4 0
5 10 0
6 3 0
6 7 0
6 48 0
7 6 0
7 8 0
7 44 0
8 7 0
8 9 0
8 47 0
9 4 0
9 8 0
10 5 0
10 11 0
10 15 0
11 10 0
11 12 0
11 16 0
12 11 0
12 13 0
12 19 0
13 12 0
13 14 0
13 59 0
14 13 0
14 15 0
14 20 0
15 10 0
15 14 0
16 11 0
16 17 0
17 16 0
17 18 0
17 73 0
18 17 0
18 19 0
19 12 0
19 18 0
19 57 0
20 14 0
20 21 0
20 25 0
21 20 0
21 22 0
22 21 0
22 23 0
22 30 0
23 22 0
23 24 0
23 26 0
24 23 0
24 25 0
24 29 0
25 20 0
25 24 0
25 60 0
26 23 0
26 27 0
27 26 0
27 28 0
27 63 0
28 27 0
28 29 0
29 24 0
29 28 0
29 61 0
30 22 0
30 31 0
30 35 0
31 30 0
31 32 0
31 40 0
32 31 0
32 33 0
33 32 0
33 34 0
33 68 0
34 33 0
34 35 0
34 36 0
35 30 0
35 34 0
35 39 0
36 34 0
36 37 0
36 67 0
37 36 0
37 38 0
37 64 0
38 37 0
38 39 0
38 72 0
39 35 0
39 38 0
40 31 0
40 41 0
41 40 0
41 42 0
41 43 0
42 41 0
43 41 0
44 7 0
44 45 0
44 46 0
45 44 0
46 44 0
47 8 0
48 6 0
49 2 0
49 50 0
50 49 0
50 51 0
50 52 0
51 50 0
52 50 0
53 0 0
53 54 0
54 53 0
54 55 0
54 56 0
55 54 0
56 54 0
57 19 0
57 58 0
58 57 0
59 13 0
60 25 0
61 29 0
61 62 0
62 61 0
63 27 0
64 37 0
64 65 0
64 66 0
65 64 0
66 64 0
67 36 0
68 33 0
68 69 0
69 68 0
69 70 0
69 71 0
70 69 0
71 69 0
72 38 0
73 17 0
GraphDataEnd
GraphEnd
NodeEnd
END_EPT
