BEGIN_EPT
AnchorID: 24381  # ID of the anchor node
RootIndex: 0  # Index of the root node in tree_nodes
NodeCount: 1  # Total number of nodes in the EPT
NodeStart
EPTNodeID: 0
AnchorID: 24381
TreeNodeGraphID: 0
Level: 0
SimplifiedLevel: 0
EditOperation: -1 0 -1 0 0
AccumulatedOpsCount: 0
ChildrenCount: 0
ChildIndices:
CompletedDBGraphIDsCount: 0
GraphStart
GraphDataStart
ID: 0
NumNodes: 70
NumEdges: 156
NodeLabels
2 2 2 2 2 2 2 0 0 2 2 2 2 2 2 2 2 0 0 2 2 2 2 2 2 2 2 0 0 2 2 2 2 2 2 2 2 0 0 2 2 2 2 2 2 2 2 2 1 2 1 2 2 2 1 2 1 2 2 2 1 2 1 2 2 2 2 1 2 1 
Edges
0 1 0
0 2 0
0 6 0
1 0 0
1 5 0
1 16 0
2 0 0
2 3 0
3 2 0
3 4 0
3 26 0
4 3 0
4 5 0
4 36 0
5 1 0
5 4 0
6 0 0
6 7 0
6 8 0
7 6 0
8 6 0
8 9 0
9 8 0
9 12 0
10 11 0
10 12 0
11 10 0
11 15 0
12 9 0
12 10 0
12 13 0
13 12 0
13 14 0
13 46 0
14 13 0
14 15 0
15 11 0
15 14 0
16 1 0
16 17 0
16 18 0
17 16 0
18 16 0
18 19 0
19 18 0
19 22 0
20 21 0
20 22 0
21 20 0
21 25 0
22 19 0
22 20 0
22 23 0
23 22 0
23 24 0
23 64 0
24 23 0
24 25 0
25 21 0
25 24 0
26 3 0
26 27 0
26 28 0
27 26 0
28 26 0
28 29 0
29 28 0
29 30 0
30 29 0
30 31 0
30 32 0
31 30 0
31 35 0
31 52 0
32 30 0
32 33 0
33 32 0
33 34 0
34 33 0
34 35 0
35 31 0
35 34 0
36 4 0
36 37 0
36 38 0
37 36 0
38 36 0
38 39 0
39 38 0
39 40 0
40 39 0
40 41 0
40 42 0
41 40 0
41 45 0
41 58 0
42 40 0
42 43 0
43 42 0
43 44 0
44 43 0
44 45 0
45 41 0
45 44 0
46 13 0
46 47 0
46 51 0
47 46 0
47 48 0
48 47 0
48 49 0
49 48 0
49 50 0
50 49 0
50 51 0
51 46 0
51 50 0
52 31 0
52 53 0
52 57 0
53 52 0
53 54 0
54 53 0
54 55 0
55 54 0
55 56 0
56 55 0
56 57 0
57 52 0
57 56 0
58 41 0
58 59 0
58 63 0
59 58 0
59 60 0
60 59 0
60 61 0
61 60 0
61 62 0
62 61 0
62 63 0
63 58 0
63 62 0
64 23 0
64 65 0
64 66 0
65 64 0
65 69 0
66 64 0
66 67 0
67 66 0
67 68 0
68 67 0
68 69 0
69 65 0
69 68 0
GraphDataEnd
GraphEnd
NodeEnd
END_EPT
