BEGIN_EPT
AnchorID: 17496  # ID of the anchor node
RootIndex: 0  # Index of the root node in tree_nodes
NodeCount: 1  # Total number of nodes in the EPT
NodeStart
EPTNodeID: 0
AnchorID: 17496
TreeNodeGraphID: 0
Level: 0
SimplifiedLevel: 0
EditOperation: -1 0 -1 0 0
AccumulatedOpsCount: 0
ChildrenCount: 0
ChildIndices:
CompletedDBGraphIDsCount: 0
GraphStart
GraphDataStart
ID: 0
NumNodes: 71
NumEdges: 150
NodeLabels
0 0 0 0 0 0 0 0 0 0 0 0 2 2 2 2 2 2 2 2 2 2 2 2 2 2 2 2 2 2 2 2 2 2 2 2 2 2 2 2 2 2 2 2 2 2 2 2 2 2 2 2 0 2 2 0 2 2 0 0 0 0 0 0 0 2 2 2 2 2 2 
Edges
0 40 0
0 54 0
1 22 0
2 42 0
2 46 0
3 22 0
3 34 0
4 39 0
4 42 0
5 37 0
5 41 0
6 38 0
6 57 0
7 33 0
7 36 0
8 35 0
8 37 0
9 28 0
9 31 0
10 30 0
10 36 0
11 12 0
11 31 0
12 11 0
12 13 0
12 26 0
13 12 0
13 14 0
14 13 0
14 15 0
15 14 0
15 16 0
16 15 0
16 17 0
17 16 0
17 18 0
18 17 0
18 19 0
19 18 0
19 20 0
20 19 0
20 21 0
21 20 0
21 22 0
22 1 0
22 3 0
22 21 0
23 24 0
23 47 0
24 23 0
24 25 0
25 24 0
25 26 0
26 12 0
26 25 0
27 28 0
27 29 0
27 59 0
28 9 0
28 27 0
28 50 0
29 27 0
29 30 0
29 60 0
30 10 0
30 29 0
30 31 0
31 9 0
31 11 0
31 30 0
32 33 0
32 34 0
32 61 0
33 7 0
33 32 0
33 51 0
34 3 0
34 32 0
34 35 0
35 8 0
35 34 0
35 36 0
36 7 0
36 10 0
36 35 0
37 5 0
37 8 0
37 38 0
38 6 0
38 37 0
38 39 0
39 4 0
39 38 0
39 40 0
40 0 0
40 39 0
40 41 0
41 5 0
41 40 0
41 49 0
42 2 0
42 4 0
42 43 0
43 42 0
43 44 0
43 62 0
44 43 0
44 45 0
44 63 0
45 44 0
45 46 0
45 64 0
46 2 0
46 45 0
46 48 0
47 23 0
48 46 0
49 41 0
50 28 0
51 33 0
51 52 0
52 51 0
53 54 0
53 68 0
53 70 0
54 0 0
54 53 0
54 55 0
55 54 0
56 57 0
56 65 0
56 66 0
57 6 0
57 56 0
57 58 0
58 57 0
59 27 0
60 29 0
61 32 0
62 43 0
63 44 0
64 45 0
65 56 0
66 56 0
66 67 0
67 66 0
68 53 0
68 69 0
69 68 0
70 53 0
GraphDataEnd
GraphEnd
NodeEnd
END_EPT
