BEGIN_EPT
AnchorID: 19967  # ID of the anchor node
RootIndex: 0  # Index of the root node in tree_nodes
NodeCount: 1  # Total number of nodes in the EPT
NodeStart
EPTNodeID: 0
AnchorID: 19967
TreeNodeGraphID: 0
Level: 0
SimplifiedLevel: 0
EditOperation: -1 0 -1 0 0
AccumulatedOpsCount: 0
ChildrenCount: 0
ChildIndices:
CompletedDBGraphIDsCount: 0
GraphStart
GraphDataStart
ID: 0
NumNodes: 97
NumEdges: 212
NodeLabels
2 2 2 2 2 2 2 2 2 2 2 2 2 2 2 2 2 2 2 2 2 2 2 2 2 2 2 2 2 2 2 2 2 2 2 2 2 4 2 0 0 2 2 2 2 2 2 2 2 0 0 2 0 2 2 2 2 2 2 2 2 0 0 2 2 2 2 2 2 2 4 0 2 2 2 2 2 2 2 2 0 0 2 2 0 0 2 2 2 2 2 2 2 2 0 0 2 
Edges
0 1 0
0 5 0
1 0 0
1 2 0
1 25 0
2 1 0
2 3 0
3 2 0
3 4 0
3 6 0
4 3 0
4 5 0
4 9 0
4 29 0
5 0 0
5 4 0
6 3 0
6 7 0
7 6 0
7 8 0
8 7 0
8 9 0
8 10 0
9 4 0
9 8 0
9 13 0
10 8 0
10 11 0
10 14 0
11 10 0
11 12 0
11 20 0
11 30 0
12 11 0
12 13 0
13 9 0
13 12 0
14 10 0
14 15 0
15 14 0
15 20 0
16 17 0
16 19 0
16 20 0
17 16 0
17 18 0
18 17 0
18 21 0
19 16 0
20 11 0
20 15 0
20 16 0
21 18 0
21 22 0
22 21 0
22 23 0
22 24 0
23 22 0
24 22 0
25 1 0
25 26 0
26 25 0
26 27 0
27 26 0
27 28 0
28 27 0
28 31 0
28 64 0
29 4 0
30 11 0
31 28 0
31 32 0
31 36 0
32 31 0
32 33 0
33 32 0
33 34 0
33 37 0
34 33 0
34 35 0
34 52 0
35 34 0
35 36 0
35 38 0
36 31 0
36 35 0
37 33 0
38 35 0
38 39 0
38 40 0
39 38 0
39 41 0
40 38 0
41 39 0
41 42 0
42 41 0
42 43 0
42 47 0
43 42 0
43 44 0
44 43 0
44 45 0
45 44 0
45 46 0
46 45 0
46 47 0
47 42 0
47 46 0
47 48 0
48 47 0
48 49 0
48 50 0
49 48 0
50 48 0
50 51 0
51 50 0
52 34 0
52 53 0
53 52 0
53 54 0
54 53 0
54 55 0
54 59 0
55 54 0
55 56 0
55 60 0
56 55 0
56 57 0
57 56 0
57 58 0
58 57 0
58 59 0
59 54 0
59 58 0
60 55 0
60 61 0
60 62 0
61 60 0
62 60 0
62 63 0
63 62 0
64 28 0
64 65 0
64 69 0
65 64 0
65 66 0
66 65 0
66 67 0
66 70 0
67 66 0
67 68 0
67 71 0
68 67 0
68 69 0
68 83 0
69 64 0
69 68 0
70 66 0
71 67 0
71 72 0
72 71 0
72 73 0
73 72 0
73 74 0
73 78 0
74 73 0
74 75 0
74 79 0
75 74 0
75 76 0
76 75 0
76 77 0
77 76 0
77 78 0
78 73 0
78 77 0
79 74 0
79 80 0
79 81 0
80 79 0
81 79 0
81 82 0
82 81 0
83 68 0
83 84 0
83 85 0
84 83 0
84 86 0
85 83 0
86 84 0
86 87 0
87 86 0
87 88 0
87 92 0
88 87 0
88 89 0
88 93 0
89 88 0
89 90 0
90 89 0
90 91 0
91 90 0
91 92 0
92 87 0
92 91 0
93 88 0
93 94 0
93 95 0
94 93 0
95 93 0
95 96 0
96 95 0
GraphDataEnd
GraphEnd
NodeEnd
END_EPT
