BEGIN_EPT
AnchorID: 12340  # ID of the anchor node
RootIndex: 0  # Index of the root node in tree_nodes
NodeCount: 1  # Total number of nodes in the EPT
NodeStart
EPTNodeID: 0
AnchorID: 12340
TreeNodeGraphID: 0
Level: 0
SimplifiedLevel: 0
EditOperation: -1 0 -1 0 0
AccumulatedOpsCount: 0
ChildrenCount: 0
ChildIndices:
CompletedDBGraphIDsCount: 0
GraphStart
GraphDataStart
ID: 0
NumNodes: 85
NumEdges: 186
NodeLabels
2 2 11 11 17 2 2 2 2 2 2 2 2 2 2 2 2 2 2 2 2 2 2 2 2 2 2 2 2 2 11 2 11 2 2 2 2 2 2 2 2 2 2 2 2 2 2 2 2 2 2 2 2 2 2 2 2 2 11 2 11 2 2 2 2 2 2 2 2 2 2 2 2 2 2 2 2 2 2 2 2 2 2 2 2 
Edges
0 1 0
0 2 0
1 0 0
1 3 0
2 0 0
2 9 0
2 15 0
3 1 0
3 21 0
3 27 0
5 6 0
5 10 0
6 5 0
6 7 0
7 6 0
7 8 0
8 7 0
8 9 0
9 2 0
9 8 0
9 10 0
10 5 0
10 9 0
11 12 0
11 16 0
12 11 0
12 13 0
13 12 0
13 14 0
14 13 0
14 15 0
15 2 0
15 14 0
15 16 0
16 11 0
16 15 0
17 18 0
17 22 0
18 17 0
18 19 0
19 18 0
19 20 0
20 19 0
20 21 0
21 3 0
21 20 0
21 22 0
22 17 0
22 21 0
23 24 0
23 28 0
24 23 0
24 25 0
25 24 0
25 26 0
26 25 0
26 27 0
27 3 0
27 26 0
27 28 0
28 23 0
28 27 0
29 31 0
29 32 0
30 31 0
30 37 0
30 55 0
31 29 0
31 30 0
32 29 0
32 39 0
32 45 0
33 34 0
33 38 0
34 33 0
34 35 0
35 34 0
35 36 0
36 35 0
36 37 0
37 30 0
37 36 0
37 38 0
38 33 0
38 37 0
39 32 0
39 40 0
39 44 0
40 39 0
40 41 0
41 40 0
41 42 0
42 41 0
42 43 0
43 42 0
43 44 0
44 39 0
44 43 0
45 32 0
45 46 0
45 50 0
46 45 0
46 47 0
47 46 0
47 48 0
48 47 0
48 49 0
49 48 0
49 50 0
50 45 0
50 49 0
51 52 0
51 56 0
52 51 0
52 53 0
53 52 0
53 54 0
54 53 0
54 55 0
55 30 0
55 54 0
55 56 0
56 51 0
56 55 0
57 59 0
57 60 0
58 59 0
58 65 0
58 83 0
59 57 0
59 58 0
60 57 0
60 67 0
60 73 0
61 62 0
61 66 0
62 61 0
62 63 0
63 62 0
63 64 0
64 63 0
64 65 0
65 58 0
65 64 0
65 66 0
66 61 0
66 65 0
67 60 0
67 68 0
67 72 0
68 67 0
68 69 0
69 68 0
69 70 0
70 69 0
70 71 0
71 70 0
71 72 0
72 67 0
72 71 0
73 60 0
73 74 0
73 78 0
74 73 0
74 75 0
75 74 0
75 76 0
76 75 0
76 77 0
77 76 0
77 78 0
78 73 0
78 77 0
79 80 0
79 84 0
80 79 0
80 81 0
81 80 0
81 82 0
82 81 0
82 83 0
83 58 0
83 82 0
83 84 0
84 79 0
84 83 0
GraphDataEnd
GraphEnd
NodeEnd
END_EPT
