BEGIN_EPT
AnchorID: 25147  # ID of the anchor node
RootIndex: 0  # Index of the root node in tree_nodes
NodeCount: 1  # Total number of nodes in the EPT
NodeStart
EPTNodeID: 0
AnchorID: 25147
TreeNodeGraphID: 0
Level: 0
SimplifiedLevel: 0
EditOperation: -1 0 -1 0 0
AccumulatedOpsCount: 0
ChildrenCount: 0
ChildIndices:
CompletedDBGraphIDsCount: 0
GraphStart
GraphDataStart
ID: 0
NumNodes: 70
NumEdges: 142
NodeLabels
30 11 2 2 2 2 11 2 2 2 2 2 2 2 2 2 2 2 2 2 0 0 2 0 0 2 2 2 2 0 0 2 2 2 2 2 2 2 2 2 2 2 2 2 2 2 2 2 2 2 0 0 2 2 2 2 2 2 2 3 3 2 2 2 2 6 12 12 12 12 
Edges
0 59 0
0 60 0
1 25 0
1 32 0
1 43 0
2 4 0
2 28 0
3 5 0
3 49 0
4 2 0
4 5 0
4 19 0
5 3 0
5 4 0
5 22 0
6 7 0
6 13 0
6 53 0
7 6 0
7 8 0
7 12 0
8 7 0
8 9 0
9 8 0
9 10 0
10 9 0
10 11 0
11 10 0
11 12 0
12 7 0
12 11 0
13 6 0
13 14 0
13 18 0
14 13 0
14 15 0
15 14 0
15 16 0
16 15 0
16 17 0
17 16 0
17 18 0
18 13 0
18 17 0
19 4 0
19 20 0
19 21 0
20 19 0
21 19 0
21 26 0
22 5 0
22 23 0
22 24 0
23 22 0
24 22 0
24 27 0
25 1 0
25 38 0
25 42 0
26 21 0
27 24 0
28 2 0
28 29 0
28 30 0
29 28 0
30 28 0
30 31 0
31 30 0
32 1 0
32 33 0
32 37 0
33 32 0
33 34 0
34 33 0
34 35 0
35 34 0
35 36 0
36 35 0
36 37 0
37 32 0
37 36 0
38 25 0
38 39 0
39 38 0
39 40 0
40 39 0
40 41 0
41 40 0
41 42 0
42 25 0
42 41 0
43 1 0
43 44 0
43 48 0
44 43 0
44 45 0
45 44 0
45 46 0
46 45 0
46 47 0
47 46 0
47 48 0
48 43 0
48 47 0
49 3 0
49 50 0
49 51 0
50 49 0
51 49 0
51 52 0
52 51 0
53 6 0
53 54 0
53 58 0
54 53 0
54 55 0
55 54 0
55 56 0
56 55 0
56 57 0
57 56 0
57 58 0
58 53 0
58 57 0
59 0 0
59 61 0
60 0 0
60 62 0
61 59 0
61 63 0
62 60 0
62 64 0
63 61 0
64 62 0
65 66 0
65 67 0
65 68 0
65 69 0
66 65 0
67 65 0
68 65 0
69 65 0
GraphDataEnd
GraphEnd
NodeEnd
END_EPT
