BEGIN_EPT
AnchorID: 5201  # ID of the anchor node
RootIndex: 0  # Index of the root node in tree_nodes
NodeCount: 1  # Total number of nodes in the EPT
NodeStart
EPTNodeID: 0
AnchorID: 5201
TreeNodeGraphID: 0
Level: 0
SimplifiedLevel: 0
EditOperation: -1 0 -1 0 0
AccumulatedOpsCount: 0
ChildrenCount: 0
ChildIndices:
CompletedDBGraphIDsCount: 0
GraphStart
GraphDataStart
ID: 0
NumNodes: 104
NumEdges: 228
NodeLabels
3 2 2 2 2 2 2 2 2 2 2 2 2 2 2 2 2 2 2 2 2 2 3 2 0 0 2 2 0 0 2 3 2 0 0 2 2 2 2 2 2 2 2 0 0 2 2 2 2 2 2 2 3 2 2 2 2 2 2 2 2 2 2 2 2 2 2 2 2 2 2 2 2 2 3 2 0 0 2 2 0 0 2 3 2 0 0 2 2 2 2 2 2 2 2 0 0 2 2 2 2 2 2 2 
Edges
0 1 0
0 31 0
0 42 0
1 0 0
1 2 0
1 27 0
2 1 0
2 22 0
2 23 0
3 5 0
3 14 0
3 16 0
3 22 0
4 5 0
4 9 0
5 3 0
5 4 0
5 6 0
6 5 0
6 7 0
6 13 0
7 6 0
7 8 0
8 7 0
8 9 0
9 4 0
9 8 0
10 11 0
10 15 0
11 10 0
11 12 0
12 11 0
12 13 0
13 6 0
13 12 0
13 14 0
14 3 0
14 13 0
14 15 0
15 10 0
15 14 0
16 3 0
16 17 0
16 21 0
17 16 0
17 18 0
18 17 0
18 19 0
19 18 0
19 20 0
20 19 0
20 21 0
21 16 0
21 20 0
22 2 0
22 3 0
23 2 0
23 24 0
23 25 0
24 23 0
25 23 0
25 26 0
26 25 0
27 1 0
27 28 0
27 29 0
28 27 0
29 27 0
29 30 0
30 29 0
31 0 0
31 32 0
32 31 0
32 33 0
32 34 0
33 32 0
34 32 0
34 35 0
35 34 0
35 36 0
36 35 0
36 37 0
36 41 0
37 36 0
37 38 0
38 37 0
38 39 0
39 38 0
39 40 0
40 39 0
40 41 0
41 36 0
41 40 0
42 0 0
42 43 0
42 44 0
43 42 0
44 42 0
44 45 0
45 44 0
45 46 0
46 45 0
46 47 0
46 51 0
47 46 0
47 48 0
48 47 0
48 49 0
49 48 0
49 50 0
50 49 0
50 51 0
51 46 0
51 50 0
52 53 0
52 83 0
52 94 0
53 52 0
53 54 0
53 79 0
54 53 0
54 74 0
54 75 0
55 57 0
55 66 0
55 68 0
55 74 0
56 57 0
56 61 0
57 55 0
57 56 0
57 58 0
58 57 0
58 59 0
58 65 0
59 58 0
59 60 0
60 59 0
60 61 0
61 56 0
61 60 0
62 63 0
62 67 0
63 62 0
63 64 0
64 63 0
64 65 0
65 58 0
65 64 0
65 66 0
66 55 0
66 65 0
66 67 0
67 62 0
67 66 0
68 55 0
68 69 0
68 73 0
69 68 0
69 70 0
70 69 0
70 71 0
71 70 0
71 72 0
72 71 0
72 73 0
73 68 0
73 72 0
74 54 0
74 55 0
75 54 0
75 76 0
75 77 0
76 75 0
77 75 0
77 78 0
78 77 0
79 53 0
79 80 0
79 81 0
80 79 0
81 79 0
81 82 0
82 81 0
83 52 0
83 84 0
84 83 0
84 85 0
84 86 0
85 84 0
86 84 0
86 87 0
87 86 0
87 88 0
88 87 0
88 89 0
88 93 0
89 88 0
89 90 0
90 89 0
90 91 0
91 90 0
91 92 0
92 91 0
92 93 0
93 88 0
93 92 0
94 52 0
94 95 0
94 96 0
95 94 0
96 94 0
96 97 0
97 96 0
97 98 0
98 97 0
98 99 0
98 103 0
99 98 0
99 100 0
100 99 0
100 101 0
101 100 0
101 102 0
102 101 0
102 103 0
103 98 0
103 102 0
GraphDataEnd
GraphEnd
NodeEnd
END_EPT
