BEGIN_EPT
AnchorID: 23809  # ID of the anchor node
RootIndex: 0  # Index of the root node in tree_nodes
NodeCount: 1  # Total number of nodes in the EPT
NodeStart
EPTNodeID: 0
AnchorID: 23809
TreeNodeGraphID: 0
Level: 0
SimplifiedLevel: 0
EditOperation: -1 0 -1 0 0
AccumulatedOpsCount: 0
ChildrenCount: 0
ChildIndices:
CompletedDBGraphIDsCount: 0
GraphStart
GraphDataStart
ID: 0
NumNodes: 149
NumEdges: 312
NodeLabels
2 2 0 2 2 0 2 2 0 2 3 2 0 2 2 0 2 2 0 2 2 0 2 2 0 2 0 2 2 0 2 2 0 2 2 0 2 2 0 2 2 0 2 2 0 2 2 0 2 2 0 2 2 3 3 3 3 3 3 3 3 2 0 2 2 1 2 0 2 2 2 2 2 2 2 2 3 2 2 2 2 0 2 2 2 2 2 2 2 2 3 2 2 2 3 3 2 0 2 2 2 2 2 2 2 2 3 2 2 3 2 2 2 2 2 3 3 3 2 0 2 2 2 2 3 2 2 2 2 2 0 3 2 2 2 2 0 3 3 3 3 3 3 3 3 3 3 2 2 
Edges
0 1 0
0 2 0
0 59 0
1 0 0
1 60 0
1 64 0
2 0 0
3 4 0
3 5 0
3 58 0
4 3 0
4 59 0
4 135 0
5 3 0
6 7 0
6 8 0
6 57 0
7 6 0
7 58 0
7 66 0
8 6 0
9 10 0
9 11 0
9 12 0
10 9 0
10 14 0
10 79 0
11 9 0
11 57 0
11 125 0
12 9 0
13 14 0
13 15 0
13 56 0
14 10 0
14 13 0
14 77 0
15 13 0
16 17 0
16 18 0
16 55 0
17 16 0
17 56 0
17 80 0
18 16 0
19 20 0
19 21 0
19 54 0
20 19 0
20 55 0
20 126 0
21 19 0
22 23 0
22 24 0
22 53 0
23 22 0
23 54 0
23 127 0
24 22 0
25 26 0
25 52 0
25 137 0
26 25 0
27 28 0
27 29 0
27 138 0
28 27 0
28 128 0
28 137 0
29 27 0
30 31 0
30 32 0
30 139 0
31 30 0
31 138 0
32 30 0
33 34 0
33 35 0
33 140 0
34 33 0
34 139 0
35 33 0
36 37 0
36 38 0
36 141 0
37 36 0
37 140 0
37 147 0
38 36 0
39 40 0
39 41 0
39 142 0
40 39 0
40 107 0
40 141 0
41 39 0
42 43 0
42 44 0
42 143 0
43 42 0
43 110 0
43 142 0
44 42 0
45 46 0
45 47 0
45 144 0
46 45 0
46 143 0
46 148 0
47 45 0
48 49 0
48 50 0
48 145 0
49 48 0
49 132 0
49 144 0
50 48 0
51 118 0
51 120 0
51 145 0
52 25 0
52 53 0
52 96 0
53 22 0
53 52 0
54 19 0
54 23 0
55 16 0
55 20 0
56 13 0
56 17 0
57 6 0
57 11 0
58 3 0
58 7 0
59 0 0
59 4 0
60 1 0
60 61 0
61 60 0
61 62 0
61 63 0
62 61 0
63 61 0
64 1 0
64 65 0
65 64 0
66 7 0
66 67 0
67 66 0
68 69 0
68 71 0
68 125 0
69 68 0
69 76 0
70 71 0
70 72 0
70 76 0
71 68 0
71 70 0
71 75 0
72 70 0
72 73 0
73 72 0
73 74 0
74 73 0
74 75 0
75 71 0
75 74 0
76 69 0
76 70 0
77 14 0
77 78 0
78 77 0
78 79 0
79 10 0
79 78 0
80 17 0
80 81 0
81 80 0
82 83 0
82 85 0
82 126 0
83 82 0
83 90 0
84 85 0
84 86 0
84 90 0
85 82 0
85 84 0
85 89 0
86 84 0
86 87 0
87 86 0
87 88 0
88 87 0
88 89 0
89 85 0
89 88 0
90 83 0
90 84 0
91 92 0
91 94 0
91 127 0
92 91 0
92 95 0
93 94 0
93 95 0
94 91 0
94 93 0
95 92 0
95 93 0
96 52 0
96 97 0
97 96 0
98 99 0
98 101 0
98 128 0
99 98 0
99 106 0
100 101 0
100 102 0
100 106 0
101 98 0
101 100 0
101 105 0
102 100 0
102 103 0
103 102 0
103 104 0
104 103 0
104 105 0
105 101 0
105 104 0
106 99 0
106 100 0
107 40 0
107 108 0
108 107 0
108 129 0
109 113 0
110 43 0
110 111 0
111 110 0
111 112 0
112 111 0
112 113 0
113 109 0
113 112 0
114 115 0
114 116 0
114 117 0
115 114 0
116 114 0
116 134 0
117 114 0
118 51 0
118 119 0
118 124 0
119 118 0
120 51 0
120 121 0
121 120 0
121 122 0
122 121 0
122 123 0
123 122 0
123 146 0
124 118 0
125 11 0
125 68 0
126 20 0
126 82 0
127 23 0
127 91 0
128 28 0
128 98 0
129 108 0
129 130 0
129 131 0
130 129 0
131 129 0
132 49 0
132 133 0
133 132 0
133 134 0
134 116 0
134 133 0
135 4 0
135 136 0
136 135 0
137 25 0
137 28 0
138 27 0
138 31 0
139 30 0
139 34 0
140 33 0
140 37 0
141 36 0
141 40 0
142 39 0
142 43 0
143 42 0
143 46 0
144 45 0
144 49 0
145 48 0
145 51 0
146 123 0
147 37 0
148 46 0
GraphDataEnd
GraphEnd
NodeEnd
END_EPT
