BEGIN_EPT
AnchorID: 38729  # ID of the anchor node
RootIndex: 0  # Index of the root node in tree_nodes
NodeCount: 1  # Total number of nodes in the EPT
NodeStart
EPTNodeID: 0
AnchorID: 38729
TreeNodeGraphID: 0
Level: 0
SimplifiedLevel: 0
EditOperation: -1 0 -1 0 0
AccumulatedOpsCount: 0
ChildrenCount: 0
ChildIndices:
CompletedDBGraphIDsCount: 0
GraphStart
GraphDataStart
ID: 0
NumNodes: 66
NumEdges: 146
NodeLabels
2 2 2 2 2 2 2 2 0 2 2 2 2 0 2 0 2 2 3 2 2 2 2 2 2 0 2 2 2 2 2 2 2 2 2 2 2 3 2 2 3 0 3 2 2 0 2 2 2 2 2 2 2 2 2 2 2 2 3 3 2 2 2 2 2 2 
Edges
0 1 0
0 2 0
0 3 0
1 0 0
2 0 0
3 0 0
3 4 0
3 5 0
4 3 0
4 6 0
4 7 0
5 3 0
5 8 0
5 9 0
6 4 0
6 10 0
6 11 0
7 4 0
7 12 0
8 5 0
9 5 0
9 10 0
9 13 0
10 6 0
10 9 0
10 14 0
11 6 0
11 15 0
11 16 0
12 7 0
12 16 0
12 17 0
13 9 0
14 10 0
14 18 0
15 11 0
16 11 0
16 12 0
16 19 0
17 12 0
18 14 0
18 20 0
19 16 0
19 21 0
19 22 0
20 18 0
20 23 0
20 24 0
21 19 0
21 25 0
21 26 0
22 19 0
22 27 0
22 28 0
23 20 0
23 29 0
24 20 0
24 30 0
25 21 0
26 21 0
26 31 0
26 32 0
27 22 0
28 22 0
28 31 0
29 23 0
29 33 0
30 24 0
30 33 0
31 26 0
31 28 0
31 34 0
32 26 0
32 35 0
32 36 0
33 29 0
33 30 0
33 37 0
34 31 0
34 38 0
34 39 0
35 32 0
35 40 0
36 32 0
36 39 0
36 41 0
37 33 0
37 42 0
38 34 0
38 43 0
38 44 0
39 34 0
39 36 0
39 45 0
40 35 0
40 46 0
41 36 0
42 37 0
42 47 0
43 38 0
44 38 0
45 39 0
46 40 0
46 48 0
46 49 0
47 42 0
47 50 0
47 51 0
48 46 0
48 52 0
49 46 0
49 53 0
50 47 0
50 54 0
51 47 0
51 55 0
52 48 0
52 56 0
53 49 0
53 56 0
54 50 0
54 57 0
55 51 0
55 57 0
56 52 0
56 53 0
56 58 0
57 54 0
57 55 0
58 56 0
58 59 0
59 58 0
59 60 0
60 59 0
60 61 0
60 62 0
61 60 0
61 63 0
62 60 0
62 64 0
63 61 0
63 65 0
64 62 0
64 65 0
65 63 0
65 64 0
GraphDataEnd
GraphEnd
NodeEnd
END_EPT
