BEGIN_EPT
AnchorID: 24243  # ID of the anchor node
RootIndex: 0  # Index of the root node in tree_nodes
NodeCount: 1  # Total number of nodes in the EPT
NodeStart
EPTNodeID: 0
AnchorID: 24243
TreeNodeGraphID: 0
Level: 0
SimplifiedLevel: 0
EditOperation: -1 0 -1 0 0
AccumulatedOpsCount: 0
ChildrenCount: 0
ChildIndices:
CompletedDBGraphIDsCount: 0
GraphStart
GraphDataStart
ID: 0
NumNodes: 80
NumEdges: 182
NodeLabels
2 2 2 2 2 2 2 2 2 0 2 2 2 2 2 0 2 2 2 2 2 0 2 2 2 0 2 0 2 2 0 2 0 2 2 0 2 0 2 2 2 2 3 2 2 2 3 2 2 2 3 3 3 3 3 2 2 2 2 3 2 2 2 3 2 2 2 2 2 2 2 3 2 2 2 3 2 2 2 3 
Edges
0 1 0
0 5 0
1 0 0
1 2 0
1 52 0
2 1 0
2 3 0
3 2 0
3 4 0
3 21 0
4 3 0
4 5 0
4 6 0
5 0 0
5 4 0
5 9 0
6 4 0
6 7 0
6 13 0
6 22 0
7 6 0
7 8 0
7 16 0
8 7 0
8 9 0
8 12 0
9 5 0
9 8 0
10 11 0
10 16 0
11 10 0
11 12 0
11 79 0
12 8 0
12 11 0
13 6 0
13 14 0
13 17 0
14 13 0
14 15 0
14 20 0
15 14 0
15 16 0
16 7 0
16 10 0
16 15 0
17 13 0
17 18 0
17 21 0
18 17 0
18 19 0
19 18 0
19 20 0
19 51 0
20 14 0
20 19 0
21 3 0
21 17 0
22 6 0
23 24 0
23 25 0
23 52 0
24 23 0
24 27 0
24 54 0
25 23 0
26 54 0
26 77 0
27 24 0
28 29 0
28 30 0
28 51 0
29 28 0
29 32 0
29 53 0
30 28 0
31 53 0
31 55 0
32 29 0
33 34 0
33 35 0
33 79 0
34 33 0
34 37 0
34 50 0
35 33 0
36 38 0
36 50 0
37 34 0
38 36 0
38 39 0
38 43 0
39 38 0
39 40 0
40 39 0
40 41 0
41 40 0
41 42 0
41 45 0
42 41 0
42 43 0
43 38 0
43 42 0
44 45 0
44 49 0
45 41 0
45 44 0
45 46 0
46 45 0
46 47 0
47 46 0
47 48 0
48 47 0
48 49 0
49 44 0
49 48 0
50 34 0
50 36 0
51 19 0
51 28 0
52 1 0
52 23 0
53 29 0
53 31 0
54 24 0
54 26 0
55 31 0
55 56 0
55 60 0
56 55 0
56 57 0
57 56 0
57 58 0
58 57 0
58 59 0
58 62 0
59 58 0
59 60 0
60 55 0
60 59 0
61 62 0
61 66 0
62 58 0
62 61 0
62 63 0
63 62 0
63 64 0
64 63 0
64 65 0
65 64 0
65 66 0
66 61 0
66 65 0
67 68 0
67 72 0
68 67 0
68 69 0
69 68 0
69 70 0
70 69 0
70 71 0
70 74 0
71 70 0
71 72 0
72 67 0
72 71 0
73 74 0
73 78 0
74 70 0
74 73 0
74 75 0
75 74 0
75 76 0
76 75 0
76 77 0
77 26 0
77 76 0
77 78 0
78 73 0
78 77 0
79 11 0
79 33 0
GraphDataEnd
GraphEnd
NodeEnd
END_EPT
