BEGIN_EPT
AnchorID: 18852  # ID of the anchor node
RootIndex: 0  # Index of the root node in tree_nodes
NodeCount: 1  # Total number of nodes in the EPT
NodeStart
EPTNodeID: 0
AnchorID: 18852
TreeNodeGraphID: 0
Level: 0
SimplifiedLevel: 0
EditOperation: -1 0 -1 0 0
AccumulatedOpsCount: 0
ChildrenCount: 0
ChildIndices:
CompletedDBGraphIDsCount: 0
GraphStart
GraphDataStart
ID: 0
NumNodes: 85
NumEdges: 184
NodeLabels
2 2 2 2 2 2 2 0 2 2 2 2 2 2 2 2 2 2 2 2 2 2 2 2 2 2 2 2 2 2 2 2 2 2 2 2 2 2 2 2 2 2 2 2 2 2 2 0 2 2 2 2 2 2 2 2 2 2 2 2 0 0 2 2 0 0 2 2 0 0 2 2 0 0 2 0 2 0 2 0 2 0 2 3 3 
Edges
0 1 0
0 5 0
0 75 0
1 0 0
1 2 0
2 1 0
2 3 0
3 2 0
3 4 0
3 6 0
4 3 0
4 5 0
5 0 0
5 4 0
5 59 0
6 3 0
6 7 0
6 83 0
7 6 0
8 9 0
8 13 0
8 83 0
9 8 0
9 10 0
10 9 0
10 11 0
10 14 0
11 10 0
11 12 0
12 11 0
12 13 0
12 63 0
13 8 0
13 12 0
13 79 0
14 10 0
14 15 0
14 16 0
15 14 0
15 22 0
16 14 0
16 17 0
16 21 0
17 16 0
17 18 0
18 17 0
18 19 0
18 71 0
19 18 0
19 20 0
19 77 0
20 19 0
20 21 0
20 84 0
21 16 0
21 20 0
22 15 0
22 23 0
23 22 0
23 24 0
24 23 0
24 25 0
24 29 0
25 24 0
25 26 0
26 25 0
26 27 0
26 30 0
27 26 0
27 28 0
27 33 0
27 54 0
28 27 0
28 29 0
29 24 0
29 28 0
30 26 0
30 31 0
31 30 0
31 32 0
32 31 0
32 33 0
32 34 0
33 27 0
33 32 0
33 37 0
34 32 0
34 35 0
34 38 0
35 34 0
35 36 0
35 40 0
35 55 0
36 35 0
36 37 0
37 33 0
37 36 0
38 34 0
38 39 0
39 38 0
39 40 0
40 35 0
40 39 0
40 41 0
41 40 0
41 42 0
41 56 0
42 41 0
42 43 0
43 42 0
43 44 0
44 43 0
44 45 0
45 44 0
45 57 0
45 58 0
46 47 0
46 48 0
46 84 0
47 46 0
48 46 0
48 49 0
48 53 0
49 48 0
49 50 0
50 49 0
50 51 0
51 50 0
51 52 0
51 81 0
52 51 0
52 53 0
52 67 0
53 48 0
53 52 0
54 27 0
55 35 0
56 41 0
57 45 0
58 45 0
59 5 0
59 60 0
59 61 0
60 59 0
61 59 0
61 62 0
62 61 0
63 12 0
63 64 0
63 65 0
64 63 0
65 63 0
65 66 0
66 65 0
67 52 0
67 68 0
67 69 0
68 67 0
69 67 0
69 70 0
70 69 0
71 18 0
71 72 0
71 73 0
72 71 0
73 71 0
73 74 0
74 73 0
75 0 0
75 76 0
76 75 0
77 19 0
77 78 0
78 77 0
79 13 0
79 80 0
80 79 0
81 51 0
81 82 0
82 81 0
83 6 0
83 8 0
84 20 0
84 46 0
GraphDataEnd
GraphEnd
NodeEnd
END_EPT
