BEGIN_EPT
AnchorID: 20623  # ID of the anchor node
RootIndex: 0  # Index of the root node in tree_nodes
NodeCount: 1  # Total number of nodes in the EPT
NodeStart
EPTNodeID: 0
AnchorID: 20623
TreeNodeGraphID: 0
Level: 0
SimplifiedLevel: 0
EditOperation: -1 0 -1 0 0
AccumulatedOpsCount: 0
ChildrenCount: 0
ChildIndices:
CompletedDBGraphIDsCount: 0
GraphStart
GraphDataStart
ID: 0
NumNodes: 117
NumEdges: 260
NodeLabels
2 2 2 2 2 2 2 2 2 2 2 2 2 2 2 2 2 2 2 2 2 2 2 2 2 2 2 2 2 2 2 2 2 4 2 0 0 0 2 2 2 2 2 2 2 6 0 2 2 0 2 2 2 2 2 2 2 6 0 2 2 0 2 0 0 2 2 2 2 2 2 2 6 0 2 2 0 0 4 2 2 2 2 2 2 2 6 0 2 2 0 2 2 2 2 2 2 2 2 2 2 2 2 2 2 2 2 2 2 2 2 2 2 2 2 2 2 
Edges
0 1 0
0 5 0
1 0 0
1 2 0
1 20 0
2 1 0
2 3 0
3 2 0
3 4 0
3 6 0
4 3 0
4 5 0
4 9 0
4 97 0
5 0 0
5 4 0
6 3 0
6 7 0
7 6 0
7 8 0
8 7 0
8 9 0
8 10 0
9 4 0
9 8 0
9 13 0
10 8 0
10 11 0
10 14 0
11 10 0
11 12 0
11 16 0
11 96 0
12 11 0
12 13 0
13 9 0
13 12 0
14 10 0
14 15 0
15 14 0
15 16 0
16 11 0
16 15 0
16 91 0
17 18 0
17 21 0
17 27 0
18 17 0
18 19 0
19 18 0
19 20 0
20 1 0
20 19 0
21 17 0
21 22 0
21 26 0
22 21 0
22 23 0
23 22 0
23 24 0
23 34 0
24 23 0
24 25 0
24 37 0
25 24 0
25 26 0
25 33 0
26 21 0
26 25 0
27 17 0
27 28 0
27 32 0
28 27 0
28 29 0
29 28 0
29 30 0
29 78 0
30 29 0
30 31 0
30 77 0
31 30 0
31 32 0
31 62 0
32 27 0
32 31 0
33 25 0
34 23 0
34 35 0
34 36 0
35 34 0
35 44 0
36 34 0
37 24 0
37 50 0
38 39 0
38 43 0
38 44 0
39 38 0
39 40 0
40 39 0
40 41 0
41 40 0
41 42 0
41 45 0
42 41 0
42 43 0
43 38 0
43 42 0
44 35 0
44 38 0
45 41 0
45 46 0
45 49 0
46 45 0
46 47 0
47 46 0
47 48 0
47 109 0
47 110 0
48 47 0
48 49 0
48 111 0
48 112 0
49 45 0
49 48 0
50 37 0
50 51 0
51 50 0
51 52 0
51 56 0
52 51 0
52 53 0
53 52 0
53 54 0
54 53 0
54 55 0
54 57 0
55 54 0
55 56 0
56 51 0
56 55 0
57 54 0
57 58 0
57 61 0
58 57 0
58 59 0
59 58 0
59 60 0
59 113 0
59 114 0
60 59 0
60 61 0
60 115 0
60 116 0
61 57 0
61 60 0
62 31 0
62 63 0
62 64 0
63 62 0
63 65 0
64 62 0
65 63 0
65 66 0
66 65 0
66 67 0
66 71 0
67 66 0
67 68 0
68 67 0
68 69 0
69 68 0
69 70 0
69 72 0
70 69 0
70 71 0
71 66 0
71 70 0
72 69 0
72 73 0
72 76 0
73 72 0
73 74 0
74 73 0
74 75 0
74 105 0
74 106 0
75 74 0
75 76 0
75 107 0
75 108 0
76 72 0
76 75 0
77 30 0
77 79 0
78 29 0
79 77 0
79 80 0
80 79 0
80 81 0
80 85 0
81 80 0
81 82 0
82 81 0
82 83 0
83 82 0
83 84 0
83 86 0
84 83 0
84 85 0
85 80 0
85 84 0
86 83 0
86 87 0
86 90 0
87 86 0
87 88 0
88 87 0
88 89 0
88 101 0
88 102 0
89 88 0
89 90 0
89 103 0
89 104 0
90 86 0
90 89 0
91 16 0
91 92 0
91 98 0
92 91 0
92 93 0
93 92 0
93 94 0
94 93 0
94 95 0
95 94 0
95 99 0
95 100 0
96 11 0
97 4 0
98 91 0
99 95 0
100 95 0
101 88 0
102 88 0
103 89 0
104 89 0
105 74 0
106 74 0
107 75 0
108 75 0
109 47 0
110 47 0
111 48 0
112 48 0
113 59 0
114 59 0
115 60 0
116 60 0
GraphDataEnd
GraphEnd
NodeEnd
END_EPT
