BEGIN_EPT
AnchorID: 8458  # ID of the anchor node
RootIndex: 0  # Index of the root node in tree_nodes
NodeCount: 13  # Total number of nodes in the EPT
NodeStart
EPTNodeID: 0
AnchorID: 8458
TreeNodeGraphID: 0
Level: 0
SimplifiedLevel: 0
EditOperation: -1 0 -1 0 0
AccumulatedOpsCount: 0
ChildrenCount: 1
ChildIndices: 1
CompletedDBGraphIDsCount: 0
GraphStart
GraphDataStart
ID: 0
NumNodes: 49
NumEdges: 110
NodeLabels
2 3 3 2 6 2 2 0 2 0 0 2 2 2 2 2 2 2 2 2 0 2 0 2 2 2 0 2 2 3 2 2 0 2 2 2 2 2 2 0 2 2 0 2 2 2 0 2 2 
Edges
0 1 0
0 2 0
1 0 0
1 3 0
2 0 0
2 4 0
2 5 0
2 6 0
3 1 0
3 7 0
3 8 0
4 2 0
4 9 0
4 10 0
4 11 0
5 2 0
5 12 0
6 2 0
6 13 0
7 3 0
8 3 0
8 14 0
8 15 0
9 4 0
9 13 0
10 4 0
10 12 0
11 4 0
11 16 0
11 17 0
12 5 0
12 10 0
12 18 0
13 6 0
13 9 0
13 19 0
14 8 0
14 20 0
14 21 0
15 8 0
15 22 0
15 23 0
16 11 0
16 24 0
17 11 0
17 25 0
18 12 0
19 13 0
20 14 0
21 14 0
21 26 0
21 27 0
21 28 0
22 15 0
23 15 0
23 27 0
23 29 0
24 16 0
24 30 0
25 17 0
25 30 0
26 21 0
27 21 0
27 23 0
27 31 0
28 21 0
28 32 0
28 33 0
29 23 0
29 34 0
29 35 0
30 24 0
30 25 0
31 27 0
31 36 0
32 28 0
33 28 0
33 36 0
33 37 0
34 29 0
35 29 0
36 31 0
36 33 0
36 38 0
37 33 0
37 39 0
37 40 0
38 36 0
38 41 0
38 42 0
38 43 0
39 37 0
40 37 0
40 43 0
40 44 0
41 38 0
42 38 0
43 38 0
43 40 0
43 45 0
44 40 0
44 46 0
44 47 0
45 43 0
45 48 0
46 44 0
47 44 0
47 48 0
48 45 0
48 47 0
GraphDataEnd
GraphEnd
NodeEnd
NodeStart
EPTNodeID: 1
AnchorID: 8458
TreeNodeGraphID: 2
Level: 2
SimplifiedLevel: 0
EditOperation: 4 13 19 0 0
AccumulatedOpsCount: 2
AccumulatedOp: 4 12 18 0 0
AccumulatedOp: 4 13 19 0 0
ChildrenCount: 4
ChildIndices: 2 7 11 12
CompletedDBGraphIDsCount: 0
GraphStart
GraphDataStart
ID: 2
NumNodes: 49
NumEdges: 106
NodeLabels
2 3 3 2 6 2 2 0 2 0 0 2 2 2 2 2 2 2 2 2 0 2 0 2 2 2 0 2 2 3 2 2 0 2 2 2 2 2 2 0 2 2 0 2 2 2 0 2 2 
Edges
0 1 0
0 2 0
1 0 0
1 3 0
2 0 0
2 4 0
2 5 0
2 6 0
3 1 0
3 7 0
3 8 0
4 2 0
4 9 0
4 10 0
4 11 0
5 2 0
5 12 0
6 2 0
6 13 0
7 3 0
8 3 0
8 14 0
8 15 0
9 4 0
9 13 0
10 4 0
10 12 0
11 4 0
11 16 0
11 17 0
12 5 0
12 10 0
13 6 0
13 9 0
14 8 0
14 20 0
14 21 0
15 8 0
15 22 0
15 23 0
16 11 0
16 24 0
17 11 0
17 25 0
20 14 0
21 14 0
21 26 0
21 27 0
21 28 0
22 15 0
23 15 0
23 27 0
23 29 0
24 16 0
24 30 0
25 17 0
25 30 0
26 21 0
27 21 0
27 23 0
27 31 0
28 21 0
28 32 0
28 33 0
29 23 0
29 34 0
29 35 0
30 24 0
30 25 0
31 27 0
31 36 0
32 28 0
33 28 0
33 36 0
33 37 0
34 29 0
35 29 0
36 31 0
36 33 0
36 38 0
37 33 0
37 39 0
37 40 0
38 36 0
38 41 0
38 42 0
38 43 0
39 37 0
40 37 0
40 43 0
40 44 0
41 38 0
42 38 0
43 38 0
43 40 0
43 45 0
44 40 0
44 46 0
44 47 0
45 43 0
45 48 0
46 44 0
47 44 0
47 48 0
48 45 0
48 47 0
GraphDataEnd
GraphEnd
NodeEnd
NodeStart
EPTNodeID: 2
AnchorID: 8458
TreeNodeGraphID: 3
Level: 3
SimplifiedLevel: 0
EditOperation: 1 19 0 2 0
AccumulatedOpsCount: 1
AccumulatedOp: 1 19 0 2 0
ChildrenCount: 3
ChildIndices: 3 5 6
CompletedDBGraphIDsCount: 0
GraphStart
GraphDataStart
ID: 3
NumNodes: 48
NumEdges: 106
NodeLabels
2 3 3 2 6 2 2 0 2 0 0 2 2 2 2 2 2 2 2 0 2 0 2 2 2 0 2 2 3 2 2 0 2 2 2 2 2 2 0 2 2 0 2 2 2 0 2 2 
Edges
0 1 0
0 2 0
1 0 0
1 3 0
2 0 0
2 4 0
2 5 0
2 6 0
3 1 0
3 7 0
3 8 0
4 2 0
4 9 0
4 10 0
4 11 0
5 2 0
5 12 0
6 2 0
6 13 0
7 3 0
8 3 0
8 14 0
8 15 0
9 4 0
9 13 0
10 4 0
10 12 0
11 4 0
11 16 0
11 17 0
12 5 0
12 10 0
13 6 0
13 9 0
14 8 0
14 19 0
14 20 0
15 8 0
15 21 0
15 22 0
16 11 0
16 23 0
17 11 0
17 24 0
19 14 0
20 14 0
20 25 0
20 26 0
20 27 0
21 15 0
22 15 0
22 26 0
22 28 0
23 16 0
23 29 0
24 17 0
24 29 0
25 20 0
26 20 0
26 22 0
26 30 0
27 20 0
27 31 0
27 32 0
28 22 0
28 33 0
28 34 0
29 23 0
29 24 0
30 26 0
30 35 0
31 27 0
32 27 0
32 35 0
32 36 0
33 28 0
34 28 0
35 30 0
35 32 0
35 37 0
36 32 0
36 38 0
36 39 0
37 35 0
37 40 0
37 41 0
37 42 0
38 36 0
39 36 0
39 42 0
39 43 0
40 37 0
41 37 0
42 37 0
42 39 0
42 44 0
43 39 0
43 45 0
43 46 0
44 42 0
44 47 0
45 43 0
46 43 0
46 47 0
47 44 0
47 46 0
GraphDataEnd
GraphEnd
NodeEnd
NodeStart
EPTNodeID: 3
AnchorID: 8458
TreeNodeGraphID: 4
Level: 4
SimplifiedLevel: 0
EditOperation: 5 18 30 0 0
AccumulatedOpsCount: 1
AccumulatedOp: 5 18 30 0 0
ChildrenCount: 1
ChildIndices: 4
CompletedDBGraphIDsCount: 1
CompletedDBGraphID: 39017
GraphStart
GraphDataStart
ID: 4
NumNodes: 48
NumEdges: 108
NodeLabels
2 3 3 2 6 2 2 0 2 0 0 2 2 2 2 2 2 2 2 0 2 0 2 2 2 0 2 2 3 2 2 0 2 2 2 2 2 2 0 2 2 0 2 2 2 0 2 2 
Edges
0 1 0
0 2 0
1 0 0
1 3 0
2 0 0
2 4 0
2 5 0
2 6 0
3 1 0
3 7 0
3 8 0
4 2 0
4 9 0
4 10 0
4 11 0
5 2 0
5 12 0
6 2 0
6 13 0
7 3 0
8 3 0
8 14 0
8 15 0
9 4 0
9 13 0
10 4 0
10 12 0
11 4 0
11 16 0
11 17 0
12 5 0
12 10 0
13 6 0
13 9 0
14 8 0
14 19 0
14 20 0
15 8 0
15 21 0
15 22 0
16 11 0
16 23 0
17 11 0
17 24 0
18 29 0
19 14 0
20 14 0
20 25 0
20 26 0
20 27 0
21 15 0
22 15 0
22 26 0
22 28 0
23 16 0
23 29 0
24 17 0
24 29 0
25 20 0
26 20 0
26 22 0
26 30 0
27 20 0
27 31 0
27 32 0
28 22 0
28 33 0
28 34 0
29 23 0
29 24 0
29 18 0
30 26 0
30 35 0
31 27 0
32 27 0
32 35 0
32 36 0
33 28 0
34 28 0
35 30 0
35 32 0
35 37 0
36 32 0
36 38 0
36 39 0
37 35 0
37 40 0
37 41 0
37 42 0
38 36 0
39 36 0
39 42 0
39 43 0
40 37 0
41 37 0
42 37 0
42 39 0
42 44 0
43 39 0
43 45 0
43 46 0
44 42 0
44 47 0
45 43 0
46 43 0
46 47 0
47 44 0
47 46 0
GraphDataEnd
GraphEnd
NodeEnd
NodeStart
EPTNodeID: 4
AnchorID: 8458
TreeNodeGraphID: 5
Level: 5
SimplifiedLevel: 0
EditOperation: 0 18 0 2 4
AccumulatedOpsCount: 1
AccumulatedOp: 0 18 0 2 4
ChildrenCount: 0
ChildIndices:
CompletedDBGraphIDsCount: 1
CompletedDBGraphID: 42443
GraphStart
GraphDataStart
ID: 5
NumNodes: 48
NumEdges: 108
NodeLabels
2 3 3 2 6 2 2 0 2 0 0 2 2 2 2 2 2 2 4 0 2 0 2 2 2 0 2 2 3 2 2 0 2 2 2 2 2 2 0 2 2 0 2 2 2 0 2 2 
Edges
0 1 0
0 2 0
1 0 0
1 3 0
2 0 0
2 4 0
2 5 0
2 6 0
3 1 0
3 7 0
3 8 0
4 2 0
4 9 0
4 10 0
4 11 0
5 2 0
5 12 0
6 2 0
6 13 0
7 3 0
8 3 0
8 14 0
8 15 0
9 4 0
9 13 0
10 4 0
10 12 0
11 4 0
11 16 0
11 17 0
12 5 0
12 10 0
13 6 0
13 9 0
14 8 0
14 19 0
14 20 0
15 8 0
15 21 0
15 22 0
16 11 0
16 23 0
17 11 0
17 24 0
18 29 0
19 14 0
20 14 0
20 25 0
20 26 0
20 27 0
21 15 0
22 15 0
22 26 0
22 28 0
23 16 0
23 29 0
24 17 0
24 29 0
25 20 0
26 20 0
26 22 0
26 30 0
27 20 0
27 31 0
27 32 0
28 22 0
28 33 0
28 34 0
29 23 0
29 24 0
29 18 0
30 26 0
30 35 0
31 27 0
32 27 0
32 35 0
32 36 0
33 28 0
34 28 0
35 30 0
35 32 0
35 37 0
36 32 0
36 38 0
36 39 0
37 35 0
37 40 0
37 41 0
37 42 0
38 36 0
39 36 0
39 42 0
39 43 0
40 37 0
41 37 0
42 37 0
42 39 0
42 44 0
43 39 0
43 45 0
43 46 0
44 42 0
44 47 0
45 43 0
46 43 0
46 47 0
47 44 0
47 46 0
GraphDataEnd
GraphEnd
NodeEnd
NodeStart
EPTNodeID: 5
AnchorID: 8458
TreeNodeGraphID: 6
Level: 4
SimplifiedLevel: 0
EditOperation: 5 16 18 0 0
AccumulatedOpsCount: 1
AccumulatedOp: 5 16 18 0 0
ChildrenCount: 0
ChildIndices:
CompletedDBGraphIDsCount: 1
CompletedDBGraphID: 1936
GraphStart
GraphDataStart
ID: 6
NumNodes: 48
NumEdges: 108
NodeLabels
2 3 3 2 6 2 2 0 2 0 0 2 2 2 2 2 2 2 2 0 2 0 2 2 2 0 2 2 3 2 2 0 2 2 2 2 2 2 0 2 2 0 2 2 2 0 2 2 
Edges
0 1 0
0 2 0
1 0 0
1 3 0
2 0 0
2 4 0
2 5 0
2 6 0
3 1 0
3 7 0
3 8 0
4 2 0
4 9 0
4 10 0
4 11 0
5 2 0
5 12 0
6 2 0
6 13 0
7 3 0
8 3 0
8 14 0
8 15 0
9 4 0
9 13 0
10 4 0
10 12 0
11 4 0
11 16 0
11 17 0
12 5 0
12 10 0
13 6 0
13 9 0
14 8 0
14 19 0
14 20 0
15 8 0
15 21 0
15 22 0
16 11 0
16 23 0
16 18 0
17 11 0
17 24 0
18 16 0
19 14 0
20 14 0
20 25 0
20 26 0
20 27 0
21 15 0
22 15 0
22 26 0
22 28 0
23 16 0
23 29 0
24 17 0
24 29 0
25 20 0
26 20 0
26 22 0
26 30 0
27 20 0
27 31 0
27 32 0
28 22 0
28 33 0
28 34 0
29 23 0
29 24 0
30 26 0
30 35 0
31 27 0
32 27 0
32 35 0
32 36 0
33 28 0
34 28 0
35 30 0
35 32 0
35 37 0
36 32 0
36 38 0
36 39 0
37 35 0
37 40 0
37 41 0
37 42 0
38 36 0
39 36 0
39 42 0
39 43 0
40 37 0
41 37 0
42 37 0
42 39 0
42 44 0
43 39 0
43 45 0
43 46 0
44 42 0
44 47 0
45 43 0
46 43 0
46 47 0
47 44 0
47 46 0
GraphDataEnd
GraphEnd
NodeEnd
NodeStart
EPTNodeID: 6
AnchorID: 8458
TreeNodeGraphID: 8
Level: 5
SimplifiedLevel: 0
EditOperation: 4 2 4 0 0
AccumulatedOpsCount: 2
AccumulatedOp: 1 18 0 2 0
AccumulatedOp: 4 2 4 0 0
ChildrenCount: 0
ChildIndices:
CompletedDBGraphIDsCount: 1
CompletedDBGraphID: 13849
GraphStart
GraphDataStart
ID: 8
NumNodes: 47
NumEdges: 104
NodeLabels
2 3 3 2 6 2 2 0 2 0 0 2 2 2 2 2 2 2 0 2 0 2 2 2 0 2 2 3 2 2 0 2 2 2 2 2 2 0 2 2 0 2 2 2 0 2 2 
Edges
0 1 0
0 2 0
1 0 0
1 3 0
2 0 0
2 5 0
2 6 0
3 1 0
3 7 0
3 8 0
4 9 0
4 10 0
4 11 0
5 2 0
5 12 0
6 2 0
6 13 0
7 3 0
8 3 0
8 14 0
8 15 0
9 4 0
9 13 0
10 4 0
10 12 0
11 4 0
11 16 0
11 17 0
12 5 0
12 10 0
13 6 0
13 9 0
14 8 0
14 18 0
14 19 0
15 8 0
15 20 0
15 21 0
16 11 0
16 22 0
17 11 0
17 23 0
18 14 0
19 14 0
19 24 0
19 25 0
19 26 0
20 15 0
21 15 0
21 25 0
21 27 0
22 16 0
22 28 0
23 17 0
23 28 0
24 19 0
25 19 0
25 21 0
25 29 0
26 19 0
26 30 0
26 31 0
27 21 0
27 32 0
27 33 0
28 22 0
28 23 0
29 25 0
29 34 0
30 26 0
31 26 0
31 34 0
31 35 0
32 27 0
33 27 0
34 29 0
34 31 0
34 36 0
35 31 0
35 37 0
35 38 0
36 34 0
36 39 0
36 40 0
36 41 0
37 35 0
38 35 0
38 41 0
38 42 0
39 36 0
40 36 0
41 36 0
41 38 0
41 43 0
42 38 0
42 44 0
42 45 0
43 41 0
43 46 0
44 42 0
45 42 0
45 46 0
46 43 0
46 45 0
GraphDataEnd
GraphEnd
NodeEnd
NodeStart
EPTNodeID: 7
AnchorID: 8458
TreeNodeGraphID: 10
Level: 4
SimplifiedLevel: 0
EditOperation: 5 18 19 0 0
AccumulatedOpsCount: 2
AccumulatedOp: 0 19 0 2 0
AccumulatedOp: 5 18 19 0 0
ChildrenCount: 3
ChildIndices: 8 9 10
CompletedDBGraphIDsCount: 0
GraphStart
GraphDataStart
ID: 10
NumNodes: 49
NumEdges: 108
NodeLabels
2 3 3 2 6 2 2 0 2 0 0 2 2 2 2 2 2 2 2 0 0 2 0 2 2 2 0 2 2 3 2 2 0 2 2 2 2 2 2 0 2 2 0 2 2 2 0 2 2 
Edges
0 1 0
0 2 0
1 0 0
1 3 0
2 0 0
2 4 0
2 5 0
2 6 0
3 1 0
3 7 0
3 8 0
4 2 0
4 9 0
4 10 0
4 11 0
5 2 0
5 12 0
6 2 0
6 13 0
7 3 0
8 3 0
8 14 0
8 15 0
9 4 0
9 13 0
10 4 0
10 12 0
11 4 0
11 16 0
11 17 0
12 5 0
12 10 0
13 6 0
13 9 0
14 8 0
14 20 0
14 21 0
15 8 0
15 22 0
15 23 0
16 11 0
16 24 0
17 11 0
17 25 0
18 19 0
19 18 0
20 14 0
21 14 0
21 26 0
21 27 0
21 28 0
22 15 0
23 15 0
23 27 0
23 29 0
24 16 0
24 30 0
25 17 0
25 30 0
26 21 0
27 21 0
27 23 0
27 31 0
28 21 0
28 32 0
28 33 0
29 23 0
29 34 0
29 35 0
30 24 0
30 25 0
31 27 0
31 36 0
32 28 0
33 28 0
33 36 0
33 37 0
34 29 0
35 29 0
36 31 0
36 33 0
36 38 0
37 33 0
37 39 0
37 40 0
38 36 0
38 41 0
38 42 0
38 43 0
39 37 0
40 37 0
40 43 0
40 44 0
41 38 0
42 38 0
43 38 0
43 40 0
43 45 0
44 40 0
44 46 0
44 47 0
45 43 0
45 48 0
46 44 0
47 44 0
47 48 0
48 45 0
48 47 0
GraphDataEnd
GraphEnd
NodeEnd
NodeStart
EPTNodeID: 8
AnchorID: 8458
TreeNodeGraphID: 11
Level: 5
SimplifiedLevel: 0
EditOperation: 5 17 19 0 0
AccumulatedOpsCount: 1
AccumulatedOp: 5 17 19 0 0
ChildrenCount: 0
ChildIndices:
CompletedDBGraphIDsCount: 1
CompletedDBGraphID: 24596
GraphStart
GraphDataStart
ID: 11
NumNodes: 49
NumEdges: 110
NodeLabels
2 3 3 2 6 2 2 0 2 0 0 2 2 2 2 2 2 2 2 0 0 2 0 2 2 2 0 2 2 3 2 2 0 2 2 2 2 2 2 0 2 2 0 2 2 2 0 2 2 
Edges
0 1 0
0 2 0
1 0 0
1 3 0
2 0 0
2 4 0
2 5 0
2 6 0
3 1 0
3 7 0
3 8 0
4 2 0
4 9 0
4 10 0
4 11 0
5 2 0
5 12 0
6 2 0
6 13 0
7 3 0
8 3 0
8 14 0
8 15 0
9 4 0
9 13 0
10 4 0
10 12 0
11 4 0
11 16 0
11 17 0
12 5 0
12 10 0
13 6 0
13 9 0
14 8 0
14 20 0
14 21 0
15 8 0
15 22 0
15 23 0
16 11 0
16 24 0
17 11 0
17 25 0
17 19 0
18 19 0
19 18 0
19 17 0
20 14 0
21 14 0
21 26 0
21 27 0
21 28 0
22 15 0
23 15 0
23 27 0
23 29 0
24 16 0
24 30 0
25 17 0
25 30 0
26 21 0
27 21 0
27 23 0
27 31 0
28 21 0
28 32 0
28 33 0
29 23 0
29 34 0
29 35 0
30 24 0
30 25 0
31 27 0
31 36 0
32 28 0
33 28 0
33 36 0
33 37 0
34 29 0
35 29 0
36 31 0
36 33 0
36 38 0
37 33 0
37 39 0
37 40 0
38 36 0
38 41 0
38 42 0
38 43 0
39 37 0
40 37 0
40 43 0
40 44 0
41 38 0
42 38 0
43 38 0
43 40 0
43 45 0
44 40 0
44 46 0
44 47 0
45 43 0
45 48 0
46 44 0
47 44 0
47 48 0
48 45 0
48 47 0
GraphDataEnd
GraphEnd
NodeEnd
NodeStart
EPTNodeID: 9
AnchorID: 8458
TreeNodeGraphID: 12
Level: 5
SimplifiedLevel: 0
EditOperation: 5 19 25 0 0
AccumulatedOpsCount: 1
AccumulatedOp: 5 19 25 0 0
ChildrenCount: 0
ChildIndices:
CompletedDBGraphIDsCount: 1
CompletedDBGraphID: 14798
GraphStart
GraphDataStart
ID: 12
NumNodes: 49
NumEdges: 110
NodeLabels
2 3 3 2 6 2 2 0 2 0 0 2 2 2 2 2 2 2 2 0 0 2 0 2 2 2 0 2 2 3 2 2 0 2 2 2 2 2 2 0 2 2 0 2 2 2 0 2 2 
Edges
0 1 0
0 2 0
1 0 0
1 3 0
2 0 0
2 4 0
2 5 0
2 6 0
3 1 0
3 7 0
3 8 0
4 2 0
4 9 0
4 10 0
4 11 0
5 2 0
5 12 0
6 2 0
6 13 0
7 3 0
8 3 0
8 14 0
8 15 0
9 4 0
9 13 0
10 4 0
10 12 0
11 4 0
11 16 0
11 17 0
12 5 0
12 10 0
13 6 0
13 9 0
14 8 0
14 20 0
14 21 0
15 8 0
15 22 0
15 23 0
16 11 0
16 24 0
17 11 0
17 25 0
18 19 0
19 18 0
19 25 0
20 14 0
21 14 0
21 26 0
21 27 0
21 28 0
22 15 0
23 15 0
23 27 0
23 29 0
24 16 0
24 30 0
25 17 0
25 30 0
25 19 0
26 21 0
27 21 0
27 23 0
27 31 0
28 21 0
28 32 0
28 33 0
29 23 0
29 34 0
29 35 0
30 24 0
30 25 0
31 27 0
31 36 0
32 28 0
33 28 0
33 36 0
33 37 0
34 29 0
35 29 0
36 31 0
36 33 0
36 38 0
37 33 0
37 39 0
37 40 0
38 36 0
38 41 0
38 42 0
38 43 0
39 37 0
40 37 0
40 43 0
40 44 0
41 38 0
42 38 0
43 38 0
43 40 0
43 45 0
44 40 0
44 46 0
44 47 0
45 43 0
45 48 0
46 44 0
47 44 0
47 48 0
48 45 0
48 47 0
GraphDataEnd
GraphEnd
NodeEnd
NodeStart
EPTNodeID: 10
AnchorID: 8458
TreeNodeGraphID: 13
Level: 5
SimplifiedLevel: 0
EditOperation: 5 19 30 0 0
AccumulatedOpsCount: 1
AccumulatedOp: 5 19 30 0 0
ChildrenCount: 0
ChildIndices:
CompletedDBGraphIDsCount: 1
CompletedDBGraphID: 30691
GraphStart
GraphDataStart
ID: 13
NumNodes: 49
NumEdges: 110
NodeLabels
2 3 3 2 6 2 2 0 2 0 0 2 2 2 2 2 2 2 2 0 0 2 0 2 2 2 0 2 2 3 2 2 0 2 2 2 2 2 2 0 2 2 0 2 2 2 0 2 2 
Edges
0 1 0
0 2 0
1 0 0
1 3 0
2 0 0
2 4 0
2 5 0
2 6 0
3 1 0
3 7 0
3 8 0
4 2 0
4 9 0
4 10 0
4 11 0
5 2 0
5 12 0
6 2 0
6 13 0
7 3 0
8 3 0
8 14 0
8 15 0
9 4 0
9 13 0
10 4 0
10 12 0
11 4 0
11 16 0
11 17 0
12 5 0
12 10 0
13 6 0
13 9 0
14 8 0
14 20 0
14 21 0
15 8 0
15 22 0
15 23 0
16 11 0
16 24 0
17 11 0
17 25 0
18 19 0
19 18 0
19 30 0
20 14 0
21 14 0
21 26 0
21 27 0
21 28 0
22 15 0
23 15 0
23 27 0
23 29 0
24 16 0
24 30 0
25 17 0
25 30 0
26 21 0
27 21 0
27 23 0
27 31 0
28 21 0
28 32 0
28 33 0
29 23 0
29 34 0
29 35 0
30 24 0
30 25 0
30 19 0
31 27 0
31 36 0
32 28 0
33 28 0
33 36 0
33 37 0
34 29 0
35 29 0
36 31 0
36 33 0
36 38 0
37 33 0
37 39 0
37 40 0
38 36 0
38 41 0
38 42 0
38 43 0
39 37 0
40 37 0
40 43 0
40 44 0
41 38 0
42 38 0
43 38 0
43 40 0
43 45 0
44 40 0
44 46 0
44 47 0
45 43 0
45 48 0
46 44 0
47 44 0
47 48 0
48 45 0
48 47 0
GraphDataEnd
GraphEnd
NodeEnd
NodeStart
EPTNodeID: 11
AnchorID: 8458
TreeNodeGraphID: 15
Level: 4
SimplifiedLevel: 0
EditOperation: 5 19 24 0 0
AccumulatedOpsCount: 2
AccumulatedOp: 1 18 0 2 0
AccumulatedOp: 5 19 24 0 0
ChildrenCount: 0
ChildIndices:
CompletedDBGraphIDsCount: 1
CompletedDBGraphID: 8875
GraphStart
GraphDataStart
ID: 15
NumNodes: 48
NumEdges: 108
NodeLabels
2 3 3 2 6 2 2 0 2 0 0 2 2 2 2 2 2 2 2 0 2 0 2 2 2 0 2 2 3 2 2 0 2 2 2 2 2 2 0 2 2 0 2 2 2 0 2 2 
Edges
0 1 0
0 2 0
1 0 0
1 3 0
2 0 0
2 4 0
2 5 0
2 6 0
3 1 0
3 7 0
3 8 0
4 2 0
4 9 0
4 10 0
4 11 0
5 2 0
5 12 0
6 2 0
6 13 0
7 3 0
8 3 0
8 14 0
8 15 0
9 4 0
9 13 0
10 4 0
10 12 0
11 4 0
11 16 0
11 17 0
12 5 0
12 10 0
13 6 0
13 9 0
14 8 0
14 19 0
14 20 0
15 8 0
15 21 0
15 22 0
16 11 0
16 23 0
17 11 0
17 24 0
18 23 0
19 14 0
20 14 0
20 25 0
20 26 0
20 27 0
21 15 0
22 15 0
22 26 0
22 28 0
23 16 0
23 29 0
23 18 0
24 17 0
24 29 0
25 20 0
26 20 0
26 22 0
26 30 0
27 20 0
27 31 0
27 32 0
28 22 0
28 33 0
28 34 0
29 23 0
29 24 0
30 26 0
30 35 0
31 27 0
32 27 0
32 35 0
32 36 0
33 28 0
34 28 0
35 30 0
35 32 0
35 37 0
36 32 0
36 38 0
36 39 0
37 35 0
37 40 0
37 41 0
37 42 0
38 36 0
39 36 0
39 42 0
39 43 0
40 37 0
41 37 0
42 37 0
42 39 0
42 44 0
43 39 0
43 45 0
43 46 0
44 42 0
44 47 0
45 43 0
46 43 0
46 47 0
47 44 0
47 46 0
GraphDataEnd
GraphEnd
NodeEnd
NodeStart
EPTNodeID: 12
AnchorID: 8458
TreeNodeGraphID: 18
Level: 5
SimplifiedLevel: 0
EditOperation: 5 6 19 0 0
AccumulatedOpsCount: 3
AccumulatedOp: 4 2 4 0 0
AccumulatedOp: 5 5 18 0 0
AccumulatedOp: 5 6 19 0 0
ChildrenCount: 0
ChildIndices:
CompletedDBGraphIDsCount: 1
CompletedDBGraphID: 7442
GraphStart
GraphDataStart
ID: 18
NumNodes: 49
NumEdges: 108
NodeLabels
2 3 3 2 6 2 2 0 2 0 0 2 2 2 2 2 2 2 2 2 0 2 0 2 2 2 0 2 2 3 2 2 0 2 2 2 2 2 2 0 2 2 0 2 2 2 0 2 2 
Edges
0 1 0
0 2 0
1 0 0
1 3 0
2 0 0
2 5 0
2 6 0
3 1 0
3 7 0
3 8 0
4 9 0
4 10 0
4 11 0
5 2 0
5 12 0
5 18 0
6 2 0
6 13 0
6 19 0
7 3 0
8 3 0
8 14 0
8 15 0
9 4 0
9 13 0
10 4 0
10 12 0
11 4 0
11 16 0
11 17 0
12 5 0
12 10 0
13 6 0
13 9 0
14 8 0
14 20 0
14 21 0
15 8 0
15 22 0
15 23 0
16 11 0
16 24 0
17 11 0
17 25 0
18 5 0
19 6 0
20 14 0
21 14 0
21 26 0
21 27 0
21 28 0
22 15 0
23 15 0
23 27 0
23 29 0
24 16 0
24 30 0
25 17 0
25 30 0
26 21 0
27 21 0
27 23 0
27 31 0
28 21 0
28 32 0
28 33 0
29 23 0
29 34 0
29 35 0
30 24 0
30 25 0
31 27 0
31 36 0
32 28 0
33 28 0
33 36 0
33 37 0
34 29 0
35 29 0
36 31 0
36 33 0
36 38 0
37 33 0
37 39 0
37 40 0
38 36 0
38 41 0
38 42 0
38 43 0
39 37 0
40 37 0
40 43 0
40 44 0
41 38 0
42 38 0
43 38 0
43 40 0
43 45 0
44 40 0
44 46 0
44 47 0
45 43 0
45 48 0
46 44 0
47 44 0
47 48 0
48 45 0
48 47 0
GraphDataEnd
GraphEnd
NodeEnd
END_EPT
