BEGIN_EPT
AnchorID: 22763  # ID of the anchor node
RootIndex: 0  # Index of the root node in tree_nodes
NodeCount: 1  # Total number of nodes in the EPT
NodeStart
EPTNodeID: 0
AnchorID: 22763
TreeNodeGraphID: 0
Level: 0
SimplifiedLevel: 0
EditOperation: -1 0 -1 0 0
AccumulatedOpsCount: 0
ChildrenCount: 0
ChildIndices:
CompletedDBGraphIDsCount: 0
GraphStart
GraphDataStart
ID: 0
NumNodes: 104
NumEdges: 224
NodeLabels
3 2 2 2 2 2 3 2 2 2 2 2 2 2 2 2 2 2 2 2 2 2 2 2 2 2 2 2 2 2 2 2 2 2 2 2 2 2 2 2 2 2 2 2 2 2 3 3 1 0 0 3 2 2 0 0 2 2 2 0 0 2 1 0 0 3 2 2 0 0 2 2 2 0 0 2 3 2 2 0 0 2 2 2 0 0 2 3 2 2 0 0 2 2 2 0 0 2 1 0 0 1 0 0 
Edges
0 13 0
0 20 0
1 2 0
1 13 0
2 1 0
2 20 0
3 4 0
3 14 0
4 3 0
4 5 0
5 4 0
5 12 0
5 46 0
6 15 0
6 19 0
7 8 0
7 19 0
8 7 0
8 15 0
9 10 0
9 21 0
9 47 0
10 9 0
10 11 0
11 10 0
11 17 0
12 5 0
12 13 0
12 28 0
13 0 0
13 1 0
13 12 0
14 3 0
14 16 0
14 46 0
15 6 0
15 8 0
15 16 0
16 14 0
16 15 0
16 22 0
17 11 0
17 18 0
17 47 0
18 17 0
18 19 0
18 40 0
19 6 0
19 7 0
19 18 0
20 0 0
20 2 0
20 21 0
21 9 0
21 20 0
21 34 0
22 16 0
22 23 0
22 27 0
23 22 0
23 24 0
24 23 0
24 25 0
25 24 0
25 26 0
25 62 0
26 25 0
26 27 0
27 22 0
27 26 0
28 12 0
28 29 0
28 33 0
29 28 0
29 30 0
30 29 0
30 31 0
31 30 0
31 32 0
31 48 0
32 31 0
32 33 0
33 28 0
33 32 0
34 21 0
34 35 0
34 39 0
35 34 0
35 36 0
36 35 0
36 37 0
37 36 0
37 38 0
37 98 0
38 37 0
38 39 0
39 34 0
39 38 0
40 18 0
40 41 0
40 45 0
41 40 0
41 42 0
42 41 0
42 43 0
43 42 0
43 44 0
43 101 0
44 43 0
44 45 0
45 40 0
45 44 0
46 5 0
46 14 0
47 9 0
47 17 0
48 31 0
48 49 0
48 50 0
48 51 0
49 48 0
50 48 0
51 48 0
51 52 0
51 57 0
52 51 0
52 53 0
53 52 0
53 54 0
53 55 0
54 53 0
55 53 0
55 56 0
56 55 0
57 51 0
57 58 0
58 57 0
58 59 0
58 60 0
59 58 0
60 58 0
60 61 0
61 60 0
62 25 0
62 63 0
62 64 0
62 65 0
63 62 0
64 62 0
65 62 0
65 66 0
65 71 0
66 65 0
66 67 0
67 66 0
67 68 0
67 69 0
68 67 0
69 67 0
69 70 0
70 69 0
71 65 0
71 72 0
72 71 0
72 73 0
72 74 0
73 72 0
74 72 0
74 75 0
75 74 0
76 77 0
76 82 0
76 98 0
77 76 0
77 78 0
78 77 0
78 79 0
78 80 0
79 78 0
80 78 0
80 81 0
81 80 0
82 76 0
82 83 0
83 82 0
83 84 0
83 85 0
84 83 0
85 83 0
85 86 0
86 85 0
87 88 0
87 93 0
87 101 0
88 87 0
88 89 0
89 88 0
89 90 0
89 91 0
90 89 0
91 89 0
91 92 0
92 91 0
93 87 0
93 94 0
94 93 0
94 95 0
94 96 0
95 94 0
96 94 0
96 97 0
97 96 0
98 37 0
98 76 0
98 99 0
98 100 0
99 98 0
100 98 0
101 43 0
101 87 0
101 102 0
101 103 0
102 101 0
103 101 0
GraphDataEnd
GraphEnd
NodeEnd
END_EPT
