BEGIN_EPT
AnchorID: 19285  # ID of the anchor node
RootIndex: 0  # Index of the root node in tree_nodes
NodeCount: 1  # Total number of nodes in the EPT
NodeStart
EPTNodeID: 0
AnchorID: 19285
TreeNodeGraphID: 0
Level: 0
SimplifiedLevel: 0
EditOperation: -1 0 -1 0 0
AccumulatedOpsCount: 0
ChildrenCount: 0
ChildIndices:
CompletedDBGraphIDsCount: 0
GraphStart
GraphDataStart
ID: 0
NumNodes: 92
NumEdges: 184
NodeLabels
2 2 2 2 2 2 3 2 2 2 3 2 1 0 0 2 12 12 12 1 0 0 2 12 12 12 2 2 2 2 2 2 2 2 3 2 2 2 3 2 2 2 3 3 2 2 2 3 2 3 1 0 0 2 12 12 12 1 0 0 2 12 12 12 1 0 0 2 12 12 12 1 0 0 2 12 12 12 1 0 0 2 12 12 12 1 0 0 2 12 12 12 
Edges
0 1 0
0 2 0
1 0 0
1 6 0
2 0 0
2 42 0
3 4 0
3 7 0
4 3 0
4 5 0
5 4 0
5 6 0
6 1 0
6 5 0
6 19 0
7 3 0
7 10 0
8 9 0
8 11 0
9 8 0
9 10 0
10 7 0
10 9 0
10 12 0
11 8 0
11 47 0
12 10 0
12 13 0
12 14 0
12 15 0
13 12 0
14 12 0
15 12 0
15 16 0
15 17 0
15 18 0
16 15 0
17 15 0
18 15 0
19 6 0
19 20 0
19 21 0
19 22 0
20 19 0
21 19 0
22 19 0
22 23 0
22 24 0
22 25 0
23 22 0
24 22 0
25 22 0
26 27 0
26 40 0
27 26 0
27 43 0
28 29 0
28 30 0
29 28 0
29 34 0
30 28 0
30 43 0
31 32 0
31 35 0
32 31 0
32 33 0
33 32 0
33 34 0
34 29 0
34 33 0
34 50 0
35 31 0
35 38 0
36 37 0
36 39 0
37 36 0
37 38 0
38 35 0
38 37 0
38 57 0
39 36 0
39 49 0
40 26 0
40 41 0
41 40 0
41 42 0
42 2 0
42 41 0
42 85 0
43 27 0
43 30 0
43 64 0
44 45 0
44 48 0
45 44 0
45 46 0
46 45 0
46 47 0
47 11 0
47 46 0
47 78 0
48 44 0
48 49 0
49 39 0
49 48 0
49 71 0
50 34 0
50 51 0
50 52 0
50 53 0
51 50 0
52 50 0
53 50 0
53 54 0
53 55 0
53 56 0
54 53 0
55 53 0
56 53 0
57 38 0
57 58 0
57 59 0
57 60 0
58 57 0
59 57 0
60 57 0
60 61 0
60 62 0
60 63 0
61 60 0
62 60 0
63 60 0
64 43 0
64 65 0
64 66 0
64 67 0
65 64 0
66 64 0
67 64 0
67 68 0
67 69 0
67 70 0
68 67 0
69 67 0
70 67 0
71 49 0
71 72 0
71 73 0
71 74 0
72 71 0
73 71 0
74 71 0
74 75 0
74 76 0
74 77 0
75 74 0
76 74 0
77 74 0
78 47 0
78 79 0
78 80 0
78 81 0
79 78 0
80 78 0
81 78 0
81 82 0
81 83 0
81 84 0
82 81 0
83 81 0
84 81 0
85 42 0
85 86 0
85 87 0
85 88 0
86 85 0
87 85 0
88 85 0
88 89 0
88 90 0
88 91 0
89 88 0
90 88 0
91 88 0
GraphDataEnd
GraphEnd
NodeEnd
END_EPT
