BEGIN_EPT
AnchorID: 5733  # ID of the anchor node
RootIndex: 0  # Index of the root node in tree_nodes
NodeCount: 32  # Total number of nodes in the EPT
NodeStart
EPTNodeID: 0
AnchorID: 5733
TreeNodeGraphID: 0
Level: 0
SimplifiedLevel: 0
EditOperation: -1 0 -1 0 0
AccumulatedOpsCount: 0
ChildrenCount: 3
ChildIndices: 1 17 29
CompletedDBGraphIDsCount: 0
GraphStart
GraphDataStart
ID: 0
NumNodes: 52
NumEdges: 110
NodeLabels
0 2 2 2 2 2 2 0 0 2 2 2 2 2 2 0 2 2 2 0 2 0 3 2 3 2 0 2 2 2 2 2 0 2 0 2 2 2 2 2 2 2 2 0 0 2 2 2 2 2 0 2 
Edges
0 1 0
1 0 0
1 2 0
1 3 0
2 1 0
2 4 0
2 5 0
3 1 0
3 6 0
3 7 0
3 8 0
4 2 0
4 9 0
4 10 0
5 2 0
5 7 0
5 11 0
6 3 0
7 3 0
7 5 0
8 3 0
8 12 0
9 4 0
9 13 0
9 14 0
10 4 0
10 15 0
10 16 0
11 5 0
11 14 0
11 17 0
12 8 0
12 18 0
13 9 0
13 19 0
13 20 0
14 9 0
14 11 0
14 21 0
15 10 0
16 10 0
16 20 0
16 22 0
17 11 0
18 12 0
18 23 0
19 13 0
20 13 0
20 16 0
20 24 0
21 14 0
22 16 0
22 25 0
23 18 0
23 26 0
23 27 0
24 20 0
24 28 0
25 22 0
26 23 0
26 29 0
27 23 0
27 30 0
27 31 0
28 24 0
28 32 0
28 33 0
29 26 0
30 27 0
31 27 0
31 34 0
31 35 0
32 28 0
33 28 0
33 36 0
33 37 0
34 31 0
34 38 0
35 31 0
35 39 0
35 40 0
36 33 0
37 33 0
37 41 0
38 34 0
38 42 0
38 43 0
39 35 0
40 35 0
40 44 0
40 45 0
41 37 0
41 46 0
42 38 0
43 38 0
44 40 0
45 40 0
45 47 0
45 48 0
46 41 0
46 49 0
47 45 0
48 45 0
48 49 0
48 50 0
49 46 0
49 48 0
49 51 0
50 48 0
51 49 0
GraphDataEnd
GraphEnd
NodeEnd
NodeStart
EPTNodeID: 1
AnchorID: 5733
TreeNodeGraphID: 1
Level: 1
SimplifiedLevel: 0
EditOperation: 4 16 22 0 0
AccumulatedOpsCount: 1
AccumulatedOp: 4 16 22 0 0
ChildrenCount: 4
ChildIndices: 2 6 13 16
CompletedDBGraphIDsCount: 0
GraphStart
GraphDataStart
ID: 1
NumNodes: 52
NumEdges: 108
NodeLabels
0 2 2 2 2 2 2 0 0 2 2 2 2 2 2 0 2 2 2 0 2 0 3 2 3 2 0 2 2 2 2 2 0 2 0 2 2 2 2 2 2 2 2 0 0 2 2 2 2 2 0 2 
Edges
0 1 0
1 0 0
1 2 0
1 3 0
2 1 0
2 4 0
2 5 0
3 1 0
3 6 0
3 7 0
3 8 0
4 2 0
4 9 0
4 10 0
5 2 0
5 7 0
5 11 0
6 3 0
7 3 0
7 5 0
8 3 0
8 12 0
9 4 0
9 13 0
9 14 0
10 4 0
10 15 0
10 16 0
11 5 0
11 14 0
11 17 0
12 8 0
12 18 0
13 9 0
13 19 0
13 20 0
14 9 0
14 11 0
14 21 0
15 10 0
16 10 0
16 20 0
17 11 0
18 12 0
18 23 0
19 13 0
20 13 0
20 16 0
20 24 0
21 14 0
22 25 0
23 18 0
23 26 0
23 27 0
24 20 0
24 28 0
25 22 0
26 23 0
26 29 0
27 23 0
27 30 0
27 31 0
28 24 0
28 32 0
28 33 0
29 26 0
30 27 0
31 27 0
31 34 0
31 35 0
32 28 0
33 28 0
33 36 0
33 37 0
34 31 0
34 38 0
35 31 0
35 39 0
35 40 0
36 33 0
37 33 0
37 41 0
38 34 0
38 42 0
38 43 0
39 35 0
40 35 0
40 44 0
40 45 0
41 37 0
41 46 0
42 38 0
43 38 0
44 40 0
45 40 0
45 47 0
45 48 0
46 41 0
46 49 0
47 45 0
48 45 0
48 49 0
48 50 0
49 46 0
49 48 0
49 51 0
50 48 0
51 49 0
GraphDataEnd
GraphEnd
NodeEnd
NodeStart
EPTNodeID: 2
AnchorID: 5733
TreeNodeGraphID: 3
Level: 3
SimplifiedLevel: 0
EditOperation: 1 22 0 3 0
AccumulatedOpsCount: 2
AccumulatedOp: 4 22 25 0 0
AccumulatedOp: 1 22 0 3 0
ChildrenCount: 2
ChildIndices: 3 5
CompletedDBGraphIDsCount: 0
GraphStart
GraphDataStart
ID: 3
NumNodes: 51
NumEdges: 106
NodeLabels
0 2 2 2 2 2 2 0 0 2 2 2 2 2 2 0 2 2 2 0 2 0 2 3 2 0 2 2 2 2 2 0 2 0 2 2 2 2 2 2 2 2 0 0 2 2 2 2 2 0 2 
Edges
0 1 0
1 0 0
1 2 0
1 3 0
2 1 0
2 4 0
2 5 0
3 1 0
3 6 0
3 7 0
3 8 0
4 2 0
4 9 0
4 10 0
5 2 0
5 7 0
5 11 0
6 3 0
7 3 0
7 5 0
8 3 0
8 12 0
9 4 0
9 13 0
9 14 0
10 4 0
10 15 0
10 16 0
11 5 0
11 14 0
11 17 0
12 8 0
12 18 0
13 9 0
13 19 0
13 20 0
14 9 0
14 11 0
14 21 0
15 10 0
16 10 0
16 20 0
17 11 0
18 12 0
18 22 0
19 13 0
20 13 0
20 16 0
20 23 0
21 14 0
22 18 0
22 25 0
22 26 0
23 20 0
23 27 0
25 22 0
25 28 0
26 22 0
26 29 0
26 30 0
27 23 0
27 31 0
27 32 0
28 25 0
29 26 0
30 26 0
30 33 0
30 34 0
31 27 0
32 27 0
32 35 0
32 36 0
33 30 0
33 37 0
34 30 0
34 38 0
34 39 0
35 32 0
36 32 0
36 40 0
37 33 0
37 41 0
37 42 0
38 34 0
39 34 0
39 43 0
39 44 0
40 36 0
40 45 0
41 37 0
42 37 0
43 39 0
44 39 0
44 46 0
44 47 0
45 40 0
45 48 0
46 44 0
47 44 0
47 48 0
47 49 0
48 45 0
48 47 0
48 50 0
49 47 0
50 48 0
GraphDataEnd
GraphEnd
NodeEnd
NodeStart
EPTNodeID: 3
AnchorID: 5733
TreeNodeGraphID: 4
Level: 4
SimplifiedLevel: 0
EditOperation: 1 25 0 2 0
AccumulatedOpsCount: 1
AccumulatedOp: 1 25 0 2 0
ChildrenCount: 1
ChildIndices: 4
CompletedDBGraphIDsCount: 2
CompletedDBGraphID: 18298
CompletedDBGraphID: 710
GraphStart
GraphDataStart
ID: 4
NumNodes: 50
NumEdges: 106
NodeLabels
0 2 2 2 2 2 2 0 0 2 2 2 2 2 2 0 2 2 2 0 2 0 2 3 0 2 2 2 2 2 0 2 0 2 2 2 2 2 2 2 2 0 0 2 2 2 2 2 0 2 
Edges
0 1 0
1 0 0
1 2 0
1 3 0
2 1 0
2 4 0
2 5 0
3 1 0
3 6 0
3 7 0
3 8 0
4 2 0
4 9 0
4 10 0
5 2 0
5 7 0
5 11 0
6 3 0
7 3 0
7 5 0
8 3 0
8 12 0
9 4 0
9 13 0
9 14 0
10 4 0
10 15 0
10 16 0
11 5 0
11 14 0
11 17 0
12 8 0
12 18 0
13 9 0
13 19 0
13 20 0
14 9 0
14 11 0
14 21 0
15 10 0
16 10 0
16 20 0
17 11 0
18 12 0
18 22 0
19 13 0
20 13 0
20 16 0
20 23 0
21 14 0
22 18 0
22 24 0
22 25 0
23 20 0
23 26 0
24 22 0
24 27 0
25 22 0
25 28 0
25 29 0
26 23 0
26 30 0
26 31 0
27 24 0
28 25 0
29 25 0
29 32 0
29 33 0
30 26 0
31 26 0
31 34 0
31 35 0
32 29 0
32 36 0
33 29 0
33 37 0
33 38 0
34 31 0
35 31 0
35 39 0
36 32 0
36 40 0
36 41 0
37 33 0
38 33 0
38 42 0
38 43 0
39 35 0
39 44 0
40 36 0
41 36 0
42 38 0
43 38 0
43 45 0
43 46 0
44 39 0
44 47 0
45 43 0
46 43 0
46 47 0
46 48 0
47 44 0
47 46 0
47 49 0
48 46 0
49 47 0
GraphDataEnd
GraphEnd
NodeEnd
NodeStart
EPTNodeID: 4
AnchorID: 5733
TreeNodeGraphID: 6
Level: 6
SimplifiedLevel: 0
EditOperation: 0 43 0 0 2
AccumulatedOpsCount: 2
AccumulatedOp: 5 38 44 0 0
AccumulatedOp: 0 43 0 0 2
ChildrenCount: 0
ChildIndices:
CompletedDBGraphIDsCount: 1
CompletedDBGraphID: 21384
GraphStart
GraphDataStart
ID: 6
NumNodes: 50
NumEdges: 108
NodeLabels
0 2 2 2 2 2 2 0 0 2 2 2 2 2 2 0 2 2 2 0 2 0 2 3 0 2 2 2 2 2 0 2 0 2 2 2 2 2 2 2 2 2 0 2 2 2 2 2 0 2 
Edges
0 1 0
1 0 0
1 2 0
1 3 0
2 1 0
2 4 0
2 5 0
3 1 0
3 6 0
3 7 0
3 8 0
4 2 0
4 9 0
4 10 0
5 2 0
5 7 0
5 11 0
6 3 0
7 3 0
7 5 0
8 3 0
8 12 0
9 4 0
9 13 0
9 14 0
10 4 0
10 15 0
10 16 0
11 5 0
11 14 0
11 17 0
12 8 0
12 18 0
13 9 0
13 19 0
13 20 0
14 9 0
14 11 0
14 21 0
15 10 0
16 10 0
16 20 0
17 11 0
18 12 0
18 22 0
19 13 0
20 13 0
20 16 0
20 23 0
21 14 0
22 18 0
22 24 0
22 25 0
23 20 0
23 26 0
24 22 0
24 27 0
25 22 0
25 28 0
25 29 0
26 23 0
26 30 0
26 31 0
27 24 0
28 25 0
29 25 0
29 32 0
29 33 0
30 26 0
31 26 0
31 34 0
31 35 0
32 29 0
32 36 0
33 29 0
33 37 0
33 38 0
34 31 0
35 31 0
35 39 0
36 32 0
36 40 0
36 41 0
36 42 0
37 33 0
38 33 0
38 42 0
38 43 0
39 35 0
39 44 0
40 36 0
41 36 0
42 38 0
42 36 0
43 38 0
43 45 0
43 46 0
44 39 0
44 47 0
45 43 0
46 43 0
46 47 0
46 48 0
47 44 0
47 46 0
47 49 0
48 46 0
49 47 0
GraphDataEnd
GraphEnd
NodeEnd
NodeStart
EPTNodeID: 5
AnchorID: 5733
TreeNodeGraphID: 7
Level: 4
SimplifiedLevel: 0
EditOperation: 5 25 32 0 0
AccumulatedOpsCount: 1
AccumulatedOp: 5 25 32 0 0
ChildrenCount: 0
ChildIndices:
CompletedDBGraphIDsCount: 1
CompletedDBGraphID: 13547
GraphStart
GraphDataStart
ID: 7
NumNodes: 51
NumEdges: 108
NodeLabels
0 2 2 2 2 2 2 0 0 2 2 2 2 2 2 0 2 2 2 0 2 0 2 3 2 0 2 2 2 2 2 0 2 0 2 2 2 2 2 2 2 2 0 0 2 2 2 2 2 0 2 
Edges
0 1 0
1 0 0
1 2 0
1 3 0
2 1 0
2 4 0
2 5 0
3 1 0
3 6 0
3 7 0
3 8 0
4 2 0
4 9 0
4 10 0
5 2 0
5 7 0
5 11 0
6 3 0
7 3 0
7 5 0
8 3 0
8 12 0
9 4 0
9 13 0
9 14 0
10 4 0
10 15 0
10 16 0
11 5 0
11 14 0
11 17 0
12 8 0
12 18 0
13 9 0
13 19 0
13 20 0
14 9 0
14 11 0
14 21 0
15 10 0
16 10 0
16 20 0
17 11 0
18 12 0
18 22 0
19 13 0
20 13 0
20 16 0
20 23 0
21 14 0
22 18 0
22 25 0
22 26 0
23 20 0
23 27 0
24 31 0
25 22 0
25 28 0
26 22 0
26 29 0
26 30 0
27 23 0
27 31 0
27 32 0
28 25 0
29 26 0
30 26 0
30 33 0
30 34 0
31 27 0
31 24 0
32 27 0
32 35 0
32 36 0
33 30 0
33 37 0
34 30 0
34 38 0
34 39 0
35 32 0
36 32 0
36 40 0
37 33 0
37 41 0
37 42 0
38 34 0
39 34 0
39 43 0
39 44 0
40 36 0
40 45 0
41 37 0
42 37 0
43 39 0
44 39 0
44 46 0
44 47 0
45 40 0
45 48 0
46 44 0
47 44 0
47 48 0
47 49 0
48 45 0
48 47 0
48 50 0
49 47 0
50 48 0
GraphDataEnd
GraphEnd
NodeEnd
NodeStart
EPTNodeID: 6
AnchorID: 5733
TreeNodeGraphID: 8
Level: 2
SimplifiedLevel: 0
EditOperation: 2 52 0 0 2
AccumulatedOpsCount: 1
AccumulatedOp: 2 52 0 0 2
ChildrenCount: 2
ChildIndices: 7 12
CompletedDBGraphIDsCount: 0
GraphStart
GraphDataStart
ID: 8
NumNodes: 53
NumEdges: 108
NodeLabels
0 2 2 2 2 2 2 0 0 2 2 2 2 2 2 0 2 2 2 0 2 0 3 2 3 2 0 2 2 2 2 2 0 2 0 2 2 2 2 2 2 2 2 0 0 2 2 2 2 2 0 2 2 
Edges
0 1 0
1 0 0
1 2 0
1 3 0
2 1 0
2 4 0
2 5 0
3 1 0
3 6 0
3 7 0
3 8 0
4 2 0
4 9 0
4 10 0
5 2 0
5 7 0
5 11 0
6 3 0
7 3 0
7 5 0
8 3 0
8 12 0
9 4 0
9 13 0
9 14 0
10 4 0
10 15 0
10 16 0
11 5 0
11 14 0
11 17 0
12 8 0
12 18 0
13 9 0
13 19 0
13 20 0
14 9 0
14 11 0
14 21 0
15 10 0
16 10 0
16 20 0
17 11 0
18 12 0
18 23 0
19 13 0
20 13 0
20 16 0
20 24 0
21 14 0
22 25 0
23 18 0
23 26 0
23 27 0
24 20 0
24 28 0
25 22 0
26 23 0
26 29 0
27 23 0
27 30 0
27 31 0
28 24 0
28 32 0
28 33 0
29 26 0
30 27 0
31 27 0
31 34 0
31 35 0
32 28 0
33 28 0
33 36 0
33 37 0
34 31 0
34 38 0
35 31 0
35 39 0
35 40 0
36 33 0
37 33 0
37 41 0
38 34 0
38 42 0
38 43 0
39 35 0
40 35 0
40 44 0
40 45 0
41 37 0
41 46 0
42 38 0
43 38 0
44 40 0
45 40 0
45 47 0
45 48 0
46 41 0
46 49 0
47 45 0
48 45 0
48 49 0
48 50 0
49 46 0
49 48 0
49 51 0
50 48 0
51 49 0
GraphDataEnd
GraphEnd
NodeEnd
NodeStart
EPTNodeID: 7
AnchorID: 5733
TreeNodeGraphID: 10
Level: 4
SimplifiedLevel: 0
EditOperation: 5 52 53 0 0
AccumulatedOpsCount: 2
AccumulatedOp: 2 53 0 0 2
AccumulatedOp: 5 52 53 0 0
ChildrenCount: 2
ChildIndices: 8 11
CompletedDBGraphIDsCount: 0
GraphStart
GraphDataStart
ID: 10
NumNodes: 54
NumEdges: 110
NodeLabels
0 2 2 2 2 2 2 0 0 2 2 2 2 2 2 0 2 2 2 0 2 0 3 2 3 2 0 2 2 2 2 2 0 2 0 2 2 2 2 2 2 2 2 0 0 2 2 2 2 2 0 2 2 2 
Edges
0 1 0
1 0 0
1 2 0
1 3 0
2 1 0
2 4 0
2 5 0
3 1 0
3 6 0
3 7 0
3 8 0
4 2 0
4 9 0
4 10 0
5 2 0
5 7 0
5 11 0
6 3 0
7 3 0
7 5 0
8 3 0
8 12 0
9 4 0
9 13 0
9 14 0
10 4 0
10 15 0
10 16 0
11 5 0
11 14 0
11 17 0
12 8 0
12 18 0
13 9 0
13 19 0
13 20 0
14 9 0
14 11 0
14 21 0
15 10 0
16 10 0
16 20 0
17 11 0
18 12 0
18 23 0
19 13 0
20 13 0
20 16 0
20 24 0
21 14 0
22 25 0
23 18 0
23 26 0
23 27 0
24 20 0
24 28 0
25 22 0
26 23 0
26 29 0
27 23 0
27 30 0
27 31 0
28 24 0
28 32 0
28 33 0
29 26 0
30 27 0
31 27 0
31 34 0
31 35 0
32 28 0
33 28 0
33 36 0
33 37 0
34 31 0
34 38 0
35 31 0
35 39 0
35 40 0
36 33 0
37 33 0
37 41 0
38 34 0
38 42 0
38 43 0
39 35 0
40 35 0
40 44 0
40 45 0
41 37 0
41 46 0
42 38 0
43 38 0
44 40 0
45 40 0
45 47 0
45 48 0
46 41 0
46 49 0
47 45 0
48 45 0
48 49 0
48 50 0
49 46 0
49 48 0
49 51 0
50 48 0
51 49 0
52 53 0
53 52 0
GraphDataEnd
GraphEnd
NodeEnd
NodeStart
EPTNodeID: 8
AnchorID: 5733
TreeNodeGraphID: 15
Level: 9
SimplifiedLevel: 0
EditOperation: 5 22 53 0 0
AccumulatedOpsCount: 5
AccumulatedOp: 2 54 0 0 0
AccumulatedOp: 2 55 0 0 2
AccumulatedOp: 5 53 54 0 0
AccumulatedOp: 5 15 52 0 0
AccumulatedOp: 5 22 53 0 0
ChildrenCount: 2
ChildIndices: 9 10
CompletedDBGraphIDsCount: 0
GraphStart
GraphDataStart
ID: 15
NumNodes: 56
NumEdges: 116
NodeLabels
0 2 2 2 2 2 2 0 0 2 2 2 2 2 2 0 2 2 2 0 2 0 3 2 3 2 0 2 2 2 2 2 0 2 0 2 2 2 2 2 2 2 2 0 0 2 2 2 2 2 0 2 2 2 0 2 
Edges
0 1 0
1 0 0
1 2 0
1 3 0
2 1 0
2 4 0
2 5 0
3 1 0
3 6 0
3 7 0
3 8 0
4 2 0
4 9 0
4 10 0
5 2 0
5 7 0
5 11 0
6 3 0
7 3 0
7 5 0
8 3 0
8 12 0
9 4 0
9 13 0
9 14 0
10 4 0
10 15 0
10 16 0
11 5 0
11 14 0
11 17 0
12 8 0
12 18 0
13 9 0
13 19 0
13 20 0
14 9 0
14 11 0
14 21 0
15 10 0
15 52 0
16 10 0
16 20 0
17 11 0
18 12 0
18 23 0
19 13 0
20 13 0
20 16 0
20 24 0
21 14 0
22 25 0
22 53 0
23 18 0
23 26 0
23 27 0
24 20 0
24 28 0
25 22 0
26 23 0
26 29 0
27 23 0
27 30 0
27 31 0
28 24 0
28 32 0
28 33 0
29 26 0
30 27 0
31 27 0
31 34 0
31 35 0
32 28 0
33 28 0
33 36 0
33 37 0
34 31 0
34 38 0
35 31 0
35 39 0
35 40 0
36 33 0
37 33 0
37 41 0
38 34 0
38 42 0
38 43 0
39 35 0
40 35 0
40 44 0
40 45 0
41 37 0
41 46 0
42 38 0
43 38 0
44 40 0
45 40 0
45 47 0
45 48 0
46 41 0
46 49 0
47 45 0
48 45 0
48 49 0
48 50 0
49 46 0
49 48 0
49 51 0
50 48 0
51 49 0
52 53 0
52 15 0
53 52 0
53 54 0
53 22 0
54 53 0
GraphDataEnd
GraphEnd
NodeEnd
NodeStart
EPTNodeID: 9
AnchorID: 5733
TreeNodeGraphID: 16
Level: 10
SimplifiedLevel: 0
EditOperation: 5 25 55 0 0
AccumulatedOpsCount: 1
AccumulatedOp: 5 25 55 0 0
ChildrenCount: 0
ChildIndices:
CompletedDBGraphIDsCount: 1
CompletedDBGraphID: 11431
GraphStart
GraphDataStart
ID: 16
NumNodes: 56
NumEdges: 118
NodeLabels
0 2 2 2 2 2 2 0 0 2 2 2 2 2 2 0 2 2 2 0 2 0 3 2 3 2 0 2 2 2 2 2 0 2 0 2 2 2 2 2 2 2 2 0 0 2 2 2 2 2 0 2 2 2 0 2 
Edges
0 1 0
1 0 0
1 2 0
1 3 0
2 1 0
2 4 0
2 5 0
3 1 0
3 6 0
3 7 0
3 8 0
4 2 0
4 9 0
4 10 0
5 2 0
5 7 0
5 11 0
6 3 0
7 3 0
7 5 0
8 3 0
8 12 0
9 4 0
9 13 0
9 14 0
10 4 0
10 15 0
10 16 0
11 5 0
11 14 0
11 17 0
12 8 0
12 18 0
13 9 0
13 19 0
13 20 0
14 9 0
14 11 0
14 21 0
15 10 0
15 52 0
16 10 0
16 20 0
17 11 0
18 12 0
18 23 0
19 13 0
20 13 0
20 16 0
20 24 0
21 14 0
22 25 0
22 53 0
23 18 0
23 26 0
23 27 0
24 20 0
24 28 0
25 22 0
25 55 0
26 23 0
26 29 0
27 23 0
27 30 0
27 31 0
28 24 0
28 32 0
28 33 0
29 26 0
30 27 0
31 27 0
31 34 0
31 35 0
32 28 0
33 28 0
33 36 0
33 37 0
34 31 0
34 38 0
35 31 0
35 39 0
35 40 0
36 33 0
37 33 0
37 41 0
38 34 0
38 42 0
38 43 0
39 35 0
40 35 0
40 44 0
40 45 0
41 37 0
41 46 0
42 38 0
43 38 0
44 40 0
45 40 0
45 47 0
45 48 0
46 41 0
46 49 0
47 45 0
48 45 0
48 49 0
48 50 0
49 46 0
49 48 0
49 51 0
50 48 0
51 49 0
52 53 0
52 15 0
53 52 0
53 54 0
53 22 0
54 53 0
55 25 0
GraphDataEnd
GraphEnd
NodeEnd
NodeStart
EPTNodeID: 10
AnchorID: 5733
TreeNodeGraphID: 17
Level: 10
SimplifiedLevel: 0
EditOperation: 5 22 55 0 0
AccumulatedOpsCount: 1
AccumulatedOp: 5 22 55 0 0
ChildrenCount: 0
ChildIndices:
CompletedDBGraphIDsCount: 1
CompletedDBGraphID: 8890
GraphStart
GraphDataStart
ID: 17
NumNodes: 56
NumEdges: 118
NodeLabels
0 2 2 2 2 2 2 0 0 2 2 2 2 2 2 0 2 2 2 0 2 0 3 2 3 2 0 2 2 2 2 2 0 2 0 2 2 2 2 2 2 2 2 0 0 2 2 2 2 2 0 2 2 2 0 2 
Edges
0 1 0
1 0 0
1 2 0
1 3 0
2 1 0
2 4 0
2 5 0
3 1 0
3 6 0
3 7 0
3 8 0
4 2 0
4 9 0
4 10 0
5 2 0
5 7 0
5 11 0
6 3 0
7 3 0
7 5 0
8 3 0
8 12 0
9 4 0
9 13 0
9 14 0
10 4 0
10 15 0
10 16 0
11 5 0
11 14 0
11 17 0
12 8 0
12 18 0
13 9 0
13 19 0
13 20 0
14 9 0
14 11 0
14 21 0
15 10 0
15 52 0
16 10 0
16 20 0
17 11 0
18 12 0
18 23 0
19 13 0
20 13 0
20 16 0
20 24 0
21 14 0
22 25 0
22 53 0
22 55 0
23 18 0
23 26 0
23 27 0
24 20 0
24 28 0
25 22 0
26 23 0
26 29 0
27 23 0
27 30 0
27 31 0
28 24 0
28 32 0
28 33 0
29 26 0
30 27 0
31 27 0
31 34 0
31 35 0
32 28 0
33 28 0
33 36 0
33 37 0
34 31 0
34 38 0
35 31 0
35 39 0
35 40 0
36 33 0
37 33 0
37 41 0
38 34 0
38 42 0
38 43 0
39 35 0
40 35 0
40 44 0
40 45 0
41 37 0
41 46 0
42 38 0
43 38 0
44 40 0
45 40 0
45 47 0
45 48 0
46 41 0
46 49 0
47 45 0
48 45 0
48 49 0
48 50 0
49 46 0
49 48 0
49 51 0
50 48 0
51 49 0
52 53 0
52 15 0
53 52 0
53 54 0
53 22 0
54 53 0
55 22 0
GraphDataEnd
GraphEnd
NodeEnd
NodeStart
EPTNodeID: 11
AnchorID: 5733
TreeNodeGraphID: 23
Level: 10
SimplifiedLevel: 0
EditOperation: 5 25 54 0 0
AccumulatedOpsCount: 6
AccumulatedOp: 5 15 42 0 0
AccumulatedOp: 4 34 38 0 0
AccumulatedOp: 2 54 0 0 2
AccumulatedOp: 5 22 38 0 0
AccumulatedOp: 5 22 52 0 0
AccumulatedOp: 5 25 54 0 0
ChildrenCount: 0
ChildIndices:
CompletedDBGraphIDsCount: 1
CompletedDBGraphID: 19341
GraphStart
GraphDataStart
ID: 23
NumNodes: 55
NumEdges: 116
NodeLabels
0 2 2 2 2 2 2 0 0 2 2 2 2 2 2 0 2 2 2 0 2 0 3 2 3 2 0 2 2 2 2 2 0 2 0 2 2 2 2 2 2 2 2 0 0 2 2 2 2 2 0 2 2 2 2 
Edges
0 1 0
1 0 0
1 2 0
1 3 0
2 1 0
2 4 0
2 5 0
3 1 0
3 6 0
3 7 0
3 8 0
4 2 0
4 9 0
4 10 0
5 2 0
5 7 0
5 11 0
6 3 0
7 3 0
7 5 0
8 3 0
8 12 0
9 4 0
9 13 0
9 14 0
10 4 0
10 15 0
10 16 0
11 5 0
11 14 0
11 17 0
12 8 0
12 18 0
13 9 0
13 19 0
13 20 0
14 9 0
14 11 0
14 21 0
15 10 0
15 42 0
16 10 0
16 20 0
17 11 0
18 12 0
18 23 0
19 13 0
20 13 0
20 16 0
20 24 0
21 14 0
22 25 0
22 38 0
22 52 0
23 18 0
23 26 0
23 27 0
24 20 0
24 28 0
25 22 0
25 54 0
26 23 0
26 29 0
27 23 0
27 30 0
27 31 0
28 24 0
28 32 0
28 33 0
29 26 0
30 27 0
31 27 0
31 34 0
31 35 0
32 28 0
33 28 0
33 36 0
33 37 0
34 31 0
35 31 0
35 39 0
35 40 0
36 33 0
37 33 0
37 41 0
38 42 0
38 43 0
38 22 0
39 35 0
40 35 0
40 44 0
40 45 0
41 37 0
41 46 0
42 38 0
42 15 0
43 38 0
44 40 0
45 40 0
45 47 0
45 48 0
46 41 0
46 49 0
47 45 0
48 45 0
48 49 0
48 50 0
49 46 0
49 48 0
49 51 0
50 48 0
51 49 0
52 53 0
52 22 0
53 52 0
54 25 0
GraphDataEnd
GraphEnd
NodeEnd
NodeStart
EPTNodeID: 12
AnchorID: 5733
TreeNodeGraphID: 32
Level: 11
SimplifiedLevel: 0
EditOperation: 5 43 54 0 0
AccumulatedOpsCount: 9
AccumulatedOp: 4 34 38 0 0
AccumulatedOp: 5 22 42 0 0
AccumulatedOp: 2 53 0 0 3
AccumulatedOp: 5 16 52 0 0
AccumulatedOp: 2 54 0 0 2
AccumulatedOp: 5 52 53 0 0
AccumulatedOp: 5 22 53 0 0
AccumulatedOp: 5 25 54 0 0
AccumulatedOp: 5 43 54 0 0
ChildrenCount: 0
ChildIndices:
CompletedDBGraphIDsCount: 1
CompletedDBGraphID: 21454
GraphStart
GraphDataStart
ID: 32
NumNodes: 55
NumEdges: 118
NodeLabels
0 2 2 2 2 2 2 0 0 2 2 2 2 2 2 0 2 2 2 0 2 0 3 2 3 2 0 2 2 2 2 2 0 2 0 2 2 2 2 2 2 2 2 0 0 2 2 2 2 2 0 2 2 3 2 
Edges
0 1 0
1 0 0
1 2 0
1 3 0
2 1 0
2 4 0
2 5 0
3 1 0
3 6 0
3 7 0
3 8 0
4 2 0
4 9 0
4 10 0
5 2 0
5 7 0
5 11 0
6 3 0
7 3 0
7 5 0
8 3 0
8 12 0
9 4 0
9 13 0
9 14 0
10 4 0
10 15 0
10 16 0
11 5 0
11 14 0
11 17 0
12 8 0
12 18 0
13 9 0
13 19 0
13 20 0
14 9 0
14 11 0
14 21 0
15 10 0
16 10 0
16 20 0
16 52 0
17 11 0
18 12 0
18 23 0
19 13 0
20 13 0
20 16 0
20 24 0
21 14 0
22 25 0
22 42 0
22 53 0
23 18 0
23 26 0
23 27 0
24 20 0
24 28 0
25 22 0
25 54 0
26 23 0
26 29 0
27 23 0
27 30 0
27 31 0
28 24 0
28 32 0
28 33 0
29 26 0
30 27 0
31 27 0
31 34 0
31 35 0
32 28 0
33 28 0
33 36 0
33 37 0
34 31 0
35 31 0
35 39 0
35 40 0
36 33 0
37 33 0
37 41 0
38 42 0
38 43 0
39 35 0
40 35 0
40 44 0
40 45 0
41 37 0
41 46 0
42 38 0
42 22 0
43 38 0
43 54 0
44 40 0
45 40 0
45 47 0
45 48 0
46 41 0
46 49 0
47 45 0
48 45 0
48 49 0
48 50 0
49 46 0
49 48 0
49 51 0
50 48 0
51 49 0
52 16 0
52 53 0
53 52 0
53 22 0
54 25 0
54 43 0
GraphDataEnd
GraphEnd
NodeEnd
NodeStart
EPTNodeID: 13
AnchorID: 5733
TreeNodeGraphID: 34
Level: 3
SimplifiedLevel: 0
EditOperation: 5 22 52 0 0
AccumulatedOpsCount: 2
AccumulatedOp: 2 52 0 0 0
AccumulatedOp: 5 22 52 0 0
ChildrenCount: 2
ChildIndices: 14 15
CompletedDBGraphIDsCount: 0
GraphStart
GraphDataStart
ID: 34
NumNodes: 53
NumEdges: 110
NodeLabels
0 2 2 2 2 2 2 0 0 2 2 2 2 2 2 0 2 2 2 0 2 0 3 2 3 2 0 2 2 2 2 2 0 2 0 2 2 2 2 2 2 2 2 0 0 2 2 2 2 2 0 2 0 
Edges
0 1 0
1 0 0
1 2 0
1 3 0
2 1 0
2 4 0
2 5 0
3 1 0
3 6 0
3 7 0
3 8 0
4 2 0
4 9 0
4 10 0
5 2 0
5 7 0
5 11 0
6 3 0
7 3 0
7 5 0
8 3 0
8 12 0
9 4 0
9 13 0
9 14 0
10 4 0
10 15 0
10 16 0
11 5 0
11 14 0
11 17 0
12 8 0
12 18 0
13 9 0
13 19 0
13 20 0
14 9 0
14 11 0
14 21 0
15 10 0
16 10 0
16 20 0
17 11 0
18 12 0
18 23 0
19 13 0
20 13 0
20 16 0
20 24 0
21 14 0
22 25 0
22 52 0
23 18 0
23 26 0
23 27 0
24 20 0
24 28 0
25 22 0
26 23 0
26 29 0
27 23 0
27 30 0
27 31 0
28 24 0
28 32 0
28 33 0
29 26 0
30 27 0
31 27 0
31 34 0
31 35 0
32 28 0
33 28 0
33 36 0
33 37 0
34 31 0
34 38 0
35 31 0
35 39 0
35 40 0
36 33 0
37 33 0
37 41 0
38 34 0
38 42 0
38 43 0
39 35 0
40 35 0
40 44 0
40 45 0
41 37 0
41 46 0
42 38 0
43 38 0
44 40 0
45 40 0
45 47 0
45 48 0
46 41 0
46 49 0
47 45 0
48 45 0
48 49 0
48 50 0
49 46 0
49 48 0
49 51 0
50 48 0
51 49 0
52 22 0
GraphDataEnd
GraphEnd
NodeEnd
NodeStart
EPTNodeID: 14
AnchorID: 5733
TreeNodeGraphID: 35
Level: 4
SimplifiedLevel: 0
EditOperation: 5 16 25 0 0
AccumulatedOpsCount: 1
AccumulatedOp: 5 16 25 0 0
ChildrenCount: 0
ChildIndices:
CompletedDBGraphIDsCount: 1
CompletedDBGraphID: 31173
GraphStart
GraphDataStart
ID: 35
NumNodes: 53
NumEdges: 112
NodeLabels
0 2 2 2 2 2 2 0 0 2 2 2 2 2 2 0 2 2 2 0 2 0 3 2 3 2 0 2 2 2 2 2 0 2 0 2 2 2 2 2 2 2 2 0 0 2 2 2 2 2 0 2 0 
Edges
0 1 0
1 0 0
1 2 0
1 3 0
2 1 0
2 4 0
2 5 0
3 1 0
3 6 0
3 7 0
3 8 0
4 2 0
4 9 0
4 10 0
5 2 0
5 7 0
5 11 0
6 3 0
7 3 0
7 5 0
8 3 0
8 12 0
9 4 0
9 13 0
9 14 0
10 4 0
10 15 0
10 16 0
11 5 0
11 14 0
11 17 0
12 8 0
12 18 0
13 9 0
13 19 0
13 20 0
14 9 0
14 11 0
14 21 0
15 10 0
16 10 0
16 20 0
16 25 0
17 11 0
18 12 0
18 23 0
19 13 0
20 13 0
20 16 0
20 24 0
21 14 0
22 25 0
22 52 0
23 18 0
23 26 0
23 27 0
24 20 0
24 28 0
25 22 0
25 16 0
26 23 0
26 29 0
27 23 0
27 30 0
27 31 0
28 24 0
28 32 0
28 33 0
29 26 0
30 27 0
31 27 0
31 34 0
31 35 0
32 28 0
33 28 0
33 36 0
33 37 0
34 31 0
34 38 0
35 31 0
35 39 0
35 40 0
36 33 0
37 33 0
37 41 0
38 34 0
38 42 0
38 43 0
39 35 0
40 35 0
40 44 0
40 45 0
41 37 0
41 46 0
42 38 0
43 38 0
44 40 0
45 40 0
45 47 0
45 48 0
46 41 0
46 49 0
47 45 0
48 45 0
48 49 0
48 50 0
49 46 0
49 48 0
49 51 0
50 48 0
51 49 0
52 22 0
GraphDataEnd
GraphEnd
NodeEnd
NodeStart
EPTNodeID: 15
AnchorID: 5733
TreeNodeGraphID: 37
Level: 5
SimplifiedLevel: 0
EditOperation: 5 21 22 0 0
AccumulatedOpsCount: 2
AccumulatedOp: 0 22 0 3 2
AccumulatedOp: 5 21 22 0 0
ChildrenCount: 0
ChildIndices:
CompletedDBGraphIDsCount: 1
CompletedDBGraphID: 40188
GraphStart
GraphDataStart
ID: 37
NumNodes: 53
NumEdges: 112
NodeLabels
0 2 2 2 2 2 2 0 0 2 2 2 2 2 2 0 2 2 2 0 2 0 2 2 3 2 0 2 2 2 2 2 0 2 0 2 2 2 2 2 2 2 2 0 0 2 2 2 2 2 0 2 0 
Edges
0 1 0
1 0 0
1 2 0
1 3 0
2 1 0
2 4 0
2 5 0
3 1 0
3 6 0
3 7 0
3 8 0
4 2 0
4 9 0
4 10 0
5 2 0
5 7 0
5 11 0
6 3 0
7 3 0
7 5 0
8 3 0
8 12 0
9 4 0
9 13 0
9 14 0
10 4 0
10 15 0
10 16 0
11 5 0
11 14 0
11 17 0
12 8 0
12 18 0
13 9 0
13 19 0
13 20 0
14 9 0
14 11 0
14 21 0
15 10 0
16 10 0
16 20 0
17 11 0
18 12 0
18 23 0
19 13 0
20 13 0
20 16 0
20 24 0
21 14 0
21 22 0
22 25 0
22 52 0
22 21 0
23 18 0
23 26 0
23 27 0
24 20 0
24 28 0
25 22 0
26 23 0
26 29 0
27 23 0
27 30 0
27 31 0
28 24 0
28 32 0
28 33 0
29 26 0
30 27 0
31 27 0
31 34 0
31 35 0
32 28 0
33 28 0
33 36 0
33 37 0
34 31 0
34 38 0
35 31 0
35 39 0
35 40 0
36 33 0
37 33 0
37 41 0
38 34 0
38 42 0
38 43 0
39 35 0
40 35 0
40 44 0
40 45 0
41 37 0
41 46 0
42 38 0
43 38 0
44 40 0
45 40 0
45 47 0
45 48 0
46 41 0
46 49 0
47 45 0
48 45 0
48 49 0
48 50 0
49 46 0
49 48 0
49 51 0
50 48 0
51 49 0
52 22 0
GraphDataEnd
GraphEnd
NodeEnd
NodeStart
EPTNodeID: 16
AnchorID: 5733
TreeNodeGraphID: 39
Level: 3
SimplifiedLevel: 0
EditOperation: 5 25 50 0 0
AccumulatedOpsCount: 2
AccumulatedOp: 0 22 0 3 0
AccumulatedOp: 5 25 50 0 0
ChildrenCount: 0
ChildIndices:
CompletedDBGraphIDsCount: 1
CompletedDBGraphID: 15042
GraphStart
GraphDataStart
ID: 39
NumNodes: 52
NumEdges: 110
NodeLabels
0 2 2 2 2 2 2 0 0 2 2 2 2 2 2 0 2 2 2 0 2 0 0 2 3 2 0 2 2 2 2 2 0 2 0 2 2 2 2 2 2 2 2 0 0 2 2 2 2 2 0 2 
Edges
0 1 0
1 0 0
1 2 0
1 3 0
2 1 0
2 4 0
2 5 0
3 1 0
3 6 0
3 7 0
3 8 0
4 2 0
4 9 0
4 10 0
5 2 0
5 7 0
5 11 0
6 3 0
7 3 0
7 5 0
8 3 0
8 12 0
9 4 0
9 13 0
9 14 0
10 4 0
10 15 0
10 16 0
11 5 0
11 14 0
11 17 0
12 8 0
12 18 0
13 9 0
13 19 0
13 20 0
14 9 0
14 11 0
14 21 0
15 10 0
16 10 0
16 20 0
17 11 0
18 12 0
18 23 0
19 13 0
20 13 0
20 16 0
20 24 0
21 14 0
22 25 0
23 18 0
23 26 0
23 27 0
24 20 0
24 28 0
25 22 0
25 50 0
26 23 0
26 29 0
27 23 0
27 30 0
27 31 0
28 24 0
28 32 0
28 33 0
29 26 0
30 27 0
31 27 0
31 34 0
31 35 0
32 28 0
33 28 0
33 36 0
33 37 0
34 31 0
34 38 0
35 31 0
35 39 0
35 40 0
36 33 0
37 33 0
37 41 0
38 34 0
38 42 0
38 43 0
39 35 0
40 35 0
40 44 0
40 45 0
41 37 0
41 46 0
42 38 0
43 38 0
44 40 0
45 40 0
45 47 0
45 48 0
46 41 0
46 49 0
47 45 0
48 45 0
48 49 0
48 50 0
49 46 0
49 48 0
49 51 0
50 48 0
50 25 0
51 49 0
GraphDataEnd
GraphEnd
NodeEnd
NodeStart
EPTNodeID: 17
AnchorID: 5733
TreeNodeGraphID: 41
Level: 2
SimplifiedLevel: 0
EditOperation: 0 22 0 3 2
AccumulatedOpsCount: 2
AccumulatedOp: 2 53 0 0 2
AccumulatedOp: 0 22 0 3 2
ChildrenCount: 2
ChildIndices: 18 28
CompletedDBGraphIDsCount: 0
GraphStart
GraphDataStart
ID: 41
NumNodes: 53
NumEdges: 110
NodeLabels
0 2 2 2 2 2 2 0 0 2 2 2 2 2 2 0 2 2 2 0 2 0 2 2 3 2 0 2 2 2 2 2 0 2 0 2 2 2 2 2 2 2 2 0 0 2 2 2 2 2 0 2 2 
Edges
0 1 0
1 0 0
1 2 0
1 3 0
2 1 0
2 4 0
2 5 0
3 1 0
3 6 0
3 7 0
3 8 0
4 2 0
4 9 0
4 10 0
5 2 0
5 7 0
5 11 0
6 3 0
7 3 0
7 5 0
8 3 0
8 12 0
9 4 0
9 13 0
9 14 0
10 4 0
10 15 0
10 16 0
11 5 0
11 14 0
11 17 0
12 8 0
12 18 0
13 9 0
13 19 0
13 20 0
14 9 0
14 11 0
14 21 0
15 10 0
16 10 0
16 20 0
16 22 0
17 11 0
18 12 0
18 23 0
19 13 0
20 13 0
20 16 0
20 24 0
21 14 0
22 16 0
22 25 0
23 18 0
23 26 0
23 27 0
24 20 0
24 28 0
25 22 0
26 23 0
26 29 0
27 23 0
27 30 0
27 31 0
28 24 0
28 32 0
28 33 0
29 26 0
30 27 0
31 27 0
31 34 0
31 35 0
32 28 0
33 28 0
33 36 0
33 37 0
34 31 0
34 38 0
35 31 0
35 39 0
35 40 0
36 33 0
37 33 0
37 41 0
38 34 0
38 42 0
38 43 0
39 35 0
40 35 0
40 44 0
40 45 0
41 37 0
41 46 0
42 38 0
43 38 0
44 40 0
45 40 0
45 47 0
45 48 0
46 41 0
46 49 0
47 45 0
48 45 0
48 49 0
48 50 0
49 46 0
49 48 0
49 51 0
50 48 0
51 49 0
GraphDataEnd
GraphEnd
NodeEnd
NodeStart
EPTNodeID: 18
AnchorID: 5733
TreeNodeGraphID: 42
Level: 3
SimplifiedLevel: 0
EditOperation: 0 25 0 2 3
AccumulatedOpsCount: 1
AccumulatedOp: 0 25 0 2 3
ChildrenCount: 4
ChildIndices: 19 25 26 27
CompletedDBGraphIDsCount: 0
GraphStart
GraphDataStart
ID: 42
NumNodes: 53
NumEdges: 110
NodeLabels
0 2 2 2 2 2 2 0 0 2 2 2 2 2 2 0 2 2 2 0 2 0 2 2 3 3 0 2 2 2 2 2 0 2 0 2 2 2 2 2 2 2 2 0 0 2 2 2 2 2 0 2 2 
Edges
0 1 0
1 0 0
1 2 0
1 3 0
2 1 0
2 4 0
2 5 0
3 1 0
3 6 0
3 7 0
3 8 0
4 2 0
4 9 0
4 10 0
5 2 0
5 7 0
5 11 0
6 3 0
7 3 0
7 5 0
8 3 0
8 12 0
9 4 0
9 13 0
9 14 0
10 4 0
10 15 0
10 16 0
11 5 0
11 14 0
11 17 0
12 8 0
12 18 0
13 9 0
13 19 0
13 20 0
14 9 0
14 11 0
14 21 0
15 10 0
16 10 0
16 20 0
16 22 0
17 11 0
18 12 0
18 23 0
19 13 0
20 13 0
20 16 0
20 24 0
21 14 0
22 16 0
22 25 0
23 18 0
23 26 0
23 27 0
24 20 0
24 28 0
25 22 0
26 23 0
26 29 0
27 23 0
27 30 0
27 31 0
28 24 0
28 32 0
28 33 0
29 26 0
30 27 0
31 27 0
31 34 0
31 35 0
32 28 0
33 28 0
33 36 0
33 37 0
34 31 0
34 38 0
35 31 0
35 39 0
35 40 0
36 33 0
37 33 0
37 41 0
38 34 0
38 42 0
38 43 0
39 35 0
40 35 0
40 44 0
40 45 0
41 37 0
41 46 0
42 38 0
43 38 0
44 40 0
45 40 0
45 47 0
45 48 0
46 41 0
46 49 0
47 45 0
48 45 0
48 49 0
48 50 0
49 46 0
49 48 0
49 51 0
50 48 0
51 49 0
GraphDataEnd
GraphEnd
NodeEnd
NodeStart
EPTNodeID: 19
AnchorID: 5733
TreeNodeGraphID: 43
Level: 4
SimplifiedLevel: 0
EditOperation: 2 54 0 0 2
AccumulatedOpsCount: 1
AccumulatedOp: 2 54 0 0 2
ChildrenCount: 2
ChildIndices: 20 24
CompletedDBGraphIDsCount: 0
GraphStart
GraphDataStart
ID: 43
NumNodes: 54
NumEdges: 110
NodeLabels
0 2 2 2 2 2 2 0 0 2 2 2 2 2 2 0 2 2 2 0 2 0 2 2 3 3 0 2 2 2 2 2 0 2 0 2 2 2 2 2 2 2 2 0 0 2 2 2 2 2 0 2 2 2 
Edges
0 1 0
1 0 0
1 2 0
1 3 0
2 1 0
2 4 0
2 5 0
3 1 0
3 6 0
3 7 0
3 8 0
4 2 0
4 9 0
4 10 0
5 2 0
5 7 0
5 11 0
6 3 0
7 3 0
7 5 0
8 3 0
8 12 0
9 4 0
9 13 0
9 14 0
10 4 0
10 15 0
10 16 0
11 5 0
11 14 0
11 17 0
12 8 0
12 18 0
13 9 0
13 19 0
13 20 0
14 9 0
14 11 0
14 21 0
15 10 0
16 10 0
16 20 0
16 22 0
17 11 0
18 12 0
18 23 0
19 13 0
20 13 0
20 16 0
20 24 0
21 14 0
22 16 0
22 25 0
23 18 0
23 26 0
23 27 0
24 20 0
24 28 0
25 22 0
26 23 0
26 29 0
27 23 0
27 30 0
27 31 0
28 24 0
28 32 0
28 33 0
29 26 0
30 27 0
31 27 0
31 34 0
31 35 0
32 28 0
33 28 0
33 36 0
33 37 0
34 31 0
34 38 0
35 31 0
35 39 0
35 40 0
36 33 0
37 33 0
37 41 0
38 34 0
38 42 0
38 43 0
39 35 0
40 35 0
40 44 0
40 45 0
41 37 0
41 46 0
42 38 0
43 38 0
44 40 0
45 40 0
45 47 0
45 48 0
46 41 0
46 49 0
47 45 0
48 45 0
48 49 0
48 50 0
49 46 0
49 48 0
49 51 0
50 48 0
51 49 0
GraphDataEnd
GraphEnd
NodeEnd
NodeStart
EPTNodeID: 20
AnchorID: 5733
TreeNodeGraphID: 44
Level: 5
SimplifiedLevel: 0
EditOperation: 5 53 54 0 0
AccumulatedOpsCount: 1
AccumulatedOp: 5 53 54 0 0
ChildrenCount: 2
ChildIndices: 21 23
CompletedDBGraphIDsCount: 0
GraphStart
GraphDataStart
ID: 44
NumNodes: 54
NumEdges: 112
NodeLabels
0 2 2 2 2 2 2 0 0 2 2 2 2 2 2 0 2 2 2 0 2 0 2 2 3 3 0 2 2 2 2 2 0 2 0 2 2 2 2 2 2 2 2 0 0 2 2 2 2 2 0 2 2 2 
Edges
0 1 0
1 0 0
1 2 0
1 3 0
2 1 0
2 4 0
2 5 0
3 1 0
3 6 0
3 7 0
3 8 0
4 2 0
4 9 0
4 10 0
5 2 0
5 7 0
5 11 0
6 3 0
7 3 0
7 5 0
8 3 0
8 12 0
9 4 0
9 13 0
9 14 0
10 4 0
10 15 0
10 16 0
11 5 0
11 14 0
11 17 0
12 8 0
12 18 0
13 9 0
13 19 0
13 20 0
14 9 0
14 11 0
14 21 0
15 10 0
16 10 0
16 20 0
16 22 0
17 11 0
18 12 0
18 23 0
19 13 0
20 13 0
20 16 0
20 24 0
21 14 0
22 16 0
22 25 0
23 18 0
23 26 0
23 27 0
24 20 0
24 28 0
25 22 0
26 23 0
26 29 0
27 23 0
27 30 0
27 31 0
28 24 0
28 32 0
28 33 0
29 26 0
30 27 0
31 27 0
31 34 0
31 35 0
32 28 0
33 28 0
33 36 0
33 37 0
34 31 0
34 38 0
35 31 0
35 39 0
35 40 0
36 33 0
37 33 0
37 41 0
38 34 0
38 42 0
38 43 0
39 35 0
40 35 0
40 44 0
40 45 0
41 37 0
41 46 0
42 38 0
43 38 0
44 40 0
45 40 0
45 47 0
45 48 0
46 41 0
46 49 0
47 45 0
48 45 0
48 49 0
48 50 0
49 46 0
49 48 0
49 51 0
50 48 0
51 49 0
52 53 0
53 52 0
GraphDataEnd
GraphEnd
NodeEnd
NodeStart
EPTNodeID: 21
AnchorID: 5733
TreeNodeGraphID: 47
Level: 8
SimplifiedLevel: 0
EditOperation: 5 52 53 0 0
AccumulatedOpsCount: 3
AccumulatedOp: 2 52 0 0 0
AccumulatedOp: 5 25 52 0 0
AccumulatedOp: 5 52 53 0 0
ChildrenCount: 1
ChildIndices: 22
CompletedDBGraphIDsCount: 1
CompletedDBGraphID: 6673
GraphStart
GraphDataStart
ID: 47
NumNodes: 55
NumEdges: 116
NodeLabels
0 2 2 2 2 2 2 0 0 2 2 2 2 2 2 0 2 2 2 0 2 0 2 2 3 3 0 2 2 2 2 2 0 2 0 2 2 2 2 2 2 2 2 0 0 2 2 2 2 2 0 2 0 2 2 
Edges
0 1 0
1 0 0
1 2 0
1 3 0
2 1 0
2 4 0
2 5 0
3 1 0
3 6 0
3 7 0
3 8 0
4 2 0
4 9 0
4 10 0
5 2 0
5 7 0
5 11 0
6 3 0
7 3 0
7 5 0
8 3 0
8 12 0
9 4 0
9 13 0
9 14 0
10 4 0
10 15 0
10 16 0
11 5 0
11 14 0
11 17 0
12 8 0
12 18 0
13 9 0
13 19 0
13 20 0
14 9 0
14 11 0
14 21 0
15 10 0
16 10 0
16 20 0
16 22 0
17 11 0
18 12 0
18 23 0
19 13 0
20 13 0
20 16 0
20 24 0
21 14 0
22 16 0
22 25 0
23 18 0
23 26 0
23 27 0
24 20 0
24 28 0
25 22 0
25 52 0
26 23 0
26 29 0
27 23 0
27 30 0
27 31 0
28 24 0
28 32 0
28 33 0
29 26 0
30 27 0
31 27 0
31 34 0
31 35 0
32 28 0
33 28 0
33 36 0
33 37 0
34 31 0
34 38 0
35 31 0
35 39 0
35 40 0
36 33 0
37 33 0
37 41 0
38 34 0
38 42 0
38 43 0
39 35 0
40 35 0
40 44 0
40 45 0
41 37 0
41 46 0
42 38 0
43 38 0
44 40 0
45 40 0
45 47 0
45 48 0
46 41 0
46 49 0
47 45 0
48 45 0
48 49 0
48 50 0
49 46 0
49 48 0
49 51 0
50 48 0
51 49 0
52 25 0
52 53 0
53 54 0
53 52 0
54 53 0
GraphDataEnd
GraphEnd
NodeEnd
NodeStart
EPTNodeID: 22
AnchorID: 5733
TreeNodeGraphID: 49
Level: 10
SimplifiedLevel: 0
EditOperation: 5 54 55 0 0
AccumulatedOpsCount: 2
AccumulatedOp: 2 55 0 0 0
AccumulatedOp: 5 54 55 0 0
ChildrenCount: 0
ChildIndices:
CompletedDBGraphIDsCount: 1
CompletedDBGraphID: 7820
GraphStart
GraphDataStart
ID: 49
NumNodes: 56
NumEdges: 118
NodeLabels
0 2 2 2 2 2 2 0 0 2 2 2 2 2 2 0 2 2 2 0 2 0 2 2 3 3 0 2 2 2 2 2 0 2 0 2 2 2 2 2 2 2 2 0 0 2 2 2 2 2 0 2 0 2 2 0 
Edges
0 1 0
1 0 0
1 2 0
1 3 0
2 1 0
2 4 0
2 5 0
3 1 0
3 6 0
3 7 0
3 8 0
4 2 0
4 9 0
4 10 0
5 2 0
5 7 0
5 11 0
6 3 0
7 3 0
7 5 0
8 3 0
8 12 0
9 4 0
9 13 0
9 14 0
10 4 0
10 15 0
10 16 0
11 5 0
11 14 0
11 17 0
12 8 0
12 18 0
13 9 0
13 19 0
13 20 0
14 9 0
14 11 0
14 21 0
15 10 0
16 10 0
16 20 0
16 22 0
17 11 0
18 12 0
18 23 0
19 13 0
20 13 0
20 16 0
20 24 0
21 14 0
22 16 0
22 25 0
23 18 0
23 26 0
23 27 0
24 20 0
24 28 0
25 22 0
25 52 0
26 23 0
26 29 0
27 23 0
27 30 0
27 31 0
28 24 0
28 32 0
28 33 0
29 26 0
30 27 0
31 27 0
31 34 0
31 35 0
32 28 0
33 28 0
33 36 0
33 37 0
34 31 0
34 38 0
35 31 0
35 39 0
35 40 0
36 33 0
37 33 0
37 41 0
38 34 0
38 42 0
38 43 0
39 35 0
40 35 0
40 44 0
40 45 0
41 37 0
41 46 0
42 38 0
43 38 0
44 40 0
45 40 0
45 47 0
45 48 0
46 41 0
46 49 0
47 45 0
48 45 0
48 49 0
48 50 0
49 46 0
49 48 0
49 51 0
50 48 0
51 49 0
52 25 0
52 53 0
53 54 0
53 52 0
54 53 0
54 55 0
55 54 0
GraphDataEnd
GraphEnd
NodeEnd
NodeStart
EPTNodeID: 23
AnchorID: 5733
TreeNodeGraphID: 52
Level: 8
SimplifiedLevel: 0
EditOperation: 5 52 53 0 0
AccumulatedOpsCount: 3
AccumulatedOp: 2 52 0 0 2
AccumulatedOp: 5 25 52 0 0
AccumulatedOp: 5 52 53 0 0
ChildrenCount: 0
ChildIndices:
CompletedDBGraphIDsCount: 1
CompletedDBGraphID: 23106
GraphStart
GraphDataStart
ID: 52
NumNodes: 55
NumEdges: 116
NodeLabels
0 2 2 2 2 2 2 0 0 2 2 2 2 2 2 0 2 2 2 0 2 0 2 2 3 3 0 2 2 2 2 2 0 2 0 2 2 2 2 2 2 2 2 0 0 2 2 2 2 2 0 2 2 2 2 
Edges
0 1 0
1 0 0
1 2 0
1 3 0
2 1 0
2 4 0
2 5 0
3 1 0
3 6 0
3 7 0
3 8 0
4 2 0
4 9 0
4 10 0
5 2 0
5 7 0
5 11 0
6 3 0
7 3 0
7 5 0
8 3 0
8 12 0
9 4 0
9 13 0
9 14 0
10 4 0
10 15 0
10 16 0
11 5 0
11 14 0
11 17 0
12 8 0
12 18 0
13 9 0
13 19 0
13 20 0
14 9 0
14 11 0
14 21 0
15 10 0
16 10 0
16 20 0
16 22 0
17 11 0
18 12 0
18 23 0
19 13 0
20 13 0
20 16 0
20 24 0
21 14 0
22 16 0
22 25 0
23 18 0
23 26 0
23 27 0
24 20 0
24 28 0
25 22 0
25 52 0
26 23 0
26 29 0
27 23 0
27 30 0
27 31 0
28 24 0
28 32 0
28 33 0
29 26 0
30 27 0
31 27 0
31 34 0
31 35 0
32 28 0
33 28 0
33 36 0
33 37 0
34 31 0
34 38 0
35 31 0
35 39 0
35 40 0
36 33 0
37 33 0
37 41 0
38 34 0
38 42 0
38 43 0
39 35 0
40 35 0
40 44 0
40 45 0
41 37 0
41 46 0
42 38 0
43 38 0
44 40 0
45 40 0
45 47 0
45 48 0
46 41 0
46 49 0
47 45 0
48 45 0
48 49 0
48 50 0
49 46 0
49 48 0
49 51 0
50 48 0
51 49 0
52 25 0
52 53 0
53 54 0
53 52 0
54 53 0
GraphDataEnd
GraphEnd
NodeEnd
NodeStart
EPTNodeID: 24
AnchorID: 5733
TreeNodeGraphID: 56
Level: 8
SimplifiedLevel: 0
EditOperation: 5 52 54 0 0
AccumulatedOpsCount: 4
AccumulatedOp: 2 52 0 0 3
AccumulatedOp: 5 25 52 0 0
AccumulatedOp: 5 52 53 0 0
AccumulatedOp: 5 52 54 0 0
ChildrenCount: 0
ChildIndices:
CompletedDBGraphIDsCount: 1
CompletedDBGraphID: 2171
GraphStart
GraphDataStart
ID: 56
NumNodes: 55
NumEdges: 116
NodeLabels
0 2 2 2 2 2 2 0 0 2 2 2 2 2 2 0 2 2 2 0 2 0 2 2 3 3 0 2 2 2 2 2 0 2 0 2 2 2 2 2 2 2 2 0 0 2 2 2 2 2 0 2 3 2 2 
Edges
0 1 0
1 0 0
1 2 0
1 3 0
2 1 0
2 4 0
2 5 0
3 1 0
3 6 0
3 7 0
3 8 0
4 2 0
4 9 0
4 10 0
5 2 0
5 7 0
5 11 0
6 3 0
7 3 0
7 5 0
8 3 0
8 12 0
9 4 0
9 13 0
9 14 0
10 4 0
10 15 0
10 16 0
11 5 0
11 14 0
11 17 0
12 8 0
12 18 0
13 9 0
13 19 0
13 20 0
14 9 0
14 11 0
14 21 0
15 10 0
16 10 0
16 20 0
16 22 0
17 11 0
18 12 0
18 23 0
19 13 0
20 13 0
20 16 0
20 24 0
21 14 0
22 16 0
22 25 0
23 18 0
23 26 0
23 27 0
24 20 0
24 28 0
25 22 0
25 52 0
26 23 0
26 29 0
27 23 0
27 30 0
27 31 0
28 24 0
28 32 0
28 33 0
29 26 0
30 27 0
31 27 0
31 34 0
31 35 0
32 28 0
33 28 0
33 36 0
33 37 0
34 31 0
34 38 0
35 31 0
35 39 0
35 40 0
36 33 0
37 33 0
37 41 0
38 34 0
38 42 0
38 43 0
39 35 0
40 35 0
40 44 0
40 45 0
41 37 0
41 46 0
42 38 0
43 38 0
44 40 0
45 40 0
45 47 0
45 48 0
46 41 0
46 49 0
47 45 0
48 45 0
48 49 0
48 50 0
49 46 0
49 48 0
49 51 0
50 48 0
51 49 0
52 25 0
52 53 0
52 54 0
53 52 0
54 52 0
GraphDataEnd
GraphEnd
NodeEnd
NodeStart
EPTNodeID: 25
AnchorID: 5733
TreeNodeGraphID: 59
Level: 6
SimplifiedLevel: 0
EditOperation: 5 52 53 0 0
AccumulatedOpsCount: 3
AccumulatedOp: 2 52 0 0 0
AccumulatedOp: 5 25 52 0 0
AccumulatedOp: 5 52 53 0 0
ChildrenCount: 0
ChildIndices:
CompletedDBGraphIDsCount: 1
CompletedDBGraphID: 10574
GraphStart
GraphDataStart
ID: 59
NumNodes: 54
NumEdges: 114
NodeLabels
0 2 2 2 2 2 2 0 0 2 2 2 2 2 2 0 2 2 2 0 2 0 2 2 3 3 0 2 2 2 2 2 0 2 0 2 2 2 2 2 2 2 2 0 0 2 2 2 2 2 0 2 0 2 
Edges
0 1 0
1 0 0
1 2 0
1 3 0
2 1 0
2 4 0
2 5 0
3 1 0
3 6 0
3 7 0
3 8 0
4 2 0
4 9 0
4 10 0
5 2 0
5 7 0
5 11 0
6 3 0
7 3 0
7 5 0
8 3 0
8 12 0
9 4 0
9 13 0
9 14 0
10 4 0
10 15 0
10 16 0
11 5 0
11 14 0
11 17 0
12 8 0
12 18 0
13 9 0
13 19 0
13 20 0
14 9 0
14 11 0
14 21 0
15 10 0
16 10 0
16 20 0
16 22 0
17 11 0
18 12 0
18 23 0
19 13 0
20 13 0
20 16 0
20 24 0
21 14 0
22 16 0
22 25 0
23 18 0
23 26 0
23 27 0
24 20 0
24 28 0
25 22 0
25 52 0
26 23 0
26 29 0
27 23 0
27 30 0
27 31 0
28 24 0
28 32 0
28 33 0
29 26 0
30 27 0
31 27 0
31 34 0
31 35 0
32 28 0
33 28 0
33 36 0
33 37 0
34 31 0
34 38 0
35 31 0
35 39 0
35 40 0
36 33 0
37 33 0
37 41 0
38 34 0
38 42 0
38 43 0
39 35 0
40 35 0
40 44 0
40 45 0
41 37 0
41 46 0
42 38 0
43 38 0
44 40 0
45 40 0
45 47 0
45 48 0
46 41 0
46 49 0
47 45 0
48 45 0
48 49 0
48 50 0
49 46 0
49 48 0
49 51 0
50 48 0
51 49 0
52 25 0
52 53 0
53 52 0
GraphDataEnd
GraphEnd
NodeEnd
NodeStart
EPTNodeID: 26
AnchorID: 5733
TreeNodeGraphID: 62
Level: 6
SimplifiedLevel: 0
EditOperation: 5 25 52 0 0
AccumulatedOpsCount: 3
AccumulatedOp: 2 52 0 0 2
AccumulatedOp: 5 25 53 0 0
AccumulatedOp: 5 25 52 0 0
ChildrenCount: 0
ChildIndices:
CompletedDBGraphIDsCount: 1
CompletedDBGraphID: 24952
GraphStart
GraphDataStart
ID: 62
NumNodes: 54
NumEdges: 114
NodeLabels
0 2 2 2 2 2 2 0 0 2 2 2 2 2 2 0 2 2 2 0 2 0 2 2 3 3 0 2 2 2 2 2 0 2 0 2 2 2 2 2 2 2 2 0 0 2 2 2 2 2 0 2 2 2 
Edges
0 1 0
1 0 0
1 2 0
1 3 0
2 1 0
2 4 0
2 5 0
3 1 0
3 6 0
3 7 0
3 8 0
4 2 0
4 9 0
4 10 0
5 2 0
5 7 0
5 11 0
6 3 0
7 3 0
7 5 0
8 3 0
8 12 0
9 4 0
9 13 0
9 14 0
10 4 0
10 15 0
10 16 0
11 5 0
11 14 0
11 17 0
12 8 0
12 18 0
13 9 0
13 19 0
13 20 0
14 9 0
14 11 0
14 21 0
15 10 0
16 10 0
16 20 0
16 22 0
17 11 0
18 12 0
18 23 0
19 13 0
20 13 0
20 16 0
20 24 0
21 14 0
22 16 0
22 25 0
23 18 0
23 26 0
23 27 0
24 20 0
24 28 0
25 22 0
25 53 0
25 52 0
26 23 0
26 29 0
27 23 0
27 30 0
27 31 0
28 24 0
28 32 0
28 33 0
29 26 0
30 27 0
31 27 0
31 34 0
31 35 0
32 28 0
33 28 0
33 36 0
33 37 0
34 31 0
34 38 0
35 31 0
35 39 0
35 40 0
36 33 0
37 33 0
37 41 0
38 34 0
38 42 0
38 43 0
39 35 0
40 35 0
40 44 0
40 45 0
41 37 0
41 46 0
42 38 0
43 38 0
44 40 0
45 40 0
45 47 0
45 48 0
46 41 0
46 49 0
47 45 0
48 45 0
48 49 0
48 50 0
49 46 0
49 48 0
49 51 0
50 48 0
51 49 0
52 25 0
53 25 0
GraphDataEnd
GraphEnd
NodeEnd
NodeStart
EPTNodeID: 27
AnchorID: 5733
TreeNodeGraphID: 65
Level: 6
SimplifiedLevel: 0
EditOperation: 5 52 53 0 0
AccumulatedOpsCount: 3
AccumulatedOp: 2 52 0 0 3
AccumulatedOp: 5 25 52 0 0
AccumulatedOp: 5 52 53 0 0
ChildrenCount: 0
ChildIndices:
CompletedDBGraphIDsCount: 1
CompletedDBGraphID: 33567
GraphStart
GraphDataStart
ID: 65
NumNodes: 54
NumEdges: 114
NodeLabels
0 2 2 2 2 2 2 0 0 2 2 2 2 2 2 0 2 2 2 0 2 0 2 2 3 3 0 2 2 2 2 2 0 2 0 2 2 2 2 2 2 2 2 0 0 2 2 2 2 2 0 2 3 2 
Edges
0 1 0
1 0 0
1 2 0
1 3 0
2 1 0
2 4 0
2 5 0
3 1 0
3 6 0
3 7 0
3 8 0
4 2 0
4 9 0
4 10 0
5 2 0
5 7 0
5 11 0
6 3 0
7 3 0
7 5 0
8 3 0
8 12 0
9 4 0
9 13 0
9 14 0
10 4 0
10 15 0
10 16 0
11 5 0
11 14 0
11 17 0
12 8 0
12 18 0
13 9 0
13 19 0
13 20 0
14 9 0
14 11 0
14 21 0
15 10 0
16 10 0
16 20 0
16 22 0
17 11 0
18 12 0
18 23 0
19 13 0
20 13 0
20 16 0
20 24 0
21 14 0
22 16 0
22 25 0
23 18 0
23 26 0
23 27 0
24 20 0
24 28 0
25 22 0
25 52 0
26 23 0
26 29 0
27 23 0
27 30 0
27 31 0
28 24 0
28 32 0
28 33 0
29 26 0
30 27 0
31 27 0
31 34 0
31 35 0
32 28 0
33 28 0
33 36 0
33 37 0
34 31 0
34 38 0
35 31 0
35 39 0
35 40 0
36 33 0
37 33 0
37 41 0
38 34 0
38 42 0
38 43 0
39 35 0
40 35 0
40 44 0
40 45 0
41 37 0
41 46 0
42 38 0
43 38 0
44 40 0
45 40 0
45 47 0
45 48 0
46 41 0
46 49 0
47 45 0
48 45 0
48 49 0
48 50 0
49 46 0
49 48 0
49 51 0
50 48 0
51 49 0
52 25 0
52 53 0
53 52 0
GraphDataEnd
GraphEnd
NodeEnd
NodeStart
EPTNodeID: 28
AnchorID: 5733
TreeNodeGraphID: 71
Level: 8
SimplifiedLevel: 0
EditOperation: 5 25 53 0 0
AccumulatedOpsCount: 6
AccumulatedOp: 2 54 0 0 2
AccumulatedOp: 0 25 0 2 0
AccumulatedOp: 2 52 0 0 0
AccumulatedOp: 5 52 54 0 0
AccumulatedOp: 5 22 52 0 0
AccumulatedOp: 5 25 53 0 0
ChildrenCount: 0
ChildIndices:
CompletedDBGraphIDsCount: 1
CompletedDBGraphID: 16905
GraphStart
GraphDataStart
ID: 71
NumNodes: 55
NumEdges: 116
NodeLabels
0 2 2 2 2 2 2 0 0 2 2 2 2 2 2 0 2 2 2 0 2 0 2 2 3 0 0 2 2 2 2 2 0 2 0 2 2 2 2 2 2 2 2 0 0 2 2 2 2 2 0 2 0 2 2 
Edges
0 1 0
1 0 0
1 2 0
1 3 0
2 1 0
2 4 0
2 5 0
3 1 0
3 6 0
3 7 0
3 8 0
4 2 0
4 9 0
4 10 0
5 2 0
5 7 0
5 11 0
6 3 0
7 3 0
7 5 0
8 3 0
8 12 0
9 4 0
9 13 0
9 14 0
10 4 0
10 15 0
10 16 0
11 5 0
11 14 0
11 17 0
12 8 0
12 18 0
13 9 0
13 19 0
13 20 0
14 9 0
14 11 0
14 21 0
15 10 0
16 10 0
16 20 0
16 22 0
17 11 0
18 12 0
18 23 0
19 13 0
20 13 0
20 16 0
20 24 0
21 14 0
22 16 0
22 25 0
22 52 0
23 18 0
23 26 0
23 27 0
24 20 0
24 28 0
25 22 0
25 53 0
26 23 0
26 29 0
27 23 0
27 30 0
27 31 0
28 24 0
28 32 0
28 33 0
29 26 0
30 27 0
31 27 0
31 34 0
31 35 0
32 28 0
33 28 0
33 36 0
33 37 0
34 31 0
34 38 0
35 31 0
35 39 0
35 40 0
36 33 0
37 33 0
37 41 0
38 34 0
38 42 0
38 43 0
39 35 0
40 35 0
40 44 0
40 45 0
41 37 0
41 46 0
42 38 0
43 38 0
44 40 0
45 40 0
45 47 0
45 48 0
46 41 0
46 49 0
47 45 0
48 45 0
48 49 0
48 50 0
49 46 0
49 48 0
49 51 0
50 48 0
51 49 0
52 54 0
52 22 0
53 25 0
54 52 0
GraphDataEnd
GraphEnd
NodeEnd
NodeStart
EPTNodeID: 29
AnchorID: 5733
TreeNodeGraphID: 72
Level: 1
SimplifiedLevel: 0
EditOperation: 0 22 0 3 2
AccumulatedOpsCount: 1
AccumulatedOp: 0 22 0 3 2
ChildrenCount: 2
ChildIndices: 30 31
CompletedDBGraphIDsCount: 0
GraphStart
GraphDataStart
ID: 72
NumNodes: 52
NumEdges: 110
NodeLabels
0 2 2 2 2 2 2 0 0 2 2 2 2 2 2 0 2 2 2 0 2 0 2 2 3 2 0 2 2 2 2 2 0 2 0 2 2 2 2 2 2 2 2 0 0 2 2 2 2 2 0 2 
Edges
0 1 0
1 0 0
1 2 0
1 3 0
2 1 0
2 4 0
2 5 0
3 1 0
3 6 0
3 7 0
3 8 0
4 2 0
4 9 0
4 10 0
5 2 0
5 7 0
5 11 0
6 3 0
7 3 0
7 5 0
8 3 0
8 12 0
9 4 0
9 13 0
9 14 0
10 4 0
10 15 0
10 16 0
11 5 0
11 14 0
11 17 0
12 8 0
12 18 0
13 9 0
13 19 0
13 20 0
14 9 0
14 11 0
14 21 0
15 10 0
16 10 0
16 20 0
16 22 0
17 11 0
18 12 0
18 23 0
19 13 0
20 13 0
20 16 0
20 24 0
21 14 0
22 16 0
22 25 0
23 18 0
23 26 0
23 27 0
24 20 0
24 28 0
25 22 0
26 23 0
26 29 0
27 23 0
27 30 0
27 31 0
28 24 0
28 32 0
28 33 0
29 26 0
30 27 0
31 27 0
31 34 0
31 35 0
32 28 0
33 28 0
33 36 0
33 37 0
34 31 0
34 38 0
35 31 0
35 39 0
35 40 0
36 33 0
37 33 0
37 41 0
38 34 0
38 42 0
38 43 0
39 35 0
40 35 0
40 44 0
40 45 0
41 37 0
41 46 0
42 38 0
43 38 0
44 40 0
45 40 0
45 47 0
45 48 0
46 41 0
46 49 0
47 45 0
48 45 0
48 49 0
48 50 0
49 46 0
49 48 0
49 51 0
50 48 0
51 49 0
GraphDataEnd
GraphEnd
NodeEnd
NodeStart
EPTNodeID: 30
AnchorID: 5733
TreeNodeGraphID: 73
Level: 2
SimplifiedLevel: 0
EditOperation: 0 25 0 2 0
AccumulatedOpsCount: 1
AccumulatedOp: 0 25 0 2 0
ChildrenCount: 0
ChildIndices:
CompletedDBGraphIDsCount: 1
CompletedDBGraphID: 25383
GraphStart
GraphDataStart
ID: 73
NumNodes: 52
NumEdges: 110
NodeLabels
0 2 2 2 2 2 2 0 0 2 2 2 2 2 2 0 2 2 2 0 2 0 2 2 3 0 0 2 2 2 2 2 0 2 0 2 2 2 2 2 2 2 2 0 0 2 2 2 2 2 0 2 
Edges
0 1 0
1 0 0
1 2 0
1 3 0
2 1 0
2 4 0
2 5 0
3 1 0
3 6 0
3 7 0
3 8 0
4 2 0
4 9 0
4 10 0
5 2 0
5 7 0
5 11 0
6 3 0
7 3 0
7 5 0
8 3 0
8 12 0
9 4 0
9 13 0
9 14 0
10 4 0
10 15 0
10 16 0
11 5 0
11 14 0
11 17 0
12 8 0
12 18 0
13 9 0
13 19 0
13 20 0
14 9 0
14 11 0
14 21 0
15 10 0
16 10 0
16 20 0
16 22 0
17 11 0
18 12 0
18 23 0
19 13 0
20 13 0
20 16 0
20 24 0
21 14 0
22 16 0
22 25 0
23 18 0
23 26 0
23 27 0
24 20 0
24 28 0
25 22 0
26 23 0
26 29 0
27 23 0
27 30 0
27 31 0
28 24 0
28 32 0
28 33 0
29 26 0
30 27 0
31 27 0
31 34 0
31 35 0
32 28 0
33 28 0
33 36 0
33 37 0
34 31 0
34 38 0
35 31 0
35 39 0
35 40 0
36 33 0
37 33 0
37 41 0
38 34 0
38 42 0
38 43 0
39 35 0
40 35 0
40 44 0
40 45 0
41 37 0
41 46 0
42 38 0
43 38 0
44 40 0
45 40 0
45 47 0
45 48 0
46 41 0
46 49 0
47 45 0
48 45 0
48 49 0
48 50 0
49 46 0
49 48 0
49 51 0
50 48 0
51 49 0
GraphDataEnd
GraphEnd
NodeEnd
NodeStart
EPTNodeID: 31
AnchorID: 5733
TreeNodeGraphID: 76
Level: 4
SimplifiedLevel: 0
EditOperation: 5 25 52 0 0
AccumulatedOpsCount: 3
AccumulatedOp: 0 25 0 2 3
AccumulatedOp: 2 52 0 0 2
AccumulatedOp: 5 25 52 0 0
ChildrenCount: 0
ChildIndices:
CompletedDBGraphIDsCount: 1
CompletedDBGraphID: 11616
GraphStart
GraphDataStart
ID: 76
NumNodes: 53
NumEdges: 112
NodeLabels
0 2 2 2 2 2 2 0 0 2 2 2 2 2 2 0 2 2 2 0 2 0 2 2 3 3 0 2 2 2 2 2 0 2 0 2 2 2 2 2 2 2 2 0 0 2 2 2 2 2 0 2 2 
Edges
0 1 0
1 0 0
1 2 0
1 3 0
2 1 0
2 4 0
2 5 0
3 1 0
3 6 0
3 7 0
3 8 0
4 2 0
4 9 0
4 10 0
5 2 0
5 7 0
5 11 0
6 3 0
7 3 0
7 5 0
8 3 0
8 12 0
9 4 0
9 13 0
9 14 0
10 4 0
10 15 0
10 16 0
11 5 0
11 14 0
11 17 0
12 8 0
12 18 0
13 9 0
13 19 0
13 20 0
14 9 0
14 11 0
14 21 0
15 10 0
16 10 0
16 20 0
16 22 0
17 11 0
18 12 0
18 23 0
19 13 0
20 13 0
20 16 0
20 24 0
21 14 0
22 16 0
22 25 0
23 18 0
23 26 0
23 27 0
24 20 0
24 28 0
25 22 0
25 52 0
26 23 0
26 29 0
27 23 0
27 30 0
27 31 0
28 24 0
28 32 0
28 33 0
29 26 0
30 27 0
31 27 0
31 34 0
31 35 0
32 28 0
33 28 0
33 36 0
33 37 0
34 31 0
34 38 0
35 31 0
35 39 0
35 40 0
36 33 0
37 33 0
37 41 0
38 34 0
38 42 0
38 43 0
39 35 0
40 35 0
40 44 0
40 45 0
41 37 0
41 46 0
42 38 0
43 38 0
44 40 0
45 40 0
45 47 0
45 48 0
46 41 0
46 49 0
47 45 0
48 45 0
48 49 0
48 50 0
49 46 0
49 48 0
49 51 0
50 48 0
51 49 0
52 25 0
GraphDataEnd
GraphEnd
NodeEnd
END_EPT
