BEGIN_EPT
AnchorID: 2436  # ID of the anchor node
RootIndex: 0  # Index of the root node in tree_nodes
NodeCount: 1  # Total number of nodes in the EPT
NodeStart
EPTNodeID: 0
AnchorID: 2436
TreeNodeGraphID: 0
Level: 0
SimplifiedLevel: 0
EditOperation: -1 0 -1 0 0
AccumulatedOpsCount: 0
ChildrenCount: 0
ChildIndices:
CompletedDBGraphIDsCount: 0
GraphStart
GraphDataStart
ID: 0
NumNodes: 79
NumEdges: 168
NodeLabels
2 2 2 2 2 2 2 2 2 2 2 2 2 0 2 2 3 0 2 0 2 2 2 2 2 2 2 2 2 2 2 2 2 2 0 2 2 3 0 2 0 2 2 2 2 2 2 2 2 2 2 2 2 2 2 0 2 2 3 0 2 0 2 3 2 0 3 2 2 2 0 3 2 2 2 0 3 2 2 
Edges
0 1 0
0 5 0
1 0 0
1 2 0
1 74 0
2 1 0
2 3 0
2 19 0
3 2 0
3 4 0
3 6 0
4 3 0
4 5 0
5 0 0
5 4 0
6 3 0
6 7 0
6 11 0
7 6 0
7 8 0
7 17 0
8 7 0
8 9 0
8 12 0
9 8 0
9 10 0
10 9 0
10 11 0
11 6 0
11 10 0
12 8 0
12 13 0
12 16 0
13 12 0
14 15 0
14 16 0
15 14 0
15 63 0
16 12 0
16 14 0
17 7 0
17 18 0
18 17 0
19 2 0
19 20 0
20 19 0
21 22 0
21 26 0
22 21 0
22 23 0
22 69 0
23 22 0
23 24 0
23 38 0
24 23 0
24 25 0
24 27 0
25 24 0
25 26 0
26 21 0
26 25 0
27 24 0
27 28 0
27 32 0
28 27 0
28 29 0
28 40 0
29 28 0
29 30 0
29 33 0
30 29 0
30 31 0
31 30 0
31 32 0
32 27 0
32 31 0
33 29 0
33 34 0
33 37 0
34 33 0
35 36 0
35 37 0
36 35 0
36 63 0
37 33 0
37 35 0
38 23 0
38 39 0
39 38 0
40 28 0
40 41 0
41 40 0
42 43 0
42 47 0
43 42 0
43 44 0
43 64 0
44 43 0
44 45 0
44 59 0
45 44 0
45 46 0
45 48 0
46 45 0
46 47 0
47 42 0
47 46 0
48 45 0
48 49 0
48 53 0
49 48 0
49 50 0
49 61 0
50 49 0
50 51 0
50 54 0
51 50 0
51 52 0
52 51 0
52 53 0
53 48 0
53 52 0
54 50 0
54 55 0
54 58 0
55 54 0
56 57 0
56 58 0
57 56 0
57 63 0
58 54 0
58 56 0
59 44 0
59 60 0
60 59 0
61 49 0
61 62 0
62 61 0
63 15 0
63 36 0
63 57 0
64 43 0
64 65 0
64 66 0
65 64 0
66 64 0
66 67 0
66 68 0
67 66 0
68 66 0
69 22 0
69 70 0
69 71 0
70 69 0
71 69 0
71 72 0
71 73 0
72 71 0
73 71 0
74 1 0
74 75 0
74 76 0
75 74 0
76 74 0
76 77 0
76 78 0
77 76 0
78 76 0
GraphDataEnd
GraphEnd
NodeEnd
END_EPT
