BEGIN_EPT
AnchorID: 27313  # ID of the anchor node
RootIndex: 0  # Index of the root node in tree_nodes
NodeCount: 1  # Total number of nodes in the EPT
NodeStart
EPTNodeID: 0
AnchorID: 27313
TreeNodeGraphID: 0
Level: 0
SimplifiedLevel: 0
EditOperation: -1 0 -1 0 0
AccumulatedOpsCount: 0
ChildrenCount: 0
ChildIndices:
CompletedDBGraphIDsCount: 0
GraphStart
GraphDataStart
ID: 0
NumNodes: 70
NumEdges: 150
NodeLabels
2 0 2 2 2 2 2 0 2 0 11 0 2 0 2 0 2 0 2 0 2 0 2 0 2 0 2 0 0 0 2 2 2 3 2 2 2 0 2 2 0 0 3 2 3 2 2 2 0 2 2 2 2 2 2 2 3 2 3 3 2 2 2 0 2 2 2 2 2 2 
Edges
0 1 0
0 5 0
0 7 0
1 0 0
1 2 0
2 1 0
2 3 0
2 6 0
3 2 0
3 4 0
3 15 0
4 3 0
4 5 0
4 19 0
5 0 0
5 4 0
5 23 0
6 2 0
6 11 0
7 0 0
7 60 0
8 9 0
8 61 0
9 8 0
9 10 0
10 9 0
10 27 0
10 28 0
10 29 0
11 6 0
11 12 0
12 11 0
12 13 0
12 14 0
13 12 0
14 12 0
15 3 0
15 16 0
16 15 0
16 17 0
16 18 0
17 16 0
18 16 0
19 4 0
19 20 0
20 19 0
20 21 0
20 22 0
21 20 0
22 20 0
23 5 0
23 24 0
24 23 0
24 25 0
24 26 0
25 24 0
26 24 0
27 10 0
27 39 0
28 10 0
28 30 0
29 10 0
30 28 0
30 31 0
31 30 0
31 32 0
32 31 0
32 33 0
33 32 0
34 35 0
34 38 0
34 40 0
35 34 0
35 36 0
35 41 0
36 35 0
36 37 0
36 42 0
37 36 0
37 38 0
38 34 0
38 37 0
38 39 0
39 27 0
39 38 0
40 34 0
40 47 0
41 35 0
41 62 0
42 36 0
42 43 0
42 46 0
43 42 0
43 44 0
44 43 0
44 45 0
45 44 0
45 46 0
45 55 0
46 42 0
46 45 0
46 58 0
47 40 0
47 48 0
47 49 0
48 47 0
49 47 0
49 50 0
49 54 0
50 49 0
50 51 0
51 50 0
51 52 0
52 51 0
52 53 0
53 52 0
53 54 0
54 49 0
54 53 0
55 45 0
55 56 0
55 59 0
56 55 0
56 57 0
57 56 0
57 58 0
58 46 0
58 57 0
59 55 0
60 7 0
60 61 0
61 8 0
61 60 0
62 41 0
62 63 0
62 64 0
63 62 0
64 62 0
64 65 0
64 69 0
65 64 0
65 66 0
66 65 0
66 67 0
67 66 0
67 68 0
68 67 0
68 69 0
69 64 0
69 68 0
GraphDataEnd
GraphEnd
NodeEnd
END_EPT
