BEGIN_EPT
AnchorID: 42214  # ID of the anchor node
RootIndex: 0  # Index of the root node in tree_nodes
NodeCount: 1  # Total number of nodes in the EPT
NodeStart
EPTNodeID: 0
AnchorID: 42214
TreeNodeGraphID: 0
Level: 0
SimplifiedLevel: 0
EditOperation: -1 0 -1 0 0
AccumulatedOpsCount: 0
ChildrenCount: 0
ChildIndices:
CompletedDBGraphIDsCount: 0
GraphStart
GraphDataStart
ID: 0
NumNodes: 123
NumEdges: 246
NodeLabels
0 2 0 2 2 2 2 2 2 2 2 2 0 2 2 0 0 2 3 2 2 0 2 2 2 0 0 2 2 3 2 2 0 2 2 0 0 2 3 2 2 0 2 2 2 0 0 2 2 3 2 2 0 2 2 0 0 2 3 2 2 0 2 2 2 0 0 2 2 3 0 2 2 2 2 0 2 3 2 0 0 2 2 2 2 0 2 2 2 0 0 2 2 3 2 2 0 2 2 0 0 2 3 2 2 0 2 2 2 0 0 2 2 3 2 2 0 2 2 0 0 2 3 
Edges
0 1 0
0 9 0
1 0 0
1 2 0
1 18 0
2 1 0
3 4 0
3 8 0
3 9 0
4 3 0
4 5 0
5 4 0
5 6 0
6 5 0
6 7 0
7 6 0
7 8 0
8 3 0
8 7 0
9 0 0
9 3 0
10 11 0
10 13 0
10 18 0
11 10 0
11 12 0
11 29 0
12 11 0
13 10 0
13 14 0
14 13 0
14 15 0
14 16 0
15 14 0
16 14 0
16 17 0
17 16 0
18 1 0
18 10 0
19 20 0
19 22 0
19 29 0
20 19 0
20 21 0
20 38 0
21 20 0
22 19 0
22 23 0
23 22 0
23 24 0
24 23 0
24 25 0
24 26 0
25 24 0
26 24 0
26 27 0
27 26 0
27 28 0
28 27 0
29 11 0
29 19 0
30 31 0
30 33 0
30 38 0
31 30 0
31 32 0
31 49 0
32 31 0
33 30 0
33 34 0
34 33 0
34 35 0
34 36 0
35 34 0
36 34 0
36 37 0
37 36 0
38 20 0
38 30 0
39 40 0
39 42 0
39 49 0
40 39 0
40 41 0
40 58 0
41 40 0
42 39 0
42 43 0
43 42 0
43 44 0
44 43 0
44 45 0
44 46 0
45 44 0
46 44 0
46 47 0
47 46 0
47 48 0
48 47 0
49 31 0
49 39 0
50 51 0
50 53 0
50 58 0
51 50 0
51 52 0
51 69 0
52 51 0
53 50 0
53 54 0
54 53 0
54 55 0
54 56 0
55 54 0
56 54 0
56 57 0
57 56 0
58 40 0
58 50 0
59 60 0
59 62 0
59 69 0
60 59 0
60 61 0
60 122 0
61 60 0
62 59 0
62 63 0
63 62 0
63 64 0
64 63 0
64 65 0
64 66 0
65 64 0
66 64 0
66 67 0
67 66 0
67 68 0
68 67 0
69 51 0
69 59 0
70 71 0
70 74 0
71 70 0
71 72 0
72 71 0
73 74 0
73 76 0
73 77 0
74 70 0
74 73 0
74 75 0
75 74 0
76 73 0
76 78 0
77 73 0
77 104 0
78 76 0
78 79 0
78 80 0
79 78 0
80 78 0
80 81 0
81 80 0
81 82 0
82 81 0
83 84 0
83 86 0
83 93 0
84 83 0
84 85 0
84 102 0
85 84 0
86 83 0
86 87 0
87 86 0
87 88 0
88 87 0
88 89 0
88 90 0
89 88 0
90 88 0
90 91 0
91 90 0
91 92 0
92 91 0
93 83 0
93 115 0
94 95 0
94 97 0
94 102 0
95 94 0
95 96 0
95 113 0
96 95 0
97 94 0
97 98 0
98 97 0
98 99 0
98 100 0
99 98 0
100 98 0
100 101 0
101 100 0
102 84 0
102 94 0
103 104 0
103 106 0
103 113 0
104 77 0
104 103 0
104 105 0
105 104 0
106 103 0
106 107 0
107 106 0
107 108 0
108 107 0
108 109 0
108 110 0
109 108 0
110 108 0
110 111 0
111 110 0
111 112 0
112 111 0
113 95 0
113 103 0
114 115 0
114 117 0
114 122 0
115 93 0
115 114 0
115 116 0
116 115 0
117 114 0
117 118 0
118 117 0
118 119 0
118 120 0
119 118 0
120 118 0
120 121 0
121 120 0
122 60 0
122 114 0
GraphDataEnd
GraphEnd
NodeEnd
END_EPT
