BEGIN_EPT
AnchorID: 13540  # ID of the anchor node
RootIndex: 0  # Index of the root node in tree_nodes
NodeCount: 1  # Total number of nodes in the EPT
NodeStart
EPTNodeID: 0
AnchorID: 13540
TreeNodeGraphID: 0
Level: 0
SimplifiedLevel: 0
EditOperation: -1 0 -1 0 0
AccumulatedOpsCount: 0
ChildrenCount: 0
ChildIndices:
CompletedDBGraphIDsCount: 0
GraphStart
GraphDataStart
ID: 0
NumNodes: 66
NumEdges: 144
NodeLabels
3 2 2 2 2 2 2 2 2 0 3 2 2 2 2 2 2 0 2 2 0 3 2 2 2 2 2 0 2 2 2 2 2 2 2 2 2 2 2 3 2 0 2 3 2 2 2 2 2 2 0 2 2 0 3 2 2 2 2 2 2 2 0 2 2 2 
Edges
0 1 0
0 5 0
1 0 0
1 2 0
1 6 0
2 1 0
2 3 0
2 19 0
3 2 0
3 4 0
3 30 0
4 3 0
4 5 0
4 8 0
5 0 0
5 4 0
5 7 0
6 1 0
7 5 0
8 4 0
8 9 0
8 10 0
9 8 0
10 8 0
10 11 0
11 10 0
11 12 0
11 16 0
12 11 0
12 13 0
12 17 0
13 12 0
13 14 0
14 13 0
14 15 0
15 14 0
15 16 0
16 11 0
16 15 0
17 12 0
17 18 0
18 17 0
19 2 0
19 20 0
19 21 0
20 19 0
21 19 0
21 22 0
22 21 0
22 23 0
22 26 0
23 22 0
23 24 0
23 27 0
24 23 0
24 25 0
25 24 0
25 29 0
26 22 0
26 29 0
27 23 0
27 28 0
28 27 0
29 25 0
29 26 0
30 3 0
30 31 0
30 35 0
31 30 0
31 32 0
32 31 0
32 33 0
33 32 0
33 34 0
33 36 0
34 33 0
34 35 0
35 30 0
35 34 0
36 33 0
36 37 0
36 40 0
37 36 0
37 38 0
37 52 0
38 37 0
38 39 0
38 63 0
39 38 0
39 65 0
40 36 0
40 42 0
40 65 0
41 42 0
42 40 0
42 41 0
42 43 0
43 42 0
43 44 0
44 43 0
44 45 0
44 49 0
45 44 0
45 46 0
46 45 0
46 47 0
47 46 0
47 48 0
48 47 0
48 49 0
49 44 0
49 48 0
49 50 0
50 49 0
50 51 0
51 50 0
52 37 0
52 53 0
52 54 0
53 52 0
54 52 0
54 55 0
55 54 0
55 56 0
55 60 0
56 55 0
56 57 0
57 56 0
57 58 0
58 57 0
58 59 0
59 58 0
59 60 0
60 55 0
60 59 0
60 62 0
61 62 0
62 60 0
62 61 0
63 38 0
64 65 0
65 39 0
65 40 0
65 64 0
GraphDataEnd
GraphEnd
NodeEnd
END_EPT
