BEGIN_EPT
AnchorID: 15680  # ID of the anchor node
RootIndex: 0  # Index of the root node in tree_nodes
NodeCount: 1  # Total number of nodes in the EPT
NodeStart
EPTNodeID: 0
AnchorID: 15680
TreeNodeGraphID: 0
Level: 0
SimplifiedLevel: 0
EditOperation: -1 0 -1 0 0
AccumulatedOpsCount: 0
ChildrenCount: 0
ChildIndices:
CompletedDBGraphIDsCount: 0
GraphStart
GraphDataStart
ID: 0
NumNodes: 69
NumEdges: 152
NodeLabels
2 2 2 2 2 2 2 2 2 2 2 2 2 2 2 2 2 2 2 2 2 2 2 2 2 0 2 2 0 2 2 2 2 0 2 2 0 2 2 0 0 2 2 2 0 0 0 2 2 0 2 2 0 0 2 2 2 2 2 2 2 2 2 2 2 2 2 2 2 
Edges
0 1 0
0 5 0
1 0 0
1 2 0
1 33 0
2 1 0
2 3 0
2 41 0
2 42 0
3 2 0
3 4 0
3 6 0
4 3 0
4 5 0
4 9 0
4 32 0
5 0 0
5 4 0
6 3 0
6 7 0
7 6 0
7 8 0
8 7 0
8 9 0
8 10 0
8 30 0
9 4 0
9 8 0
9 13 0
10 8 0
10 11 0
10 14 0
10 31 0
11 10 0
11 12 0
11 17 0
12 11 0
12 13 0
13 9 0
13 12 0
14 10 0
14 15 0
15 14 0
15 16 0
16 15 0
16 17 0
16 18 0
16 24 0
17 11 0
17 16 0
17 20 0
18 16 0
18 19 0
19 18 0
19 20 0
20 17 0
20 19 0
20 21 0
21 20 0
21 22 0
21 23 0
22 21 0
23 21 0
23 46 0
24 16 0
24 25 0
25 24 0
25 26 0
26 25 0
26 27 0
26 28 0
27 26 0
27 64 0
28 26 0
29 43 0
29 64 0
30 8 0
31 10 0
32 4 0
33 1 0
33 34 0
34 33 0
34 35 0
34 36 0
35 34 0
35 54 0
36 34 0
37 38 0
37 54 0
38 37 0
38 39 0
38 40 0
39 38 0
40 38 0
41 2 0
42 2 0
43 29 0
43 44 0
43 45 0
44 43 0
45 43 0
46 23 0
46 47 0
47 46 0
47 48 0
47 49 0
48 47 0
48 59 0
49 47 0
50 51 0
50 59 0
51 50 0
51 52 0
51 53 0
52 51 0
53 51 0
54 35 0
54 37 0
54 55 0
54 58 0
55 54 0
55 56 0
56 55 0
56 57 0
57 56 0
57 58 0
58 54 0
58 57 0
59 48 0
59 50 0
59 60 0
59 63 0
60 59 0
60 61 0
61 60 0
61 62 0
62 61 0
62 63 0
63 59 0
63 62 0
64 27 0
64 29 0
64 65 0
64 68 0
65 64 0
65 66 0
66 65 0
66 67 0
67 66 0
67 68 0
68 64 0
68 67 0
GraphDataEnd
GraphEnd
NodeEnd
END_EPT
