BEGIN_EPT
AnchorID: 1571  # ID of the anchor node
RootIndex: 0  # Index of the root node in tree_nodes
NodeCount: 1  # Total number of nodes in the EPT
NodeStart
EPTNodeID: 0
AnchorID: 1571
TreeNodeGraphID: 0
Level: 0
SimplifiedLevel: 0
EditOperation: -1 0 -1 0 0
AccumulatedOpsCount: 0
ChildrenCount: 0
ChildIndices:
CompletedDBGraphIDsCount: 0
GraphStart
GraphDataStart
ID: 0
NumNodes: 172
NumEdges: 376
NodeLabels
0 3 3 0 2 2 2 2 2 2 2 2 2 2 2 2 2 2 2 2 2 2 2 2 2 2 2 2 2 2 2 2 2 2 2 2 2 2 2 2 2 2 2 2 2 2 2 2 2 2 2 2 2 2 2 2 2 2 2 2 2 0 2 2 2 2 3 3 0 0 2 2 2 2 2 2 2 2 2 2 2 2 2 2 2 2 2 2 2 0 0 2 2 2 2 2 2 2 2 2 2 2 2 2 2 2 2 2 2 2 2 2 2 2 2 2 2 2 2 2 2 2 2 2 2 2 2 2 2 2 2 2 2 2 2 2 2 2 2 2 2 2 2 2 2 2 2 2 2 2 2 2 2 2 2 2 2 2 2 2 2 2 2 2 2 2 2 2 2 2 0 2 
Edges
0 60 0
1 56 0
1 57 0
2 23 0
2 26 0
3 33 0
4 6 0
4 60 0
4 158 0
5 8 0
5 60 0
5 62 0
6 4 0
6 7 0
7 6 0
7 8 0
7 9 0
8 5 0
8 7 0
9 7 0
9 10 0
9 14 0
10 9 0
10 12 0
10 15 0
11 12 0
11 13 0
11 122 0
12 10 0
12 11 0
13 11 0
13 16 0
13 61 0
14 9 0
14 17 0
14 20 0
15 10 0
15 16 0
16 13 0
16 15 0
16 162 0
17 14 0
17 18 0
18 17 0
18 19 0
19 18 0
19 21 0
19 22 0
20 14 0
20 21 0
21 19 0
21 20 0
22 19 0
22 23 0
22 28 0
23 2 0
23 22 0
23 24 0
24 23 0
24 25 0
25 24 0
25 26 0
26 2 0
26 25 0
26 27 0
27 26 0
27 45 0
27 53 0
28 22 0
28 48 0
28 66 0
29 30 0
29 31 0
29 146 0
30 29 0
30 42 0
30 68 0
31 29 0
31 32 0
32 31 0
32 39 0
32 41 0
33 3 0
33 34 0
33 35 0
34 33 0
34 36 0
34 150 0
35 33 0
35 38 0
35 154 0
36 34 0
36 37 0
37 36 0
37 38 0
37 39 0
38 35 0
38 37 0
39 32 0
39 37 0
39 40 0
40 39 0
40 43 0
40 46 0
41 32 0
41 42 0
42 30 0
42 41 0
42 142 0
43 40 0
43 44 0
44 43 0
44 45 0
45 27 0
45 44 0
45 47 0
46 40 0
46 47 0
47 45 0
47 46 0
48 28 0
48 49 0
49 48 0
49 50 0
50 49 0
50 54 0
50 66 0
51 52 0
51 171 0
52 51 0
52 53 0
53 27 0
53 52 0
53 67 0
54 50 0
54 56 0
54 85 0
55 57 0
55 106 0
55 171 0
56 1 0
56 54 0
56 58 0
57 1 0
57 55 0
57 59 0
58 56 0
58 59 0
59 57 0
59 58 0
60 0 0
60 4 0
60 5 0
61 13 0
62 5 0
62 63 0
62 64 0
62 65 0
63 62 0
64 62 0
65 62 0
66 28 0
66 50 0
67 53 0
67 171 0
68 30 0
69 88 0
70 72 0
70 88 0
70 126 0
71 74 0
71 88 0
71 130 0
72 70 0
72 73 0
73 72 0
73 74 0
73 75 0
74 71 0
74 73 0
75 73 0
75 76 0
75 80 0
76 75 0
76 78 0
76 81 0
77 78 0
77 79 0
77 118 0
78 76 0
78 77 0
79 77 0
79 82 0
79 89 0
80 75 0
80 83 0
80 86 0
81 76 0
81 82 0
82 79 0
82 81 0
82 166 0
83 80 0
83 84 0
84 83 0
84 85 0
85 54 0
85 84 0
85 87 0
86 80 0
86 87 0
87 85 0
87 86 0
88 69 0
88 70 0
88 71 0
89 79 0
90 109 0
91 93 0
91 109 0
91 134 0
92 95 0
92 109 0
92 110 0
93 91 0
93 94 0
94 93 0
94 95 0
94 96 0
95 92 0
95 94 0
96 94 0
96 97 0
96 101 0
97 96 0
97 99 0
97 102 0
98 99 0
98 100 0
98 114 0
99 97 0
99 98 0
100 98 0
100 103 0
100 170 0
101 96 0
101 104 0
101 107 0
102 97 0
102 103 0
103 100 0
103 102 0
103 138 0
104 101 0
104 105 0
105 104 0
105 106 0
106 55 0
106 105 0
106 108 0
107 101 0
107 108 0
108 106 0
108 107 0
109 90 0
109 91 0
109 92 0
110 92 0
110 111 0
110 112 0
110 113 0
111 110 0
112 110 0
113 110 0
114 98 0
114 115 0
114 116 0
114 117 0
115 114 0
116 114 0
117 114 0
118 77 0
118 119 0
118 120 0
118 121 0
119 118 0
120 118 0
121 118 0
122 11 0
122 123 0
122 124 0
122 125 0
123 122 0
124 122 0
125 122 0
126 70 0
126 127 0
126 128 0
126 129 0
127 126 0
128 126 0
129 126 0
130 71 0
130 131 0
130 132 0
130 133 0
131 130 0
132 130 0
133 130 0
134 91 0
134 135 0
134 136 0
134 137 0
135 134 0
136 134 0
137 134 0
138 103 0
138 139 0
138 140 0
138 141 0
139 138 0
140 138 0
141 138 0
142 42 0
142 143 0
142 144 0
142 145 0
143 142 0
144 142 0
145 142 0
146 29 0
146 147 0
146 148 0
146 149 0
147 146 0
148 146 0
149 146 0
150 34 0
150 151 0
150 152 0
150 153 0
151 150 0
152 150 0
153 150 0
154 35 0
154 155 0
154 156 0
154 157 0
155 154 0
156 154 0
157 154 0
158 4 0
158 159 0
158 160 0
158 161 0
159 158 0
160 158 0
161 158 0
162 16 0
162 163 0
162 164 0
162 165 0
163 162 0
164 162 0
165 162 0
166 82 0
166 167 0
166 168 0
166 169 0
167 166 0
168 166 0
169 166 0
170 100 0
171 51 0
171 55 0
171 67 0
GraphDataEnd
GraphEnd
NodeEnd
END_EPT
