BEGIN_EPT
AnchorID: 9931  # ID of the anchor node
RootIndex: 0  # Index of the root node in tree_nodes
NodeCount: 1  # Total number of nodes in the EPT
NodeStart
EPTNodeID: 0
AnchorID: 9931
TreeNodeGraphID: 0
Level: 0
SimplifiedLevel: 0
EditOperation: -1 0 -1 0 0
AccumulatedOpsCount: 0
ChildrenCount: 0
ChildIndices:
CompletedDBGraphIDsCount: 0
GraphStart
GraphDataStart
ID: 0
NumNodes: 66
NumEdges: 142
NodeLabels
2 2 0 2 2 2 2 2 2 0 2 2 2 0 2 2 2 2 2 2 2 2 2 2 2 2 2 2 2 2 2 2 0 2 2 2 2 0 3 3 3 2 2 0 3 3 2 2 3 2 2 2 2 2 2 2 2 0 0 2 2 2 2 2 2 2 
Edges
0 1 0
0 10 0
0 40 0
1 0 0
1 2 0
1 45 0
2 1 0
3 4 0
3 8 0
4 3 0
4 5 0
5 4 0
5 6 0
5 9 0
6 5 0
6 7 0
7 6 0
7 8 0
8 3 0
8 7 0
8 10 0
9 5 0
9 49 0
10 0 0
10 8 0
11 12 0
11 14 0
11 44 0
12 11 0
12 13 0
12 39 0
13 12 0
14 11 0
14 15 0
15 14 0
15 16 0
15 20 0
16 15 0
16 17 0
17 16 0
17 18 0
18 17 0
18 19 0
19 18 0
19 20 0
20 15 0
20 19 0
21 22 0
21 29 0
21 39 0
22 21 0
22 23 0
23 22 0
23 24 0
23 28 0
24 23 0
24 25 0
25 24 0
25 26 0
26 25 0
26 27 0
27 26 0
27 28 0
28 23 0
28 27 0
29 21 0
29 37 0
29 38 0
30 31 0
30 36 0
30 38 0
31 30 0
31 32 0
31 48 0
32 31 0
33 34 0
33 35 0
33 36 0
34 33 0
35 33 0
36 30 0
36 33 0
37 29 0
38 29 0
38 30 0
39 12 0
39 21 0
40 0 0
40 56 0
41 42 0
41 45 0
41 46 0
42 41 0
42 43 0
42 44 0
43 42 0
44 11 0
44 42 0
45 1 0
45 41 0
46 41 0
46 47 0
47 46 0
47 48 0
48 31 0
48 47 0
49 9 0
49 50 0
50 49 0
50 51 0
50 55 0
51 50 0
51 52 0
52 51 0
52 53 0
53 52 0
53 54 0
54 53 0
54 55 0
55 50 0
55 54 0
56 40 0
56 57 0
56 58 0
57 56 0
58 56 0
58 59 0
59 58 0
59 60 0
60 59 0
60 61 0
60 65 0
61 60 0
61 62 0
62 61 0
62 63 0
63 62 0
63 64 0
64 63 0
64 65 0
65 60 0
65 64 0
GraphDataEnd
GraphEnd
NodeEnd
END_EPT
