BEGIN_EPT
AnchorID: 28994  # ID of the anchor node
RootIndex: 0  # Index of the root node in tree_nodes
NodeCount: 1  # Total number of nodes in the EPT
NodeStart
EPTNodeID: 0
AnchorID: 28994
TreeNodeGraphID: 0
Level: 0
SimplifiedLevel: 0
EditOperation: -1 0 -1 0 0
AccumulatedOpsCount: 0
ChildrenCount: 0
ChildIndices:
CompletedDBGraphIDsCount: 0
GraphStart
GraphDataStart
ID: 0
NumNodes: 86
NumEdges: 176
NodeLabels
2 2 3 2 0 3 1 2 2 2 2 2 0 3 2 2 0 2 0 3 2 2 2 0 3 2 0 2 3 2 2 2 0 3 2 2 2 2 2 2 3 2 2 2 2 2 0 3 2 2 2 0 2 0 3 2 2 2 2 2 2 0 3 2 2 2 2 2 0 3 2 0 3 2 2 2 2 0 3 2 2 2 0 0 1 0 
Edges
0 1 0
0 6 0
1 0 0
1 2 0
1 3 0
2 1 0
3 1 0
3 4 0
3 5 0
4 3 0
5 3 0
5 7 0
6 0 0
6 84 0
7 5 0
7 8 0
7 11 0
8 7 0
8 9 0
8 10 0
9 8 0
10 8 0
11 7 0
11 12 0
11 13 0
12 11 0
13 11 0
13 14 0
14 13 0
14 15 0
14 17 0
15 14 0
15 16 0
16 15 0
17 14 0
17 18 0
17 19 0
18 17 0
19 17 0
19 20 0
20 19 0
20 21 0
20 25 0
21 20 0
21 22 0
22 21 0
22 27 0
23 27 0
24 27 0
25 20 0
25 26 0
25 28 0
26 25 0
27 22 0
27 23 0
27 24 0
28 25 0
28 29 0
29 28 0
29 30 0
29 31 0
30 29 0
30 45 0
31 29 0
31 32 0
31 33 0
32 31 0
33 31 0
33 48 0
34 35 0
34 39 0
34 85 0
35 34 0
35 36 0
36 35 0
36 37 0
37 36 0
37 38 0
37 49 0
38 37 0
38 39 0
39 34 0
39 38 0
40 41 0
40 44 0
40 50 0
41 40 0
41 42 0
41 52 0
42 41 0
42 43 0
43 42 0
43 44 0
44 40 0
44 43 0
45 30 0
45 46 0
45 47 0
46 45 0
47 45 0
48 33 0
48 49 0
48 50 0
49 37 0
49 48 0
50 40 0
50 48 0
50 51 0
51 50 0
52 41 0
52 53 0
52 54 0
53 52 0
54 52 0
54 55 0
55 54 0
55 56 0
55 60 0
56 55 0
56 57 0
56 58 0
57 56 0
58 56 0
58 59 0
59 58 0
60 55 0
60 61 0
60 62 0
61 60 0
62 60 0
62 63 0
63 62 0
63 64 0
63 67 0
64 63 0
64 65 0
64 66 0
65 64 0
66 64 0
67 63 0
67 68 0
67 69 0
68 67 0
69 67 0
69 70 0
70 69 0
70 73 0
70 76 0
71 75 0
72 75 0
73 70 0
73 74 0
74 73 0
74 75 0
75 71 0
75 72 0
75 74 0
76 70 0
76 77 0
76 78 0
77 76 0
78 76 0
78 79 0
79 78 0
79 80 0
79 81 0
80 79 0
80 84 0
81 79 0
81 82 0
81 83 0
82 81 0
83 81 0
84 6 0
84 80 0
85 34 0
GraphDataEnd
GraphEnd
NodeEnd
END_EPT
