BEGIN_EPT
AnchorID: 16512  # ID of the anchor node
RootIndex: 0  # Index of the root node in tree_nodes
NodeCount: 1  # Total number of nodes in the EPT
NodeStart
EPTNodeID: 0
AnchorID: 16512
TreeNodeGraphID: 0
Level: 0
SimplifiedLevel: 0
EditOperation: -1 0 -1 0 0
AccumulatedOpsCount: 0
ChildrenCount: 0
ChildIndices:
CompletedDBGraphIDsCount: 0
GraphStart
GraphDataStart
ID: 0
NumNodes: 90
NumEdges: 178
NodeLabels
3 2 2 2 2 2 2 2 0 3 2 2 2 2 2 2 0 3 2 2 2 0 2 2 2 2 2 2 2 0 3 2 2 2 2 0 3 2 2 2 0 3 2 2 2 2 2 2 2 0 3 2 2 2 2 2 0 3 2 2 2 2 2 2 2 0 3 2 2 2 0 3 2 2 2 0 3 2 2 2 0 2 2 2 2 1 0 0 0 31 
Edges
0 1 0
0 2 0
0 79 0
1 0 0
2 0 0
2 3 0
2 7 0
3 2 0
3 4 0
4 3 0
4 5 0
4 6 0
5 4 0
6 4 0
7 2 0
7 8 0
7 9 0
8 7 0
9 7 0
9 10 0
9 11 0
10 9 0
11 9 0
11 12 0
11 15 0
12 11 0
12 13 0
12 14 0
13 12 0
14 12 0
15 11 0
15 16 0
15 17 0
16 15 0
17 15 0
17 18 0
17 19 0
18 17 0
19 17 0
19 20 0
19 28 0
20 19 0
20 21 0
20 22 0
21 20 0
21 85 0
22 20 0
22 23 0
22 24 0
23 22 0
24 22 0
24 25 0
25 24 0
25 26 0
26 25 0
26 27 0
27 26 0
28 19 0
28 29 0
28 30 0
29 28 0
30 28 0
30 31 0
31 30 0
31 32 0
31 34 0
32 31 0
32 33 0
33 32 0
34 31 0
34 35 0
34 36 0
35 34 0
36 34 0
36 37 0
36 38 0
37 36 0
38 36 0
38 39 0
39 38 0
39 40 0
39 41 0
40 39 0
41 39 0
41 42 0
41 43 0
42 41 0
43 41 0
43 44 0
43 48 0
44 43 0
44 45 0
45 44 0
45 46 0
45 47 0
46 45 0
47 45 0
48 43 0
48 49 0
48 50 0
49 48 0
50 48 0
50 51 0
51 50 0
51 52 0
51 55 0
52 51 0
52 53 0
52 54 0
53 52 0
54 52 0
55 51 0
55 56 0
55 57 0
56 55 0
57 55 0
57 58 0
57 59 0
58 57 0
59 57 0
59 60 0
59 64 0
60 59 0
60 61 0
61 60 0
61 62 0
61 63 0
62 61 0
63 61 0
64 59 0
64 65 0
64 66 0
65 64 0
66 64 0
66 67 0
67 66 0
67 68 0
67 69 0
68 67 0
69 67 0
69 70 0
69 71 0
70 69 0
71 69 0
71 72 0
72 71 0
72 73 0
72 74 0
73 72 0
74 72 0
74 75 0
74 76 0
75 74 0
76 74 0
76 77 0
76 78 0
77 76 0
78 76 0
78 79 0
78 81 0
79 0 0
79 78 0
79 80 0
80 79 0
81 78 0
81 82 0
82 81 0
82 83 0
82 84 0
83 82 0
84 82 0
85 21 0
85 86 0
85 87 0
85 88 0
86 85 0
87 85 0
88 85 0
GraphDataEnd
GraphEnd
NodeEnd
END_EPT
