BEGIN_EPT
AnchorID: 36914  # ID of the anchor node
RootIndex: 0  # Index of the root node in tree_nodes
NodeCount: 6  # Total number of nodes in the EPT
NodeStart
EPTNodeID: 0
AnchorID: 36914
TreeNodeGraphID: 0
Level: 0
SimplifiedLevel: 0
EditOperation: -1 0 -1 0 0
AccumulatedOpsCount: 0
ChildrenCount: 1
ChildIndices: 1
CompletedDBGraphIDsCount: 1
CompletedDBGraphID: 11378
GraphStart
GraphDataStart
ID: 0
NumNodes: 66
NumEdges: 148
NodeLabels
0 1 0 2 0 0 2 2 2 2 2 2 3 2 2 2 2 3 2 2 2 2 2 2 2 2 2 2 2 2 2 2 2 2 0 2 2 2 3 2 2 2 2 2 3 2 2 2 2 2 2 2 0 0 2 0 2 0 2 0 2 2 0 0 2 2 
Edges
0 1 0
1 0 0
1 2 0
1 4 0
1 5 0
2 1 0
2 3 0
3 2 0
4 1 0
5 1 0
6 7 0
6 11 0
7 6 0
7 8 0
8 7 0
8 9 0
8 12 0
9 8 0
9 10 0
9 14 0
10 9 0
10 11 0
11 6 0
11 10 0
12 8 0
12 13 0
13 12 0
13 14 0
13 27 0
14 9 0
14 13 0
14 15 0
15 14 0
15 16 0
16 15 0
16 17 0
17 16 0
17 18 0
17 22 0
18 17 0
18 19 0
19 18 0
19 20 0
19 65 0
20 19 0
20 21 0
20 26 0
21 20 0
21 22 0
21 23 0
22 17 0
22 21 0
23 21 0
23 24 0
24 23 0
24 25 0
25 24 0
25 26 0
26 20 0
26 25 0
27 13 0
27 28 0
27 61 0
27 65 0
28 27 0
28 29 0
28 30 0
29 28 0
29 33 0
29 34 0
30 28 0
30 31 0
31 30 0
31 32 0
31 36 0
32 31 0
32 33 0
32 38 0
33 29 0
33 32 0
34 29 0
34 35 0
35 34 0
36 31 0
36 37 0
36 43 0
36 46 0
37 36 0
37 38 0
37 40 0
38 32 0
38 37 0
38 39 0
39 38 0
40 37 0
40 41 0
40 53 0
40 54 0
41 40 0
41 42 0
41 52 0
42 41 0
42 43 0
42 49 0
42 50 0
43 36 0
43 42 0
43 44 0
44 43 0
44 45 0
44 47 0
45 44 0
45 46 0
46 36 0
46 45 0
47 44 0
47 48 0
48 47 0
48 49 0
49 42 0
49 48 0
50 42 0
50 51 0
51 50 0
52 41 0
52 56 0
53 40 0
54 40 0
54 55 0
54 59 0
55 54 0
56 52 0
56 57 0
56 58 0
57 56 0
58 56 0
59 54 0
59 60 0
60 59 0
61 27 0
61 62 0
61 63 0
62 61 0
63 61 0
63 64 0
64 63 0
65 19 0
65 27 0
GraphDataEnd
GraphEnd
NodeEnd
NodeStart
EPTNodeID: 1
AnchorID: 36914
TreeNodeGraphID: 2
Level: 2
SimplifiedLevel: 0
EditOperation: 4 25 26 0 0
AccumulatedOpsCount: 2
AccumulatedOp: 4 2 3 0 0
AccumulatedOp: 4 25 26 0 0
ChildrenCount: 2
ChildIndices: 2 5
CompletedDBGraphIDsCount: 0
GraphStart
GraphDataStart
ID: 2
NumNodes: 66
NumEdges: 144
NodeLabels
0 1 0 2 0 0 2 2 2 2 2 2 3 2 2 2 2 3 2 2 2 2 2 2 2 2 2 2 2 2 2 2 2 2 0 2 2 2 3 2 2 2 2 2 3 2 2 2 2 2 2 2 0 0 2 0 2 0 2 0 2 2 0 0 2 2 
Edges
0 1 0
1 0 0
1 2 0
1 4 0
1 5 0
2 1 0
4 1 0
5 1 0
6 7 0
6 11 0
7 6 0
7 8 0
8 7 0
8 9 0
8 12 0
9 8 0
9 10 0
9 14 0
10 9 0
10 11 0
11 6 0
11 10 0
12 8 0
12 13 0
13 12 0
13 14 0
13 27 0
14 9 0
14 13 0
14 15 0
15 14 0
15 16 0
16 15 0
16 17 0
17 16 0
17 18 0
17 22 0
18 17 0
18 19 0
19 18 0
19 20 0
19 65 0
20 19 0
20 21 0
20 26 0
21 20 0
21 22 0
21 23 0
22 17 0
22 21 0
23 21 0
23 24 0
24 23 0
24 25 0
25 24 0
26 20 0
27 13 0
27 28 0
27 61 0
27 65 0
28 27 0
28 29 0
28 30 0
29 28 0
29 33 0
29 34 0
30 28 0
30 31 0
31 30 0
31 32 0
31 36 0
32 31 0
32 33 0
32 38 0
33 29 0
33 32 0
34 29 0
34 35 0
35 34 0
36 31 0
36 37 0
36 43 0
36 46 0
37 36 0
37 38 0
37 40 0
38 32 0
38 37 0
38 39 0
39 38 0
40 37 0
40 41 0
40 53 0
40 54 0
41 40 0
41 42 0
41 52 0
42 41 0
42 43 0
42 49 0
42 50 0
43 36 0
43 42 0
43 44 0
44 43 0
44 45 0
44 47 0
45 44 0
45 46 0
46 36 0
46 45 0
47 44 0
47 48 0
48 47 0
48 49 0
49 42 0
49 48 0
50 42 0
50 51 0
51 50 0
52 41 0
52 56 0
53 40 0
54 40 0
54 55 0
54 59 0
55 54 0
56 52 0
56 57 0
56 58 0
57 56 0
58 56 0
59 54 0
59 60 0
60 59 0
61 27 0
61 62 0
61 63 0
62 61 0
63 61 0
63 64 0
64 63 0
65 19 0
65 27 0
GraphDataEnd
GraphEnd
NodeEnd
NodeStart
EPTNodeID: 2
AnchorID: 36914
TreeNodeGraphID: 4
Level: 4
SimplifiedLevel: 0
EditOperation: 1 25 0 2 0
AccumulatedOpsCount: 2
AccumulatedOp: 4 24 25 0 0
AccumulatedOp: 1 25 0 2 0
ChildrenCount: 2
ChildIndices: 3 4
CompletedDBGraphIDsCount: 0
GraphStart
GraphDataStart
ID: 4
NumNodes: 65
NumEdges: 142
NodeLabels
0 1 0 2 0 0 2 2 2 2 2 2 3 2 2 2 2 3 2 2 2 2 2 2 2 2 2 2 2 2 2 2 2 0 2 2 2 3 2 2 2 2 2 3 2 2 2 2 2 2 2 0 0 2 0 2 0 2 0 2 2 0 0 2 2 
Edges
0 1 0
1 0 0
1 2 0
1 4 0
1 5 0
2 1 0
4 1 0
5 1 0
6 7 0
6 11 0
7 6 0
7 8 0
8 7 0
8 9 0
8 12 0
9 8 0
9 10 0
9 14 0
10 9 0
10 11 0
11 6 0
11 10 0
12 8 0
12 13 0
13 12 0
13 14 0
13 26 0
14 9 0
14 13 0
14 15 0
15 14 0
15 16 0
16 15 0
16 17 0
17 16 0
17 18 0
17 22 0
18 17 0
18 19 0
19 18 0
19 20 0
19 64 0
20 19 0
20 21 0
20 25 0
21 20 0
21 22 0
21 23 0
22 17 0
22 21 0
23 21 0
23 24 0
24 23 0
25 20 0
26 13 0
26 27 0
26 60 0
26 64 0
27 26 0
27 28 0
27 29 0
28 27 0
28 32 0
28 33 0
29 27 0
29 30 0
30 29 0
30 31 0
30 35 0
31 30 0
31 32 0
31 37 0
32 28 0
32 31 0
33 28 0
33 34 0
34 33 0
35 30 0
35 36 0
35 42 0
35 45 0
36 35 0
36 37 0
36 39 0
37 31 0
37 36 0
37 38 0
38 37 0
39 36 0
39 40 0
39 52 0
39 53 0
40 39 0
40 41 0
40 51 0
41 40 0
41 42 0
41 48 0
41 49 0
42 35 0
42 41 0
42 43 0
43 42 0
43 44 0
43 46 0
44 43 0
44 45 0
45 35 0
45 44 0
46 43 0
46 47 0
47 46 0
47 48 0
48 41 0
48 47 0
49 41 0
49 50 0
50 49 0
51 40 0
51 55 0
52 39 0
53 39 0
53 54 0
53 58 0
54 53 0
55 51 0
55 56 0
55 57 0
56 55 0
57 55 0
58 53 0
58 59 0
59 58 0
60 26 0
60 61 0
60 62 0
61 60 0
62 60 0
62 63 0
63 62 0
64 19 0
64 26 0
GraphDataEnd
GraphEnd
NodeEnd
NodeStart
EPTNodeID: 3
AnchorID: 36914
TreeNodeGraphID: 7
Level: 7
SimplifiedLevel: 0
EditOperation: 5 21 26 0 0
AccumulatedOpsCount: 3
AccumulatedOp: 1 3 0 2 0
AccumulatedOp: 0 26 0 2 0
AccumulatedOp: 5 21 26 0 0
ChildrenCount: 0
ChildIndices:
CompletedDBGraphIDsCount: 2
CompletedDBGraphID: 12870
CompletedDBGraphID: 26311
GraphStart
GraphDataStart
ID: 7
NumNodes: 64
NumEdges: 144
NodeLabels
0 1 0 0 0 2 2 2 2 2 2 3 2 2 2 2 3 2 2 2 2 2 2 2 0 2 2 2 2 2 2 2 0 2 2 2 3 2 2 2 2 2 3 2 2 2 2 2 2 2 0 0 2 0 2 0 2 0 2 2 0 0 2 2 
Edges
0 1 0
1 0 0
1 2 0
1 3 0
1 4 0
2 1 0
3 1 0
4 1 0
5 6 0
5 10 0
6 5 0
6 7 0
7 6 0
7 8 0
7 11 0
8 7 0
8 9 0
8 13 0
9 8 0
9 10 0
10 5 0
10 9 0
11 7 0
11 12 0
12 11 0
12 13 0
12 25 0
13 8 0
13 12 0
13 14 0
14 13 0
14 15 0
15 14 0
15 16 0
16 15 0
16 17 0
16 21 0
17 16 0
17 18 0
18 17 0
18 19 0
18 63 0
19 18 0
19 20 0
19 24 0
20 19 0
20 21 0
20 22 0
20 24 0
21 16 0
21 20 0
22 20 0
22 23 0
23 22 0
24 19 0
24 20 0
25 12 0
25 26 0
25 59 0
25 63 0
26 25 0
26 27 0
26 28 0
27 26 0
27 31 0
27 32 0
28 26 0
28 29 0
29 28 0
29 30 0
29 34 0
30 29 0
30 31 0
30 36 0
31 27 0
31 30 0
32 27 0
32 33 0
33 32 0
34 29 0
34 35 0
34 41 0
34 44 0
35 34 0
35 36 0
35 38 0
36 30 0
36 35 0
36 37 0
37 36 0
38 35 0
38 39 0
38 51 0
38 52 0
39 38 0
39 40 0
39 50 0
40 39 0
40 41 0
40 47 0
40 48 0
41 34 0
41 40 0
41 42 0
42 41 0
42 43 0
42 45 0
43 42 0
43 44 0
44 34 0
44 43 0
45 42 0
45 46 0
46 45 0
46 47 0
47 40 0
47 46 0
48 40 0
48 49 0
49 48 0
50 39 0
50 54 0
51 38 0
52 38 0
52 53 0
52 57 0
53 52 0
54 50 0
54 55 0
54 56 0
55 54 0
56 54 0
57 52 0
57 58 0
58 57 0
59 25 0
59 60 0
59 61 0
60 59 0
61 59 0
61 62 0
62 61 0
63 18 0
63 25 0
GraphDataEnd
GraphEnd
NodeEnd
NodeStart
EPTNodeID: 4
AnchorID: 36914
TreeNodeGraphID: 11
Level: 8
SimplifiedLevel: 0
EditOperation: 5 3 21 0 0
AccumulatedOpsCount: 4
AccumulatedOp: 4 20 26 0 0
AccumulatedOp: 1 26 0 2 0
AccumulatedOp: 0 3 0 2 0
AccumulatedOp: 5 3 21 0 0
ChildrenCount: 0
ChildIndices:
CompletedDBGraphIDsCount: 1
CompletedDBGraphID: 35381
GraphStart
GraphDataStart
ID: 11
NumNodes: 64
NumEdges: 142
NodeLabels
0 1 0 0 0 0 2 2 2 2 2 2 3 2 2 2 2 3 2 2 2 2 2 2 2 2 2 2 2 2 2 2 0 2 2 2 3 2 2 2 2 2 3 2 2 2 2 2 2 2 0 0 2 0 2 0 2 0 2 2 0 0 2 2 
Edges
0 1 0
1 0 0
1 2 0
1 4 0
1 5 0
2 1 0
3 21 0
4 1 0
5 1 0
6 7 0
6 11 0
7 6 0
7 8 0
8 7 0
8 9 0
8 12 0
9 8 0
9 10 0
9 14 0
10 9 0
10 11 0
11 6 0
11 10 0
12 8 0
12 13 0
13 12 0
13 14 0
13 25 0
14 9 0
14 13 0
14 15 0
15 14 0
15 16 0
16 15 0
16 17 0
17 16 0
17 18 0
17 22 0
18 17 0
18 19 0
19 18 0
19 20 0
19 63 0
20 19 0
20 21 0
21 20 0
21 22 0
21 23 0
21 3 0
22 17 0
22 21 0
23 21 0
23 24 0
24 23 0
25 13 0
25 26 0
25 59 0
25 63 0
26 25 0
26 27 0
26 28 0
27 26 0
27 31 0
27 32 0
28 26 0
28 29 0
29 28 0
29 30 0
29 34 0
30 29 0
30 31 0
30 36 0
31 27 0
31 30 0
32 27 0
32 33 0
33 32 0
34 29 0
34 35 0
34 41 0
34 44 0
35 34 0
35 36 0
35 38 0
36 30 0
36 35 0
36 37 0
37 36 0
38 35 0
38 39 0
38 51 0
38 52 0
39 38 0
39 40 0
39 50 0
40 39 0
40 41 0
40 47 0
40 48 0
41 34 0
41 40 0
41 42 0
42 41 0
42 43 0
42 45 0
43 42 0
43 44 0
44 34 0
44 43 0
45 42 0
45 46 0
46 45 0
46 47 0
47 40 0
47 46 0
48 40 0
48 49 0
49 48 0
50 39 0
50 54 0
51 38 0
52 38 0
52 53 0
52 57 0
53 52 0
54 50 0
54 55 0
54 56 0
55 54 0
56 54 0
57 52 0
57 58 0
58 57 0
59 25 0
59 60 0
59 61 0
60 59 0
61 59 0
61 62 0
62 61 0
63 19 0
63 25 0
GraphDataEnd
GraphEnd
NodeEnd
NodeStart
EPTNodeID: 5
AnchorID: 36914
TreeNodeGraphID: 18
Level: 9
SimplifiedLevel: 0
EditOperation: 5 3 39 0 0
AccumulatedOpsCount: 7
AccumulatedOp: 4 20 26 0 0
AccumulatedOp: 0 3 0 2 0
AccumulatedOp: 1 26 0 2 0
AccumulatedOp: 5 21 24 0 0
AccumulatedOp: 0 23 0 2 0
AccumulatedOp: 4 23 24 0 0
AccumulatedOp: 5 3 39 0 0
ChildrenCount: 0
ChildIndices:
CompletedDBGraphIDsCount: 1
CompletedDBGraphID: 3617
GraphStart
GraphDataStart
ID: 18
NumNodes: 65
NumEdges: 144
NodeLabels
0 1 0 0 0 0 2 2 2 2 2 2 3 2 2 2 2 3 2 2 2 2 2 0 2 2 2 2 2 2 2 2 2 0 2 2 2 3 2 2 2 2 2 3 2 2 2 2 2 2 2 0 0 2 0 2 0 2 0 2 2 0 0 2 2 
Edges
0 1 0
1 0 0
1 2 0
1 4 0
1 5 0
2 1 0
3 38 0
4 1 0
5 1 0
6 7 0
6 11 0
7 6 0
7 8 0
8 7 0
8 9 0
8 12 0
9 8 0
9 10 0
9 14 0
10 9 0
10 11 0
11 6 0
11 10 0
12 8 0
12 13 0
13 12 0
13 14 0
13 26 0
14 9 0
14 13 0
14 15 0
15 14 0
15 16 0
16 15 0
16 17 0
17 16 0
17 18 0
17 22 0
18 17 0
18 19 0
19 18 0
19 20 0
19 64 0
20 19 0
20 21 0
21 20 0
21 22 0
21 23 0
21 24 0
22 17 0
22 21 0
23 21 0
24 25 0
24 21 0
25 24 0
26 13 0
26 27 0
26 60 0
26 64 0
27 26 0
27 28 0
27 29 0
28 27 0
28 32 0
28 33 0
29 27 0
29 30 0
30 29 0
30 31 0
30 35 0
31 30 0
31 32 0
31 37 0
32 28 0
32 31 0
33 28 0
33 34 0
34 33 0
35 30 0
35 36 0
35 42 0
35 45 0
36 35 0
36 37 0
36 39 0
37 31 0
37 36 0
37 38 0
38 37 0
38 3 0
39 36 0
39 40 0
39 52 0
39 53 0
40 39 0
40 41 0
40 51 0
41 40 0
41 42 0
41 48 0
41 49 0
42 35 0
42 41 0
42 43 0
43 42 0
43 44 0
43 46 0
44 43 0
44 45 0
45 35 0
45 44 0
46 43 0
46 47 0
47 46 0
47 48 0
48 41 0
48 47 0
49 41 0
49 50 0
50 49 0
51 40 0
51 55 0
52 39 0
53 39 0
53 54 0
53 58 0
54 53 0
55 51 0
55 56 0
55 57 0
56 55 0
57 55 0
58 53 0
58 59 0
59 58 0
60 26 0
60 61 0
60 62 0
61 60 0
62 60 0
62 63 0
63 62 0
64 19 0
64 26 0
GraphDataEnd
GraphEnd
NodeEnd
END_EPT
