BEGIN_EPT
AnchorID: 34564  # ID of the anchor node
RootIndex: 0  # Index of the root node in tree_nodes
NodeCount: 1  # Total number of nodes in the EPT
NodeStart
EPTNodeID: 0
AnchorID: 34564
TreeNodeGraphID: 0
Level: 0
SimplifiedLevel: 0
EditOperation: -1 0 -1 0 0
AccumulatedOpsCount: 0
ChildrenCount: 0
ChildIndices:
CompletedDBGraphIDsCount: 0
GraphStart
GraphDataStart
ID: 0
NumNodes: 118
NumEdges: 236
NodeLabels
2 2 0 2 2 2 2 0 2 2 3 3 2 0 0 2 2 0 0 2 2 2 0 2 2 2 2 0 2 2 3 3 2 0 0 2 2 0 0 2 2 2 0 2 2 3 2 0 0 2 2 2 0 2 2 2 2 0 2 2 3 3 2 0 0 2 2 0 0 2 2 2 0 2 2 3 2 0 0 2 2 2 0 2 2 2 2 0 2 2 2 2 0 2 2 2 2 2 2 3 0 0 3 3 3 2 0 0 2 2 0 0 2 2 2 0 2 3 
Edges
0 1 0
0 3 0
0 10 0
1 0 0
1 2 0
1 11 0
2 1 0
3 0 0
3 4 0
4 3 0
4 12 0
5 6 0
5 8 0
5 11 0
6 5 0
6 7 0
6 30 0
7 6 0
8 5 0
8 9 0
9 8 0
9 16 0
10 0 0
10 114 0
11 1 0
11 5 0
12 4 0
12 13 0
12 14 0
13 12 0
14 12 0
14 15 0
15 14 0
16 9 0
16 17 0
16 18 0
17 16 0
18 16 0
18 19 0
19 18 0
20 21 0
20 23 0
20 30 0
21 20 0
21 22 0
21 31 0
22 21 0
23 20 0
23 24 0
24 23 0
24 32 0
25 26 0
25 28 0
25 31 0
26 25 0
26 27 0
26 45 0
27 26 0
28 25 0
28 29 0
29 28 0
29 36 0
30 6 0
30 20 0
31 21 0
31 25 0
32 24 0
32 33 0
32 34 0
33 32 0
34 32 0
34 35 0
35 34 0
36 29 0
36 37 0
36 38 0
37 36 0
38 36 0
38 39 0
39 38 0
40 41 0
40 43 0
40 45 0
41 40 0
41 42 0
41 102 0
42 41 0
43 40 0
43 44 0
44 43 0
44 46 0
45 26 0
45 40 0
46 44 0
46 47 0
46 48 0
47 46 0
48 46 0
48 49 0
49 48 0
50 51 0
50 53 0
50 60 0
51 50 0
51 52 0
51 61 0
52 51 0
53 50 0
53 54 0
54 53 0
54 62 0
55 56 0
55 58 0
55 61 0
56 55 0
56 57 0
56 75 0
57 56 0
58 55 0
58 59 0
59 58 0
59 66 0
60 50 0
60 86 0
61 51 0
61 55 0
62 54 0
62 63 0
62 64 0
63 62 0
64 62 0
64 65 0
65 64 0
66 59 0
66 67 0
66 68 0
67 66 0
68 66 0
68 69 0
69 68 0
70 71 0
70 73 0
70 75 0
71 70 0
71 72 0
71 117 0
72 71 0
73 70 0
73 74 0
74 73 0
74 76 0
75 56 0
75 70 0
76 74 0
76 77 0
76 78 0
77 76 0
78 76 0
78 79 0
79 78 0
80 81 0
80 83 0
80 103 0
81 80 0
81 82 0
81 104 0
82 81 0
83 80 0
83 84 0
84 83 0
84 105 0
85 86 0
85 88 0
85 104 0
86 60 0
86 85 0
86 87 0
87 86 0
88 85 0
88 89 0
89 88 0
89 109 0
90 91 0
90 102 0
90 113 0
91 90 0
91 92 0
91 103 0
92 91 0
93 94 0
93 98 0
94 93 0
94 95 0
95 94 0
95 96 0
95 99 0
96 95 0
96 97 0
97 96 0
97 98 0
98 93 0
98 97 0
98 113 0
99 95 0
99 100 0
99 101 0
100 99 0
101 99 0
102 41 0
102 90 0
103 80 0
103 91 0
104 81 0
104 85 0
105 84 0
105 106 0
105 107 0
106 105 0
107 105 0
107 108 0
108 107 0
109 89 0
109 110 0
109 111 0
110 109 0
111 109 0
111 112 0
112 111 0
113 90 0
113 98 0
114 10 0
114 115 0
114 116 0
115 114 0
116 114 0
117 71 0
GraphDataEnd
GraphEnd
NodeEnd
END_EPT
