BEGIN_EPT
AnchorID: 31217  # ID of the anchor node
RootIndex: 0  # Index of the root node in tree_nodes
NodeCount: 1  # Total number of nodes in the EPT
NodeStart
EPTNodeID: 0
AnchorID: 31217
TreeNodeGraphID: 0
Level: 0
SimplifiedLevel: 0
EditOperation: -1 0 -1 0 0
AccumulatedOpsCount: 0
ChildrenCount: 0
ChildIndices:
CompletedDBGraphIDsCount: 0
GraphStart
GraphDataStart
ID: 0
NumNodes: 80
NumEdges: 180
NodeLabels
2 2 2 2 2 2 2 2 2 2 2 2 2 2 2 2 2 0 2 0 2 2 2 2 2 2 0 2 2 2 2 2 0 2 2 2 2 0 2 2 2 2 0 2 0 0 0 0 2 0 0 0 2 0 0 0 2 2 2 2 0 2 0 2 2 2 2 0 0 0 2 0 2 2 2 2 0 0 0 2 
Edges
0 1 0
0 5 0
1 0 0
1 2 0
1 42 0
2 1 0
2 3 0
3 2 0
3 4 0
3 6 0
4 3 0
4 5 0
4 9 0
4 59 0
5 0 0
5 4 0
6 3 0
6 7 0
7 6 0
7 8 0
8 7 0
8 9 0
8 10 0
9 4 0
9 8 0
9 13 0
10 8 0
10 11 0
10 14 0
11 10 0
11 12 0
11 16 0
11 58 0
12 11 0
12 13 0
13 9 0
13 12 0
14 10 0
14 15 0
15 14 0
15 16 0
15 17 0
16 11 0
16 15 0
16 18 0
17 15 0
17 24 0
18 16 0
18 24 0
18 57 0
19 20 0
19 24 0
20 19 0
20 21 0
21 20 0
21 22 0
21 56 0
22 21 0
22 23 0
23 22 0
23 24 0
24 17 0
24 18 0
24 19 0
24 23 0
25 26 0
25 30 0
25 42 0
26 25 0
26 27 0
27 26 0
27 28 0
27 43 0
28 27 0
28 29 0
28 47 0
29 28 0
29 30 0
29 44 0
30 25 0
30 29 0
30 45 0
31 32 0
31 36 0
31 49 0
32 31 0
32 33 0
33 32 0
33 34 0
34 33 0
34 35 0
34 53 0
35 34 0
35 36 0
35 54 0
36 31 0
36 35 0
36 55 0
37 38 0
37 48 0
38 37 0
38 39 0
38 52 0
39 38 0
39 40 0
39 51 0
40 39 0
40 41 0
40 50 0
41 40 0
41 48 0
41 49 0
42 1 0
42 25 0
43 27 0
43 46 0
44 29 0
45 30 0
45 70 0
46 43 0
47 28 0
47 48 0
48 37 0
48 41 0
48 47 0
49 31 0
49 41 0
50 40 0
50 61 0
51 39 0
52 38 0
52 60 0
53 34 0
54 35 0
55 36 0
56 21 0
57 18 0
58 11 0
59 4 0
60 52 0
61 50 0
61 62 0
61 66 0
62 61 0
62 63 0
63 62 0
63 64 0
64 63 0
64 65 0
64 69 0
65 64 0
65 66 0
65 67 0
66 61 0
66 65 0
66 68 0
67 65 0
68 66 0
69 64 0
70 45 0
70 71 0
70 75 0
71 70 0
71 72 0
72 71 0
72 73 0
72 79 0
73 72 0
73 74 0
73 78 0
74 73 0
74 75 0
74 76 0
75 70 0
75 74 0
75 77 0
76 74 0
77 75 0
78 73 0
79 72 0
GraphDataEnd
GraphEnd
NodeEnd
END_EPT
