BEGIN_EPT
AnchorID: 34457  # ID of the anchor node
RootIndex: 0  # Index of the root node in tree_nodes
NodeCount: 1  # Total number of nodes in the EPT
NodeStart
EPTNodeID: 0
AnchorID: 34457
TreeNodeGraphID: 0
Level: 0
SimplifiedLevel: 0
EditOperation: -1 0 -1 0 0
AccumulatedOpsCount: 0
ChildrenCount: 0
ChildIndices:
CompletedDBGraphIDsCount: 0
GraphStart
GraphDataStart
ID: 0
NumNodes: 145
NumEdges: 290
NodeLabels
0 2 0 2 2 2 2 2 2 2 2 2 0 2 2 2 0 0 2 2 2 2 0 2 2 2 0 0 2 2 2 2 0 2 2 2 0 0 2 2 2 2 0 2 2 2 0 0 2 2 0 2 2 3 3 3 3 2 2 0 2 2 2 0 0 2 2 2 2 0 2 2 2 0 0 2 2 3 3 2 2 0 2 2 2 0 0 2 2 3 2 2 0 2 2 2 0 0 2 2 2 2 0 2 2 2 0 0 2 2 3 3 2 2 0 2 2 2 0 0 2 2 2 2 0 2 2 2 0 0 2 2 3 3 2 2 0 2 2 2 0 0 2 2 3 
Edges
0 1 0
0 9 0
1 0 0
1 2 0
1 53 0
2 1 0
3 4 0
3 8 0
3 9 0
4 3 0
4 5 0
5 4 0
5 6 0
6 5 0
6 7 0
7 6 0
7 8 0
8 3 0
8 7 0
9 0 0
9 3 0
10 11 0
10 13 0
10 53 0
11 10 0
11 12 0
11 54 0
12 11 0
13 10 0
13 14 0
14 13 0
14 15 0
15 14 0
15 16 0
15 17 0
16 15 0
17 15 0
17 18 0
18 17 0
18 19 0
19 18 0
20 21 0
20 23 0
20 54 0
21 20 0
21 22 0
21 77 0
22 21 0
23 20 0
23 24 0
24 23 0
24 25 0
25 24 0
25 26 0
25 27 0
26 25 0
27 25 0
27 28 0
28 27 0
28 29 0
29 28 0
30 31 0
30 33 0
30 55 0
31 30 0
31 32 0
31 56 0
32 31 0
33 30 0
33 34 0
34 33 0
34 35 0
35 34 0
35 36 0
35 37 0
36 35 0
37 35 0
37 38 0
38 37 0
38 39 0
39 38 0
40 41 0
40 43 0
40 56 0
41 40 0
41 42 0
41 132 0
42 41 0
43 40 0
43 44 0
44 43 0
44 45 0
45 44 0
45 46 0
45 47 0
46 45 0
47 45 0
47 48 0
48 47 0
48 49 0
49 48 0
50 51 0
50 101 0
51 50 0
51 52 0
52 51 0
53 1 0
53 10 0
54 11 0
54 20 0
55 30 0
55 80 0
56 31 0
56 40 0
57 58 0
57 60 0
57 77 0
58 57 0
58 59 0
58 78 0
59 58 0
60 57 0
60 61 0
61 60 0
61 62 0
62 61 0
62 63 0
62 64 0
63 62 0
64 62 0
64 65 0
65 64 0
65 66 0
66 65 0
67 68 0
67 70 0
67 78 0
68 67 0
68 69 0
68 89 0
69 68 0
70 67 0
70 71 0
71 70 0
71 72 0
72 71 0
72 73 0
72 74 0
73 72 0
74 72 0
74 75 0
75 74 0
75 76 0
76 75 0
77 21 0
77 57 0
78 58 0
78 67 0
79 80 0
79 82 0
79 89 0
80 55 0
80 79 0
80 81 0
81 80 0
82 79 0
82 83 0
83 82 0
83 84 0
84 83 0
84 85 0
84 86 0
85 84 0
86 84 0
86 87 0
87 86 0
87 88 0
88 87 0
89 68 0
89 79 0
90 91 0
90 93 0
90 110 0
91 90 0
91 92 0
91 111 0
92 91 0
93 90 0
93 94 0
94 93 0
94 95 0
95 94 0
95 96 0
95 97 0
96 95 0
97 95 0
97 98 0
98 97 0
98 99 0
99 98 0
100 101 0
100 103 0
100 111 0
101 50 0
101 100 0
101 102 0
102 101 0
103 100 0
103 104 0
104 103 0
104 105 0
105 104 0
105 106 0
105 107 0
106 105 0
107 105 0
107 108 0
108 107 0
108 109 0
109 108 0
110 90 0
110 135 0
111 91 0
111 100 0
112 113 0
112 115 0
112 132 0
113 112 0
113 114 0
113 133 0
114 113 0
115 112 0
115 116 0
116 115 0
116 117 0
117 116 0
117 118 0
117 119 0
118 117 0
119 117 0
119 120 0
120 119 0
120 121 0
121 120 0
122 123 0
122 125 0
122 133 0
123 122 0
123 124 0
123 144 0
124 123 0
125 122 0
125 126 0
126 125 0
126 127 0
127 126 0
127 128 0
127 129 0
128 127 0
129 127 0
129 130 0
130 129 0
130 131 0
131 130 0
132 41 0
132 112 0
133 113 0
133 122 0
134 135 0
134 137 0
134 144 0
135 110 0
135 134 0
135 136 0
136 135 0
137 134 0
137 138 0
138 137 0
138 139 0
139 138 0
139 140 0
139 141 0
140 139 0
141 139 0
141 142 0
142 141 0
142 143 0
143 142 0
144 123 0
144 134 0
GraphDataEnd
GraphEnd
NodeEnd
END_EPT
