BEGIN_EPT
AnchorID: 38629  # ID of the anchor node
RootIndex: 0  # Index of the root node in tree_nodes
NodeCount: 2  # Total number of nodes in the EPT
NodeStart
EPTNodeID: 0
AnchorID: 38629
TreeNodeGraphID: 0
Level: 0
SimplifiedLevel: 0
EditOperation: -1 0 -1 0 0
AccumulatedOpsCount: 0
ChildrenCount: 1
ChildIndices: 1
CompletedDBGraphIDsCount: 0
GraphStart
GraphDataStart
ID: 0
NumNodes: 64
NumEdges: 134
NodeLabels
2 2 2 2 2 2 2 2 2 2 2 2 2 2 2 2 2 2 3 2 2 2 3 3 3 3 3 2 2 3 3 2 2 2 2 2 2 2 2 0 1 0 0 0 1 0 0 0 2 0 2 0 0 0 0 2 0 0 0 0 2 2 13 31 
Edges
0 1 0
0 5 0
1 0 0
1 2 0
2 1 0
2 3 0
2 50 0
3 2 0
3 4 0
3 22 0
4 3 0
4 5 0
5 0 0
5 4 0
6 7 0
6 11 0
7 6 0
7 8 0
7 44 0
8 7 0
8 9 0
8 60 0
9 8 0
9 10 0
10 9 0
10 11 0
11 6 0
11 10 0
11 24 0
12 13 0
12 17 0
12 61 0
13 12 0
13 14 0
13 40 0
14 13 0
14 15 0
15 14 0
15 16 0
15 25 0
16 15 0
16 17 0
17 12 0
17 16 0
18 21 0
18 22 0
19 20 0
19 22 0
19 53 0
20 19 0
20 21 0
20 23 0
21 18 0
21 20 0
21 48 0
22 3 0
22 18 0
22 19 0
23 20 0
23 24 0
24 11 0
24 23 0
25 15 0
25 26 0
26 25 0
26 27 0
27 26 0
27 28 0
27 31 0
28 27 0
28 30 0
28 38 0
29 30 0
29 31 0
29 37 0
30 28 0
30 29 0
31 27 0
31 29 0
31 54 0
32 33 0
32 37 0
32 55 0
33 32 0
33 34 0
34 33 0
34 35 0
35 34 0
35 36 0
36 35 0
36 37 0
37 29 0
37 32 0
37 36 0
38 28 0
38 39 0
38 57 0
39 38 0
40 13 0
40 41 0
40 42 0
40 43 0
41 40 0
42 40 0
43 40 0
44 7 0
44 45 0
44 46 0
44 47 0
45 44 0
46 44 0
47 44 0
48 21 0
48 49 0
48 58 0
49 48 0
50 2 0
50 51 0
50 59 0
51 50 0
52 55 0
53 19 0
54 31 0
55 32 0
55 52 0
55 56 0
56 55 0
57 38 0
58 48 0
59 50 0
60 8 0
60 61 0
61 12 0
61 60 0
GraphDataEnd
GraphEnd
NodeEnd
NodeStart
EPTNodeID: 1
AnchorID: 38629
TreeNodeGraphID: 1
Level: 1
SimplifiedLevel: 0
EditOperation: 1 62 0 13 0
AccumulatedOpsCount: 1
AccumulatedOp: 1 62 0 13 0
ChildrenCount: 0
ChildIndices:
CompletedDBGraphIDsCount: 1
CompletedDBGraphID: 373
GraphStart
GraphDataStart
ID: 1
NumNodes: 63
NumEdges: 134
NodeLabels
2 2 2 2 2 2 2 2 2 2 2 2 2 2 2 2 2 2 3 2 2 2 3 3 3 3 3 2 2 3 3 2 2 2 2 2 2 2 2 0 1 0 0 0 1 0 0 0 2 0 2 0 0 0 0 2 0 0 0 0 2 2 31 
Edges
0 1 0
0 5 0
1 0 0
1 2 0
2 1 0
2 3 0
2 50 0
3 2 0
3 4 0
3 22 0
4 3 0
4 5 0
5 0 0
5 4 0
6 7 0
6 11 0
7 6 0
7 8 0
7 44 0
8 7 0
8 9 0
8 60 0
9 8 0
9 10 0
10 9 0
10 11 0
11 6 0
11 10 0
11 24 0
12 13 0
12 17 0
12 61 0
13 12 0
13 14 0
13 40 0
14 13 0
14 15 0
15 14 0
15 16 0
15 25 0
16 15 0
16 17 0
17 12 0
17 16 0
18 21 0
18 22 0
19 20 0
19 22 0
19 53 0
20 19 0
20 21 0
20 23 0
21 18 0
21 20 0
21 48 0
22 3 0
22 18 0
22 19 0
23 20 0
23 24 0
24 11 0
24 23 0
25 15 0
25 26 0
26 25 0
26 27 0
27 26 0
27 28 0
27 31 0
28 27 0
28 30 0
28 38 0
29 30 0
29 31 0
29 37 0
30 28 0
30 29 0
31 27 0
31 29 0
31 54 0
32 33 0
32 37 0
32 55 0
33 32 0
33 34 0
34 33 0
34 35 0
35 34 0
35 36 0
36 35 0
36 37 0
37 29 0
37 32 0
37 36 0
38 28 0
38 39 0
38 57 0
39 38 0
40 13 0
40 41 0
40 42 0
40 43 0
41 40 0
42 40 0
43 40 0
44 7 0
44 45 0
44 46 0
44 47 0
45 44 0
46 44 0
47 44 0
48 21 0
48 49 0
48 58 0
49 48 0
50 2 0
50 51 0
50 59 0
51 50 0
52 55 0
53 19 0
54 31 0
55 32 0
55 52 0
55 56 0
56 55 0
57 38 0
58 48 0
59 50 0
60 8 0
60 61 0
61 12 0
61 60 0
GraphDataEnd
GraphEnd
NodeEnd
END_EPT
