BEGIN_EPT
AnchorID: 24737  # ID of the anchor node
RootIndex: 0  # Index of the root node in tree_nodes
NodeCount: 1  # Total number of nodes in the EPT
NodeStart
EPTNodeID: 0
AnchorID: 24737
TreeNodeGraphID: 0
Level: 0
SimplifiedLevel: 0
EditOperation: -1 0 -1 0 0
AccumulatedOpsCount: 0
ChildrenCount: 0
ChildIndices:
CompletedDBGraphIDsCount: 0
GraphStart
GraphDataStart
ID: 0
NumNodes: 84
NumEdges: 192
NodeLabels
2 2 2 2 2 2 0 2 3 2 2 2 2 2 2 2 2 0 2 3 2 2 2 0 0 2 2 2 2 2 2 2 0 2 3 2 2 2 2 2 2 2 2 0 2 3 2 2 2 2 0 2 2 2 2 2 2 2 2 2 2 2 2 2 2 2 2 2 2 2 2 2 2 2 2 2 2 2 2 2 2 0 2 2 
Edges
0 1 0
0 5 0
0 9 0
1 0 0
1 2 0
1 6 0
2 1 0
2 3 0
2 48 0
3 2 0
3 4 0
4 3 0
4 5 0
4 10 0
5 0 0
5 4 0
5 24 0
6 1 0
6 7 0
7 6 0
7 8 0
8 7 0
8 9 0
8 22 0
9 0 0
9 8 0
10 4 0
10 11 0
10 25 0
11 10 0
11 12 0
11 16 0
12 11 0
12 13 0
12 17 0
13 12 0
13 14 0
13 20 0
14 13 0
14 15 0
14 23 0
15 14 0
15 16 0
15 52 0
16 11 0
16 15 0
17 12 0
17 18 0
18 17 0
18 19 0
19 18 0
19 20 0
19 21 0
20 13 0
20 19 0
21 19 0
21 54 0
21 78 0
22 8 0
22 72 0
22 80 0
23 14 0
24 5 0
25 10 0
26 27 0
26 31 0
26 35 0
27 26 0
27 28 0
27 32 0
28 27 0
28 29 0
28 52 0
29 28 0
29 30 0
30 29 0
30 31 0
30 36 0
31 26 0
31 30 0
31 50 0
32 27 0
32 33 0
33 32 0
33 34 0
34 33 0
34 35 0
34 49 0
35 26 0
35 34 0
36 30 0
36 37 0
36 51 0
37 36 0
37 38 0
37 42 0
38 37 0
38 39 0
38 43 0
39 38 0
39 40 0
39 46 0
40 39 0
40 41 0
40 81 0
41 40 0
41 42 0
41 48 0
42 37 0
42 41 0
43 38 0
43 44 0
44 43 0
44 45 0
45 44 0
45 46 0
45 47 0
46 39 0
46 45 0
47 45 0
47 66 0
47 79 0
48 2 0
48 41 0
48 53 0
49 34 0
49 60 0
49 83 0
50 31 0
51 36 0
52 15 0
52 28 0
52 82 0
53 48 0
54 21 0
54 55 0
54 59 0
55 54 0
55 56 0
56 55 0
56 57 0
57 56 0
57 58 0
58 57 0
58 59 0
59 54 0
59 58 0
60 49 0
60 61 0
60 65 0
61 60 0
61 62 0
62 61 0
62 63 0
63 62 0
63 64 0
64 63 0
64 65 0
65 60 0
65 64 0
66 47 0
66 67 0
66 71 0
67 66 0
67 68 0
68 67 0
68 69 0
69 68 0
69 70 0
70 69 0
70 71 0
71 66 0
71 70 0
72 22 0
72 73 0
72 77 0
73 72 0
73 74 0
74 73 0
74 75 0
75 74 0
75 76 0
76 75 0
76 77 0
77 72 0
77 76 0
78 21 0
79 47 0
80 22 0
81 40 0
82 52 0
83 49 0
GraphDataEnd
GraphEnd
NodeEnd
END_EPT
