BEGIN_EPT
AnchorID: 42319  # ID of the anchor node
RootIndex: 0  # Index of the root node in tree_nodes
NodeCount: 1  # Total number of nodes in the EPT
NodeStart
EPTNodeID: 0
AnchorID: 42319
TreeNodeGraphID: 0
Level: 0
SimplifiedLevel: 0
EditOperation: -1 0 -1 0 0
AccumulatedOpsCount: 0
ChildrenCount: 0
ChildIndices:
CompletedDBGraphIDsCount: 0
GraphStart
GraphDataStart
ID: 0
NumNodes: 75
NumEdges: 154
NodeLabels
2 2 2 2 2 2 2 2 2 0 2 2 2 2 2 2 2 2 2 2 0 2 0 0 2 0 2 2 2 2 3 2 0 2 0 2 0 2 2 2 2 0 2 2 2 0 2 2 2 2 0 2 2 2 2 2 2 2 2 2 2 2 0 2 0 2 0 2 2 3 2 2 2 2 4 
Edges
0 1 0
0 61 0
0 64 0
1 0 0
1 2 0
1 6 0
2 1 0
2 3 0
3 2 0
3 4 0
3 8 0
4 3 0
4 5 0
4 9 0
5 4 0
5 10 0
6 1 0
7 27 0
7 28 0
8 3 0
9 4 0
10 5 0
10 11 0
10 23 0
11 10 0
11 12 0
11 13 0
12 11 0
13 11 0
13 14 0
14 13 0
14 15 0
14 19 0
15 14 0
15 16 0
16 15 0
16 17 0
17 16 0
17 18 0
17 22 0
18 17 0
18 19 0
18 20 0
19 14 0
19 18 0
20 18 0
20 21 0
21 20 0
22 17 0
23 10 0
23 24 0
24 23 0
24 25 0
24 26 0
25 24 0
26 24 0
26 27 0
26 30 0
27 7 0
27 26 0
28 7 0
28 29 0
29 28 0
29 30 0
30 26 0
30 29 0
30 31 0
31 30 0
31 32 0
31 33 0
32 31 0
33 31 0
33 34 0
33 35 0
34 33 0
35 33 0
35 36 0
35 40 0
35 41 0
36 35 0
36 37 0
37 36 0
37 38 0
37 43 0
38 37 0
38 39 0
39 38 0
39 40 0
40 35 0
40 39 0
40 42 0
41 35 0
42 40 0
43 37 0
43 44 0
44 43 0
44 45 0
44 47 0
45 44 0
45 46 0
46 45 0
47 44 0
47 48 0
47 60 0
48 47 0
49 50 0
49 51 0
49 61 0
50 49 0
51 49 0
51 52 0
51 53 0
52 51 0
53 51 0
53 54 0
54 53 0
54 55 0
54 56 0
55 54 0
56 54 0
56 57 0
57 56 0
57 58 0
58 57 0
58 59 0
59 58 0
59 60 0
60 47 0
60 59 0
61 0 0
61 49 0
61 62 0
62 61 0
62 63 0
63 62 0
64 0 0
64 65 0
65 64 0
65 66 0
65 67 0
66 65 0
67 65 0
67 68 0
68 67 0
68 69 0
69 68 0
69 70 0
69 72 0
70 69 0
70 71 0
71 70 0
72 69 0
72 73 0
73 72 0
GraphDataEnd
GraphEnd
NodeEnd
END_EPT
