BEGIN_EPT
AnchorID: 21208  # ID of the anchor node
RootIndex: 0  # Index of the root node in tree_nodes
NodeCount: 1  # Total number of nodes in the EPT
NodeStart
EPTNodeID: 0
AnchorID: 21208
TreeNodeGraphID: 0
Level: 0
SimplifiedLevel: 0
EditOperation: -1 0 -1 0 0
AccumulatedOpsCount: 0
ChildrenCount: 0
ChildIndices:
CompletedDBGraphIDsCount: 0
GraphStart
GraphDataStart
ID: 0
NumNodes: 106
NumEdges: 212
NodeLabels
3 2 2 0 2 0 3 2 2 0 3 2 2 0 2 0 2 0 2 2 2 3 2 0 3 2 2 0 2 2 2 2 3 3 2 2 0 2 0 3 2 0 2 2 2 2 3 3 2 2 0 2 2 2 2 3 3 2 2 0 2 2 2 2 3 3 3 2 2 0 2 0 3 2 2 0 2 0 3 2 2 0 2 2 0 3 3 2 2 0 2 3 2 2 0 2 2 2 3 2 3 2 2 2 0 0 
Edges
0 1 0
1 0 0
1 2 0
1 4 0
2 1 0
2 3 0
3 2 0
4 1 0
4 5 0
4 6 0
5 4 0
6 4 0
6 7 0
7 6 0
7 8 0
8 7 0
8 9 0
8 10 0
9 8 0
10 8 0
10 11 0
11 10 0
11 12 0
11 14 0
12 11 0
12 13 0
12 21 0
13 12 0
14 11 0
15 16 0
16 15 0
16 17 0
16 18 0
17 16 0
18 16 0
18 19 0
19 18 0
19 20 0
20 19 0
20 21 0
20 22 0
21 12 0
21 20 0
22 20 0
22 23 0
22 24 0
23 22 0
24 22 0
24 25 0
25 24 0
25 26 0
25 28 0
26 25 0
26 27 0
26 33 0
27 26 0
28 25 0
28 29 0
29 28 0
29 30 0
30 29 0
30 31 0
31 30 0
31 32 0
32 31 0
33 26 0
33 34 0
34 33 0
34 35 0
34 37 0
35 34 0
35 36 0
36 35 0
37 34 0
37 38 0
37 39 0
38 37 0
39 37 0
39 40 0
40 39 0
40 42 0
40 101 0
41 101 0
42 40 0
42 43 0
43 42 0
43 44 0
44 43 0
44 45 0
45 44 0
45 46 0
46 45 0
47 48 0
47 101 0
48 47 0
48 49 0
48 51 0
49 48 0
49 50 0
49 56 0
50 49 0
51 48 0
51 52 0
52 51 0
52 53 0
53 52 0
53 54 0
54 53 0
54 55 0
55 54 0
56 49 0
56 57 0
57 56 0
57 58 0
57 60 0
58 57 0
58 59 0
58 65 0
59 58 0
60 57 0
60 61 0
61 60 0
61 62 0
62 61 0
62 63 0
63 62 0
63 64 0
64 63 0
65 58 0
65 102 0
66 67 0
66 103 0
67 66 0
67 68 0
67 70 0
68 67 0
68 69 0
69 68 0
70 67 0
70 71 0
70 78 0
71 70 0
72 73 0
72 93 0
73 72 0
73 74 0
73 76 0
74 73 0
74 75 0
75 74 0
76 73 0
76 77 0
76 105 0
77 76 0
78 70 0
78 79 0
79 78 0
79 80 0
79 82 0
80 79 0
80 81 0
80 86 0
81 80 0
82 79 0
82 83 0
83 82 0
83 84 0
83 85 0
84 83 0
85 83 0
86 80 0
86 87 0
87 86 0
87 88 0
87 90 0
88 87 0
88 89 0
88 91 0
89 88 0
90 87 0
91 88 0
91 92 0
92 91 0
92 93 0
92 95 0
93 72 0
93 92 0
93 94 0
94 93 0
95 92 0
95 96 0
96 95 0
96 97 0
96 100 0
97 96 0
97 98 0
98 97 0
98 99 0
99 98 0
99 100 0
100 96 0
100 99 0
101 40 0
101 41 0
101 47 0
102 65 0
102 103 0
103 66 0
103 102 0
103 104 0
104 103 0
105 76 0
GraphDataEnd
GraphEnd
NodeEnd
END_EPT
