BEGIN_EPT
AnchorID: 19565  # ID of the anchor node
RootIndex: 0  # Index of the root node in tree_nodes
NodeCount: 1  # Total number of nodes in the EPT
NodeStart
EPTNodeID: 0
AnchorID: 19565
TreeNodeGraphID: 0
Level: 0
SimplifiedLevel: 0
EditOperation: -1 0 -1 0 0
AccumulatedOpsCount: 0
ChildrenCount: 0
ChildIndices:
CompletedDBGraphIDsCount: 0
GraphStart
GraphDataStart
ID: 0
NumNodes: 97
NumEdges: 206
NodeLabels
2 2 0 0 2 2 2 3 2 2 2 2 3 0 2 2 3 2 0 2 2 2 2 3 2 2 2 2 2 3 0 2 2 2 2 0 2 2 2 2 2 3 2 2 2 2 2 0 0 3 2 0 2 0 2 2 2 2 3 2 2 2 3 2 2 3 0 2 2 2 2 0 2 3 3 2 2 3 2 3 2 2 2 2 2 2 2 3 0 2 3 2 3 2 2 2 0 
Edges
0 1 0
0 2 0
0 3 0
1 0 0
2 0 0
3 0 0
4 5 0
4 6 0
5 4 0
5 7 0
5 8 0
6 4 0
6 9 0
6 10 0
7 5 0
7 11 0
8 5 0
8 12 0
8 13 0
9 6 0
9 14 0
9 15 0
10 6 0
10 16 0
11 7 0
11 17 0
11 18 0
12 8 0
12 19 0
13 8 0
14 9 0
14 16 0
14 20 0
15 9 0
15 21 0
16 10 0
16 14 0
17 11 0
17 22 0
17 23 0
18 11 0
19 12 0
19 24 0
19 25 0
20 14 0
20 26 0
21 15 0
21 26 0
22 17 0
22 27 0
23 17 0
23 28 0
24 19 0
24 29 0
24 30 0
25 19 0
25 31 0
26 20 0
26 21 0
27 22 0
27 32 0
27 33 0
28 23 0
28 34 0
28 35 0
29 24 0
29 36 0
30 24 0
31 25 0
31 37 0
31 38 0
32 27 0
32 39 0
33 27 0
33 40 0
34 28 0
34 41 0
34 42 0
35 28 0
36 29 0
36 43 0
36 44 0
37 31 0
38 31 0
39 32 0
39 45 0
40 33 0
40 45 0
41 34 0
41 46 0
42 34 0
42 47 0
43 36 0
43 48 0
43 49 0
44 36 0
44 50 0
45 39 0
45 40 0
45 51 0
46 41 0
46 52 0
46 53 0
47 42 0
48 43 0
49 43 0
49 54 0
49 55 0
50 44 0
50 56 0
51 45 0
52 46 0
52 57 0
52 58 0
53 46 0
54 49 0
54 59 0
54 60 0
55 49 0
55 61 0
56 50 0
56 62 0
57 52 0
57 63 0
58 52 0
58 64 0
59 54 0
59 65 0
59 66 0
60 54 0
60 61 0
61 55 0
61 60 0
62 56 0
62 67 0
63 57 0
63 68 0
63 69 0
64 58 0
64 70 0
64 71 0
65 59 0
65 72 0
66 59 0
67 62 0
67 73 0
67 74 0
68 63 0
68 75 0
68 76 0
69 63 0
69 77 0
70 64 0
70 78 0
70 79 0
71 64 0
72 65 0
72 80 0
73 67 0
74 67 0
75 68 0
75 77 0
75 81 0
76 68 0
76 82 0
77 69 0
77 75 0
78 70 0
78 83 0
79 70 0
79 84 0
80 72 0
81 75 0
81 85 0
82 76 0
82 85 0
83 78 0
83 86 0
83 87 0
84 79 0
84 88 0
84 89 0
85 81 0
85 82 0
86 83 0
86 90 0
87 83 0
87 91 0
88 84 0
89 84 0
89 92 0
89 93 0
90 86 0
90 91 0
91 87 0
91 90 0
92 89 0
92 94 0
93 89 0
93 95 0
94 92 0
94 95 0
94 96 0
95 93 0
95 94 0
96 94 0
GraphDataEnd
GraphEnd
NodeEnd
END_EPT
