BEGIN_EPT
AnchorID: 22017  # ID of the anchor node
RootIndex: 0  # Index of the root node in tree_nodes
NodeCount: 4  # Total number of nodes in the EPT
NodeStart
EPTNodeID: 0
AnchorID: 22017
TreeNodeGraphID: 0
Level: 0
SimplifiedLevel: 0
EditOperation: -1 0 -1 0 0
AccumulatedOpsCount: 0
ChildrenCount: 1
ChildIndices: 1
CompletedDBGraphIDsCount: 0
GraphStart
GraphDataStart
ID: 0
NumNodes: 67
NumEdges: 148
NodeLabels
2 2 2 2 2 2 2 2 2 2 2 2 2 2 2 2 2 2 2 0 2 0 2 0 0 2 2 0 2 2 2 2 2 0 2 2 2 2 2 0 2 2 2 0 0 0 2 2 2 2 0 2 2 0 2 0 0 2 2 2 0 2 0 2 0 2 0 
Edges
0 1 0
0 5 0
1 0 0
1 2 0
1 45 0
2 1 0
2 3 0
3 2 0
3 4 0
3 6 0
4 3 0
4 5 0
4 9 0
4 18 0
5 0 0
5 4 0
6 3 0
6 7 0
7 6 0
7 8 0
8 7 0
8 9 0
8 10 0
8 19 0
9 4 0
9 8 0
9 13 0
10 8 0
10 11 0
10 14 0
10 23 0
11 10 0
11 12 0
11 16 0
11 17 0
12 11 0
12 13 0
12 66 0
13 9 0
13 12 0
14 10 0
14 15 0
15 14 0
15 16 0
16 11 0
16 15 0
16 20 0
16 24 0
17 11 0
18 4 0
19 8 0
20 16 0
20 21 0
20 22 0
21 20 0
22 20 0
23 10 0
24 16 0
25 26 0
25 30 0
26 25 0
26 27 0
26 43 0
27 26 0
27 28 0
28 27 0
28 29 0
28 48 0
29 28 0
29 30 0
29 55 0
30 25 0
30 29 0
30 64 0
31 32 0
31 36 0
32 31 0
32 33 0
32 44 0
33 32 0
33 34 0
34 33 0
34 35 0
34 47 0
35 34 0
35 36 0
35 43 0
36 31 0
36 35 0
36 60 0
37 38 0
37 42 0
38 37 0
38 39 0
38 45 0
39 38 0
39 40 0
40 39 0
40 41 0
40 46 0
41 40 0
41 42 0
41 44 0
42 37 0
42 41 0
42 62 0
43 26 0
43 35 0
44 32 0
44 41 0
45 1 0
45 38 0
46 40 0
47 34 0
48 28 0
49 50 0
49 55 0
49 58 0
50 49 0
50 51 0
51 50 0
51 52 0
51 54 0
52 51 0
52 53 0
52 59 0
53 52 0
54 51 0
55 29 0
55 49 0
56 57 0
56 59 0
57 56 0
58 49 0
58 59 0
59 52 0
59 56 0
59 58 0
60 36 0
60 61 0
61 60 0
62 42 0
62 63 0
63 62 0
64 30 0
64 65 0
65 64 0
66 12 0
GraphDataEnd
GraphEnd
NodeEnd
NodeStart
EPTNodeID: 1
AnchorID: 22017
TreeNodeGraphID: 4
Level: 4
SimplifiedLevel: 0
EditOperation: 5 67 68 0 0
AccumulatedOpsCount: 4
AccumulatedOp: 2 67 0 0 2
AccumulatedOp: 2 68 0 0 0
AccumulatedOp: 5 66 67 0 0
AccumulatedOp: 5 67 68 0 0
ChildrenCount: 2
ChildIndices: 2 3
CompletedDBGraphIDsCount: 0
GraphStart
GraphDataStart
ID: 4
NumNodes: 69
NumEdges: 152
NodeLabels
2 2 2 2 2 2 2 2 2 2 2 2 2 2 2 2 2 2 2 0 2 0 2 0 0 2 2 0 2 2 2 2 2 0 2 2 2 2 2 0 2 2 2 0 0 0 2 2 2 2 0 2 2 0 2 0 0 2 2 2 0 2 0 2 0 2 0 2 0 
Edges
0 1 0
0 5 0
1 0 0
1 2 0
1 45 0
2 1 0
2 3 0
3 2 0
3 4 0
3 6 0
4 3 0
4 5 0
4 9 0
4 18 0
5 0 0
5 4 0
6 3 0
6 7 0
7 6 0
7 8 0
8 7 0
8 9 0
8 10 0
8 19 0
9 4 0
9 8 0
9 13 0
10 8 0
10 11 0
10 14 0
10 23 0
11 10 0
11 12 0
11 16 0
11 17 0
12 11 0
12 13 0
12 66 0
13 9 0
13 12 0
14 10 0
14 15 0
15 14 0
15 16 0
16 11 0
16 15 0
16 20 0
16 24 0
17 11 0
18 4 0
19 8 0
20 16 0
20 21 0
20 22 0
21 20 0
22 20 0
23 10 0
24 16 0
25 26 0
25 30 0
26 25 0
26 27 0
26 43 0
27 26 0
27 28 0
28 27 0
28 29 0
28 48 0
29 28 0
29 30 0
29 55 0
30 25 0
30 29 0
30 64 0
31 32 0
31 36 0
32 31 0
32 33 0
32 44 0
33 32 0
33 34 0
34 33 0
34 35 0
34 47 0
35 34 0
35 36 0
35 43 0
36 31 0
36 35 0
36 60 0
37 38 0
37 42 0
38 37 0
38 39 0
38 45 0
39 38 0
39 40 0
40 39 0
40 41 0
40 46 0
41 40 0
41 42 0
41 44 0
42 37 0
42 41 0
42 62 0
43 26 0
43 35 0
44 32 0
44 41 0
45 1 0
45 38 0
46 40 0
47 34 0
48 28 0
49 50 0
49 55 0
49 58 0
50 49 0
50 51 0
51 50 0
51 52 0
51 54 0
52 51 0
52 53 0
52 59 0
53 52 0
54 51 0
55 29 0
55 49 0
56 57 0
56 59 0
57 56 0
58 49 0
58 59 0
59 52 0
59 56 0
59 58 0
60 36 0
60 61 0
61 60 0
62 42 0
62 63 0
63 62 0
64 30 0
64 65 0
65 64 0
66 12 0
66 67 0
67 66 0
67 68 0
68 67 0
GraphDataEnd
GraphEnd
NodeEnd
NodeStart
EPTNodeID: 2
AnchorID: 22017
TreeNodeGraphID: 6
Level: 6
SimplifiedLevel: 0
EditOperation: 5 67 69 0 0
AccumulatedOpsCount: 2
AccumulatedOp: 2 69 0 0 2
AccumulatedOp: 5 67 69 0 0
ChildrenCount: 0
ChildIndices:
CompletedDBGraphIDsCount: 1
CompletedDBGraphID: 20069
GraphStart
GraphDataStart
ID: 6
NumNodes: 70
NumEdges: 154
NodeLabels
2 2 2 2 2 2 2 2 2 2 2 2 2 2 2 2 2 2 2 0 2 0 2 0 0 2 2 0 2 2 2 2 2 0 2 2 2 2 2 0 2 2 2 0 0 0 2 2 2 2 0 2 2 0 2 0 0 2 2 2 0 2 0 2 0 2 0 2 0 2 
Edges
0 1 0
0 5 0
1 0 0
1 2 0
1 45 0
2 1 0
2 3 0
3 2 0
3 4 0
3 6 0
4 3 0
4 5 0
4 9 0
4 18 0
5 0 0
5 4 0
6 3 0
6 7 0
7 6 0
7 8 0
8 7 0
8 9 0
8 10 0
8 19 0
9 4 0
9 8 0
9 13 0
10 8 0
10 11 0
10 14 0
10 23 0
11 10 0
11 12 0
11 16 0
11 17 0
12 11 0
12 13 0
12 66 0
13 9 0
13 12 0
14 10 0
14 15 0
15 14 0
15 16 0
16 11 0
16 15 0
16 20 0
16 24 0
17 11 0
18 4 0
19 8 0
20 16 0
20 21 0
20 22 0
21 20 0
22 20 0
23 10 0
24 16 0
25 26 0
25 30 0
26 25 0
26 27 0
26 43 0
27 26 0
27 28 0
28 27 0
28 29 0
28 48 0
29 28 0
29 30 0
29 55 0
30 25 0
30 29 0
30 64 0
31 32 0
31 36 0
32 31 0
32 33 0
32 44 0
33 32 0
33 34 0
34 33 0
34 35 0
34 47 0
35 34 0
35 36 0
35 43 0
36 31 0
36 35 0
36 60 0
37 38 0
37 42 0
38 37 0
38 39 0
38 45 0
39 38 0
39 40 0
40 39 0
40 41 0
40 46 0
41 40 0
41 42 0
41 44 0
42 37 0
42 41 0
42 62 0
43 26 0
43 35 0
44 32 0
44 41 0
45 1 0
45 38 0
46 40 0
47 34 0
48 28 0
49 50 0
49 55 0
49 58 0
50 49 0
50 51 0
51 50 0
51 52 0
51 54 0
52 51 0
52 53 0
52 59 0
53 52 0
54 51 0
55 29 0
55 49 0
56 57 0
56 59 0
57 56 0
58 49 0
58 59 0
59 52 0
59 56 0
59 58 0
60 36 0
60 61 0
61 60 0
62 42 0
62 63 0
63 62 0
64 30 0
64 65 0
65 64 0
66 12 0
66 67 0
67 66 0
67 68 0
67 69 0
68 67 0
69 67 0
GraphDataEnd
GraphEnd
NodeEnd
NodeStart
EPTNodeID: 3
AnchorID: 22017
TreeNodeGraphID: 8
Level: 6
SimplifiedLevel: 0
EditOperation: 5 63 67 0 0
AccumulatedOpsCount: 2
AccumulatedOp: 4 62 63 0 0
AccumulatedOp: 5 63 67 0 0
ChildrenCount: 0
ChildIndices:
CompletedDBGraphIDsCount: 1
CompletedDBGraphID: 38396
GraphStart
GraphDataStart
ID: 8
NumNodes: 69
NumEdges: 152
NodeLabels
2 2 2 2 2 2 2 2 2 2 2 2 2 2 2 2 2 2 2 0 2 0 2 0 0 2 2 0 2 2 2 2 2 0 2 2 2 2 2 0 2 2 2 0 0 0 2 2 2 2 0 2 2 0 2 0 0 2 2 2 0 2 0 2 0 2 0 2 0 
Edges
0 1 0
0 5 0
1 0 0
1 2 0
1 45 0
2 1 0
2 3 0
3 2 0
3 4 0
3 6 0
4 3 0
4 5 0
4 9 0
4 18 0
5 0 0
5 4 0
6 3 0
6 7 0
7 6 0
7 8 0
8 7 0
8 9 0
8 10 0
8 19 0
9 4 0
9 8 0
9 13 0
10 8 0
10 11 0
10 14 0
10 23 0
11 10 0
11 12 0
11 16 0
11 17 0
12 11 0
12 13 0
12 66 0
13 9 0
13 12 0
14 10 0
14 15 0
15 14 0
15 16 0
16 11 0
16 15 0
16 20 0
16 24 0
17 11 0
18 4 0
19 8 0
20 16 0
20 21 0
20 22 0
21 20 0
22 20 0
23 10 0
24 16 0
25 26 0
25 30 0
26 25 0
26 27 0
26 43 0
27 26 0
27 28 0
28 27 0
28 29 0
28 48 0
29 28 0
29 30 0
29 55 0
30 25 0
30 29 0
30 64 0
31 32 0
31 36 0
32 31 0
32 33 0
32 44 0
33 32 0
33 34 0
34 33 0
34 35 0
34 47 0
35 34 0
35 36 0
35 43 0
36 31 0
36 35 0
36 60 0
37 38 0
37 42 0
38 37 0
38 39 0
38 45 0
39 38 0
39 40 0
40 39 0
40 41 0
40 46 0
41 40 0
41 42 0
41 44 0
42 37 0
42 41 0
42 62 0
43 26 0
43 35 0
44 32 0
44 41 0
45 1 0
45 38 0
46 40 0
47 34 0
48 28 0
49 50 0
49 55 0
49 58 0
50 49 0
50 51 0
51 50 0
51 52 0
51 54 0
52 51 0
52 53 0
52 59 0
53 52 0
54 51 0
55 29 0
55 49 0
56 57 0
56 59 0
57 56 0
58 49 0
58 59 0
59 52 0
59 56 0
59 58 0
60 36 0
60 61 0
61 60 0
62 42 0
63 67 0
64 30 0
64 65 0
65 64 0
66 12 0
66 67 0
67 66 0
67 68 0
67 63 0
68 67 0
GraphDataEnd
GraphEnd
NodeEnd
END_EPT
