BEGIN_EPT
AnchorID: 16331  # ID of the anchor node
RootIndex: 0  # Index of the root node in tree_nodes
NodeCount: 1  # Total number of nodes in the EPT
NodeStart
EPTNodeID: 0
AnchorID: 16331
TreeNodeGraphID: 0
Level: 0
SimplifiedLevel: 0
EditOperation: -1 0 -1 0 0
AccumulatedOpsCount: 0
ChildrenCount: 0
ChildIndices:
CompletedDBGraphIDsCount: 0
GraphStart
GraphDataStart
ID: 0
NumNodes: 121
NumEdges: 250
NodeLabels
0 2 2 2 2 0 2 0 2 3 2 2 3 2 0 2 2 2 0 3 3 0 1 0 0 0 0 0 2 2 2 2 0 2 0 2 3 2 2 3 2 2 0 2 2 2 0 2 0 3 3 0 0 2 2 0 2 2 0 0 2 2 3 2 2 2 0 3 0 1 0 0 0 0 0 2 2 2 2 0 2 0 2 3 2 2 3 2 2 0 2 2 2 0 2 0 3 3 0 0 2 2 0 2 2 0 0 2 2 3 2 2 2 0 3 0 1 0 0 0 0 
Edges
0 1 0
0 2 0
1 0 0
1 3 0
1 4 0
2 0 0
2 5 0
2 6 0
3 1 0
3 7 0
3 8 0
4 1 0
4 9 0
4 10 0
5 2 0
5 11 0
6 2 0
6 12 0
6 13 0
7 3 0
8 3 0
8 14 0
8 15 0
9 4 0
10 4 0
10 15 0
11 5 0
11 16 0
11 17 0
12 6 0
13 6 0
13 17 0
13 18 0
14 8 0
15 8 0
15 10 0
15 19 0
16 11 0
16 20 0
17 11 0
17 13 0
17 21 0
18 13 0
19 15 0
20 16 0
21 17 0
22 23 0
22 24 0
22 25 0
22 26 0
23 22 0
24 22 0
25 22 0
26 22 0
27 28 0
27 29 0
28 27 0
28 30 0
28 31 0
29 27 0
29 32 0
29 33 0
30 28 0
30 34 0
30 35 0
31 28 0
31 36 0
31 37 0
32 29 0
32 38 0
33 29 0
33 39 0
33 40 0
34 30 0
34 41 0
35 30 0
35 42 0
35 43 0
36 31 0
37 31 0
37 43 0
38 32 0
38 44 0
38 45 0
39 33 0
40 33 0
40 45 0
40 46 0
41 34 0
41 47 0
41 48 0
42 35 0
43 35 0
43 37 0
43 49 0
44 38 0
44 50 0
45 38 0
45 40 0
45 51 0
46 40 0
47 41 0
47 52 0
47 53 0
48 41 0
48 54 0
49 43 0
50 44 0
51 45 0
52 47 0
53 47 0
53 54 0
53 55 0
54 48 0
54 53 0
54 56 0
55 53 0
55 57 0
56 54 0
56 58 0
57 55 0
57 59 0
57 60 0
58 56 0
59 57 0
59 61 0
60 57 0
60 62 0
60 63 0
61 59 0
61 64 0
61 65 0
62 60 0
63 60 0
63 65 0
63 66 0
64 61 0
64 67 0
65 61 0
65 63 0
65 68 0
66 63 0
67 64 0
68 65 0
69 70 0
69 71 0
69 72 0
69 73 0
70 69 0
71 69 0
72 69 0
73 69 0
74 75 0
74 76 0
75 74 0
75 77 0
75 78 0
76 74 0
76 79 0
76 80 0
77 75 0
77 81 0
77 82 0
78 75 0
78 83 0
78 84 0
79 76 0
79 85 0
80 76 0
80 86 0
80 87 0
81 77 0
81 88 0
82 77 0
82 89 0
82 90 0
83 78 0
84 78 0
84 90 0
85 79 0
85 91 0
85 92 0
86 80 0
87 80 0
87 92 0
87 93 0
88 81 0
88 94 0
88 95 0
89 82 0
90 82 0
90 84 0
90 96 0
91 85 0
91 97 0
92 85 0
92 87 0
92 98 0
93 87 0
94 88 0
94 99 0
94 100 0
95 88 0
95 101 0
96 90 0
97 91 0
98 92 0
99 94 0
100 94 0
100 101 0
100 102 0
101 95 0
101 100 0
101 103 0
102 100 0
102 104 0
103 101 0
103 105 0
104 102 0
104 106 0
104 107 0
105 103 0
106 104 0
106 108 0
107 104 0
107 109 0
107 110 0
108 106 0
108 111 0
108 112 0
109 107 0
110 107 0
110 112 0
110 113 0
111 108 0
111 114 0
112 108 0
112 110 0
112 115 0
113 110 0
114 111 0
115 112 0
116 117 0
116 118 0
116 119 0
116 120 0
117 116 0
118 116 0
119 116 0
120 116 0
GraphDataEnd
GraphEnd
NodeEnd
END_EPT
