BEGIN_EPT
AnchorID: 18002  # ID of the anchor node
RootIndex: 0  # Index of the root node in tree_nodes
NodeCount: 1  # Total number of nodes in the EPT
NodeStart
EPTNodeID: 0
AnchorID: 18002
TreeNodeGraphID: 0
Level: 0
SimplifiedLevel: 0
EditOperation: -1 0 -1 0 0
AccumulatedOpsCount: 0
ChildrenCount: 0
ChildIndices:
CompletedDBGraphIDsCount: 0
GraphStart
GraphDataStart
ID: 0
NumNodes: 80
NumEdges: 160
NodeLabels
2 2 0 2 2 2 2 0 2 2 2 2 0 2 2 2 2 2 2 0 2 2 2 2 2 2 0 2 2 0 2 2 2 2 2 2 2 3 3 3 3 3 3 2 0 0 2 2 2 2 3 2 0 0 2 2 2 2 2 0 0 2 2 2 2 2 0 0 2 2 2 2 3 2 0 2 0 3 0 0 
Edges
0 1 0
0 3 0
0 72 0
1 0 0
1 2 0
1 41 0
2 1 0
3 0 0
3 4 0
4 3 0
4 65 0
5 6 0
5 8 0
5 41 0
6 5 0
6 7 0
6 40 0
7 6 0
8 5 0
8 9 0
9 8 0
9 58 0
10 11 0
10 13 0
10 39 0
11 10 0
11 12 0
11 38 0
12 11 0
13 10 0
13 14 0
14 13 0
14 15 0
15 14 0
15 16 0
16 15 0
16 42 0
17 18 0
17 20 0
17 38 0
18 17 0
18 19 0
18 37 0
19 18 0
20 17 0
20 21 0
21 20 0
21 22 0
22 21 0
22 23 0
23 22 0
23 50 0
24 25 0
24 37 0
25 24 0
25 26 0
25 76 0
26 25 0
27 28 0
27 36 0
27 40 0
28 27 0
28 29 0
28 39 0
29 28 0
30 31 0
30 35 0
31 30 0
31 32 0
32 31 0
32 33 0
32 77 0
33 32 0
33 34 0
34 33 0
34 35 0
35 30 0
35 34 0
35 36 0
36 27 0
36 35 0
37 18 0
37 24 0
38 11 0
38 17 0
39 10 0
39 28 0
40 6 0
40 27 0
41 1 0
41 5 0
42 16 0
42 43 0
43 42 0
43 44 0
43 45 0
44 43 0
45 43 0
45 46 0
46 45 0
46 47 0
46 48 0
46 49 0
47 46 0
48 46 0
49 46 0
50 23 0
50 51 0
51 50 0
51 52 0
51 53 0
52 51 0
53 51 0
53 54 0
54 53 0
54 55 0
54 56 0
54 57 0
55 54 0
56 54 0
57 54 0
58 9 0
58 59 0
58 60 0
59 58 0
60 58 0
60 61 0
61 60 0
61 62 0
61 63 0
61 64 0
62 61 0
63 61 0
64 61 0
65 4 0
65 66 0
65 67 0
66 65 0
67 65 0
67 68 0
68 67 0
68 69 0
68 70 0
68 71 0
69 68 0
70 68 0
71 68 0
72 0 0
72 73 0
73 72 0
73 74 0
73 75 0
74 73 0
75 73 0
76 25 0
77 32 0
77 78 0
77 79 0
78 77 0
79 77 0
GraphDataEnd
GraphEnd
NodeEnd
END_EPT
