BEGIN_EPT
AnchorID: 42239  # ID of the anchor node
RootIndex: 0  # Index of the root node in tree_nodes
NodeCount: 1  # Total number of nodes in the EPT
NodeStart
EPTNodeID: 0
AnchorID: 42239
TreeNodeGraphID: 0
Level: 0
SimplifiedLevel: 0
EditOperation: -1 0 -1 0 0
AccumulatedOpsCount: 0
ChildrenCount: 0
ChildIndices:
CompletedDBGraphIDsCount: 0
GraphStart
GraphDataStart
ID: 0
NumNodes: 85
NumEdges: 170
NodeLabels
2 2 0 2 2 2 3 2 2 2 2 0 3 2 0 2 2 2 2 3 2 2 2 2 2 2 2 0 3 0 2 2 2 2 3 2 2 2 2 0 3 2 2 0 2 2 2 2 3 2 2 2 2 2 2 0 3 2 2 0 2 2 2 2 2 3 2 2 2 2 2 0 3 0 2 2 2 2 3 2 2 2 0 2 2 
Edges
0 1 0
0 2 0
0 3 0
1 0 0
1 4 0
1 5 0
2 0 0
3 0 0
3 6 0
3 7 0
4 1 0
4 8 0
5 1 0
6 3 0
6 9 0
6 10 0
7 3 0
7 11 0
7 12 0
8 4 0
8 13 0
9 6 0
10 6 0
10 14 0
10 15 0
11 7 0
12 7 0
12 16 0
13 8 0
13 17 0
14 10 0
15 10 0
15 18 0
15 19 0
16 12 0
16 20 0
16 21 0
17 13 0
18 15 0
18 22 0
18 23 0
19 15 0
19 24 0
19 25 0
20 16 0
20 26 0
21 16 0
21 27 0
21 28 0
22 18 0
23 18 0
24 19 0
25 19 0
25 29 0
25 30 0
26 20 0
27 21 0
28 21 0
28 31 0
28 32 0
29 25 0
30 25 0
30 33 0
30 34 0
31 28 0
32 28 0
32 35 0
33 30 0
33 36 0
34 30 0
34 37 0
34 38 0
35 32 0
35 39 0
35 40 0
36 33 0
36 41 0
36 42 0
37 34 0
38 34 0
38 43 0
38 44 0
39 35 0
40 35 0
40 45 0
40 46 0
41 36 0
42 36 0
43 38 0
44 38 0
44 47 0
44 48 0
45 40 0
46 40 0
46 49 0
46 50 0
47 44 0
47 51 0
48 44 0
48 52 0
48 53 0
49 46 0
49 54 0
50 46 0
50 55 0
50 56 0
51 47 0
51 57 0
51 58 0
52 48 0
53 48 0
53 59 0
53 60 0
54 49 0
54 61 0
54 62 0
55 50 0
56 50 0
56 63 0
57 51 0
58 51 0
59 53 0
60 53 0
60 64 0
60 65 0
61 54 0
62 54 0
63 56 0
63 66 0
63 67 0
64 60 0
65 60 0
65 68 0
66 63 0
66 69 0
66 70 0
67 63 0
67 71 0
67 72 0
68 65 0
68 73 0
68 74 0
69 66 0
70 66 0
71 67 0
72 67 0
72 75 0
72 76 0
73 68 0
74 68 0
74 77 0
74 78 0
75 72 0
76 72 0
76 79 0
76 80 0
77 74 0
78 74 0
78 80 0
79 76 0
79 81 0
80 76 0
80 78 0
80 82 0
81 79 0
81 83 0
81 84 0
82 80 0
83 81 0
84 81 0
GraphDataEnd
GraphEnd
NodeEnd
END_EPT
