BEGIN_EPT
AnchorID: 34583  # ID of the anchor node
RootIndex: 0  # Index of the root node in tree_nodes
NodeCount: 2  # Total number of nodes in the EPT
NodeStart
EPTNodeID: 0
AnchorID: 34583
TreeNodeGraphID: 0
Level: 0
SimplifiedLevel: 0
EditOperation: -1 0 -1 0 0
AccumulatedOpsCount: 0
ChildrenCount: 1
ChildIndices: 1
CompletedDBGraphIDsCount: 0
GraphStart
GraphDataStart
ID: 0
NumNodes: 104
NumEdges: 230
NodeLabels
2 2 2 2 2 2 2 2 2 2 2 2 2 2 2 2 2 2 2 2 2 2 2 0 2 2 2 2 2 2 2 0 2 0 2 2 2 2 0 0 0 2 0 2 0 2 2 2 2 0 0 0 0 2 0 2 0 2 2 2 2 2 0 2 2 2 2 2 0 2 2 2 2 0 0 0 0 0 0 2 2 0 2 2 2 2 2 0 2 2 2 2 0 0 0 0 0 0 2 0 0 0 0 0 
Edges
0 1 0
0 5 0
0 31 0
1 0 0
1 2 0
1 38 0
2 1 0
2 3 0
2 29 0
2 30 0
3 2 0
3 4 0
3 6 0
4 3 0
4 5 0
4 9 0
4 28 0
5 0 0
5 4 0
6 3 0
6 7 0
7 6 0
7 8 0
8 7 0
8 9 0
8 10 0
8 27 0
9 4 0
9 8 0
9 13 0
10 8 0
10 11 0
10 14 0
10 26 0
11 10 0
11 12 0
11 17 0
12 11 0
12 13 0
13 9 0
13 12 0
14 10 0
14 15 0
15 14 0
15 16 0
16 15 0
16 17 0
16 18 0
16 22 0
17 11 0
17 16 0
17 21 0
18 16 0
18 19 0
19 18 0
19 20 0
20 19 0
20 21 0
20 24 0
20 25 0
21 17 0
21 20 0
22 16 0
22 23 0
22 73 0
23 22 0
24 20 0
25 20 0
26 10 0
27 8 0
28 4 0
29 2 0
29 103 0
30 2 0
31 0 0
32 33 0
32 37 0
32 38 0
33 32 0
33 34 0
34 33 0
34 35 0
34 41 0
35 34 0
35 36 0
35 40 0
36 35 0
36 37 0
36 49 0
37 32 0
37 36 0
37 39 0
38 1 0
38 32 0
39 37 0
40 35 0
41 34 0
41 42 0
42 41 0
43 44 0
43 48 0
43 49 0
44 43 0
44 45 0
45 44 0
45 46 0
45 53 0
46 45 0
46 47 0
46 52 0
47 46 0
47 48 0
47 51 0
48 43 0
48 47 0
48 50 0
49 36 0
49 43 0
50 48 0
51 47 0
52 46 0
53 45 0
53 54 0
54 53 0
55 56 0
55 60 0
55 73 0
56 55 0
56 57 0
57 56 0
57 58 0
58 57 0
58 59 0
58 75 0
59 58 0
59 60 0
59 74 0
60 55 0
60 59 0
60 76 0
61 62 0
61 66 0
61 76 0
62 61 0
62 63 0
63 62 0
63 64 0
63 79 0
64 63 0
64 65 0
64 78 0
65 64 0
65 66 0
65 99 0
66 61 0
66 65 0
66 77 0
67 68 0
67 72 0
67 93 0
68 67 0
68 69 0
69 68 0
69 70 0
69 98 0
70 69 0
70 71 0
70 97 0
71 70 0
71 72 0
71 96 0
72 67 0
72 71 0
72 95 0
73 22 0
73 55 0
74 59 0
75 58 0
76 60 0
76 61 0
77 66 0
78 64 0
78 86 0
79 63 0
80 81 0
80 85 0
80 99 0
81 80 0
81 82 0
82 81 0
82 83 0
83 82 0
83 84 0
83 102 0
84 83 0
84 85 0
84 101 0
85 80 0
85 84 0
85 100 0
86 78 0
86 87 0
86 91 0
87 86 0
87 88 0
88 87 0
88 89 0
89 88 0
89 90 0
89 94 0
90 89 0
90 91 0
90 93 0
91 86 0
91 90 0
91 92 0
92 91 0
93 67 0
93 90 0
94 89 0
95 72 0
96 71 0
97 70 0
98 69 0
99 65 0
99 80 0
100 85 0
101 84 0
102 83 0
103 29 0
GraphDataEnd
GraphEnd
NodeEnd
NodeStart
EPTNodeID: 1
AnchorID: 34583
TreeNodeGraphID: 2
Level: 2
SimplifiedLevel: 0
EditOperation: 5 82 84 0 0
AccumulatedOpsCount: 2
AccumulatedOp: 4 82 83 0 0
AccumulatedOp: 5 82 84 0 0
ChildrenCount: 0
ChildIndices:
CompletedDBGraphIDsCount: 1
CompletedDBGraphID: 41436
GraphStart
GraphDataStart
ID: 2
NumNodes: 104
NumEdges: 230
NodeLabels
2 2 2 2 2 2 2 2 2 2 2 2 2 2 2 2 2 2 2 2 2 2 2 0 2 2 2 2 2 2 2 0 2 0 2 2 2 2 0 0 0 2 0 2 0 2 2 2 2 0 0 0 0 2 0 2 0 2 2 2 2 2 0 2 2 2 2 2 0 2 2 2 2 0 0 0 0 0 0 2 2 0 2 2 2 2 2 0 2 2 2 2 0 0 0 0 0 0 2 0 0 0 0 0 
Edges
0 1 0
0 5 0
0 31 0
1 0 0
1 2 0
1 38 0
2 1 0
2 3 0
2 29 0
2 30 0
3 2 0
3 4 0
3 6 0
4 3 0
4 5 0
4 9 0
4 28 0
5 0 0
5 4 0
6 3 0
6 7 0
7 6 0
7 8 0
8 7 0
8 9 0
8 10 0
8 27 0
9 4 0
9 8 0
9 13 0
10 8 0
10 11 0
10 14 0
10 26 0
11 10 0
11 12 0
11 17 0
12 11 0
12 13 0
13 9 0
13 12 0
14 10 0
14 15 0
15 14 0
15 16 0
16 15 0
16 17 0
16 18 0
16 22 0
17 11 0
17 16 0
17 21 0
18 16 0
18 19 0
19 18 0
19 20 0
20 19 0
20 21 0
20 24 0
20 25 0
21 17 0
21 20 0
22 16 0
22 23 0
22 73 0
23 22 0
24 20 0
25 20 0
26 10 0
27 8 0
28 4 0
29 2 0
29 103 0
30 2 0
31 0 0
32 33 0
32 37 0
32 38 0
33 32 0
33 34 0
34 33 0
34 35 0
34 41 0
35 34 0
35 36 0
35 40 0
36 35 0
36 37 0
36 49 0
37 32 0
37 36 0
37 39 0
38 1 0
38 32 0
39 37 0
40 35 0
41 34 0
41 42 0
42 41 0
43 44 0
43 48 0
43 49 0
44 43 0
44 45 0
45 44 0
45 46 0
45 53 0
46 45 0
46 47 0
46 52 0
47 46 0
47 48 0
47 51 0
48 43 0
48 47 0
48 50 0
49 36 0
49 43 0
50 48 0
51 47 0
52 46 0
53 45 0
53 54 0
54 53 0
55 56 0
55 60 0
55 73 0
56 55 0
56 57 0
57 56 0
57 58 0
58 57 0
58 59 0
58 75 0
59 58 0
59 60 0
59 74 0
60 55 0
60 59 0
60 76 0
61 62 0
61 66 0
61 76 0
62 61 0
62 63 0
63 62 0
63 64 0
63 79 0
64 63 0
64 65 0
64 78 0
65 64 0
65 66 0
65 99 0
66 61 0
66 65 0
66 77 0
67 68 0
67 72 0
67 93 0
68 67 0
68 69 0
69 68 0
69 70 0
69 98 0
70 69 0
70 71 0
70 97 0
71 70 0
71 72 0
71 96 0
72 67 0
72 71 0
72 95 0
73 22 0
73 55 0
74 59 0
75 58 0
76 60 0
76 61 0
77 66 0
78 64 0
78 86 0
79 63 0
80 81 0
80 85 0
80 99 0
81 80 0
81 82 0
82 81 0
82 84 0
83 84 0
83 102 0
84 83 0
84 85 0
84 101 0
84 82 0
85 80 0
85 84 0
85 100 0
86 78 0
86 87 0
86 91 0
87 86 0
87 88 0
88 87 0
88 89 0
89 88 0
89 90 0
89 94 0
90 89 0
90 91 0
90 93 0
91 86 0
91 90 0
91 92 0
92 91 0
93 67 0
93 90 0
94 89 0
95 72 0
96 71 0
97 70 0
98 69 0
99 65 0
99 80 0
100 85 0
101 84 0
102 83 0
103 29 0
GraphDataEnd
GraphEnd
NodeEnd
END_EPT
