BEGIN_EPT
AnchorID: 9808  # ID of the anchor node
RootIndex: 0  # Index of the root node in tree_nodes
NodeCount: 2  # Total number of nodes in the EPT
NodeStart
EPTNodeID: 0
AnchorID: 9808
TreeNodeGraphID: 0
Level: 0
SimplifiedLevel: 0
EditOperation: -1 0 -1 0 0
AccumulatedOpsCount: 0
ChildrenCount: 1
ChildIndices: 1
CompletedDBGraphIDsCount: 0
GraphStart
GraphDataStart
ID: 0
NumNodes: 66
NumEdges: 134
NodeLabels
0 2 2 2 0 2 2 0 2 2 2 2 3 2 2 0 2 2 0 2 2 2 0 0 0 2 2 2 2 0 2 2 2 2 0 2 2 0 2 2 2 2 2 2 0 2 2 2 2 0 2 2 2 2 0 2 0 2 0 2 2 2 2 0 0 2 
Edges
0 1 0
0 2 0
1 0 0
1 3 0
1 4 0
2 0 0
2 5 0
2 6 0
3 1 0
3 7 0
3 8 0
4 1 0
4 9 0
5 2 0
5 10 0
6 2 0
6 11 0
7 3 0
8 3 0
8 12 0
8 13 0
9 4 0
9 13 0
9 14 0
10 5 0
10 15 0
10 16 0
11 6 0
11 17 0
12 8 0
13 8 0
13 9 0
13 18 0
14 9 0
15 10 0
16 10 0
16 19 0
16 20 0
17 11 0
17 21 0
18 13 0
19 16 0
19 22 0
19 23 0
20 16 0
20 24 0
20 25 0
21 17 0
21 26 0
22 19 0
23 19 0
24 20 0
25 20 0
25 27 0
26 21 0
26 28 0
27 25 0
27 29 0
27 30 0
28 26 0
28 31 0
29 27 0
30 27 0
30 32 0
31 28 0
31 33 0
32 30 0
32 34 0
32 35 0
33 31 0
33 36 0
34 32 0
35 32 0
35 37 0
35 38 0
36 33 0
36 39 0
37 35 0
38 35 0
38 40 0
39 36 0
39 41 0
40 38 0
40 42 0
41 39 0
41 43 0
42 40 0
42 44 0
42 45 0
43 41 0
43 46 0
44 42 0
45 42 0
45 47 0
46 43 0
46 48 0
47 45 0
47 49 0
47 50 0
48 46 0
48 51 0
49 47 0
50 47 0
50 52 0
51 48 0
51 53 0
51 54 0
51 55 0
52 50 0
52 56 0
52 57 0
53 51 0
54 51 0
55 51 0
55 58 0
55 59 0
56 52 0
57 52 0
57 60 0
58 55 0
59 55 0
59 61 0
59 62 0
60 57 0
60 63 0
60 64 0
61 59 0
62 59 0
62 64 0
62 65 0
63 60 0
64 60 0
64 62 0
65 62 0
GraphDataEnd
GraphEnd
NodeEnd
NodeStart
EPTNodeID: 1
AnchorID: 9808
TreeNodeGraphID: 7
Level: 7
SimplifiedLevel: 0
EditOperation: 5 37 38 0 0
AccumulatedOpsCount: 7
AccumulatedOp: 4 35 37 0 0
AccumulatedOp: 4 42 44 0 0
AccumulatedOp: 4 51 54 0 0
AccumulatedOp: 1 54 0 0 0
AccumulatedOp: 5 15 27 0 0
AccumulatedOp: 5 40 44 0 0
AccumulatedOp: 5 37 38 0 0
ChildrenCount: 0
ChildIndices:
CompletedDBGraphIDsCount: 1
CompletedDBGraphID: 20132
GraphStart
GraphDataStart
ID: 7
NumNodes: 65
NumEdges: 134
NodeLabels
0 2 2 2 0 2 2 0 2 2 2 2 3 2 2 0 2 2 0 2 2 2 0 0 0 2 2 2 2 0 2 2 2 2 0 2 2 0 2 2 2 2 2 2 0 2 2 2 2 0 2 2 2 2 2 0 2 0 2 2 2 2 0 0 2 
Edges
0 1 0
0 2 0
1 0 0
1 3 0
1 4 0
2 0 0
2 5 0
2 6 0
3 1 0
3 7 0
3 8 0
4 1 0
4 9 0
5 2 0
5 10 0
6 2 0
6 11 0
7 3 0
8 3 0
8 12 0
8 13 0
9 4 0
9 13 0
9 14 0
10 5 0
10 15 0
10 16 0
11 6 0
11 17 0
12 8 0
13 8 0
13 9 0
13 18 0
14 9 0
15 10 0
15 27 0
16 10 0
16 19 0
16 20 0
17 11 0
17 21 0
18 13 0
19 16 0
19 22 0
19 23 0
20 16 0
20 24 0
20 25 0
21 17 0
21 26 0
22 19 0
23 19 0
24 20 0
25 20 0
25 27 0
26 21 0
26 28 0
27 25 0
27 29 0
27 30 0
27 15 0
28 26 0
28 31 0
29 27 0
30 27 0
30 32 0
31 28 0
31 33 0
32 30 0
32 34 0
32 35 0
33 31 0
33 36 0
34 32 0
35 32 0
35 38 0
36 33 0
36 39 0
37 38 0
38 35 0
38 40 0
38 37 0
39 36 0
39 41 0
40 38 0
40 42 0
40 44 0
41 39 0
41 43 0
42 40 0
42 45 0
43 41 0
43 46 0
44 40 0
45 42 0
45 47 0
46 43 0
46 48 0
47 45 0
47 49 0
47 50 0
48 46 0
48 51 0
49 47 0
50 47 0
50 52 0
51 48 0
51 53 0
51 54 0
52 50 0
52 55 0
52 56 0
53 51 0
54 51 0
54 57 0
54 58 0
55 52 0
56 52 0
56 59 0
57 54 0
58 54 0
58 60 0
58 61 0
59 56 0
59 62 0
59 63 0
60 58 0
61 58 0
61 63 0
61 64 0
62 59 0
63 59 0
63 61 0
64 61 0
GraphDataEnd
GraphEnd
NodeEnd
END_EPT
