BEGIN_EPT
AnchorID: 28634  # ID of the anchor node
RootIndex: 0  # Index of the root node in tree_nodes
NodeCount: 2  # Total number of nodes in the EPT
NodeStart
EPTNodeID: 0
AnchorID: 28634
TreeNodeGraphID: 0
Level: 0
SimplifiedLevel: 0
EditOperation: -1 0 -1 0 0
AccumulatedOpsCount: 0
ChildrenCount: 1
ChildIndices: 1
CompletedDBGraphIDsCount: 0
GraphStart
GraphDataStart
ID: 0
NumNodes: 73
NumEdges: 160
NodeLabels
2 2 2 2 2 2 2 2 2 2 2 2 2 2 2 2 2 2 2 2 2 2 2 2 2 2 2 2 2 2 2 2 2 2 0 0 2 2 2 2 2 2 2 2 0 0 2 2 2 2 2 2 2 4 0 2 0 2 0 2 0 2 4 2 2 2 2 2 2 2 2 2 2 
Edges
0 1 0
0 5 0
1 0 0
1 2 0
1 17 0
2 1 0
2 3 0
3 2 0
3 4 0
3 6 0
4 3 0
4 5 0
4 9 0
4 63 0
5 0 0
5 4 0
6 3 0
6 7 0
7 6 0
7 8 0
8 7 0
8 9 0
8 10 0
9 4 0
9 8 0
9 13 0
10 8 0
10 11 0
10 14 0
11 10 0
11 12 0
11 16 0
11 64 0
12 11 0
12 13 0
13 9 0
13 12 0
14 10 0
14 15 0
15 14 0
15 16 0
16 11 0
16 15 0
16 65 0
17 1 0
17 18 0
18 17 0
18 19 0
19 18 0
19 20 0
20 19 0
20 21 0
20 27 0
21 20 0
21 22 0
21 26 0
22 21 0
22 23 0
23 22 0
23 24 0
23 53 0
24 23 0
24 25 0
24 54 0
25 24 0
25 26 0
25 43 0
26 21 0
26 25 0
27 20 0
27 28 0
27 32 0
28 27 0
28 29 0
29 28 0
29 30 0
29 33 0
30 29 0
30 31 0
30 58 0
31 30 0
31 32 0
31 62 0
32 27 0
32 31 0
33 29 0
33 34 0
33 35 0
34 33 0
35 33 0
35 36 0
36 35 0
36 37 0
37 36 0
37 38 0
37 42 0
38 37 0
38 39 0
39 38 0
39 40 0
40 39 0
40 41 0
41 40 0
41 42 0
42 37 0
42 41 0
43 25 0
43 44 0
43 45 0
44 43 0
45 43 0
45 46 0
46 45 0
46 47 0
47 46 0
47 48 0
47 52 0
48 47 0
48 49 0
49 48 0
49 50 0
50 49 0
50 51 0
51 50 0
51 52 0
52 47 0
52 51 0
53 23 0
54 24 0
54 55 0
55 54 0
55 56 0
55 57 0
56 55 0
57 55 0
58 30 0
58 59 0
59 58 0
59 60 0
59 61 0
60 59 0
61 59 0
62 31 0
63 4 0
64 11 0
65 16 0
65 66 0
65 67 0
66 65 0
66 68 0
67 65 0
68 66 0
68 69 0
69 68 0
69 70 0
70 69 0
70 71 0
70 72 0
71 70 0
72 70 0
GraphDataEnd
GraphEnd
NodeEnd
NodeStart
EPTNodeID: 1
AnchorID: 28634
TreeNodeGraphID: 8
Level: 8
SimplifiedLevel: 0
EditOperation: 1 61 0 2 0
AccumulatedOpsCount: 8
AccumulatedOp: 5 37 55 0 0
AccumulatedOp: 5 51 59 0 0
AccumulatedOp: 4 36 37 0 0
AccumulatedOp: 4 46 47 0 0
AccumulatedOp: 4 55 57 0 0
AccumulatedOp: 1 57 0 2 0
AccumulatedOp: 4 59 61 0 0
AccumulatedOp: 1 61 0 2 0
ChildrenCount: 0
ChildIndices:
CompletedDBGraphIDsCount: 1
CompletedDBGraphID: 22510
GraphStart
GraphDataStart
ID: 8
NumNodes: 71
NumEdges: 156
NodeLabels
2 2 2 2 2 2 2 2 2 2 2 2 2 2 2 2 2 2 2 2 2 2 2 2 2 2 2 2 2 2 2 2 2 2 0 0 2 2 2 2 2 2 2 2 0 0 2 2 2 2 2 2 2 4 0 2 0 0 2 0 4 2 2 2 2 2 2 2 2 2 2 
Edges
0 1 0
0 5 0
1 0 0
1 2 0
1 17 0
2 1 0
2 3 0
3 2 0
3 4 0
3 6 0
4 3 0
4 5 0
4 9 0
4 61 0
5 0 0
5 4 0
6 3 0
6 7 0
7 6 0
7 8 0
8 7 0
8 9 0
8 10 0
9 4 0
9 8 0
9 13 0
10 8 0
10 11 0
10 14 0
11 10 0
11 12 0
11 16 0
11 62 0
12 11 0
12 13 0
13 9 0
13 12 0
14 10 0
14 15 0
15 14 0
15 16 0
16 11 0
16 15 0
16 63 0
17 1 0
17 18 0
18 17 0
18 19 0
19 18 0
19 20 0
20 19 0
20 21 0
20 27 0
21 20 0
21 22 0
21 26 0
22 21 0
22 23 0
23 22 0
23 24 0
23 53 0
24 23 0
24 25 0
24 54 0
25 24 0
25 26 0
25 43 0
26 21 0
26 25 0
27 20 0
27 28 0
27 32 0
28 27 0
28 29 0
29 28 0
29 30 0
29 33 0
30 29 0
30 31 0
30 57 0
31 30 0
31 32 0
31 60 0
32 27 0
32 31 0
33 29 0
33 34 0
33 35 0
34 33 0
35 33 0
35 36 0
36 35 0
37 38 0
37 42 0
37 55 0
38 37 0
38 39 0
39 38 0
39 40 0
40 39 0
40 41 0
41 40 0
41 42 0
42 37 0
42 41 0
43 25 0
43 44 0
43 45 0
44 43 0
45 43 0
45 46 0
46 45 0
47 48 0
47 52 0
48 47 0
48 49 0
49 48 0
49 50 0
50 49 0
50 51 0
51 50 0
51 52 0
51 58 0
52 47 0
52 51 0
53 23 0
54 24 0
54 55 0
55 54 0
55 56 0
55 37 0
56 55 0
57 30 0
57 58 0
58 57 0
58 59 0
58 51 0
59 58 0
60 31 0
61 4 0
62 11 0
63 16 0
63 64 0
63 65 0
64 63 0
64 66 0
65 63 0
66 64 0
66 67 0
67 66 0
67 68 0
68 67 0
68 69 0
68 70 0
69 68 0
70 68 0
GraphDataEnd
GraphEnd
NodeEnd
END_EPT
