BEGIN_EPT
AnchorID: 38317  # ID of the anchor node
RootIndex: 0  # Index of the root node in tree_nodes
NodeCount: 1  # Total number of nodes in the EPT
NodeStart
EPTNodeID: 0
AnchorID: 38317
TreeNodeGraphID: 0
Level: 0
SimplifiedLevel: 0
EditOperation: -1 0 -1 0 0
AccumulatedOpsCount: 0
ChildrenCount: 0
ChildIndices:
CompletedDBGraphIDsCount: 0
GraphStart
GraphDataStart
ID: 0
NumNodes: 95
NumEdges: 206
NodeLabels
2 2 2 2 2 2 2 2 2 2 2 2 2 2 2 2 2 2 2 2 0 2 2 2 2 2 2 2 2 2 2 2 2 2 2 2 2 2 2 2 2 2 2 2 2 2 2 2 2 2 2 2 2 2 2 2 2 2 2 2 0 2 2 2 2 2 2 2 2 2 2 2 2 2 2 2 2 2 2 2 2 2 2 2 2 2 2 2 2 2 2 2 0 2 0 
Edges
0 1 0
0 5 0
1 0 0
1 2 0
2 1 0
2 3 0
2 18 0
3 2 0
3 4 0
4 3 0
4 5 0
5 0 0
5 4 0
5 43 0
6 7 0
6 11 0
7 6 0
7 8 0
7 19 0
8 7 0
8 9 0
8 57 0
9 8 0
9 10 0
10 9 0
10 11 0
10 62 0
11 6 0
11 10 0
11 18 0
12 13 0
12 17 0
13 12 0
13 14 0
14 13 0
14 15 0
14 18 0
15 14 0
15 16 0
16 15 0
16 17 0
17 12 0
17 16 0
17 39 0
18 2 0
18 11 0
18 14 0
18 20 0
19 7 0
19 27 0
19 70 0
19 94 0
20 18 0
20 21 0
21 20 0
22 23 0
22 27 0
22 59 0
23 22 0
23 24 0
24 23 0
24 25 0
24 58 0
25 24 0
25 26 0
25 28 0
26 25 0
26 27 0
27 19 0
27 22 0
27 26 0
28 25 0
28 31 0
28 49 0
28 60 0
29 30 0
29 34 0
30 29 0
30 31 0
31 28 0
31 30 0
31 32 0
32 31 0
32 33 0
33 32 0
33 34 0
34 29 0
34 33 0
34 35 0
35 34 0
35 36 0
35 37 0
35 38 0
36 35 0
37 35 0
38 35 0
39 17 0
39 40 0
39 41 0
39 42 0
40 39 0
41 39 0
42 39 0
43 5 0
43 44 0
43 45 0
43 46 0
44 43 0
45 43 0
46 43 0
47 48 0
47 52 0
48 47 0
48 49 0
49 28 0
49 48 0
49 50 0
50 49 0
50 51 0
51 50 0
51 52 0
52 47 0
52 51 0
52 53 0
53 52 0
53 54 0
53 55 0
53 56 0
54 53 0
55 53 0
56 53 0
57 8 0
58 24 0
59 22 0
60 28 0
60 61 0
61 60 0
62 10 0
63 64 0
63 68 0
64 63 0
64 65 0
65 64 0
65 66 0
65 81 0
66 65 0
66 67 0
67 66 0
67 68 0
68 63 0
68 67 0
68 86 0
69 70 0
69 74 0
70 19 0
70 69 0
70 71 0
71 70 0
71 72 0
71 90 0
72 71 0
72 73 0
73 72 0
73 74 0
73 91 0
74 69 0
74 73 0
74 81 0
75 76 0
75 80 0
76 75 0
76 77 0
77 76 0
77 78 0
77 81 0
78 77 0
78 79 0
79 78 0
79 80 0
80 75 0
80 79 0
80 82 0
81 65 0
81 74 0
81 77 0
81 92 0
82 80 0
82 83 0
82 84 0
82 85 0
83 82 0
84 82 0
85 82 0
86 68 0
86 87 0
86 88 0
86 89 0
87 86 0
88 86 0
89 86 0
90 71 0
91 73 0
92 81 0
92 93 0
93 92 0
94 19 0
GraphDataEnd
GraphEnd
NodeEnd
END_EPT
