BEGIN_EPT
AnchorID: 31414  # ID of the anchor node
RootIndex: 0  # Index of the root node in tree_nodes
NodeCount: 1  # Total number of nodes in the EPT
NodeStart
EPTNodeID: 0
AnchorID: 31414
TreeNodeGraphID: 0
Level: 0
SimplifiedLevel: 0
EditOperation: -1 0 -1 0 0
AccumulatedOpsCount: 0
ChildrenCount: 0
ChildIndices:
CompletedDBGraphIDsCount: 0
GraphStart
GraphDataStart
ID: 0
NumNodes: 115
NumEdges: 238
NodeLabels
2 0 2 2 0 2 2 0 2 0 2 0 2 0 2 2 0 2 2 0 2 2 0 2 2 0 2 2 0 2 2 3 3 3 2 2 2 2 2 2 2 2 3 2 2 2 3 3 2 0 2 2 2 2 2 2 2 2 3 2 2 3 2 2 2 2 2 3 3 3 2 0 2 2 2 2 3 2 2 2 2 0 3 2 2 2 3 3 3 3 3 3 3 3 2 0 2 2 0 2 3 2 2 2 2 1 3 2 2 2 2 2 2 2 3 
Edges
0 1 0
0 33 0
0 99 0
1 0 0
2 3 0
2 4 0
2 32 0
3 2 0
3 33 0
3 77 0
4 2 0
5 6 0
5 7 0
5 31 0
6 5 0
6 32 0
6 78 0
7 5 0
8 9 0
8 30 0
8 86 0
9 8 0
10 79 0
10 86 0
10 113 0
11 113 0
12 13 0
12 87 0
12 112 0
13 12 0
14 15 0
14 16 0
14 88 0
15 14 0
15 87 0
15 107 0
16 14 0
17 18 0
17 19 0
17 89 0
18 17 0
18 59 0
18 88 0
19 17 0
20 21 0
20 22 0
20 90 0
21 20 0
21 62 0
21 89 0
22 20 0
23 24 0
23 25 0
23 91 0
24 23 0
24 90 0
24 108 0
25 23 0
26 27 0
26 28 0
26 92 0
27 26 0
27 83 0
27 91 0
28 26 0
29 70 0
29 72 0
29 92 0
30 8 0
30 31 0
30 48 0
31 5 0
31 30 0
32 2 0
32 6 0
33 0 0
33 3 0
34 35 0
34 37 0
34 77 0
35 34 0
35 42 0
36 37 0
36 38 0
36 42 0
37 34 0
37 36 0
37 41 0
38 36 0
38 39 0
39 38 0
39 40 0
40 39 0
40 41 0
41 37 0
41 40 0
42 35 0
42 36 0
43 44 0
43 46 0
43 78 0
44 43 0
44 47 0
45 46 0
45 47 0
46 43 0
46 45 0
47 44 0
47 45 0
48 30 0
48 49 0
49 48 0
50 51 0
50 53 0
50 79 0
51 50 0
51 58 0
52 53 0
52 54 0
52 58 0
53 50 0
53 52 0
53 57 0
54 52 0
54 55 0
55 54 0
55 56 0
56 55 0
56 57 0
57 53 0
57 56 0
58 51 0
58 52 0
59 18 0
59 60 0
60 59 0
60 80 0
61 65 0
62 21 0
62 63 0
63 62 0
63 64 0
64 63 0
64 65 0
65 61 0
65 64 0
66 67 0
66 68 0
66 69 0
67 66 0
68 66 0
68 85 0
69 66 0
70 29 0
70 71 0
70 76 0
71 70 0
72 29 0
72 73 0
73 72 0
73 74 0
74 73 0
74 75 0
75 74 0
75 93 0
76 70 0
77 3 0
77 34 0
78 6 0
78 43 0
79 10 0
79 50 0
80 60 0
80 81 0
80 82 0
81 80 0
82 80 0
83 27 0
83 84 0
84 83 0
84 85 0
85 68 0
85 84 0
86 8 0
86 10 0
87 12 0
87 15 0
88 14 0
88 18 0
89 17 0
89 21 0
90 20 0
90 24 0
91 23 0
91 27 0
92 26 0
92 29 0
93 75 0
94 95 0
94 103 0
94 106 0
95 94 0
96 97 0
96 98 0
96 100 0
97 96 0
97 102 0
97 106 0
98 96 0
99 0 0
99 100 0
99 101 0
100 96 0
100 99 0
101 99 0
102 97 0
103 94 0
103 104 0
104 103 0
104 105 0
105 104 0
106 94 0
106 97 0
107 15 0
108 24 0
109 110 0
109 114 0
110 109 0
110 111 0
111 110 0
111 112 0
112 12 0
112 111 0
113 10 0
113 11 0
113 114 0
114 109 0
114 113 0
GraphDataEnd
GraphEnd
NodeEnd
END_EPT
