BEGIN_EPT
AnchorID: 38873  # ID of the anchor node
RootIndex: 0  # Index of the root node in tree_nodes
NodeCount: 2  # Total number of nodes in the EPT
NodeStart
EPTNodeID: 0
AnchorID: 38873
TreeNodeGraphID: 0
Level: 0
SimplifiedLevel: 0
EditOperation: -1 0 -1 0 0
AccumulatedOpsCount: 0
ChildrenCount: 1
ChildIndices: 1
CompletedDBGraphIDsCount: 1
CompletedDBGraphID: 42513
GraphStart
GraphDataStart
ID: 0
NumNodes: 88
NumEdges: 178
NodeLabels
2 2 2 2 2 2 2 2 2 2 2 2 2 2 0 2 2 2 0 4 0 2 0 2 4 2 0 0 2 2 0 0 2 11 0 0 0 2 2 0 2 0 0 2 0 2 0 2 2 0 3 2 2 2 2 2 2 2 2 2 2 2 2 2 2 2 2 2 2 2 2 2 2 2 2 2 2 2 2 2 2 2 2 2 2 2 2 2 
Edges
0 1 0
0 5 0
0 20 0
1 0 0
1 2 0
1 19 0
2 1 0
2 3 0
3 2 0
3 4 0
3 12 0
4 3 0
4 5 0
5 0 0
5 4 0
5 25 0
6 7 0
6 11 0
7 6 0
7 8 0
7 12 0
8 7 0
8 9 0
9 8 0
9 10 0
9 24 0
10 9 0
10 11 0
10 22 0
11 6 0
11 10 0
11 29 0
12 3 0
12 7 0
12 71 0
13 14 0
13 16 0
13 46 0
14 13 0
15 17 0
15 18 0
15 50 0
16 13 0
16 17 0
17 15 0
17 16 0
18 15 0
19 1 0
20 0 0
20 21 0
21 20 0
22 10 0
22 23 0
23 22 0
24 9 0
25 5 0
25 26 0
25 27 0
26 25 0
27 25 0
27 28 0
28 27 0
29 11 0
29 30 0
29 31 0
30 29 0
31 29 0
31 32 0
32 31 0
33 34 0
33 35 0
33 36 0
33 49 0
34 33 0
35 33 0
35 38 0
36 33 0
37 38 0
37 39 0
37 45 0
38 35 0
38 37 0
39 37 0
39 40 0
40 39 0
40 41 0
40 72 0
41 40 0
42 43 0
42 45 0
43 42 0
43 44 0
43 79 0
44 43 0
45 37 0
45 42 0
46 13 0
46 48 0
47 48 0
47 71 0
48 46 0
48 47 0
49 33 0
49 86 0
50 15 0
50 87 0
51 53 0
51 78 0
52 62 0
52 85 0
53 51 0
53 54 0
54 53 0
54 55 0
55 54 0
55 56 0
56 55 0
56 57 0
57 56 0
57 58 0
58 57 0
58 59 0
59 58 0
59 60 0
60 59 0
60 61 0
61 60 0
62 52 0
62 63 0
63 62 0
63 64 0
64 63 0
64 65 0
65 64 0
65 66 0
66 65 0
66 67 0
67 66 0
67 68 0
68 67 0
68 69 0
69 68 0
69 70 0
70 69 0
71 12 0
71 47 0
72 40 0
72 73 0
73 72 0
73 74 0
74 73 0
74 75 0
75 74 0
75 76 0
76 75 0
76 77 0
77 76 0
77 78 0
78 51 0
78 77 0
79 43 0
79 80 0
80 79 0
80 81 0
81 80 0
81 82 0
82 81 0
82 83 0
83 82 0
83 84 0
84 83 0
84 85 0
85 52 0
85 84 0
86 49 0
86 87 0
87 50 0
87 86 0
GraphDataEnd
GraphEnd
NodeEnd
NodeStart
EPTNodeID: 1
AnchorID: 38873
TreeNodeGraphID: 1
Level: 1
SimplifiedLevel: 0
EditOperation: 0 46 0 0 3
AccumulatedOpsCount: 1
AccumulatedOp: 0 46 0 0 3
ChildrenCount: 0
ChildIndices:
CompletedDBGraphIDsCount: 1
CompletedDBGraphID: 10125
GraphStart
GraphDataStart
ID: 1
NumNodes: 88
NumEdges: 178
NodeLabels
2 2 2 2 2 2 2 2 2 2 2 2 2 2 0 2 2 2 0 4 0 2 0 2 4 2 0 0 2 2 0 0 2 11 0 0 0 2 2 0 2 0 0 2 0 2 3 2 2 0 3 2 2 2 2 2 2 2 2 2 2 2 2 2 2 2 2 2 2 2 2 2 2 2 2 2 2 2 2 2 2 2 2 2 2 2 2 2 
Edges
0 1 0
0 5 0
0 20 0
1 0 0
1 2 0
1 19 0
2 1 0
2 3 0
3 2 0
3 4 0
3 12 0
4 3 0
4 5 0
5 0 0
5 4 0
5 25 0
6 7 0
6 11 0
7 6 0
7 8 0
7 12 0
8 7 0
8 9 0
9 8 0
9 10 0
9 24 0
10 9 0
10 11 0
10 22 0
11 6 0
11 10 0
11 29 0
12 3 0
12 7 0
12 71 0
13 14 0
13 16 0
13 46 0
14 13 0
15 17 0
15 18 0
15 50 0
16 13 0
16 17 0
17 15 0
17 16 0
18 15 0
19 1 0
20 0 0
20 21 0
21 20 0
22 10 0
22 23 0
23 22 0
24 9 0
25 5 0
25 26 0
25 27 0
26 25 0
27 25 0
27 28 0
28 27 0
29 11 0
29 30 0
29 31 0
30 29 0
31 29 0
31 32 0
32 31 0
33 34 0
33 35 0
33 36 0
33 49 0
34 33 0
35 33 0
35 38 0
36 33 0
37 38 0
37 39 0
37 45 0
38 35 0
38 37 0
39 37 0
39 40 0
40 39 0
40 41 0
40 72 0
41 40 0
42 43 0
42 45 0
43 42 0
43 44 0
43 79 0
44 43 0
45 37 0
45 42 0
46 13 0
46 48 0
47 48 0
47 71 0
48 46 0
48 47 0
49 33 0
49 86 0
50 15 0
50 87 0
51 53 0
51 78 0
52 62 0
52 85 0
53 51 0
53 54 0
54 53 0
54 55 0
55 54 0
55 56 0
56 55 0
56 57 0
57 56 0
57 58 0
58 57 0
58 59 0
59 58 0
59 60 0
60 59 0
60 61 0
61 60 0
62 52 0
62 63 0
63 62 0
63 64 0
64 63 0
64 65 0
65 64 0
65 66 0
66 65 0
66 67 0
67 66 0
67 68 0
68 67 0
68 69 0
69 68 0
69 70 0
70 69 0
71 12 0
71 47 0
72 40 0
72 73 0
73 72 0
73 74 0
74 73 0
74 75 0
75 74 0
75 76 0
76 75 0
76 77 0
77 76 0
77 78 0
78 51 0
78 77 0
79 43 0
79 80 0
80 79 0
80 81 0
81 80 0
81 82 0
82 81 0
82 83 0
83 82 0
83 84 0
84 83 0
84 85 0
85 52 0
85 84 0
86 49 0
86 87 0
87 50 0
87 86 0
GraphDataEnd
GraphEnd
NodeEnd
END_EPT
