BEGIN_EPT
AnchorID: 7952  # ID of the anchor node
RootIndex: 0  # Index of the root node in tree_nodes
NodeCount: 8  # Total number of nodes in the EPT
NodeStart
EPTNodeID: 0
AnchorID: 7952
TreeNodeGraphID: 0
Level: 0
SimplifiedLevel: 0
EditOperation: -1 0 -1 0 0
AccumulatedOpsCount: 0
ChildrenCount: 1
ChildIndices: 1
CompletedDBGraphIDsCount: 0
GraphStart
GraphDataStart
ID: 0
NumNodes: 63
NumEdges: 128
NodeLabels
2 2 2 2 2 2 2 2 2 2 2 2 2 0 1 2 2 3 2 0 2 2 3 2 0 2 0 2 2 2 2 0 11 0 0 0 11 0 0 0 2 2 0 2 2 2 0 11 0 0 0 0 3 2 2 2 3 2 3 2 3 3 31 
Edges
0 1 0
1 0 0
1 2 0
2 1 0
2 3 0
3 2 0
3 4 0
4 3 0
4 5 0
5 4 0
5 6 0
6 5 0
6 7 0
7 6 0
7 8 0
8 7 0
8 9 0
9 8 0
9 10 0
9 11 0
10 9 0
11 9 0
11 12 0
12 11 0
12 13 0
12 14 0
13 12 0
14 12 0
14 15 0
15 14 0
15 16 0
16 15 0
16 17 0
17 16 0
17 18 0
18 17 0
18 19 0
18 20 0
19 18 0
20 18 0
20 21 0
21 20 0
21 22 0
22 21 0
22 23 0
23 22 0
23 24 0
23 25 0
24 23 0
25 23 0
25 26 0
25 27 0
26 25 0
27 25 0
27 28 0
27 29 0
27 30 0
28 27 0
29 27 0
30 27 0
30 31 0
31 30 0
31 32 0
32 31 0
32 33 0
32 34 0
32 35 0
33 32 0
34 32 0
35 32 0
35 36 0
36 35 0
36 37 0
36 38 0
36 39 0
37 36 0
38 36 0
38 40 0
39 36 0
40 38 0
40 41 0
41 40 0
41 42 0
41 45 0
42 41 0
42 43 0
43 42 0
43 44 0
43 52 0
44 43 0
44 45 0
44 51 0
45 41 0
45 44 0
45 46 0
46 45 0
46 47 0
47 46 0
47 48 0
47 49 0
47 50 0
48 47 0
49 47 0
50 47 0
51 44 0
52 43 0
52 53 0
52 54 0
53 52 0
53 56 0
54 52 0
54 55 0
54 60 0
55 54 0
55 56 0
55 57 0
56 53 0
56 55 0
57 55 0
57 58 0
57 61 0
58 57 0
58 59 0
59 58 0
59 60 0
60 54 0
60 59 0
61 57 0
GraphDataEnd
GraphEnd
NodeEnd
NodeStart
EPTNodeID: 1
AnchorID: 7952
TreeNodeGraphID: 1
Level: 1
SimplifiedLevel: 0
EditOperation: 4 9 10 0 0
AccumulatedOpsCount: 1
AccumulatedOp: 4 9 10 0 0
ChildrenCount: 2
ChildIndices: 2 7
CompletedDBGraphIDsCount: 0
GraphStart
GraphDataStart
ID: 1
NumNodes: 63
NumEdges: 126
NodeLabels
2 2 2 2 2 2 2 2 2 2 2 2 2 0 1 2 2 3 2 0 2 2 3 2 0 2 0 2 2 2 2 0 11 0 0 0 11 0 0 0 2 2 0 2 2 2 0 11 0 0 0 0 3 2 2 2 3 2 3 2 3 3 31 
Edges
0 1 0
1 0 0
1 2 0
2 1 0
2 3 0
3 2 0
3 4 0
4 3 0
4 5 0
5 4 0
5 6 0
6 5 0
6 7 0
7 6 0
7 8 0
8 7 0
8 9 0
9 8 0
9 11 0
11 9 0
11 12 0
12 11 0
12 13 0
12 14 0
13 12 0
14 12 0
14 15 0
15 14 0
15 16 0
16 15 0
16 17 0
17 16 0
17 18 0
18 17 0
18 19 0
18 20 0
19 18 0
20 18 0
20 21 0
21 20 0
21 22 0
22 21 0
22 23 0
23 22 0
23 24 0
23 25 0
24 23 0
25 23 0
25 26 0
25 27 0
26 25 0
27 25 0
27 28 0
27 29 0
27 30 0
28 27 0
29 27 0
30 27 0
30 31 0
31 30 0
31 32 0
32 31 0
32 33 0
32 34 0
32 35 0
33 32 0
34 32 0
35 32 0
35 36 0
36 35 0
36 37 0
36 38 0
36 39 0
37 36 0
38 36 0
38 40 0
39 36 0
40 38 0
40 41 0
41 40 0
41 42 0
41 45 0
42 41 0
42 43 0
43 42 0
43 44 0
43 52 0
44 43 0
44 45 0
44 51 0
45 41 0
45 44 0
45 46 0
46 45 0
46 47 0
47 46 0
47 48 0
47 49 0
47 50 0
48 47 0
49 47 0
50 47 0
51 44 0
52 43 0
52 53 0
52 54 0
53 52 0
53 56 0
54 52 0
54 55 0
54 60 0
55 54 0
55 56 0
55 57 0
56 53 0
56 55 0
57 55 0
57 58 0
57 61 0
58 57 0
58 59 0
59 58 0
59 60 0
60 54 0
60 59 0
61 57 0
GraphDataEnd
GraphEnd
NodeEnd
NodeStart
EPTNodeID: 2
AnchorID: 7952
TreeNodeGraphID: 2
Level: 2
SimplifiedLevel: 0
EditOperation: 5 0 10 0 0
AccumulatedOpsCount: 1
AccumulatedOp: 5 0 10 0 0
ChildrenCount: 2
ChildIndices: 3 6
CompletedDBGraphIDsCount: 0
GraphStart
GraphDataStart
ID: 2
NumNodes: 63
NumEdges: 128
NodeLabels
2 2 2 2 2 2 2 2 2 2 2 2 2 0 1 2 2 3 2 0 2 2 3 2 0 2 0 2 2 2 2 0 11 0 0 0 11 0 0 0 2 2 0 2 2 2 0 11 0 0 0 0 3 2 2 2 3 2 3 2 3 3 31 
Edges
0 1 0
0 10 0
1 0 0
1 2 0
2 1 0
2 3 0
3 2 0
3 4 0
4 3 0
4 5 0
5 4 0
5 6 0
6 5 0
6 7 0
7 6 0
7 8 0
8 7 0
8 9 0
9 8 0
9 11 0
10 0 0
11 9 0
11 12 0
12 11 0
12 13 0
12 14 0
13 12 0
14 12 0
14 15 0
15 14 0
15 16 0
16 15 0
16 17 0
17 16 0
17 18 0
18 17 0
18 19 0
18 20 0
19 18 0
20 18 0
20 21 0
21 20 0
21 22 0
22 21 0
22 23 0
23 22 0
23 24 0
23 25 0
24 23 0
25 23 0
25 26 0
25 27 0
26 25 0
27 25 0
27 28 0
27 29 0
27 30 0
28 27 0
29 27 0
30 27 0
30 31 0
31 30 0
31 32 0
32 31 0
32 33 0
32 34 0
32 35 0
33 32 0
34 32 0
35 32 0
35 36 0
36 35 0
36 37 0
36 38 0
36 39 0
37 36 0
38 36 0
38 40 0
39 36 0
40 38 0
40 41 0
41 40 0
41 42 0
41 45 0
42 41 0
42 43 0
43 42 0
43 44 0
43 52 0
44 43 0
44 45 0
44 51 0
45 41 0
45 44 0
45 46 0
46 45 0
46 47 0
47 46 0
47 48 0
47 49 0
47 50 0
48 47 0
49 47 0
50 47 0
51 44 0
52 43 0
52 53 0
52 54 0
53 52 0
53 56 0
54 52 0
54 55 0
54 60 0
55 54 0
55 56 0
55 57 0
56 53 0
56 55 0
57 55 0
57 58 0
57 61 0
58 57 0
58 59 0
59 58 0
59 60 0
60 54 0
60 59 0
61 57 0
GraphDataEnd
GraphEnd
NodeEnd
NodeStart
EPTNodeID: 3
AnchorID: 7952
TreeNodeGraphID: 3
Level: 3
SimplifiedLevel: 0
EditOperation: 2 64 0 0 2
AccumulatedOpsCount: 1
AccumulatedOp: 2 64 0 0 2
ChildrenCount: 2
ChildIndices: 4 5
CompletedDBGraphIDsCount: 0
GraphStart
GraphDataStart
ID: 3
NumNodes: 64
NumEdges: 128
NodeLabels
2 2 2 2 2 2 2 2 2 2 2 2 2 0 1 2 2 3 2 0 2 2 3 2 0 2 0 2 2 2 2 0 11 0 0 0 11 0 0 0 2 2 0 2 2 2 0 11 0 0 0 0 3 2 2 2 3 2 3 2 3 3 31 2 
Edges
0 1 0
0 10 0
1 0 0
1 2 0
2 1 0
2 3 0
3 2 0
3 4 0
4 3 0
4 5 0
5 4 0
5 6 0
6 5 0
6 7 0
7 6 0
7 8 0
8 7 0
8 9 0
9 8 0
9 11 0
10 0 0
11 9 0
11 12 0
12 11 0
12 13 0
12 14 0
13 12 0
14 12 0
14 15 0
15 14 0
15 16 0
16 15 0
16 17 0
17 16 0
17 18 0
18 17 0
18 19 0
18 20 0
19 18 0
20 18 0
20 21 0
21 20 0
21 22 0
22 21 0
22 23 0
23 22 0
23 24 0
23 25 0
24 23 0
25 23 0
25 26 0
25 27 0
26 25 0
27 25 0
27 28 0
27 29 0
27 30 0
28 27 0
29 27 0
30 27 0
30 31 0
31 30 0
31 32 0
32 31 0
32 33 0
32 34 0
32 35 0
33 32 0
34 32 0
35 32 0
35 36 0
36 35 0
36 37 0
36 38 0
36 39 0
37 36 0
38 36 0
38 40 0
39 36 0
40 38 0
40 41 0
41 40 0
41 42 0
41 45 0
42 41 0
42 43 0
43 42 0
43 44 0
43 52 0
44 43 0
44 45 0
44 51 0
45 41 0
45 44 0
45 46 0
46 45 0
46 47 0
47 46 0
47 48 0
47 49 0
47 50 0
48 47 0
49 47 0
50 47 0
51 44 0
52 43 0
52 53 0
52 54 0
53 52 0
53 56 0
54 52 0
54 55 0
54 60 0
55 54 0
55 56 0
55 57 0
56 53 0
56 55 0
57 55 0
57 58 0
57 61 0
58 57 0
58 59 0
59 58 0
59 60 0
60 54 0
60 59 0
61 57 0
GraphDataEnd
GraphEnd
NodeEnd
NodeStart
EPTNodeID: 4
AnchorID: 7952
TreeNodeGraphID: 8
Level: 8
SimplifiedLevel: 0
EditOperation: 5 10 63 0 0
AccumulatedOpsCount: 5
AccumulatedOp: 4 12 13 0 0
AccumulatedOp: 2 63 0 0 2
AccumulatedOp: 5 63 64 0 0
AccumulatedOp: 5 11 13 0 0
AccumulatedOp: 5 10 63 0 0
ChildrenCount: 0
ChildIndices:
CompletedDBGraphIDsCount: 1
CompletedDBGraphID: 33549
GraphStart
GraphDataStart
ID: 8
NumNodes: 65
NumEdges: 132
NodeLabels
2 2 2 2 2 2 2 2 2 2 2 2 2 0 1 2 2 3 2 0 2 2 3 2 0 2 0 2 2 2 2 0 11 0 0 0 11 0 0 0 2 2 0 2 2 2 0 11 0 0 0 0 3 2 2 2 3 2 3 2 3 3 31 2 2 
Edges
0 1 0
0 10 0
1 0 0
1 2 0
2 1 0
2 3 0
3 2 0
3 4 0
4 3 0
4 5 0
5 4 0
5 6 0
6 5 0
6 7 0
7 6 0
7 8 0
8 7 0
8 9 0
9 8 0
9 11 0
10 0 0
10 63 0
11 9 0
11 12 0
11 13 0
12 11 0
12 14 0
13 11 0
14 12 0
14 15 0
15 14 0
15 16 0
16 15 0
16 17 0
17 16 0
17 18 0
18 17 0
18 19 0
18 20 0
19 18 0
20 18 0
20 21 0
21 20 0
21 22 0
22 21 0
22 23 0
23 22 0
23 24 0
23 25 0
24 23 0
25 23 0
25 26 0
25 27 0
26 25 0
27 25 0
27 28 0
27 29 0
27 30 0
28 27 0
29 27 0
30 27 0
30 31 0
31 30 0
31 32 0
32 31 0
32 33 0
32 34 0
32 35 0
33 32 0
34 32 0
35 32 0
35 36 0
36 35 0
36 37 0
36 38 0
36 39 0
37 36 0
38 36 0
38 40 0
39 36 0
40 38 0
40 41 0
41 40 0
41 42 0
41 45 0
42 41 0
42 43 0
43 42 0
43 44 0
43 52 0
44 43 0
44 45 0
44 51 0
45 41 0
45 44 0
45 46 0
46 45 0
46 47 0
47 46 0
47 48 0
47 49 0
47 50 0
48 47 0
49 47 0
50 47 0
51 44 0
52 43 0
52 53 0
52 54 0
53 52 0
53 56 0
54 52 0
54 55 0
54 60 0
55 54 0
55 56 0
55 57 0
56 53 0
56 55 0
57 55 0
57 58 0
57 61 0
58 57 0
58 59 0
59 58 0
59 60 0
60 54 0
60 59 0
61 57 0
63 64 0
63 10 0
64 63 0
GraphDataEnd
GraphEnd
NodeEnd
NodeStart
EPTNodeID: 5
AnchorID: 7952
TreeNodeGraphID: 11
Level: 6
SimplifiedLevel: 0
EditOperation: 5 11 63 0 0
AccumulatedOpsCount: 3
AccumulatedOp: 2 63 0 0 5
AccumulatedOp: 5 10 64 0 0
AccumulatedOp: 5 11 63 0 0
ChildrenCount: 0
ChildIndices:
CompletedDBGraphIDsCount: 1
CompletedDBGraphID: 27011
GraphStart
GraphDataStart
ID: 11
NumNodes: 65
NumEdges: 132
NodeLabels
2 2 2 2 2 2 2 2 2 2 2 2 2 0 1 2 2 3 2 0 2 2 3 2 0 2 0 2 2 2 2 0 11 0 0 0 11 0 0 0 2 2 0 2 2 2 0 11 0 0 0 0 3 2 2 2 3 2 3 2 3 3 31 5 2 
Edges
0 1 0
0 10 0
1 0 0
1 2 0
2 1 0
2 3 0
3 2 0
3 4 0
4 3 0
4 5 0
5 4 0
5 6 0
6 5 0
6 7 0
7 6 0
7 8 0
8 7 0
8 9 0
9 8 0
9 11 0
10 0 0
10 64 0
11 9 0
11 12 0
11 63 0
12 11 0
12 13 0
12 14 0
13 12 0
14 12 0
14 15 0
15 14 0
15 16 0
16 15 0
16 17 0
17 16 0
17 18 0
18 17 0
18 19 0
18 20 0
19 18 0
20 18 0
20 21 0
21 20 0
21 22 0
22 21 0
22 23 0
23 22 0
23 24 0
23 25 0
24 23 0
25 23 0
25 26 0
25 27 0
26 25 0
27 25 0
27 28 0
27 29 0
27 30 0
28 27 0
29 27 0
30 27 0
30 31 0
31 30 0
31 32 0
32 31 0
32 33 0
32 34 0
32 35 0
33 32 0
34 32 0
35 32 0
35 36 0
36 35 0
36 37 0
36 38 0
36 39 0
37 36 0
38 36 0
38 40 0
39 36 0
40 38 0
40 41 0
41 40 0
41 42 0
41 45 0
42 41 0
42 43 0
43 42 0
43 44 0
43 52 0
44 43 0
44 45 0
44 51 0
45 41 0
45 44 0
45 46 0
46 45 0
46 47 0
47 46 0
47 48 0
47 49 0
47 50 0
48 47 0
49 47 0
50 47 0
51 44 0
52 43 0
52 53 0
52 54 0
53 52 0
53 56 0
54 52 0
54 55 0
54 60 0
55 54 0
55 56 0
55 57 0
56 53 0
56 55 0
57 55 0
57 58 0
57 61 0
58 57 0
58 59 0
59 58 0
59 60 0
60 54 0
60 59 0
61 57 0
63 11 0
64 10 0
GraphDataEnd
GraphEnd
NodeEnd
NodeStart
EPTNodeID: 6
AnchorID: 7952
TreeNodeGraphID: 13
Level: 4
SimplifiedLevel: 0
EditOperation: 5 10 62 0 0
AccumulatedOpsCount: 2
AccumulatedOp: 0 62 0 31 2
AccumulatedOp: 5 10 62 0 0
ChildrenCount: 0
ChildIndices:
CompletedDBGraphIDsCount: 1
CompletedDBGraphID: 4155
GraphStart
GraphDataStart
ID: 13
NumNodes: 63
NumEdges: 130
NodeLabels
2 2 2 2 2 2 2 2 2 2 2 2 2 0 1 2 2 3 2 0 2 2 3 2 0 2 0 2 2 2 2 0 11 0 0 0 11 0 0 0 2 2 0 2 2 2 0 11 0 0 0 0 3 2 2 2 3 2 3 2 3 3 2 
Edges
0 1 0
0 10 0
1 0 0
1 2 0
2 1 0
2 3 0
3 2 0
3 4 0
4 3 0
4 5 0
5 4 0
5 6 0
6 5 0
6 7 0
7 6 0
7 8 0
8 7 0
8 9 0
9 8 0
9 11 0
10 0 0
10 62 0
11 9 0
11 12 0
12 11 0
12 13 0
12 14 0
13 12 0
14 12 0
14 15 0
15 14 0
15 16 0
16 15 0
16 17 0
17 16 0
17 18 0
18 17 0
18 19 0
18 20 0
19 18 0
20 18 0
20 21 0
21 20 0
21 22 0
22 21 0
22 23 0
23 22 0
23 24 0
23 25 0
24 23 0
25 23 0
25 26 0
25 27 0
26 25 0
27 25 0
27 28 0
27 29 0
27 30 0
28 27 0
29 27 0
30 27 0
30 31 0
31 30 0
31 32 0
32 31 0
32 33 0
32 34 0
32 35 0
33 32 0
34 32 0
35 32 0
35 36 0
36 35 0
36 37 0
36 38 0
36 39 0
37 36 0
38 36 0
38 40 0
39 36 0
40 38 0
40 41 0
41 40 0
41 42 0
41 45 0
42 41 0
42 43 0
43 42 0
43 44 0
43 52 0
44 43 0
44 45 0
44 51 0
45 41 0
45 44 0
45 46 0
46 45 0
46 47 0
47 46 0
47 48 0
47 49 0
47 50 0
48 47 0
49 47 0
50 47 0
51 44 0
52 43 0
52 53 0
52 54 0
53 52 0
53 56 0
54 52 0
54 55 0
54 60 0
55 54 0
55 56 0
55 57 0
56 53 0
56 55 0
57 55 0
57 58 0
57 61 0
58 57 0
58 59 0
59 58 0
59 60 0
60 54 0
60 59 0
61 57 0
62 10 0
GraphDataEnd
GraphEnd
NodeEnd
NodeStart
EPTNodeID: 7
AnchorID: 7952
TreeNodeGraphID: 16
Level: 4
SimplifiedLevel: 0
EditOperation: 5 10 62 0 0
AccumulatedOpsCount: 3
AccumulatedOp: 0 62 0 31 2
AccumulatedOp: 5 0 62 0 0
AccumulatedOp: 5 10 62 0 0
ChildrenCount: 0
ChildIndices:
CompletedDBGraphIDsCount: 1
CompletedDBGraphID: 32542
GraphStart
GraphDataStart
ID: 16
NumNodes: 63
NumEdges: 130
NodeLabels
2 2 2 2 2 2 2 2 2 2 2 2 2 0 1 2 2 3 2 0 2 2 3 2 0 2 0 2 2 2 2 0 11 0 0 0 11 0 0 0 2 2 0 2 2 2 0 11 0 0 0 0 3 2 2 2 3 2 3 2 3 3 2 
Edges
0 1 0
0 62 0
1 0 0
1 2 0
2 1 0
2 3 0
3 2 0
3 4 0
4 3 0
4 5 0
5 4 0
5 6 0
6 5 0
6 7 0
7 6 0
7 8 0
8 7 0
8 9 0
9 8 0
9 11 0
10 62 0
11 9 0
11 12 0
12 11 0
12 13 0
12 14 0
13 12 0
14 12 0
14 15 0
15 14 0
15 16 0
16 15 0
16 17 0
17 16 0
17 18 0
18 17 0
18 19 0
18 20 0
19 18 0
20 18 0
20 21 0
21 20 0
21 22 0
22 21 0
22 23 0
23 22 0
23 24 0
23 25 0
24 23 0
25 23 0
25 26 0
25 27 0
26 25 0
27 25 0
27 28 0
27 29 0
27 30 0
28 27 0
29 27 0
30 27 0
30 31 0
31 30 0
31 32 0
32 31 0
32 33 0
32 34 0
32 35 0
33 32 0
34 32 0
35 32 0
35 36 0
36 35 0
36 37 0
36 38 0
36 39 0
37 36 0
38 36 0
38 40 0
39 36 0
40 38 0
40 41 0
41 40 0
41 42 0
41 45 0
42 41 0
42 43 0
43 42 0
43 44 0
43 52 0
44 43 0
44 45 0
44 51 0
45 41 0
45 44 0
45 46 0
46 45 0
46 47 0
47 46 0
47 48 0
47 49 0
47 50 0
48 47 0
49 47 0
50 47 0
51 44 0
52 43 0
52 53 0
52 54 0
53 52 0
53 56 0
54 52 0
54 55 0
54 60 0
55 54 0
55 56 0
55 57 0
56 53 0
56 55 0
57 55 0
57 58 0
57 61 0
58 57 0
58 59 0
59 58 0
59 60 0
60 54 0
60 59 0
61 57 0
62 0 0
62 10 0
GraphDataEnd
GraphEnd
NodeEnd
END_EPT
