BEGIN_EPT
AnchorID: 7865  # ID of the anchor node
RootIndex: 0  # Index of the root node in tree_nodes
NodeCount: 1  # Total number of nodes in the EPT
NodeStart
EPTNodeID: 0
AnchorID: 7865
TreeNodeGraphID: 0
Level: 0
SimplifiedLevel: 0
EditOperation: -1 0 -1 0 0
AccumulatedOpsCount: 0
ChildrenCount: 0
ChildIndices:
CompletedDBGraphIDsCount: 0
GraphStart
GraphDataStart
ID: 0
NumNodes: 134
NumEdges: 276
NodeLabels
2 2 0 2 2 2 2 2 2 2 2 2 0 2 2 2 2 2 2 2 2 2 0 2 2 2 2 2 2 2 2 2 3 3 3 3 2 2 0 2 0 3 2 3 2 2 0 2 2 2 2 3 2 2 0 2 2 2 2 3 2 2 0 2 2 2 2 2 2 2 3 2 2 0 2 0 2 3 2 2 0 3 2 2 0 1 2 3 2 0 0 2 2 2 2 3 2 0 0 2 2 2 2 3 2 2 2 2 3 2 2 0 2 0 2 2 2 2 2 0 2 2 2 2 2 2 2 2 2 0 2 2 2 2 
Edges
0 1 0
0 3 0
0 43 0
1 0 0
1 2 0
1 33 0
2 1 0
3 0 0
3 4 0
4 3 0
4 5 0
4 9 0
5 4 0
5 6 0
6 5 0
6 7 0
7 6 0
7 8 0
8 7 0
8 9 0
9 4 0
9 8 0
10 13 0
10 32 0
10 33 0
11 12 0
11 20 0
11 32 0
12 11 0
13 10 0
13 14 0
14 13 0
14 15 0
14 19 0
15 14 0
15 16 0
16 15 0
16 17 0
17 16 0
17 18 0
18 17 0
18 19 0
19 14 0
19 18 0
20 11 0
20 21 0
20 31 0
21 20 0
21 22 0
21 51 0
22 21 0
23 24 0
23 28 0
24 23 0
24 25 0
25 24 0
25 26 0
25 29 0
26 25 0
26 27 0
26 34 0
27 26 0
27 28 0
28 23 0
28 27 0
29 25 0
29 30 0
29 31 0
30 29 0
30 34 0
31 20 0
31 29 0
32 10 0
32 11 0
33 1 0
33 10 0
34 26 0
34 30 0
35 36 0
35 45 0
36 35 0
36 37 0
36 42 0
37 36 0
37 38 0
37 43 0
38 37 0
39 40 0
39 41 0
39 42 0
40 39 0
41 39 0
42 36 0
42 39 0
43 0 0
43 37 0
44 45 0
44 47 0
44 103 0
45 35 0
45 44 0
45 46 0
46 45 0
47 44 0
47 48 0
48 47 0
48 49 0
49 48 0
49 50 0
50 49 0
50 87 0
51 21 0
51 52 0
52 51 0
52 53 0
52 55 0
53 52 0
53 54 0
53 70 0
54 53 0
55 52 0
55 56 0
56 55 0
56 57 0
57 56 0
57 58 0
58 57 0
58 95 0
59 60 0
59 72 0
60 59 0
60 61 0
60 63 0
61 60 0
61 62 0
61 108 0
62 61 0
63 60 0
63 64 0
64 63 0
64 65 0
64 69 0
65 64 0
65 66 0
66 65 0
66 67 0
67 66 0
67 68 0
68 67 0
68 69 0
69 64 0
69 68 0
70 53 0
70 71 0
71 70 0
71 72 0
71 74 0
72 59 0
72 71 0
72 73 0
73 72 0
74 71 0
74 75 0
74 76 0
75 74 0
75 104 0
76 74 0
77 78 0
77 110 0
78 77 0
78 79 0
78 120 0
79 78 0
79 80 0
79 81 0
80 79 0
81 79 0
81 82 0
82 81 0
82 83 0
82 86 0
83 82 0
83 84 0
83 129 0
84 83 0
85 86 0
85 125 0
86 82 0
86 85 0
87 50 0
87 88 0
88 87 0
88 89 0
88 90 0
89 88 0
90 88 0
90 91 0
91 90 0
91 92 0
91 93 0
91 94 0
92 91 0
93 91 0
94 91 0
95 58 0
95 96 0
96 95 0
96 97 0
96 98 0
97 96 0
98 96 0
98 99 0
99 98 0
99 100 0
99 101 0
99 102 0
100 99 0
101 99 0
102 99 0
103 44 0
104 75 0
104 105 0
104 106 0
104 107 0
105 104 0
106 104 0
107 104 0
108 61 0
108 109 0
109 108 0
109 110 0
109 112 0
110 77 0
110 109 0
110 111 0
111 110 0
112 109 0
112 113 0
112 114 0
113 112 0
113 115 0
114 112 0
115 113 0
115 116 0
115 117 0
115 118 0
116 115 0
117 115 0
118 115 0
119 120 0
119 121 0
120 78 0
120 119 0
121 119 0
121 122 0
121 123 0
121 124 0
122 121 0
123 121 0
124 121 0
125 85 0
125 126 0
125 127 0
125 128 0
126 125 0
127 125 0
128 125 0
129 83 0
129 130 0
130 129 0
130 131 0
130 132 0
130 133 0
131 130 0
132 130 0
133 130 0
GraphDataEnd
GraphEnd
NodeEnd
END_EPT
