BEGIN_EPT
AnchorID: 30056  # ID of the anchor node
RootIndex: 0  # Index of the root node in tree_nodes
NodeCount: 4  # Total number of nodes in the EPT
NodeStart
EPTNodeID: 0
AnchorID: 30056
TreeNodeGraphID: 0
Level: 0
SimplifiedLevel: 0
EditOperation: -1 0 -1 0 0
AccumulatedOpsCount: 0
ChildrenCount: 1
ChildIndices: 1
CompletedDBGraphIDsCount: 0
GraphStart
GraphDataStart
ID: 0
NumNodes: 104
NumEdges: 216
NodeLabels
1 0 0 0 0 2 2 0 2 3 2 2 2 3 2 3 0 2 0 3 2 0 2 2 0 2 2 3 2 2 2 2 0 2 2 2 2 2 2 0 2 0 0 0 2 3 3 2 2 0 2 2 3 2 3 0 0 2 2 2 2 2 2 0 0 2 3 0 2 2 3 0 2 3 3 0 2 0 3 0 2 2 2 3 1 2 2 2 3 1 2 2 2 3 0 2 2 2 3 2 2 2 2 3 
Edges
0 1 0
0 2 0
0 3 0
0 4 0
1 0 0
2 0 0
3 0 0
4 0 0
5 6 0
5 7 0
5 8 0
6 5 0
6 9 0
6 10 0
7 5 0
7 11 0
8 5 0
8 12 0
8 13 0
9 6 0
9 14 0
10 6 0
10 15 0
10 16 0
11 7 0
11 17 0
11 18 0
12 8 0
12 19 0
13 8 0
13 20 0
14 9 0
14 21 0
14 22 0
15 10 0
15 23 0
16 10 0
17 11 0
17 24 0
17 25 0
18 11 0
18 26 0
19 12 0
19 20 0
20 13 0
20 19 0
21 14 0
22 14 0
22 27 0
22 28 0
23 15 0
23 29 0
23 30 0
24 17 0
24 31 0
25 17 0
25 32 0
25 33 0
26 18 0
26 33 0
26 34 0
27 22 0
27 35 0
28 22 0
28 36 0
28 37 0
29 23 0
29 38 0
29 39 0
30 23 0
31 24 0
31 40 0
31 41 0
32 25 0
33 25 0
33 26 0
33 42 0
34 26 0
34 43 0
35 27 0
35 44 0
35 45 0
36 28 0
37 28 0
37 45 0
37 46 0
38 29 0
38 47 0
38 48 0
39 29 0
40 31 0
40 49 0
40 50 0
41 31 0
41 51 0
42 33 0
43 34 0
44 35 0
44 52 0
44 53 0
45 35 0
45 37 0
46 37 0
47 38 0
47 54 0
47 55 0
48 38 0
49 40 0
50 40 0
50 56 0
50 57 0
51 41 0
51 57 0
51 58 0
52 44 0
52 59 0
53 44 0
53 60 0
54 47 0
54 61 0
55 47 0
56 50 0
56 62 0
57 50 0
57 51 0
57 63 0
58 51 0
58 64 0
59 52 0
59 65 0
60 53 0
60 66 0
60 67 0
61 54 0
61 68 0
61 69 0
62 56 0
62 70 0
62 71 0
63 57 0
64 58 0
65 59 0
65 72 0
65 73 0
66 60 0
67 60 0
68 61 0
68 74 0
68 75 0
69 61 0
69 76 0
69 77 0
70 62 0
71 62 0
72 65 0
72 78 0
72 79 0
73 65 0
74 68 0
74 80 0
75 68 0
76 69 0
77 69 0
78 72 0
79 72 0
80 74 0
80 81 0
81 80 0
81 82 0
82 81 0
82 83 0
82 84 0
83 82 0
83 85 0
84 82 0
84 86 0
85 83 0
85 86 0
85 87 0
86 84 0
86 85 0
87 85 0
87 88 0
87 89 0
88 87 0
88 90 0
89 87 0
89 91 0
90 88 0
90 91 0
90 92 0
91 89 0
91 90 0
92 90 0
92 93 0
92 94 0
93 92 0
93 95 0
94 92 0
95 93 0
95 96 0
96 95 0
96 97 0
97 96 0
97 98 0
98 97 0
98 99 0
99 98 0
99 100 0
100 99 0
100 101 0
101 100 0
101 102 0
102 101 0
102 103 0
103 102 0
GraphDataEnd
GraphEnd
NodeEnd
NodeStart
EPTNodeID: 1
AnchorID: 30056
TreeNodeGraphID: 5
Level: 5
SimplifiedLevel: 0
EditOperation: 5 105 106 0 0
AccumulatedOpsCount: 5
AccumulatedOp: 0 103 0 3 2
AccumulatedOp: 2 104 0 0 2
AccumulatedOp: 2 105 0 0 2
AccumulatedOp: 2 106 0 0 2
AccumulatedOp: 5 105 106 0 0
ChildrenCount: 2
ChildIndices: 2 3
CompletedDBGraphIDsCount: 0
GraphStart
GraphDataStart
ID: 5
NumNodes: 107
NumEdges: 218
NodeLabels
1 0 0 0 0 2 2 0 2 3 2 2 2 3 2 3 0 2 0 3 2 0 2 2 0 2 2 3 2 2 2 2 0 2 2 2 2 2 2 0 2 0 0 0 2 3 3 2 2 0 2 2 3 2 3 0 0 2 2 2 2 2 2 0 0 2 3 0 2 2 3 0 2 3 3 0 2 0 3 0 2 2 2 3 1 2 2 2 3 1 2 2 2 3 0 2 2 2 3 2 2 2 2 2 2 2 2 
Edges
0 1 0
0 2 0
0 3 0
0 4 0
1 0 0
2 0 0
3 0 0
4 0 0
5 6 0
5 7 0
5 8 0
6 5 0
6 9 0
6 10 0
7 5 0
7 11 0
8 5 0
8 12 0
8 13 0
9 6 0
9 14 0
10 6 0
10 15 0
10 16 0
11 7 0
11 17 0
11 18 0
12 8 0
12 19 0
13 8 0
13 20 0
14 9 0
14 21 0
14 22 0
15 10 0
15 23 0
16 10 0
17 11 0
17 24 0
17 25 0
18 11 0
18 26 0
19 12 0
19 20 0
20 13 0
20 19 0
21 14 0
22 14 0
22 27 0
22 28 0
23 15 0
23 29 0
23 30 0
24 17 0
24 31 0
25 17 0
25 32 0
25 33 0
26 18 0
26 33 0
26 34 0
27 22 0
27 35 0
28 22 0
28 36 0
28 37 0
29 23 0
29 38 0
29 39 0
30 23 0
31 24 0
31 40 0
31 41 0
32 25 0
33 25 0
33 26 0
33 42 0
34 26 0
34 43 0
35 27 0
35 44 0
35 45 0
36 28 0
37 28 0
37 45 0
37 46 0
38 29 0
38 47 0
38 48 0
39 29 0
40 31 0
40 49 0
40 50 0
41 31 0
41 51 0
42 33 0
43 34 0
44 35 0
44 52 0
44 53 0
45 35 0
45 37 0
46 37 0
47 38 0
47 54 0
47 55 0
48 38 0
49 40 0
50 40 0
50 56 0
50 57 0
51 41 0
51 57 0
51 58 0
52 44 0
52 59 0
53 44 0
53 60 0
54 47 0
54 61 0
55 47 0
56 50 0
56 62 0
57 50 0
57 51 0
57 63 0
58 51 0
58 64 0
59 52 0
59 65 0
60 53 0
60 66 0
60 67 0
61 54 0
61 68 0
61 69 0
62 56 0
62 70 0
62 71 0
63 57 0
64 58 0
65 59 0
65 72 0
65 73 0
66 60 0
67 60 0
68 61 0
68 74 0
68 75 0
69 61 0
69 76 0
69 77 0
70 62 0
71 62 0
72 65 0
72 78 0
72 79 0
73 65 0
74 68 0
74 80 0
75 68 0
76 69 0
77 69 0
78 72 0
79 72 0
80 74 0
80 81 0
81 80 0
81 82 0
82 81 0
82 83 0
82 84 0
83 82 0
83 85 0
84 82 0
84 86 0
85 83 0
85 86 0
85 87 0
86 84 0
86 85 0
87 85 0
87 88 0
87 89 0
88 87 0
88 90 0
89 87 0
89 91 0
90 88 0
90 91 0
90 92 0
91 89 0
91 90 0
92 90 0
92 93 0
92 94 0
93 92 0
93 95 0
94 92 0
95 93 0
95 96 0
96 95 0
96 97 0
97 96 0
97 98 0
98 97 0
98 99 0
99 98 0
99 100 0
100 99 0
100 101 0
101 100 0
101 102 0
102 101 0
102 103 0
103 102 0
105 106 0
106 105 0
GraphDataEnd
GraphEnd
NodeEnd
NodeStart
EPTNodeID: 2
AnchorID: 30056
TreeNodeGraphID: 8
Level: 8
SimplifiedLevel: 0
EditOperation: 5 103 106 0 0
AccumulatedOpsCount: 3
AccumulatedOp: 5 99 104 0 0
AccumulatedOp: 5 100 105 0 0
AccumulatedOp: 5 103 106 0 0
ChildrenCount: 0
ChildIndices:
CompletedDBGraphIDsCount: 1
CompletedDBGraphID: 11282
GraphStart
GraphDataStart
ID: 8
NumNodes: 107
NumEdges: 224
NodeLabels
1 0 0 0 0 2 2 0 2 3 2 2 2 3 2 3 0 2 0 3 2 0 2 2 0 2 2 3 2 2 2 2 0 2 2 2 2 2 2 0 2 0 0 0 2 3 3 2 2 0 2 2 3 2 3 0 0 2 2 2 2 2 2 0 0 2 3 0 2 2 3 0 2 3 3 0 2 0 3 0 2 2 2 3 1 2 2 2 3 1 2 2 2 3 0 2 2 2 3 2 2 2 2 2 2 2 2 
Edges
0 1 0
0 2 0
0 3 0
0 4 0
1 0 0
2 0 0
3 0 0
4 0 0
5 6 0
5 7 0
5 8 0
6 5 0
6 9 0
6 10 0
7 5 0
7 11 0
8 5 0
8 12 0
8 13 0
9 6 0
9 14 0
10 6 0
10 15 0
10 16 0
11 7 0
11 17 0
11 18 0
12 8 0
12 19 0
13 8 0
13 20 0
14 9 0
14 21 0
14 22 0
15 10 0
15 23 0
16 10 0
17 11 0
17 24 0
17 25 0
18 11 0
18 26 0
19 12 0
19 20 0
20 13 0
20 19 0
21 14 0
22 14 0
22 27 0
22 28 0
23 15 0
23 29 0
23 30 0
24 17 0
24 31 0
25 17 0
25 32 0
25 33 0
26 18 0
26 33 0
26 34 0
27 22 0
27 35 0
28 22 0
28 36 0
28 37 0
29 23 0
29 38 0
29 39 0
30 23 0
31 24 0
31 40 0
31 41 0
32 25 0
33 25 0
33 26 0
33 42 0
34 26 0
34 43 0
35 27 0
35 44 0
35 45 0
36 28 0
37 28 0
37 45 0
37 46 0
38 29 0
38 47 0
38 48 0
39 29 0
40 31 0
40 49 0
40 50 0
41 31 0
41 51 0
42 33 0
43 34 0
44 35 0
44 52 0
44 53 0
45 35 0
45 37 0
46 37 0
47 38 0
47 54 0
47 55 0
48 38 0
49 40 0
50 40 0
50 56 0
50 57 0
51 41 0
51 57 0
51 58 0
52 44 0
52 59 0
53 44 0
53 60 0
54 47 0
54 61 0
55 47 0
56 50 0
56 62 0
57 50 0
57 51 0
57 63 0
58 51 0
58 64 0
59 52 0
59 65 0
60 53 0
60 66 0
60 67 0
61 54 0
61 68 0
61 69 0
62 56 0
62 70 0
62 71 0
63 57 0
64 58 0
65 59 0
65 72 0
65 73 0
66 60 0
67 60 0
68 61 0
68 74 0
68 75 0
69 61 0
69 76 0
69 77 0
70 62 0
71 62 0
72 65 0
72 78 0
72 79 0
73 65 0
74 68 0
74 80 0
75 68 0
76 69 0
77 69 0
78 72 0
79 72 0
80 74 0
80 81 0
81 80 0
81 82 0
82 81 0
82 83 0
82 84 0
83 82 0
83 85 0
84 82 0
84 86 0
85 83 0
85 86 0
85 87 0
86 84 0
86 85 0
87 85 0
87 88 0
87 89 0
88 87 0
88 90 0
89 87 0
89 91 0
90 88 0
90 91 0
90 92 0
91 89 0
91 90 0
92 90 0
92 93 0
92 94 0
93 92 0
93 95 0
94 92 0
95 93 0
95 96 0
96 95 0
96 97 0
97 96 0
97 98 0
98 97 0
98 99 0
99 98 0
99 100 0
99 104 0
100 99 0
100 101 0
100 105 0
101 100 0
101 102 0
102 101 0
102 103 0
103 102 0
103 106 0
104 99 0
105 106 0
105 100 0
106 105 0
106 103 0
GraphDataEnd
GraphEnd
NodeEnd
NodeStart
EPTNodeID: 3
AnchorID: 30056
TreeNodeGraphID: 11
Level: 8
SimplifiedLevel: 0
EditOperation: 5 104 105 0 0
AccumulatedOpsCount: 3
AccumulatedOp: 5 103 104 0 0
AccumulatedOp: 0 102 0 2 3
AccumulatedOp: 5 104 105 0 0
ChildrenCount: 0
ChildIndices:
CompletedDBGraphIDsCount: 1
CompletedDBGraphID: 6949
GraphStart
GraphDataStart
ID: 11
NumNodes: 107
NumEdges: 222
NodeLabels
1 0 0 0 0 2 2 0 2 3 2 2 2 3 2 3 0 2 0 3 2 0 2 2 0 2 2 3 2 2 2 2 0 2 2 2 2 2 2 0 2 0 0 0 2 3 3 2 2 0 2 2 3 2 3 0 0 2 2 2 2 2 2 0 0 2 3 0 2 2 3 0 2 3 3 0 2 0 3 0 2 2 2 3 1 2 2 2 3 1 2 2 2 3 0 2 2 2 3 2 2 2 3 2 2 2 2 
Edges
0 1 0
0 2 0
0 3 0
0 4 0
1 0 0
2 0 0
3 0 0
4 0 0
5 6 0
5 7 0
5 8 0
6 5 0
6 9 0
6 10 0
7 5 0
7 11 0
8 5 0
8 12 0
8 13 0
9 6 0
9 14 0
10 6 0
10 15 0
10 16 0
11 7 0
11 17 0
11 18 0
12 8 0
12 19 0
13 8 0
13 20 0
14 9 0
14 21 0
14 22 0
15 10 0
15 23 0
16 10 0
17 11 0
17 24 0
17 25 0
18 11 0
18 26 0
19 12 0
19 20 0
20 13 0
20 19 0
21 14 0
22 14 0
22 27 0
22 28 0
23 15 0
23 29 0
23 30 0
24 17 0
24 31 0
25 17 0
25 32 0
25 33 0
26 18 0
26 33 0
26 34 0
27 22 0
27 35 0
28 22 0
28 36 0
28 37 0
29 23 0
29 38 0
29 39 0
30 23 0
31 24 0
31 40 0
31 41 0
32 25 0
33 25 0
33 26 0
33 42 0
34 26 0
34 43 0
35 27 0
35 44 0
35 45 0
36 28 0
37 28 0
37 45 0
37 46 0
38 29 0
38 47 0
38 48 0
39 29 0
40 31 0
40 49 0
40 50 0
41 31 0
41 51 0
42 33 0
43 34 0
44 35 0
44 52 0
44 53 0
45 35 0
45 37 0
46 37 0
47 38 0
47 54 0
47 55 0
48 38 0
49 40 0
50 40 0
50 56 0
50 57 0
51 41 0
51 57 0
51 58 0
52 44 0
52 59 0
53 44 0
53 60 0
54 47 0
54 61 0
55 47 0
56 50 0
56 62 0
57 50 0
57 51 0
57 63 0
58 51 0
58 64 0
59 52 0
59 65 0
60 53 0
60 66 0
60 67 0
61 54 0
61 68 0
61 69 0
62 56 0
62 70 0
62 71 0
63 57 0
64 58 0
65 59 0
65 72 0
65 73 0
66 60 0
67 60 0
68 61 0
68 74 0
68 75 0
69 61 0
69 76 0
69 77 0
70 62 0
71 62 0
72 65 0
72 78 0
72 79 0
73 65 0
74 68 0
74 80 0
75 68 0
76 69 0
77 69 0
78 72 0
79 72 0
80 74 0
80 81 0
81 80 0
81 82 0
82 81 0
82 83 0
82 84 0
83 82 0
83 85 0
84 82 0
84 86 0
85 83 0
85 86 0
85 87 0
86 84 0
86 85 0
87 85 0
87 88 0
87 89 0
88 87 0
88 90 0
89 87 0
89 91 0
90 88 0
90 91 0
90 92 0
91 89 0
91 90 0
92 90 0
92 93 0
92 94 0
93 92 0
93 95 0
94 92 0
95 93 0
95 96 0
96 95 0
96 97 0
97 96 0
97 98 0
98 97 0
98 99 0
99 98 0
99 100 0
100 99 0
100 101 0
101 100 0
101 102 0
102 101 0
102 103 0
103 102 0
103 104 0
104 103 0
104 105 0
105 106 0
105 104 0
106 105 0
GraphDataEnd
GraphEnd
NodeEnd
END_EPT
