BEGIN_EPT
AnchorID: 30845  # ID of the anchor node
RootIndex: 0  # Index of the root node in tree_nodes
NodeCount: 1  # Total number of nodes in the EPT
NodeStart
EPTNodeID: 0
AnchorID: 30845
TreeNodeGraphID: 0
Level: 0
SimplifiedLevel: 0
EditOperation: -1 0 -1 0 0
AccumulatedOpsCount: 0
ChildrenCount: 0
ChildIndices:
CompletedDBGraphIDsCount: 0
GraphStart
GraphDataStart
ID: 0
NumNodes: 75
NumEdges: 152
NodeLabels
3 2 2 2 2 2 0 3 2 2 0 2 0 3 2 2 2 2 0 3 2 0 3 0 3 2 2 2 0 2 3 2 2 2 2 2 2 2 0 0 2 3 2 2 2 2 2 2 0 3 2 2 2 2 2 2 0 3 2 2 2 2 2 2 0 3 2 2 0 3 2 2 2 0 3 
Edges
0 1 0
1 0 0
1 2 0
1 5 0
2 1 0
2 3 0
2 4 0
3 2 0
4 2 0
5 1 0
5 6 0
5 7 0
6 5 0
7 5 0
7 8 0
8 7 0
8 9 0
8 11 0
9 8 0
9 10 0
10 9 0
11 8 0
11 12 0
11 13 0
12 11 0
13 11 0
13 14 0
14 13 0
14 15 0
14 20 0
15 14 0
15 16 0
16 15 0
16 17 0
17 16 0
17 18 0
17 19 0
18 17 0
19 17 0
20 14 0
20 21 0
20 22 0
21 20 0
22 20 0
22 25 0
23 29 0
24 29 0
25 22 0
25 26 0
25 27 0
26 25 0
26 29 0
27 25 0
27 28 0
27 30 0
28 27 0
29 23 0
29 24 0
29 26 0
30 27 0
30 31 0
31 30 0
31 40 0
31 42 0
32 33 0
32 37 0
33 32 0
33 34 0
34 33 0
34 35 0
34 38 0
35 34 0
35 36 0
36 35 0
36 37 0
37 32 0
37 36 0
37 40 0
38 34 0
39 42 0
40 31 0
40 37 0
41 42 0
41 43 0
41 46 0
42 31 0
42 39 0
42 41 0
43 41 0
43 44 0
44 43 0
44 45 0
45 44 0
45 46 0
46 41 0
46 45 0
46 47 0
47 46 0
47 48 0
47 49 0
48 47 0
49 47 0
49 50 0
50 49 0
50 51 0
50 55 0
51 50 0
51 52 0
51 53 0
52 51 0
53 51 0
53 54 0
54 53 0
55 50 0
55 56 0
55 57 0
56 55 0
57 55 0
57 58 0
58 57 0
58 59 0
58 63 0
59 58 0
59 60 0
60 59 0
60 61 0
60 62 0
61 60 0
62 60 0
63 58 0
63 64 0
63 65 0
64 63 0
65 63 0
65 66 0
66 65 0
66 67 0
66 70 0
67 66 0
67 68 0
67 69 0
68 67 0
69 67 0
70 66 0
70 71 0
71 70 0
71 72 0
72 71 0
72 73 0
72 74 0
73 72 0
74 72 0
GraphDataEnd
GraphEnd
NodeEnd
END_EPT
