BEGIN_EPT
AnchorID: 9390  # ID of the anchor node
RootIndex: 0  # Index of the root node in tree_nodes
NodeCount: 1  # Total number of nodes in the EPT
NodeStart
EPTNodeID: 0
AnchorID: 9390
TreeNodeGraphID: 0
Level: 0
SimplifiedLevel: 0
EditOperation: -1 0 -1 0 0
AccumulatedOpsCount: 0
ChildrenCount: 0
ChildIndices:
CompletedDBGraphIDsCount: 0
GraphStart
GraphDataStart
ID: 0
NumNodes: 78
NumEdges: 156
NodeLabels
2 2 2 2 2 0 0 3 2 2 0 2 2 2 2 3 2 2 0 0 2 2 2 2 0 2 2 2 2 0 0 3 2 2 0 2 2 2 2 3 2 2 0 0 2 2 2 2 0 2 2 2 2 0 2 2 0 3 2 2 2 2 0 2 2 2 2 3 2 2 0 0 2 2 2 2 0 2 
Edges
0 1 0
0 2 0
0 3 0
1 0 0
2 0 0
3 0 0
3 4 0
3 5 0
4 3 0
4 6 0
4 7 0
5 3 0
5 8 0
6 4 0
7 4 0
7 9 0
8 5 0
8 10 0
8 11 0
9 7 0
9 12 0
9 13 0
10 8 0
11 8 0
11 14 0
11 15 0
12 9 0
12 16 0
12 17 0
13 9 0
13 18 0
13 19 0
14 11 0
14 20 0
14 21 0
15 11 0
15 22 0
16 12 0
17 12 0
18 13 0
19 13 0
19 23 0
20 14 0
21 14 0
22 15 0
22 24 0
22 25 0
23 19 0
23 26 0
23 27 0
24 22 0
25 22 0
25 28 0
25 29 0
26 23 0
27 23 0
27 30 0
27 31 0
28 25 0
29 25 0
29 32 0
30 27 0
31 27 0
31 33 0
32 29 0
32 34 0
32 35 0
33 31 0
33 36 0
33 37 0
34 32 0
35 32 0
35 38 0
35 39 0
36 33 0
36 40 0
36 41 0
37 33 0
37 42 0
37 43 0
38 35 0
38 44 0
38 45 0
39 35 0
39 46 0
40 36 0
41 36 0
42 37 0
43 37 0
43 47 0
44 38 0
45 38 0
46 39 0
46 48 0
46 49 0
47 43 0
47 50 0
47 51 0
48 46 0
49 46 0
49 52 0
49 53 0
50 47 0
50 54 0
50 55 0
51 47 0
51 56 0
51 57 0
52 49 0
52 58 0
52 59 0
53 49 0
53 60 0
54 50 0
55 50 0
56 51 0
57 51 0
57 61 0
58 52 0
59 52 0
60 53 0
60 62 0
60 63 0
61 57 0
61 64 0
61 65 0
62 60 0
63 60 0
63 66 0
63 67 0
64 61 0
64 68 0
64 69 0
65 61 0
65 70 0
65 71 0
66 63 0
66 72 0
66 73 0
67 63 0
67 74 0
68 64 0
69 64 0
70 65 0
71 65 0
71 75 0
72 66 0
73 66 0
74 67 0
74 75 0
74 76 0
75 71 0
75 74 0
75 77 0
76 74 0
77 75 0
GraphDataEnd
GraphEnd
NodeEnd
END_EPT
