BEGIN_EPT
AnchorID: 27924  # ID of the anchor node
RootIndex: 0  # Index of the root node in tree_nodes
NodeCount: 1  # Total number of nodes in the EPT
NodeStart
EPTNodeID: 0
AnchorID: 27924
TreeNodeGraphID: 0
Level: 0
SimplifiedLevel: 0
EditOperation: -1 0 -1 0 0
AccumulatedOpsCount: 0
ChildrenCount: 0
ChildIndices:
CompletedDBGraphIDsCount: 0
GraphStart
GraphDataStart
ID: 0
NumNodes: 100
NumEdges: 206
NodeLabels
0 2 2 2 2 2 0 2 2 0 2 2 2 2 0 2 0 2 2 2 2 2 2 2 2 0 3 2 3 2 2 0 2 2 2 2 0 2 0 2 2 2 2 2 2 2 2 0 3 2 3 2 2 0 2 2 2 2 0 2 0 2 2 2 2 2 2 2 2 0 3 2 3 2 2 0 2 2 2 2 0 2 0 2 2 2 2 2 2 2 2 0 3 2 3 3 3 3 3 0 
Edges
0 1 0
0 2 0
1 0 0
1 6 0
1 95 0
2 0 0
2 3 0
2 4 0
2 5 0
3 2 0
4 2 0
5 2 0
6 1 0
7 8 0
7 10 0
7 95 0
8 7 0
8 9 0
8 96 0
9 8 0
10 7 0
10 11 0
11 10 0
11 12 0
12 11 0
12 13 0
13 12 0
13 28 0
14 15 0
14 23 0
15 14 0
15 16 0
15 26 0
16 15 0
17 18 0
17 22 0
17 23 0
18 17 0
18 19 0
19 18 0
19 20 0
20 19 0
20 21 0
21 20 0
21 22 0
22 17 0
22 21 0
23 14 0
23 17 0
24 25 0
24 27 0
24 28 0
25 24 0
26 15 0
26 27 0
27 24 0
27 26 0
28 13 0
28 24 0
29 30 0
29 32 0
29 96 0
30 29 0
30 31 0
30 97 0
31 30 0
32 29 0
32 33 0
33 32 0
33 34 0
34 33 0
34 35 0
35 34 0
35 50 0
36 37 0
36 45 0
37 36 0
37 38 0
37 48 0
38 37 0
39 40 0
39 44 0
39 45 0
40 39 0
40 41 0
41 40 0
41 42 0
42 41 0
42 43 0
43 42 0
43 44 0
44 39 0
44 43 0
45 36 0
45 39 0
46 47 0
46 49 0
46 50 0
47 46 0
48 37 0
48 49 0
49 46 0
49 48 0
50 35 0
50 46 0
51 52 0
51 54 0
51 97 0
52 51 0
52 53 0
52 98 0
53 52 0
54 51 0
54 55 0
55 54 0
55 56 0
56 55 0
56 57 0
57 56 0
57 72 0
58 59 0
58 67 0
59 58 0
59 60 0
59 70 0
60 59 0
61 62 0
61 66 0
61 67 0
62 61 0
62 63 0
63 62 0
63 64 0
64 63 0
64 65 0
65 64 0
65 66 0
66 61 0
66 65 0
67 58 0
67 61 0
68 69 0
68 71 0
68 72 0
69 68 0
70 59 0
70 71 0
71 68 0
71 70 0
72 57 0
72 68 0
73 74 0
73 76 0
73 98 0
74 73 0
74 75 0
74 99 0
75 74 0
76 73 0
76 77 0
77 76 0
77 78 0
78 77 0
78 79 0
79 78 0
79 94 0
80 81 0
80 89 0
81 80 0
81 82 0
81 92 0
82 81 0
83 84 0
83 88 0
83 89 0
84 83 0
84 85 0
85 84 0
85 86 0
86 85 0
86 87 0
87 86 0
87 88 0
88 83 0
88 87 0
89 80 0
89 83 0
90 91 0
90 93 0
90 94 0
91 90 0
92 81 0
92 93 0
93 90 0
93 92 0
94 79 0
94 90 0
95 1 0
95 7 0
96 8 0
96 29 0
97 30 0
97 51 0
98 52 0
98 73 0
99 74 0
GraphDataEnd
GraphEnd
NodeEnd
END_EPT
