BEGIN_EPT
AnchorID: 18396  # ID of the anchor node
RootIndex: 0  # Index of the root node in tree_nodes
NodeCount: 1  # Total number of nodes in the EPT
NodeStart
EPTNodeID: 0
AnchorID: 18396
TreeNodeGraphID: 0
Level: 0
SimplifiedLevel: 0
EditOperation: -1 0 -1 0 0
AccumulatedOpsCount: 0
ChildrenCount: 0
ChildIndices:
CompletedDBGraphIDsCount: 0
GraphStart
GraphDataStart
ID: 0
NumNodes: 74
NumEdges: 146
NodeLabels
2 2 2 2 3 2 0 3 2 2 2 2 2 0 3 2 2 2 2 3 2 3 3 2 0 3 2 2 2 3 0 2 2 0 3 2 2 2 2 2 0 3 2 2 2 2 2 3 2 0 3 2 2 2 0 3 2 2 2 3 2 2 2 0 3 2 2 2 0 0 0 2 2 2 
Edges
0 1 0
1 0 0
1 2 0
1 3 0
2 1 0
3 1 0
3 4 0
3 5 0
4 3 0
5 3 0
5 6 0
5 7 0
6 5 0
7 5 0
7 8 0
8 7 0
8 9 0
8 12 0
9 8 0
9 10 0
9 11 0
10 9 0
11 9 0
12 8 0
12 13 0
12 14 0
13 12 0
14 12 0
14 15 0
15 14 0
15 16 0
15 23 0
16 15 0
16 17 0
17 16 0
17 18 0
18 17 0
18 19 0
19 18 0
19 20 0
20 19 0
20 21 0
20 22 0
21 20 0
22 20 0
23 15 0
23 24 0
23 25 0
24 23 0
25 23 0
25 26 0
26 25 0
26 27 0
26 28 0
27 26 0
28 26 0
28 29 0
28 30 0
29 28 0
29 31 0
30 28 0
31 29 0
31 32 0
32 31 0
32 33 0
32 34 0
33 32 0
34 32 0
34 35 0
35 34 0
35 36 0
35 39 0
36 35 0
36 37 0
36 38 0
37 36 0
38 36 0
39 35 0
39 40 0
39 41 0
40 39 0
41 39 0
41 42 0
42 41 0
42 43 0
42 48 0
43 42 0
43 44 0
44 43 0
44 45 0
45 44 0
45 46 0
46 45 0
46 47 0
47 46 0
48 42 0
48 49 0
48 50 0
49 48 0
50 48 0
50 51 0
51 50 0
51 52 0
51 53 0
52 51 0
52 56 0
53 51 0
53 54 0
53 55 0
54 53 0
55 53 0
55 60 0
56 52 0
56 57 0
57 56 0
57 58 0
58 57 0
58 59 0
59 58 0
60 55 0
60 61 0
60 62 0
61 60 0
61 70 0
62 60 0
62 63 0
62 64 0
63 62 0
64 62 0
64 65 0
65 64 0
65 66 0
65 67 0
66 65 0
66 71 0
67 65 0
67 68 0
67 69 0
68 67 0
69 67 0
70 61 0
71 66 0
71 72 0
71 73 0
72 71 0
73 71 0
GraphDataEnd
GraphEnd
NodeEnd
END_EPT
