BEGIN_EPT
AnchorID: 10906  # ID of the anchor node
RootIndex: 0  # Index of the root node in tree_nodes
NodeCount: 1  # Total number of nodes in the EPT
NodeStart
EPTNodeID: 0
AnchorID: 10906
TreeNodeGraphID: 0
Level: 0
SimplifiedLevel: 0
EditOperation: -1 0 -1 0 0
AccumulatedOpsCount: 0
ChildrenCount: 0
ChildIndices:
CompletedDBGraphIDsCount: 0
GraphStart
GraphDataStart
ID: 0
NumNodes: 107
NumEdges: 226
NodeLabels
2 2 0 2 3 2 2 2 3 2 3 0 2 0 3 2 0 2 2 0 2 2 3 2 2 2 2 0 2 2 2 2 2 2 0 2 0 0 0 2 3 3 2 0 2 2 3 2 3 0 0 2 2 2 2 2 2 0 0 2 3 0 2 2 3 0 2 3 3 0 2 0 3 0 2 2 0 0 2 2 3 1 2 0 2 2 0 2 2 2 0 2 2 3 1 3 2 2 2 3 0 2 2 2 1 2 2 
Edges
0 1 0
0 2 0
0 3 0
1 0 0
1 4 0
1 5 0
2 0 0
2 6 0
3 0 0
3 7 0
3 8 0
4 1 0
4 9 0
5 1 0
5 10 0
5 11 0
6 2 0
6 12 0
6 13 0
7 3 0
7 14 0
8 3 0
8 15 0
9 4 0
9 16 0
9 17 0
10 5 0
10 18 0
11 5 0
12 6 0
12 19 0
12 20 0
13 6 0
13 21 0
14 7 0
14 15 0
15 8 0
15 14 0
16 9 0
17 9 0
17 22 0
17 23 0
18 10 0
18 24 0
18 25 0
19 12 0
19 26 0
20 12 0
20 27 0
20 28 0
21 13 0
21 28 0
21 29 0
22 17 0
22 30 0
23 17 0
23 31 0
23 32 0
24 18 0
24 33 0
24 34 0
25 18 0
26 19 0
26 35 0
26 36 0
27 20 0
28 20 0
28 21 0
28 37 0
29 21 0
29 38 0
30 22 0
30 39 0
30 40 0
31 23 0
32 23 0
32 40 0
32 41 0
33 24 0
33 42 0
34 24 0
35 26 0
35 43 0
35 44 0
36 26 0
36 45 0
37 28 0
38 29 0
39 30 0
39 46 0
39 47 0
40 30 0
40 32 0
41 32 0
42 33 0
42 48 0
42 49 0
43 35 0
44 35 0
44 50 0
44 51 0
45 36 0
45 51 0
45 52 0
46 39 0
46 53 0
47 39 0
47 54 0
48 42 0
48 55 0
49 42 0
50 44 0
50 56 0
51 44 0
51 45 0
51 57 0
52 45 0
52 58 0
53 46 0
53 59 0
54 47 0
54 60 0
54 61 0
55 48 0
55 62 0
55 63 0
56 50 0
56 64 0
56 65 0
57 51 0
58 52 0
59 53 0
59 66 0
59 67 0
60 54 0
61 54 0
62 55 0
62 68 0
62 69 0
63 55 0
63 70 0
63 71 0
64 56 0
65 56 0
66 59 0
66 72 0
66 73 0
67 59 0
68 62 0
68 74 0
69 62 0
70 63 0
71 63 0
72 66 0
73 66 0
74 68 0
74 75 0
74 76 0
75 74 0
75 77 0
75 78 0
76 74 0
76 79 0
77 75 0
78 75 0
78 80 0
78 81 0
79 76 0
79 82 0
79 83 0
80 78 0
80 84 0
81 78 0
81 85 0
82 79 0
82 86 0
82 87 0
83 79 0
83 88 0
84 80 0
84 85 0
84 89 0
85 81 0
85 84 0
86 82 0
87 82 0
87 90 0
87 91 0
88 83 0
88 91 0
88 92 0
89 84 0
89 93 0
89 94 0
90 87 0
91 87 0
91 88 0
91 95 0
92 88 0
93 89 0
93 96 0
94 89 0
94 97 0
95 91 0
96 93 0
96 97 0
96 98 0
97 94 0
97 96 0
98 96 0
98 99 0
98 100 0
99 98 0
99 101 0
100 98 0
101 99 0
101 102 0
102 101 0
102 103 0
103 102 0
103 104 0
104 103 0
104 105 0
104 106 0
105 104 0
106 104 0
GraphDataEnd
GraphEnd
NodeEnd
END_EPT
