BEGIN_EPT
AnchorID: 5016  # ID of the anchor node
RootIndex: 0  # Index of the root node in tree_nodes
NodeCount: 1  # Total number of nodes in the EPT
NodeStart
EPTNodeID: 0
AnchorID: 5016
TreeNodeGraphID: 0
Level: 0
SimplifiedLevel: 0
EditOperation: -1 0 -1 0 0
AccumulatedOpsCount: 0
ChildrenCount: 0
ChildIndices:
CompletedDBGraphIDsCount: 0
GraphStart
GraphDataStart
ID: 0
NumNodes: 77
NumEdges: 164
NodeLabels
2 2 2 2 2 2 2 0 2 2 2 2 2 2 2 0 2 2 2 2 2 2 2 0 2 0 2 0 2 2 2 2 2 2 2 0 2 2 2 2 2 2 2 2 2 2 2 2 2 2 2 2 2 2 3 3 3 3 3 3 31 1 0 0 0 1 0 0 0 1 0 0 0 1 0 0 0 
Edges
0 1 0
0 5 0
0 6 0
1 0 0
1 2 0
2 1 0
2 3 0
3 2 0
3 4 0
4 3 0
4 5 0
4 14 0
5 0 0
5 4 0
6 0 0
6 7 0
6 55 0
7 6 0
8 9 0
8 13 0
8 55 0
9 8 0
9 10 0
10 9 0
10 11 0
10 22 0
11 10 0
11 12 0
12 11 0
12 13 0
12 26 0
13 8 0
13 12 0
14 4 0
14 15 0
14 56 0
15 14 0
16 17 0
16 21 0
16 56 0
17 16 0
17 18 0
18 17 0
18 19 0
18 34 0
19 18 0
19 20 0
20 19 0
20 21 0
20 24 0
21 16 0
21 20 0
22 10 0
22 23 0
22 57 0
23 22 0
24 20 0
24 25 0
24 58 0
25 24 0
26 12 0
26 27 0
26 54 0
27 26 0
28 29 0
28 33 0
28 54 0
29 28 0
29 30 0
30 29 0
30 31 0
31 30 0
31 32 0
32 31 0
32 33 0
32 69 0
33 28 0
33 32 0
34 18 0
34 35 0
34 59 0
35 34 0
36 37 0
36 41 0
36 59 0
37 36 0
37 38 0
38 37 0
38 39 0
38 65 0
39 38 0
39 40 0
40 39 0
40 41 0
41 36 0
41 40 0
42 43 0
42 47 0
42 57 0
43 42 0
43 44 0
44 43 0
44 45 0
45 44 0
45 46 0
46 45 0
46 47 0
46 73 0
47 42 0
47 46 0
48 49 0
48 53 0
48 58 0
49 48 0
49 50 0
50 49 0
50 51 0
50 61 0
51 50 0
51 52 0
52 51 0
52 53 0
53 48 0
53 52 0
54 26 0
54 28 0
55 6 0
55 8 0
56 14 0
56 16 0
57 22 0
57 42 0
58 24 0
58 48 0
59 34 0
59 36 0
61 50 0
61 62 0
61 63 0
61 64 0
62 61 0
63 61 0
64 61 0
65 38 0
65 66 0
65 67 0
65 68 0
66 65 0
67 65 0
68 65 0
69 32 0
69 70 0
69 71 0
69 72 0
70 69 0
71 69 0
72 69 0
73 46 0
73 74 0
73 75 0
73 76 0
74 73 0
75 73 0
76 73 0
GraphDataEnd
GraphEnd
NodeEnd
END_EPT
