BEGIN_EPT
AnchorID: 40004  # ID of the anchor node
RootIndex: 0  # Index of the root node in tree_nodes
NodeCount: 1  # Total number of nodes in the EPT
NodeStart
EPTNodeID: 0
AnchorID: 40004
TreeNodeGraphID: 0
Level: 0
SimplifiedLevel: 0
EditOperation: -1 0 -1 0 0
AccumulatedOpsCount: 0
ChildrenCount: 0
ChildIndices:
CompletedDBGraphIDsCount: 0
GraphStart
GraphDataStart
ID: 0
NumNodes: 83
NumEdges: 176
NodeLabels
2 2 0 2 2 2 2 2 2 2 2 2 0 2 2 2 2 2 2 2 2 2 2 2 0 2 2 2 2 2 2 0 2 0 2 3 3 3 3 3 2 0 0 3 2 2 2 2 2 2 2 0 2 2 2 2 2 2 2 3 2 0 0 2 2 2 2 2 2 2 2 2 3 2 0 0 2 2 2 2 2 2 2 
Edges
0 1 0
0 3 0
0 39 0
1 0 0
1 2 0
1 38 0
2 1 0
3 0 0
3 4 0
4 3 0
4 5 0
4 9 0
5 4 0
5 6 0
6 5 0
6 7 0
7 6 0
7 8 0
8 7 0
8 9 0
9 4 0
9 8 0
10 11 0
10 21 0
10 38 0
11 10 0
11 12 0
11 37 0
12 11 0
13 14 0
13 18 0
14 13 0
14 15 0
15 14 0
15 16 0
15 19 0
16 15 0
16 17 0
16 72 0
17 16 0
17 18 0
18 13 0
18 17 0
19 15 0
19 20 0
19 21 0
20 19 0
20 72 0
21 10 0
21 19 0
22 23 0
22 25 0
22 37 0
23 22 0
23 24 0
23 36 0
24 23 0
25 22 0
25 26 0
26 25 0
26 27 0
27 26 0
27 28 0
28 27 0
28 43 0
29 30 0
29 32 0
29 36 0
30 29 0
30 31 0
30 35 0
31 30 0
32 29 0
32 33 0
32 34 0
33 32 0
33 64 0
34 32 0
35 30 0
35 49 0
36 23 0
36 29 0
37 11 0
37 22 0
38 1 0
38 10 0
39 0 0
39 73 0
40 41 0
40 42 0
40 43 0
41 40 0
42 40 0
42 68 0
43 28 0
43 40 0
44 45 0
44 48 0
45 44 0
45 46 0
46 45 0
46 47 0
47 46 0
47 48 0
47 59 0
47 60 0
48 44 0
48 47 0
49 35 0
49 50 0
49 52 0
50 49 0
50 51 0
50 59 0
51 50 0
52 49 0
52 53 0
53 52 0
53 54 0
53 58 0
54 53 0
54 55 0
55 54 0
55 56 0
56 55 0
56 57 0
57 56 0
57 58 0
58 53 0
58 57 0
59 47 0
59 50 0
60 47 0
60 61 0
60 62 0
61 60 0
62 60 0
62 63 0
63 62 0
64 33 0
64 65 0
64 66 0
64 67 0
65 64 0
66 64 0
67 64 0
68 42 0
68 69 0
68 70 0
68 71 0
69 68 0
70 68 0
71 68 0
72 16 0
72 20 0
73 39 0
73 74 0
73 75 0
74 73 0
75 73 0
75 76 0
76 75 0
76 77 0
77 76 0
77 78 0
77 82 0
78 77 0
78 79 0
79 78 0
79 80 0
80 79 0
80 81 0
81 80 0
81 82 0
82 77 0
82 81 0
GraphDataEnd
GraphEnd
NodeEnd
END_EPT
