BEGIN_EPT
AnchorID: 31623  # ID of the anchor node
RootIndex: 0  # Index of the root node in tree_nodes
NodeCount: 1  # Total number of nodes in the EPT
NodeStart
EPTNodeID: 0
AnchorID: 31623
TreeNodeGraphID: 0
Level: 0
SimplifiedLevel: 0
EditOperation: -1 0 -1 0 0
AccumulatedOpsCount: 0
ChildrenCount: 0
ChildIndices:
CompletedDBGraphIDsCount: 0
GraphStart
GraphDataStart
ID: 0
NumNodes: 69
NumEdges: 146
NodeLabels
2 2 2 2 2 2 2 2 2 3 1 0 0 0 0 3 3 2 2 2 2 2 2 1 0 0 0 2 2 2 2 2 2 2 2 2 3 1 0 0 0 0 3 3 2 2 2 2 2 2 1 0 0 0 2 2 2 3 2 2 2 2 2 2 2 2 2 2 2 
Edges
0 1 0
0 5 0
0 6 0
1 0 0
1 2 0
1 10 0
2 1 0
2 3 0
3 2 0
3 4 0
3 15 0
4 3 0
4 5 0
4 14 0
5 0 0
5 4 0
5 9 0
6 0 0
6 7 0
7 6 0
7 8 0
8 7 0
8 9 0
9 5 0
9 8 0
10 1 0
10 11 0
10 12 0
10 13 0
11 10 0
12 10 0
13 10 0
14 4 0
15 3 0
15 16 0
16 15 0
16 17 0
17 16 0
17 18 0
17 22 0
18 17 0
18 19 0
19 18 0
19 20 0
19 23 0
20 19 0
20 21 0
20 54 0
21 20 0
21 22 0
22 17 0
22 21 0
23 19 0
23 24 0
23 25 0
23 26 0
24 23 0
25 23 0
26 23 0
27 28 0
27 32 0
27 33 0
28 27 0
28 29 0
28 37 0
29 28 0
29 30 0
30 29 0
30 31 0
30 42 0
31 30 0
31 32 0
31 41 0
32 27 0
32 31 0
32 36 0
33 27 0
33 34 0
34 33 0
34 35 0
35 34 0
35 36 0
36 32 0
36 35 0
37 28 0
37 38 0
37 39 0
37 40 0
38 37 0
39 37 0
40 37 0
41 31 0
42 30 0
42 43 0
43 42 0
43 44 0
44 43 0
44 45 0
44 49 0
45 44 0
45 46 0
46 45 0
46 47 0
46 50 0
47 46 0
47 48 0
47 55 0
48 47 0
48 49 0
49 44 0
49 48 0
50 46 0
50 51 0
50 52 0
50 53 0
51 50 0
52 50 0
53 50 0
54 20 0
54 55 0
55 47 0
55 54 0
56 57 0
56 65 0
57 56 0
57 58 0
57 59 0
57 60 0
58 57 0
58 63 0
59 57 0
59 61 0
60 57 0
60 67 0
61 59 0
61 62 0
62 61 0
63 58 0
63 64 0
64 63 0
65 56 0
65 66 0
66 65 0
67 60 0
67 68 0
68 67 0
GraphDataEnd
GraphEnd
NodeEnd
END_EPT
