BEGIN_EPT
AnchorID: 19212  # ID of the anchor node
RootIndex: 0  # Index of the root node in tree_nodes
NodeCount: 1  # Total number of nodes in the EPT
NodeStart
EPTNodeID: 0
AnchorID: 19212
TreeNodeGraphID: 0
Level: 0
SimplifiedLevel: 0
EditOperation: -1 0 -1 0 0
AccumulatedOpsCount: 0
ChildrenCount: 0
ChildIndices:
CompletedDBGraphIDsCount: 0
GraphStart
GraphDataStart
ID: 0
NumNodes: 95
NumEdges: 206
NodeLabels
2 2 3 2 2 3 2 2 3 0 2 2 3 2 2 2 0 3 2 2 2 3 2 2 2 0 3 2 2 2 2 2 2 2 2 2 2 1 0 0 0 1 0 0 0 2 3 2 2 2 3 2 2 2 3 2 2 3 2 2 2 2 0 3 0 0 2 2 3 2 2 2 2 0 3 2 2 2 2 2 2 2 2 2 2 1 0 0 0 1 0 0 0 31 2 
Edges
0 1 0
0 4 0
1 0 0
1 2 0
1 7 0
2 1 0
2 3 0
2 45 0
3 2 0
3 4 0
4 0 0
4 3 0
4 5 0
5 4 0
5 6 0
6 5 0
6 46 0
6 65 0
7 1 0
7 8 0
7 9 0
8 7 0
8 10 0
9 7 0
10 8 0
10 11 0
10 14 0
11 10 0
11 12 0
12 11 0
12 13 0
12 94 0
13 12 0
13 14 0
13 15 0
14 10 0
14 13 0
15 13 0
15 16 0
15 17 0
16 15 0
17 15 0
17 18 0
18 17 0
18 19 0
18 22 0
19 18 0
19 20 0
20 19 0
20 21 0
20 24 0
21 20 0
21 22 0
21 23 0
22 18 0
22 21 0
23 21 0
24 20 0
24 25 0
24 26 0
25 24 0
26 24 0
26 27 0
27 26 0
27 28 0
27 32 0
28 27 0
28 29 0
29 28 0
29 30 0
29 36 0
30 29 0
30 31 0
30 33 0
31 30 0
31 32 0
32 27 0
32 31 0
33 30 0
33 34 0
34 33 0
34 35 0
34 41 0
35 34 0
35 36 0
36 29 0
36 35 0
36 37 0
37 36 0
37 38 0
37 39 0
37 40 0
38 37 0
39 37 0
40 37 0
41 34 0
41 42 0
41 43 0
41 44 0
42 41 0
43 41 0
44 41 0
45 2 0
46 6 0
46 48 0
47 48 0
47 51 0
48 46 0
48 47 0
48 49 0
49 48 0
49 50 0
50 49 0
50 51 0
50 52 0
51 47 0
51 50 0
51 53 0
52 50 0
53 51 0
53 54 0
53 64 0
54 53 0
54 55 0
55 54 0
55 56 0
55 59 0
56 55 0
56 57 0
57 56 0
57 58 0
57 60 0
58 57 0
58 59 0
58 61 0
59 55 0
59 58 0
60 57 0
61 58 0
61 62 0
61 63 0
62 61 0
63 61 0
63 66 0
64 53 0
65 6 0
66 63 0
66 67 0
66 70 0
67 66 0
67 68 0
68 67 0
68 69 0
68 71 0
69 68 0
69 70 0
69 72 0
70 66 0
70 69 0
71 68 0
72 69 0
72 73 0
72 74 0
73 72 0
74 72 0
74 75 0
75 74 0
75 76 0
75 80 0
76 75 0
76 77 0
77 76 0
77 78 0
77 84 0
78 77 0
78 79 0
78 81 0
79 78 0
79 80 0
80 75 0
80 79 0
81 78 0
81 82 0
82 81 0
82 83 0
82 89 0
83 82 0
83 84 0
84 77 0
84 83 0
84 85 0
85 84 0
85 86 0
85 87 0
85 88 0
86 85 0
87 85 0
88 85 0
89 82 0
89 90 0
89 91 0
89 92 0
90 89 0
91 89 0
92 89 0
94 12 0
GraphDataEnd
GraphEnd
NodeEnd
END_EPT
