BEGIN_EPT
AnchorID: 36135  # ID of the anchor node
RootIndex: 0  # Index of the root node in tree_nodes
NodeCount: 1  # Total number of nodes in the EPT
NodeStart
EPTNodeID: 0
AnchorID: 36135
TreeNodeGraphID: 0
Level: 0
SimplifiedLevel: 0
EditOperation: -1 0 -1 0 0
AccumulatedOpsCount: 0
ChildrenCount: 0
ChildIndices:
CompletedDBGraphIDsCount: 0
GraphStart
GraphDataStart
ID: 0
NumNodes: 71
NumEdges: 154
NodeLabels
2 2 2 2 3 2 2 2 2 2 2 2 2 2 2 2 3 0 2 2 2 2 2 2 3 3 2 2 2 2 2 2 2 3 2 2 2 2 2 2 2 2 2 2 2 2 2 2 2 2 3 3 2 2 2 2 2 12 12 12 2 0 0 2 0 2 3 3 0 2 3 
Edges
0 1 0
0 5 0
0 6 0
1 0 0
1 2 0
1 9 0
2 1 0
2 3 0
3 2 0
3 4 0
4 3 0
4 5 0
5 0 0
5 4 0
5 25 0
6 0 0
6 7 0
6 19 0
7 6 0
7 8 0
7 10 0
8 7 0
8 9 0
8 16 0
9 1 0
9 8 0
9 20 0
10 7 0
10 11 0
10 12 0
11 10 0
11 15 0
11 16 0
12 10 0
12 13 0
13 12 0
13 14 0
13 17 0
14 13 0
14 15 0
15 11 0
15 14 0
16 8 0
16 11 0
17 13 0
17 18 0
18 17 0
19 6 0
20 9 0
21 22 0
21 25 0
22 21 0
22 23 0
23 22 0
23 24 0
24 23 0
24 26 0
24 27 0
25 5 0
25 21 0
26 24 0
26 28 0
27 24 0
28 26 0
28 63 0
29 30 0
29 34 0
29 35 0
30 29 0
30 31 0
30 38 0
31 30 0
31 32 0
32 31 0
32 33 0
33 32 0
33 34 0
34 29 0
34 33 0
34 51 0
35 29 0
35 36 0
35 45 0
36 35 0
36 37 0
36 39 0
37 36 0
37 38 0
37 70 0
38 30 0
38 37 0
38 46 0
39 36 0
39 40 0
39 41 0
40 39 0
40 44 0
40 70 0
41 39 0
41 42 0
42 41 0
42 43 0
42 68 0
43 42 0
43 44 0
44 40 0
44 43 0
45 35 0
46 38 0
47 48 0
47 51 0
48 47 0
48 49 0
49 48 0
49 50 0
50 49 0
50 52 0
50 53 0
51 34 0
51 47 0
52 50 0
52 54 0
53 50 0
54 52 0
54 55 0
55 54 0
55 67 0
56 57 0
56 58 0
56 59 0
56 60 0
57 56 0
58 56 0
59 56 0
60 56 0
60 61 0
60 62 0
61 60 0
62 60 0
63 28 0
63 66 0
64 65 0
65 64 0
65 66 0
65 67 0
66 63 0
66 65 0
67 55 0
67 65 0
68 42 0
68 69 0
69 68 0
70 37 0
70 40 0
GraphDataEnd
GraphEnd
NodeEnd
END_EPT
