BEGIN_EPT
AnchorID: 5174  # ID of the anchor node
RootIndex: 0  # Index of the root node in tree_nodes
NodeCount: 1  # Total number of nodes in the EPT
NodeStart
EPTNodeID: 0
AnchorID: 5174
TreeNodeGraphID: 0
Level: 0
SimplifiedLevel: 0
EditOperation: -1 0 -1 0 0
AccumulatedOpsCount: 0
ChildrenCount: 0
ChildIndices:
CompletedDBGraphIDsCount: 0
GraphStart
GraphDataStart
ID: 0
NumNodes: 68
NumEdges: 142
NodeLabels
4 40 11 11 11 11 4 4 2 2 2 2 2 2 2 2 2 2 2 2 2 2 2 2 2 2 2 2 2 2 2 2 2 2 2 2 2 2 2 2 2 2 2 2 2 2 2 2 2 2 2 2 11 2 2 2 2 2 2 2 2 2 2 2 2 2 2 11 
Edges
2 37 0
2 38 0
2 44 0
3 8 0
3 14 0
3 20 0
4 29 0
4 36 0
4 65 0
5 21 0
5 28 0
5 50 0
8 3 0
8 9 0
8 13 0
9 8 0
9 10 0
10 9 0
10 11 0
11 10 0
11 12 0
12 11 0
12 13 0
13 8 0
13 12 0
14 3 0
14 15 0
14 19 0
15 14 0
15 16 0
16 15 0
16 17 0
17 16 0
17 18 0
18 17 0
18 19 0
19 14 0
19 18 0
20 3 0
20 21 0
21 5 0
21 20 0
22 23 0
22 27 0
22 52 0
23 22 0
23 24 0
24 23 0
24 25 0
25 24 0
25 26 0
26 25 0
26 27 0
27 22 0
27 26 0
28 5 0
28 29 0
29 4 0
29 28 0
30 31 0
30 35 0
31 30 0
31 32 0
32 31 0
32 33 0
32 52 0
33 32 0
33 34 0
34 33 0
34 35 0
35 30 0
35 34 0
36 4 0
36 37 0
37 2 0
37 36 0
38 2 0
38 39 0
38 43 0
39 38 0
39 40 0
40 39 0
40 41 0
41 40 0
41 42 0
42 41 0
42 43 0
43 38 0
43 42 0
44 2 0
44 45 0
44 49 0
45 44 0
45 46 0
46 45 0
46 47 0
47 46 0
47 48 0
48 47 0
48 49 0
49 44 0
49 48 0
50 5 0
50 51 0
51 50 0
51 52 0
52 22 0
52 32 0
52 51 0
53 54 0
53 58 0
53 67 0
54 53 0
54 55 0
55 54 0
55 56 0
56 55 0
56 57 0
57 56 0
57 58 0
58 53 0
58 57 0
59 60 0
59 64 0
60 59 0
60 61 0
61 60 0
61 62 0
61 67 0
62 61 0
62 63 0
63 62 0
63 64 0
64 59 0
64 63 0
65 4 0
65 66 0
66 65 0
66 67 0
67 53 0
67 61 0
67 66 0
GraphDataEnd
GraphEnd
NodeEnd
END_EPT
