BEGIN_EPT
AnchorID: 5611  # ID of the anchor node
RootIndex: 0  # Index of the root node in tree_nodes
NodeCount: 13  # Total number of nodes in the EPT
NodeStart
EPTNodeID: 0
AnchorID: 5611
TreeNodeGraphID: 0
Level: 0
SimplifiedLevel: 0
EditOperation: -1 0 -1 0 0
AccumulatedOpsCount: 0
ChildrenCount: 3
ChildIndices: 1 10 12
CompletedDBGraphIDsCount: 0
GraphStart
GraphDataStart
ID: 0
NumNodes: 65
NumEdges: 140
NodeLabels
2 0 2 2 2 2 2 0 0 3 2 0 2 2 2 2 2 2 2 2 0 0 2 0 3 2 2 2 2 2 2 0 2 3 2 2 0 2 2 2 2 2 3 2 2 2 2 2 2 2 2 2 2 3 0 0 0 2 3 2 2 2 3 3 3 
Edges
0 1 0
0 5 0
0 8 0
1 0 0
1 2 0
2 1 0
2 3 0
2 6 0
3 2 0
3 4 0
3 21 0
4 3 0
4 5 0
4 7 0
5 0 0
5 4 0
5 9 0
6 2 0
6 20 0
7 4 0
7 22 0
8 0 0
8 13 0
9 5 0
9 10 0
10 9 0
10 11 0
10 12 0
11 10 0
12 10 0
13 8 0
13 14 0
14 13 0
14 15 0
14 19 0
15 14 0
15 16 0
16 15 0
16 17 0
17 16 0
17 18 0
18 17 0
18 19 0
19 14 0
19 18 0
20 6 0
21 3 0
22 7 0
22 28 0
23 28 0
24 25 0
24 28 0
24 29 0
25 24 0
25 26 0
26 25 0
26 27 0
27 26 0
27 29 0
28 22 0
28 23 0
28 24 0
29 24 0
29 27 0
29 30 0
30 29 0
30 31 0
30 33 0
31 30 0
32 33 0
32 34 0
32 35 0
33 30 0
33 32 0
34 32 0
34 37 0
35 32 0
35 36 0
35 63 0
36 35 0
37 34 0
37 38 0
38 37 0
38 56 0
38 58 0
39 40 0
39 44 0
39 62 0
40 39 0
40 41 0
40 45 0
41 40 0
41 42 0
41 48 0
42 41 0
42 43 0
43 42 0
43 44 0
43 49 0
44 39 0
44 43 0
44 52 0
45 40 0
45 46 0
46 45 0
46 47 0
47 46 0
47 48 0
48 41 0
48 47 0
49 43 0
49 50 0
50 49 0
50 51 0
51 50 0
51 52 0
52 44 0
52 51 0
52 53 0
53 52 0
53 54 0
53 55 0
54 53 0
55 53 0
56 38 0
57 58 0
57 59 0
58 38 0
58 57 0
59 57 0
59 64 0
60 61 0
60 64 0
61 60 0
61 62 0
62 39 0
62 61 0
63 35 0
64 59 0
64 60 0
GraphDataEnd
GraphEnd
NodeEnd
NodeStart
EPTNodeID: 1
AnchorID: 5611
TreeNodeGraphID: 1
Level: 1
SimplifiedLevel: 0
EditOperation: 4 24 25 0 0
AccumulatedOpsCount: 1
AccumulatedOp: 4 24 25 0 0
ChildrenCount: 2
ChildIndices: 2 9
CompletedDBGraphIDsCount: 0
GraphStart
GraphDataStart
ID: 1
NumNodes: 65
NumEdges: 138
NodeLabels
2 0 2 2 2 2 2 0 0 3 2 0 2 2 2 2 2 2 2 2 0 0 2 0 3 2 2 2 2 2 2 0 2 3 2 2 0 2 2 2 2 2 3 2 2 2 2 2 2 2 2 2 2 3 0 0 0 2 3 2 2 2 3 3 3 
Edges
0 1 0
0 5 0
0 8 0
1 0 0
1 2 0
2 1 0
2 3 0
2 6 0
3 2 0
3 4 0
3 21 0
4 3 0
4 5 0
4 7 0
5 0 0
5 4 0
5 9 0
6 2 0
6 20 0
7 4 0
7 22 0
8 0 0
8 13 0
9 5 0
9 10 0
10 9 0
10 11 0
10 12 0
11 10 0
12 10 0
13 8 0
13 14 0
14 13 0
14 15 0
14 19 0
15 14 0
15 16 0
16 15 0
16 17 0
17 16 0
17 18 0
18 17 0
18 19 0
19 14 0
19 18 0
20 6 0
21 3 0
22 7 0
22 28 0
23 28 0
24 28 0
24 29 0
25 26 0
26 25 0
26 27 0
27 26 0
27 29 0
28 22 0
28 23 0
28 24 0
29 24 0
29 27 0
29 30 0
30 29 0
30 31 0
30 33 0
31 30 0
32 33 0
32 34 0
32 35 0
33 30 0
33 32 0
34 32 0
34 37 0
35 32 0
35 36 0
35 63 0
36 35 0
37 34 0
37 38 0
38 37 0
38 56 0
38 58 0
39 40 0
39 44 0
39 62 0
40 39 0
40 41 0
40 45 0
41 40 0
41 42 0
41 48 0
42 41 0
42 43 0
43 42 0
43 44 0
43 49 0
44 39 0
44 43 0
44 52 0
45 40 0
45 46 0
46 45 0
46 47 0
47 46 0
47 48 0
48 41 0
48 47 0
49 43 0
49 50 0
50 49 0
50 51 0
51 50 0
51 52 0
52 44 0
52 51 0
52 53 0
53 52 0
53 54 0
53 55 0
54 53 0
55 53 0
56 38 0
57 58 0
57 59 0
58 38 0
58 57 0
59 57 0
59 64 0
60 61 0
60 64 0
61 60 0
61 62 0
62 39 0
62 61 0
63 35 0
64 59 0
64 60 0
GraphDataEnd
GraphEnd
NodeEnd
NodeStart
EPTNodeID: 2
AnchorID: 5611
TreeNodeGraphID: 2
Level: 2
SimplifiedLevel: 0
EditOperation: 4 25 26 0 0
AccumulatedOpsCount: 1
AccumulatedOp: 4 25 26 0 0
ChildrenCount: 2
ChildIndices: 3 8
CompletedDBGraphIDsCount: 0
GraphStart
GraphDataStart
ID: 2
NumNodes: 65
NumEdges: 136
NodeLabels
2 0 2 2 2 2 2 0 0 3 2 0 2 2 2 2 2 2 2 2 0 0 2 0 3 2 2 2 2 2 2 0 2 3 2 2 0 2 2 2 2 2 3 2 2 2 2 2 2 2 2 2 2 3 0 0 0 2 3 2 2 2 3 3 3 
Edges
0 1 0
0 5 0
0 8 0
1 0 0
1 2 0
2 1 0
2 3 0
2 6 0
3 2 0
3 4 0
3 21 0
4 3 0
4 5 0
4 7 0
5 0 0
5 4 0
5 9 0
6 2 0
6 20 0
7 4 0
7 22 0
8 0 0
8 13 0
9 5 0
9 10 0
10 9 0
10 11 0
10 12 0
11 10 0
12 10 0
13 8 0
13 14 0
14 13 0
14 15 0
14 19 0
15 14 0
15 16 0
16 15 0
16 17 0
17 16 0
17 18 0
18 17 0
18 19 0
19 14 0
19 18 0
20 6 0
21 3 0
22 7 0
22 28 0
23 28 0
24 28 0
24 29 0
26 27 0
27 26 0
27 29 0
28 22 0
28 23 0
28 24 0
29 24 0
29 27 0
29 30 0
30 29 0
30 31 0
30 33 0
31 30 0
32 33 0
32 34 0
32 35 0
33 30 0
33 32 0
34 32 0
34 37 0
35 32 0
35 36 0
35 63 0
36 35 0
37 34 0
37 38 0
38 37 0
38 56 0
38 58 0
39 40 0
39 44 0
39 62 0
40 39 0
40 41 0
40 45 0
41 40 0
41 42 0
41 48 0
42 41 0
42 43 0
43 42 0
43 44 0
43 49 0
44 39 0
44 43 0
44 52 0
45 40 0
45 46 0
46 45 0
46 47 0
47 46 0
47 48 0
48 41 0
48 47 0
49 43 0
49 50 0
50 49 0
50 51 0
51 50 0
51 52 0
52 44 0
52 51 0
52 53 0
53 52 0
53 54 0
53 55 0
54 53 0
55 53 0
56 38 0
57 58 0
57 59 0
58 38 0
58 57 0
59 57 0
59 64 0
60 61 0
60 64 0
61 60 0
61 62 0
62 39 0
62 61 0
63 35 0
64 59 0
64 60 0
GraphDataEnd
GraphEnd
NodeEnd
NodeStart
EPTNodeID: 3
AnchorID: 5611
TreeNodeGraphID: 4
Level: 4
SimplifiedLevel: 0
EditOperation: 1 26 0 2 0
AccumulatedOpsCount: 2
AccumulatedOp: 4 26 27 0 0
AccumulatedOp: 1 26 0 2 0
ChildrenCount: 2
ChildIndices: 4 7
CompletedDBGraphIDsCount: 0
GraphStart
GraphDataStart
ID: 4
NumNodes: 64
NumEdges: 134
NodeLabels
2 0 2 2 2 2 2 0 0 3 2 0 2 2 2 2 2 2 2 2 0 0 2 0 3 2 2 2 2 2 0 2 3 2 2 0 2 2 2 2 2 3 2 2 2 2 2 2 2 2 2 2 3 0 0 0 2 3 2 2 2 3 3 3 
Edges
0 1 0
0 5 0
0 8 0
1 0 0
1 2 0
2 1 0
2 3 0
2 6 0
3 2 0
3 4 0
3 21 0
4 3 0
4 5 0
4 7 0
5 0 0
5 4 0
5 9 0
6 2 0
6 20 0
7 4 0
7 22 0
8 0 0
8 13 0
9 5 0
9 10 0
10 9 0
10 11 0
10 12 0
11 10 0
12 10 0
13 8 0
13 14 0
14 13 0
14 15 0
14 19 0
15 14 0
15 16 0
16 15 0
16 17 0
17 16 0
17 18 0
18 17 0
18 19 0
19 14 0
19 18 0
20 6 0
21 3 0
22 7 0
22 27 0
23 27 0
24 27 0
24 28 0
26 28 0
27 22 0
27 23 0
27 24 0
28 24 0
28 26 0
28 29 0
29 28 0
29 30 0
29 32 0
30 29 0
31 32 0
31 33 0
31 34 0
32 29 0
32 31 0
33 31 0
33 36 0
34 31 0
34 35 0
34 62 0
35 34 0
36 33 0
36 37 0
37 36 0
37 55 0
37 57 0
38 39 0
38 43 0
38 61 0
39 38 0
39 40 0
39 44 0
40 39 0
40 41 0
40 47 0
41 40 0
41 42 0
42 41 0
42 43 0
42 48 0
43 38 0
43 42 0
43 51 0
44 39 0
44 45 0
45 44 0
45 46 0
46 45 0
46 47 0
47 40 0
47 46 0
48 42 0
48 49 0
49 48 0
49 50 0
50 49 0
50 51 0
51 43 0
51 50 0
51 52 0
52 51 0
52 53 0
52 54 0
53 52 0
54 52 0
55 37 0
56 57 0
56 58 0
57 37 0
57 56 0
58 56 0
58 63 0
59 60 0
59 63 0
60 59 0
60 61 0
61 38 0
61 60 0
62 34 0
63 58 0
63 59 0
GraphDataEnd
GraphEnd
NodeEnd
NodeStart
EPTNodeID: 4
AnchorID: 5611
TreeNodeGraphID: 5
Level: 5
SimplifiedLevel: 0
EditOperation: 1 25 0 2 0
AccumulatedOpsCount: 1
AccumulatedOp: 1 25 0 2 0
ChildrenCount: 2
ChildIndices: 5 6
CompletedDBGraphIDsCount: 0
GraphStart
GraphDataStart
ID: 5
NumNodes: 63
NumEdges: 134
NodeLabels
2 0 2 2 2 2 2 0 0 3 2 0 2 2 2 2 2 2 2 2 0 0 2 0 3 2 2 2 2 0 2 3 2 2 0 2 2 2 2 2 3 2 2 2 2 2 2 2 2 2 2 3 0 0 0 2 3 2 2 2 3 3 3 
Edges
0 1 0
0 5 0
0 8 0
1 0 0
1 2 0
2 1 0
2 3 0
2 6 0
3 2 0
3 4 0
3 21 0
4 3 0
4 5 0
4 7 0
5 0 0
5 4 0
5 9 0
6 2 0
6 20 0
7 4 0
7 22 0
8 0 0
8 13 0
9 5 0
9 10 0
10 9 0
10 11 0
10 12 0
11 10 0
12 10 0
13 8 0
13 14 0
14 13 0
14 15 0
14 19 0
15 14 0
15 16 0
16 15 0
16 17 0
17 16 0
17 18 0
18 17 0
18 19 0
19 14 0
19 18 0
20 6 0
21 3 0
22 7 0
22 26 0
23 26 0
24 26 0
24 27 0
25 27 0
26 22 0
26 23 0
26 24 0
27 24 0
27 25 0
27 28 0
28 27 0
28 29 0
28 31 0
29 28 0
30 31 0
30 32 0
30 33 0
31 28 0
31 30 0
32 30 0
32 35 0
33 30 0
33 34 0
33 61 0
34 33 0
35 32 0
35 36 0
36 35 0
36 54 0
36 56 0
37 38 0
37 42 0
37 60 0
38 37 0
38 39 0
38 43 0
39 38 0
39 40 0
39 46 0
40 39 0
40 41 0
41 40 0
41 42 0
41 47 0
42 37 0
42 41 0
42 50 0
43 38 0
43 44 0
44 43 0
44 45 0
45 44 0
45 46 0
46 39 0
46 45 0
47 41 0
47 48 0
48 47 0
48 49 0
49 48 0
49 50 0
50 42 0
50 49 0
50 51 0
51 50 0
51 52 0
51 53 0
52 51 0
53 51 0
54 36 0
55 56 0
55 57 0
56 36 0
56 55 0
57 55 0
57 62 0
58 59 0
58 62 0
59 58 0
59 60 0
60 37 0
60 59 0
61 33 0
62 57 0
62 58 0
GraphDataEnd
GraphEnd
NodeEnd
NodeStart
EPTNodeID: 5
AnchorID: 5611
TreeNodeGraphID: 6
Level: 6
SimplifiedLevel: 0
EditOperation: 0 64 0 3 2
AccumulatedOpsCount: 1
AccumulatedOp: 0 64 0 3 2
ChildrenCount: 0
ChildIndices:
CompletedDBGraphIDsCount: 1
CompletedDBGraphID: 4551
GraphStart
GraphDataStart
ID: 6
NumNodes: 63
NumEdges: 134
NodeLabels
2 0 2 2 2 2 2 0 0 3 2 0 2 2 2 2 2 2 2 2 0 0 2 0 3 2 2 2 2 0 2 3 2 2 0 2 2 2 2 2 3 2 2 2 2 2 2 2 2 2 2 3 0 0 0 2 3 2 2 2 3 3 2 
Edges
0 1 0
0 5 0
0 8 0
1 0 0
1 2 0
2 1 0
2 3 0
2 6 0
3 2 0
3 4 0
3 21 0
4 3 0
4 5 0
4 7 0
5 0 0
5 4 0
5 9 0
6 2 0
6 20 0
7 4 0
7 22 0
8 0 0
8 13 0
9 5 0
9 10 0
10 9 0
10 11 0
10 12 0
11 10 0
12 10 0
13 8 0
13 14 0
14 13 0
14 15 0
14 19 0
15 14 0
15 16 0
16 15 0
16 17 0
17 16 0
17 18 0
18 17 0
18 19 0
19 14 0
19 18 0
20 6 0
21 3 0
22 7 0
22 26 0
23 26 0
24 26 0
24 27 0
25 27 0
26 22 0
26 23 0
26 24 0
27 24 0
27 25 0
27 28 0
28 27 0
28 29 0
28 31 0
29 28 0
30 31 0
30 32 0
30 33 0
31 28 0
31 30 0
32 30 0
32 35 0
33 30 0
33 34 0
33 61 0
34 33 0
35 32 0
35 36 0
36 35 0
36 54 0
36 56 0
37 38 0
37 42 0
37 60 0
38 37 0
38 39 0
38 43 0
39 38 0
39 40 0
39 46 0
40 39 0
40 41 0
41 40 0
41 42 0
41 47 0
42 37 0
42 41 0
42 50 0
43 38 0
43 44 0
44 43 0
44 45 0
45 44 0
45 46 0
46 39 0
46 45 0
47 41 0
47 48 0
48 47 0
48 49 0
49 48 0
49 50 0
50 42 0
50 49 0
50 51 0
51 50 0
51 52 0
51 53 0
52 51 0
53 51 0
54 36 0
55 56 0
55 57 0
56 36 0
56 55 0
57 55 0
57 62 0
58 59 0
58 62 0
59 58 0
59 60 0
60 37 0
60 59 0
61 33 0
62 57 0
62 58 0
GraphDataEnd
GraphEnd
NodeEnd
NodeStart
EPTNodeID: 6
AnchorID: 5611
TreeNodeGraphID: 13
Level: 12
SimplifiedLevel: 0
EditOperation: 5 59 61 0 0
AccumulatedOpsCount: 7
AccumulatedOp: 4 61 62 0 0
AccumulatedOp: 4 59 64 0 0
AccumulatedOp: 5 45 64 0 0
AccumulatedOp: 5 48 53 0 0
AccumulatedOp: 0 62 0 3 0
AccumulatedOp: 4 52 53 0 0
AccumulatedOp: 5 59 61 0 0
ChildrenCount: 0
ChildIndices:
CompletedDBGraphIDsCount: 1
CompletedDBGraphID: 34688
GraphStart
GraphDataStart
ID: 13
NumNodes: 63
NumEdges: 134
NodeLabels
2 0 2 2 2 2 2 0 0 3 2 0 2 2 2 2 2 2 2 2 0 0 2 0 3 2 2 2 2 0 2 3 2 2 0 2 2 2 2 2 3 2 2 2 2 2 2 2 2 2 2 3 0 0 0 2 3 2 2 2 0 3 3 
Edges
0 1 0
0 5 0
0 8 0
1 0 0
1 2 0
2 1 0
2 3 0
2 6 0
3 2 0
3 4 0
3 21 0
4 3 0
4 5 0
4 7 0
5 0 0
5 4 0
5 9 0
6 2 0
6 20 0
7 4 0
7 22 0
8 0 0
8 13 0
9 5 0
9 10 0
10 9 0
10 11 0
10 12 0
11 10 0
12 10 0
13 8 0
13 14 0
14 13 0
14 15 0
14 19 0
15 14 0
15 16 0
16 15 0
16 17 0
17 16 0
17 18 0
18 17 0
18 19 0
19 14 0
19 18 0
20 6 0
21 3 0
22 7 0
22 26 0
23 26 0
24 26 0
24 27 0
25 27 0
26 22 0
26 23 0
26 24 0
27 24 0
27 25 0
27 28 0
28 27 0
28 29 0
28 31 0
29 28 0
30 31 0
30 32 0
30 33 0
31 28 0
31 30 0
32 30 0
32 35 0
33 30 0
33 34 0
33 61 0
34 33 0
35 32 0
35 36 0
36 35 0
36 54 0
36 56 0
37 38 0
37 42 0
37 60 0
38 37 0
38 39 0
38 43 0
39 38 0
39 40 0
39 46 0
40 39 0
40 41 0
41 40 0
41 42 0
41 47 0
42 37 0
42 41 0
42 50 0
43 38 0
43 44 0
43 62 0
44 43 0
44 45 0
45 44 0
45 46 0
46 39 0
46 45 0
46 51 0
47 41 0
47 48 0
48 47 0
48 49 0
49 48 0
49 50 0
50 42 0
50 49 0
51 52 0
51 53 0
51 46 0
52 51 0
53 51 0
54 36 0
55 56 0
55 57 0
56 36 0
56 55 0
57 55 0
57 59 0
58 59 0
58 62 0
59 58 0
59 57 0
60 37 0
61 33 0
62 58 0
62 43 0
GraphDataEnd
GraphEnd
NodeEnd
NodeStart
EPTNodeID: 7
AnchorID: 5611
TreeNodeGraphID: 18
Level: 9
SimplifiedLevel: 0
EditOperation: 5 22 25 0 0
AccumulatedOpsCount: 5
AccumulatedOp: 4 59 64 0 0
AccumulatedOp: 4 60 64 0 0
AccumulatedOp: 1 64 0 3 0
AccumulatedOp: 5 59 60 0 0
AccumulatedOp: 5 22 25 0 0
ChildrenCount: 0
ChildIndices:
CompletedDBGraphIDsCount: 1
CompletedDBGraphID: 37050
GraphStart
GraphDataStart
ID: 18
NumNodes: 63
NumEdges: 134
NodeLabels
2 0 2 2 2 2 2 0 0 3 2 0 2 2 2 2 2 2 2 2 0 0 2 0 3 2 2 2 2 2 0 2 3 2 2 0 2 2 2 2 2 3 2 2 2 2 2 2 2 2 2 2 3 0 0 0 2 3 2 2 2 3 3 
Edges
0 1 0
0 5 0
0 8 0
1 0 0
1 2 0
2 1 0
2 3 0
2 6 0
3 2 0
3 4 0
3 21 0
4 3 0
4 5 0
4 7 0
5 0 0
5 4 0
5 9 0
6 2 0
6 20 0
7 4 0
7 22 0
8 0 0
8 13 0
9 5 0
9 10 0
10 9 0
10 11 0
10 12 0
11 10 0
12 10 0
13 8 0
13 14 0
14 13 0
14 15 0
14 19 0
15 14 0
15 16 0
16 15 0
16 17 0
17 16 0
17 18 0
18 17 0
18 19 0
19 14 0
19 18 0
20 6 0
21 3 0
22 7 0
22 27 0
22 25 0
23 27 0
24 27 0
24 28 0
25 22 0
26 28 0
27 22 0
27 23 0
27 24 0
28 24 0
28 26 0
28 29 0
29 28 0
29 30 0
29 32 0
30 29 0
31 32 0
31 33 0
31 34 0
32 29 0
32 31 0
33 31 0
33 36 0
34 31 0
34 35 0
34 62 0
35 34 0
36 33 0
36 37 0
37 36 0
37 55 0
37 57 0
38 39 0
38 43 0
38 61 0
39 38 0
39 40 0
39 44 0
40 39 0
40 41 0
40 47 0
41 40 0
41 42 0
42 41 0
42 43 0
42 48 0
43 38 0
43 42 0
43 51 0
44 39 0
44 45 0
45 44 0
45 46 0
46 45 0
46 47 0
47 40 0
47 46 0
48 42 0
48 49 0
49 48 0
49 50 0
50 49 0
50 51 0
51 43 0
51 50 0
51 52 0
52 51 0
52 53 0
52 54 0
53 52 0
54 52 0
55 37 0
56 57 0
56 58 0
57 37 0
57 56 0
58 56 0
58 59 0
59 60 0
59 58 0
60 59 0
60 61 0
61 38 0
61 60 0
62 34 0
GraphDataEnd
GraphEnd
NodeEnd
NodeStart
EPTNodeID: 8
AnchorID: 5611
TreeNodeGraphID: 24
Level: 8
SimplifiedLevel: 0
EditOperation: 5 22 25 0 0
AccumulatedOpsCount: 6
AccumulatedOp: 0 64 0 3 2
AccumulatedOp: 5 58 59 0 0
AccumulatedOp: 4 57 58 0 0
AccumulatedOp: 5 27 57 0 0
AccumulatedOp: 4 57 59 0 0
AccumulatedOp: 5 22 25 0 0
ChildrenCount: 0
ChildIndices:
CompletedDBGraphIDsCount: 1
CompletedDBGraphID: 2111
GraphStart
GraphDataStart
ID: 24
NumNodes: 65
NumEdges: 138
NodeLabels
2 0 2 2 2 2 2 0 0 3 2 0 2 2 2 2 2 2 2 2 0 0 2 0 3 2 2 2 2 2 2 0 2 3 2 2 0 2 2 2 2 2 3 2 2 2 2 2 2 2 2 2 2 3 0 0 0 2 3 2 2 2 3 3 2 
Edges
0 1 0
0 5 0
0 8 0
1 0 0
1 2 0
2 1 0
2 3 0
2 6 0
3 2 0
3 4 0
3 21 0
4 3 0
4 5 0
4 7 0
5 0 0
5 4 0
5 9 0
6 2 0
6 20 0
7 4 0
7 22 0
8 0 0
8 13 0
9 5 0
9 10 0
10 9 0
10 11 0
10 12 0
11 10 0
12 10 0
13 8 0
13 14 0
14 13 0
14 15 0
14 19 0
15 14 0
15 16 0
16 15 0
16 17 0
17 16 0
17 18 0
18 17 0
18 19 0
19 14 0
19 18 0
20 6 0
21 3 0
22 7 0
22 28 0
22 25 0
23 28 0
24 28 0
24 29 0
25 22 0
26 27 0
27 26 0
27 29 0
27 57 0
28 22 0
28 23 0
28 24 0
29 24 0
29 27 0
29 30 0
30 29 0
30 31 0
30 33 0
31 30 0
32 33 0
32 34 0
32 35 0
33 30 0
33 32 0
34 32 0
34 37 0
35 32 0
35 36 0
35 63 0
36 35 0
37 34 0
37 38 0
38 37 0
38 56 0
38 58 0
39 40 0
39 44 0
39 62 0
40 39 0
40 41 0
40 45 0
41 40 0
41 42 0
41 48 0
42 41 0
42 43 0
43 42 0
43 44 0
43 49 0
44 39 0
44 43 0
44 52 0
45 40 0
45 46 0
46 45 0
46 47 0
47 46 0
47 48 0
48 41 0
48 47 0
49 43 0
49 50 0
50 49 0
50 51 0
51 50 0
51 52 0
52 44 0
52 51 0
52 53 0
53 52 0
53 54 0
53 55 0
54 53 0
55 53 0
56 38 0
57 27 0
58 38 0
58 59 0
59 64 0
59 58 0
60 61 0
60 64 0
61 60 0
61 62 0
62 39 0
62 61 0
63 35 0
64 59 0
64 60 0
GraphDataEnd
GraphEnd
NodeEnd
NodeStart
EPTNodeID: 9
AnchorID: 5611
TreeNodeGraphID: 33
Level: 10
SimplifiedLevel: 0
EditOperation: 5 62 64 0 0
AccumulatedOpsCount: 9
AccumulatedOp: 0 64 0 3 2
AccumulatedOp: 4 60 61 0 0
AccumulatedOp: 5 26 29 0 0
AccumulatedOp: 4 27 29 0 0
AccumulatedOp: 4 60 64 0 0
AccumulatedOp: 5 0 61 0 0
AccumulatedOp: 4 61 62 0 0
AccumulatedOp: 5 22 60 0 0
AccumulatedOp: 5 62 64 0 0
ChildrenCount: 0
ChildIndices:
CompletedDBGraphIDsCount: 1
CompletedDBGraphID: 20615
GraphStart
GraphDataStart
ID: 33
NumNodes: 65
NumEdges: 138
NodeLabels
2 0 2 2 2 2 2 0 0 3 2 0 2 2 2 2 2 2 2 2 0 0 2 0 3 2 2 2 2 2 2 0 2 3 2 2 0 2 2 2 2 2 3 2 2 2 2 2 2 2 2 2 2 3 0 0 0 2 3 2 2 2 3 3 2 
Edges
0 1 0
0 5 0
0 8 0
0 61 0
1 0 0
1 2 0
2 1 0
2 3 0
2 6 0
3 2 0
3 4 0
3 21 0
4 3 0
4 5 0
4 7 0
5 0 0
5 4 0
5 9 0
6 2 0
6 20 0
7 4 0
7 22 0
8 0 0
8 13 0
9 5 0
9 10 0
10 9 0
10 11 0
10 12 0
11 10 0
12 10 0
13 8 0
13 14 0
14 13 0
14 15 0
14 19 0
15 14 0
15 16 0
16 15 0
16 17 0
17 16 0
17 18 0
18 17 0
18 19 0
19 14 0
19 18 0
20 6 0
21 3 0
22 7 0
22 28 0
22 60 0
23 28 0
24 28 0
24 29 0
25 26 0
26 25 0
26 27 0
26 29 0
27 26 0
28 22 0
28 23 0
28 24 0
29 24 0
29 30 0
29 26 0
30 29 0
30 31 0
30 33 0
31 30 0
32 33 0
32 34 0
32 35 0
33 30 0
33 32 0
34 32 0
34 37 0
35 32 0
35 36 0
35 63 0
36 35 0
37 34 0
37 38 0
38 37 0
38 56 0
38 58 0
39 40 0
39 44 0
39 62 0
40 39 0
40 41 0
40 45 0
41 40 0
41 42 0
41 48 0
42 41 0
42 43 0
43 42 0
43 44 0
43 49 0
44 39 0
44 43 0
44 52 0
45 40 0
45 46 0
46 45 0
46 47 0
47 46 0
47 48 0
48 41 0
48 47 0
49 43 0
49 50 0
50 49 0
50 51 0
51 50 0
51 52 0
52 44 0
52 51 0
52 53 0
53 52 0
53 54 0
53 55 0
54 53 0
55 53 0
56 38 0
57 58 0
57 59 0
58 38 0
58 57 0
59 57 0
59 64 0
60 22 0
61 0 0
62 39 0
62 64 0
63 35 0
64 59 0
64 62 0
GraphDataEnd
GraphEnd
NodeEnd
NodeStart
EPTNodeID: 10
AnchorID: 5611
TreeNodeGraphID: 34
Level: 1
SimplifiedLevel: 0
EditOperation: 0 64 0 3 2
AccumulatedOpsCount: 1
AccumulatedOp: 0 64 0 3 2
ChildrenCount: 1
ChildIndices: 11
CompletedDBGraphIDsCount: 1
CompletedDBGraphID: 216
GraphStart
GraphDataStart
ID: 34
NumNodes: 65
NumEdges: 140
NodeLabels
2 0 2 2 2 2 2 0 0 3 2 0 2 2 2 2 2 2 2 2 0 0 2 0 3 2 2 2 2 2 2 0 2 3 2 2 0 2 2 2 2 2 3 2 2 2 2 2 2 2 2 2 2 3 0 0 0 2 3 2 2 2 3 3 2 
Edges
0 1 0
0 5 0
0 8 0
1 0 0
1 2 0
2 1 0
2 3 0
2 6 0
3 2 0
3 4 0
3 21 0
4 3 0
4 5 0
4 7 0
5 0 0
5 4 0
5 9 0
6 2 0
6 20 0
7 4 0
7 22 0
8 0 0
8 13 0
9 5 0
9 10 0
10 9 0
10 11 0
10 12 0
11 10 0
12 10 0
13 8 0
13 14 0
14 13 0
14 15 0
14 19 0
15 14 0
15 16 0
16 15 0
16 17 0
17 16 0
17 18 0
18 17 0
18 19 0
19 14 0
19 18 0
20 6 0
21 3 0
22 7 0
22 28 0
23 28 0
24 25 0
24 28 0
24 29 0
25 24 0
25 26 0
26 25 0
26 27 0
27 26 0
27 29 0
28 22 0
28 23 0
28 24 0
29 24 0
29 27 0
29 30 0
30 29 0
30 31 0
30 33 0
31 30 0
32 33 0
32 34 0
32 35 0
33 30 0
33 32 0
34 32 0
34 37 0
35 32 0
35 36 0
35 63 0
36 35 0
37 34 0
37 38 0
38 37 0
38 56 0
38 58 0
39 40 0
39 44 0
39 62 0
40 39 0
40 41 0
40 45 0
41 40 0
41 42 0
41 48 0
42 41 0
42 43 0
43 42 0
43 44 0
43 49 0
44 39 0
44 43 0
44 52 0
45 40 0
45 46 0
46 45 0
46 47 0
47 46 0
47 48 0
48 41 0
48 47 0
49 43 0
49 50 0
50 49 0
50 51 0
51 50 0
51 52 0
52 44 0
52 51 0
52 53 0
53 52 0
53 54 0
53 55 0
54 53 0
55 53 0
56 38 0
57 58 0
57 59 0
58 38 0
58 57 0
59 57 0
59 64 0
60 61 0
60 64 0
61 60 0
61 62 0
62 39 0
62 61 0
63 35 0
64 59 0
64 60 0
GraphDataEnd
GraphEnd
NodeEnd
NodeStart
EPTNodeID: 11
AnchorID: 5611
TreeNodeGraphID: 42
Level: 9
SimplifiedLevel: 0
EditOperation: 5 49 53 0 0
AccumulatedOpsCount: 8
AccumulatedOp: 2 65 0 0 2
AccumulatedOp: 5 0 65 0 0
AccumulatedOp: 4 39 62 0 0
AccumulatedOp: 4 52 53 0 0
AccumulatedOp: 2 66 0 0 0
AccumulatedOp: 5 39 66 0 0
AccumulatedOp: 5 52 62 0 0
AccumulatedOp: 5 49 53 0 0
ChildrenCount: 0
ChildIndices:
CompletedDBGraphIDsCount: 1
CompletedDBGraphID: 31948
GraphStart
GraphDataStart
ID: 42
NumNodes: 67
NumEdges: 144
NodeLabels
2 0 2 2 2 2 2 0 0 3 2 0 2 2 2 2 2 2 2 2 0 0 2 0 3 2 2 2 2 2 2 0 2 3 2 2 0 2 2 2 2 2 3 2 2 2 2 2 2 2 2 2 2 3 0 0 0 2 3 2 2 2 3 3 2 2 0 
Edges
0 1 0
0 5 0
0 8 0
0 65 0
1 0 0
1 2 0
2 1 0
2 3 0
2 6 0
3 2 0
3 4 0
3 21 0
4 3 0
4 5 0
4 7 0
5 0 0
5 4 0
5 9 0
6 2 0
6 20 0
7 4 0
7 22 0
8 0 0
8 13 0
9 5 0
9 10 0
10 9 0
10 11 0
10 12 0
11 10 0
12 10 0
13 8 0
13 14 0
14 13 0
14 15 0
14 19 0
15 14 0
15 16 0
16 15 0
16 17 0
17 16 0
17 18 0
18 17 0
18 19 0
19 14 0
19 18 0
20 6 0
21 3 0
22 7 0
22 28 0
23 28 0
24 25 0
24 28 0
24 29 0
25 24 0
25 26 0
26 25 0
26 27 0
27 26 0
27 29 0
28 22 0
28 23 0
28 24 0
29 24 0
29 27 0
29 30 0
30 29 0
30 31 0
30 33 0
31 30 0
32 33 0
32 34 0
32 35 0
33 30 0
33 32 0
34 32 0
34 37 0
35 32 0
35 36 0
35 63 0
36 35 0
37 34 0
37 38 0
38 37 0
38 56 0
38 58 0
39 40 0
39 44 0
39 66 0
40 39 0
40 41 0
40 45 0
41 40 0
41 42 0
41 48 0
42 41 0
42 43 0
43 42 0
43 44 0
43 49 0
44 39 0
44 43 0
44 52 0
45 40 0
45 46 0
46 45 0
46 47 0
47 46 0
47 48 0
48 41 0
48 47 0
49 43 0
49 50 0
49 53 0
50 49 0
50 51 0
51 50 0
51 52 0
52 44 0
52 51 0
52 62 0
53 54 0
53 55 0
53 49 0
54 53 0
55 53 0
56 38 0
57 58 0
57 59 0
58 38 0
58 57 0
59 57 0
59 64 0
60 61 0
60 64 0
61 60 0
61 62 0
62 61 0
62 52 0
63 35 0
64 59 0
64 60 0
65 0 0
66 39 0
GraphDataEnd
GraphEnd
NodeEnd
NodeStart
EPTNodeID: 12
AnchorID: 5611
TreeNodeGraphID: 46
Level: 4
SimplifiedLevel: 0
EditOperation: 5 59 60 0 0
AccumulatedOpsCount: 4
AccumulatedOp: 4 60 64 0 0
AccumulatedOp: 4 59 64 0 0
AccumulatedOp: 1 64 0 3 0
AccumulatedOp: 5 59 60 0 0
ChildrenCount: 0
ChildIndices:
CompletedDBGraphIDsCount: 1
CompletedDBGraphID: 29690
GraphStart
GraphDataStart
ID: 46
NumNodes: 64
NumEdges: 138
NodeLabels
2 0 2 2 2 2 2 0 0 3 2 0 2 2 2 2 2 2 2 2 0 0 2 0 3 2 2 2 2 2 2 0 2 3 2 2 0 2 2 2 2 2 3 2 2 2 2 2 2 2 2 2 2 3 0 0 0 2 3 2 2 2 3 3 
Edges
0 1 0
0 5 0
0 8 0
1 0 0
1 2 0
2 1 0
2 3 0
2 6 0
3 2 0
3 4 0
3 21 0
4 3 0
4 5 0
4 7 0
5 0 0
5 4 0
5 9 0
6 2 0
6 20 0
7 4 0
7 22 0
8 0 0
8 13 0
9 5 0
9 10 0
10 9 0
10 11 0
10 12 0
11 10 0
12 10 0
13 8 0
13 14 0
14 13 0
14 15 0
14 19 0
15 14 0
15 16 0
16 15 0
16 17 0
17 16 0
17 18 0
18 17 0
18 19 0
19 14 0
19 18 0
20 6 0
21 3 0
22 7 0
22 28 0
23 28 0
24 25 0
24 28 0
24 29 0
25 24 0
25 26 0
26 25 0
26 27 0
27 26 0
27 29 0
28 22 0
28 23 0
28 24 0
29 24 0
29 27 0
29 30 0
30 29 0
30 31 0
30 33 0
31 30 0
32 33 0
32 34 0
32 35 0
33 30 0
33 32 0
34 32 0
34 37 0
35 32 0
35 36 0
35 63 0
36 35 0
37 34 0
37 38 0
38 37 0
38 56 0
38 58 0
39 40 0
39 44 0
39 62 0
40 39 0
40 41 0
40 45 0
41 40 0
41 42 0
41 48 0
42 41 0
42 43 0
43 42 0
43 44 0
43 49 0
44 39 0
44 43 0
44 52 0
45 40 0
45 46 0
46 45 0
46 47 0
47 46 0
47 48 0
48 41 0
48 47 0
49 43 0
49 50 0
50 49 0
50 51 0
51 50 0
51 52 0
52 44 0
52 51 0
52 53 0
53 52 0
53 54 0
53 55 0
54 53 0
55 53 0
56 38 0
57 58 0
57 59 0
58 38 0
58 57 0
59 57 0
59 60 0
60 61 0
60 59 0
61 60 0
61 62 0
62 39 0
62 61 0
63 35 0
GraphDataEnd
GraphEnd
NodeEnd
END_EPT
