BEGIN_EPT
AnchorID: 25717  # ID of the anchor node
RootIndex: 0  # Index of the root node in tree_nodes
NodeCount: 1  # Total number of nodes in the EPT
NodeStart
EPTNodeID: 0
AnchorID: 25717
TreeNodeGraphID: 0
Level: 0
SimplifiedLevel: 0
EditOperation: -1 0 -1 0 0
AccumulatedOpsCount: 0
ChildrenCount: 0
ChildIndices:
CompletedDBGraphIDsCount: 0
GraphStart
GraphDataStart
ID: 0
NumNodes: 117
NumEdges: 240
NodeLabels
2 2 2 2 3 2 2 3 2 0 2 2 2 2 3 2 2 2 3 0 2 2 0 2 2 0 2 2 0 2 2 2 2 2 2 2 2 3 2 0 0 3 2 2 2 2 2 2 0 3 2 2 2 2 2 2 2 0 2 0 2 2 2 2 2 2 2 2 2 0 2 2 2 2 2 3 3 3 3 2 2 2 2 2 2 2 2 0 3 0 0 0 2 2 2 2 2 2 1 2 2 0 2 2 2 2 2 2 2 2 2 0 0 2 2 2 2 
Edges
0 1 0
0 4 0
0 19 0
1 0 0
1 18 0
1 70 0
2 3 0
2 5 0
3 2 0
3 4 0
3 8 0
4 0 0
4 3 0
4 81 0
5 2 0
5 26 0
5 27 0
6 7 0
7 6 0
7 8 0
7 11 0
8 3 0
8 7 0
8 28 0
9 10 0
10 9 0
10 11 0
10 14 0
11 7 0
11 10 0
11 29 0
12 13 0
12 15 0
12 89 0
13 12 0
13 14 0
13 16 0
14 10 0
14 13 0
14 32 0
15 12 0
15 33 0
15 34 0
16 13 0
16 69 0
16 78 0
17 38 0
17 67 0
17 78 0
18 1 0
18 20 0
18 21 0
19 0 0
20 18 0
21 18 0
21 22 0
21 23 0
22 21 0
23 21 0
23 74 0
23 75 0
24 25 0
24 44 0
24 75 0
25 24 0
26 5 0
27 5 0
28 8 0
29 11 0
29 30 0
29 31 0
30 29 0
31 29 0
32 14 0
33 15 0
34 15 0
35 36 0
35 40 0
35 41 0
36 35 0
36 37 0
36 65 0
37 36 0
37 38 0
37 66 0
38 17 0
38 37 0
38 39 0
39 38 0
40 35 0
41 35 0
41 43 0
41 64 0
42 43 0
42 59 0
42 77 0
43 41 0
43 42 0
43 60 0
44 24 0
44 45 0
44 76 0
45 44 0
45 85 0
46 47 0
46 48 0
46 76 0
47 46 0
47 49 0
47 50 0
48 46 0
49 47 0
49 54 0
49 55 0
50 47 0
50 51 0
51 50 0
51 52 0
51 53 0
52 51 0
53 51 0
54 49 0
54 56 0
54 57 0
55 49 0
56 54 0
56 58 0
56 77 0
57 54 0
58 56 0
58 79 0
58 80 0
59 42 0
60 43 0
60 61 0
61 60 0
61 62 0
61 63 0
62 61 0
63 61 0
64 41 0
65 36 0
65 90 0
66 37 0
67 17 0
67 68 0
68 67 0
69 16 0
70 1 0
70 71 0
71 70 0
71 72 0
71 73 0
72 71 0
73 71 0
74 23 0
75 23 0
75 24 0
76 44 0
76 46 0
77 42 0
77 56 0
78 16 0
78 17 0
79 58 0
80 58 0
81 4 0
82 84 0
82 88 0
83 86 0
83 87 0
83 88 0
84 82 0
84 85 0
85 45 0
85 84 0
86 83 0
86 91 0
87 83 0
88 82 0
88 83 0
89 12 0
90 65 0
91 86 0
91 92 0
92 91 0
92 93 0
92 97 0
93 92 0
93 94 0
94 93 0
94 95 0
95 94 0
95 96 0
95 98 0
96 95 0
96 97 0
96 113 0
97 92 0
97 96 0
98 95 0
98 99 0
99 98 0
99 100 0
99 104 0
100 99 0
100 101 0
100 111 0
101 100 0
101 102 0
102 101 0
102 103 0
102 105 0
103 102 0
103 104 0
104 99 0
104 103 0
104 112 0
105 102 0
105 106 0
105 110 0
106 105 0
106 107 0
107 106 0
107 108 0
108 107 0
108 109 0
109 108 0
109 110 0
110 105 0
110 109 0
111 100 0
112 104 0
113 96 0
113 114 0
113 115 0
113 116 0
114 113 0
115 113 0
116 113 0
GraphDataEnd
GraphEnd
NodeEnd
END_EPT
