BEGIN_EPT
AnchorID: 8714  # ID of the anchor node
RootIndex: 0  # Index of the root node in tree_nodes
NodeCount: 1  # Total number of nodes in the EPT
NodeStart
EPTNodeID: 0
AnchorID: 8714
TreeNodeGraphID: 0
Level: 0
SimplifiedLevel: 0
EditOperation: -1 0 -1 0 0
AccumulatedOpsCount: 0
ChildrenCount: 0
ChildIndices:
CompletedDBGraphIDsCount: 0
GraphStart
GraphDataStart
ID: 0
NumNodes: 62
NumEdges: 148
NodeLabels
11 11 2 2 2 2 2 2 12 11 12 12 12 12 12 29 2 2 2 2 2 29 2 2 2 2 2 2 0 2 2 2 2 2 2 2 2 2 2 2 2 2 2 11 2 2 2 2 2 2 2 2 2 2 2 2 2 2 3 0 3 0 
Edges
0 29 0
0 35 0
0 41 0
1 2 0
1 42 0
1 56 0
2 1 0
2 3 0
2 7 0
3 2 0
3 4 0
4 3 0
4 5 0
5 4 0
5 6 0
6 5 0
6 7 0
7 2 0
7 6 0
8 9 0
9 8 0
9 10 0
9 11 0
9 12 0
9 13 0
9 14 0
10 9 0
11 9 0
12 9 0
13 9 0
14 9 0
15 16 0
15 17 0
15 18 0
15 19 0
15 20 0
15 27 0
15 60 0
16 15 0
16 17 0
16 20 0
17 15 0
17 16 0
17 18 0
18 15 0
18 17 0
18 19 0
19 15 0
19 18 0
19 20 0
20 15 0
20 16 0
20 19 0
21 22 0
21 23 0
21 24 0
21 25 0
21 26 0
21 27 0
21 58 0
22 21 0
22 23 0
22 26 0
23 21 0
23 22 0
23 24 0
24 21 0
24 23 0
24 25 0
25 21 0
25 24 0
25 26 0
26 21 0
26 22 0
26 25 0
27 15 0
27 21 0
27 28 0
28 27 0
29 0 0
29 30 0
29 34 0
30 29 0
30 31 0
31 30 0
31 32 0
32 31 0
32 33 0
33 32 0
33 34 0
34 29 0
34 33 0
35 0 0
35 36 0
35 40 0
36 35 0
36 37 0
37 36 0
37 38 0
38 37 0
38 39 0
39 38 0
39 40 0
40 35 0
40 39 0
41 0 0
41 42 0
42 1 0
42 41 0
43 44 0
43 50 0
43 57 0
44 43 0
44 45 0
44 49 0
45 44 0
45 46 0
46 45 0
46 47 0
47 46 0
47 48 0
48 47 0
48 49 0
49 44 0
49 48 0
50 43 0
50 51 0
50 55 0
51 50 0
51 52 0
52 51 0
52 53 0
53 52 0
53 54 0
54 53 0
54 55 0
55 50 0
55 54 0
56 1 0
56 57 0
57 43 0
57 56 0
58 21 0
58 59 0
59 58 0
60 15 0
60 61 0
61 60 0
GraphDataEnd
GraphEnd
NodeEnd
END_EPT
