BEGIN_EPT
AnchorID: 24719  # ID of the anchor node
RootIndex: 0  # Index of the root node in tree_nodes
NodeCount: 44  # Total number of nodes in the EPT
NodeStart
EPTNodeID: 0
AnchorID: 24719
TreeNodeGraphID: 0
Level: 0
SimplifiedLevel: 0
EditOperation: -1 0 -1 0 0
AccumulatedOpsCount: 0
ChildrenCount: 7
ChildIndices: 1 22 31 36 39 40 43
CompletedDBGraphIDsCount: 0
GraphStart
GraphDataStart
ID: 0
NumNodes: 59
NumEdges: 126
NodeLabels
0 2 2 2 2 2 2 2 2 2 2 2 3 3 0 2 0 2 0 0 2 2 2 2 0 2 0 2 2 2 2 2 2 2 2 2 2 2 2 2 0 2 2 2 2 2 2 2 0 2 0 2 2 2 2 2 2 0 0 
Edges
0 1 0
1 0 0
1 2 0
1 3 0
2 1 0
2 4 0
2 5 0
3 1 0
3 6 0
3 7 0
4 2 0
4 8 0
4 9 0
5 2 0
5 10 0
5 11 0
6 3 0
6 12 0
7 3 0
7 10 0
7 13 0
8 4 0
8 14 0
8 15 0
9 4 0
9 16 0
9 17 0
10 5 0
10 7 0
10 18 0
11 5 0
11 15 0
11 19 0
12 6 0
12 20 0
13 7 0
13 21 0
14 8 0
14 17 0
15 8 0
15 11 0
15 22 0
16 9 0
17 9 0
17 14 0
17 23 0
17 24 0
18 10 0
19 11 0
20 12 0
20 25 0
21 13 0
21 26 0
21 27 0
22 15 0
23 17 0
24 17 0
24 28 0
25 20 0
25 29 0
25 30 0
26 21 0
27 21 0
27 31 0
27 32 0
28 24 0
28 33 0
29 25 0
29 34 0
30 25 0
30 35 0
31 27 0
32 27 0
32 36 0
33 28 0
33 37 0
34 29 0
34 38 0
35 30 0
35 38 0
36 32 0
36 39 0
37 33 0
37 40 0
37 41 0
38 34 0
38 35 0
39 36 0
39 42 0
40 37 0
40 43 0
41 37 0
41 44 0
41 45 0
42 39 0
42 46 0
42 47 0
43 40 0
44 41 0
45 41 0
45 48 0
45 49 0
46 42 0
47 42 0
47 50 0
47 51 0
48 45 0
48 52 0
49 45 0
49 53 0
49 54 0
50 47 0
51 47 0
51 54 0
51 55 0
52 48 0
52 56 0
52 57 0
53 49 0
54 49 0
54 51 0
54 58 0
55 51 0
56 52 0
57 52 0
58 54 0
GraphDataEnd
GraphEnd
NodeEnd
NodeStart
EPTNodeID: 1
AnchorID: 24719
TreeNodeGraphID: 1
Level: 1
SimplifiedLevel: 0
EditOperation: 4 25 30 0 0
AccumulatedOpsCount: 1
AccumulatedOp: 4 25 30 0 0
ChildrenCount: 5
ChildIndices: 2 8 13 16 21
CompletedDBGraphIDsCount: 0
GraphStart
GraphDataStart
ID: 1
NumNodes: 59
NumEdges: 124
NodeLabels
0 2 2 2 2 2 2 2 2 2 2 2 3 3 0 2 0 2 0 0 2 2 2 2 0 2 0 2 2 2 2 2 2 2 2 2 2 2 2 2 0 2 2 2 2 2 2 2 0 2 0 2 2 2 2 2 2 0 0 
Edges
0 1 0
1 0 0
1 2 0
1 3 0
2 1 0
2 4 0
2 5 0
3 1 0
3 6 0
3 7 0
4 2 0
4 8 0
4 9 0
5 2 0
5 10 0
5 11 0
6 3 0
6 12 0
7 3 0
7 10 0
7 13 0
8 4 0
8 14 0
8 15 0
9 4 0
9 16 0
9 17 0
10 5 0
10 7 0
10 18 0
11 5 0
11 15 0
11 19 0
12 6 0
12 20 0
13 7 0
13 21 0
14 8 0
14 17 0
15 8 0
15 11 0
15 22 0
16 9 0
17 9 0
17 14 0
17 23 0
17 24 0
18 10 0
19 11 0
20 12 0
20 25 0
21 13 0
21 26 0
21 27 0
22 15 0
23 17 0
24 17 0
24 28 0
25 20 0
25 29 0
26 21 0
27 21 0
27 31 0
27 32 0
28 24 0
28 33 0
29 25 0
29 34 0
30 35 0
31 27 0
32 27 0
32 36 0
33 28 0
33 37 0
34 29 0
34 38 0
35 30 0
35 38 0
36 32 0
36 39 0
37 33 0
37 40 0
37 41 0
38 34 0
38 35 0
39 36 0
39 42 0
40 37 0
40 43 0
41 37 0
41 44 0
41 45 0
42 39 0
42 46 0
42 47 0
43 40 0
44 41 0
45 41 0
45 48 0
45 49 0
46 42 0
47 42 0
47 50 0
47 51 0
48 45 0
48 52 0
49 45 0
49 53 0
49 54 0
50 47 0
51 47 0
51 54 0
51 55 0
52 48 0
52 56 0
52 57 0
53 49 0
54 49 0
54 51 0
54 58 0
55 51 0
56 52 0
57 52 0
58 54 0
GraphDataEnd
GraphEnd
NodeEnd
NodeStart
EPTNodeID: 2
AnchorID: 24719
TreeNodeGraphID: 2
Level: 2
SimplifiedLevel: 0
EditOperation: 0 20 0 2 0
AccumulatedOpsCount: 1
AccumulatedOp: 0 20 0 2 0
ChildrenCount: 2
ChildIndices: 3 7
CompletedDBGraphIDsCount: 2
CompletedDBGraphID: 40962
CompletedDBGraphID: 9245
GraphStart
GraphDataStart
ID: 2
NumNodes: 59
NumEdges: 124
NodeLabels
0 2 2 2 2 2 2 2 2 2 2 2 3 3 0 2 0 2 0 0 0 2 2 2 0 2 0 2 2 2 2 2 2 2 2 2 2 2 2 2 0 2 2 2 2 2 2 2 0 2 0 2 2 2 2 2 2 0 0 
Edges
0 1 0
1 0 0
1 2 0
1 3 0
2 1 0
2 4 0
2 5 0
3 1 0
3 6 0
3 7 0
4 2 0
4 8 0
4 9 0
5 2 0
5 10 0
5 11 0
6 3 0
6 12 0
7 3 0
7 10 0
7 13 0
8 4 0
8 14 0
8 15 0
9 4 0
9 16 0
9 17 0
10 5 0
10 7 0
10 18 0
11 5 0
11 15 0
11 19 0
12 6 0
12 20 0
13 7 0
13 21 0
14 8 0
14 17 0
15 8 0
15 11 0
15 22 0
16 9 0
17 9 0
17 14 0
17 23 0
17 24 0
18 10 0
19 11 0
20 12 0
20 25 0
21 13 0
21 26 0
21 27 0
22 15 0
23 17 0
24 17 0
24 28 0
25 20 0
25 29 0
26 21 0
27 21 0
27 31 0
27 32 0
28 24 0
28 33 0
29 25 0
29 34 0
30 35 0
31 27 0
32 27 0
32 36 0
33 28 0
33 37 0
34 29 0
34 38 0
35 30 0
35 38 0
36 32 0
36 39 0
37 33 0
37 40 0
37 41 0
38 34 0
38 35 0
39 36 0
39 42 0
40 37 0
40 43 0
41 37 0
41 44 0
41 45 0
42 39 0
42 46 0
42 47 0
43 40 0
44 41 0
45 41 0
45 48 0
45 49 0
46 42 0
47 42 0
47 50 0
47 51 0
48 45 0
48 52 0
49 45 0
49 53 0
49 54 0
50 47 0
51 47 0
51 54 0
51 55 0
52 48 0
52 56 0
52 57 0
53 49 0
54 49 0
54 51 0
54 58 0
55 51 0
56 52 0
57 52 0
58 54 0
GraphDataEnd
GraphEnd
NodeEnd
NodeStart
EPTNodeID: 3
AnchorID: 24719
TreeNodeGraphID: 6
Level: 6
SimplifiedLevel: 0
EditOperation: 5 59 60 0 0
AccumulatedOpsCount: 4
AccumulatedOp: 2 60 0 0 2
AccumulatedOp: 2 59 0 0 2
AccumulatedOp: 5 30 59 0 0
AccumulatedOp: 5 59 60 0 0
ChildrenCount: 1
ChildIndices: 4
CompletedDBGraphIDsCount: 1
CompletedDBGraphID: 9793
GraphStart
GraphDataStart
ID: 6
NumNodes: 61
NumEdges: 128
NodeLabels
0 2 2 2 2 2 2 2 2 2 2 2 3 3 0 2 0 2 0 0 0 2 2 2 0 2 0 2 2 2 2 2 2 2 2 2 2 2 2 2 0 2 2 2 2 2 2 2 0 2 0 2 2 2 2 2 2 0 0 2 2 
Edges
0 1 0
1 0 0
1 2 0
1 3 0
2 1 0
2 4 0
2 5 0
3 1 0
3 6 0
3 7 0
4 2 0
4 8 0
4 9 0
5 2 0
5 10 0
5 11 0
6 3 0
6 12 0
7 3 0
7 10 0
7 13 0
8 4 0
8 14 0
8 15 0
9 4 0
9 16 0
9 17 0
10 5 0
10 7 0
10 18 0
11 5 0
11 15 0
11 19 0
12 6 0
12 20 0
13 7 0
13 21 0
14 8 0
14 17 0
15 8 0
15 11 0
15 22 0
16 9 0
17 9 0
17 14 0
17 23 0
17 24 0
18 10 0
19 11 0
20 12 0
20 25 0
21 13 0
21 26 0
21 27 0
22 15 0
23 17 0
24 17 0
24 28 0
25 20 0
25 29 0
26 21 0
27 21 0
27 31 0
27 32 0
28 24 0
28 33 0
29 25 0
29 34 0
30 35 0
30 59 0
31 27 0
32 27 0
32 36 0
33 28 0
33 37 0
34 29 0
34 38 0
35 30 0
35 38 0
36 32 0
36 39 0
37 33 0
37 40 0
37 41 0
38 34 0
38 35 0
39 36 0
39 42 0
40 37 0
40 43 0
41 37 0
41 44 0
41 45 0
42 39 0
42 46 0
42 47 0
43 40 0
44 41 0
45 41 0
45 48 0
45 49 0
46 42 0
47 42 0
47 50 0
47 51 0
48 45 0
48 52 0
49 45 0
49 53 0
49 54 0
50 47 0
51 47 0
51 54 0
51 55 0
52 48 0
52 56 0
52 57 0
53 49 0
54 49 0
54 51 0
54 58 0
55 51 0
56 52 0
57 52 0
58 54 0
59 30 0
59 60 0
60 59 0
GraphDataEnd
GraphEnd
NodeEnd
NodeStart
EPTNodeID: 4
AnchorID: 24719
TreeNodeGraphID: 8
Level: 8
SimplifiedLevel: 0
EditOperation: 5 60 61 0 0
AccumulatedOpsCount: 2
AccumulatedOp: 2 61 0 0 2
AccumulatedOp: 5 60 61 0 0
ChildrenCount: 1
ChildIndices: 5
CompletedDBGraphIDsCount: 1
CompletedDBGraphID: 38117
GraphStart
GraphDataStart
ID: 8
NumNodes: 62
NumEdges: 130
NodeLabels
0 2 2 2 2 2 2 2 2 2 2 2 3 3 0 2 0 2 0 0 0 2 2 2 0 2 0 2 2 2 2 2 2 2 2 2 2 2 2 2 0 2 2 2 2 2 2 2 0 2 0 2 2 2 2 2 2 0 0 2 2 2 
Edges
0 1 0
1 0 0
1 2 0
1 3 0
2 1 0
2 4 0
2 5 0
3 1 0
3 6 0
3 7 0
4 2 0
4 8 0
4 9 0
5 2 0
5 10 0
5 11 0
6 3 0
6 12 0
7 3 0
7 10 0
7 13 0
8 4 0
8 14 0
8 15 0
9 4 0
9 16 0
9 17 0
10 5 0
10 7 0
10 18 0
11 5 0
11 15 0
11 19 0
12 6 0
12 20 0
13 7 0
13 21 0
14 8 0
14 17 0
15 8 0
15 11 0
15 22 0
16 9 0
17 9 0
17 14 0
17 23 0
17 24 0
18 10 0
19 11 0
20 12 0
20 25 0
21 13 0
21 26 0
21 27 0
22 15 0
23 17 0
24 17 0
24 28 0
25 20 0
25 29 0
26 21 0
27 21 0
27 31 0
27 32 0
28 24 0
28 33 0
29 25 0
29 34 0
30 35 0
30 59 0
31 27 0
32 27 0
32 36 0
33 28 0
33 37 0
34 29 0
34 38 0
35 30 0
35 38 0
36 32 0
36 39 0
37 33 0
37 40 0
37 41 0
38 34 0
38 35 0
39 36 0
39 42 0
40 37 0
40 43 0
41 37 0
41 44 0
41 45 0
42 39 0
42 46 0
42 47 0
43 40 0
44 41 0
45 41 0
45 48 0
45 49 0
46 42 0
47 42 0
47 50 0
47 51 0
48 45 0
48 52 0
49 45 0
49 53 0
49 54 0
50 47 0
51 47 0
51 54 0
51 55 0
52 48 0
52 56 0
52 57 0
53 49 0
54 49 0
54 51 0
54 58 0
55 51 0
56 52 0
57 52 0
58 54 0
59 30 0
59 60 0
60 59 0
60 61 0
61 60 0
GraphDataEnd
GraphEnd
NodeEnd
NodeStart
EPTNodeID: 5
AnchorID: 24719
TreeNodeGraphID: 10
Level: 10
SimplifiedLevel: 0
EditOperation: 5 61 62 0 0
AccumulatedOpsCount: 2
AccumulatedOp: 2 62 0 0 2
AccumulatedOp: 5 61 62 0 0
ChildrenCount: 1
ChildIndices: 6
CompletedDBGraphIDsCount: 1
CompletedDBGraphID: 4656
GraphStart
GraphDataStart
ID: 10
NumNodes: 63
NumEdges: 132
NodeLabels
0 2 2 2 2 2 2 2 2 2 2 2 3 3 0 2 0 2 0 0 0 2 2 2 0 2 0 2 2 2 2 2 2 2 2 2 2 2 2 2 0 2 2 2 2 2 2 2 0 2 0 2 2 2 2 2 2 0 0 2 2 2 2 
Edges
0 1 0
1 0 0
1 2 0
1 3 0
2 1 0
2 4 0
2 5 0
3 1 0
3 6 0
3 7 0
4 2 0
4 8 0
4 9 0
5 2 0
5 10 0
5 11 0
6 3 0
6 12 0
7 3 0
7 10 0
7 13 0
8 4 0
8 14 0
8 15 0
9 4 0
9 16 0
9 17 0
10 5 0
10 7 0
10 18 0
11 5 0
11 15 0
11 19 0
12 6 0
12 20 0
13 7 0
13 21 0
14 8 0
14 17 0
15 8 0
15 11 0
15 22 0
16 9 0
17 9 0
17 14 0
17 23 0
17 24 0
18 10 0
19 11 0
20 12 0
20 25 0
21 13 0
21 26 0
21 27 0
22 15 0
23 17 0
24 17 0
24 28 0
25 20 0
25 29 0
26 21 0
27 21 0
27 31 0
27 32 0
28 24 0
28 33 0
29 25 0
29 34 0
30 35 0
30 59 0
31 27 0
32 27 0
32 36 0
33 28 0
33 37 0
34 29 0
34 38 0
35 30 0
35 38 0
36 32 0
36 39 0
37 33 0
37 40 0
37 41 0
38 34 0
38 35 0
39 36 0
39 42 0
40 37 0
40 43 0
41 37 0
41 44 0
41 45 0
42 39 0
42 46 0
42 47 0
43 40 0
44 41 0
45 41 0
45 48 0
45 49 0
46 42 0
47 42 0
47 50 0
47 51 0
48 45 0
48 52 0
49 45 0
49 53 0
49 54 0
50 47 0
51 47 0
51 54 0
51 55 0
52 48 0
52 56 0
52 57 0
53 49 0
54 49 0
54 51 0
54 58 0
55 51 0
56 52 0
57 52 0
58 54 0
59 30 0
59 60 0
60 59 0
60 61 0
61 60 0
61 62 0
62 61 0
GraphDataEnd
GraphEnd
NodeEnd
NodeStart
EPTNodeID: 6
AnchorID: 24719
TreeNodeGraphID: 12
Level: 12
SimplifiedLevel: 0
EditOperation: 5 62 63 0 0
AccumulatedOpsCount: 2
AccumulatedOp: 2 63 0 0 2
AccumulatedOp: 5 62 63 0 0
ChildrenCount: 0
ChildIndices:
CompletedDBGraphIDsCount: 1
CompletedDBGraphID: 39307
GraphStart
GraphDataStart
ID: 12
NumNodes: 64
NumEdges: 134
NodeLabels
0 2 2 2 2 2 2 2 2 2 2 2 3 3 0 2 0 2 0 0 0 2 2 2 0 2 0 2 2 2 2 2 2 2 2 2 2 2 2 2 0 2 2 2 2 2 2 2 0 2 0 2 2 2 2 2 2 0 0 2 2 2 2 2 
Edges
0 1 0
1 0 0
1 2 0
1 3 0
2 1 0
2 4 0
2 5 0
3 1 0
3 6 0
3 7 0
4 2 0
4 8 0
4 9 0
5 2 0
5 10 0
5 11 0
6 3 0
6 12 0
7 3 0
7 10 0
7 13 0
8 4 0
8 14 0
8 15 0
9 4 0
9 16 0
9 17 0
10 5 0
10 7 0
10 18 0
11 5 0
11 15 0
11 19 0
12 6 0
12 20 0
13 7 0
13 21 0
14 8 0
14 17 0
15 8 0
15 11 0
15 22 0
16 9 0
17 9 0
17 14 0
17 23 0
17 24 0
18 10 0
19 11 0
20 12 0
20 25 0
21 13 0
21 26 0
21 27 0
22 15 0
23 17 0
24 17 0
24 28 0
25 20 0
25 29 0
26 21 0
27 21 0
27 31 0
27 32 0
28 24 0
28 33 0
29 25 0
29 34 0
30 35 0
30 59 0
31 27 0
32 27 0
32 36 0
33 28 0
33 37 0
34 29 0
34 38 0
35 30 0
35 38 0
36 32 0
36 39 0
37 33 0
37 40 0
37 41 0
38 34 0
38 35 0
39 36 0
39 42 0
40 37 0
40 43 0
41 37 0
41 44 0
41 45 0
42 39 0
42 46 0
42 47 0
43 40 0
44 41 0
45 41 0
45 48 0
45 49 0
46 42 0
47 42 0
47 50 0
47 51 0
48 45 0
48 52 0
49 45 0
49 53 0
49 54 0
50 47 0
51 47 0
51 54 0
51 55 0
52 48 0
52 56 0
52 57 0
53 49 0
54 49 0
54 51 0
54 58 0
55 51 0
56 52 0
57 52 0
58 54 0
59 30 0
59 60 0
60 59 0
60 61 0
61 60 0
61 62 0
62 61 0
62 63 0
63 62 0
GraphDataEnd
GraphEnd
NodeEnd
NodeStart
EPTNodeID: 7
AnchorID: 24719
TreeNodeGraphID: 14
Level: 4
SimplifiedLevel: 0
EditOperation: 1 30 0 2 0
AccumulatedOpsCount: 2
AccumulatedOp: 4 30 35 0 0
AccumulatedOp: 1 30 0 2 0
ChildrenCount: 0
ChildIndices:
CompletedDBGraphIDsCount: 1
CompletedDBGraphID: 28647
GraphStart
GraphDataStart
ID: 14
NumNodes: 58
NumEdges: 122
NodeLabels
0 2 2 2 2 2 2 2 2 2 2 2 3 3 0 2 0 2 0 0 0 2 2 2 0 2 0 2 2 2 2 2 2 2 2 2 2 2 2 0 2 2 2 2 2 2 2 0 2 0 2 2 2 2 2 2 0 0 
Edges
0 1 0
1 0 0
1 2 0
1 3 0
2 1 0
2 4 0
2 5 0
3 1 0
3 6 0
3 7 0
4 2 0
4 8 0
4 9 0
5 2 0
5 10 0
5 11 0
6 3 0
6 12 0
7 3 0
7 10 0
7 13 0
8 4 0
8 14 0
8 15 0
9 4 0
9 16 0
9 17 0
10 5 0
10 7 0
10 18 0
11 5 0
11 15 0
11 19 0
12 6 0
12 20 0
13 7 0
13 21 0
14 8 0
14 17 0
15 8 0
15 11 0
15 22 0
16 9 0
17 9 0
17 14 0
17 23 0
17 24 0
18 10 0
19 11 0
20 12 0
20 25 0
21 13 0
21 26 0
21 27 0
22 15 0
23 17 0
24 17 0
24 28 0
25 20 0
25 29 0
26 21 0
27 21 0
27 30 0
27 31 0
28 24 0
28 32 0
29 25 0
29 33 0
30 27 0
31 27 0
31 35 0
32 28 0
32 36 0
33 29 0
33 37 0
34 37 0
35 31 0
35 38 0
36 32 0
36 39 0
36 40 0
37 33 0
37 34 0
38 35 0
38 41 0
39 36 0
39 42 0
40 36 0
40 43 0
40 44 0
41 38 0
41 45 0
41 46 0
42 39 0
43 40 0
44 40 0
44 47 0
44 48 0
45 41 0
46 41 0
46 49 0
46 50 0
47 44 0
47 51 0
48 44 0
48 52 0
48 53 0
49 46 0
50 46 0
50 53 0
50 54 0
51 47 0
51 55 0
51 56 0
52 48 0
53 48 0
53 50 0
53 57 0
54 50 0
55 51 0
56 51 0
57 53 0
GraphDataEnd
GraphEnd
NodeEnd
NodeStart
EPTNodeID: 8
AnchorID: 24719
TreeNodeGraphID: 15
Level: 2
SimplifiedLevel: 0
EditOperation: 2 59 0 0 2
AccumulatedOpsCount: 1
AccumulatedOp: 2 59 0 0 2
ChildrenCount: 2
ChildIndices: 9 12
CompletedDBGraphIDsCount: 0
GraphStart
GraphDataStart
ID: 15
NumNodes: 60
NumEdges: 124
NodeLabels
0 2 2 2 2 2 2 2 2 2 2 2 3 3 0 2 0 2 0 0 2 2 2 2 0 2 0 2 2 2 2 2 2 2 2 2 2 2 2 2 0 2 2 2 2 2 2 2 0 2 0 2 2 2 2 2 2 0 0 2 
Edges
0 1 0
1 0 0
1 2 0
1 3 0
2 1 0
2 4 0
2 5 0
3 1 0
3 6 0
3 7 0
4 2 0
4 8 0
4 9 0
5 2 0
5 10 0
5 11 0
6 3 0
6 12 0
7 3 0
7 10 0
7 13 0
8 4 0
8 14 0
8 15 0
9 4 0
9 16 0
9 17 0
10 5 0
10 7 0
10 18 0
11 5 0
11 15 0
11 19 0
12 6 0
12 20 0
13 7 0
13 21 0
14 8 0
14 17 0
15 8 0
15 11 0
15 22 0
16 9 0
17 9 0
17 14 0
17 23 0
17 24 0
18 10 0
19 11 0
20 12 0
20 25 0
21 13 0
21 26 0
21 27 0
22 15 0
23 17 0
24 17 0
24 28 0
25 20 0
25 29 0
26 21 0
27 21 0
27 31 0
27 32 0
28 24 0
28 33 0
29 25 0
29 34 0
30 35 0
31 27 0
32 27 0
32 36 0
33 28 0
33 37 0
34 29 0
34 38 0
35 30 0
35 38 0
36 32 0
36 39 0
37 33 0
37 40 0
37 41 0
38 34 0
38 35 0
39 36 0
39 42 0
40 37 0
40 43 0
41 37 0
41 44 0
41 45 0
42 39 0
42 46 0
42 47 0
43 40 0
44 41 0
45 41 0
45 48 0
45 49 0
46 42 0
47 42 0
47 50 0
47 51 0
48 45 0
48 52 0
49 45 0
49 53 0
49 54 0
50 47 0
51 47 0
51 54 0
51 55 0
52 48 0
52 56 0
52 57 0
53 49 0
54 49 0
54 51 0
54 58 0
55 51 0
56 52 0
57 52 0
58 54 0
GraphDataEnd
GraphEnd
NodeEnd
NodeStart
EPTNodeID: 9
AnchorID: 24719
TreeNodeGraphID: 16
Level: 3
SimplifiedLevel: 0
EditOperation: 0 20 0 2 3
AccumulatedOpsCount: 1
AccumulatedOp: 0 20 0 2 3
ChildrenCount: 2
ChildIndices: 10 11
CompletedDBGraphIDsCount: 0
GraphStart
GraphDataStart
ID: 16
NumNodes: 60
NumEdges: 124
NodeLabels
0 2 2 2 2 2 2 2 2 2 2 2 3 3 0 2 0 2 0 0 3 2 2 2 0 2 0 2 2 2 2 2 2 2 2 2 2 2 2 2 0 2 2 2 2 2 2 2 0 2 0 2 2 2 2 2 2 0 0 2 
Edges
0 1 0
1 0 0
1 2 0
1 3 0
2 1 0
2 4 0
2 5 0
3 1 0
3 6 0
3 7 0
4 2 0
4 8 0
4 9 0
5 2 0
5 10 0
5 11 0
6 3 0
6 12 0
7 3 0
7 10 0
7 13 0
8 4 0
8 14 0
8 15 0
9 4 0
9 16 0
9 17 0
10 5 0
10 7 0
10 18 0
11 5 0
11 15 0
11 19 0
12 6 0
12 20 0
13 7 0
13 21 0
14 8 0
14 17 0
15 8 0
15 11 0
15 22 0
16 9 0
17 9 0
17 14 0
17 23 0
17 24 0
18 10 0
19 11 0
20 12 0
20 25 0
21 13 0
21 26 0
21 27 0
22 15 0
23 17 0
24 17 0
24 28 0
25 20 0
25 29 0
26 21 0
27 21 0
27 31 0
27 32 0
28 24 0
28 33 0
29 25 0
29 34 0
30 35 0
31 27 0
32 27 0
32 36 0
33 28 0
33 37 0
34 29 0
34 38 0
35 30 0
35 38 0
36 32 0
36 39 0
37 33 0
37 40 0
37 41 0
38 34 0
38 35 0
39 36 0
39 42 0
40 37 0
40 43 0
41 37 0
41 44 0
41 45 0
42 39 0
42 46 0
42 47 0
43 40 0
44 41 0
45 41 0
45 48 0
45 49 0
46 42 0
47 42 0
47 50 0
47 51 0
48 45 0
48 52 0
49 45 0
49 53 0
49 54 0
50 47 0
51 47 0
51 54 0
51 55 0
52 48 0
52 56 0
52 57 0
53 49 0
54 49 0
54 51 0
54 58 0
55 51 0
56 52 0
57 52 0
58 54 0
GraphDataEnd
GraphEnd
NodeEnd
NodeStart
EPTNodeID: 10
AnchorID: 24719
TreeNodeGraphID: 19
Level: 6
SimplifiedLevel: 0
EditOperation: 5 34 59 0 0
AccumulatedOpsCount: 3
AccumulatedOp: 0 34 0 2 3
AccumulatedOp: 5 20 30 0 0
AccumulatedOp: 5 34 59 0 0
ChildrenCount: 0
ChildIndices:
CompletedDBGraphIDsCount: 1
CompletedDBGraphID: 27997
GraphStart
GraphDataStart
ID: 19
NumNodes: 60
NumEdges: 128
NodeLabels
0 2 2 2 2 2 2 2 2 2 2 2 3 3 0 2 0 2 0 0 3 2 2 2 0 2 0 2 2 2 2 2 2 2 3 2 2 2 2 2 0 2 2 2 2 2 2 2 0 2 0 2 2 2 2 2 2 0 0 2 
Edges
0 1 0
1 0 0
1 2 0
1 3 0
2 1 0
2 4 0
2 5 0
3 1 0
3 6 0
3 7 0
4 2 0
4 8 0
4 9 0
5 2 0
5 10 0
5 11 0
6 3 0
6 12 0
7 3 0
7 10 0
7 13 0
8 4 0
8 14 0
8 15 0
9 4 0
9 16 0
9 17 0
10 5 0
10 7 0
10 18 0
11 5 0
11 15 0
11 19 0
12 6 0
12 20 0
13 7 0
13 21 0
14 8 0
14 17 0
15 8 0
15 11 0
15 22 0
16 9 0
17 9 0
17 14 0
17 23 0
17 24 0
18 10 0
19 11 0
20 12 0
20 25 0
20 30 0
21 13 0
21 26 0
21 27 0
22 15 0
23 17 0
24 17 0
24 28 0
25 20 0
25 29 0
26 21 0
27 21 0
27 31 0
27 32 0
28 24 0
28 33 0
29 25 0
29 34 0
30 35 0
30 20 0
31 27 0
32 27 0
32 36 0
33 28 0
33 37 0
34 29 0
34 38 0
34 59 0
35 30 0
35 38 0
36 32 0
36 39 0
37 33 0
37 40 0
37 41 0
38 34 0
38 35 0
39 36 0
39 42 0
40 37 0
40 43 0
41 37 0
41 44 0
41 45 0
42 39 0
42 46 0
42 47 0
43 40 0
44 41 0
45 41 0
45 48 0
45 49 0
46 42 0
47 42 0
47 50 0
47 51 0
48 45 0
48 52 0
49 45 0
49 53 0
49 54 0
50 47 0
51 47 0
51 54 0
51 55 0
52 48 0
52 56 0
52 57 0
53 49 0
54 49 0
54 51 0
54 58 0
55 51 0
56 52 0
57 52 0
58 54 0
59 34 0
GraphDataEnd
GraphEnd
NodeEnd
NodeStart
EPTNodeID: 11
AnchorID: 24719
TreeNodeGraphID: 23
Level: 7
SimplifiedLevel: 0
EditOperation: 5 30 60 0 0
AccumulatedOpsCount: 4
AccumulatedOp: 2 60 0 0 2
AccumulatedOp: 5 20 59 0 0
AccumulatedOp: 5 59 60 0 0
AccumulatedOp: 5 30 60 0 0
ChildrenCount: 0
ChildIndices:
CompletedDBGraphIDsCount: 1
CompletedDBGraphID: 34578
GraphStart
GraphDataStart
ID: 23
NumNodes: 61
NumEdges: 130
NodeLabels
0 2 2 2 2 2 2 2 2 2 2 2 3 3 0 2 0 2 0 0 3 2 2 2 0 2 0 2 2 2 2 2 2 2 2 2 2 2 2 2 0 2 2 2 2 2 2 2 0 2 0 2 2 2 2 2 2 0 0 2 2 
Edges
0 1 0
1 0 0
1 2 0
1 3 0
2 1 0
2 4 0
2 5 0
3 1 0
3 6 0
3 7 0
4 2 0
4 8 0
4 9 0
5 2 0
5 10 0
5 11 0
6 3 0
6 12 0
7 3 0
7 10 0
7 13 0
8 4 0
8 14 0
8 15 0
9 4 0
9 16 0
9 17 0
10 5 0
10 7 0
10 18 0
11 5 0
11 15 0
11 19 0
12 6 0
12 20 0
13 7 0
13 21 0
14 8 0
14 17 0
15 8 0
15 11 0
15 22 0
16 9 0
17 9 0
17 14 0
17 23 0
17 24 0
18 10 0
19 11 0
20 12 0
20 25 0
20 59 0
21 13 0
21 26 0
21 27 0
22 15 0
23 17 0
24 17 0
24 28 0
25 20 0
25 29 0
26 21 0
27 21 0
27 31 0
27 32 0
28 24 0
28 33 0
29 25 0
29 34 0
30 35 0
30 60 0
31 27 0
32 27 0
32 36 0
33 28 0
33 37 0
34 29 0
34 38 0
35 30 0
35 38 0
36 32 0
36 39 0
37 33 0
37 40 0
37 41 0
38 34 0
38 35 0
39 36 0
39 42 0
40 37 0
40 43 0
41 37 0
41 44 0
41 45 0
42 39 0
42 46 0
42 47 0
43 40 0
44 41 0
45 41 0
45 48 0
45 49 0
46 42 0
47 42 0
47 50 0
47 51 0
48 45 0
48 52 0
49 45 0
49 53 0
49 54 0
50 47 0
51 47 0
51 54 0
51 55 0
52 48 0
52 56 0
52 57 0
53 49 0
54 49 0
54 51 0
54 58 0
55 51 0
56 52 0
57 52 0
58 54 0
59 20 0
59 60 0
60 59 0
60 30 0
GraphDataEnd
GraphEnd
NodeEnd
NodeStart
EPTNodeID: 12
AnchorID: 24719
TreeNodeGraphID: 30
Level: 9
SimplifiedLevel: 0
EditOperation: 5 30 61 0 0
AccumulatedOpsCount: 7
AccumulatedOp: 2 60 0 0 2
AccumulatedOp: 2 61 0 0 2
AccumulatedOp: 5 34 60 0 0
AccumulatedOp: 5 20 59 0 0
AccumulatedOp: 5 59 60 0 0
AccumulatedOp: 5 60 61 0 0
AccumulatedOp: 5 30 61 0 0
ChildrenCount: 0
ChildIndices:
CompletedDBGraphIDsCount: 1
CompletedDBGraphID: 40001
GraphStart
GraphDataStart
ID: 30
NumNodes: 62
NumEdges: 134
NodeLabels
0 2 2 2 2 2 2 2 2 2 2 2 3 3 0 2 0 2 0 0 2 2 2 2 0 2 0 2 2 2 2 2 2 2 2 2 2 2 2 2 0 2 2 2 2 2 2 2 0 2 0 2 2 2 2 2 2 0 0 2 2 2 
Edges
0 1 0
1 0 0
1 2 0
1 3 0
2 1 0
2 4 0
2 5 0
3 1 0
3 6 0
3 7 0
4 2 0
4 8 0
4 9 0
5 2 0
5 10 0
5 11 0
6 3 0
6 12 0
7 3 0
7 10 0
7 13 0
8 4 0
8 14 0
8 15 0
9 4 0
9 16 0
9 17 0
10 5 0
10 7 0
10 18 0
11 5 0
11 15 0
11 19 0
12 6 0
12 20 0
13 7 0
13 21 0
14 8 0
14 17 0
15 8 0
15 11 0
15 22 0
16 9 0
17 9 0
17 14 0
17 23 0
17 24 0
18 10 0
19 11 0
20 12 0
20 25 0
20 59 0
21 13 0
21 26 0
21 27 0
22 15 0
23 17 0
24 17 0
24 28 0
25 20 0
25 29 0
26 21 0
27 21 0
27 31 0
27 32 0
28 24 0
28 33 0
29 25 0
29 34 0
30 35 0
30 61 0
31 27 0
32 27 0
32 36 0
33 28 0
33 37 0
34 29 0
34 38 0
34 60 0
35 30 0
35 38 0
36 32 0
36 39 0
37 33 0
37 40 0
37 41 0
38 34 0
38 35 0
39 36 0
39 42 0
40 37 0
40 43 0
41 37 0
41 44 0
41 45 0
42 39 0
42 46 0
42 47 0
43 40 0
44 41 0
45 41 0
45 48 0
45 49 0
46 42 0
47 42 0
47 50 0
47 51 0
48 45 0
48 52 0
49 45 0
49 53 0
49 54 0
50 47 0
51 47 0
51 54 0
51 55 0
52 48 0
52 56 0
52 57 0
53 49 0
54 49 0
54 51 0
54 58 0
55 51 0
56 52 0
57 52 0
58 54 0
59 20 0
59 60 0
60 34 0
60 59 0
60 61 0
61 60 0
61 30 0
GraphDataEnd
GraphEnd
NodeEnd
NodeStart
EPTNodeID: 13
AnchorID: 24719
TreeNodeGraphID: 31
Level: 2
SimplifiedLevel: 0
EditOperation: 0 20 0 2 3
AccumulatedOpsCount: 1
AccumulatedOp: 0 20 0 2 3
ChildrenCount: 2
ChildIndices: 14 15
CompletedDBGraphIDsCount: 0
GraphStart
GraphDataStart
ID: 31
NumNodes: 59
NumEdges: 124
NodeLabels
0 2 2 2 2 2 2 2 2 2 2 2 3 3 0 2 0 2 0 0 3 2 2 2 0 2 0 2 2 2 2 2 2 2 2 2 2 2 2 2 0 2 2 2 2 2 2 2 0 2 0 2 2 2 2 2 2 0 0 
Edges
0 1 0
1 0 0
1 2 0
1 3 0
2 1 0
2 4 0
2 5 0
3 1 0
3 6 0
3 7 0
4 2 0
4 8 0
4 9 0
5 2 0
5 10 0
5 11 0
6 3 0
6 12 0
7 3 0
7 10 0
7 13 0
8 4 0
8 14 0
8 15 0
9 4 0
9 16 0
9 17 0
10 5 0
10 7 0
10 18 0
11 5 0
11 15 0
11 19 0
12 6 0
12 20 0
13 7 0
13 21 0
14 8 0
14 17 0
15 8 0
15 11 0
15 22 0
16 9 0
17 9 0
17 14 0
17 23 0
17 24 0
18 10 0
19 11 0
20 12 0
20 25 0
21 13 0
21 26 0
21 27 0
22 15 0
23 17 0
24 17 0
24 28 0
25 20 0
25 29 0
26 21 0
27 21 0
27 31 0
27 32 0
28 24 0
28 33 0
29 25 0
29 34 0
30 35 0
31 27 0
32 27 0
32 36 0
33 28 0
33 37 0
34 29 0
34 38 0
35 30 0
35 38 0
36 32 0
36 39 0
37 33 0
37 40 0
37 41 0
38 34 0
38 35 0
39 36 0
39 42 0
40 37 0
40 43 0
41 37 0
41 44 0
41 45 0
42 39 0
42 46 0
42 47 0
43 40 0
44 41 0
45 41 0
45 48 0
45 49 0
46 42 0
47 42 0
47 50 0
47 51 0
48 45 0
48 52 0
49 45 0
49 53 0
49 54 0
50 47 0
51 47 0
51 54 0
51 55 0
52 48 0
52 56 0
52 57 0
53 49 0
54 49 0
54 51 0
54 58 0
55 51 0
56 52 0
57 52 0
58 54 0
GraphDataEnd
GraphEnd
NodeEnd
NodeStart
EPTNodeID: 14
AnchorID: 24719
TreeNodeGraphID: 33
Level: 4
SimplifiedLevel: 0
EditOperation: 5 20 30 0 0
AccumulatedOpsCount: 2
AccumulatedOp: 4 34 38 0 0
AccumulatedOp: 5 20 30 0 0
ChildrenCount: 0
ChildIndices:
CompletedDBGraphIDsCount: 1
CompletedDBGraphID: 28173
GraphStart
GraphDataStart
ID: 33
NumNodes: 59
NumEdges: 124
NodeLabels
0 2 2 2 2 2 2 2 2 2 2 2 3 3 0 2 0 2 0 0 3 2 2 2 0 2 0 2 2 2 2 2 2 2 2 2 2 2 2 2 0 2 2 2 2 2 2 2 0 2 0 2 2 2 2 2 2 0 0 
Edges
0 1 0
1 0 0
1 2 0
1 3 0
2 1 0
2 4 0
2 5 0
3 1 0
3 6 0
3 7 0
4 2 0
4 8 0
4 9 0
5 2 0
5 10 0
5 11 0
6 3 0
6 12 0
7 3 0
7 10 0
7 13 0
8 4 0
8 14 0
8 15 0
9 4 0
9 16 0
9 17 0
10 5 0
10 7 0
10 18 0
11 5 0
11 15 0
11 19 0
12 6 0
12 20 0
13 7 0
13 21 0
14 8 0
14 17 0
15 8 0
15 11 0
15 22 0
16 9 0
17 9 0
17 14 0
17 23 0
17 24 0
18 10 0
19 11 0
20 12 0
20 25 0
20 30 0
21 13 0
21 26 0
21 27 0
22 15 0
23 17 0
24 17 0
24 28 0
25 20 0
25 29 0
26 21 0
27 21 0
27 31 0
27 32 0
28 24 0
28 33 0
29 25 0
29 34 0
30 35 0
30 20 0
31 27 0
32 27 0
32 36 0
33 28 0
33 37 0
34 29 0
35 30 0
35 38 0
36 32 0
36 39 0
37 33 0
37 40 0
37 41 0
38 35 0
39 36 0
39 42 0
40 37 0
40 43 0
41 37 0
41 44 0
41 45 0
42 39 0
42 46 0
42 47 0
43 40 0
44 41 0
45 41 0
45 48 0
45 49 0
46 42 0
47 42 0
47 50 0
47 51 0
48 45 0
48 52 0
49 45 0
49 53 0
49 54 0
50 47 0
51 47 0
51 54 0
51 55 0
52 48 0
52 56 0
52 57 0
53 49 0
54 49 0
54 51 0
54 58 0
55 51 0
56 52 0
57 52 0
58 54 0
GraphDataEnd
GraphEnd
NodeEnd
NodeStart
EPTNodeID: 15
AnchorID: 24719
TreeNodeGraphID: 38
Level: 7
SimplifiedLevel: 0
EditOperation: 1 35 0 2 0
AccumulatedOpsCount: 5
AccumulatedOp: 5 20 38 0 0
AccumulatedOp: 4 35 38 0 0
AccumulatedOp: 4 30 35 0 0
AccumulatedOp: 1 30 0 2 0
AccumulatedOp: 1 35 0 2 0
ChildrenCount: 0
ChildIndices:
CompletedDBGraphIDsCount: 1
CompletedDBGraphID: 39395
GraphStart
GraphDataStart
ID: 38
NumNodes: 57
NumEdges: 122
NodeLabels
0 2 2 2 2 2 2 2 2 2 2 2 3 3 0 2 0 2 0 0 3 2 2 2 0 2 0 2 2 2 2 2 2 2 2 2 2 2 0 2 2 2 2 2 2 2 0 2 0 2 2 2 2 2 2 0 0 
Edges
0 1 0
1 0 0
1 2 0
1 3 0
2 1 0
2 4 0
2 5 0
3 1 0
3 6 0
3 7 0
4 2 0
4 8 0
4 9 0
5 2 0
5 10 0
5 11 0
6 3 0
6 12 0
7 3 0
7 10 0
7 13 0
8 4 0
8 14 0
8 15 0
9 4 0
9 16 0
9 17 0
10 5 0
10 7 0
10 18 0
11 5 0
11 15 0
11 19 0
12 6 0
12 20 0
13 7 0
13 21 0
14 8 0
14 17 0
15 8 0
15 11 0
15 22 0
16 9 0
17 9 0
17 14 0
17 23 0
17 24 0
18 10 0
19 11 0
20 12 0
20 25 0
20 36 0
21 13 0
21 26 0
21 27 0
22 15 0
23 17 0
24 17 0
24 28 0
25 20 0
25 29 0
26 21 0
27 21 0
27 30 0
27 31 0
28 24 0
28 32 0
29 25 0
29 33 0
30 27 0
31 27 0
31 34 0
32 28 0
32 35 0
33 29 0
33 36 0
34 31 0
34 37 0
35 32 0
35 38 0
35 39 0
36 33 0
36 20 0
37 34 0
37 40 0
38 35 0
38 41 0
39 35 0
39 42 0
39 43 0
40 37 0
40 44 0
40 45 0
41 38 0
42 39 0
43 39 0
43 46 0
43 47 0
44 40 0
45 40 0
45 48 0
45 49 0
46 43 0
46 50 0
47 43 0
47 51 0
47 52 0
48 45 0
49 45 0
49 52 0
49 53 0
50 46 0
50 54 0
50 55 0
51 47 0
52 47 0
52 49 0
52 56 0
53 49 0
54 50 0
55 50 0
56 52 0
GraphDataEnd
GraphEnd
NodeEnd
NodeStart
EPTNodeID: 16
AnchorID: 24719
TreeNodeGraphID: 39
Level: 2
SimplifiedLevel: 0
EditOperation: 4 35 38 0 0
AccumulatedOpsCount: 1
AccumulatedOp: 4 35 38 0 0
ChildrenCount: 2
ChildIndices: 17 20
CompletedDBGraphIDsCount: 0
GraphStart
GraphDataStart
ID: 39
NumNodes: 59
NumEdges: 122
NodeLabels
0 2 2 2 2 2 2 2 2 2 2 2 3 3 0 2 0 2 0 0 2 2 2 2 0 2 0 2 2 2 2 2 2 2 2 2 2 2 2 2 0 2 2 2 2 2 2 2 0 2 0 2 2 2 2 2 2 0 0 
Edges
0 1 0
1 0 0
1 2 0
1 3 0
2 1 0
2 4 0
2 5 0
3 1 0
3 6 0
3 7 0
4 2 0
4 8 0
4 9 0
5 2 0
5 10 0
5 11 0
6 3 0
6 12 0
7 3 0
7 10 0
7 13 0
8 4 0
8 14 0
8 15 0
9 4 0
9 16 0
9 17 0
10 5 0
10 7 0
10 18 0
11 5 0
11 15 0
11 19 0
12 6 0
12 20 0
13 7 0
13 21 0
14 8 0
14 17 0
15 8 0
15 11 0
15 22 0
16 9 0
17 9 0
17 14 0
17 23 0
17 24 0
18 10 0
19 11 0
20 12 0
20 25 0
21 13 0
21 26 0
21 27 0
22 15 0
23 17 0
24 17 0
24 28 0
25 20 0
25 29 0
26 21 0
27 21 0
27 31 0
27 32 0
28 24 0
28 33 0
29 25 0
29 34 0
30 35 0
31 27 0
32 27 0
32 36 0
33 28 0
33 37 0
34 29 0
34 38 0
35 30 0
36 32 0
36 39 0
37 33 0
37 40 0
37 41 0
38 34 0
39 36 0
39 42 0
40 37 0
40 43 0
41 37 0
41 44 0
41 45 0
42 39 0
42 46 0
42 47 0
43 40 0
44 41 0
45 41 0
45 48 0
45 49 0
46 42 0
47 42 0
47 50 0
47 51 0
48 45 0
48 52 0
49 45 0
49 53 0
49 54 0
50 47 0
51 47 0
51 54 0
51 55 0
52 48 0
52 56 0
52 57 0
53 49 0
54 49 0
54 51 0
54 58 0
55 51 0
56 52 0
57 52 0
58 54 0
GraphDataEnd
GraphEnd
NodeEnd
NodeStart
EPTNodeID: 17
AnchorID: 24719
TreeNodeGraphID: 44
Level: 7
SimplifiedLevel: 0
EditOperation: 5 12 35 0 0
AccumulatedOpsCount: 5
AccumulatedOp: 2 59 0 0 0
AccumulatedOp: 4 3 6 0 0
AccumulatedOp: 5 0 30 0 0
AccumulatedOp: 5 35 59 0 0
AccumulatedOp: 5 12 35 0 0
ChildrenCount: 2
ChildIndices: 18 19
CompletedDBGraphIDsCount: 0
GraphStart
GraphDataStart
ID: 44
NumNodes: 60
NumEdges: 126
NodeLabels
0 2 2 2 2 2 2 2 2 2 2 2 3 3 0 2 0 2 0 0 2 2 2 2 0 2 0 2 2 2 2 2 2 2 2 2 2 2 2 2 0 2 2 2 2 2 2 2 0 2 0 2 2 2 2 2 2 0 0 0 
Edges
0 1 0
0 30 0
1 0 0
1 2 0
1 3 0
2 1 0
2 4 0
2 5 0
3 1 0
3 7 0
4 2 0
4 8 0
4 9 0
5 2 0
5 10 0
5 11 0
6 12 0
7 3 0
7 10 0
7 13 0
8 4 0
8 14 0
8 15 0
9 4 0
9 16 0
9 17 0
10 5 0
10 7 0
10 18 0
11 5 0
11 15 0
11 19 0
12 6 0
12 20 0
12 35 0
13 7 0
13 21 0
14 8 0
14 17 0
15 8 0
15 11 0
15 22 0
16 9 0
17 9 0
17 14 0
17 23 0
17 24 0
18 10 0
19 11 0
20 12 0
20 25 0
21 13 0
21 26 0
21 27 0
22 15 0
23 17 0
24 17 0
24 28 0
25 20 0
25 29 0
26 21 0
27 21 0
27 31 0
27 32 0
28 24 0
28 33 0
29 25 0
29 34 0
30 35 0
30 0 0
31 27 0
32 27 0
32 36 0
33 28 0
33 37 0
34 29 0
34 38 0
35 30 0
35 59 0
35 12 0
36 32 0
36 39 0
37 33 0
37 40 0
37 41 0
38 34 0
39 36 0
39 42 0
40 37 0
40 43 0
41 37 0
41 44 0
41 45 0
42 39 0
42 46 0
42 47 0
43 40 0
44 41 0
45 41 0
45 48 0
45 49 0
46 42 0
47 42 0
47 50 0
47 51 0
48 45 0
48 52 0
49 45 0
49 53 0
49 54 0
50 47 0
51 47 0
51 54 0
51 55 0
52 48 0
52 56 0
52 57 0
53 49 0
54 49 0
54 51 0
54 58 0
55 51 0
56 52 0
57 52 0
58 54 0
59 35 0
GraphDataEnd
GraphEnd
NodeEnd
NodeStart
EPTNodeID: 18
AnchorID: 24719
TreeNodeGraphID: 45
Level: 8
SimplifiedLevel: 0
EditOperation: 5 6 38 0 0
AccumulatedOpsCount: 1
AccumulatedOp: 5 6 38 0 0
ChildrenCount: 0
ChildIndices:
CompletedDBGraphIDsCount: 1
CompletedDBGraphID: 21232
GraphStart
GraphDataStart
ID: 45
NumNodes: 60
NumEdges: 128
NodeLabels
0 2 2 2 2 2 2 2 2 2 2 2 3 3 0 2 0 2 0 0 2 2 2 2 0 2 0 2 2 2 2 2 2 2 2 2 2 2 2 2 0 2 2 2 2 2 2 2 0 2 0 2 2 2 2 2 2 0 0 0 
Edges
0 1 0
0 30 0
1 0 0
1 2 0
1 3 0
2 1 0
2 4 0
2 5 0
3 1 0
3 7 0
4 2 0
4 8 0
4 9 0
5 2 0
5 10 0
5 11 0
6 12 0
6 38 0
7 3 0
7 10 0
7 13 0
8 4 0
8 14 0
8 15 0
9 4 0
9 16 0
9 17 0
10 5 0
10 7 0
10 18 0
11 5 0
11 15 0
11 19 0
12 6 0
12 20 0
12 35 0
13 7 0
13 21 0
14 8 0
14 17 0
15 8 0
15 11 0
15 22 0
16 9 0
17 9 0
17 14 0
17 23 0
17 24 0
18 10 0
19 11 0
20 12 0
20 25 0
21 13 0
21 26 0
21 27 0
22 15 0
23 17 0
24 17 0
24 28 0
25 20 0
25 29 0
26 21 0
27 21 0
27 31 0
27 32 0
28 24 0
28 33 0
29 25 0
29 34 0
30 35 0
30 0 0
31 27 0
32 27 0
32 36 0
33 28 0
33 37 0
34 29 0
34 38 0
35 30 0
35 59 0
35 12 0
36 32 0
36 39 0
37 33 0
37 40 0
37 41 0
38 34 0
38 6 0
39 36 0
39 42 0
40 37 0
40 43 0
41 37 0
41 44 0
41 45 0
42 39 0
42 46 0
42 47 0
43 40 0
44 41 0
45 41 0
45 48 0
45 49 0
46 42 0
47 42 0
47 50 0
47 51 0
48 45 0
48 52 0
49 45 0
49 53 0
49 54 0
50 47 0
51 47 0
51 54 0
51 55 0
52 48 0
52 56 0
52 57 0
53 49 0
54 49 0
54 51 0
54 58 0
55 51 0
56 52 0
57 52 0
58 54 0
59 35 0
GraphDataEnd
GraphEnd
NodeEnd
NodeStart
EPTNodeID: 19
AnchorID: 24719
TreeNodeGraphID: 46
Level: 8
SimplifiedLevel: 0
EditOperation: 5 20 38 0 0
AccumulatedOpsCount: 1
AccumulatedOp: 5 20 38 0 0
ChildrenCount: 0
ChildIndices:
CompletedDBGraphIDsCount: 1
CompletedDBGraphID: 5803
GraphStart
GraphDataStart
ID: 46
NumNodes: 60
NumEdges: 128
NodeLabels
0 2 2 2 2 2 2 2 2 2 2 2 3 3 0 2 0 2 0 0 2 2 2 2 0 2 0 2 2 2 2 2 2 2 2 2 2 2 2 2 0 2 2 2 2 2 2 2 0 2 0 2 2 2 2 2 2 0 0 0 
Edges
0 1 0
0 30 0
1 0 0
1 2 0
1 3 0
2 1 0
2 4 0
2 5 0
3 1 0
3 7 0
4 2 0
4 8 0
4 9 0
5 2 0
5 10 0
5 11 0
6 12 0
7 3 0
7 10 0
7 13 0
8 4 0
8 14 0
8 15 0
9 4 0
9 16 0
9 17 0
10 5 0
10 7 0
10 18 0
11 5 0
11 15 0
11 19 0
12 6 0
12 20 0
12 35 0
13 7 0
13 21 0
14 8 0
14 17 0
15 8 0
15 11 0
15 22 0
16 9 0
17 9 0
17 14 0
17 23 0
17 24 0
18 10 0
19 11 0
20 12 0
20 25 0
20 38 0
21 13 0
21 26 0
21 27 0
22 15 0
23 17 0
24 17 0
24 28 0
25 20 0
25 29 0
26 21 0
27 21 0
27 31 0
27 32 0
28 24 0
28 33 0
29 25 0
29 34 0
30 35 0
30 0 0
31 27 0
32 27 0
32 36 0
33 28 0
33 37 0
34 29 0
34 38 0
35 30 0
35 59 0
35 12 0
36 32 0
36 39 0
37 33 0
37 40 0
37 41 0
38 34 0
38 20 0
39 36 0
39 42 0
40 37 0
40 43 0
41 37 0
41 44 0
41 45 0
42 39 0
42 46 0
42 47 0
43 40 0
44 41 0
45 41 0
45 48 0
45 49 0
46 42 0
47 42 0
47 50 0
47 51 0
48 45 0
48 52 0
49 45 0
49 53 0
49 54 0
50 47 0
51 47 0
51 54 0
51 55 0
52 48 0
52 56 0
52 57 0
53 49 0
54 49 0
54 51 0
54 58 0
55 51 0
56 52 0
57 52 0
58 54 0
59 35 0
GraphDataEnd
GraphEnd
NodeEnd
NodeStart
EPTNodeID: 20
AnchorID: 24719
TreeNodeGraphID: 53
Level: 9
SimplifiedLevel: 0
EditOperation: 1 35 0 2 0
AccumulatedOpsCount: 7
AccumulatedOp: 4 29 34 0 0
AccumulatedOp: 5 12 34 0 0
AccumulatedOp: 4 25 29 0 0
AccumulatedOp: 1 29 0 2 0
AccumulatedOp: 4 30 35 0 0
AccumulatedOp: 1 30 0 2 0
AccumulatedOp: 1 35 0 2 0
ChildrenCount: 0
ChildIndices:
CompletedDBGraphIDsCount: 1
CompletedDBGraphID: 20287
GraphStart
GraphDataStart
ID: 53
NumNodes: 56
NumEdges: 118
NodeLabels
0 2 2 2 2 2 2 2 2 2 2 2 3 3 0 2 0 2 0 0 2 2 2 2 0 2 0 2 2 2 2 2 2 2 2 2 2 0 2 2 2 2 2 2 2 0 2 0 2 2 2 2 2 2 0 0 
Edges
0 1 0
1 0 0
1 2 0
1 3 0
2 1 0
2 4 0
2 5 0
3 1 0
3 6 0
3 7 0
4 2 0
4 8 0
4 9 0
5 2 0
5 10 0
5 11 0
6 3 0
6 12 0
7 3 0
7 10 0
7 13 0
8 4 0
8 14 0
8 15 0
9 4 0
9 16 0
9 17 0
10 5 0
10 7 0
10 18 0
11 5 0
11 15 0
11 19 0
12 6 0
12 20 0
12 32 0
13 7 0
13 21 0
14 8 0
14 17 0
15 8 0
15 11 0
15 22 0
16 9 0
17 9 0
17 14 0
17 23 0
17 24 0
18 10 0
19 11 0
20 12 0
20 25 0
21 13 0
21 26 0
21 27 0
22 15 0
23 17 0
24 17 0
24 28 0
25 20 0
26 21 0
27 21 0
27 29 0
27 30 0
28 24 0
28 31 0
29 27 0
30 27 0
30 33 0
31 28 0
31 34 0
32 35 0
32 12 0
33 30 0
33 36 0
34 31 0
34 37 0
34 38 0
35 32 0
36 33 0
36 39 0
37 34 0
37 40 0
38 34 0
38 41 0
38 42 0
39 36 0
39 43 0
39 44 0
40 37 0
41 38 0
42 38 0
42 45 0
42 46 0
43 39 0
44 39 0
44 47 0
44 48 0
45 42 0
45 49 0
46 42 0
46 50 0
46 51 0
47 44 0
48 44 0
48 51 0
48 52 0
49 45 0
49 53 0
49 54 0
50 46 0
51 46 0
51 48 0
51 55 0
52 48 0
53 49 0
54 49 0
55 51 0
GraphDataEnd
GraphEnd
NodeEnd
NodeStart
EPTNodeID: 21
AnchorID: 24719
TreeNodeGraphID: 58
Level: 6
SimplifiedLevel: 0
EditOperation: 4 34 38 0 0
AccumulatedOpsCount: 5
AccumulatedOp: 5 12 35 0 0
AccumulatedOp: 0 30 0 2 0
AccumulatedOp: 4 3 6 0 0
AccumulatedOp: 5 0 38 0 0
AccumulatedOp: 4 34 38 0 0
ChildrenCount: 0
ChildIndices:
CompletedDBGraphIDsCount: 1
CompletedDBGraphID: 27167
GraphStart
GraphDataStart
ID: 58
NumNodes: 59
NumEdges: 124
NodeLabels
0 2 2 2 2 2 2 2 2 2 2 2 3 3 0 2 0 2 0 0 2 2 2 2 0 2 0 2 2 2 0 2 2 2 2 2 2 2 2 2 0 2 2 2 2 2 2 2 0 2 0 2 2 2 2 2 2 0 0 
Edges
0 1 0
0 38 0
1 0 0
1 2 0
1 3 0
2 1 0
2 4 0
2 5 0
3 1 0
3 7 0
4 2 0
4 8 0
4 9 0
5 2 0
5 10 0
5 11 0
6 12 0
7 3 0
7 10 0
7 13 0
8 4 0
8 14 0
8 15 0
9 4 0
9 16 0
9 17 0
10 5 0
10 7 0
10 18 0
11 5 0
11 15 0
11 19 0
12 6 0
12 20 0
12 35 0
13 7 0
13 21 0
14 8 0
14 17 0
15 8 0
15 11 0
15 22 0
16 9 0
17 9 0
17 14 0
17 23 0
17 24 0
18 10 0
19 11 0
20 12 0
20 25 0
21 13 0
21 26 0
21 27 0
22 15 0
23 17 0
24 17 0
24 28 0
25 20 0
25 29 0
26 21 0
27 21 0
27 31 0
27 32 0
28 24 0
28 33 0
29 25 0
29 34 0
30 35 0
31 27 0
32 27 0
32 36 0
33 28 0
33 37 0
34 29 0
35 30 0
35 38 0
35 12 0
36 32 0
36 39 0
37 33 0
37 40 0
37 41 0
38 35 0
38 0 0
39 36 0
39 42 0
40 37 0
40 43 0
41 37 0
41 44 0
41 45 0
42 39 0
42 46 0
42 47 0
43 40 0
44 41 0
45 41 0
45 48 0
45 49 0
46 42 0
47 42 0
47 50 0
47 51 0
48 45 0
48 52 0
49 45 0
49 53 0
49 54 0
50 47 0
51 47 0
51 54 0
51 55 0
52 48 0
52 56 0
52 57 0
53 49 0
54 49 0
54 51 0
54 58 0
55 51 0
56 52 0
57 52 0
58 54 0
GraphDataEnd
GraphEnd
NodeEnd
NodeStart
EPTNodeID: 22
AnchorID: 24719
TreeNodeGraphID: 59
Level: 1
SimplifiedLevel: 0
EditOperation: 4 3 6 0 0
AccumulatedOpsCount: 1
AccumulatedOp: 4 3 6 0 0
ChildrenCount: 5
ChildIndices: 23 27 28 29 30
CompletedDBGraphIDsCount: 0
GraphStart
GraphDataStart
ID: 59
NumNodes: 59
NumEdges: 124
NodeLabels
0 2 2 2 2 2 2 2 2 2 2 2 3 3 0 2 0 2 0 0 2 2 2 2 0 2 0 2 2 2 2 2 2 2 2 2 2 2 2 2 0 2 2 2 2 2 2 2 0 2 0 2 2 2 2 2 2 0 0 
Edges
0 1 0
1 0 0
1 2 0
1 3 0
2 1 0
2 4 0
2 5 0
3 1 0
3 7 0
4 2 0
4 8 0
4 9 0
5 2 0
5 10 0
5 11 0
6 12 0
7 3 0
7 10 0
7 13 0
8 4 0
8 14 0
8 15 0
9 4 0
9 16 0
9 17 0
10 5 0
10 7 0
10 18 0
11 5 0
11 15 0
11 19 0
12 6 0
12 20 0
13 7 0
13 21 0
14 8 0
14 17 0
15 8 0
15 11 0
15 22 0
16 9 0
17 9 0
17 14 0
17 23 0
17 24 0
18 10 0
19 11 0
20 12 0
20 25 0
21 13 0
21 26 0
21 27 0
22 15 0
23 17 0
24 17 0
24 28 0
25 20 0
25 29 0
25 30 0
26 21 0
27 21 0
27 31 0
27 32 0
28 24 0
28 33 0
29 25 0
29 34 0
30 25 0
30 35 0
31 27 0
32 27 0
32 36 0
33 28 0
33 37 0
34 29 0
34 38 0
35 30 0
35 38 0
36 32 0
36 39 0
37 33 0
37 40 0
37 41 0
38 34 0
38 35 0
39 36 0
39 42 0
40 37 0
40 43 0
41 37 0
41 44 0
41 45 0
42 39 0
42 46 0
42 47 0
43 40 0
44 41 0
45 41 0
45 48 0
45 49 0
46 42 0
47 42 0
47 50 0
47 51 0
48 45 0
48 52 0
49 45 0
49 53 0
49 54 0
50 47 0
51 47 0
51 54 0
51 55 0
52 48 0
52 56 0
52 57 0
53 49 0
54 49 0
54 51 0
54 58 0
55 51 0
56 52 0
57 52 0
58 54 0
GraphDataEnd
GraphEnd
NodeEnd
NodeStart
EPTNodeID: 23
AnchorID: 24719
TreeNodeGraphID: 60
Level: 2
SimplifiedLevel: 0
EditOperation: 4 35 38 0 0
AccumulatedOpsCount: 1
AccumulatedOp: 4 35 38 0 0
ChildrenCount: 2
ChildIndices: 24 26
CompletedDBGraphIDsCount: 0
GraphStart
GraphDataStart
ID: 60
NumNodes: 59
NumEdges: 122
NodeLabels
0 2 2 2 2 2 2 2 2 2 2 2 3 3 0 2 0 2 0 0 2 2 2 2 0 2 0 2 2 2 2 2 2 2 2 2 2 2 2 2 0 2 2 2 2 2 2 2 0 2 0 2 2 2 2 2 2 0 0 
Edges
0 1 0
1 0 0
1 2 0
1 3 0
2 1 0
2 4 0
2 5 0
3 1 0
3 7 0
4 2 0
4 8 0
4 9 0
5 2 0
5 10 0
5 11 0
6 12 0
7 3 0
7 10 0
7 13 0
8 4 0
8 14 0
8 15 0
9 4 0
9 16 0
9 17 0
10 5 0
10 7 0
10 18 0
11 5 0
11 15 0
11 19 0
12 6 0
12 20 0
13 7 0
13 21 0
14 8 0
14 17 0
15 8 0
15 11 0
15 22 0
16 9 0
17 9 0
17 14 0
17 23 0
17 24 0
18 10 0
19 11 0
20 12 0
20 25 0
21 13 0
21 26 0
21 27 0
22 15 0
23 17 0
24 17 0
24 28 0
25 20 0
25 29 0
25 30 0
26 21 0
27 21 0
27 31 0
27 32 0
28 24 0
28 33 0
29 25 0
29 34 0
30 25 0
30 35 0
31 27 0
32 27 0
32 36 0
33 28 0
33 37 0
34 29 0
34 38 0
35 30 0
36 32 0
36 39 0
37 33 0
37 40 0
37 41 0
38 34 0
39 36 0
39 42 0
40 37 0
40 43 0
41 37 0
41 44 0
41 45 0
42 39 0
42 46 0
42 47 0
43 40 0
44 41 0
45 41 0
45 48 0
45 49 0
46 42 0
47 42 0
47 50 0
47 51 0
48 45 0
48 52 0
49 45 0
49 53 0
49 54 0
50 47 0
51 47 0
51 54 0
51 55 0
52 48 0
52 56 0
52 57 0
53 49 0
54 49 0
54 51 0
54 58 0
55 51 0
56 52 0
57 52 0
58 54 0
GraphDataEnd
GraphEnd
NodeEnd
NodeStart
EPTNodeID: 24
AnchorID: 24719
TreeNodeGraphID: 65
Level: 7
SimplifiedLevel: 0
EditOperation: 5 6 20 0 0
AccumulatedOpsCount: 5
AccumulatedOp: 0 12 0 3 0
AccumulatedOp: 0 25 0 2 3
AccumulatedOp: 4 6 12 0 0
AccumulatedOp: 5 0 6 0 0
AccumulatedOp: 5 6 20 0 0
ChildrenCount: 1
ChildIndices: 25
CompletedDBGraphIDsCount: 1
CompletedDBGraphID: 41455
GraphStart
GraphDataStart
ID: 65
NumNodes: 59
NumEdges: 124
NodeLabels
0 2 2 2 2 2 2 2 2 2 2 2 0 3 0 2 0 2 0 0 2 2 2 2 0 3 0 2 2 2 2 2 2 2 2 2 2 2 2 2 0 2 2 2 2 2 2 2 0 2 0 2 2 2 2 2 2 0 0 
Edges
0 1 0
0 6 0
1 0 0
1 2 0
1 3 0
2 1 0
2 4 0
2 5 0
3 1 0
3 7 0
4 2 0
4 8 0
4 9 0
5 2 0
5 10 0
5 11 0
6 0 0
6 20 0
7 3 0
7 10 0
7 13 0
8 4 0
8 14 0
8 15 0
9 4 0
9 16 0
9 17 0
10 5 0
10 7 0
10 18 0
11 5 0
11 15 0
11 19 0
12 20 0
13 7 0
13 21 0
14 8 0
14 17 0
15 8 0
15 11 0
15 22 0
16 9 0
17 9 0
17 14 0
17 23 0
17 24 0
18 10 0
19 11 0
20 12 0
20 25 0
20 6 0
21 13 0
21 26 0
21 27 0
22 15 0
23 17 0
24 17 0
24 28 0
25 20 0
25 29 0
25 30 0
26 21 0
27 21 0
27 31 0
27 32 0
28 24 0
28 33 0
29 25 0
29 34 0
30 25 0
30 35 0
31 27 0
32 27 0
32 36 0
33 28 0
33 37 0
34 29 0
34 38 0
35 30 0
36 32 0
36 39 0
37 33 0
37 40 0
37 41 0
38 34 0
39 36 0
39 42 0
40 37 0
40 43 0
41 37 0
41 44 0
41 45 0
42 39 0
42 46 0
42 47 0
43 40 0
44 41 0
45 41 0
45 48 0
45 49 0
46 42 0
47 42 0
47 50 0
47 51 0
48 45 0
48 52 0
49 45 0
49 53 0
49 54 0
50 47 0
51 47 0
51 54 0
51 55 0
52 48 0
52 56 0
52 57 0
53 49 0
54 49 0
54 51 0
54 58 0
55 51 0
56 52 0
57 52 0
58 54 0
GraphDataEnd
GraphEnd
NodeEnd
NodeStart
EPTNodeID: 25
AnchorID: 24719
TreeNodeGraphID: 67
Level: 9
SimplifiedLevel: 0
EditOperation: 1 38 0 2 0
AccumulatedOpsCount: 2
AccumulatedOp: 4 34 38 0 0
AccumulatedOp: 1 38 0 2 0
ChildrenCount: 0
ChildIndices:
CompletedDBGraphIDsCount: 2
CompletedDBGraphID: 12045
CompletedDBGraphID: 26138
GraphStart
GraphDataStart
ID: 67
NumNodes: 58
NumEdges: 122
NodeLabels
0 2 2 2 2 2 2 2 2 2 2 2 0 3 0 2 0 2 0 0 2 2 2 2 0 3 0 2 2 2 2 2 2 2 2 2 2 2 2 0 2 2 2 2 2 2 2 0 2 0 2 2 2 2 2 2 0 0 
Edges
0 1 0
0 6 0
1 0 0
1 2 0
1 3 0
2 1 0
2 4 0
2 5 0
3 1 0
3 7 0
4 2 0
4 8 0
4 9 0
5 2 0
5 10 0
5 11 0
6 0 0
6 20 0
7 3 0
7 10 0
7 13 0
8 4 0
8 14 0
8 15 0
9 4 0
9 16 0
9 17 0
10 5 0
10 7 0
10 18 0
11 5 0
11 15 0
11 19 0
12 20 0
13 7 0
13 21 0
14 8 0
14 17 0
15 8 0
15 11 0
15 22 0
16 9 0
17 9 0
17 14 0
17 23 0
17 24 0
18 10 0
19 11 0
20 12 0
20 25 0
20 6 0
21 13 0
21 26 0
21 27 0
22 15 0
23 17 0
24 17 0
24 28 0
25 20 0
25 29 0
25 30 0
26 21 0
27 21 0
27 31 0
27 32 0
28 24 0
28 33 0
29 25 0
29 34 0
30 25 0
30 35 0
31 27 0
32 27 0
32 36 0
33 28 0
33 37 0
34 29 0
35 30 0
36 32 0
36 38 0
37 33 0
37 39 0
37 40 0
38 36 0
38 41 0
39 37 0
39 42 0
40 37 0
40 43 0
40 44 0
41 38 0
41 45 0
41 46 0
42 39 0
43 40 0
44 40 0
44 47 0
44 48 0
45 41 0
46 41 0
46 49 0
46 50 0
47 44 0
47 51 0
48 44 0
48 52 0
48 53 0
49 46 0
50 46 0
50 53 0
50 54 0
51 47 0
51 55 0
51 56 0
52 48 0
53 48 0
53 50 0
53 57 0
54 50 0
55 51 0
56 51 0
57 53 0
GraphDataEnd
GraphEnd
NodeEnd
NodeStart
EPTNodeID: 26
AnchorID: 24719
TreeNodeGraphID: 73
Level: 8
SimplifiedLevel: 0
EditOperation: 5 12 34 0 0
AccumulatedOpsCount: 6
AccumulatedOp: 0 29 0 2 0
AccumulatedOp: 4 30 35 0 0
AccumulatedOp: 1 35 0 2 0
AccumulatedOp: 4 25 29 0 0
AccumulatedOp: 5 0 38 0 0
AccumulatedOp: 5 12 34 0 0
ChildrenCount: 0
ChildIndices:
CompletedDBGraphIDsCount: 1
CompletedDBGraphID: 38304
GraphStart
GraphDataStart
ID: 73
NumNodes: 58
NumEdges: 122
NodeLabels
0 2 2 2 2 2 2 2 2 2 2 2 3 3 0 2 0 2 0 0 2 2 2 2 0 2 0 2 2 0 2 2 2 2 2 2 2 2 2 0 2 2 2 2 2 2 2 0 2 0 2 2 2 2 2 2 0 0 
Edges
0 1 0
0 37 0
1 0 0
1 2 0
1 3 0
2 1 0
2 4 0
2 5 0
3 1 0
3 7 0
4 2 0
4 8 0
4 9 0
5 2 0
5 10 0
5 11 0
6 12 0
7 3 0
7 10 0
7 13 0
8 4 0
8 14 0
8 15 0
9 4 0
9 16 0
9 17 0
10 5 0
10 7 0
10 18 0
11 5 0
11 15 0
11 19 0
12 6 0
12 20 0
12 34 0
13 7 0
13 21 0
14 8 0
14 17 0
15 8 0
15 11 0
15 22 0
16 9 0
17 9 0
17 14 0
17 23 0
17 24 0
18 10 0
19 11 0
20 12 0
20 25 0
21 13 0
21 26 0
21 27 0
22 15 0
23 17 0
24 17 0
24 28 0
25 20 0
25 30 0
26 21 0
27 21 0
27 31 0
27 32 0
28 24 0
28 33 0
29 34 0
30 25 0
31 27 0
32 27 0
32 35 0
33 28 0
33 36 0
34 29 0
34 37 0
34 12 0
35 32 0
35 38 0
36 33 0
36 39 0
36 40 0
37 34 0
37 0 0
38 35 0
38 41 0
39 36 0
39 42 0
40 36 0
40 43 0
40 44 0
41 38 0
41 45 0
41 46 0
42 39 0
43 40 0
44 40 0
44 47 0
44 48 0
45 41 0
46 41 0
46 49 0
46 50 0
47 44 0
47 51 0
48 44 0
48 52 0
48 53 0
49 46 0
50 46 0
50 53 0
50 54 0
51 47 0
51 55 0
51 56 0
52 48 0
53 48 0
53 50 0
53 57 0
54 50 0
55 51 0
56 51 0
57 53 0
GraphDataEnd
GraphEnd
NodeEnd
NodeStart
EPTNodeID: 27
AnchorID: 24719
TreeNodeGraphID: 80
Level: 8
SimplifiedLevel: 0
EditOperation: 5 20 38 0 0
AccumulatedOpsCount: 7
AccumulatedOp: 5 0 6 0 0
AccumulatedOp: 0 12 0 3 2
AccumulatedOp: 0 20 0 2 3
AccumulatedOp: 2 59 0 0 0
AccumulatedOp: 4 30 35 0 0
AccumulatedOp: 5 12 59 0 0
AccumulatedOp: 5 20 38 0 0
ChildrenCount: 0
ChildIndices:
CompletedDBGraphIDsCount: 1
CompletedDBGraphID: 11402
GraphStart
GraphDataStart
ID: 80
NumNodes: 60
NumEdges: 128
NodeLabels
0 2 2 2 2 2 2 2 2 2 2 2 2 3 0 2 0 2 0 0 3 2 2 2 0 2 0 2 2 2 2 2 2 2 2 2 2 2 2 2 0 2 2 2 2 2 2 2 0 2 0 2 2 2 2 2 2 0 0 0 
Edges
0 1 0
0 6 0
1 0 0
1 2 0
1 3 0
2 1 0
2 4 0
2 5 0
3 1 0
3 7 0
4 2 0
4 8 0
4 9 0
5 2 0
5 10 0
5 11 0
6 12 0
6 0 0
7 3 0
7 10 0
7 13 0
8 4 0
8 14 0
8 15 0
9 4 0
9 16 0
9 17 0
10 5 0
10 7 0
10 18 0
11 5 0
11 15 0
11 19 0
12 6 0
12 20 0
12 59 0
13 7 0
13 21 0
14 8 0
14 17 0
15 8 0
15 11 0
15 22 0
16 9 0
17 9 0
17 14 0
17 23 0
17 24 0
18 10 0
19 11 0
20 12 0
20 25 0
20 38 0
21 13 0
21 26 0
21 27 0
22 15 0
23 17 0
24 17 0
24 28 0
25 20 0
25 29 0
25 30 0
26 21 0
27 21 0
27 31 0
27 32 0
28 24 0
28 33 0
29 25 0
29 34 0
30 25 0
31 27 0
32 27 0
32 36 0
33 28 0
33 37 0
34 29 0
34 38 0
35 38 0
36 32 0
36 39 0
37 33 0
37 40 0
37 41 0
38 34 0
38 35 0
38 20 0
39 36 0
39 42 0
40 37 0
40 43 0
41 37 0
41 44 0
41 45 0
42 39 0
42 46 0
42 47 0
43 40 0
44 41 0
45 41 0
45 48 0
45 49 0
46 42 0
47 42 0
47 50 0
47 51 0
48 45 0
48 52 0
49 45 0
49 53 0
49 54 0
50 47 0
51 47 0
51 54 0
51 55 0
52 48 0
52 56 0
52 57 0
53 49 0
54 49 0
54 51 0
54 58 0
55 51 0
56 52 0
57 52 0
58 54 0
59 12 0
GraphDataEnd
GraphEnd
NodeEnd
NodeStart
EPTNodeID: 28
AnchorID: 24719
TreeNodeGraphID: 86
Level: 7
SimplifiedLevel: 0
EditOperation: 5 6 25 0 0
AccumulatedOpsCount: 6
AccumulatedOp: 4 30 35 0 0
AccumulatedOp: 0 34 0 2 0
AccumulatedOp: 4 29 34 0 0
AccumulatedOp: 5 0 35 0 0
AccumulatedOp: 5 12 38 0 0
AccumulatedOp: 5 6 25 0 0
ChildrenCount: 0
ChildIndices:
CompletedDBGraphIDsCount: 1
CompletedDBGraphID: 29420
GraphStart
GraphDataStart
ID: 86
NumNodes: 59
NumEdges: 126
NodeLabels
0 2 2 2 2 2 2 2 2 2 2 2 3 3 0 2 0 2 0 0 2 2 2 2 0 2 0 2 2 2 2 2 2 2 0 2 2 2 2 2 0 2 2 2 2 2 2 2 0 2 0 2 2 2 2 2 2 0 0 
Edges
0 1 0
0 35 0
1 0 0
1 2 0
1 3 0
2 1 0
2 4 0
2 5 0
3 1 0
3 7 0
4 2 0
4 8 0
4 9 0
5 2 0
5 10 0
5 11 0
6 12 0
6 25 0
7 3 0
7 10 0
7 13 0
8 4 0
8 14 0
8 15 0
9 4 0
9 16 0
9 17 0
10 5 0
10 7 0
10 18 0
11 5 0
11 15 0
11 19 0
12 6 0
12 20 0
12 38 0
13 7 0
13 21 0
14 8 0
14 17 0
15 8 0
15 11 0
15 22 0
16 9 0
17 9 0
17 14 0
17 23 0
17 24 0
18 10 0
19 11 0
20 12 0
20 25 0
21 13 0
21 26 0
21 27 0
22 15 0
23 17 0
24 17 0
24 28 0
25 20 0
25 29 0
25 30 0
25 6 0
26 21 0
27 21 0
27 31 0
27 32 0
28 24 0
28 33 0
29 25 0
30 25 0
31 27 0
32 27 0
32 36 0
33 28 0
33 37 0
34 38 0
35 38 0
35 0 0
36 32 0
36 39 0
37 33 0
37 40 0
37 41 0
38 34 0
38 35 0
38 12 0
39 36 0
39 42 0
40 37 0
40 43 0
41 37 0
41 44 0
41 45 0
42 39 0
42 46 0
42 47 0
43 40 0
44 41 0
45 41 0
45 48 0
45 49 0
46 42 0
47 42 0
47 50 0
47 51 0
48 45 0
48 52 0
49 45 0
49 53 0
49 54 0
50 47 0
51 47 0
51 54 0
51 55 0
52 48 0
52 56 0
52 57 0
53 49 0
54 49 0
54 51 0
54 58 0
55 51 0
56 52 0
57 52 0
58 54 0
GraphDataEnd
GraphEnd
NodeEnd
NodeStart
EPTNodeID: 29
AnchorID: 24719
TreeNodeGraphID: 94
Level: 9
SimplifiedLevel: 0
EditOperation: 5 12 38 0 0
AccumulatedOpsCount: 8
AccumulatedOp: 4 29 34 0 0
AccumulatedOp: 0 30 0 2 0
AccumulatedOp: 2 59 0 0 0
AccumulatedOp: 4 25 29 0 0
AccumulatedOp: 5 0 29 0 0
AccumulatedOp: 5 6 59 0 0
AccumulatedOp: 5 6 29 0 0
AccumulatedOp: 5 12 38 0 0
ChildrenCount: 0
ChildIndices:
CompletedDBGraphIDsCount: 1
CompletedDBGraphID: 28168
GraphStart
GraphDataStart
ID: 94
NumNodes: 60
NumEdges: 128
NodeLabels
0 2 2 2 2 2 2 2 2 2 2 2 3 3 0 2 0 2 0 0 2 2 2 2 0 2 0 2 2 2 0 2 2 2 2 2 2 2 2 2 0 2 2 2 2 2 2 2 0 2 0 2 2 2 2 2 2 0 0 0 
Edges
0 1 0
0 29 0
1 0 0
1 2 0
1 3 0
2 1 0
2 4 0
2 5 0
3 1 0
3 7 0
4 2 0
4 8 0
4 9 0
5 2 0
5 10 0
5 11 0
6 12 0
6 59 0
6 29 0
7 3 0
7 10 0
7 13 0
8 4 0
8 14 0
8 15 0
9 4 0
9 16 0
9 17 0
10 5 0
10 7 0
10 18 0
11 5 0
11 15 0
11 19 0
12 6 0
12 20 0
12 38 0
13 7 0
13 21 0
14 8 0
14 17 0
15 8 0
15 11 0
15 22 0
16 9 0
17 9 0
17 14 0
17 23 0
17 24 0
18 10 0
19 11 0
20 12 0
20 25 0
21 13 0
21 26 0
21 27 0
22 15 0
23 17 0
24 17 0
24 28 0
25 20 0
25 30 0
26 21 0
27 21 0
27 31 0
27 32 0
28 24 0
28 33 0
29 0 0
29 6 0
30 25 0
30 35 0
31 27 0
32 27 0
32 36 0
33 28 0
33 37 0
34 38 0
35 30 0
35 38 0
36 32 0
36 39 0
37 33 0
37 40 0
37 41 0
38 34 0
38 35 0
38 12 0
39 36 0
39 42 0
40 37 0
40 43 0
41 37 0
41 44 0
41 45 0
42 39 0
42 46 0
42 47 0
43 40 0
44 41 0
45 41 0
45 48 0
45 49 0
46 42 0
47 42 0
47 50 0
47 51 0
48 45 0
48 52 0
49 45 0
49 53 0
49 54 0
50 47 0
51 47 0
51 54 0
51 55 0
52 48 0
52 56 0
52 57 0
53 49 0
54 49 0
54 51 0
54 58 0
55 51 0
56 52 0
57 52 0
58 54 0
59 6 0
GraphDataEnd
GraphEnd
NodeEnd
NodeStart
EPTNodeID: 30
AnchorID: 24719
TreeNodeGraphID: 101
Level: 8
SimplifiedLevel: 0
EditOperation: 5 12 25 0 0
AccumulatedOpsCount: 7
AccumulatedOp: 2 59 0 0 2
AccumulatedOp: 5 0 59 0 0
AccumulatedOp: 2 60 0 0 0
AccumulatedOp: 4 20 25 0 0
AccumulatedOp: 5 20 59 0 0
AccumulatedOp: 5 20 60 0 0
AccumulatedOp: 5 12 25 0 0
ChildrenCount: 0
ChildIndices:
CompletedDBGraphIDsCount: 1
CompletedDBGraphID: 11186
GraphStart
GraphDataStart
ID: 101
NumNodes: 61
NumEdges: 130
NodeLabels
0 2 2 2 2 2 2 2 2 2 2 2 3 3 0 2 0 2 0 0 2 2 2 2 0 2 0 2 2 2 2 2 2 2 2 2 2 2 2 2 0 2 2 2 2 2 2 2 0 2 0 2 2 2 2 2 2 0 0 2 0 
Edges
0 1 0
0 59 0
1 0 0
1 2 0
1 3 0
2 1 0
2 4 0
2 5 0
3 1 0
3 7 0
4 2 0
4 8 0
4 9 0
5 2 0
5 10 0
5 11 0
6 12 0
7 3 0
7 10 0
7 13 0
8 4 0
8 14 0
8 15 0
9 4 0
9 16 0
9 17 0
10 5 0
10 7 0
10 18 0
11 5 0
11 15 0
11 19 0
12 6 0
12 20 0
12 25 0
13 7 0
13 21 0
14 8 0
14 17 0
15 8 0
15 11 0
15 22 0
16 9 0
17 9 0
17 14 0
17 23 0
17 24 0
18 10 0
19 11 0
20 12 0
20 59 0
20 60 0
21 13 0
21 26 0
21 27 0
22 15 0
23 17 0
24 17 0
24 28 0
25 29 0
25 30 0
25 12 0
26 21 0
27 21 0
27 31 0
27 32 0
28 24 0
28 33 0
29 25 0
29 34 0
30 25 0
30 35 0
31 27 0
32 27 0
32 36 0
33 28 0
33 37 0
34 29 0
34 38 0
35 30 0
35 38 0
36 32 0
36 39 0
37 33 0
37 40 0
37 41 0
38 34 0
38 35 0
39 36 0
39 42 0
40 37 0
40 43 0
41 37 0
41 44 0
41 45 0
42 39 0
42 46 0
42 47 0
43 40 0
44 41 0
45 41 0
45 48 0
45 49 0
46 42 0
47 42 0
47 50 0
47 51 0
48 45 0
48 52 0
49 45 0
49 53 0
49 54 0
50 47 0
51 47 0
51 54 0
51 55 0
52 48 0
52 56 0
52 57 0
53 49 0
54 49 0
54 51 0
54 58 0
55 51 0
56 52 0
57 52 0
58 54 0
59 0 0
59 20 0
60 20 0
GraphDataEnd
GraphEnd
NodeEnd
NodeStart
EPTNodeID: 31
AnchorID: 24719
TreeNodeGraphID: 102
Level: 1
SimplifiedLevel: 0
EditOperation: 0 20 0 2 3
AccumulatedOpsCount: 1
AccumulatedOp: 0 20 0 2 3
ChildrenCount: 2
ChildIndices: 32 35
CompletedDBGraphIDsCount: 0
GraphStart
GraphDataStart
ID: 102
NumNodes: 59
NumEdges: 126
NodeLabels
0 2 2 2 2 2 2 2 2 2 2 2 3 3 0 2 0 2 0 0 3 2 2 2 0 2 0 2 2 2 2 2 2 2 2 2 2 2 2 2 0 2 2 2 2 2 2 2 0 2 0 2 2 2 2 2 2 0 0 
Edges
0 1 0
1 0 0
1 2 0
1 3 0
2 1 0
2 4 0
2 5 0
3 1 0
3 6 0
3 7 0
4 2 0
4 8 0
4 9 0
5 2 0
5 10 0
5 11 0
6 3 0
6 12 0
7 3 0
7 10 0
7 13 0
8 4 0
8 14 0
8 15 0
9 4 0
9 16 0
9 17 0
10 5 0
10 7 0
10 18 0
11 5 0
11 15 0
11 19 0
12 6 0
12 20 0
13 7 0
13 21 0
14 8 0
14 17 0
15 8 0
15 11 0
15 22 0
16 9 0
17 9 0
17 14 0
17 23 0
17 24 0
18 10 0
19 11 0
20 12 0
20 25 0
21 13 0
21 26 0
21 27 0
22 15 0
23 17 0
24 17 0
24 28 0
25 20 0
25 29 0
25 30 0
26 21 0
27 21 0
27 31 0
27 32 0
28 24 0
28 33 0
29 25 0
29 34 0
30 25 0
30 35 0
31 27 0
32 27 0
32 36 0
33 28 0
33 37 0
34 29 0
34 38 0
35 30 0
35 38 0
36 32 0
36 39 0
37 33 0
37 40 0
37 41 0
38 34 0
38 35 0
39 36 0
39 42 0
40 37 0
40 43 0
41 37 0
41 44 0
41 45 0
42 39 0
42 46 0
42 47 0
43 40 0
44 41 0
45 41 0
45 48 0
45 49 0
46 42 0
47 42 0
47 50 0
47 51 0
48 45 0
48 52 0
49 45 0
49 53 0
49 54 0
50 47 0
51 47 0
51 54 0
51 55 0
52 48 0
52 56 0
52 57 0
53 49 0
54 49 0
54 51 0
54 58 0
55 51 0
56 52 0
57 52 0
58 54 0
GraphDataEnd
GraphEnd
NodeEnd
NodeStart
EPTNodeID: 32
AnchorID: 24719
TreeNodeGraphID: 106
Level: 5
SimplifiedLevel: 0
EditOperation: 1 29 0 2 0
AccumulatedOpsCount: 4
AccumulatedOp: 4 25 29 0 0
AccumulatedOp: 4 29 34 0 0
AccumulatedOp: 5 20 34 0 0
AccumulatedOp: 1 29 0 2 0
ChildrenCount: 2
ChildIndices: 33 34
CompletedDBGraphIDsCount: 1
CompletedDBGraphID: 40306
GraphStart
GraphDataStart
ID: 106
NumNodes: 58
NumEdges: 124
NodeLabels
0 2 2 2 2 2 2 2 2 2 2 2 3 3 0 2 0 2 0 0 3 2 2 2 0 2 0 2 2 2 2 2 2 2 2 2 2 2 2 0 2 2 2 2 2 2 2 0 2 0 2 2 2 2 2 2 0 0 
Edges
0 1 0
1 0 0
1 2 0
1 3 0
2 1 0
2 4 0
2 5 0
3 1 0
3 6 0
3 7 0
4 2 0
4 8 0
4 9 0
5 2 0
5 10 0
5 11 0
6 3 0
6 12 0
7 3 0
7 10 0
7 13 0
8 4 0
8 14 0
8 15 0
9 4 0
9 16 0
9 17 0
10 5 0
10 7 0
10 18 0
11 5 0
11 15 0
11 19 0
12 6 0
12 20 0
13 7 0
13 21 0
14 8 0
14 17 0
15 8 0
15 11 0
15 22 0
16 9 0
17 9 0
17 14 0
17 23 0
17 24 0
18 10 0
19 11 0
20 12 0
20 25 0
20 33 0
21 13 0
21 26 0
21 27 0
22 15 0
23 17 0
24 17 0
24 28 0
25 20 0
25 29 0
26 21 0
27 21 0
27 30 0
27 31 0
28 24 0
28 32 0
29 25 0
29 34 0
30 27 0
31 27 0
31 35 0
32 28 0
32 36 0
33 37 0
33 20 0
34 29 0
34 37 0
35 31 0
35 38 0
36 32 0
36 39 0
36 40 0
37 33 0
37 34 0
38 35 0
38 41 0
39 36 0
39 42 0
40 36 0
40 43 0
40 44 0
41 38 0
41 45 0
41 46 0
42 39 0
43 40 0
44 40 0
44 47 0
44 48 0
45 41 0
46 41 0
46 49 0
46 50 0
47 44 0
47 51 0
48 44 0
48 52 0
48 53 0
49 46 0
50 46 0
50 53 0
50 54 0
51 47 0
51 55 0
51 56 0
52 48 0
53 48 0
53 50 0
53 57 0
54 50 0
55 51 0
56 51 0
57 53 0
GraphDataEnd
GraphEnd
NodeEnd
NodeStart
EPTNodeID: 33
AnchorID: 24719
TreeNodeGraphID: 107
Level: 6
SimplifiedLevel: 0
EditOperation: 0 35 0 2 3
AccumulatedOpsCount: 1
AccumulatedOp: 0 35 0 2 3
ChildrenCount: 0
ChildIndices:
CompletedDBGraphIDsCount: 1
CompletedDBGraphID: 37308
GraphStart
GraphDataStart
ID: 107
NumNodes: 58
NumEdges: 124
NodeLabels
0 2 2 2 2 2 2 2 2 2 2 2 3 3 0 2 0 2 0 0 3 2 2 2 0 2 0 2 2 2 2 2 2 2 3 2 2 2 2 0 2 2 2 2 2 2 2 0 2 0 2 2 2 2 2 2 0 0 
Edges
0 1 0
1 0 0
1 2 0
1 3 0
2 1 0
2 4 0
2 5 0
3 1 0
3 6 0
3 7 0
4 2 0
4 8 0
4 9 0
5 2 0
5 10 0
5 11 0
6 3 0
6 12 0
7 3 0
7 10 0
7 13 0
8 4 0
8 14 0
8 15 0
9 4 0
9 16 0
9 17 0
10 5 0
10 7 0
10 18 0
11 5 0
11 15 0
11 19 0
12 6 0
12 20 0
13 7 0
13 21 0
14 8 0
14 17 0
15 8 0
15 11 0
15 22 0
16 9 0
17 9 0
17 14 0
17 23 0
17 24 0
18 10 0
19 11 0
20 12 0
20 25 0
20 33 0
21 13 0
21 26 0
21 27 0
22 15 0
23 17 0
24 17 0
24 28 0
25 20 0
25 29 0
26 21 0
27 21 0
27 30 0
27 31 0
28 24 0
28 32 0
29 25 0
29 34 0
30 27 0
31 27 0
31 35 0
32 28 0
32 36 0
33 37 0
33 20 0
34 29 0
34 37 0
35 31 0
35 38 0
36 32 0
36 39 0
36 40 0
37 33 0
37 34 0
38 35 0
38 41 0
39 36 0
39 42 0
40 36 0
40 43 0
40 44 0
41 38 0
41 45 0
41 46 0
42 39 0
43 40 0
44 40 0
44 47 0
44 48 0
45 41 0
46 41 0
46 49 0
46 50 0
47 44 0
47 51 0
48 44 0
48 52 0
48 53 0
49 46 0
50 46 0
50 53 0
50 54 0
51 47 0
51 55 0
51 56 0
52 48 0
53 48 0
53 50 0
53 57 0
54 50 0
55 51 0
56 51 0
57 53 0
GraphDataEnd
GraphEnd
NodeEnd
NodeStart
EPTNodeID: 34
AnchorID: 24719
TreeNodeGraphID: 108
Level: 6
SimplifiedLevel: 0
EditOperation: 0 35 0 2 0
AccumulatedOpsCount: 1
AccumulatedOp: 0 35 0 2 0
ChildrenCount: 0
ChildIndices:
CompletedDBGraphIDsCount: 1
CompletedDBGraphID: 41945
GraphStart
GraphDataStart
ID: 108
NumNodes: 58
NumEdges: 124
NodeLabels
0 2 2 2 2 2 2 2 2 2 2 2 3 3 0 2 0 2 0 0 3 2 2 2 0 2 0 2 2 2 2 2 2 2 0 2 2 2 2 0 2 2 2 2 2 2 2 0 2 0 2 2 2 2 2 2 0 0 
Edges
0 1 0
1 0 0
1 2 0
1 3 0
2 1 0
2 4 0
2 5 0
3 1 0
3 6 0
3 7 0
4 2 0
4 8 0
4 9 0
5 2 0
5 10 0
5 11 0
6 3 0
6 12 0
7 3 0
7 10 0
7 13 0
8 4 0
8 14 0
8 15 0
9 4 0
9 16 0
9 17 0
10 5 0
10 7 0
10 18 0
11 5 0
11 15 0
11 19 0
12 6 0
12 20 0
13 7 0
13 21 0
14 8 0
14 17 0
15 8 0
15 11 0
15 22 0
16 9 0
17 9 0
17 14 0
17 23 0
17 24 0
18 10 0
19 11 0
20 12 0
20 25 0
20 33 0
21 13 0
21 26 0
21 27 0
22 15 0
23 17 0
24 17 0
24 28 0
25 20 0
25 29 0
26 21 0
27 21 0
27 30 0
27 31 0
28 24 0
28 32 0
29 25 0
29 34 0
30 27 0
31 27 0
31 35 0
32 28 0
32 36 0
33 37 0
33 20 0
34 29 0
34 37 0
35 31 0
35 38 0
36 32 0
36 39 0
36 40 0
37 33 0
37 34 0
38 35 0
38 41 0
39 36 0
39 42 0
40 36 0
40 43 0
40 44 0
41 38 0
41 45 0
41 46 0
42 39 0
43 40 0
44 40 0
44 47 0
44 48 0
45 41 0
46 41 0
46 49 0
46 50 0
47 44 0
47 51 0
48 44 0
48 52 0
48 53 0
49 46 0
50 46 0
50 53 0
50 54 0
51 47 0
51 55 0
51 56 0
52 48 0
53 48 0
53 50 0
53 57 0
54 50 0
55 51 0
56 51 0
57 53 0
GraphDataEnd
GraphEnd
NodeEnd
NodeStart
EPTNodeID: 35
AnchorID: 24719
TreeNodeGraphID: 110
Level: 3
SimplifiedLevel: 0
EditOperation: 0 30 0 2 3
AccumulatedOpsCount: 2
AccumulatedOp: 0 29 0 2 3
AccumulatedOp: 0 30 0 2 3
ChildrenCount: 0
ChildIndices:
CompletedDBGraphIDsCount: 1
CompletedDBGraphID: 40795
GraphStart
GraphDataStart
ID: 110
NumNodes: 59
NumEdges: 126
NodeLabels
0 2 2 2 2 2 2 2 2 2 2 2 3 3 0 2 0 2 0 0 3 2 2 2 0 2 0 2 2 3 3 2 2 2 2 2 2 2 2 2 0 2 2 2 2 2 2 2 0 2 0 2 2 2 2 2 2 0 0 
Edges
0 1 0
1 0 0
1 2 0
1 3 0
2 1 0
2 4 0
2 5 0
3 1 0
3 6 0
3 7 0
4 2 0
4 8 0
4 9 0
5 2 0
5 10 0
5 11 0
6 3 0
6 12 0
7 3 0
7 10 0
7 13 0
8 4 0
8 14 0
8 15 0
9 4 0
9 16 0
9 17 0
10 5 0
10 7 0
10 18 0
11 5 0
11 15 0
11 19 0
12 6 0
12 20 0
13 7 0
13 21 0
14 8 0
14 17 0
15 8 0
15 11 0
15 22 0
16 9 0
17 9 0
17 14 0
17 23 0
17 24 0
18 10 0
19 11 0
20 12 0
20 25 0
21 13 0
21 26 0
21 27 0
22 15 0
23 17 0
24 17 0
24 28 0
25 20 0
25 29 0
25 30 0
26 21 0
27 21 0
27 31 0
27 32 0
28 24 0
28 33 0
29 25 0
29 34 0
30 25 0
30 35 0
31 27 0
32 27 0
32 36 0
33 28 0
33 37 0
34 29 0
34 38 0
35 30 0
35 38 0
36 32 0
36 39 0
37 33 0
37 40 0
37 41 0
38 34 0
38 35 0
39 36 0
39 42 0
40 37 0
40 43 0
41 37 0
41 44 0
41 45 0
42 39 0
42 46 0
42 47 0
43 40 0
44 41 0
45 41 0
45 48 0
45 49 0
46 42 0
47 42 0
47 50 0
47 51 0
48 45 0
48 52 0
49 45 0
49 53 0
49 54 0
50 47 0
51 47 0
51 54 0
51 55 0
52 48 0
52 56 0
52 57 0
53 49 0
54 49 0
54 51 0
54 58 0
55 51 0
56 52 0
57 52 0
58 54 0
GraphDataEnd
GraphEnd
NodeEnd
NodeStart
EPTNodeID: 36
AnchorID: 24719
TreeNodeGraphID: 115
Level: 5
SimplifiedLevel: 0
EditOperation: 5 12 59 0 0
AccumulatedOpsCount: 5
AccumulatedOp: 2 60 0 0 2
AccumulatedOp: 4 12 20 0 0
AccumulatedOp: 2 59 0 0 0
AccumulatedOp: 5 59 60 0 0
AccumulatedOp: 5 12 59 0 0
ChildrenCount: 2
ChildIndices: 37 38
CompletedDBGraphIDsCount: 0
GraphStart
GraphDataStart
ID: 115
NumNodes: 61
NumEdges: 128
NodeLabels
0 2 2 2 2 2 2 2 2 2 2 2 3 3 0 2 0 2 0 0 2 2 2 2 0 2 0 2 2 2 2 2 2 2 2 2 2 2 2 2 0 2 2 2 2 2 2 2 0 2 0 2 2 2 2 2 2 0 0 0 2 
Edges
0 1 0
1 0 0
1 2 0
1 3 0
2 1 0
2 4 0
2 5 0
3 1 0
3 6 0
3 7 0
4 2 0
4 8 0
4 9 0
5 2 0
5 10 0
5 11 0
6 3 0
6 12 0
7 3 0
7 10 0
7 13 0
8 4 0
8 14 0
8 15 0
9 4 0
9 16 0
9 17 0
10 5 0
10 7 0
10 18 0
11 5 0
11 15 0
11 19 0
12 6 0
12 59 0
13 7 0
13 21 0
14 8 0
14 17 0
15 8 0
15 11 0
15 22 0
16 9 0
17 9 0
17 14 0
17 23 0
17 24 0
18 10 0
19 11 0
20 25 0
21 13 0
21 26 0
21 27 0
22 15 0
23 17 0
24 17 0
24 28 0
25 20 0
25 29 0
25 30 0
26 21 0
27 21 0
27 31 0
27 32 0
28 24 0
28 33 0
29 25 0
29 34 0
30 25 0
30 35 0
31 27 0
32 27 0
32 36 0
33 28 0
33 37 0
34 29 0
34 38 0
35 30 0
35 38 0
36 32 0
36 39 0
37 33 0
37 40 0
37 41 0
38 34 0
38 35 0
39 36 0
39 42 0
40 37 0
40 43 0
41 37 0
41 44 0
41 45 0
42 39 0
42 46 0
42 47 0
43 40 0
44 41 0
45 41 0
45 48 0
45 49 0
46 42 0
47 42 0
47 50 0
47 51 0
48 45 0
48 52 0
49 45 0
49 53 0
49 54 0
50 47 0
51 47 0
51 54 0
51 55 0
52 48 0
52 56 0
52 57 0
53 49 0
54 49 0
54 51 0
54 58 0
55 51 0
56 52 0
57 52 0
58 54 0
59 60 0
59 12 0
60 59 0
GraphDataEnd
GraphEnd
NodeEnd
NodeStart
EPTNodeID: 37
AnchorID: 24719
TreeNodeGraphID: 117
Level: 7
SimplifiedLevel: 0
EditOperation: 0 25 0 2 3
AccumulatedOpsCount: 2
AccumulatedOp: 5 20 60 0 0
AccumulatedOp: 0 25 0 2 3
ChildrenCount: 0
ChildIndices:
CompletedDBGraphIDsCount: 1
CompletedDBGraphID: 17603
GraphStart
GraphDataStart
ID: 117
NumNodes: 61
NumEdges: 130
NodeLabels
0 2 2 2 2 2 2 2 2 2 2 2 3 3 0 2 0 2 0 0 2 2 2 2 0 3 0 2 2 2 2 2 2 2 2 2 2 2 2 2 0 2 2 2 2 2 2 2 0 2 0 2 2 2 2 2 2 0 0 0 2 
Edges
0 1 0
1 0 0
1 2 0
1 3 0
2 1 0
2 4 0
2 5 0
3 1 0
3 6 0
3 7 0
4 2 0
4 8 0
4 9 0
5 2 0
5 10 0
5 11 0
6 3 0
6 12 0
7 3 0
7 10 0
7 13 0
8 4 0
8 14 0
8 15 0
9 4 0
9 16 0
9 17 0
10 5 0
10 7 0
10 18 0
11 5 0
11 15 0
11 19 0
12 6 0
12 59 0
13 7 0
13 21 0
14 8 0
14 17 0
15 8 0
15 11 0
15 22 0
16 9 0
17 9 0
17 14 0
17 23 0
17 24 0
18 10 0
19 11 0
20 25 0
20 60 0
21 13 0
21 26 0
21 27 0
22 15 0
23 17 0
24 17 0
24 28 0
25 20 0
25 29 0
25 30 0
26 21 0
27 21 0
27 31 0
27 32 0
28 24 0
28 33 0
29 25 0
29 34 0
30 25 0
30 35 0
31 27 0
32 27 0
32 36 0
33 28 0
33 37 0
34 29 0
34 38 0
35 30 0
35 38 0
36 32 0
36 39 0
37 33 0
37 40 0
37 41 0
38 34 0
38 35 0
39 36 0
39 42 0
40 37 0
40 43 0
41 37 0
41 44 0
41 45 0
42 39 0
42 46 0
42 47 0
43 40 0
44 41 0
45 41 0
45 48 0
45 49 0
46 42 0
47 42 0
47 50 0
47 51 0
48 45 0
48 52 0
49 45 0
49 53 0
49 54 0
50 47 0
51 47 0
51 54 0
51 55 0
52 48 0
52 56 0
52 57 0
53 49 0
54 49 0
54 51 0
54 58 0
55 51 0
56 52 0
57 52 0
58 54 0
59 60 0
59 12 0
60 59 0
60 20 0
GraphDataEnd
GraphEnd
NodeEnd
NodeStart
EPTNodeID: 38
AnchorID: 24719
TreeNodeGraphID: 120
Level: 8
SimplifiedLevel: 0
EditOperation: 5 20 61 0 0
AccumulatedOpsCount: 3
AccumulatedOp: 2 61 0 0 2
AccumulatedOp: 5 60 61 0 0
AccumulatedOp: 5 20 61 0 0
ChildrenCount: 0
ChildIndices:
CompletedDBGraphIDsCount: 1
CompletedDBGraphID: 3116
GraphStart
GraphDataStart
ID: 120
NumNodes: 62
NumEdges: 132
NodeLabels
0 2 2 2 2 2 2 2 2 2 2 2 3 3 0 2 0 2 0 0 2 2 2 2 0 2 0 2 2 2 2 2 2 2 2 2 2 2 2 2 0 2 2 2 2 2 2 2 0 2 0 2 2 2 2 2 2 0 0 0 2 2 
Edges
0 1 0
1 0 0
1 2 0
1 3 0
2 1 0
2 4 0
2 5 0
3 1 0
3 6 0
3 7 0
4 2 0
4 8 0
4 9 0
5 2 0
5 10 0
5 11 0
6 3 0
6 12 0
7 3 0
7 10 0
7 13 0
8 4 0
8 14 0
8 15 0
9 4 0
9 16 0
9 17 0
10 5 0
10 7 0
10 18 0
11 5 0
11 15 0
11 19 0
12 6 0
12 59 0
13 7 0
13 21 0
14 8 0
14 17 0
15 8 0
15 11 0
15 22 0
16 9 0
17 9 0
17 14 0
17 23 0
17 24 0
18 10 0
19 11 0
20 25 0
20 61 0
21 13 0
21 26 0
21 27 0
22 15 0
23 17 0
24 17 0
24 28 0
25 20 0
25 29 0
25 30 0
26 21 0
27 21 0
27 31 0
27 32 0
28 24 0
28 33 0
29 25 0
29 34 0
30 25 0
30 35 0
31 27 0
32 27 0
32 36 0
33 28 0
33 37 0
34 29 0
34 38 0
35 30 0
35 38 0
36 32 0
36 39 0
37 33 0
37 40 0
37 41 0
38 34 0
38 35 0
39 36 0
39 42 0
40 37 0
40 43 0
41 37 0
41 44 0
41 45 0
42 39 0
42 46 0
42 47 0
43 40 0
44 41 0
45 41 0
45 48 0
45 49 0
46 42 0
47 42 0
47 50 0
47 51 0
48 45 0
48 52 0
49 45 0
49 53 0
49 54 0
50 47 0
51 47 0
51 54 0
51 55 0
52 48 0
52 56 0
52 57 0
53 49 0
54 49 0
54 51 0
54 58 0
55 51 0
56 52 0
57 52 0
58 54 0
59 60 0
59 12 0
60 59 0
60 61 0
61 60 0
61 20 0
GraphDataEnd
GraphEnd
NodeEnd
NodeStart
EPTNodeID: 39
AnchorID: 24719
TreeNodeGraphID: 122
Level: 2
SimplifiedLevel: 0
EditOperation: 5 20 35 0 0
AccumulatedOpsCount: 2
AccumulatedOp: 4 30 35 0 0
AccumulatedOp: 5 20 35 0 0
ChildrenCount: 0
ChildIndices:
CompletedDBGraphIDsCount: 1
CompletedDBGraphID: 35912
GraphStart
GraphDataStart
ID: 122
NumNodes: 59
NumEdges: 126
NodeLabels
0 2 2 2 2 2 2 2 2 2 2 2 3 3 0 2 0 2 0 0 2 2 2 2 0 2 0 2 2 2 2 2 2 2 2 2 2 2 2 2 0 2 2 2 2 2 2 2 0 2 0 2 2 2 2 2 2 0 0 
Edges
0 1 0
1 0 0
1 2 0
1 3 0
2 1 0
2 4 0
2 5 0
3 1 0
3 6 0
3 7 0
4 2 0
4 8 0
4 9 0
5 2 0
5 10 0
5 11 0
6 3 0
6 12 0
7 3 0
7 10 0
7 13 0
8 4 0
8 14 0
8 15 0
9 4 0
9 16 0
9 17 0
10 5 0
10 7 0
10 18 0
11 5 0
11 15 0
11 19 0
12 6 0
12 20 0
13 7 0
13 21 0
14 8 0
14 17 0
15 8 0
15 11 0
15 22 0
16 9 0
17 9 0
17 14 0
17 23 0
17 24 0
18 10 0
19 11 0
20 12 0
20 25 0
20 35 0
21 13 0
21 26 0
21 27 0
22 15 0
23 17 0
24 17 0
24 28 0
25 20 0
25 29 0
25 30 0
26 21 0
27 21 0
27 31 0
27 32 0
28 24 0
28 33 0
29 25 0
29 34 0
30 25 0
31 27 0
32 27 0
32 36 0
33 28 0
33 37 0
34 29 0
34 38 0
35 38 0
35 20 0
36 32 0
36 39 0
37 33 0
37 40 0
37 41 0
38 34 0
38 35 0
39 36 0
39 42 0
40 37 0
40 43 0
41 37 0
41 44 0
41 45 0
42 39 0
42 46 0
42 47 0
43 40 0
44 41 0
45 41 0
45 48 0
45 49 0
46 42 0
47 42 0
47 50 0
47 51 0
48 45 0
48 52 0
49 45 0
49 53 0
49 54 0
50 47 0
51 47 0
51 54 0
51 55 0
52 48 0
52 56 0
52 57 0
53 49 0
54 49 0
54 51 0
54 58 0
55 51 0
56 52 0
57 52 0
58 54 0
GraphDataEnd
GraphEnd
NodeEnd
NodeStart
EPTNodeID: 40
AnchorID: 24719
TreeNodeGraphID: 125
Level: 3
SimplifiedLevel: 0
EditOperation: 4 12 20 0 0
AccumulatedOpsCount: 3
AccumulatedOp: 0 25 0 2 3
AccumulatedOp: 0 38 0 2 3
AccumulatedOp: 4 12 20 0 0
ChildrenCount: 2
ChildIndices: 41 42
CompletedDBGraphIDsCount: 0
GraphStart
GraphDataStart
ID: 125
NumNodes: 59
NumEdges: 124
NodeLabels
0 2 2 2 2 2 2 2 2 2 2 2 3 3 0 2 0 2 0 0 2 2 2 2 0 3 0 2 2 2 2 2 2 2 2 2 2 2 3 2 0 2 2 2 2 2 2 2 0 2 0 2 2 2 2 2 2 0 0 
Edges
0 1 0
1 0 0
1 2 0
1 3 0
2 1 0
2 4 0
2 5 0
3 1 0
3 6 0
3 7 0
4 2 0
4 8 0
4 9 0
5 2 0
5 10 0
5 11 0
6 3 0
6 12 0
7 3 0
7 10 0
7 13 0
8 4 0
8 14 0
8 15 0
9 4 0
9 16 0
9 17 0
10 5 0
10 7 0
10 18 0
11 5 0
11 15 0
11 19 0
12 6 0
13 7 0
13 21 0
14 8 0
14 17 0
15 8 0
15 11 0
15 22 0
16 9 0
17 9 0
17 14 0
17 23 0
17 24 0
18 10 0
19 11 0
20 25 0
21 13 0
21 26 0
21 27 0
22 15 0
23 17 0
24 17 0
24 28 0
25 20 0
25 29 0
25 30 0
26 21 0
27 21 0
27 31 0
27 32 0
28 24 0
28 33 0
29 25 0
29 34 0
30 25 0
30 35 0
31 27 0
32 27 0
32 36 0
33 28 0
33 37 0
34 29 0
34 38 0
35 30 0
35 38 0
36 32 0
36 39 0
37 33 0
37 40 0
37 41 0
38 34 0
38 35 0
39 36 0
39 42 0
40 37 0
40 43 0
41 37 0
41 44 0
41 45 0
42 39 0
42 46 0
42 47 0
43 40 0
44 41 0
45 41 0
45 48 0
45 49 0
46 42 0
47 42 0
47 50 0
47 51 0
48 45 0
48 52 0
49 45 0
49 53 0
49 54 0
50 47 0
51 47 0
51 54 0
51 55 0
52 48 0
52 56 0
52 57 0
53 49 0
54 49 0
54 51 0
54 58 0
55 51 0
56 52 0
57 52 0
58 54 0
GraphDataEnd
GraphEnd
NodeEnd
NodeStart
EPTNodeID: 41
AnchorID: 24719
TreeNodeGraphID: 126
Level: 4
SimplifiedLevel: 0
EditOperation: 5 12 38 0 0
AccumulatedOpsCount: 1
AccumulatedOp: 5 12 38 0 0
ChildrenCount: 0
ChildIndices:
CompletedDBGraphIDsCount: 1
CompletedDBGraphID: 18684
GraphStart
GraphDataStart
ID: 126
NumNodes: 59
NumEdges: 126
NodeLabels
0 2 2 2 2 2 2 2 2 2 2 2 3 3 0 2 0 2 0 0 2 2 2 2 0 3 0 2 2 2 2 2 2 2 2 2 2 2 3 2 0 2 2 2 2 2 2 2 0 2 0 2 2 2 2 2 2 0 0 
Edges
0 1 0
1 0 0
1 2 0
1 3 0
2 1 0
2 4 0
2 5 0
3 1 0
3 6 0
3 7 0
4 2 0
4 8 0
4 9 0
5 2 0
5 10 0
5 11 0
6 3 0
6 12 0
7 3 0
7 10 0
7 13 0
8 4 0
8 14 0
8 15 0
9 4 0
9 16 0
9 17 0
10 5 0
10 7 0
10 18 0
11 5 0
11 15 0
11 19 0
12 6 0
12 38 0
13 7 0
13 21 0
14 8 0
14 17 0
15 8 0
15 11 0
15 22 0
16 9 0
17 9 0
17 14 0
17 23 0
17 24 0
18 10 0
19 11 0
20 25 0
21 13 0
21 26 0
21 27 0
22 15 0
23 17 0
24 17 0
24 28 0
25 20 0
25 29 0
25 30 0
26 21 0
27 21 0
27 31 0
27 32 0
28 24 0
28 33 0
29 25 0
29 34 0
30 25 0
30 35 0
31 27 0
32 27 0
32 36 0
33 28 0
33 37 0
34 29 0
34 38 0
35 30 0
35 38 0
36 32 0
36 39 0
37 33 0
37 40 0
37 41 0
38 34 0
38 35 0
38 12 0
39 36 0
39 42 0
40 37 0
40 43 0
41 37 0
41 44 0
41 45 0
42 39 0
42 46 0
42 47 0
43 40 0
44 41 0
45 41 0
45 48 0
45 49 0
46 42 0
47 42 0
47 50 0
47 51 0
48 45 0
48 52 0
49 45 0
49 53 0
49 54 0
50 47 0
51 47 0
51 54 0
51 55 0
52 48 0
52 56 0
52 57 0
53 49 0
54 49 0
54 51 0
54 58 0
55 51 0
56 52 0
57 52 0
58 54 0
GraphDataEnd
GraphEnd
NodeEnd
NodeStart
EPTNodeID: 42
AnchorID: 24719
TreeNodeGraphID: 129
Level: 6
SimplifiedLevel: 0
EditOperation: 1 12 0 3 0
AccumulatedOpsCount: 3
AccumulatedOp: 5 6 38 0 0
AccumulatedOp: 4 6 12 0 0
AccumulatedOp: 1 12 0 3 0
ChildrenCount: 0
ChildIndices:
CompletedDBGraphIDsCount: 1
CompletedDBGraphID: 26872
GraphStart
GraphDataStart
ID: 129
NumNodes: 58
NumEdges: 124
NodeLabels
0 2 2 2 2 2 2 2 2 2 2 2 3 0 2 0 2 0 0 2 2 2 2 0 3 0 2 2 2 2 2 2 2 2 2 2 2 3 2 0 2 2 2 2 2 2 2 0 2 0 2 2 2 2 2 2 0 0 
Edges
0 1 0
1 0 0
1 2 0
1 3 0
2 1 0
2 4 0
2 5 0
3 1 0
3 6 0
3 7 0
4 2 0
4 8 0
4 9 0
5 2 0
5 10 0
5 11 0
6 3 0
6 37 0
7 3 0
7 10 0
7 12 0
8 4 0
8 13 0
8 14 0
9 4 0
9 15 0
9 16 0
10 5 0
10 7 0
10 17 0
11 5 0
11 14 0
11 18 0
12 7 0
12 20 0
13 8 0
13 16 0
14 8 0
14 11 0
14 21 0
15 9 0
16 9 0
16 13 0
16 22 0
16 23 0
17 10 0
18 11 0
19 24 0
20 12 0
20 25 0
20 26 0
21 14 0
22 16 0
23 16 0
23 27 0
24 19 0
24 28 0
24 29 0
25 20 0
26 20 0
26 30 0
26 31 0
27 23 0
27 32 0
28 24 0
28 33 0
29 24 0
29 34 0
30 26 0
31 26 0
31 35 0
32 27 0
32 36 0
33 28 0
33 37 0
34 29 0
34 37 0
35 31 0
35 38 0
36 32 0
36 39 0
36 40 0
37 33 0
37 34 0
37 6 0
38 35 0
38 41 0
39 36 0
39 42 0
40 36 0
40 43 0
40 44 0
41 38 0
41 45 0
41 46 0
42 39 0
43 40 0
44 40 0
44 47 0
44 48 0
45 41 0
46 41 0
46 49 0
46 50 0
47 44 0
47 51 0
48 44 0
48 52 0
48 53 0
49 46 0
50 46 0
50 53 0
50 54 0
51 47 0
51 55 0
51 56 0
52 48 0
53 48 0
53 50 0
53 57 0
54 50 0
55 51 0
56 51 0
57 53 0
GraphDataEnd
GraphEnd
NodeEnd
NodeStart
EPTNodeID: 43
AnchorID: 24719
TreeNodeGraphID: 131
Level: 2
SimplifiedLevel: 0
EditOperation: 5 12 34 0 0
AccumulatedOpsCount: 2
AccumulatedOp: 4 12 20 0 0
AccumulatedOp: 5 12 34 0 0
ChildrenCount: 0
ChildIndices:
CompletedDBGraphIDsCount: 1
CompletedDBGraphID: 12031
GraphStart
GraphDataStart
ID: 131
NumNodes: 59
NumEdges: 126
NodeLabels
0 2 2 2 2 2 2 2 2 2 2 2 3 3 0 2 0 2 0 0 2 2 2 2 0 2 0 2 2 2 2 2 2 2 2 2 2 2 2 2 0 2 2 2 2 2 2 2 0 2 0 2 2 2 2 2 2 0 0 
Edges
0 1 0
1 0 0
1 2 0
1 3 0
2 1 0
2 4 0
2 5 0
3 1 0
3 6 0
3 7 0
4 2 0
4 8 0
4 9 0
5 2 0
5 10 0
5 11 0
6 3 0
6 12 0
7 3 0
7 10 0
7 13 0
8 4 0
8 14 0
8 15 0
9 4 0
9 16 0
9 17 0
10 5 0
10 7 0
10 18 0
11 5 0
11 15 0
11 19 0
12 6 0
12 34 0
13 7 0
13 21 0
14 8 0
14 17 0
15 8 0
15 11 0
15 22 0
16 9 0
17 9 0
17 14 0
17 23 0
17 24 0
18 10 0
19 11 0
20 25 0
21 13 0
21 26 0
21 27 0
22 15 0
23 17 0
24 17 0
24 28 0
25 20 0
25 29 0
25 30 0
26 21 0
27 21 0
27 31 0
27 32 0
28 24 0
28 33 0
29 25 0
29 34 0
30 25 0
30 35 0
31 27 0
32 27 0
32 36 0
33 28 0
33 37 0
34 29 0
34 38 0
34 12 0
35 30 0
35 38 0
36 32 0
36 39 0
37 33 0
37 40 0
37 41 0
38 34 0
38 35 0
39 36 0
39 42 0
40 37 0
40 43 0
41 37 0
41 44 0
41 45 0
42 39 0
42 46 0
42 47 0
43 40 0
44 41 0
45 41 0
45 48 0
45 49 0
46 42 0
47 42 0
47 50 0
47 51 0
48 45 0
48 52 0
49 45 0
49 53 0
49 54 0
50 47 0
51 47 0
51 54 0
51 55 0
52 48 0
52 56 0
52 57 0
53 49 0
54 49 0
54 51 0
54 58 0
55 51 0
56 52 0
57 52 0
58 54 0
GraphDataEnd
GraphEnd
NodeEnd
END_EPT
