BEGIN_EPT
AnchorID: 38822  # ID of the anchor node
RootIndex: 0  # Index of the root node in tree_nodes
NodeCount: 1  # Total number of nodes in the EPT
NodeStart
EPTNodeID: 0
AnchorID: 38822
TreeNodeGraphID: 0
Level: 0
SimplifiedLevel: 0
EditOperation: -1 0 -1 0 0
AccumulatedOpsCount: 0
ChildrenCount: 0
ChildIndices:
CompletedDBGraphIDsCount: 0
GraphStart
GraphDataStart
ID: 0
NumNodes: 96
NumEdges: 204
NodeLabels
2 2 2 2 2 2 2 2 2 2 2 0 2 2 2 0 2 2 2 2 2 2 2 2 2 2 2 2 0 2 2 2 2 2 2 2 2 2 2 2 2 2 0 2 2 2 2 2 2 2 2 2 2 2 0 2 2 2 2 2 2 2 2 2 2 2 2 0 2 2 2 2 2 2 2 2 2 2 2 2 2 2 2 2 2 2 2 2 2 2 2 2 2 2 2 2 
Edges
0 1 0
0 5 0
1 0 0
1 2 0
1 12 0
2 1 0
2 3 0
2 11 0
3 2 0
3 4 0
3 77 0
4 3 0
4 5 0
5 0 0
5 4 0
5 6 0
6 5 0
6 7 0
7 6 0
7 8 0
8 7 0
8 9 0
9 8 0
9 10 0
10 9 0
10 88 0
11 2 0
12 1 0
12 13 0
13 12 0
13 14 0
13 19 0
14 13 0
14 15 0
14 16 0
15 14 0
16 14 0
16 17 0
16 25 0
17 16 0
17 18 0
18 17 0
18 19 0
18 20 0
19 13 0
19 18 0
20 18 0
20 21 0
21 20 0
21 22 0
22 21 0
22 23 0
23 22 0
23 24 0
24 23 0
24 85 0
25 16 0
25 26 0
26 25 0
26 27 0
26 32 0
27 26 0
27 28 0
27 29 0
28 27 0
29 27 0
29 30 0
29 38 0
30 29 0
30 31 0
31 30 0
31 32 0
31 33 0
32 26 0
32 31 0
33 31 0
33 34 0
34 33 0
34 35 0
35 34 0
35 36 0
36 35 0
36 37 0
37 36 0
37 82 0
38 29 0
38 39 0
39 38 0
39 40 0
39 45 0
40 39 0
40 41 0
40 42 0
41 40 0
41 43 0
41 51 0
42 40 0
43 41 0
43 44 0
44 43 0
44 45 0
44 46 0
45 39 0
45 44 0
46 44 0
46 47 0
47 46 0
47 48 0
48 47 0
48 49 0
49 48 0
49 50 0
50 49 0
50 81 0
51 41 0
51 52 0
52 51 0
52 53 0
52 58 0
53 52 0
53 54 0
53 55 0
54 53 0
55 53 0
55 56 0
55 64 0
56 55 0
56 57 0
57 56 0
57 58 0
57 59 0
58 52 0
58 57 0
59 57 0
59 60 0
60 59 0
60 61 0
61 60 0
61 62 0
62 61 0
62 63 0
63 62 0
63 78 0
64 55 0
64 65 0
65 64 0
65 66 0
65 71 0
66 65 0
66 67 0
66 68 0
67 66 0
68 66 0
68 69 0
68 77 0
69 68 0
69 70 0
70 69 0
70 71 0
70 72 0
71 65 0
71 70 0
72 70 0
72 73 0
73 72 0
73 74 0
74 73 0
74 75 0
75 74 0
75 76 0
76 75 0
76 91 0
77 3 0
77 68 0
78 63 0
78 79 0
79 78 0
79 80 0
80 79 0
81 50 0
81 94 0
82 37 0
82 83 0
83 82 0
83 84 0
84 83 0
85 24 0
85 86 0
86 85 0
86 87 0
87 86 0
88 10 0
88 89 0
89 88 0
89 90 0
90 89 0
91 76 0
91 92 0
92 91 0
92 93 0
93 92 0
94 81 0
94 95 0
95 94 0
GraphDataEnd
GraphEnd
NodeEnd
END_EPT
