BEGIN_EPT
AnchorID: 19085  # ID of the anchor node
RootIndex: 0  # Index of the root node in tree_nodes
NodeCount: 1  # Total number of nodes in the EPT
NodeStart
EPTNodeID: 0
AnchorID: 19085
TreeNodeGraphID: 0
Level: 0
SimplifiedLevel: 0
EditOperation: -1 0 -1 0 0
AccumulatedOpsCount: 0
ChildrenCount: 0
ChildIndices:
CompletedDBGraphIDsCount: 0
GraphStart
GraphDataStart
ID: 0
NumNodes: 96
NumEdges: 204
NodeLabels
0 2 2 2 2 2 0 2 2 2 2 2 2 0 2 2 2 2 2 2 2 2 2 2 2 2 2 2 2 2 2 2 2 2 2 2 2 2 2 2 2 2 2 2 2 2 2 0 2 2 2 2 2 2 0 2 2 2 2 2 2 0 2 2 2 2 2 2 2 2 2 2 2 2 2 2 2 2 2 2 2 2 2 2 2 2 2 2 2 2 2 2 2 2 2 2 
Edges
0 1 0
1 0 0
1 2 0
1 95 0
2 1 0
2 3 0
2 20 0
3 2 0
3 4 0
4 3 0
4 5 0
4 42 0
5 4 0
5 95 0
6 7 0
7 6 0
7 8 0
7 12 0
8 7 0
8 9 0
8 46 0
9 8 0
9 10 0
10 9 0
10 11 0
10 26 0
11 10 0
11 12 0
12 7 0
12 11 0
12 20 0
13 14 0
14 13 0
14 15 0
14 19 0
15 14 0
15 16 0
15 21 0
16 15 0
16 17 0
17 16 0
17 18 0
17 34 0
18 17 0
18 19 0
19 14 0
19 18 0
19 68 0
20 2 0
20 12 0
21 15 0
21 95 0
22 23 0
22 24 0
22 25 0
22 45 0
23 22 0
24 22 0
25 22 0
26 10 0
26 27 0
26 28 0
26 29 0
27 26 0
28 26 0
29 26 0
29 30 0
30 29 0
30 31 0
30 32 0
30 33 0
31 30 0
32 30 0
33 30 0
34 17 0
34 35 0
34 40 0
34 41 0
35 34 0
35 36 0
36 35 0
36 37 0
36 38 0
36 39 0
37 36 0
38 36 0
39 36 0
40 34 0
41 34 0
42 4 0
42 43 0
42 44 0
42 45 0
43 42 0
44 42 0
45 22 0
45 42 0
46 8 0
46 56 0
47 48 0
48 47 0
48 49 0
48 53 0
49 48 0
49 50 0
49 70 0
50 49 0
50 51 0
51 50 0
51 52 0
51 79 0
52 51 0
52 53 0
53 48 0
53 52 0
53 69 0
54 55 0
55 54 0
55 56 0
55 60 0
56 46 0
56 55 0
56 57 0
57 56 0
57 58 0
58 57 0
58 59 0
58 87 0
59 58 0
59 60 0
60 55 0
60 59 0
60 70 0
61 62 0
62 61 0
62 63 0
62 67 0
63 62 0
63 64 0
63 69 0
64 63 0
64 65 0
65 64 0
65 66 0
65 71 0
66 65 0
66 67 0
67 62 0
67 66 0
67 68 0
68 19 0
68 67 0
69 53 0
69 63 0
70 49 0
70 60 0
71 65 0
71 72 0
71 73 0
71 74 0
72 71 0
73 71 0
74 71 0
74 75 0
75 74 0
75 76 0
75 77 0
75 78 0
76 75 0
77 75 0
78 75 0
79 51 0
79 80 0
79 81 0
79 82 0
80 79 0
80 83 0
81 79 0
82 79 0
83 80 0
83 84 0
83 85 0
83 86 0
84 83 0
85 83 0
86 83 0
87 58 0
87 88 0
87 89 0
87 90 0
88 87 0
89 87 0
90 87 0
90 91 0
91 90 0
91 92 0
91 93 0
91 94 0
92 91 0
93 91 0
94 91 0
95 1 0
95 5 0
95 21 0
GraphDataEnd
GraphEnd
NodeEnd
END_EPT
