BEGIN_EPT
AnchorID: 39445  # ID of the anchor node
RootIndex: 0  # Index of the root node in tree_nodes
NodeCount: 1  # Total number of nodes in the EPT
NodeStart
EPTNodeID: 0
AnchorID: 39445
TreeNodeGraphID: 0
Level: 0
SimplifiedLevel: 0
EditOperation: -1 0 -1 0 0
AccumulatedOpsCount: 0
ChildrenCount: 0
ChildIndices:
CompletedDBGraphIDsCount: 0
GraphStart
GraphDataStart
ID: 0
NumNodes: 67
NumEdges: 142
NodeLabels
2 2 0 2 2 0 2 2 2 2 2 2 2 2 2 2 2 0 2 2 2 2 2 2 0 2 2 2 0 3 3 3 3 3 2 2 2 2 2 2 2 2 2 2 2 2 2 3 3 2 2 2 2 2 2 2 2 0 0 3 2 0 0 2 12 12 12 
Edges
0 1 0
0 33 0
0 49 0
1 0 0
1 2 0
1 32 0
2 1 0
3 4 0
3 14 0
3 32 0
4 3 0
4 5 0
4 31 0
5 4 0
6 7 0
6 11 0
7 6 0
7 8 0
8 7 0
8 9 0
8 12 0
9 8 0
9 10 0
9 48 0
10 9 0
10 11 0
11 6 0
11 10 0
12 8 0
12 13 0
12 14 0
13 12 0
13 48 0
14 3 0
14 12 0
15 16 0
15 18 0
15 31 0
16 15 0
16 17 0
16 30 0
17 16 0
18 15 0
18 19 0
19 18 0
19 20 0
20 19 0
20 21 0
21 20 0
21 59 0
22 23 0
22 25 0
22 30 0
23 22 0
23 24 0
23 29 0
24 23 0
25 22 0
25 34 0
25 58 0
26 27 0
26 29 0
26 35 0
27 26 0
27 28 0
27 47 0
28 27 0
29 23 0
29 26 0
30 16 0
30 22 0
31 4 0
31 15 0
32 1 0
32 3 0
33 0 0
33 56 0
34 25 0
35 26 0
35 36 0
36 35 0
36 37 0
36 41 0
37 36 0
37 38 0
38 37 0
38 39 0
39 38 0
39 40 0
40 39 0
40 41 0
41 36 0
41 40 0
42 43 0
42 46 0
42 47 0
43 42 0
43 44 0
43 56 0
44 43 0
44 45 0
45 44 0
45 46 0
46 42 0
46 45 0
47 27 0
47 42 0
48 9 0
48 13 0
49 0 0
49 50 0
50 49 0
50 51 0
50 55 0
51 50 0
51 52 0
52 51 0
52 53 0
53 52 0
53 54 0
54 53 0
54 55 0
55 50 0
55 54 0
56 33 0
56 43 0
56 57 0
57 56 0
58 25 0
59 21 0
60 61 0
60 62 0
60 63 0
61 60 0
62 60 0
63 60 0
63 64 0
63 65 0
63 66 0
64 63 0
65 63 0
66 63 0
GraphDataEnd
GraphEnd
NodeEnd
END_EPT
