BEGIN_EPT
AnchorID: 14728  # ID of the anchor node
RootIndex: 0  # Index of the root node in tree_nodes
NodeCount: 2  # Total number of nodes in the EPT
NodeStart
EPTNodeID: 0
AnchorID: 14728
TreeNodeGraphID: 0
Level: 0
SimplifiedLevel: 0
EditOperation: -1 0 -1 0 0
AccumulatedOpsCount: 0
ChildrenCount: 1
ChildIndices: 1
CompletedDBGraphIDsCount: 0
GraphStart
GraphDataStart
ID: 0
NumNodes: 92
NumEdges: 196
NodeLabels
2 2 2 2 2 2 2 3 2 2 0 2 2 2 2 2 0 3 2 3 2 2 0 3 2 2 0 3 2 2 2 2 2 2 0 3 2 2 0 3 2 2 0 3 2 2 2 2 2 0 2 0 2 0 2 3 2 2 0 2 3 2 2 0 2 0 2 3 2 0 2 3 2 2 2 0 0 2 2 2 2 2 2 2 2 2 2 2 2 2 2 2 
Edges
0 1 0
1 0 0
1 2 0
1 6 0
2 1 0
2 3 0
3 2 0
3 4 0
4 3 0
4 5 0
4 33 0
5 4 0
5 6 0
5 7 0
6 1 0
6 5 0
6 10 0
7 5 0
7 8 0
8 7 0
8 9 0
8 11 0
9 8 0
9 10 0
9 14 0
10 6 0
10 9 0
11 8 0
11 12 0
11 18 0
12 11 0
12 13 0
12 17 0
13 12 0
13 14 0
13 16 0
14 9 0
14 13 0
14 15 0
15 14 0
16 13 0
17 12 0
18 11 0
18 19 0
18 49 0
19 18 0
19 20 0
20 19 0
20 21 0
20 50 0
21 20 0
21 22 0
21 23 0
22 21 0
23 21 0
23 24 0
24 23 0
24 25 0
24 85 0
25 24 0
25 26 0
25 27 0
26 25 0
27 25 0
27 28 0
27 32 0
28 27 0
28 29 0
28 74 0
29 28 0
29 30 0
30 29 0
30 31 0
31 30 0
31 32 0
32 27 0
32 31 0
33 4 0
33 34 0
33 35 0
34 33 0
35 33 0
35 36 0
36 35 0
36 37 0
36 62 0
37 36 0
37 38 0
37 39 0
38 37 0
39 37 0
39 40 0
40 39 0
40 41 0
40 83 0
41 40 0
41 42 0
41 43 0
42 41 0
43 41 0
43 44 0
43 48 0
44 43 0
44 45 0
45 44 0
45 46 0
46 45 0
46 47 0
47 46 0
47 48 0
48 43 0
48 47 0
48 73 0
49 18 0
50 20 0
50 51 0
50 78 0
51 50 0
51 52 0
52 51 0
52 53 0
52 54 0
53 52 0
54 52 0
54 55 0
54 79 0
55 54 0
55 56 0
55 57 0
56 55 0
57 55 0
57 58 0
57 59 0
58 57 0
59 57 0
59 60 0
60 59 0
60 61 0
60 74 0
61 60 0
62 36 0
62 63 0
62 77 0
63 62 0
63 64 0
64 63 0
64 65 0
64 66 0
65 64 0
66 64 0
66 67 0
66 81 0
67 66 0
67 68 0
67 87 0
68 67 0
68 69 0
68 70 0
69 68 0
70 68 0
70 71 0
71 70 0
71 72 0
71 73 0
72 71 0
73 48 0
73 71 0
73 75 0
74 28 0
74 60 0
74 76 0
75 73 0
76 74 0
77 62 0
78 50 0
79 54 0
79 80 0
79 89 0
80 79 0
81 66 0
81 82 0
81 88 0
82 81 0
83 40 0
83 84 0
83 91 0
84 83 0
85 24 0
85 86 0
85 90 0
86 85 0
87 67 0
88 81 0
89 79 0
90 85 0
91 83 0
GraphDataEnd
GraphEnd
NodeEnd
NodeStart
EPTNodeID: 1
AnchorID: 14728
TreeNodeGraphID: 8
Level: 8
SimplifiedLevel: 0
EditOperation: 5 45 47 0 0
AccumulatedOpsCount: 8
AccumulatedOp: 4 28 29 0 0
AccumulatedOp: 4 46 47 0 0
AccumulatedOp: 4 29 30 0 0
AccumulatedOp: 1 29 0 2 0
AccumulatedOp: 4 45 46 0 0
AccumulatedOp: 1 46 0 2 0
AccumulatedOp: 5 28 30 0 0
AccumulatedOp: 5 45 47 0 0
ChildrenCount: 0
ChildIndices:
CompletedDBGraphIDsCount: 1
CompletedDBGraphID: 27793
GraphStart
GraphDataStart
ID: 8
NumNodes: 90
NumEdges: 192
NodeLabels
2 2 2 2 2 2 2 3 2 2 0 2 2 2 2 2 0 3 2 3 2 2 0 3 2 2 0 3 2 2 2 2 2 0 3 2 2 0 3 2 2 0 3 2 2 2 2 0 2 0 2 0 2 3 2 2 0 2 3 2 2 0 2 0 2 3 2 0 2 3 2 2 2 0 0 2 2 2 2 2 2 2 2 2 2 2 2 2 2 2 
Edges
0 1 0
1 0 0
1 2 0
1 6 0
2 1 0
2 3 0
3 2 0
3 4 0
4 3 0
4 5 0
4 32 0
5 4 0
5 6 0
5 7 0
6 1 0
6 5 0
6 10 0
7 5 0
7 8 0
8 7 0
8 9 0
8 11 0
9 8 0
9 10 0
9 14 0
10 6 0
10 9 0
11 8 0
11 12 0
11 18 0
12 11 0
12 13 0
12 17 0
13 12 0
13 14 0
13 16 0
14 9 0
14 13 0
14 15 0
15 14 0
16 13 0
17 12 0
18 11 0
18 19 0
18 47 0
19 18 0
19 20 0
20 19 0
20 21 0
20 48 0
21 20 0
21 22 0
21 23 0
22 21 0
23 21 0
23 24 0
24 23 0
24 25 0
24 83 0
25 24 0
25 26 0
25 27 0
26 25 0
27 25 0
27 28 0
27 31 0
28 27 0
28 72 0
28 29 0
29 30 0
29 28 0
30 29 0
30 31 0
31 27 0
31 30 0
32 4 0
32 33 0
32 34 0
33 32 0
34 32 0
34 35 0
35 34 0
35 36 0
35 60 0
36 35 0
36 37 0
36 38 0
37 36 0
38 36 0
38 39 0
39 38 0
39 40 0
39 81 0
40 39 0
40 41 0
40 42 0
41 40 0
42 40 0
42 43 0
42 46 0
43 42 0
43 44 0
44 43 0
44 45 0
45 46 0
45 44 0
46 42 0
46 45 0
46 71 0
47 18 0
48 20 0
48 49 0
48 76 0
49 48 0
49 50 0
50 49 0
50 51 0
50 52 0
51 50 0
52 50 0
52 53 0
52 77 0
53 52 0
53 54 0
53 55 0
54 53 0
55 53 0
55 56 0
55 57 0
56 55 0
57 55 0
57 58 0
58 57 0
58 59 0
58 72 0
59 58 0
60 35 0
60 61 0
60 75 0
61 60 0
61 62 0
62 61 0
62 63 0
62 64 0
63 62 0
64 62 0
64 65 0
64 79 0
65 64 0
65 66 0
65 85 0
66 65 0
66 67 0
66 68 0
67 66 0
68 66 0
68 69 0
69 68 0
69 70 0
69 71 0
70 69 0
71 46 0
71 69 0
71 73 0
72 28 0
72 58 0
72 74 0
73 71 0
74 72 0
75 60 0
76 48 0
77 52 0
77 78 0
77 87 0
78 77 0
79 64 0
79 80 0
79 86 0
80 79 0
81 39 0
81 82 0
81 89 0
82 81 0
83 24 0
83 84 0
83 88 0
84 83 0
85 65 0
86 79 0
87 77 0
88 83 0
89 81 0
GraphDataEnd
GraphEnd
NodeEnd
END_EPT
