BEGIN_EPT
AnchorID: 27391  # ID of the anchor node
RootIndex: 0  # Index of the root node in tree_nodes
NodeCount: 8  # Total number of nodes in the EPT
NodeStart
EPTNodeID: 0
AnchorID: 27391
TreeNodeGraphID: 0
Level: 0
SimplifiedLevel: 0
EditOperation: -1 0 -1 0 0
AccumulatedOpsCount: 0
ChildrenCount: 3
ChildIndices: 1 6 7
CompletedDBGraphIDsCount: 0
GraphStart
GraphDataStart
ID: 0
NumNodes: 58
NumEdges: 126
NodeLabels
2 2 2 2 2 2 2 2 1 1 2 2 2 0 2 2 2 2 2 2 4 4 0 2 2 0 0 2 2 2 0 2 2 2 2 2 4 2 4 2 2 1 1 2 2 2 2 2 2 0 2 2 0 0 1 1 5 5 
Edges
0 1 0
0 2 0
1 0 0
1 5 0
2 0 0
2 3 0
2 6 0
3 2 0
3 4 0
4 3 0
4 5 0
5 1 0
5 4 0
5 56 0
6 2 0
6 7 0
6 8 0
7 6 0
7 10 0
8 6 0
8 9 0
9 8 0
9 10 0
10 7 0
10 9 0
10 11 0
11 10 0
11 12 0
11 55 0
12 11 0
12 13 0
12 14 0
13 12 0
14 12 0
14 15 0
14 16 0
15 14 0
15 19 0
15 21 0
16 14 0
16 17 0
17 16 0
17 18 0
18 17 0
18 19 0
18 22 0
19 15 0
19 18 0
19 20 0
20 19 0
21 15 0
22 18 0
22 23 0
23 22 0
23 24 0
24 23 0
24 25 0
24 26 0
25 24 0
26 24 0
27 28 0
27 29 0
27 54 0
28 27 0
28 39 0
28 41 0
29 27 0
29 30 0
29 31 0
30 29 0
31 29 0
31 32 0
31 34 0
32 31 0
32 33 0
33 32 0
33 37 0
34 31 0
34 35 0
34 38 0
35 34 0
35 36 0
35 37 0
36 35 0
37 33 0
37 35 0
37 49 0
38 34 0
39 28 0
39 40 0
40 39 0
40 42 0
40 43 0
41 28 0
41 42 0
42 40 0
42 41 0
43 40 0
43 44 0
43 45 0
44 43 0
44 48 0
45 43 0
45 46 0
46 45 0
46 47 0
47 46 0
47 48 0
47 57 0
48 44 0
48 47 0
49 37 0
49 50 0
50 49 0
50 51 0
51 50 0
51 52 0
51 53 0
52 51 0
53 51 0
54 27 0
54 55 0
55 11 0
55 54 0
56 5 0
57 47 0
GraphDataEnd
GraphEnd
NodeEnd
NodeStart
EPTNodeID: 1
AnchorID: 27391
TreeNodeGraphID: 2
Level: 2
SimplifiedLevel: 0
EditOperation: 4 5 56 0 0
AccumulatedOpsCount: 2
AccumulatedOp: 4 47 57 0 0
AccumulatedOp: 4 5 56 0 0
ChildrenCount: 2
ChildIndices: 2 5
CompletedDBGraphIDsCount: 0
GraphStart
GraphDataStart
ID: 2
NumNodes: 58
NumEdges: 122
NodeLabels
2 2 2 2 2 2 2 2 1 1 2 2 2 0 2 2 2 2 2 2 4 4 0 2 2 0 0 2 2 2 0 2 2 2 2 2 4 2 4 2 2 1 1 2 2 2 2 2 2 0 2 2 0 0 1 1 5 5 
Edges
0 1 0
0 2 0
1 0 0
1 5 0
2 0 0
2 3 0
2 6 0
3 2 0
3 4 0
4 3 0
4 5 0
5 1 0
5 4 0
6 2 0
6 7 0
6 8 0
7 6 0
7 10 0
8 6 0
8 9 0
9 8 0
9 10 0
10 7 0
10 9 0
10 11 0
11 10 0
11 12 0
11 55 0
12 11 0
12 13 0
12 14 0
13 12 0
14 12 0
14 15 0
14 16 0
15 14 0
15 19 0
15 21 0
16 14 0
16 17 0
17 16 0
17 18 0
18 17 0
18 19 0
18 22 0
19 15 0
19 18 0
19 20 0
20 19 0
21 15 0
22 18 0
22 23 0
23 22 0
23 24 0
24 23 0
24 25 0
24 26 0
25 24 0
26 24 0
27 28 0
27 29 0
27 54 0
28 27 0
28 39 0
28 41 0
29 27 0
29 30 0
29 31 0
30 29 0
31 29 0
31 32 0
31 34 0
32 31 0
32 33 0
33 32 0
33 37 0
34 31 0
34 35 0
34 38 0
35 34 0
35 36 0
35 37 0
36 35 0
37 33 0
37 35 0
37 49 0
38 34 0
39 28 0
39 40 0
40 39 0
40 42 0
40 43 0
41 28 0
41 42 0
42 40 0
42 41 0
43 40 0
43 44 0
43 45 0
44 43 0
44 48 0
45 43 0
45 46 0
46 45 0
46 47 0
47 46 0
47 48 0
48 44 0
48 47 0
49 37 0
49 50 0
50 49 0
50 51 0
51 50 0
51 52 0
51 53 0
52 51 0
53 51 0
54 27 0
54 55 0
55 11 0
55 54 0
GraphDataEnd
GraphEnd
NodeEnd
NodeStart
EPTNodeID: 2
AnchorID: 27391
TreeNodeGraphID: 4
Level: 4
SimplifiedLevel: 0
EditOperation: 0 57 0 5 2
AccumulatedOpsCount: 2
AccumulatedOp: 0 56 0 5 2
AccumulatedOp: 0 57 0 5 2
ChildrenCount: 2
ChildIndices: 3 4
CompletedDBGraphIDsCount: 0
GraphStart
GraphDataStart
ID: 4
NumNodes: 58
NumEdges: 122
NodeLabels
2 2 2 2 2 2 2 2 1 1 2 2 2 0 2 2 2 2 2 2 4 4 0 2 2 0 0 2 2 2 0 2 2 2 2 2 4 2 4 2 2 1 1 2 2 2 2 2 2 0 2 2 0 0 1 1 2 2 
Edges
0 1 0
0 2 0
1 0 0
1 5 0
2 0 0
2 3 0
2 6 0
3 2 0
3 4 0
4 3 0
4 5 0
5 1 0
5 4 0
6 2 0
6 7 0
6 8 0
7 6 0
7 10 0
8 6 0
8 9 0
9 8 0
9 10 0
10 7 0
10 9 0
10 11 0
11 10 0
11 12 0
11 55 0
12 11 0
12 13 0
12 14 0
13 12 0
14 12 0
14 15 0
14 16 0
15 14 0
15 19 0
15 21 0
16 14 0
16 17 0
17 16 0
17 18 0
18 17 0
18 19 0
18 22 0
19 15 0
19 18 0
19 20 0
20 19 0
21 15 0
22 18 0
22 23 0
23 22 0
23 24 0
24 23 0
24 25 0
24 26 0
25 24 0
26 24 0
27 28 0
27 29 0
27 54 0
28 27 0
28 39 0
28 41 0
29 27 0
29 30 0
29 31 0
30 29 0
31 29 0
31 32 0
31 34 0
32 31 0
32 33 0
33 32 0
33 37 0
34 31 0
34 35 0
34 38 0
35 34 0
35 36 0
35 37 0
36 35 0
37 33 0
37 35 0
37 49 0
38 34 0
39 28 0
39 40 0
40 39 0
40 42 0
40 43 0
41 28 0
41 42 0
42 40 0
42 41 0
43 40 0
43 44 0
43 45 0
44 43 0
44 48 0
45 43 0
45 46 0
46 45 0
46 47 0
47 46 0
47 48 0
48 44 0
48 47 0
49 37 0
49 50 0
50 49 0
50 51 0
51 50 0
51 52 0
51 53 0
52 51 0
53 51 0
54 27 0
54 55 0
55 11 0
55 54 0
GraphDataEnd
GraphEnd
NodeEnd
NodeStart
EPTNodeID: 3
AnchorID: 27391
TreeNodeGraphID: 6
Level: 6
SimplifiedLevel: 0
EditOperation: 5 4 56 0 0
AccumulatedOpsCount: 2
AccumulatedOp: 5 46 57 0 0
AccumulatedOp: 5 4 56 0 0
ChildrenCount: 0
ChildIndices:
CompletedDBGraphIDsCount: 1
CompletedDBGraphID: 16865
GraphStart
GraphDataStart
ID: 6
NumNodes: 58
NumEdges: 126
NodeLabels
2 2 2 2 2 2 2 2 1 1 2 2 2 0 2 2 2 2 2 2 4 4 0 2 2 0 0 2 2 2 0 2 2 2 2 2 4 2 4 2 2 1 1 2 2 2 2 2 2 0 2 2 0 0 1 1 2 2 
Edges
0 1 0
0 2 0
1 0 0
1 5 0
2 0 0
2 3 0
2 6 0
3 2 0
3 4 0
4 3 0
4 5 0
4 56 0
5 1 0
5 4 0
6 2 0
6 7 0
6 8 0
7 6 0
7 10 0
8 6 0
8 9 0
9 8 0
9 10 0
10 7 0
10 9 0
10 11 0
11 10 0
11 12 0
11 55 0
12 11 0
12 13 0
12 14 0
13 12 0
14 12 0
14 15 0
14 16 0
15 14 0
15 19 0
15 21 0
16 14 0
16 17 0
17 16 0
17 18 0
18 17 0
18 19 0
18 22 0
19 15 0
19 18 0
19 20 0
20 19 0
21 15 0
22 18 0
22 23 0
23 22 0
23 24 0
24 23 0
24 25 0
24 26 0
25 24 0
26 24 0
27 28 0
27 29 0
27 54 0
28 27 0
28 39 0
28 41 0
29 27 0
29 30 0
29 31 0
30 29 0
31 29 0
31 32 0
31 34 0
32 31 0
32 33 0
33 32 0
33 37 0
34 31 0
34 35 0
34 38 0
35 34 0
35 36 0
35 37 0
36 35 0
37 33 0
37 35 0
37 49 0
38 34 0
39 28 0
39 40 0
40 39 0
40 42 0
40 43 0
41 28 0
41 42 0
42 40 0
42 41 0
43 40 0
43 44 0
43 45 0
44 43 0
44 48 0
45 43 0
45 46 0
46 45 0
46 47 0
46 57 0
47 46 0
47 48 0
48 44 0
48 47 0
49 37 0
49 50 0
50 49 0
50 51 0
51 50 0
51 52 0
51 53 0
52 51 0
53 51 0
54 27 0
54 55 0
55 11 0
55 54 0
56 4 0
57 46 0
GraphDataEnd
GraphEnd
NodeEnd
NodeStart
EPTNodeID: 4
AnchorID: 27391
TreeNodeGraphID: 8
Level: 6
SimplifiedLevel: 0
EditOperation: 5 44 57 0 0
AccumulatedOpsCount: 2
AccumulatedOp: 5 3 56 0 0
AccumulatedOp: 5 44 57 0 0
ChildrenCount: 0
ChildIndices:
CompletedDBGraphIDsCount: 1
CompletedDBGraphID: 27916
GraphStart
GraphDataStart
ID: 8
NumNodes: 58
NumEdges: 126
NodeLabels
2 2 2 2 2 2 2 2 1 1 2 2 2 0 2 2 2 2 2 2 4 4 0 2 2 0 0 2 2 2 0 2 2 2 2 2 4 2 4 2 2 1 1 2 2 2 2 2 2 0 2 2 0 0 1 1 2 2 
Edges
0 1 0
0 2 0
1 0 0
1 5 0
2 0 0
2 3 0
2 6 0
3 2 0
3 4 0
3 56 0
4 3 0
4 5 0
5 1 0
5 4 0
6 2 0
6 7 0
6 8 0
7 6 0
7 10 0
8 6 0
8 9 0
9 8 0
9 10 0
10 7 0
10 9 0
10 11 0
11 10 0
11 12 0
11 55 0
12 11 0
12 13 0
12 14 0
13 12 0
14 12 0
14 15 0
14 16 0
15 14 0
15 19 0
15 21 0
16 14 0
16 17 0
17 16 0
17 18 0
18 17 0
18 19 0
18 22 0
19 15 0
19 18 0
19 20 0
20 19 0
21 15 0
22 18 0
22 23 0
23 22 0
23 24 0
24 23 0
24 25 0
24 26 0
25 24 0
26 24 0
27 28 0
27 29 0
27 54 0
28 27 0
28 39 0
28 41 0
29 27 0
29 30 0
29 31 0
30 29 0
31 29 0
31 32 0
31 34 0
32 31 0
32 33 0
33 32 0
33 37 0
34 31 0
34 35 0
34 38 0
35 34 0
35 36 0
35 37 0
36 35 0
37 33 0
37 35 0
37 49 0
38 34 0
39 28 0
39 40 0
40 39 0
40 42 0
40 43 0
41 28 0
41 42 0
42 40 0
42 41 0
43 40 0
43 44 0
43 45 0
44 43 0
44 48 0
44 57 0
45 43 0
45 46 0
46 45 0
46 47 0
47 46 0
47 48 0
48 44 0
48 47 0
49 37 0
49 50 0
50 49 0
50 51 0
51 50 0
51 52 0
51 53 0
52 51 0
53 51 0
54 27 0
54 55 0
55 11 0
55 54 0
56 3 0
57 44 0
GraphDataEnd
GraphEnd
NodeEnd
NodeStart
EPTNodeID: 5
AnchorID: 27391
TreeNodeGraphID: 12
Level: 6
SimplifiedLevel: 0
EditOperation: 5 45 56 0 0
AccumulatedOpsCount: 4
AccumulatedOp: 5 0 57 0 0
AccumulatedOp: 0 56 0 5 4
AccumulatedOp: 0 57 0 5 4
AccumulatedOp: 5 45 56 0 0
ChildrenCount: 0
ChildIndices:
CompletedDBGraphIDsCount: 1
CompletedDBGraphID: 25092
GraphStart
GraphDataStart
ID: 12
NumNodes: 58
NumEdges: 126
NodeLabels
2 2 2 2 2 2 2 2 1 1 2 2 2 0 2 2 2 2 2 2 4 4 0 2 2 0 0 2 2 2 0 2 2 2 2 2 4 2 4 2 2 1 1 2 2 2 2 2 2 0 2 2 0 0 1 1 4 4 
Edges
0 1 0
0 2 0
0 57 0
1 0 0
1 5 0
2 0 0
2 3 0
2 6 0
3 2 0
3 4 0
4 3 0
4 5 0
5 1 0
5 4 0
6 2 0
6 7 0
6 8 0
7 6 0
7 10 0
8 6 0
8 9 0
9 8 0
9 10 0
10 7 0
10 9 0
10 11 0
11 10 0
11 12 0
11 55 0
12 11 0
12 13 0
12 14 0
13 12 0
14 12 0
14 15 0
14 16 0
15 14 0
15 19 0
15 21 0
16 14 0
16 17 0
17 16 0
17 18 0
18 17 0
18 19 0
18 22 0
19 15 0
19 18 0
19 20 0
20 19 0
21 15 0
22 18 0
22 23 0
23 22 0
23 24 0
24 23 0
24 25 0
24 26 0
25 24 0
26 24 0
27 28 0
27 29 0
27 54 0
28 27 0
28 39 0
28 41 0
29 27 0
29 30 0
29 31 0
30 29 0
31 29 0
31 32 0
31 34 0
32 31 0
32 33 0
33 32 0
33 37 0
34 31 0
34 35 0
34 38 0
35 34 0
35 36 0
35 37 0
36 35 0
37 33 0
37 35 0
37 49 0
38 34 0
39 28 0
39 40 0
40 39 0
40 42 0
40 43 0
41 28 0
41 42 0
42 40 0
42 41 0
43 40 0
43 44 0
43 45 0
44 43 0
44 48 0
45 43 0
45 46 0
45 56 0
46 45 0
46 47 0
47 46 0
47 48 0
48 44 0
48 47 0
49 37 0
49 50 0
50 49 0
50 51 0
51 50 0
51 52 0
51 53 0
52 51 0
53 51 0
54 27 0
54 55 0
55 11 0
55 54 0
56 45 0
57 0 0
GraphDataEnd
GraphEnd
NodeEnd
NodeStart
EPTNodeID: 6
AnchorID: 27391
TreeNodeGraphID: 14
Level: 2
SimplifiedLevel: 0
EditOperation: 0 57 0 5 4
AccumulatedOpsCount: 2
AccumulatedOp: 0 56 0 5 4
AccumulatedOp: 0 57 0 5 4
ChildrenCount: 0
ChildIndices:
CompletedDBGraphIDsCount: 1
CompletedDBGraphID: 34116
GraphStart
GraphDataStart
ID: 14
NumNodes: 58
NumEdges: 126
NodeLabels
2 2 2 2 2 2 2 2 1 1 2 2 2 0 2 2 2 2 2 2 4 4 0 2 2 0 0 2 2 2 0 2 2 2 2 2 4 2 4 2 2 1 1 2 2 2 2 2 2 0 2 2 0 0 1 1 4 4 
Edges
0 1 0
0 2 0
1 0 0
1 5 0
2 0 0
2 3 0
2 6 0
3 2 0
3 4 0
4 3 0
4 5 0
5 1 0
5 4 0
5 56 0
6 2 0
6 7 0
6 8 0
7 6 0
7 10 0
8 6 0
8 9 0
9 8 0
9 10 0
10 7 0
10 9 0
10 11 0
11 10 0
11 12 0
11 55 0
12 11 0
12 13 0
12 14 0
13 12 0
14 12 0
14 15 0
14 16 0
15 14 0
15 19 0
15 21 0
16 14 0
16 17 0
17 16 0
17 18 0
18 17 0
18 19 0
18 22 0
19 15 0
19 18 0
19 20 0
20 19 0
21 15 0
22 18 0
22 23 0
23 22 0
23 24 0
24 23 0
24 25 0
24 26 0
25 24 0
26 24 0
27 28 0
27 29 0
27 54 0
28 27 0
28 39 0
28 41 0
29 27 0
29 30 0
29 31 0
30 29 0
31 29 0
31 32 0
31 34 0
32 31 0
32 33 0
33 32 0
33 37 0
34 31 0
34 35 0
34 38 0
35 34 0
35 36 0
35 37 0
36 35 0
37 33 0
37 35 0
37 49 0
38 34 0
39 28 0
39 40 0
40 39 0
40 42 0
40 43 0
41 28 0
41 42 0
42 40 0
42 41 0
43 40 0
43 44 0
43 45 0
44 43 0
44 48 0
45 43 0
45 46 0
46 45 0
46 47 0
47 46 0
47 48 0
47 57 0
48 44 0
48 47 0
49 37 0
49 50 0
50 49 0
50 51 0
51 50 0
51 52 0
51 53 0
52 51 0
53 51 0
54 27 0
54 55 0
55 11 0
55 54 0
56 5 0
57 47 0
GraphDataEnd
GraphEnd
NodeEnd
NodeStart
EPTNodeID: 7
AnchorID: 27391
TreeNodeGraphID: 16
Level: 2
SimplifiedLevel: 0
EditOperation: 0 57 0 5 12
AccumulatedOpsCount: 2
AccumulatedOp: 0 56 0 5 12
AccumulatedOp: 0 57 0 5 12
ChildrenCount: 0
ChildIndices:
CompletedDBGraphIDsCount: 1
CompletedDBGraphID: 78
GraphStart
GraphDataStart
ID: 16
NumNodes: 58
NumEdges: 126
NodeLabels
2 2 2 2 2 2 2 2 1 1 2 2 2 0 2 2 2 2 2 2 4 4 0 2 2 0 0 2 2 2 0 2 2 2 2 2 4 2 4 2 2 1 1 2 2 2 2 2 2 0 2 2 0 0 1 1 12 12 
Edges
0 1 0
0 2 0
1 0 0
1 5 0
2 0 0
2 3 0
2 6 0
3 2 0
3 4 0
4 3 0
4 5 0
5 1 0
5 4 0
5 56 0
6 2 0
6 7 0
6 8 0
7 6 0
7 10 0
8 6 0
8 9 0
9 8 0
9 10 0
10 7 0
10 9 0
10 11 0
11 10 0
11 12 0
11 55 0
12 11 0
12 13 0
12 14 0
13 12 0
14 12 0
14 15 0
14 16 0
15 14 0
15 19 0
15 21 0
16 14 0
16 17 0
17 16 0
17 18 0
18 17 0
18 19 0
18 22 0
19 15 0
19 18 0
19 20 0
20 19 0
21 15 0
22 18 0
22 23 0
23 22 0
23 24 0
24 23 0
24 25 0
24 26 0
25 24 0
26 24 0
27 28 0
27 29 0
27 54 0
28 27 0
28 39 0
28 41 0
29 27 0
29 30 0
29 31 0
30 29 0
31 29 0
31 32 0
31 34 0
32 31 0
32 33 0
33 32 0
33 37 0
34 31 0
34 35 0
34 38 0
35 34 0
35 36 0
35 37 0
36 35 0
37 33 0
37 35 0
37 49 0
38 34 0
39 28 0
39 40 0
40 39 0
40 42 0
40 43 0
41 28 0
41 42 0
42 40 0
42 41 0
43 40 0
43 44 0
43 45 0
44 43 0
44 48 0
45 43 0
45 46 0
46 45 0
46 47 0
47 46 0
47 48 0
47 57 0
48 44 0
48 47 0
49 37 0
49 50 0
50 49 0
50 51 0
51 50 0
51 52 0
51 53 0
52 51 0
53 51 0
54 27 0
54 55 0
55 11 0
55 54 0
56 5 0
57 47 0
GraphDataEnd
GraphEnd
NodeEnd
END_EPT
