BEGIN_EPT
AnchorID: 41247  # ID of the anchor node
RootIndex: 0  # Index of the root node in tree_nodes
NodeCount: 1  # Total number of nodes in the EPT
NodeStart
EPTNodeID: 0
AnchorID: 41247
TreeNodeGraphID: 0
Level: 0
SimplifiedLevel: 0
EditOperation: -1 0 -1 0 0
AccumulatedOpsCount: 0
ChildrenCount: 0
ChildIndices:
CompletedDBGraphIDsCount: 0
GraphStart
GraphDataStart
ID: 0
NumNodes: 147
NumEdges: 298
NodeLabels
3 2 2 0 3 2 2 0 2 0 3 2 2 0 2 0 3 2 2 2 2 2 2 0 2 2 0 2 0 3 2 2 0 3 2 2 2 2 2 0 3 2 2 2 2 2 3 2 0 3 2 2 2 0 0 2 0 3 3 2 2 2 2 3 3 2 2 2 2 2 0 3 2 2 0 2 0 3 2 2 2 0 3 2 2 2 2 3 2 0 3 2 2 2 2 3 2 3 3 2 0 2 2 0 3 2 2 0 3 2 2 2 2 2 3 2 2 2 3 2 2 0 3 2 2 0 2 3 3 2 3 3 2 0 2 2 2 2 2 2 2 2 2 2 2 2 2 
Edges
0 1 0
0 132 0
1 0 0
1 2 0
2 1 0
2 3 0
2 4 0
3 2 0
4 2 0
4 5 0
5 4 0
5 6 0
5 8 0
6 5 0
6 7 0
7 6 0
8 5 0
8 9 0
8 10 0
9 8 0
10 8 0
10 11 0
11 10 0
11 12 0
11 14 0
12 11 0
12 13 0
13 12 0
14 11 0
14 15 0
14 16 0
15 14 0
16 14 0
16 17 0
17 16 0
17 18 0
17 22 0
18 17 0
18 19 0
19 18 0
19 20 0
20 19 0
20 21 0
21 20 0
21 57 0
22 17 0
22 23 0
22 58 0
23 22 0
24 25 0
24 27 0
24 58 0
25 24 0
25 26 0
26 25 0
27 24 0
27 28 0
27 29 0
28 27 0
29 27 0
29 30 0
30 29 0
30 31 0
30 59 0
31 30 0
31 32 0
31 33 0
32 31 0
33 31 0
33 34 0
33 37 0
34 33 0
34 35 0
35 34 0
35 36 0
36 35 0
36 37 0
37 33 0
37 36 0
37 38 0
38 37 0
38 39 0
38 40 0
39 38 0
40 38 0
40 41 0
41 40 0
41 42 0
41 47 0
42 41 0
42 43 0
43 42 0
43 44 0
44 43 0
44 45 0
45 44 0
45 46 0
46 45 0
47 41 0
47 48 0
47 49 0
48 47 0
49 47 0
49 50 0
50 49 0
50 51 0
50 55 0
51 50 0
51 52 0
52 51 0
52 53 0
52 54 0
53 52 0
54 52 0
55 50 0
55 56 0
55 64 0
56 55 0
57 21 0
58 22 0
58 24 0
59 30 0
59 60 0
60 59 0
60 61 0
61 60 0
61 62 0
62 61 0
62 63 0
63 62 0
64 55 0
64 65 0
64 68 0
65 64 0
65 66 0
66 65 0
66 67 0
67 66 0
67 68 0
68 64 0
68 67 0
68 69 0
69 68 0
69 70 0
69 71 0
70 69 0
71 69 0
71 72 0
72 71 0
72 73 0
72 75 0
73 72 0
73 74 0
74 73 0
75 72 0
75 76 0
75 77 0
76 75 0
77 75 0
77 78 0
78 77 0
78 80 0
78 119 0
79 119 0
79 120 0
80 78 0
80 81 0
80 82 0
81 80 0
82 80 0
82 83 0
83 82 0
83 84 0
83 88 0
84 83 0
84 85 0
85 84 0
85 86 0
86 85 0
86 87 0
87 86 0
87 129 0
88 83 0
88 89 0
88 90 0
89 88 0
90 88 0
90 91 0
91 90 0
91 92 0
91 99 0
92 91 0
92 93 0
93 92 0
93 94 0
94 93 0
94 95 0
95 94 0
95 96 0
96 95 0
96 97 0
96 98 0
97 96 0
98 96 0
99 91 0
99 100 0
99 114 0
100 99 0
101 102 0
101 114 0
101 115 0
102 101 0
102 103 0
102 104 0
103 102 0
104 102 0
104 105 0
105 104 0
105 106 0
105 124 0
106 105 0
106 107 0
106 108 0
107 106 0
108 106 0
109 110 0
109 123 0
110 109 0
110 111 0
111 110 0
111 112 0
111 125 0
112 111 0
112 113 0
113 112 0
113 123 0
114 99 0
114 101 0
115 101 0
115 116 0
116 115 0
116 117 0
117 116 0
117 118 0
118 117 0
118 126 0
119 78 0
119 79 0
120 79 0
120 121 0
120 122 0
121 120 0
122 120 0
123 109 0
123 113 0
123 124 0
124 105 0
124 123 0
125 111 0
126 118 0
126 127 0
126 128 0
127 126 0
128 126 0
129 87 0
129 130 0
129 131 0
130 129 0
131 129 0
132 0 0
132 133 0
132 134 0
133 132 0
134 132 0
134 135 0
135 134 0
135 136 0
136 135 0
136 137 0
137 136 0
137 138 0
138 137 0
138 139 0
139 138 0
139 140 0
140 139 0
140 141 0
141 140 0
141 142 0
142 141 0
142 143 0
143 142 0
143 144 0
144 143 0
144 145 0
145 144 0
145 146 0
146 145 0
GraphDataEnd
GraphEnd
NodeEnd
END_EPT
