BEGIN_EPT
AnchorID: 34710  # ID of the anchor node
RootIndex: 0  # Index of the root node in tree_nodes
NodeCount: 2  # Total number of nodes in the EPT
NodeStart
EPTNodeID: 0
AnchorID: 34710
TreeNodeGraphID: 0
Level: 0
SimplifiedLevel: 0
EditOperation: -1 0 -1 0 0
AccumulatedOpsCount: 0
ChildrenCount: 1
ChildIndices: 1
CompletedDBGraphIDsCount: 0
GraphStart
GraphDataStart
ID: 0
NumNodes: 200
NumEdges: 404
NodeLabels
2 0 2 2 2 0 2 2 0 2 2 0 2 2 3 3 3 2 2 2 2 0 2 2 2 2 0 2 2 0 2 2 3 3 2 2 2 0 3 2 2 0 2 0 2 2 0 2 0 2 2 2 0 2 2 3 3 3 3 3 0 0 2 2 2 2 2 3 2 2 2 3 2 0 2 2 0 3 0 3 2 2 2 2 2 2 2 2 2 3 3 2 2 2 2 2 2 2 0 2 3 2 2 2 2 2 0 2 0 2 2 3 2 2 2 2 0 2 2 2 2 2 3 3 2 0 2 2 3 2 2 2 2 2 3 2 2 2 2 2 0 3 3 3 3 3 2 2 0 2 2 0 2 2 2 2 2 2 2 2 2 3 2 2 0 3 3 2 2 2 2 2 2 0 2 2 2 0 0 0 2 2 0 3 3 3 3 3 3 0 3 2 0 2 0 3 3 3 3 3 
Edges
0 1 0
0 2 0
0 14 0
1 0 0
2 0 0
2 3 0
2 79 0
3 2 0
3 17 0
4 5 0
4 6 0
4 71 0
5 4 0
6 4 0
6 14 0
6 74 0
7 8 0
7 9 0
7 15 0
8 7 0
9 7 0
9 18 0
9 71 0
10 11 0
10 12 0
10 16 0
11 10 0
12 10 0
12 15 0
12 69 0
13 59 0
13 61 0
13 153 0
14 0 0
14 6 0
15 7 0
15 12 0
16 10 0
16 147 0
17 3 0
17 78 0
17 183 0
18 9 0
18 72 0
18 73 0
19 24 0
19 59 0
19 157 0
20 21 0
20 22 0
20 187 0
21 20 0
22 20 0
22 23 0
22 33 0
23 22 0
23 34 0
23 35 0
24 19 0
24 33 0
24 60 0
25 26 0
25 27 0
25 134 0
26 25 0
27 25 0
27 136 0
27 187 0
28 29 0
28 30 0
28 32 0
29 28 0
30 28 0
30 31 0
30 134 0
31 30 0
31 167 0
32 28 0
32 36 0
33 22 0
33 24 0
34 23 0
34 80 0
35 23 0
36 32 0
36 180 0
37 180 0
38 39 0
38 81 0
38 180 0
39 38 0
39 40 0
39 83 0
40 39 0
40 41 0
40 55 0
41 40 0
42 43 0
42 44 0
42 56 0
43 42 0
44 42 0
44 55 0
45 46 0
45 57 0
45 84 0
46 45 0
47 48 0
47 49 0
47 58 0
48 47 0
49 47 0
49 50 0
49 57 0
50 49 0
51 52 0
51 53 0
51 100 0
52 51 0
53 51 0
53 54 0
53 58 0
54 53 0
54 91 0
55 40 0
55 44 0
56 42 0
56 84 0
57 45 0
57 49 0
58 47 0
58 53 0
59 13 0
59 19 0
60 24 0
61 13 0
62 143 0
62 144 0
62 145 0
63 64 0
63 66 0
64 63 0
64 147 0
65 66 0
65 67 0
66 63 0
66 65 0
67 65 0
68 69 0
68 70 0
69 12 0
69 68 0
70 68 0
70 143 0
71 4 0
71 9 0
72 18 0
73 18 0
74 6 0
74 75 0
75 74 0
75 76 0
75 77 0
76 75 0
77 75 0
78 17 0
79 2 0
80 34 0
81 38 0
81 82 0
82 81 0
82 83 0
83 39 0
83 82 0
84 45 0
84 56 0
84 87 0
85 89 0
85 90 0
85 199 0
86 87 0
86 88 0
87 84 0
87 86 0
88 86 0
88 199 0
89 85 0
90 85 0
91 54 0
91 92 0
91 96 0
92 91 0
92 93 0
93 92 0
93 94 0
94 93 0
94 95 0
95 94 0
95 96 0
96 91 0
96 95 0
97 98 0
97 117 0
97 123 0
98 97 0
99 101 0
99 102 0
99 117 0
100 51 0
100 117 0
101 99 0
102 99 0
103 104 0
103 181 0
103 182 0
104 103 0
104 105 0
104 123 0
105 104 0
105 106 0
105 111 0
106 105 0
107 108 0
107 109 0
107 141 0
108 107 0
109 107 0
109 110 0
109 111 0
110 109 0
110 112 0
110 113 0
111 105 0
111 109 0
112 110 0
112 114 0
113 110 0
114 112 0
115 116 0
115 128 0
115 139 0
116 115 0
117 97 0
117 99 0
117 100 0
118 119 0
118 121 0
119 118 0
119 139 0
120 121 0
120 122 0
121 118 0
121 120 0
122 120 0
123 97 0
123 104 0
124 125 0
124 126 0
124 188 0
125 124 0
126 124 0
126 127 0
126 128 0
127 126 0
127 129 0
127 130 0
128 115 0
128 126 0
129 127 0
129 131 0
130 127 0
131 129 0
132 133 0
132 188 0
133 132 0
133 194 0
133 195 0
134 25 0
134 30 0
135 136 0
135 163 0
136 27 0
136 135 0
137 138 0
137 140 0
137 142 0
138 137 0
138 141 0
139 115 0
139 119 0
139 142 0
140 137 0
141 107 0
141 138 0
142 137 0
142 139 0
143 62 0
143 70 0
144 62 0
145 62 0
146 147 0
146 148 0
146 184 0
147 16 0
147 64 0
147 146 0
148 146 0
149 150 0
149 151 0
149 185 0
150 149 0
150 152 0
150 184 0
151 149 0
152 150 0
152 189 0
153 13 0
153 154 0
153 185 0
154 153 0
154 155 0
154 156 0
155 154 0
156 154 0
156 162 0
157 19 0
157 158 0
158 157 0
158 159 0
159 158 0
159 161 0
160 161 0
160 166 0
160 186 0
161 159 0
161 160 0
162 156 0
163 135 0
163 164 0
163 165 0
164 163 0
165 163 0
166 160 0
167 31 0
167 168 0
168 167 0
168 196 0
169 196 0
169 197 0
169 198 0
170 171 0
170 175 0
170 177 0
171 170 0
171 172 0
171 190 0
172 171 0
172 173 0
172 183 0
173 172 0
173 174 0
174 173 0
174 175 0
174 176 0
175 170 0
175 174 0
175 178 0
176 174 0
176 179 0
177 170 0
178 175 0
179 176 0
180 36 0
180 37 0
180 38 0
181 103 0
182 103 0
183 17 0
183 172 0
184 146 0
184 150 0
185 149 0
185 153 0
186 160 0
187 20 0
187 27 0
188 124 0
188 132 0
189 152 0
190 171 0
190 191 0
191 190 0
191 192 0
191 193 0
192 191 0
193 191 0
194 133 0
195 133 0
196 168 0
196 169 0
197 169 0
198 169 0
199 85 0
199 88 0
GraphDataEnd
GraphEnd
NodeEnd
NodeStart
EPTNodeID: 1
AnchorID: 34710
TreeNodeGraphID: 8
Level: 8
SimplifiedLevel: 0
EditOperation: 5 135 200 0 0
AccumulatedOpsCount: 8
AccumulatedOp: 2 200 0 0 2
AccumulatedOp: 5 163 200 0 0
AccumulatedOp: 2 201 0 0 0
AccumulatedOp: 4 135 163 0 0
AccumulatedOp: 4 172 183 0 0
AccumulatedOp: 5 120 201 0 0
AccumulatedOp: 5 172 189 0 0
AccumulatedOp: 5 135 200 0 0
ChildrenCount: 0
ChildIndices:
CompletedDBGraphIDsCount: 1
CompletedDBGraphID: 36643
GraphStart
GraphDataStart
ID: 8
NumNodes: 202
NumEdges: 408
NodeLabels
2 0 2 2 2 0 2 2 0 2 2 0 2 2 3 3 3 2 2 2 2 0 2 2 2 2 0 2 2 0 2 2 3 3 2 2 2 0 3 2 2 0 2 0 2 2 0 2 0 2 2 2 0 2 2 3 3 3 3 3 0 0 2 2 2 2 2 3 2 2 2 3 2 0 2 2 0 3 0 3 2 2 2 2 2 2 2 2 2 3 3 2 2 2 2 2 2 2 0 2 3 2 2 2 2 2 0 2 0 2 2 3 2 2 2 2 0 2 2 2 2 2 3 3 2 0 2 2 3 2 2 2 2 2 3 2 2 2 2 2 0 3 3 3 3 3 2 2 0 2 2 0 2 2 2 2 2 2 2 2 2 3 2 2 0 3 3 2 2 2 2 2 2 0 2 2 2 0 0 0 2 2 0 3 3 3 3 3 3 0 3 2 0 2 0 3 3 3 3 3 2 0 
Edges
0 1 0
0 2 0
0 14 0
1 0 0
2 0 0
2 3 0
2 79 0
3 2 0
3 17 0
4 5 0
4 6 0
4 71 0
5 4 0
6 4 0
6 14 0
6 74 0
7 8 0
7 9 0
7 15 0
8 7 0
9 7 0
9 18 0
9 71 0
10 11 0
10 12 0
10 16 0
11 10 0
12 10 0
12 15 0
12 69 0
13 59 0
13 61 0
13 153 0
14 0 0
14 6 0
15 7 0
15 12 0
16 10 0
16 147 0
17 3 0
17 78 0
17 183 0
18 9 0
18 72 0
18 73 0
19 24 0
19 59 0
19 157 0
20 21 0
20 22 0
20 187 0
21 20 0
22 20 0
22 23 0
22 33 0
23 22 0
23 34 0
23 35 0
24 19 0
24 33 0
24 60 0
25 26 0
25 27 0
25 134 0
26 25 0
27 25 0
27 136 0
27 187 0
28 29 0
28 30 0
28 32 0
29 28 0
30 28 0
30 31 0
30 134 0
31 30 0
31 167 0
32 28 0
32 36 0
33 22 0
33 24 0
34 23 0
34 80 0
35 23 0
36 32 0
36 180 0
37 180 0
38 39 0
38 81 0
38 180 0
39 38 0
39 40 0
39 83 0
40 39 0
40 41 0
40 55 0
41 40 0
42 43 0
42 44 0
42 56 0
43 42 0
44 42 0
44 55 0
45 46 0
45 57 0
45 84 0
46 45 0
47 48 0
47 49 0
47 58 0
48 47 0
49 47 0
49 50 0
49 57 0
50 49 0
51 52 0
51 53 0
51 100 0
52 51 0
53 51 0
53 54 0
53 58 0
54 53 0
54 91 0
55 40 0
55 44 0
56 42 0
56 84 0
57 45 0
57 49 0
58 47 0
58 53 0
59 13 0
59 19 0
60 24 0
61 13 0
62 143 0
62 144 0
62 145 0
63 64 0
63 66 0
64 63 0
64 147 0
65 66 0
65 67 0
66 63 0
66 65 0
67 65 0
68 69 0
68 70 0
69 12 0
69 68 0
70 68 0
70 143 0
71 4 0
71 9 0
72 18 0
73 18 0
74 6 0
74 75 0
75 74 0
75 76 0
75 77 0
76 75 0
77 75 0
78 17 0
79 2 0
80 34 0
81 38 0
81 82 0
82 81 0
82 83 0
83 39 0
83 82 0
84 45 0
84 56 0
84 87 0
85 89 0
85 90 0
85 199 0
86 87 0
86 88 0
87 84 0
87 86 0
88 86 0
88 199 0
89 85 0
90 85 0
91 54 0
91 92 0
91 96 0
92 91 0
92 93 0
93 92 0
93 94 0
94 93 0
94 95 0
95 94 0
95 96 0
96 91 0
96 95 0
97 98 0
97 117 0
97 123 0
98 97 0
99 101 0
99 102 0
99 117 0
100 51 0
100 117 0
101 99 0
102 99 0
103 104 0
103 181 0
103 182 0
104 103 0
104 105 0
104 123 0
105 104 0
105 106 0
105 111 0
106 105 0
107 108 0
107 109 0
107 141 0
108 107 0
109 107 0
109 110 0
109 111 0
110 109 0
110 112 0
110 113 0
111 105 0
111 109 0
112 110 0
112 114 0
113 110 0
114 112 0
115 116 0
115 128 0
115 139 0
116 115 0
117 97 0
117 99 0
117 100 0
118 119 0
118 121 0
119 118 0
119 139 0
120 121 0
120 122 0
120 201 0
121 118 0
121 120 0
122 120 0
123 97 0
123 104 0
124 125 0
124 126 0
124 188 0
125 124 0
126 124 0
126 127 0
126 128 0
127 126 0
127 129 0
127 130 0
128 115 0
128 126 0
129 127 0
129 131 0
130 127 0
131 129 0
132 133 0
132 188 0
133 132 0
133 194 0
133 195 0
134 25 0
134 30 0
135 136 0
135 200 0
136 27 0
136 135 0
137 138 0
137 140 0
137 142 0
138 137 0
138 141 0
139 115 0
139 119 0
139 142 0
140 137 0
141 107 0
141 138 0
142 137 0
142 139 0
143 62 0
143 70 0
144 62 0
145 62 0
146 147 0
146 148 0
146 184 0
147 16 0
147 64 0
147 146 0
148 146 0
149 150 0
149 151 0
149 185 0
150 149 0
150 152 0
150 184 0
151 149 0
152 150 0
152 189 0
153 13 0
153 154 0
153 185 0
154 153 0
154 155 0
154 156 0
155 154 0
156 154 0
156 162 0
157 19 0
157 158 0
158 157 0
158 159 0
159 158 0
159 161 0
160 161 0
160 166 0
160 186 0
161 159 0
161 160 0
162 156 0
163 164 0
163 165 0
163 200 0
164 163 0
165 163 0
166 160 0
167 31 0
167 168 0
168 167 0
168 196 0
169 196 0
169 197 0
169 198 0
170 171 0
170 175 0
170 177 0
171 170 0
171 172 0
171 190 0
172 171 0
172 173 0
172 189 0
173 172 0
173 174 0
174 173 0
174 175 0
174 176 0
175 170 0
175 174 0
175 178 0
176 174 0
176 179 0
177 170 0
178 175 0
179 176 0
180 36 0
180 37 0
180 38 0
181 103 0
182 103 0
183 17 0
184 146 0
184 150 0
185 149 0
185 153 0
186 160 0
187 20 0
187 27 0
188 124 0
188 132 0
189 152 0
189 172 0
190 171 0
190 191 0
191 190 0
191 192 0
191 193 0
192 191 0
193 191 0
194 133 0
195 133 0
196 168 0
196 169 0
197 169 0
198 169 0
199 85 0
199 88 0
200 163 0
200 135 0
201 120 0
GraphDataEnd
GraphEnd
NodeEnd
END_EPT
