BEGIN_EPT
AnchorID: 32863  # ID of the anchor node
RootIndex: 0  # Index of the root node in tree_nodes
NodeCount: 1  # Total number of nodes in the EPT
NodeStart
EPTNodeID: 0
AnchorID: 32863
TreeNodeGraphID: 0
Level: 0
SimplifiedLevel: 0
EditOperation: -1 0 -1 0 0
AccumulatedOpsCount: 0
ChildrenCount: 0
ChildIndices:
CompletedDBGraphIDsCount: 0
GraphStart
GraphDataStart
ID: 0
NumNodes: 101
NumEdges: 214
NodeLabels
2 2 2 2 2 2 2 1 0 0 0 3 2 2 2 2 2 2 2 2 2 2 2 2 2 2 1 0 0 0 3 3 2 2 2 2 2 2 2 2 2 2 2 2 2 2 3 3 2 2 2 2 2 2 1 0 0 0 2 2 2 2 2 2 2 1 0 0 0 2 2 2 2 2 2 3 3 3 2 2 1 1 1 1 0 0 0 0 0 0 0 0 0 0 0 0 3 2 2 2 2 
Edges
0 60 0
0 64 0
0 79 0
1 3 0
1 4 0
2 5 0
2 6 0
2 7 0
3 1 0
3 6 0
4 1 0
4 5 0
4 77 0
5 2 0
5 4 0
6 2 0
6 3 0
6 78 0
7 2 0
7 8 0
7 9 0
7 10 0
8 7 0
9 7 0
10 7 0
11 17 0
11 77 0
12 13 0
12 17 0
13 12 0
13 14 0
14 13 0
14 15 0
14 18 0
15 14 0
15 16 0
15 80 0
16 15 0
16 17 0
17 11 0
17 12 0
17 16 0
18 14 0
18 19 0
19 18 0
19 20 0
20 19 0
20 21 0
20 25 0
21 20 0
21 22 0
22 21 0
22 23 0
23 22 0
23 24 0
23 30 0
24 23 0
24 25 0
25 20 0
25 24 0
25 26 0
26 25 0
26 27 0
26 28 0
26 29 0
27 26 0
28 26 0
29 26 0
30 23 0
30 31 0
31 30 0
31 32 0
32 31 0
32 33 0
32 34 0
33 32 0
33 37 0
34 32 0
34 35 0
35 34 0
35 36 0
35 81 0
36 35 0
36 37 0
36 38 0
37 33 0
37 36 0
38 36 0
38 39 0
39 38 0
39 40 0
40 39 0
40 41 0
40 45 0
41 40 0
41 42 0
42 41 0
42 43 0
43 42 0
43 44 0
43 46 0
44 43 0
44 45 0
45 40 0
45 44 0
45 82 0
46 43 0
46 47 0
47 46 0
47 48 0
48 47 0
48 49 0
48 53 0
49 48 0
49 50 0
50 49 0
50 51 0
50 54 0
51 50 0
51 52 0
51 58 0
52 51 0
52 53 0
53 48 0
53 52 0
54 50 0
54 55 0
54 56 0
54 57 0
55 54 0
56 54 0
57 54 0
58 51 0
58 59 0
59 58 0
59 69 0
60 0 0
60 61 0
60 65 0
61 60 0
61 62 0
62 61 0
62 63 0
62 76 0
63 62 0
63 64 0
64 0 0
64 63 0
65 60 0
65 66 0
65 67 0
65 68 0
66 65 0
67 65 0
68 65 0
69 59 0
69 70 0
69 74 0
70 69 0
70 71 0
70 83 0
71 70 0
71 72 0
72 71 0
72 73 0
72 75 0
73 72 0
73 74 0
74 69 0
74 73 0
75 72 0
76 62 0
77 4 0
77 11 0
78 6 0
78 79 0
79 0 0
79 78 0
80 15 0
80 93 0
80 94 0
80 95 0
81 35 0
81 90 0
81 91 0
81 92 0
82 45 0
82 87 0
82 88 0
82 89 0
83 70 0
83 84 0
83 85 0
83 86 0
84 83 0
85 83 0
86 83 0
87 82 0
88 82 0
89 82 0
90 81 0
91 81 0
92 81 0
93 80 0
94 80 0
95 80 0
96 97 0
96 98 0
96 99 0
96 100 0
97 96 0
98 96 0
99 96 0
100 96 0
GraphDataEnd
GraphEnd
NodeEnd
END_EPT
