BEGIN_EPT
AnchorID: 3874  # ID of the anchor node
RootIndex: 0  # Index of the root node in tree_nodes
NodeCount: 1  # Total number of nodes in the EPT
NodeStart
EPTNodeID: 0
AnchorID: 3874
TreeNodeGraphID: 0
Level: 0
SimplifiedLevel: 0
EditOperation: -1 0 -1 0 0
AccumulatedOpsCount: 0
ChildrenCount: 0
ChildIndices:
CompletedDBGraphIDsCount: 0
GraphStart
GraphDataStart
ID: 0
NumNodes: 69
NumEdges: 150
NodeLabels
2 2 2 2 2 2 2 2 2 2 2 2 2 2 2 2 0 0 0 2 2 2 2 0 2 2 2 0 2 2 2 0 0 0 0 2 2 2 2 2 2 2 2 2 2 2 2 2 2 2 2 0 0 2 2 2 2 0 2 2 2 0 2 2 2 0 0 0 0 
Edges
0 1 0
1 0 0
1 2 0
1 3 0
1 4 0
2 1 0
2 5 0
2 6 0
3 1 0
3 7 0
3 8 0
4 1 0
4 9 0
5 2 0
5 10 0
5 11 0
5 12 0
6 2 0
6 13 0
7 3 0
7 13 0
7 14 0
8 3 0
8 15 0
9 4 0
9 12 0
9 16 0
10 5 0
10 17 0
11 5 0
12 5 0
12 9 0
12 18 0
13 6 0
13 7 0
14 7 0
14 19 0
15 8 0
15 19 0
16 9 0
17 10 0
17 20 0
18 12 0
19 14 0
19 15 0
19 21 0
19 22 0
20 17 0
20 23 0
20 24 0
21 19 0
21 25 0
22 19 0
23 20 0
23 26 0
24 20 0
24 27 0
24 28 0
25 21 0
26 23 0
26 29 0
26 30 0
27 24 0
28 24 0
28 30 0
28 31 0
29 26 0
29 32 0
29 33 0
30 26 0
30 28 0
30 34 0
31 28 0
32 29 0
33 29 0
34 30 0
35 36 0
36 35 0
36 37 0
36 38 0
36 39 0
37 36 0
37 40 0
37 41 0
38 36 0
38 42 0
38 43 0
39 36 0
39 44 0
40 37 0
40 45 0
40 46 0
40 47 0
41 37 0
41 48 0
42 38 0
42 48 0
42 49 0
43 38 0
43 50 0
44 39 0
44 47 0
45 40 0
45 51 0
46 40 0
47 40 0
47 44 0
47 52 0
48 41 0
48 42 0
49 42 0
49 53 0
50 43 0
50 53 0
51 45 0
51 54 0
52 47 0
53 49 0
53 50 0
53 55 0
53 56 0
54 51 0
54 57 0
54 58 0
55 53 0
55 59 0
56 53 0
57 54 0
57 60 0
58 54 0
58 61 0
58 62 0
59 55 0
60 57 0
60 63 0
60 64 0
61 58 0
62 58 0
62 64 0
62 65 0
63 60 0
63 66 0
63 67 0
64 60 0
64 62 0
64 68 0
65 62 0
66 63 0
67 63 0
68 64 0
GraphDataEnd
GraphEnd
NodeEnd
END_EPT
