BEGIN_EPT
AnchorID: 18126  # ID of the anchor node
RootIndex: 0  # Index of the root node in tree_nodes
NodeCount: 1  # Total number of nodes in the EPT
NodeStart
EPTNodeID: 0
AnchorID: 18126
TreeNodeGraphID: 0
Level: 0
SimplifiedLevel: 0
EditOperation: -1 0 -1 0 0
AccumulatedOpsCount: 0
ChildrenCount: 0
ChildIndices:
CompletedDBGraphIDsCount: 0
GraphStart
GraphDataStart
ID: 0
NumNodes: 90
NumEdges: 186
NodeLabels
3 2 2 2 2 2 0 3 2 2 2 2 0 3 2 0 3 2 2 2 2 2 2 0 3 2 2 2 0 2 0 3 2 2 2 2 2 2 0 3 2 2 2 3 2 2 2 2 2 2 2 2 0 3 2 2 2 2 0 3 2 0 3 2 2 2 2 2 3 2 3 3 2 0 3 2 2 2 2 2 0 3 2 2 0 0 2 2 2 2 
Edges
0 1 0
0 4 0
1 0 0
1 2 0
1 5 0
2 1 0
2 3 0
3 2 0
3 4 0
4 0 0
4 3 0
5 1 0
5 6 0
5 7 0
6 5 0
7 5 0
7 8 0
8 7 0
8 9 0
8 14 0
9 8 0
9 10 0
10 9 0
10 11 0
11 10 0
11 12 0
11 13 0
12 11 0
13 11 0
14 8 0
14 15 0
14 16 0
15 14 0
16 14 0
16 17 0
17 16 0
17 18 0
17 22 0
18 17 0
18 19 0
18 20 0
19 18 0
20 18 0
20 21 0
21 20 0
22 17 0
22 23 0
22 24 0
23 22 0
24 22 0
24 25 0
25 24 0
25 26 0
25 29 0
26 25 0
26 27 0
26 28 0
27 26 0
28 26 0
29 25 0
29 30 0
29 31 0
30 29 0
31 29 0
31 32 0
32 31 0
32 33 0
32 37 0
33 32 0
33 34 0
34 33 0
34 35 0
34 36 0
35 34 0
36 34 0
37 32 0
37 38 0
37 39 0
38 37 0
39 37 0
39 40 0
40 39 0
40 41 0
40 51 0
41 40 0
41 46 0
42 43 0
42 46 0
43 42 0
43 44 0
44 43 0
44 45 0
44 50 0
45 44 0
45 46 0
45 47 0
46 41 0
46 42 0
46 45 0
47 45 0
47 48 0
48 47 0
48 49 0
49 48 0
49 50 0
50 44 0
50 49 0
51 40 0
51 52 0
51 53 0
52 51 0
53 51 0
53 54 0
54 53 0
54 55 0
55 54 0
55 56 0
55 60 0
56 55 0
56 63 0
57 58 0
57 59 0
57 63 0
58 57 0
59 57 0
60 55 0
60 61 0
60 62 0
61 60 0
62 60 0
62 64 0
63 56 0
63 57 0
64 62 0
64 65 0
64 72 0
65 64 0
65 66 0
66 65 0
66 67 0
67 66 0
67 68 0
68 67 0
68 69 0
69 68 0
69 70 0
69 71 0
70 69 0
71 69 0
72 64 0
72 73 0
72 74 0
73 72 0
74 72 0
74 75 0
74 77 0
75 74 0
75 76 0
75 79 0
76 75 0
76 78 0
77 74 0
77 78 0
78 76 0
78 77 0
79 75 0
79 80 0
79 81 0
80 79 0
81 79 0
81 82 0
82 81 0
82 83 0
82 86 0
83 82 0
83 84 0
83 85 0
84 83 0
85 83 0
86 82 0
86 87 0
87 86 0
87 88 0
87 89 0
88 87 0
89 87 0
GraphDataEnd
GraphEnd
NodeEnd
END_EPT
