BEGIN_EPT
AnchorID: 38187  # ID of the anchor node
RootIndex: 0  # Index of the root node in tree_nodes
NodeCount: 4  # Total number of nodes in the EPT
NodeStart
EPTNodeID: 0
AnchorID: 38187
TreeNodeGraphID: 0
Level: 0
SimplifiedLevel: 0
EditOperation: -1 0 -1 0 0
AccumulatedOpsCount: 0
ChildrenCount: 3
ChildIndices: 1 2 3
CompletedDBGraphIDsCount: 0
GraphStart
GraphDataStart
ID: 0
NumNodes: 62
NumEdges: 130
NodeLabels
2 3 2 2 2 2 3 0 1 3 2 2 0 2 2 2 0 2 0 2 0 2 0 2 0 2 0 2 2 0 2 0 2 2 2 0 2 2 2 0 2 0 2 0 2 0 2 0 2 0 2 2 0 2 0 2 2 2 2 2 2 2 
Edges
0 1 0
0 4 0
0 56 0
1 0 0
1 2 0
2 1 0
2 8 0
2 9 0
3 4 0
3 7 0
3 9 0
4 0 0
4 3 0
4 5 0
5 4 0
5 6 0
6 5 0
7 3 0
8 2 0
8 11 0
9 2 0
9 3 0
9 34 0
10 11 0
10 15 0
10 24 0
11 8 0
11 10 0
11 12 0
12 11 0
12 13 0
13 12 0
13 14 0
13 28 0
14 13 0
14 15 0
14 16 0
15 10 0
15 14 0
15 20 0
16 14 0
16 17 0
17 16 0
17 18 0
17 19 0
18 17 0
19 17 0
20 15 0
20 21 0
21 20 0
21 22 0
21 23 0
22 21 0
23 21 0
24 10 0
24 25 0
25 24 0
25 26 0
25 27 0
26 25 0
27 25 0
28 13 0
28 29 0
29 28 0
29 30 0
30 29 0
30 31 0
30 32 0
31 30 0
32 30 0
33 34 0
33 38 0
33 47 0
34 9 0
34 33 0
34 35 0
35 34 0
35 36 0
36 35 0
36 37 0
36 51 0
37 36 0
37 38 0
37 39 0
38 33 0
38 37 0
38 43 0
39 37 0
39 40 0
40 39 0
40 41 0
40 42 0
41 40 0
42 40 0
43 38 0
43 44 0
44 43 0
44 45 0
44 46 0
45 44 0
46 44 0
47 33 0
47 48 0
48 47 0
48 49 0
48 50 0
49 48 0
50 48 0
51 36 0
51 52 0
52 51 0
52 53 0
53 52 0
53 54 0
53 55 0
54 53 0
55 53 0
56 0 0
56 57 0
56 61 0
57 56 0
57 58 0
58 57 0
58 59 0
59 58 0
59 60 0
60 59 0
60 61 0
61 56 0
61 60 0
GraphDataEnd
GraphEnd
NodeEnd
NodeStart
EPTNodeID: 1
AnchorID: 38187
TreeNodeGraphID: 2
Level: 2
SimplifiedLevel: 0
EditOperation: 5 59 62 0 0
AccumulatedOpsCount: 2
AccumulatedOp: 2 62 0 0 4
AccumulatedOp: 5 59 62 0 0
ChildrenCount: 0
ChildIndices:
CompletedDBGraphIDsCount: 2
CompletedDBGraphID: 10706
CompletedDBGraphID: 436
GraphStart
GraphDataStart
ID: 2
NumNodes: 63
NumEdges: 132
NodeLabels
2 3 2 2 2 2 3 0 1 3 2 2 0 2 2 2 0 2 0 2 0 2 0 2 0 2 0 2 2 0 2 0 2 2 2 0 2 2 2 0 2 0 2 0 2 0 2 0 2 0 2 2 0 2 0 2 2 2 2 2 2 2 4 
Edges
0 1 0
0 4 0
0 56 0
1 0 0
1 2 0
2 1 0
2 8 0
2 9 0
3 4 0
3 7 0
3 9 0
4 0 0
4 3 0
4 5 0
5 4 0
5 6 0
6 5 0
7 3 0
8 2 0
8 11 0
9 2 0
9 3 0
9 34 0
10 11 0
10 15 0
10 24 0
11 8 0
11 10 0
11 12 0
12 11 0
12 13 0
13 12 0
13 14 0
13 28 0
14 13 0
14 15 0
14 16 0
15 10 0
15 14 0
15 20 0
16 14 0
16 17 0
17 16 0
17 18 0
17 19 0
18 17 0
19 17 0
20 15 0
20 21 0
21 20 0
21 22 0
21 23 0
22 21 0
23 21 0
24 10 0
24 25 0
25 24 0
25 26 0
25 27 0
26 25 0
27 25 0
28 13 0
28 29 0
29 28 0
29 30 0
30 29 0
30 31 0
30 32 0
31 30 0
32 30 0
33 34 0
33 38 0
33 47 0
34 9 0
34 33 0
34 35 0
35 34 0
35 36 0
36 35 0
36 37 0
36 51 0
37 36 0
37 38 0
37 39 0
38 33 0
38 37 0
38 43 0
39 37 0
39 40 0
40 39 0
40 41 0
40 42 0
41 40 0
42 40 0
43 38 0
43 44 0
44 43 0
44 45 0
44 46 0
45 44 0
46 44 0
47 33 0
47 48 0
48 47 0
48 49 0
48 50 0
49 48 0
50 48 0
51 36 0
51 52 0
52 51 0
52 53 0
53 52 0
53 54 0
53 55 0
54 53 0
55 53 0
56 0 0
56 57 0
56 61 0
57 56 0
57 58 0
58 57 0
58 59 0
59 58 0
59 60 0
59 62 0
60 59 0
60 61 0
61 56 0
61 60 0
62 59 0
GraphDataEnd
GraphEnd
NodeEnd
NodeStart
EPTNodeID: 2
AnchorID: 38187
TreeNodeGraphID: 4
Level: 2
SimplifiedLevel: 0
EditOperation: 5 59 62 0 0
AccumulatedOpsCount: 2
AccumulatedOp: 2 62 0 0 2
AccumulatedOp: 5 59 62 0 0
ChildrenCount: 0
ChildIndices:
CompletedDBGraphIDsCount: 2
CompletedDBGraphID: 39333
CompletedDBGraphID: 5280
GraphStart
GraphDataStart
ID: 4
NumNodes: 63
NumEdges: 132
NodeLabels
2 3 2 2 2 2 3 0 1 3 2 2 0 2 2 2 0 2 0 2 0 2 0 2 0 2 0 2 2 0 2 0 2 2 2 0 2 2 2 0 2 0 2 0 2 0 2 0 2 0 2 2 0 2 0 2 2 2 2 2 2 2 2 
Edges
0 1 0
0 4 0
0 56 0
1 0 0
1 2 0
2 1 0
2 8 0
2 9 0
3 4 0
3 7 0
3 9 0
4 0 0
4 3 0
4 5 0
5 4 0
5 6 0
6 5 0
7 3 0
8 2 0
8 11 0
9 2 0
9 3 0
9 34 0
10 11 0
10 15 0
10 24 0
11 8 0
11 10 0
11 12 0
12 11 0
12 13 0
13 12 0
13 14 0
13 28 0
14 13 0
14 15 0
14 16 0
15 10 0
15 14 0
15 20 0
16 14 0
16 17 0
17 16 0
17 18 0
17 19 0
18 17 0
19 17 0
20 15 0
20 21 0
21 20 0
21 22 0
21 23 0
22 21 0
23 21 0
24 10 0
24 25 0
25 24 0
25 26 0
25 27 0
26 25 0
27 25 0
28 13 0
28 29 0
29 28 0
29 30 0
30 29 0
30 31 0
30 32 0
31 30 0
32 30 0
33 34 0
33 38 0
33 47 0
34 9 0
34 33 0
34 35 0
35 34 0
35 36 0
36 35 0
36 37 0
36 51 0
37 36 0
37 38 0
37 39 0
38 33 0
38 37 0
38 43 0
39 37 0
39 40 0
40 39 0
40 41 0
40 42 0
41 40 0
42 40 0
43 38 0
43 44 0
44 43 0
44 45 0
44 46 0
45 44 0
46 44 0
47 33 0
47 48 0
48 47 0
48 49 0
48 50 0
49 48 0
50 48 0
51 36 0
51 52 0
52 51 0
52 53 0
53 52 0
53 54 0
53 55 0
54 53 0
55 53 0
56 0 0
56 57 0
56 61 0
57 56 0
57 58 0
58 57 0
58 59 0
59 58 0
59 60 0
59 62 0
60 59 0
60 61 0
61 56 0
61 60 0
62 59 0
GraphDataEnd
GraphEnd
NodeEnd
NodeStart
EPTNodeID: 3
AnchorID: 38187
TreeNodeGraphID: 8
Level: 4
SimplifiedLevel: 0
EditOperation: 5 62 63 0 0
AccumulatedOpsCount: 4
AccumulatedOp: 2 62 0 0 0
AccumulatedOp: 2 63 0 0 2
AccumulatedOp: 5 59 62 0 0
AccumulatedOp: 5 62 63 0 0
ChildrenCount: 0
ChildIndices:
CompletedDBGraphIDsCount: 2
CompletedDBGraphID: 25523
CompletedDBGraphID: 35531
GraphStart
GraphDataStart
ID: 8
NumNodes: 64
NumEdges: 134
NodeLabels
2 3 2 2 2 2 3 0 1 3 2 2 0 2 2 2 0 2 0 2 0 2 0 2 0 2 0 2 2 0 2 0 2 2 2 0 2 2 2 0 2 0 2 0 2 0 2 0 2 0 2 2 0 2 0 2 2 2 2 2 2 2 0 2 
Edges
0 1 0
0 4 0
0 56 0
1 0 0
1 2 0
2 1 0
2 8 0
2 9 0
3 4 0
3 7 0
3 9 0
4 0 0
4 3 0
4 5 0
5 4 0
5 6 0
6 5 0
7 3 0
8 2 0
8 11 0
9 2 0
9 3 0
9 34 0
10 11 0
10 15 0
10 24 0
11 8 0
11 10 0
11 12 0
12 11 0
12 13 0
13 12 0
13 14 0
13 28 0
14 13 0
14 15 0
14 16 0
15 10 0
15 14 0
15 20 0
16 14 0
16 17 0
17 16 0
17 18 0
17 19 0
18 17 0
19 17 0
20 15 0
20 21 0
21 20 0
21 22 0
21 23 0
22 21 0
23 21 0
24 10 0
24 25 0
25 24 0
25 26 0
25 27 0
26 25 0
27 25 0
28 13 0
28 29 0
29 28 0
29 30 0
30 29 0
30 31 0
30 32 0
31 30 0
32 30 0
33 34 0
33 38 0
33 47 0
34 9 0
34 33 0
34 35 0
35 34 0
35 36 0
36 35 0
36 37 0
36 51 0
37 36 0
37 38 0
37 39 0
38 33 0
38 37 0
38 43 0
39 37 0
39 40 0
40 39 0
40 41 0
40 42 0
41 40 0
42 40 0
43 38 0
43 44 0
44 43 0
44 45 0
44 46 0
45 44 0
46 44 0
47 33 0
47 48 0
48 47 0
48 49 0
48 50 0
49 48 0
50 48 0
51 36 0
51 52 0
52 51 0
52 53 0
53 52 0
53 54 0
53 55 0
54 53 0
55 53 0
56 0 0
56 57 0
56 61 0
57 56 0
57 58 0
58 57 0
58 59 0
59 58 0
59 60 0
59 62 0
60 59 0
60 61 0
61 56 0
61 60 0
62 59 0
62 63 0
63 62 0
GraphDataEnd
GraphEnd
NodeEnd
END_EPT
