BEGIN_EPT
AnchorID: 29875  # ID of the anchor node
RootIndex: 0  # Index of the root node in tree_nodes
NodeCount: 1  # Total number of nodes in the EPT
NodeStart
EPTNodeID: 0
AnchorID: 29875
TreeNodeGraphID: 0
Level: 0
SimplifiedLevel: 0
EditOperation: -1 0 -1 0 0
AccumulatedOpsCount: 0
ChildrenCount: 0
ChildIndices:
CompletedDBGraphIDsCount: 0
GraphStart
GraphDataStart
ID: 0
NumNodes: 68
NumEdges: 144
NodeLabels
2 0 2 2 2 2 2 0 2 2 2 0 11 0 2 0 2 0 2 0 2 0 2 0 2 0 2 0 2 0 0 1 2 2 2 3 2 2 2 0 2 2 0 0 2 0 2 2 2 2 2 2 3 2 2 2 3 2 0 3 2 0 2 2 2 2 2 2 
Edges
0 1 0
0 5 0
0 7 0
1 0 0
1 2 0
2 1 0
2 3 0
2 6 0
3 2 0
3 4 0
3 17 0
4 3 0
4 5 0
4 21 0
5 0 0
5 4 0
5 25 0
6 2 0
6 13 0
7 0 0
7 8 0
8 7 0
8 9 0
9 8 0
9 10 0
10 9 0
10 11 0
11 10 0
11 12 0
12 11 0
12 29 0
12 30 0
12 31 0
13 6 0
13 14 0
14 13 0
14 15 0
14 16 0
15 14 0
16 14 0
17 3 0
17 18 0
18 17 0
18 19 0
18 20 0
19 18 0
20 18 0
21 4 0
21 22 0
22 21 0
22 23 0
22 24 0
23 22 0
24 22 0
25 5 0
25 26 0
26 25 0
26 27 0
26 28 0
27 26 0
28 26 0
29 12 0
29 41 0
30 12 0
30 32 0
31 12 0
32 30 0
32 33 0
33 32 0
33 34 0
34 33 0
34 35 0
35 34 0
36 37 0
36 40 0
36 42 0
37 36 0
37 38 0
37 43 0
38 37 0
38 39 0
38 52 0
39 38 0
39 40 0
40 36 0
40 39 0
40 41 0
41 29 0
41 40 0
42 36 0
42 44 0
43 37 0
43 60 0
44 42 0
44 45 0
44 46 0
45 44 0
46 44 0
46 47 0
46 51 0
47 46 0
47 48 0
48 47 0
48 49 0
49 48 0
49 50 0
50 49 0
50 51 0
51 46 0
51 50 0
52 38 0
52 53 0
52 57 0
53 52 0
53 54 0
54 53 0
54 55 0
55 54 0
55 56 0
55 59 0
56 55 0
56 57 0
57 52 0
57 56 0
57 58 0
58 57 0
59 55 0
60 43 0
60 61 0
60 62 0
61 60 0
62 60 0
62 63 0
62 67 0
63 62 0
63 64 0
64 63 0
64 65 0
65 64 0
65 66 0
66 65 0
66 67 0
67 62 0
67 66 0
GraphDataEnd
GraphEnd
NodeEnd
END_EPT
