BEGIN_EPT
AnchorID: 41891  # ID of the anchor node
RootIndex: 0  # Index of the root node in tree_nodes
NodeCount: 1  # Total number of nodes in the EPT
NodeStart
EPTNodeID: 0
AnchorID: 41891
TreeNodeGraphID: 0
Level: 0
SimplifiedLevel: 0
EditOperation: -1 0 -1 0 0
AccumulatedOpsCount: 0
ChildrenCount: 0
ChildIndices:
CompletedDBGraphIDsCount: 0
GraphStart
GraphDataStart
ID: 0
NumNodes: 98
NumEdges: 198
NodeLabels
2 2 0 2 2 0 2 2 0 2 2 0 2 2 2 2 0 3 2 2 0 2 0 2 2 2 0 2 2 2 2 2 2 3 2 2 0 2 0 2 0 0 3 2 2 0 3 2 3 2 2 0 2 2 2 2 0 2 2 2 0 3 2 2 0 2 2 2 2 2 2 0 2 2 2 2 2 2 2 0 0 2 2 2 2 2 3 3 3 3 3 3 3 3 2 2 0 0 
Edges
0 1 0
0 12 0
0 89 0
1 0 0
1 2 0
1 90 0
2 1 0
3 4 0
3 14 0
3 91 0
4 3 0
4 5 0
4 92 0
5 4 0
6 7 0
6 86 0
7 6 0
7 8 0
7 87 0
8 7 0
9 10 0
9 32 0
9 87 0
10 9 0
10 11 0
10 88 0
11 10 0
12 0 0
12 13 0
12 30 0
13 12 0
14 3 0
15 16 0
15 17 0
15 32 0
16 15 0
17 15 0
18 19 0
18 21 0
18 88 0
19 18 0
19 20 0
19 89 0
20 19 0
21 18 0
21 22 0
21 23 0
22 21 0
23 21 0
24 25 0
24 27 0
24 90 0
25 24 0
25 26 0
25 91 0
26 25 0
27 24 0
27 28 0
27 29 0
28 27 0
29 27 0
30 12 0
30 31 0
31 30 0
32 9 0
32 15 0
33 34 0
33 44 0
34 33 0
34 35 0
34 75 0
35 34 0
35 36 0
35 48 0
36 35 0
37 38 0
37 42 0
37 94 0
38 37 0
39 40 0
39 41 0
39 75 0
40 39 0
41 39 0
42 37 0
42 43 0
43 42 0
43 44 0
43 84 0
44 33 0
44 43 0
44 45 0
45 44 0
46 47 0
46 52 0
46 63 0
47 46 0
47 54 0
47 95 0
48 35 0
48 49 0
49 48 0
49 50 0
49 55 0
50 49 0
50 51 0
50 61 0
51 50 0
52 46 0
52 53 0
53 52 0
53 54 0
54 47 0
54 53 0
55 49 0
55 56 0
55 57 0
56 55 0
57 55 0
58 59 0
58 72 0
58 92 0
59 58 0
59 60 0
59 93 0
60 59 0
61 50 0
61 62 0
62 61 0
62 63 0
62 85 0
63 46 0
63 62 0
63 64 0
64 63 0
65 66 0
65 70 0
66 65 0
66 67 0
67 66 0
67 68 0
67 71 0
68 67 0
68 69 0
69 68 0
69 70 0
70 65 0
70 69 0
70 85 0
71 67 0
72 58 0
72 73 0
72 74 0
73 72 0
74 72 0
75 34 0
75 39 0
76 77 0
76 94 0
77 76 0
77 78 0
78 77 0
78 79 0
78 80 0
79 78 0
80 78 0
81 82 0
81 83 0
81 84 0
82 81 0
83 81 0
84 43 0
84 81 0
85 62 0
85 70 0
86 6 0
87 7 0
87 9 0
88 10 0
88 18 0
89 0 0
89 19 0
90 1 0
90 24 0
91 3 0
91 25 0
92 4 0
92 58 0
93 59 0
93 94 0
94 37 0
94 76 0
94 93 0
95 47 0
95 96 0
95 97 0
96 95 0
97 95 0
GraphDataEnd
GraphEnd
NodeEnd
END_EPT
