BEGIN_EPT
AnchorID: 20692  # ID of the anchor node
RootIndex: 0  # Index of the root node in tree_nodes
NodeCount: 1  # Total number of nodes in the EPT
NodeStart
EPTNodeID: 0
AnchorID: 20692
TreeNodeGraphID: 0
Level: 0
SimplifiedLevel: 0
EditOperation: -1 0 -1 0 0
AccumulatedOpsCount: 0
ChildrenCount: 0
ChildIndices:
CompletedDBGraphIDsCount: 0
GraphStart
GraphDataStart
ID: 0
NumNodes: 99
NumEdges: 214
NodeLabels
2 3 0 2 2 2 2 2 2 2 3 2 3 0 3 2 0 2 0 2 0 2 2 2 2 2 2 2 2 2 2 0 2 2 2 2 0 2 2 2 2 0 3 2 3 2 2 3 0 2 2 2 2 2 2 2 2 2 2 2 2 2 0 2 2 2 0 3 0 3 2 0 2 2 2 2 2 0 2 2 2 0 3 2 3 2 2 2 2 2 2 2 2 2 0 2 0 3 2 
Edges
0 1 0
0 2 0
0 3 0
1 0 0
1 4 0
2 0 0
3 0 0
3 5 0
3 6 0
4 1 0
4 7 0
4 8 0
5 3 0
5 9 0
5 10 0
6 3 0
6 11 0
6 12 0
7 4 0
7 13 0
7 14 0
8 4 0
8 15 0
8 16 0
9 5 0
9 17 0
9 18 0
10 5 0
10 19 0
11 6 0
11 17 0
11 20 0
12 6 0
12 21 0
13 7 0
14 7 0
14 22 0
15 8 0
16 8 0
16 23 0
17 9 0
17 11 0
17 24 0
18 9 0
18 25 0
19 10 0
19 25 0
19 26 0
20 11 0
20 27 0
21 12 0
21 27 0
21 28 0
22 14 0
22 29 0
22 30 0
23 16 0
23 31 0
23 32 0
24 17 0
25 18 0
25 19 0
25 33 0
26 19 0
26 34 0
26 35 0
27 20 0
27 21 0
27 36 0
28 21 0
28 37 0
28 38 0
29 22 0
29 39 0
29 40 0
30 22 0
30 41 0
30 42 0
31 23 0
32 23 0
32 43 0
32 44 0
33 25 0
33 45 0
33 46 0
34 26 0
34 47 0
34 48 0
35 26 0
35 46 0
36 27 0
37 28 0
37 49 0
38 28 0
38 50 0
39 29 0
40 29 0
41 30 0
42 30 0
42 51 0
42 52 0
43 32 0
43 53 0
43 54 0
44 32 0
44 55 0
44 56 0
45 33 0
46 33 0
46 35 0
47 34 0
47 57 0
48 34 0
49 37 0
49 58 0
50 38 0
50 58 0
51 42 0
51 59 0
51 60 0
52 42 0
52 61 0
53 43 0
54 43 0
55 44 0
56 44 0
56 62 0
56 63 0
57 47 0
57 64 0
57 65 0
58 49 0
58 50 0
59 51 0
59 61 0
60 51 0
60 66 0
60 67 0
61 52 0
61 59 0
62 56 0
63 56 0
63 67 0
64 57 0
64 68 0
64 69 0
65 57 0
65 70 0
65 71 0
66 60 0
67 60 0
67 63 0
67 72 0
68 64 0
69 64 0
69 73 0
70 65 0
71 65 0
71 74 0
72 67 0
73 69 0
73 75 0
73 76 0
74 71 0
74 77 0
74 78 0
75 73 0
75 79 0
75 80 0
76 73 0
76 81 0
76 82 0
77 74 0
78 74 0
78 83 0
78 84 0
79 75 0
80 75 0
81 76 0
82 76 0
82 85 0
82 86 0
83 78 0
83 87 0
83 88 0
84 78 0
84 89 0
84 90 0
85 82 0
85 91 0
85 92 0
86 82 0
86 93 0
87 83 0
88 83 0
89 84 0
90 84 0
90 94 0
90 95 0
91 85 0
91 93 0
92 85 0
92 96 0
92 97 0
93 86 0
93 91 0
94 90 0
95 90 0
95 97 0
96 92 0
97 92 0
97 95 0
97 98 0
98 97 0
GraphDataEnd
GraphEnd
NodeEnd
END_EPT
