BEGIN_EPT
AnchorID: 3655  # ID of the anchor node
RootIndex: 0  # Index of the root node in tree_nodes
NodeCount: 1  # Total number of nodes in the EPT
NodeStart
EPTNodeID: 0
AnchorID: 3655
TreeNodeGraphID: 0
Level: 0
SimplifiedLevel: 0
EditOperation: -1 0 -1 0 0
AccumulatedOpsCount: 0
ChildrenCount: 0
ChildIndices:
CompletedDBGraphIDsCount: 0
GraphStart
GraphDataStart
ID: 0
NumNodes: 160
NumEdges: 348
NodeLabels
2 2 2 2 2 2 2 2 2 2 2 2 2 2 2 2 2 2 2 2 2 2 2 2 2 2 2 2 2 2 2 2 2 2 2 2 2 2 2 2 2 2 2 2 2 2 2 2 2 2 2 2 2 2 2 2 2 2 0 2 2 2 0 2 0 2 2 2 2 2 2 2 2 2 2 2 2 2 2 2 2 2 2 2 2 2 2 2 2 2 2 2 2 2 2 2 2 2 2 2 2 2 2 2 2 2 2 2 2 2 2 2 2 2 2 2 2 2 2 2 2 2 2 2 2 2 2 2 2 2 2 2 2 2 2 2 2 2 2 2 2 2 2 2 2 2 2 2 2 2 2 2 2 0 0 2 0 2 0 2 
Edges
0 1 0
0 5 0
1 0 0
1 2 0
2 1 0
2 3 0
2 18 0
3 2 0
3 4 0
4 3 0
4 5 0
5 0 0
5 4 0
5 41 0
6 7 0
6 11 0
7 6 0
7 8 0
7 19 0
8 7 0
8 9 0
8 55 0
9 8 0
9 10 0
10 9 0
10 11 0
10 60 0
11 6 0
11 10 0
11 18 0
12 13 0
12 17 0
13 12 0
13 14 0
14 13 0
14 15 0
14 18 0
15 14 0
15 16 0
16 15 0
16 17 0
17 12 0
17 16 0
17 37 0
18 2 0
18 11 0
18 14 0
18 62 0
19 7 0
19 25 0
19 61 0
19 64 0
20 21 0
20 25 0
20 57 0
21 20 0
21 22 0
22 21 0
22 23 0
22 56 0
23 22 0
23 24 0
23 26 0
24 23 0
24 25 0
25 19 0
25 20 0
25 24 0
26 23 0
26 29 0
26 47 0
26 58 0
27 28 0
27 32 0
28 27 0
28 29 0
29 26 0
29 28 0
29 30 0
30 29 0
30 31 0
31 30 0
31 32 0
32 27 0
32 31 0
32 33 0
33 32 0
33 34 0
33 35 0
33 36 0
34 33 0
35 33 0
36 33 0
37 17 0
37 38 0
37 39 0
37 40 0
38 37 0
39 37 0
40 37 0
41 5 0
41 42 0
41 43 0
41 44 0
42 41 0
43 41 0
44 41 0
45 46 0
45 50 0
46 45 0
46 47 0
47 26 0
47 46 0
47 48 0
48 47 0
48 49 0
49 48 0
49 50 0
50 45 0
50 49 0
50 51 0
51 50 0
51 52 0
51 53 0
51 54 0
52 51 0
53 51 0
54 51 0
55 8 0
56 22 0
57 20 0
58 26 0
58 59 0
59 58 0
60 10 0
61 19 0
61 69 0
62 18 0
62 63 0
63 62 0
64 19 0
64 65 0
65 64 0
66 67 0
66 71 0
66 73 0
67 66 0
67 68 0
67 142 0
68 67 0
68 69 0
69 61 0
69 68 0
69 70 0
70 69 0
70 71 0
70 72 0
71 66 0
71 70 0
72 70 0
73 66 0
74 75 0
74 79 0
75 74 0
75 76 0
76 75 0
76 77 0
76 92 0
77 76 0
77 78 0
78 77 0
78 79 0
79 74 0
79 78 0
79 115 0
80 81 0
80 85 0
81 80 0
81 82 0
81 93 0
82 81 0
82 83 0
82 129 0
83 82 0
83 84 0
84 83 0
84 85 0
84 132 0
85 80 0
85 84 0
85 92 0
86 87 0
86 91 0
87 86 0
87 88 0
88 87 0
88 89 0
88 92 0
89 88 0
89 90 0
90 89 0
90 91 0
91 86 0
91 90 0
91 111 0
92 76 0
92 85 0
92 88 0
92 156 0
93 81 0
93 99 0
93 133 0
93 154 0
94 95 0
94 99 0
94 131 0
95 94 0
95 96 0
96 95 0
96 97 0
96 130 0
97 96 0
97 98 0
97 100 0
98 97 0
98 99 0
99 93 0
99 94 0
99 98 0
100 97 0
100 103 0
100 121 0
100 158 0
101 102 0
101 106 0
102 101 0
102 103 0
103 100 0
103 102 0
103 104 0
104 103 0
104 105 0
105 104 0
105 106 0
106 101 0
106 105 0
106 107 0
107 106 0
107 108 0
107 109 0
107 110 0
108 107 0
109 107 0
110 107 0
111 91 0
111 112 0
111 113 0
111 114 0
112 111 0
113 111 0
114 111 0
115 79 0
115 116 0
115 117 0
115 118 0
116 115 0
117 115 0
118 115 0
119 120 0
119 124 0
120 119 0
120 121 0
121 100 0
121 120 0
121 122 0
122 121 0
122 123 0
123 122 0
123 124 0
124 119 0
124 123 0
124 125 0
125 124 0
125 126 0
125 127 0
125 128 0
126 125 0
127 125 0
128 125 0
129 82 0
130 96 0
131 94 0
132 84 0
133 93 0
133 137 0
134 135 0
134 139 0
134 141 0
135 134 0
135 136 0
135 142 0
136 135 0
136 137 0
137 133 0
137 136 0
137 138 0
138 137 0
138 139 0
138 140 0
139 134 0
139 138 0
140 138 0
141 134 0
142 67 0
142 135 0
142 145 0
142 153 0
143 144 0
143 148 0
144 143 0
144 145 0
145 142 0
145 144 0
145 146 0
146 145 0
146 147 0
147 146 0
147 148 0
148 143 0
148 147 0
148 149 0
149 148 0
149 150 0
149 151 0
149 152 0
150 149 0
151 149 0
152 149 0
153 142 0
154 93 0
154 155 0
155 154 0
156 92 0
156 157 0
157 156 0
158 100 0
158 159 0
159 158 0
GraphDataEnd
GraphEnd
NodeEnd
END_EPT
