BEGIN_EPT
AnchorID: 29183  # ID of the anchor node
RootIndex: 0  # Index of the root node in tree_nodes
NodeCount: 1  # Total number of nodes in the EPT
NodeStart
EPTNodeID: 0
AnchorID: 29183
TreeNodeGraphID: 0
Level: 0
SimplifiedLevel: 0
EditOperation: -1 0 -1 0 0
AccumulatedOpsCount: 0
ChildrenCount: 0
ChildIndices:
CompletedDBGraphIDsCount: 0
GraphStart
GraphDataStart
ID: 0
NumNodes: 72
NumEdges: 160
NodeLabels
3 11 2 3 3 3 2 2 2 11 11 2 2 2 2 3 3 3 3 3 3 2 2 2 2 2 2 11 2 2 2 2 2 2 2 2 3 3 2 2 2 2 2 2 2 2 2 2 2 2 2 2 2 2 2 2 2 2 2 2 2 2 2 2 2 2 2 2 2 2 2 2 
Edges
0 1 0
0 2 0
1 0 0
1 3 0
1 4 0
1 5 0
2 0 0
2 6 0
2 7 0
3 1 0
3 8 0
4 1 0
4 9 0
5 1 0
5 10 0
6 2 0
6 11 0
7 2 0
7 12 0
8 3 0
8 13 0
8 14 0
9 4 0
9 15 0
9 16 0
9 17 0
10 5 0
10 18 0
10 19 0
10 20 0
11 6 0
11 21 0
11 22 0
12 7 0
12 22 0
13 8 0
13 23 0
14 8 0
14 24 0
15 9 0
15 25 0
16 9 0
16 26 0
17 9 0
17 27 0
18 10 0
18 28 0
19 10 0
19 29 0
20 10 0
20 27 0
21 11 0
22 11 0
22 12 0
23 13 0
23 30 0
23 31 0
24 14 0
24 31 0
25 15 0
25 32 0
25 33 0
26 16 0
26 34 0
26 35 0
27 17 0
27 20 0
27 36 0
27 37 0
28 18 0
28 38 0
28 39 0
29 19 0
29 40 0
29 41 0
30 23 0
31 23 0
31 24 0
32 25 0
32 42 0
33 25 0
33 43 0
34 26 0
34 44 0
35 26 0
35 45 0
36 27 0
36 46 0
37 27 0
37 47 0
38 28 0
38 48 0
39 28 0
39 49 0
40 29 0
40 50 0
41 29 0
41 51 0
42 32 0
42 52 0
42 53 0
43 33 0
43 53 0
44 34 0
44 54 0
44 55 0
45 35 0
45 55 0
46 36 0
46 56 0
46 57 0
47 37 0
47 58 0
47 59 0
48 38 0
48 60 0
48 61 0
49 39 0
49 61 0
50 40 0
50 62 0
50 63 0
51 41 0
51 63 0
52 42 0
53 42 0
53 43 0
54 44 0
55 44 0
55 45 0
56 46 0
56 64 0
57 46 0
57 65 0
58 47 0
58 66 0
59 47 0
59 67 0
60 48 0
61 48 0
61 49 0
62 50 0
63 50 0
63 51 0
64 56 0
64 68 0
64 69 0
65 57 0
65 69 0
66 58 0
66 70 0
66 71 0
67 59 0
67 71 0
68 64 0
69 64 0
69 65 0
70 66 0
71 66 0
71 67 0
GraphDataEnd
GraphEnd
NodeEnd
END_EPT
