BEGIN_EPT
AnchorID: 5779  # ID of the anchor node
RootIndex: 0  # Index of the root node in tree_nodes
NodeCount: 1  # Total number of nodes in the EPT
NodeStart
EPTNodeID: 0
AnchorID: 5779
TreeNodeGraphID: 0
Level: 0
SimplifiedLevel: 0
EditOperation: -1 0 -1 0 0
AccumulatedOpsCount: 0
ChildrenCount: 0
ChildIndices:
CompletedDBGraphIDsCount: 0
GraphStart
GraphDataStart
ID: 0
NumNodes: 85
NumEdges: 182
NodeLabels
3 2 2 2 2 2 2 2 2 2 2 2 2 2 2 2 2 2 2 2 2 2 2 2 0 2 0 3 3 2 0 3 2 2 2 2 2 2 2 2 2 2 2 2 2 2 2 2 2 2 2 2 2 2 2 0 2 0 3 3 1 0 0 0 1 0 0 0 1 0 0 0 1 0 0 0 1 0 0 0 1 0 0 0 31 
Edges
0 1 0
0 16 0
1 0 0
1 2 0
1 6 0
2 1 0
2 4 0
2 5 0
3 4 0
3 16 0
4 2 0
4 3 0
5 2 0
5 21 0
5 80 0
6 1 0
6 7 0
6 24 0
7 6 0
7 21 0
7 25 0
8 9 0
8 18 0
8 27 0
9 8 0
9 20 0
10 17 0
10 20 0
10 22 0
11 12 0
11 19 0
11 23 0
12 11 0
12 13 0
13 12 0
13 14 0
14 13 0
14 15 0
14 28 0
15 14 0
15 19 0
16 0 0
16 3 0
17 10 0
17 18 0
17 68 0
18 8 0
18 17 0
19 11 0
19 15 0
19 76 0
20 9 0
20 10 0
21 5 0
21 7 0
22 10 0
22 23 0
23 11 0
23 22 0
24 6 0
25 7 0
25 26 0
25 27 0
26 25 0
27 8 0
27 25 0
28 14 0
28 29 0
29 28 0
29 30 0
29 59 0
30 29 0
31 32 0
31 47 0
32 31 0
32 33 0
32 37 0
33 32 0
33 35 0
33 36 0
34 35 0
34 47 0
35 33 0
35 34 0
36 33 0
36 52 0
36 60 0
37 32 0
37 38 0
37 55 0
38 37 0
38 52 0
38 56 0
39 40 0
39 49 0
39 58 0
40 39 0
40 51 0
41 48 0
41 51 0
41 53 0
42 43 0
42 50 0
42 54 0
43 42 0
43 44 0
44 43 0
44 45 0
45 44 0
45 46 0
45 59 0
46 45 0
46 50 0
47 31 0
47 34 0
48 41 0
48 49 0
48 72 0
49 39 0
49 48 0
50 42 0
50 46 0
50 64 0
51 40 0
51 41 0
52 36 0
52 38 0
53 41 0
53 54 0
54 42 0
54 53 0
55 37 0
56 38 0
56 57 0
56 58 0
57 56 0
58 39 0
58 56 0
59 29 0
59 45 0
60 36 0
60 61 0
60 62 0
60 63 0
61 60 0
62 60 0
63 60 0
64 50 0
64 65 0
64 66 0
64 67 0
65 64 0
66 64 0
67 64 0
68 17 0
68 69 0
68 70 0
68 71 0
69 68 0
70 68 0
71 68 0
72 48 0
72 73 0
72 74 0
72 75 0
73 72 0
74 72 0
75 72 0
76 19 0
76 77 0
76 78 0
76 79 0
77 76 0
78 76 0
79 76 0
80 5 0
80 81 0
80 82 0
80 83 0
81 80 0
82 80 0
83 80 0
GraphDataEnd
GraphEnd
NodeEnd
END_EPT
