BEGIN_EPT
AnchorID: 17440  # ID of the anchor node
RootIndex: 0  # Index of the root node in tree_nodes
NodeCount: 1  # Total number of nodes in the EPT
NodeStart
EPTNodeID: 0
AnchorID: 17440
TreeNodeGraphID: 0
Level: 0
SimplifiedLevel: 0
EditOperation: -1 0 -1 0 0
AccumulatedOpsCount: 0
ChildrenCount: 0
ChildIndices:
CompletedDBGraphIDsCount: 0
GraphStart
GraphDataStart
ID: 0
NumNodes: 74
NumEdges: 158
NodeLabels
0 11 11 0 16 23 11 0 2 2 2 2 2 0 11 23 0 0 0 2 2 2 2 2 16 0 0 11 11 0 0 2 2 0 2 2 0 2 2 0 2 2 0 2 2 0 2 2 0 2 2 0 2 2 0 2 2 0 2 2 0 2 2 0 2 2 2 12 12 12 1 0 0 0 
Edges
0 1 0
0 4 0
1 0 0
1 48 0
1 51 0
2 3 0
2 30 0
2 33 0
3 2 0
3 4 0
4 0 0
4 3 0
4 7 0
4 17 0
4 18 0
5 8 0
5 9 0
5 10 0
5 11 0
5 12 0
6 7 0
6 36 0
6 54 0
7 4 0
7 6 0
8 5 0
8 9 0
8 11 0
9 5 0
9 8 0
9 10 0
10 5 0
10 9 0
10 12 0
11 5 0
11 8 0
11 12 0
12 5 0
12 10 0
12 11 0
13 14 0
13 24 0
14 13 0
14 39 0
14 42 0
15 19 0
15 20 0
15 21 0
15 22 0
15 23 0
16 24 0
16 27 0
17 4 0
17 24 0
18 4 0
18 24 0
19 15 0
19 20 0
19 22 0
20 15 0
20 19 0
20 21 0
21 15 0
21 20 0
21 23 0
22 15 0
22 19 0
22 23 0
23 15 0
23 21 0
23 22 0
24 13 0
24 16 0
24 17 0
24 18 0
24 29 0
27 16 0
27 45 0
27 57 0
28 29 0
28 60 0
28 63 0
29 24 0
29 28 0
30 2 0
30 31 0
31 30 0
31 32 0
32 31 0
33 2 0
33 34 0
34 33 0
34 35 0
35 34 0
36 6 0
36 37 0
37 36 0
37 38 0
38 37 0
39 14 0
39 40 0
40 39 0
40 41 0
41 40 0
42 14 0
42 43 0
43 42 0
43 44 0
44 43 0
45 27 0
45 46 0
46 45 0
46 47 0
47 46 0
48 1 0
48 49 0
49 48 0
49 50 0
50 49 0
51 1 0
51 52 0
52 51 0
52 53 0
53 52 0
54 6 0
54 55 0
55 54 0
55 56 0
56 55 0
57 27 0
57 58 0
58 57 0
58 59 0
59 58 0
60 28 0
60 61 0
61 60 0
61 62 0
62 61 0
63 28 0
63 64 0
64 63 0
64 65 0
65 64 0
66 67 0
66 68 0
66 69 0
66 70 0
67 66 0
68 66 0
69 66 0
70 66 0
70 71 0
70 72 0
70 73 0
71 70 0
72 70 0
73 70 0
GraphDataEnd
GraphEnd
NodeEnd
END_EPT
