BEGIN_EPT
AnchorID: 13230  # ID of the anchor node
RootIndex: 0  # Index of the root node in tree_nodes
NodeCount: 1  # Total number of nodes in the EPT
NodeStart
EPTNodeID: 0
AnchorID: 13230
TreeNodeGraphID: 0
Level: 0
SimplifiedLevel: 0
EditOperation: -1 0 -1 0 0
AccumulatedOpsCount: 0
ChildrenCount: 0
ChildIndices:
CompletedDBGraphIDsCount: 0
GraphStart
GraphDataStart
ID: 0
NumNodes: 97
NumEdges: 212
NodeLabels
2 2 2 2 2 2 2 2 2 2 2 2 2 2 2 2 2 2 2 2 2 2 2 2 2 2 2 2 2 2 2 2 2 2 2 2 2 4 2 0 2 2 2 2 2 2 2 0 0 2 2 2 2 2 2 2 2 0 0 2 2 0 0 2 2 2 2 2 2 2 4 0 2 2 2 2 2 2 2 2 2 0 0 2 0 0 2 2 2 2 2 2 2 2 0 0 2 
Edges
0 1 0
0 5 0
1 0 0
1 2 0
1 17 0
2 1 0
2 3 0
3 2 0
3 4 0
3 6 0
4 3 0
4 5 0
4 9 0
4 18 0
5 0 0
5 4 0
6 3 0
6 7 0
7 6 0
7 8 0
8 7 0
8 9 0
8 10 0
9 4 0
9 8 0
9 13 0
10 8 0
10 11 0
10 14 0
11 10 0
11 12 0
11 16 0
11 19 0
12 11 0
12 13 0
13 9 0
13 12 0
14 10 0
14 15 0
15 14 0
15 16 0
16 11 0
16 15 0
16 20 0
17 1 0
17 28 0
18 4 0
19 11 0
20 16 0
20 21 0
20 22 0
21 20 0
21 23 0
22 20 0
23 21 0
23 24 0
24 23 0
24 25 0
25 24 0
25 26 0
25 27 0
26 25 0
27 25 0
28 17 0
28 29 0
29 28 0
29 30 0
30 29 0
30 31 0
30 64 0
31 30 0
31 32 0
31 36 0
32 31 0
32 33 0
33 32 0
33 34 0
33 37 0
34 33 0
34 35 0
34 39 0
35 34 0
35 36 0
35 38 0
36 31 0
36 35 0
37 33 0
38 35 0
38 47 0
38 48 0
39 34 0
39 40 0
40 39 0
40 41 0
41 40 0
41 42 0
41 46 0
42 41 0
42 43 0
43 42 0
43 44 0
44 43 0
44 45 0
44 56 0
45 44 0
45 46 0
46 41 0
46 45 0
47 38 0
47 49 0
48 38 0
49 47 0
49 50 0
50 49 0
50 51 0
50 55 0
51 50 0
51 52 0
52 51 0
52 53 0
53 52 0
53 54 0
53 60 0
54 53 0
54 55 0
55 50 0
55 54 0
56 44 0
56 57 0
56 58 0
57 56 0
58 56 0
58 59 0
59 58 0
60 53 0
60 61 0
60 62 0
61 60 0
62 60 0
62 63 0
63 62 0
64 30 0
64 65 0
64 69 0
65 64 0
65 66 0
66 65 0
66 67 0
66 70 0
67 66 0
67 68 0
67 71 0
68 67 0
68 69 0
68 72 0
69 64 0
69 68 0
70 66 0
71 67 0
71 73 0
72 68 0
72 84 0
72 85 0
73 71 0
73 74 0
74 73 0
74 75 0
74 79 0
75 74 0
75 76 0
76 75 0
76 77 0
77 76 0
77 78 0
77 80 0
78 77 0
78 79 0
79 74 0
79 78 0
80 77 0
80 81 0
80 82 0
81 80 0
82 80 0
82 83 0
83 82 0
84 72 0
84 86 0
85 72 0
86 84 0
86 87 0
87 86 0
87 88 0
87 92 0
88 87 0
88 89 0
89 88 0
89 90 0
90 89 0
90 91 0
90 93 0
91 90 0
91 92 0
92 87 0
92 91 0
93 90 0
93 94 0
93 95 0
94 93 0
95 93 0
95 96 0
96 95 0
GraphDataEnd
GraphEnd
NodeEnd
END_EPT
