BEGIN_EPT
AnchorID: 26657  # ID of the anchor node
RootIndex: 0  # Index of the root node in tree_nodes
NodeCount: 1  # Total number of nodes in the EPT
NodeStart
EPTNodeID: 0
AnchorID: 26657
TreeNodeGraphID: 0
Level: 0
SimplifiedLevel: 0
EditOperation: -1 0 -1 0 0
AccumulatedOpsCount: 0
ChildrenCount: 0
ChildIndices:
CompletedDBGraphIDsCount: 0
GraphStart
GraphDataStart
ID: 0
NumNodes: 112
NumEdges: 238
NodeLabels
3 2 2 2 2 3 2 3 2 2 2 2 2 2 2 2 2 2 2 2 2 2 2 2 2 2 2 2 2 2 0 2 0 2 2 0 2 2 0 3 2 0 2 2 0 2 2 0 2 2 0 2 2 0 2 2 0 2 2 0 2 2 0 2 2 0 2 2 0 2 2 0 2 2 0 2 2 0 2 2 0 2 2 0 2 3 2 2 2 3 2 2 2 2 2 2 2 2 2 2 2 2 2 2 2 2 2 2 2 3 2 0 
Edges
0 1 0
0 3 0
0 29 0
1 0 0
1 2 0
2 1 0
2 85 0
3 0 0
3 4 0
4 3 0
4 5 0
5 4 0
5 6 0
5 37 0
6 5 0
6 9 0
7 8 0
7 37 0
8 7 0
8 9 0
8 39 0
9 6 0
9 8 0
10 16 0
10 18 0
10 27 0
10 39 0
11 12 0
11 13 0
12 11 0
12 16 0
13 11 0
13 14 0
14 13 0
14 15 0
15 14 0
15 16 0
16 10 0
16 12 0
16 15 0
17 18 0
17 22 0
18 10 0
18 17 0
18 19 0
19 18 0
19 20 0
20 19 0
20 21 0
21 20 0
21 22 0
22 17 0
22 21 0
23 24 0
23 25 0
24 23 0
24 28 0
25 23 0
25 26 0
26 25 0
26 27 0
27 10 0
27 26 0
27 28 0
28 24 0
28 27 0
29 0 0
29 30 0
29 31 0
30 29 0
31 29 0
31 32 0
32 31 0
32 33 0
33 32 0
33 34 0
34 33 0
34 35 0
35 34 0
35 36 0
36 35 0
36 40 0
37 5 0
37 7 0
37 38 0
38 37 0
39 8 0
39 10 0
40 36 0
40 41 0
41 40 0
41 42 0
42 41 0
42 43 0
43 42 0
43 44 0
44 43 0
44 45 0
45 44 0
45 46 0
46 45 0
46 47 0
47 46 0
47 48 0
48 47 0
48 49 0
49 48 0
49 50 0
50 49 0
50 51 0
51 50 0
51 52 0
52 51 0
52 53 0
53 52 0
53 54 0
54 53 0
54 55 0
55 54 0
55 56 0
56 55 0
56 57 0
57 56 0
57 58 0
58 57 0
58 59 0
59 58 0
59 60 0
60 59 0
60 61 0
61 60 0
61 62 0
62 61 0
62 63 0
63 62 0
63 64 0
64 63 0
64 65 0
65 64 0
65 66 0
66 65 0
66 67 0
67 66 0
67 68 0
68 67 0
68 69 0
69 68 0
69 70 0
70 69 0
70 71 0
71 70 0
71 72 0
72 71 0
72 73 0
73 72 0
73 74 0
74 73 0
74 75 0
75 74 0
75 76 0
76 75 0
76 77 0
77 76 0
77 78 0
78 77 0
78 79 0
79 78 0
79 80 0
80 79 0
80 81 0
81 80 0
81 82 0
82 81 0
82 83 0
83 82 0
83 84 0
84 83 0
85 2 0
85 86 0
85 110 0
86 85 0
86 89 0
86 111 0
87 88 0
87 110 0
88 87 0
88 89 0
88 109 0
89 86 0
89 88 0
90 96 0
90 98 0
90 107 0
90 109 0
91 92 0
91 93 0
92 91 0
92 96 0
93 91 0
93 94 0
94 93 0
94 95 0
95 94 0
95 96 0
96 90 0
96 92 0
96 95 0
97 98 0
97 102 0
98 90 0
98 97 0
98 99 0
99 98 0
99 100 0
100 99 0
100 101 0
101 100 0
101 102 0
102 97 0
102 101 0
103 104 0
103 105 0
104 103 0
104 108 0
105 103 0
105 106 0
106 105 0
106 107 0
107 90 0
107 106 0
107 108 0
108 104 0
108 107 0
109 88 0
109 90 0
110 85 0
110 87 0
111 86 0
GraphDataEnd
GraphEnd
NodeEnd
END_EPT
