BEGIN_EPT
AnchorID: 4938  # ID of the anchor node
RootIndex: 0  # Index of the root node in tree_nodes
NodeCount: 1  # Total number of nodes in the EPT
NodeStart
EPTNodeID: 0
AnchorID: 4938
TreeNodeGraphID: 0
Level: 0
SimplifiedLevel: 0
EditOperation: -1 0 -1 0 0
AccumulatedOpsCount: 0
ChildrenCount: 0
ChildIndices:
CompletedDBGraphIDsCount: 0
GraphStart
GraphDataStart
ID: 0
NumNodes: 126
NumEdges: 254
NodeLabels
2 0 2 2 2 0 2 2 0 2 3 2 0 2 2 0 2 2 2 0 2 2 3 3 3 3 3 2 0 2 2 2 2 2 0 2 2 2 2 0 2 2 2 0 2 2 2 0 2 2 2 0 2 3 3 3 3 3 2 2 2 0 2 2 2 2 2 0 1 2 3 2 2 0 2 0 2 0 2 2 2 0 2 2 0 2 2 2 0 2 2 3 3 3 3 2 3 2 2 3 2 2 2 2 2 2 3 3 3 3 3 2 0 2 0 3 0 2 2 2 0 3 0 0 2 3 
Edges
0 1 0
0 2 0
0 24 0
1 0 0
2 0 0
2 3 0
2 23 0
3 2 0
3 27 0
3 28 0
4 5 0
4 6 0
4 23 0
5 4 0
6 4 0
6 22 0
7 8 0
7 9 0
7 10 0
8 7 0
9 7 0
9 24 0
10 7 0
10 13 0
10 31 0
11 12 0
11 13 0
11 25 0
12 11 0
13 10 0
13 11 0
13 29 0
14 15 0
14 16 0
14 26 0
15 14 0
16 14 0
16 17 0
16 25 0
17 16 0
17 123 0
18 19 0
18 20 0
18 109 0
19 18 0
20 18 0
20 21 0
20 26 0
21 20 0
21 122 0
21 124 0
22 6 0
23 2 0
23 4 0
24 0 0
24 9 0
25 11 0
25 16 0
26 14 0
26 20 0
27 3 0
28 3 0
29 13 0
29 30 0
30 29 0
30 31 0
31 10 0
31 30 0
32 37 0
32 109 0
32 111 0
33 34 0
33 35 0
33 56 0
34 33 0
35 33 0
35 36 0
35 57 0
36 35 0
36 58 0
36 59 0
37 32 0
37 57 0
37 116 0
38 39 0
38 40 0
38 55 0
39 38 0
40 38 0
40 41 0
40 56 0
41 40 0
41 112 0
42 43 0
42 44 0
42 54 0
43 42 0
44 42 0
44 45 0
44 55 0
45 44 0
45 60 0
45 61 0
46 47 0
46 48 0
46 53 0
47 46 0
48 46 0
48 49 0
48 54 0
49 48 0
49 62 0
49 63 0
50 51 0
50 52 0
50 110 0
51 50 0
52 50 0
52 53 0
52 117 0
53 46 0
53 52 0
54 42 0
54 48 0
55 38 0
55 44 0
56 33 0
56 40 0
57 35 0
57 37 0
58 36 0
59 36 0
60 45 0
61 45 0
62 49 0
63 49 0
64 65 0
64 66 0
64 110 0
65 64 0
65 68 0
66 64 0
66 67 0
66 70 0
67 66 0
68 65 0
69 70 0
69 71 0
69 74 0
70 66 0
70 69 0
71 69 0
71 72 0
71 73 0
72 71 0
73 71 0
74 69 0
74 75 0
74 91 0
75 74 0
76 77 0
76 78 0
76 92 0
77 76 0
78 76 0
78 79 0
78 91 0
79 78 0
79 95 0
80 81 0
80 82 0
80 93 0
81 80 0
82 80 0
82 92 0
83 84 0
83 85 0
83 94 0
84 83 0
85 83 0
85 86 0
85 93 0
86 85 0
86 100 0
86 101 0
87 88 0
87 89 0
87 125 0
88 87 0
89 87 0
89 90 0
89 94 0
90 89 0
90 103 0
91 74 0
91 78 0
92 76 0
92 82 0
93 80 0
93 85 0
94 83 0
94 89 0
95 79 0
95 96 0
95 98 0
96 95 0
96 97 0
97 96 0
97 99 0
98 95 0
98 99 0
99 97 0
99 98 0
100 86 0
101 86 0
101 102 0
102 101 0
103 90 0
103 104 0
104 103 0
104 106 0
105 106 0
105 107 0
105 108 0
106 104 0
106 105 0
107 105 0
108 105 0
109 18 0
109 32 0
110 50 0
110 64 0
111 32 0
111 113 0
112 41 0
113 111 0
113 114 0
113 115 0
114 113 0
115 113 0
116 37 0
117 52 0
117 118 0
118 117 0
118 119 0
119 118 0
119 120 0
119 121 0
120 119 0
121 119 0
122 21 0
123 17 0
124 21 0
125 87 0
GraphDataEnd
GraphEnd
NodeEnd
END_EPT
