BEGIN_EPT
AnchorID: 36936  # ID of the anchor node
RootIndex: 0  # Index of the root node in tree_nodes
NodeCount: 1  # Total number of nodes in the EPT
NodeStart
EPTNodeID: 0
AnchorID: 36936
TreeNodeGraphID: 0
Level: 0
SimplifiedLevel: 0
EditOperation: -1 0 -1 0 0
AccumulatedOpsCount: 0
ChildrenCount: 0
ChildIndices:
CompletedDBGraphIDsCount: 0
GraphStart
GraphDataStart
ID: 0
NumNodes: 205
NumEdges: 486
NodeLabels
17 3 2 2 2 2 2 2 2 3 2 2 2 2 2 2 2 3 2 2 2 2 2 2 2 2 2 2 3 2 2 2 2 2 3 2 2 2 2 2 2 2 2 2 2 2 2 2 2 3 2 2 2 2 2 2 2 2 2 3 2 2 2 3 2 2 2 2 2 2 3 3 2 2 2 2 2 2 2 2 2 2 2 2 2 2 2 2 2 2 2 2 2 2 2 2 2 36 36 3 2 2 2 2 2 2 2 2 2 3 2 2 2 3 2 2 2 2 2 2 3 3 2 2 2 2 2 2 2 2 2 2 2 2 2 2 2 2 2 2 2 2 2 2 2 2 2 36 3 2 2 2 2 2 2 2 3 2 2 2 2 2 2 2 3 2 2 2 2 2 2 2 2 2 2 3 2 2 2 2 2 3 2 2 2 2 2 2 2 2 2 2 2 2 2 2 36 2 12 12 12 1 0 0 0 
Edges
0 1 0
0 49 0
0 99 0
0 148 0
1 0 0
1 2 0
1 6 0
2 1 0
2 3 0
3 2 0
3 4 0
4 3 0
4 5 0
4 7 0
5 4 0
5 6 0
6 1 0
6 5 0
7 4 0
7 8 0
7 13 0
8 7 0
8 9 0
8 12 0
9 8 0
9 10 0
10 9 0
10 11 0
10 18 0
11 10 0
11 12 0
12 8 0
12 11 0
13 7 0
13 14 0
13 17 0
14 13 0
14 15 0
15 14 0
15 16 0
16 15 0
16 17 0
16 42 0
17 13 0
17 16 0
17 97 0
18 10 0
18 19 0
18 33 0
19 18 0
19 20 0
19 24 0
20 19 0
20 21 0
21 20 0
21 22 0
22 21 0
22 23 0
23 22 0
23 24 0
24 19 0
24 23 0
25 26 0
25 29 0
26 25 0
26 27 0
27 26 0
27 28 0
27 35 0
28 27 0
28 29 0
29 25 0
29 28 0
29 42 0
30 31 0
30 34 0
30 35 0
31 30 0
31 32 0
32 31 0
32 33 0
33 18 0
33 32 0
33 34 0
34 30 0
34 33 0
34 97 0
35 27 0
35 30 0
35 36 0
36 35 0
36 37 0
36 41 0
37 36 0
37 38 0
38 37 0
38 39 0
39 38 0
39 40 0
40 39 0
40 41 0
41 36 0
41 40 0
42 16 0
42 29 0
42 43 0
43 42 0
43 44 0
43 48 0
44 43 0
44 45 0
45 44 0
45 46 0
46 45 0
46 47 0
47 46 0
47 48 0
48 43 0
48 47 0
49 0 0
49 50 0
49 54 0
50 49 0
50 51 0
51 50 0
51 52 0
52 51 0
52 53 0
52 55 0
53 52 0
53 54 0
54 49 0
54 53 0
55 52 0
55 60 0
55 62 0
56 57 0
56 60 0
57 56 0
57 58 0
58 57 0
58 59 0
58 84 0
59 58 0
59 60 0
60 55 0
60 56 0
60 59 0
61 62 0
61 65 0
62 55 0
62 61 0
62 63 0
63 62 0
63 64 0
63 98 0
64 63 0
64 65 0
64 76 0
65 61 0
65 64 0
66 67 0
66 70 0
66 84 0
67 66 0
67 68 0
68 67 0
68 69 0
69 68 0
69 70 0
69 77 0
70 66 0
70 69 0
70 98 0
71 72 0
71 75 0
72 71 0
72 73 0
72 77 0
73 72 0
73 74 0
74 73 0
74 75 0
75 71 0
75 74 0
75 76 0
76 64 0
76 75 0
76 91 0
77 69 0
77 72 0
77 78 0
78 77 0
78 79 0
78 83 0
79 78 0
79 80 0
80 79 0
80 81 0
81 80 0
81 82 0
82 81 0
82 83 0
83 78 0
83 82 0
84 58 0
84 66 0
84 85 0
85 84 0
85 86 0
85 90 0
86 85 0
86 87 0
87 86 0
87 88 0
88 87 0
88 89 0
89 88 0
89 90 0
90 85 0
90 89 0
91 76 0
91 92 0
91 96 0
92 91 0
92 93 0
93 92 0
93 94 0
94 93 0
94 95 0
95 94 0
95 96 0
96 91 0
96 95 0
97 17 0
97 34 0
98 63 0
98 70 0
99 0 0
99 100 0
99 104 0
100 99 0
100 101 0
101 100 0
101 102 0
102 101 0
102 103 0
102 105 0
103 102 0
103 104 0
104 99 0
104 103 0
105 102 0
105 110 0
105 112 0
106 107 0
106 110 0
107 106 0
107 108 0
108 107 0
108 109 0
108 134 0
109 108 0
109 110 0
110 105 0
110 106 0
110 109 0
111 112 0
111 115 0
112 105 0
112 111 0
112 113 0
113 112 0
113 114 0
113 147 0
114 113 0
114 115 0
114 126 0
115 111 0
115 114 0
116 117 0
116 120 0
116 134 0
117 116 0
117 118 0
118 117 0
118 119 0
119 118 0
119 120 0
119 127 0
120 116 0
120 119 0
120 147 0
121 122 0
121 125 0
122 121 0
122 123 0
122 127 0
123 122 0
123 124 0
124 123 0
124 125 0
125 121 0
125 124 0
125 126 0
126 114 0
126 125 0
126 141 0
127 119 0
127 122 0
127 128 0
128 127 0
128 129 0
128 133 0
129 128 0
129 130 0
130 129 0
130 131 0
131 130 0
131 132 0
132 131 0
132 133 0
133 128 0
133 132 0
134 108 0
134 116 0
134 135 0
135 134 0
135 136 0
135 140 0
136 135 0
136 137 0
137 136 0
137 138 0
138 137 0
138 139 0
139 138 0
139 140 0
140 135 0
140 139 0
141 126 0
141 142 0
141 146 0
142 141 0
142 143 0
143 142 0
143 144 0
144 143 0
144 145 0
145 144 0
145 146 0
146 141 0
146 145 0
147 113 0
147 120 0
148 0 0
148 149 0
148 153 0
149 148 0
149 150 0
150 149 0
150 151 0
151 150 0
151 152 0
151 154 0
152 151 0
152 153 0
153 148 0
153 152 0
154 151 0
154 155 0
154 160 0
155 154 0
155 156 0
155 159 0
156 155 0
156 157 0
157 156 0
157 158 0
157 165 0
158 157 0
158 159 0
159 155 0
159 158 0
160 154 0
160 161 0
160 164 0
161 160 0
161 162 0
162 161 0
162 163 0
163 162 0
163 164 0
163 189 0
164 160 0
164 163 0
164 196 0
165 157 0
165 166 0
165 180 0
166 165 0
166 167 0
166 171 0
167 166 0
167 168 0
168 167 0
168 169 0
169 168 0
169 170 0
170 169 0
170 171 0
171 166 0
171 170 0
172 173 0
172 176 0
173 172 0
173 174 0
174 173 0
174 175 0
174 182 0
175 174 0
175 176 0
176 172 0
176 175 0
176 189 0
177 178 0
177 181 0
177 182 0
178 177 0
178 179 0
179 178 0
179 180 0
180 165 0
180 179 0
180 181 0
181 177 0
181 180 0
181 196 0
182 174 0
182 177 0
182 183 0
183 182 0
183 184 0
183 188 0
184 183 0
184 185 0
185 184 0
185 186 0
186 185 0
186 187 0
187 186 0
187 188 0
188 183 0
188 187 0
189 163 0
189 176 0
189 190 0
190 189 0
190 191 0
190 195 0
191 190 0
191 192 0
192 191 0
192 193 0
193 192 0
193 194 0
194 193 0
194 195 0
195 190 0
195 194 0
196 164 0
196 181 0
197 198 0
197 199 0
197 200 0
197 201 0
198 197 0
199 197 0
200 197 0
201 197 0
201 202 0
201 203 0
201 204 0
202 201 0
203 201 0
204 201 0
GraphDataEnd
GraphEnd
NodeEnd
END_EPT
