BEGIN_EPT
AnchorID: 15596  # ID of the anchor node
RootIndex: 0  # Index of the root node in tree_nodes
NodeCount: 1  # Total number of nodes in the EPT
NodeStart
EPTNodeID: 0
AnchorID: 15596
TreeNodeGraphID: 0
Level: 0
SimplifiedLevel: 0
EditOperation: -1 0 -1 0 0
AccumulatedOpsCount: 0
ChildrenCount: 0
ChildIndices:
CompletedDBGraphIDsCount: 0
GraphStart
GraphDataStart
ID: 0
NumNodes: 80
NumEdges: 170
NodeLabels
0 2 2 2 2 2 2 0 2 2 2 2 2 2 0 2 2 2 2 2 2 0 2 2 2 2 2 2 2 0 2 2 2 2 2 2 2 2 2 2 2 2 2 2 2 2 2 2 2 2 2 2 2 2 2 2 2 2 2 2 2 2 2 2 2 2 2 2 2 2 2 2 2 2 2 2 2 2 2 2 
Edges
0 1 0
1 0 0
1 2 0
1 6 0
2 1 0
2 3 0
2 37 0
3 2 0
3 4 0
4 3 0
4 5 0
4 72 0
5 4 0
5 6 0
6 1 0
6 5 0
6 36 0
7 8 0
8 7 0
8 9 0
8 13 0
9 8 0
9 10 0
9 37 0
10 9 0
10 11 0
11 10 0
11 12 0
11 64 0
12 11 0
12 13 0
13 8 0
13 12 0
13 38 0
14 15 0
15 14 0
15 16 0
15 20 0
16 15 0
16 17 0
16 38 0
17 16 0
17 18 0
18 17 0
18 19 0
18 56 0
19 18 0
19 20 0
20 15 0
20 19 0
20 39 0
21 22 0
22 21 0
22 23 0
22 27 0
23 22 0
23 24 0
23 28 0
24 23 0
24 25 0
25 24 0
25 26 0
25 48 0
26 25 0
26 27 0
27 22 0
27 26 0
27 39 0
28 23 0
28 35 0
29 30 0
30 29 0
30 31 0
30 35 0
31 30 0
31 32 0
31 36 0
32 31 0
32 33 0
33 32 0
33 34 0
33 40 0
34 33 0
34 35 0
35 28 0
35 30 0
35 34 0
36 6 0
36 31 0
37 2 0
37 9 0
38 13 0
38 16 0
39 20 0
39 27 0
40 33 0
40 41 0
40 42 0
40 43 0
41 40 0
42 40 0
42 44 0
43 40 0
44 42 0
44 45 0
44 46 0
44 47 0
45 44 0
46 44 0
47 44 0
48 25 0
48 49 0
48 50 0
48 51 0
49 48 0
50 48 0
51 48 0
51 52 0
52 51 0
52 53 0
52 54 0
52 55 0
53 52 0
54 52 0
55 52 0
56 18 0
56 57 0
56 58 0
56 59 0
57 56 0
58 56 0
59 56 0
59 60 0
60 59 0
60 61 0
60 62 0
60 63 0
61 60 0
62 60 0
63 60 0
64 11 0
64 65 0
64 66 0
64 67 0
65 64 0
66 64 0
67 64 0
67 68 0
68 67 0
68 69 0
68 70 0
68 71 0
69 68 0
70 68 0
71 68 0
72 4 0
72 73 0
72 74 0
72 75 0
73 72 0
74 72 0
75 72 0
75 76 0
76 75 0
76 77 0
76 78 0
76 79 0
77 76 0
78 76 0
79 76 0
GraphDataEnd
GraphEnd
NodeEnd
END_EPT
