BEGIN_EPT
AnchorID: 18602  # ID of the anchor node
RootIndex: 0  # Index of the root node in tree_nodes
NodeCount: 1  # Total number of nodes in the EPT
NodeStart
EPTNodeID: 0
AnchorID: 18602
TreeNodeGraphID: 0
Level: 0
SimplifiedLevel: 0
EditOperation: -1 0 -1 0 0
AccumulatedOpsCount: 0
ChildrenCount: 0
ChildIndices:
CompletedDBGraphIDsCount: 0
GraphStart
GraphDataStart
ID: 0
NumNodes: 76
NumEdges: 160
NodeLabels
2 1 2 2 2 2 2 2 2 2 2 2 2 2 2 2 2 2 2 2 3 2 2 2 3 0 2 2 3 0 2 2 2 2 3 0 2 2 2 2 2 2 2 3 0 2 2 2 3 0 1 2 2 2 2 0 2 3 0 2 2 2 2 2 2 2 2 2 2 2 0 0 2 2 2 2 
Edges
0 1 0
0 2 0
0 3 0
0 4 0
1 0 0
1 5 0
2 0 0
2 6 0
2 7 0
3 0 0
3 8 0
3 9 0
4 0 0
4 10 0
4 11 0
5 1 0
5 12 0
6 2 0
6 13 0
7 2 0
7 14 0
8 3 0
8 15 0
9 3 0
9 16 0
10 4 0
10 17 0
11 4 0
11 18 0
12 5 0
12 19 0
12 20 0
13 6 0
13 21 0
14 7 0
14 21 0
15 8 0
15 22 0
16 9 0
16 22 0
17 10 0
17 23 0
18 11 0
18 23 0
19 12 0
19 24 0
19 25 0
20 12 0
21 13 0
21 14 0
22 15 0
22 16 0
23 17 0
23 18 0
24 19 0
24 26 0
25 19 0
26 24 0
26 27 0
27 26 0
27 28 0
27 29 0
28 27 0
28 30 0
29 27 0
30 28 0
30 31 0
30 32 0
31 30 0
31 33 0
32 30 0
32 34 0
32 35 0
33 31 0
33 36 0
33 37 0
34 32 0
34 38 0
35 32 0
36 33 0
36 39 0
37 33 0
37 40 0
38 34 0
38 41 0
39 36 0
39 42 0
40 37 0
40 42 0
41 38 0
41 43 0
41 44 0
42 39 0
42 40 0
43 41 0
43 45 0
44 41 0
45 43 0
45 46 0
45 47 0
46 45 0
46 48 0
46 49 0
47 45 0
47 50 0
48 46 0
48 51 0
49 46 0
50 47 0
50 52 0
51 48 0
51 53 0
51 54 0
52 50 0
52 55 0
53 51 0
53 56 0
54 51 0
54 57 0
54 58 0
55 52 0
55 59 0
56 53 0
56 60 0
56 61 0
57 54 0
57 62 0
58 54 0
59 55 0
59 63 0
60 56 0
60 64 0
61 56 0
61 65 0
62 57 0
62 66 0
63 59 0
63 67 0
63 68 0
64 60 0
64 69 0
65 61 0
65 69 0
66 62 0
66 70 0
66 71 0
67 63 0
68 63 0
69 64 0
69 65 0
70 66 0
70 72 0
71 66 0
72 70 0
72 73 0
72 74 0
72 75 0
73 72 0
74 72 0
75 72 0
GraphDataEnd
GraphEnd
NodeEnd
END_EPT
