BEGIN_EPT
AnchorID: 37305  # ID of the anchor node
RootIndex: 0  # Index of the root node in tree_nodes
NodeCount: 1  # Total number of nodes in the EPT
NodeStart
EPTNodeID: 0
AnchorID: 37305
TreeNodeGraphID: 0
Level: 0
SimplifiedLevel: 0
EditOperation: -1 0 -1 0 0
AccumulatedOpsCount: 0
ChildrenCount: 0
ChildIndices:
CompletedDBGraphIDsCount: 0
GraphStart
GraphDataStart
ID: 0
NumNodes: 189
NumEdges: 392
NodeLabels
0 0 0 0 0 0 0 0 0 0 0 2 2 2 2 2 2 2 2 2 2 2 2 2 2 2 2 2 2 2 2 2 2 2 2 2 2 2 2 0 2 2 2 2 2 0 0 2 0 1 0 0 0 0 1 0 0 0 0 1 0 0 0 0 1 0 0 0 0 1 0 0 0 0 1 0 0 0 0 1 0 0 0 0 1 0 0 0 0 1 0 0 0 0 1 0 0 0 2 0 1 0 0 0 0 1 0 0 0 0 1 0 0 0 0 1 0 0 0 2 1 2 2 2 2 2 2 2 2 2 1 2 2 2 2 2 2 2 2 2 1 2 2 2 2 2 2 2 2 2 1 2 2 2 2 2 2 2 2 2 1 2 2 2 2 2 2 2 2 2 1 2 2 2 2 2 2 2 2 2 1 2 2 2 2 2 2 2 2 
Edges
0 25 0
0 47 0
1 18 0
1 25 0
2 19 0
2 98 0
3 37 0
3 38 0
4 11 0
4 98 0
5 35 0
5 43 0
6 12 0
6 15 0
7 15 0
7 20 0
8 30 0
8 33 0
9 24 0
9 29 0
10 21 0
10 24 0
11 4 0
11 12 0
11 13 0
12 6 0
12 11 0
12 179 0
13 11 0
13 14 0
13 109 0
14 13 0
14 15 0
14 93 0
15 6 0
15 7 0
15 14 0
16 17 0
16 53 0
16 98 0
17 16 0
17 18 0
17 48 0
18 1 0
18 17 0
18 19 0
19 2 0
19 18 0
19 169 0
20 7 0
20 21 0
20 22 0
21 10 0
21 20 0
21 119 0
22 20 0
22 23 0
22 68 0
23 22 0
23 24 0
23 73 0
24 9 0
24 10 0
24 23 0
25 0 0
25 1 0
25 26 0
26 25 0
26 27 0
26 58 0
27 26 0
27 28 0
27 63 0
28 27 0
28 45 0
28 47 0
29 9 0
29 30 0
29 31 0
30 8 0
30 29 0
30 129 0
31 29 0
31 32 0
31 104 0
32 31 0
32 33 0
32 99 0
33 8 0
33 32 0
33 46 0
34 35 0
34 36 0
34 78 0
35 5 0
35 34 0
35 38 0
36 34 0
36 37 0
36 83 0
37 3 0
37 36 0
37 45 0
38 3 0
38 35 0
38 149 0
39 43 0
39 44 0
40 41 0
40 42 0
40 88 0
41 40 0
41 44 0
41 46 0
42 40 0
42 43 0
42 114 0
43 5 0
43 39 0
43 42 0
44 39 0
44 41 0
44 139 0
45 28 0
45 37 0
46 33 0
46 41 0
47 0 0
47 28 0
47 159 0
48 17 0
48 49 0
49 48 0
49 50 0
49 51 0
49 52 0
50 49 0
51 49 0
52 49 0
53 16 0
53 54 0
54 53 0
54 55 0
54 56 0
54 57 0
55 54 0
56 54 0
57 54 0
58 26 0
58 59 0
59 58 0
59 60 0
59 61 0
59 62 0
60 59 0
61 59 0
62 59 0
63 27 0
63 64 0
64 63 0
64 65 0
64 66 0
64 67 0
65 64 0
66 64 0
67 64 0
68 22 0
68 69 0
69 68 0
69 70 0
69 71 0
69 72 0
70 69 0
71 69 0
72 69 0
73 23 0
73 74 0
74 73 0
74 75 0
74 76 0
74 77 0
75 74 0
76 74 0
77 74 0
78 34 0
78 79 0
79 78 0
79 80 0
79 81 0
79 82 0
80 79 0
81 79 0
82 79 0
83 36 0
83 84 0
84 83 0
84 85 0
84 86 0
84 87 0
85 84 0
86 84 0
87 84 0
88 40 0
88 89 0
89 88 0
89 90 0
89 91 0
89 92 0
90 89 0
91 89 0
92 89 0
93 14 0
93 94 0
94 93 0
94 95 0
94 96 0
94 97 0
95 94 0
96 94 0
97 94 0
98 2 0
98 4 0
98 16 0
99 32 0
99 100 0
100 99 0
100 101 0
100 102 0
100 103 0
101 100 0
102 100 0
103 100 0
104 31 0
104 105 0
105 104 0
105 106 0
105 107 0
105 108 0
106 105 0
107 105 0
108 105 0
109 13 0
109 110 0
110 109 0
110 111 0
110 112 0
110 113 0
111 110 0
112 110 0
113 110 0
114 42 0
114 115 0
115 114 0
115 116 0
115 117 0
115 118 0
116 115 0
117 115 0
118 115 0
119 21 0
119 120 0
120 119 0
120 121 0
121 120 0
121 122 0
122 121 0
122 123 0
123 122 0
123 124 0
124 123 0
124 125 0
125 124 0
125 126 0
126 125 0
126 127 0
127 126 0
127 128 0
128 127 0
129 30 0
129 130 0
130 129 0
130 131 0
131 130 0
131 132 0
132 131 0
132 133 0
133 132 0
133 134 0
134 133 0
134 135 0
135 134 0
135 136 0
136 135 0
136 137 0
137 136 0
137 138 0
138 137 0
139 44 0
139 140 0
140 139 0
140 141 0
141 140 0
141 142 0
142 141 0
142 143 0
143 142 0
143 144 0
144 143 0
144 145 0
145 144 0
145 146 0
146 145 0
146 147 0
147 146 0
147 148 0
148 147 0
149 38 0
149 150 0
150 149 0
150 151 0
151 150 0
151 152 0
152 151 0
152 153 0
153 152 0
153 154 0
154 153 0
154 155 0
155 154 0
155 156 0
156 155 0
156 157 0
157 156 0
157 158 0
158 157 0
159 47 0
159 160 0
160 159 0
160 161 0
161 160 0
161 162 0
162 161 0
162 163 0
163 162 0
163 164 0
164 163 0
164 165 0
165 164 0
165 166 0
166 165 0
166 167 0
167 166 0
167 168 0
168 167 0
169 19 0
169 170 0
170 169 0
170 171 0
171 170 0
171 172 0
172 171 0
172 173 0
173 172 0
173 174 0
174 173 0
174 175 0
175 174 0
175 176 0
176 175 0
176 177 0
177 176 0
177 178 0
178 177 0
179 12 0
179 180 0
180 179 0
180 181 0
181 180 0
181 182 0
182 181 0
182 183 0
183 182 0
183 184 0
184 183 0
184 185 0
185 184 0
185 186 0
186 185 0
186 187 0
187 186 0
187 188 0
188 187 0
GraphDataEnd
GraphEnd
NodeEnd
END_EPT
