BEGIN_EPT
AnchorID: 9789  # ID of the anchor node
RootIndex: 0  # Index of the root node in tree_nodes
NodeCount: 1  # Total number of nodes in the EPT
NodeStart
EPTNodeID: 0
AnchorID: 9789
TreeNodeGraphID: 0
Level: 0
SimplifiedLevel: 0
EditOperation: -1 0 -1 0 0
AccumulatedOpsCount: 0
ChildrenCount: 0
ChildIndices:
CompletedDBGraphIDsCount: 0
GraphStart
GraphDataStart
ID: 0
NumNodes: 66
NumEdges: 150
NodeLabels
2 2 2 0 2 2 2 2 2 2 2 2 2 2 2 2 2 2 2 2 2 2 2 2 2 2 2 2 2 2 2 2 2 2 2 0 2 2 2 2 2 2 2 2 2 2 2 2 2 2 2 2 2 2 2 2 2 2 2 2 2 2 2 2 2 2 
Edges
0 1 0
0 2 0
0 12 0
1 0 0
1 5 0
1 6 0
2 0 0
2 3 0
2 4 0
3 2 0
4 2 0
4 5 0
4 18 0
5 1 0
5 4 0
5 24 0
6 1 0
6 7 0
6 11 0
7 6 0
7 8 0
8 7 0
8 9 0
9 8 0
9 10 0
10 9 0
10 11 0
11 6 0
11 10 0
12 0 0
12 13 0
12 17 0
13 12 0
13 14 0
14 13 0
14 15 0
15 14 0
15 16 0
16 15 0
16 17 0
17 12 0
17 16 0
18 4 0
18 19 0
18 23 0
19 18 0
19 20 0
20 19 0
20 21 0
21 20 0
21 22 0
22 21 0
22 23 0
23 18 0
23 22 0
24 5 0
24 25 0
24 29 0
25 24 0
25 26 0
26 25 0
26 27 0
27 26 0
27 28 0
27 30 0
28 27 0
28 29 0
29 24 0
29 28 0
30 27 0
30 31 0
31 30 0
31 64 0
32 33 0
32 34 0
32 44 0
33 32 0
33 37 0
33 38 0
34 32 0
34 35 0
34 36 0
35 34 0
36 34 0
36 37 0
36 50 0
37 33 0
37 36 0
37 56 0
38 33 0
38 39 0
38 43 0
39 38 0
39 40 0
40 39 0
40 41 0
41 40 0
41 42 0
42 41 0
42 43 0
43 38 0
43 42 0
44 32 0
44 45 0
44 49 0
45 44 0
45 46 0
46 45 0
46 47 0
47 46 0
47 48 0
48 47 0
48 49 0
49 44 0
49 48 0
50 36 0
50 51 0
50 55 0
51 50 0
51 52 0
52 51 0
52 53 0
53 52 0
53 54 0
54 53 0
54 55 0
55 50 0
55 54 0
56 37 0
56 57 0
56 61 0
57 56 0
57 58 0
58 57 0
58 59 0
59 58 0
59 60 0
59 62 0
60 59 0
60 61 0
61 56 0
61 60 0
62 59 0
62 65 0
63 64 0
63 65 0
64 31 0
64 63 0
65 62 0
65 63 0
GraphDataEnd
GraphEnd
NodeEnd
END_EPT
