BEGIN_EPT
AnchorID: 380  # ID of the anchor node
RootIndex: 0  # Index of the root node in tree_nodes
NodeCount: 2  # Total number of nodes in the EPT
NodeStart
EPTNodeID: 0
AnchorID: 380
TreeNodeGraphID: 0
Level: 0
SimplifiedLevel: 0
EditOperation: -1 0 -1 0 0
AccumulatedOpsCount: 0
ChildrenCount: 1
ChildIndices: 1
CompletedDBGraphIDsCount: 0
GraphStart
GraphDataStart
ID: 0
NumNodes: 80
NumEdges: 162
NodeLabels
0 2 0 2 2 3 2 0 3 2 2 0 3 2 2 2 2 2 2 3 3 2 0 2 2 0 2 0 3 2 2 0 3 2 2 2 2 2 2 2 0 2 2 0 2 0 3 2 2 0 2 2 0 3 2 2 2 0 3 2 0 3 2 2 0 3 2 2 3 2 3 2 2 2 0 0 2 2 2 2 
Edges
0 1 0
1 0 0
1 2 0
1 3 0
2 1 0
3 1 0
3 4 0
4 3 0
4 5 0
4 6 0
5 4 0
6 4 0
6 7 0
6 8 0
7 6 0
8 6 0
8 9 0
9 8 0
9 10 0
9 13 0
10 9 0
10 11 0
10 12 0
11 10 0
12 10 0
12 17 0
13 9 0
13 14 0
14 13 0
14 15 0
15 14 0
15 16 0
16 15 0
16 20 0
17 12 0
17 18 0
17 21 0
18 17 0
18 19 0
18 22 0
19 18 0
19 23 0
20 16 0
21 17 0
22 18 0
23 19 0
23 24 0
23 26 0
24 23 0
24 25 0
25 24 0
26 23 0
26 27 0
26 28 0
27 26 0
28 26 0
28 29 0
29 28 0
29 30 0
29 33 0
30 29 0
30 31 0
30 32 0
31 30 0
32 30 0
32 41 0
33 29 0
33 34 0
34 33 0
34 35 0
34 39 0
35 34 0
35 36 0
36 35 0
36 37 0
37 36 0
37 38 0
37 40 0
38 37 0
38 39 0
39 34 0
39 38 0
40 37 0
41 32 0
41 42 0
41 44 0
42 41 0
42 43 0
43 42 0
44 41 0
44 45 0
44 46 0
45 44 0
46 44 0
46 47 0
47 46 0
47 48 0
47 51 0
48 47 0
48 49 0
48 50 0
49 48 0
50 48 0
51 47 0
51 52 0
51 53 0
52 51 0
53 51 0
53 54 0
54 53 0
54 55 0
54 59 0
55 54 0
55 56 0
56 55 0
56 57 0
56 58 0
57 56 0
58 56 0
59 54 0
59 60 0
59 61 0
60 59 0
61 59 0
61 62 0
62 61 0
62 63 0
62 66 0
63 62 0
63 64 0
63 65 0
64 63 0
65 63 0
65 72 0
66 62 0
66 67 0
67 66 0
67 68 0
67 71 0
68 67 0
68 69 0
69 68 0
69 70 0
70 69 0
70 71 0
71 67 0
71 70 0
72 65 0
72 73 0
72 76 0
73 72 0
73 74 0
73 75 0
74 73 0
75 73 0
76 72 0
76 77 0
77 76 0
77 78 0
77 79 0
78 77 0
79 77 0
GraphDataEnd
GraphEnd
NodeEnd
NodeStart
EPTNodeID: 1
AnchorID: 380
TreeNodeGraphID: 4
Level: 4
SimplifiedLevel: 0
EditOperation: 5 63 75 0 0
AccumulatedOpsCount: 4
AccumulatedOp: 4 63 65 0 0
AccumulatedOp: 4 73 75 0 0
AccumulatedOp: 5 5 73 0 0
AccumulatedOp: 5 63 75 0 0
ChildrenCount: 0
ChildIndices:
CompletedDBGraphIDsCount: 1
CompletedDBGraphID: 18279
GraphStart
GraphDataStart
ID: 4
NumNodes: 80
NumEdges: 162
NodeLabels
0 2 0 2 2 3 2 0 3 2 2 0 3 2 2 2 2 2 2 3 3 2 0 2 2 0 2 0 3 2 2 0 3 2 2 2 2 2 2 2 0 2 2 0 2 0 3 2 2 0 2 2 0 3 2 2 2 0 3 2 0 3 2 2 0 3 2 2 3 2 3 2 2 2 0 0 2 2 2 2 
Edges
0 1 0
1 0 0
1 2 0
1 3 0
2 1 0
3 1 0
3 4 0
4 3 0
4 5 0
4 6 0
5 4 0
5 73 0
6 4 0
6 7 0
6 8 0
7 6 0
8 6 0
8 9 0
9 8 0
9 10 0
9 13 0
10 9 0
10 11 0
10 12 0
11 10 0
12 10 0
12 17 0
13 9 0
13 14 0
14 13 0
14 15 0
15 14 0
15 16 0
16 15 0
16 20 0
17 12 0
17 18 0
17 21 0
18 17 0
18 19 0
18 22 0
19 18 0
19 23 0
20 16 0
21 17 0
22 18 0
23 19 0
23 24 0
23 26 0
24 23 0
24 25 0
25 24 0
26 23 0
26 27 0
26 28 0
27 26 0
28 26 0
28 29 0
29 28 0
29 30 0
29 33 0
30 29 0
30 31 0
30 32 0
31 30 0
32 30 0
32 41 0
33 29 0
33 34 0
34 33 0
34 35 0
34 39 0
35 34 0
35 36 0
36 35 0
36 37 0
37 36 0
37 38 0
37 40 0
38 37 0
38 39 0
39 34 0
39 38 0
40 37 0
41 32 0
41 42 0
41 44 0
42 41 0
42 43 0
43 42 0
44 41 0
44 45 0
44 46 0
45 44 0
46 44 0
46 47 0
47 46 0
47 48 0
47 51 0
48 47 0
48 49 0
48 50 0
49 48 0
50 48 0
51 47 0
51 52 0
51 53 0
52 51 0
53 51 0
53 54 0
54 53 0
54 55 0
54 59 0
55 54 0
55 56 0
56 55 0
56 57 0
56 58 0
57 56 0
58 56 0
59 54 0
59 60 0
59 61 0
60 59 0
61 59 0
61 62 0
62 61 0
62 63 0
62 66 0
63 62 0
63 64 0
63 75 0
64 63 0
65 72 0
66 62 0
66 67 0
67 66 0
67 68 0
67 71 0
68 67 0
68 69 0
69 68 0
69 70 0
70 69 0
70 71 0
71 67 0
71 70 0
72 65 0
72 73 0
72 76 0
73 72 0
73 74 0
73 5 0
74 73 0
75 63 0
76 72 0
76 77 0
77 76 0
77 78 0
77 79 0
78 77 0
79 77 0
GraphDataEnd
GraphEnd
NodeEnd
END_EPT
