BEGIN_EPT
AnchorID: 23875  # ID of the anchor node
RootIndex: 0  # Index of the root node in tree_nodes
NodeCount: 1  # Total number of nodes in the EPT
NodeStart
EPTNodeID: 0
AnchorID: 23875
TreeNodeGraphID: 0
Level: 0
SimplifiedLevel: 0
EditOperation: -1 0 -1 0 0
AccumulatedOpsCount: 0
ChildrenCount: 0
ChildIndices:
CompletedDBGraphIDsCount: 0
GraphStart
GraphDataStart
ID: 0
NumNodes: 72
NumEdges: 152
NodeLabels
2 2 2 2 3 2 2 2 0 3 2 2 2 2 2 2 2 3 3 2 0 0 2 2 12 12 12 2 2 2 2 2 2 3 0 0 3 0 0 2 0 0 2 2 2 0 3 2 2 2 2 2 2 2 3 3 2 12 12 12 2 2 2 2 2 2 3 0 0 3 0 0 
Edges
0 1 0
0 5 0
0 39 0
1 0 0
1 2 0
2 1 0
2 3 0
2 19 0
3 2 0
3 4 0
3 6 0
4 3 0
4 5 0
5 0 0
5 4 0
5 43 0
6 3 0
6 16 0
7 8 0
7 9 0
7 16 0
8 7 0
9 7 0
9 10 0
10 9 0
10 11 0
10 15 0
11 10 0
11 12 0
12 11 0
12 13 0
13 12 0
13 14 0
14 13 0
14 15 0
14 23 0
15 10 0
15 14 0
16 6 0
16 7 0
16 17 0
17 16 0
17 18 0
18 17 0
18 32 0
19 2 0
19 20 0
19 21 0
20 19 0
20 22 0
21 19 0
22 20 0
23 14 0
23 24 0
23 25 0
23 26 0
24 23 0
25 23 0
26 23 0
27 28 0
27 32 0
28 27 0
28 29 0
29 28 0
29 30 0
29 33 0
30 29 0
30 31 0
31 30 0
31 32 0
31 36 0
32 18 0
32 27 0
32 31 0
33 29 0
33 34 0
33 35 0
34 33 0
35 33 0
36 31 0
36 37 0
36 38 0
37 36 0
38 36 0
39 0 0
39 40 0
39 41 0
40 39 0
40 42 0
41 39 0
42 40 0
43 5 0
43 53 0
44 45 0
44 46 0
44 53 0
45 44 0
46 44 0
46 47 0
47 46 0
47 48 0
47 52 0
48 47 0
48 49 0
49 48 0
49 50 0
50 49 0
50 51 0
51 50 0
51 52 0
51 56 0
52 47 0
52 51 0
53 43 0
53 44 0
53 54 0
54 53 0
54 55 0
55 54 0
55 65 0
56 51 0
56 57 0
56 58 0
56 59 0
57 56 0
58 56 0
59 56 0
60 61 0
60 65 0
61 60 0
61 62 0
62 61 0
62 63 0
62 66 0
63 62 0
63 64 0
64 63 0
64 65 0
64 69 0
65 55 0
65 60 0
65 64 0
66 62 0
66 67 0
66 68 0
67 66 0
68 66 0
69 64 0
69 70 0
69 71 0
70 69 0
71 69 0
GraphDataEnd
GraphEnd
NodeEnd
END_EPT
