BEGIN_EPT
AnchorID: 34161  # ID of the anchor node
RootIndex: 0  # Index of the root node in tree_nodes
NodeCount: 2  # Total number of nodes in the EPT
NodeStart
EPTNodeID: 0
AnchorID: 34161
TreeNodeGraphID: 0
Level: 0
SimplifiedLevel: 0
EditOperation: -1 0 -1 0 0
AccumulatedOpsCount: 0
ChildrenCount: 1
ChildIndices: 1
CompletedDBGraphIDsCount: 0
GraphStart
GraphDataStart
ID: 0
NumNodes: 85
NumEdges: 182
NodeLabels
2 2 2 2 2 2 3 2 0 2 2 3 2 2 2 3 2 0 2 2 3 2 2 2 3 2 0 3 2 2 2 2 3 2 2 0 3 2 2 2 2 3 2 2 0 3 2 2 2 2 2 2 2 2 2 2 2 2 2 2 1 0 0 0 1 0 0 0 1 0 0 0 1 0 0 0 1 0 0 0 1 0 0 0 31 
Edges
0 1 0
0 5 0
1 0 0
1 2 0
1 56 0
2 1 0
2 3 0
2 59 0
3 2 0
3 4 0
3 68 0
4 3 0
4 5 0
5 0 0
5 4 0
5 6 0
6 5 0
6 7 0
7 6 0
7 8 0
7 9 0
8 7 0
9 7 0
9 10 0
9 11 0
10 9 0
10 13 0
11 9 0
11 12 0
11 14 0
12 11 0
12 13 0
13 10 0
13 12 0
13 15 0
14 11 0
15 13 0
15 16 0
16 15 0
16 17 0
16 18 0
17 16 0
18 16 0
18 19 0
18 20 0
19 18 0
19 23 0
20 18 0
20 21 0
20 22 0
21 20 0
22 20 0
22 23 0
23 19 0
23 22 0
23 24 0
24 23 0
24 25 0
25 24 0
25 26 0
25 27 0
26 25 0
27 25 0
27 28 0
28 27 0
28 29 0
28 30 0
29 28 0
29 32 0
30 28 0
30 31 0
31 30 0
31 32 0
31 34 0
32 29 0
32 31 0
32 33 0
33 32 0
34 31 0
34 35 0
34 36 0
35 34 0
36 34 0
36 37 0
37 36 0
37 38 0
37 39 0
38 37 0
38 41 0
39 37 0
39 40 0
40 39 0
40 41 0
40 43 0
41 38 0
41 40 0
41 42 0
42 41 0
43 40 0
43 44 0
43 45 0
44 43 0
45 43 0
45 48 0
46 47 0
46 48 0
47 46 0
47 51 0
47 80 0
48 45 0
48 46 0
48 49 0
49 48 0
49 50 0
50 49 0
50 51 0
50 52 0
51 47 0
51 50 0
51 55 0
52 50 0
52 53 0
52 72 0
53 52 0
53 54 0
54 53 0
54 55 0
54 76 0
55 51 0
55 54 0
56 1 0
56 57 0
56 60 0
57 56 0
57 58 0
58 57 0
58 59 0
58 64 0
59 2 0
59 58 0
60 56 0
60 61 0
60 62 0
60 63 0
61 60 0
62 60 0
63 60 0
64 58 0
64 65 0
64 66 0
64 67 0
65 64 0
66 64 0
67 64 0
68 3 0
68 69 0
68 70 0
68 71 0
69 68 0
70 68 0
71 68 0
72 52 0
72 73 0
72 74 0
72 75 0
73 72 0
74 72 0
75 72 0
76 54 0
76 77 0
76 78 0
76 79 0
77 76 0
78 76 0
79 76 0
80 47 0
80 81 0
80 82 0
80 83 0
81 80 0
82 80 0
83 80 0
GraphDataEnd
GraphEnd
NodeEnd
NodeStart
EPTNodeID: 1
AnchorID: 34161
TreeNodeGraphID: 4
Level: 4
SimplifiedLevel: 0
EditOperation: 5 0 6 0 0
AccumulatedOpsCount: 4
AccumulatedOp: 4 5 6 0 0
AccumulatedOp: 5 45 49 0 0
AccumulatedOp: 4 45 48 0 0
AccumulatedOp: 5 0 6 0 0
ChildrenCount: 0
ChildIndices:
CompletedDBGraphIDsCount: 1
CompletedDBGraphID: 28299
GraphStart
GraphDataStart
ID: 4
NumNodes: 85
NumEdges: 182
NodeLabels
2 2 2 2 2 2 3 2 0 2 2 3 2 2 2 3 2 0 2 2 3 2 2 2 3 2 0 3 2 2 2 2 3 2 2 0 3 2 2 2 2 3 2 2 0 3 2 2 2 2 2 2 2 2 2 2 2 2 2 2 1 0 0 0 1 0 0 0 1 0 0 0 1 0 0 0 1 0 0 0 1 0 0 0 31 
Edges
0 1 0
0 5 0
0 6 0
1 0 0
1 2 0
1 56 0
2 1 0
2 3 0
2 59 0
3 2 0
3 4 0
3 68 0
4 3 0
4 5 0
5 0 0
5 4 0
6 7 0
6 0 0
7 6 0
7 8 0
7 9 0
8 7 0
9 7 0
9 10 0
9 11 0
10 9 0
10 13 0
11 9 0
11 12 0
11 14 0
12 11 0
12 13 0
13 10 0
13 12 0
13 15 0
14 11 0
15 13 0
15 16 0
16 15 0
16 17 0
16 18 0
17 16 0
18 16 0
18 19 0
18 20 0
19 18 0
19 23 0
20 18 0
20 21 0
20 22 0
21 20 0
22 20 0
22 23 0
23 19 0
23 22 0
23 24 0
24 23 0
24 25 0
25 24 0
25 26 0
25 27 0
26 25 0
27 25 0
27 28 0
28 27 0
28 29 0
28 30 0
29 28 0
29 32 0
30 28 0
30 31 0
31 30 0
31 32 0
31 34 0
32 29 0
32 31 0
32 33 0
33 32 0
34 31 0
34 35 0
34 36 0
35 34 0
36 34 0
36 37 0
37 36 0
37 38 0
37 39 0
38 37 0
38 41 0
39 37 0
39 40 0
40 39 0
40 41 0
40 43 0
41 38 0
41 40 0
41 42 0
42 41 0
43 40 0
43 44 0
43 45 0
44 43 0
45 43 0
45 49 0
46 47 0
46 48 0
47 46 0
47 51 0
47 80 0
48 46 0
48 49 0
49 48 0
49 50 0
49 45 0
50 49 0
50 51 0
50 52 0
51 47 0
51 50 0
51 55 0
52 50 0
52 53 0
52 72 0
53 52 0
53 54 0
54 53 0
54 55 0
54 76 0
55 51 0
55 54 0
56 1 0
56 57 0
56 60 0
57 56 0
57 58 0
58 57 0
58 59 0
58 64 0
59 2 0
59 58 0
60 56 0
60 61 0
60 62 0
60 63 0
61 60 0
62 60 0
63 60 0
64 58 0
64 65 0
64 66 0
64 67 0
65 64 0
66 64 0
67 64 0
68 3 0
68 69 0
68 70 0
68 71 0
69 68 0
70 68 0
71 68 0
72 52 0
72 73 0
72 74 0
72 75 0
73 72 0
74 72 0
75 72 0
76 54 0
76 77 0
76 78 0
76 79 0
77 76 0
78 76 0
79 76 0
80 47 0
80 81 0
80 82 0
80 83 0
81 80 0
82 80 0
83 80 0
GraphDataEnd
GraphEnd
NodeEnd
END_EPT
