BEGIN_EPT
AnchorID: 11829  # ID of the anchor node
RootIndex: 0  # Index of the root node in tree_nodes
NodeCount: 1  # Total number of nodes in the EPT
NodeStart
EPTNodeID: 0
AnchorID: 11829
TreeNodeGraphID: 0
Level: 0
SimplifiedLevel: 0
EditOperation: -1 0 -1 0 0
AccumulatedOpsCount: 0
ChildrenCount: 0
ChildIndices:
CompletedDBGraphIDsCount: 0
GraphStart
GraphDataStart
ID: 0
NumNodes: 67
NumEdges: 148
NodeLabels
2 2 2 2 2 2 0 2 2 2 2 0 0 2 0 2 2 2 2 2 2 0 2 0 2 2 2 2 2 2 2 2 0 2 2 2 2 2 2 0 2 2 2 2 0 0 2 0 2 2 2 2 2 2 0 2 0 2 2 2 2 2 2 2 2 0 0 
Edges
0 1 0
0 5 0
1 0 0
1 2 0
1 12 0
2 1 0
2 3 0
2 14 0
3 2 0
3 4 0
4 3 0
4 5 0
4 9 0
5 0 0
5 4 0
5 6 0
6 5 0
6 7 0
7 6 0
7 8 0
7 10 0
7 23 0
8 7 0
8 9 0
8 22 0
9 4 0
9 8 0
9 15 0
10 7 0
10 11 0
11 10 0
11 22 0
12 1 0
12 13 0
13 12 0
13 14 0
14 2 0
14 13 0
15 9 0
15 16 0
15 20 0
16 15 0
16 17 0
17 16 0
17 18 0
17 24 0
18 17 0
18 19 0
18 32 0
19 18 0
19 20 0
19 28 0
20 15 0
20 19 0
21 22 0
22 8 0
22 11 0
22 21 0
23 7 0
24 17 0
24 25 0
24 26 0
24 27 0
25 24 0
26 24 0
27 24 0
28 19 0
28 29 0
28 30 0
28 31 0
29 28 0
30 28 0
31 28 0
32 18 0
33 34 0
33 38 0
34 33 0
34 35 0
34 45 0
35 34 0
35 36 0
35 47 0
36 35 0
36 37 0
37 36 0
37 38 0
37 42 0
38 33 0
38 37 0
38 39 0
39 38 0
39 40 0
40 39 0
40 41 0
40 43 0
40 56 0
41 40 0
41 42 0
41 55 0
42 37 0
42 41 0
42 48 0
43 40 0
43 66 0
44 55 0
45 34 0
45 46 0
46 45 0
46 47 0
47 35 0
47 46 0
48 42 0
48 49 0
48 53 0
49 48 0
49 50 0
50 49 0
50 51 0
50 57 0
51 50 0
51 52 0
51 65 0
52 51 0
52 53 0
52 61 0
53 48 0
53 52 0
54 55 0
55 41 0
55 44 0
55 54 0
56 40 0
57 50 0
57 58 0
57 59 0
57 60 0
58 57 0
59 57 0
60 57 0
61 52 0
61 62 0
61 63 0
61 64 0
62 61 0
63 61 0
64 61 0
65 51 0
66 43 0
GraphDataEnd
GraphEnd
NodeEnd
END_EPT
