BEGIN_EPT
AnchorID: 42539  # ID of the anchor node
RootIndex: 0  # Index of the root node in tree_nodes
NodeCount: 1  # Total number of nodes in the EPT
NodeStart
EPTNodeID: 0
AnchorID: 42539
TreeNodeGraphID: 0
Level: 0
SimplifiedLevel: 0
EditOperation: -1 0 -1 0 0
AccumulatedOpsCount: 0
ChildrenCount: 0
ChildIndices:
CompletedDBGraphIDsCount: 0
GraphStart
GraphDataStart
ID: 0
NumNodes: 183
NumEdges: 378
NodeLabels
2 3 2 2 2 2 3 0 2 0 2 2 2 2 2 2 3 2 2 2 2 3 0 0 2 2 2 3 0 2 0 2 2 3 2 2 2 2 2 2 2 2 2 2 3 0 2 0 2 2 2 2 2 2 2 2 2 3 3 2 2 2 2 2 3 0 0 0 0 2 2 2 2 3 0 2 0 2 2 2 3 2 2 2 2 2 2 2 2 2 2 2 2 2 2 3 0 2 0 2 2 2 2 2 2 2 2 2 2 3 3 2 2 2 2 2 3 0 0 0 0 2 2 2 2 3 0 2 0 2 2 2 2 3 2 2 2 2 2 2 2 2 2 2 2 2 2 0 0 2 2 0 2 2 2 2 2 2 3 2 3 2 2 2 0 0 3 0 0 2 2 2 2 2 2 2 2 2 2 2 2 2 2 
Edges
0 1 0
0 2 0
0 3 0
1 0 0
1 4 0
2 0 0
2 5 0
3 0 0
3 6 0
3 7 0
4 1 0
4 8 0
4 9 0
5 2 0
5 10 0
6 3 0
6 11 0
7 3 0
8 4 0
8 12 0
9 4 0
10 5 0
10 13 0
11 6 0
11 14 0
12 8 0
12 15 0
13 10 0
13 16 0
14 11 0
14 17 0
15 12 0
15 18 0
16 13 0
16 19 0
17 14 0
17 20 0
18 15 0
18 21 0
19 16 0
19 22 0
19 23 0
20 17 0
20 24 0
21 18 0
21 25 0
22 19 0
22 26 0
23 19 0
24 20 0
24 27 0
24 28 0
25 21 0
25 29 0
25 30 0
26 22 0
26 31 0
27 24 0
27 32 0
28 24 0
29 25 0
29 33 0
29 34 0
30 25 0
31 26 0
31 35 0
31 36 0
32 27 0
32 37 0
32 38 0
33 29 0
33 39 0
34 29 0
34 40 0
35 31 0
35 41 0
36 31 0
36 42 0
37 32 0
37 43 0
38 32 0
38 44 0
38 45 0
39 33 0
39 46 0
39 47 0
40 34 0
40 48 0
41 35 0
41 49 0
42 36 0
42 49 0
43 37 0
43 50 0
44 38 0
44 51 0
45 38 0
46 39 0
46 52 0
47 39 0
48 40 0
48 53 0
49 41 0
49 42 0
50 43 0
50 54 0
51 44 0
51 55 0
52 46 0
52 56 0
53 48 0
53 57 0
54 50 0
54 58 0
55 51 0
55 59 0
56 52 0
56 60 0
57 53 0
57 61 0
58 54 0
58 62 0
59 55 0
59 63 0
60 56 0
60 64 0
61 57 0
61 65 0
61 66 0
62 58 0
62 67 0
62 68 0
63 59 0
63 69 0
64 60 0
64 70 0
65 61 0
65 71 0
66 61 0
67 62 0
67 72 0
68 62 0
69 63 0
69 73 0
69 74 0
70 64 0
70 75 0
70 76 0
71 65 0
71 77 0
72 67 0
72 78 0
73 69 0
73 79 0
74 69 0
75 70 0
75 80 0
75 81 0
76 70 0
77 71 0
77 82 0
77 83 0
78 72 0
78 84 0
78 85 0
79 73 0
79 86 0
79 87 0
80 75 0
80 88 0
81 75 0
81 89 0
82 77 0
82 90 0
83 77 0
83 91 0
84 78 0
84 92 0
85 78 0
85 93 0
86 79 0
86 94 0
87 79 0
87 95 0
87 96 0
88 80 0
88 97 0
88 98 0
89 81 0
89 99 0
90 82 0
90 100 0
91 83 0
91 100 0
92 84 0
92 101 0
93 85 0
93 101 0
94 86 0
94 102 0
95 87 0
95 103 0
96 87 0
97 88 0
97 104 0
98 88 0
99 89 0
99 105 0
100 90 0
100 91 0
101 92 0
101 93 0
102 94 0
102 106 0
103 95 0
103 107 0
104 97 0
104 108 0
105 99 0
105 109 0
106 102 0
106 110 0
107 103 0
107 111 0
108 104 0
108 112 0
109 105 0
109 113 0
110 106 0
110 114 0
111 107 0
111 115 0
112 108 0
112 116 0
113 109 0
113 117 0
113 118 0
114 110 0
114 119 0
114 120 0
115 111 0
115 121 0
116 112 0
116 122 0
117 113 0
117 123 0
118 113 0
119 114 0
119 124 0
120 114 0
121 115 0
121 125 0
121 126 0
122 116 0
122 127 0
122 128 0
123 117 0
123 129 0
124 119 0
124 130 0
125 121 0
125 131 0
126 121 0
127 122 0
127 132 0
127 133 0
128 122 0
129 123 0
129 134 0
129 135 0
130 124 0
130 136 0
130 137 0
131 125 0
131 138 0
131 139 0
132 127 0
132 140 0
133 127 0
133 141 0
134 129 0
134 142 0
135 129 0
135 143 0
136 130 0
136 144 0
137 130 0
137 145 0
138 131 0
138 146 0
139 131 0
139 147 0
139 148 0
140 132 0
140 149 0
141 133 0
141 150 0
141 151 0
142 134 0
142 152 0
143 135 0
143 152 0
144 136 0
144 153 0
145 137 0
145 153 0
146 138 0
146 154 0
147 139 0
148 139 0
149 140 0
149 155 0
150 141 0
150 156 0
151 141 0
152 142 0
152 143 0
153 144 0
153 145 0
154 146 0
154 157 0
155 149 0
155 158 0
156 150 0
156 159 0
157 154 0
157 160 0
158 155 0
158 161 0
159 156 0
159 162 0
160 157 0
160 163 0
161 158 0
161 164 0
161 165 0
162 159 0
162 166 0
163 160 0
163 167 0
163 168 0
164 161 0
164 169 0
165 161 0
166 162 0
167 163 0
167 170 0
168 163 0
169 164 0
169 171 0
170 167 0
170 172 0
171 169 0
171 173 0
171 174 0
172 170 0
172 175 0
172 176 0
173 171 0
173 177 0
174 171 0
174 178 0
175 172 0
175 179 0
176 172 0
176 180 0
177 173 0
177 181 0
178 174 0
178 181 0
179 175 0
179 182 0
180 176 0
180 182 0
181 177 0
181 178 0
182 179 0
182 180 0
GraphDataEnd
GraphEnd
NodeEnd
END_EPT
