BEGIN_EPT
AnchorID: 11736  # ID of the anchor node
RootIndex: 0  # Index of the root node in tree_nodes
NodeCount: 2  # Total number of nodes in the EPT
NodeStart
EPTNodeID: 0
AnchorID: 11736
TreeNodeGraphID: 0
Level: 0
SimplifiedLevel: 0
EditOperation: -1 0 -1 0 0
AccumulatedOpsCount: 0
ChildrenCount: 1
ChildIndices: 1
CompletedDBGraphIDsCount: 0
GraphStart
GraphDataStart
ID: 0
NumNodes: 56
NumEdges: 128
NodeLabels
2 2 2 2 2 2 2 2 2 0 2 2 2 2 2 2 0 2 2 2 2 2 2 2 2 2 0 0 0 0 2 2 2 2 2 2 2 2 2 0 2 2 2 2 2 0 2 2 2 2 0 0 0 2 2 0 
Edges
0 1 0
0 5 0
1 0 0
1 2 0
2 1 0
2 3 0
3 2 0
3 4 0
3 6 0
4 3 0
4 5 0
4 9 0
5 0 0
5 4 0
6 3 0
6 7 0
6 28 0
7 6 0
7 8 0
7 10 0
8 7 0
8 9 0
8 26 0
9 4 0
9 8 0
10 7 0
10 11 0
10 21 0
11 10 0
11 12 0
11 13 0
12 11 0
12 16 0
12 27 0
13 11 0
13 14 0
13 29 0
14 13 0
14 15 0
14 17 0
15 14 0
15 16 0
15 20 0
16 12 0
16 15 0
17 14 0
17 18 0
18 17 0
18 19 0
19 18 0
19 20 0
20 15 0
20 19 0
21 10 0
21 22 0
21 25 0
22 21 0
22 54 0
23 24 0
23 54 0
24 23 0
24 25 0
24 53 0
25 21 0
25 24 0
26 8 0
27 12 0
28 6 0
29 13 0
30 31 0
30 35 0
31 30 0
31 32 0
32 31 0
32 33 0
33 32 0
33 34 0
33 36 0
34 33 0
34 35 0
34 39 0
35 30 0
35 34 0
36 33 0
36 37 0
36 52 0
37 36 0
37 38 0
37 53 0
38 37 0
38 39 0
38 50 0
39 34 0
39 38 0
40 41 0
40 42 0
40 53 0
41 40 0
41 45 0
41 51 0
42 40 0
42 43 0
42 55 0
43 42 0
43 44 0
43 46 0
44 43 0
44 45 0
44 49 0
45 41 0
45 44 0
46 43 0
46 47 0
47 46 0
47 48 0
48 47 0
48 49 0
49 44 0
49 48 0
50 38 0
51 41 0
52 36 0
53 24 0
53 37 0
53 40 0
54 22 0
54 23 0
55 42 0
GraphDataEnd
GraphEnd
NodeEnd
NodeStart
EPTNodeID: 1
AnchorID: 11736
TreeNodeGraphID: 2
Level: 2
SimplifiedLevel: 0
EditOperation: 5 10 22 0 0
AccumulatedOpsCount: 2
AccumulatedOp: 4 10 21 0 0
AccumulatedOp: 5 10 22 0 0
ChildrenCount: 0
ChildIndices:
CompletedDBGraphIDsCount: 1
CompletedDBGraphID: 4456
GraphStart
GraphDataStart
ID: 2
NumNodes: 56
NumEdges: 128
NodeLabels
2 2 2 2 2 2 2 2 2 0 2 2 2 2 2 2 0 2 2 2 2 2 2 2 2 2 0 0 0 0 2 2 2 2 2 2 2 2 2 0 2 2 2 2 2 0 2 2 2 2 0 0 0 2 2 0 
Edges
0 1 0
0 5 0
1 0 0
1 2 0
2 1 0
2 3 0
3 2 0
3 4 0
3 6 0
4 3 0
4 5 0
4 9 0
5 0 0
5 4 0
6 3 0
6 7 0
6 28 0
7 6 0
7 8 0
7 10 0
8 7 0
8 9 0
8 26 0
9 4 0
9 8 0
10 7 0
10 11 0
10 22 0
11 10 0
11 12 0
11 13 0
12 11 0
12 16 0
12 27 0
13 11 0
13 14 0
13 29 0
14 13 0
14 15 0
14 17 0
15 14 0
15 16 0
15 20 0
16 12 0
16 15 0
17 14 0
17 18 0
18 17 0
18 19 0
19 18 0
19 20 0
20 15 0
20 19 0
21 22 0
21 25 0
22 21 0
22 54 0
22 10 0
23 24 0
23 54 0
24 23 0
24 25 0
24 53 0
25 21 0
25 24 0
26 8 0
27 12 0
28 6 0
29 13 0
30 31 0
30 35 0
31 30 0
31 32 0
32 31 0
32 33 0
33 32 0
33 34 0
33 36 0
34 33 0
34 35 0
34 39 0
35 30 0
35 34 0
36 33 0
36 37 0
36 52 0
37 36 0
37 38 0
37 53 0
38 37 0
38 39 0
38 50 0
39 34 0
39 38 0
40 41 0
40 42 0
40 53 0
41 40 0
41 45 0
41 51 0
42 40 0
42 43 0
42 55 0
43 42 0
43 44 0
43 46 0
44 43 0
44 45 0
44 49 0
45 41 0
45 44 0
46 43 0
46 47 0
47 46 0
47 48 0
48 47 0
48 49 0
49 44 0
49 48 0
50 38 0
51 41 0
52 36 0
53 24 0
53 37 0
53 40 0
54 22 0
54 23 0
55 42 0
GraphDataEnd
GraphEnd
NodeEnd
END_EPT
