BEGIN_EPT
AnchorID: 11711  # ID of the anchor node
RootIndex: 0  # Index of the root node in tree_nodes
NodeCount: 1  # Total number of nodes in the EPT
NodeStart
EPTNodeID: 0
AnchorID: 11711
TreeNodeGraphID: 0
Level: 0
SimplifiedLevel: 0
EditOperation: -1 0 -1 0 0
AccumulatedOpsCount: 0
ChildrenCount: 0
ChildIndices:
CompletedDBGraphIDsCount: 0
GraphStart
GraphDataStart
ID: 0
NumNodes: 77
NumEdges: 176
NodeLabels
2 2 2 2 2 2 2 0 3 2 0 2 0 2 2 2 2 2 2 2 0 2 0 2 2 2 2 2 2 2 2 2 2 2 2 2 0 2 2 2 2 2 2 3 2 2 2 2 2 2 2 2 0 0 2 0 2 2 2 2 2 2 2 3 2 0 0 2 2 2 2 2 2 2 3 3 2 
Edges
0 1 0
0 5 0
0 6 0
1 0 0
1 2 0
1 9 0
2 1 0
2 3 0
3 2 0
3 4 0
4 3 0
4 5 0
4 11 0
5 0 0
5 4 0
6 0 0
6 7 0
6 8 0
7 6 0
8 6 0
8 9 0
8 30 0
9 1 0
9 8 0
9 10 0
10 9 0
11 4 0
11 12 0
11 17 0
12 11 0
13 14 0
13 18 0
13 19 0
14 13 0
14 15 0
14 21 0
15 14 0
15 16 0
16 15 0
16 17 0
17 11 0
17 16 0
17 18 0
18 13 0
18 17 0
19 13 0
19 20 0
19 76 0
20 19 0
21 14 0
21 22 0
21 76 0
22 21 0
23 24 0
23 28 0
24 23 0
24 25 0
24 76 0
25 24 0
25 26 0
26 25 0
26 27 0
26 29 0
27 26 0
27 28 0
28 23 0
28 27 0
29 26 0
29 75 0
30 8 0
30 31 0
30 35 0
31 30 0
31 32 0
32 31 0
32 33 0
33 32 0
33 34 0
33 36 0
34 33 0
34 35 0
35 30 0
35 34 0
36 33 0
36 37 0
37 36 0
37 38 0
37 42 0
38 37 0
38 39 0
39 38 0
39 40 0
40 39 0
40 41 0
40 43 0
41 40 0
41 42 0
42 37 0
42 41 0
43 40 0
43 44 0
43 47 0
44 43 0
44 45 0
44 52 0
45 44 0
45 46 0
45 51 0
46 45 0
46 47 0
46 48 0
47 43 0
47 46 0
47 53 0
48 46 0
48 49 0
49 48 0
49 50 0
50 49 0
50 51 0
50 54 0
51 45 0
51 50 0
52 44 0
53 47 0
54 50 0
54 55 0
54 56 0
55 54 0
56 54 0
56 57 0
56 61 0
57 56 0
57 58 0
58 57 0
58 59 0
59 58 0
59 60 0
59 64 0
60 59 0
60 61 0
60 62 0
61 56 0
61 60 0
62 60 0
62 63 0
62 65 0
63 62 0
63 64 0
63 67 0
64 59 0
64 63 0
64 66 0
65 62 0
66 64 0
67 63 0
67 68 0
67 72 0
68 67 0
68 69 0
69 68 0
69 70 0
70 69 0
70 71 0
71 70 0
71 72 0
71 73 0
72 67 0
72 71 0
73 71 0
73 74 0
74 73 0
75 29 0
76 19 0
76 21 0
76 24 0
GraphDataEnd
GraphEnd
NodeEnd
END_EPT
