BEGIN_EPT
AnchorID: 5165  # ID of the anchor node
RootIndex: 0  # Index of the root node in tree_nodes
NodeCount: 1  # Total number of nodes in the EPT
NodeStart
EPTNodeID: 0
AnchorID: 5165
TreeNodeGraphID: 0
Level: 0
SimplifiedLevel: 0
EditOperation: -1 0 -1 0 0
AccumulatedOpsCount: 0
ChildrenCount: 0
ChildIndices:
CompletedDBGraphIDsCount: 0
GraphStart
GraphDataStart
ID: 0
NumNodes: 105
NumEdges: 222
NodeLabels
2 2 0 2 2 2 2 2 2 2 2 2 0 2 2 2 2 2 2 2 2 2 0 2 2 2 0 2 2 2 2 2 2 2 2 3 2 2 2 0 2 2 2 2 2 2 0 2 2 2 2 2 3 3 3 3 3 3 3 3 2 0 0 2 2 2 2 2 2 2 2 0 0 2 2 2 2 2 2 2 1 3 2 2 0 2 1 3 2 2 0 2 0 2 2 2 2 2 2 2 2 0 0 3 0 
Edges
0 1 0
0 3 0
0 59 0
1 0 0
1 2 0
1 58 0
2 1 0
3 0 0
3 4 0
4 3 0
4 5 0
4 9 0
5 4 0
5 6 0
6 5 0
6 7 0
7 6 0
7 8 0
8 7 0
8 9 0
9 4 0
9 8 0
10 11 0
10 13 0
10 56 0
11 10 0
11 12 0
11 55 0
12 11 0
13 10 0
13 14 0
14 13 0
14 15 0
14 19 0
15 14 0
15 16 0
16 15 0
16 17 0
17 16 0
17 18 0
18 17 0
18 19 0
19 14 0
19 18 0
20 21 0
20 23 0
20 58 0
21 20 0
21 22 0
21 56 0
22 21 0
23 20 0
23 80 0
24 25 0
24 36 0
24 55 0
25 24 0
25 26 0
25 54 0
26 25 0
27 28 0
27 32 0
28 27 0
28 29 0
29 28 0
29 30 0
29 33 0
30 29 0
30 31 0
30 35 0
31 30 0
31 32 0
32 27 0
32 31 0
33 29 0
33 34 0
33 36 0
34 33 0
34 35 0
35 30 0
35 34 0
35 100 0
36 24 0
36 33 0
37 38 0
37 40 0
37 54 0
38 37 0
38 39 0
38 53 0
39 38 0
40 37 0
40 41 0
41 40 0
41 42 0
42 41 0
42 43 0
43 42 0
43 57 0
44 45 0
44 47 0
44 53 0
45 44 0
45 46 0
45 52 0
46 45 0
47 44 0
47 48 0
47 92 0
48 47 0
49 50 0
49 51 0
49 52 0
50 49 0
50 102 0
50 103 0
51 49 0
51 86 0
52 45 0
52 49 0
53 38 0
53 44 0
54 25 0
54 37 0
55 11 0
55 24 0
56 10 0
56 21 0
57 43 0
57 70 0
58 1 0
58 20 0
59 0 0
59 60 0
60 59 0
60 61 0
60 62 0
61 60 0
62 60 0
62 63 0
63 62 0
63 64 0
64 63 0
64 65 0
64 69 0
65 64 0
65 66 0
66 65 0
66 67 0
67 66 0
67 68 0
68 67 0
68 69 0
69 64 0
69 68 0
70 57 0
70 71 0
70 72 0
71 70 0
72 70 0
72 73 0
73 72 0
73 74 0
74 73 0
74 75 0
74 79 0
75 74 0
75 76 0
76 75 0
76 77 0
77 76 0
77 78 0
78 77 0
78 79 0
79 74 0
79 78 0
80 23 0
80 81 0
81 80 0
81 82 0
81 83 0
82 81 0
83 81 0
83 84 0
83 85 0
84 83 0
85 83 0
86 51 0
86 87 0
87 86 0
87 88 0
87 89 0
88 87 0
89 87 0
89 90 0
89 91 0
90 89 0
91 89 0
92 47 0
92 93 0
93 92 0
93 94 0
94 93 0
94 95 0
94 99 0
95 94 0
95 96 0
96 95 0
96 97 0
97 96 0
97 98 0
98 97 0
98 99 0
99 94 0
99 98 0
100 35 0
100 101 0
101 100 0
102 50 0
103 50 0
103 104 0
104 103 0
GraphDataEnd
GraphEnd
NodeEnd
END_EPT
