BEGIN_EPT
AnchorID: 3009  # ID of the anchor node
RootIndex: 0  # Index of the root node in tree_nodes
NodeCount: 2  # Total number of nodes in the EPT
NodeStart
EPTNodeID: 0
AnchorID: 3009
TreeNodeGraphID: 0
Level: 0
SimplifiedLevel: 0
EditOperation: -1 0 -1 0 0
AccumulatedOpsCount: 0
ChildrenCount: 1
ChildIndices: 1
CompletedDBGraphIDsCount: 0
GraphStart
GraphDataStart
ID: 0
NumNodes: 80
NumEdges: 170
NodeLabels
0 2 2 2 0 2 2 2 2 2 2 0 0 2 2 2 2 2 2 0 0 2 2 2 2 2 2 2 2 2 2 2 2 0 2 2 2 2 2 2 0 0 2 2 2 2 2 2 0 2 2 0 2 2 0 2 2 0 2 2 2 2 2 2 2 0 2 0 2 0 2 0 2 2 2 0 2 2 0 2 
Edges
0 1 0
0 53 0
1 0 0
1 2 0
1 10 0
2 1 0
2 3 0
2 26 0
3 2 0
3 4 0
3 8 0
4 3 0
4 5 0
5 4 0
5 6 0
5 18 0
6 5 0
6 7 0
6 21 0
7 6 0
7 8 0
7 12 0
8 3 0
8 7 0
8 9 0
9 8 0
9 10 0
9 11 0
10 1 0
10 9 0
11 9 0
11 77 0
12 7 0
13 14 0
13 18 0
13 19 0
14 13 0
14 15 0
15 14 0
15 16 0
15 20 0
16 15 0
16 17 0
17 16 0
17 18 0
18 5 0
18 13 0
18 17 0
19 13 0
19 47 0
20 15 0
20 50 0
21 6 0
21 22 0
22 21 0
22 23 0
23 22 0
23 24 0
23 25 0
24 23 0
25 23 0
26 2 0
26 27 0
26 31 0
27 26 0
27 28 0
27 32 0
28 27 0
28 29 0
28 59 0
29 28 0
29 30 0
30 29 0
30 31 0
30 73 0
31 26 0
31 30 0
32 27 0
32 33 0
32 34 0
33 32 0
34 32 0
34 35 0
34 39 0
35 34 0
35 36 0
36 35 0
36 37 0
37 36 0
37 38 0
37 41 0
38 37 0
38 39 0
38 42 0
39 34 0
39 38 0
39 40 0
40 39 0
40 74 0
41 37 0
41 56 0
42 38 0
42 43 0
43 42 0
43 44 0
44 43 0
44 45 0
44 46 0
45 44 0
46 44 0
47 19 0
47 48 0
47 49 0
48 47 0
49 47 0
50 20 0
50 51 0
50 52 0
51 50 0
52 50 0
53 0 0
53 54 0
53 55 0
54 53 0
55 53 0
56 41 0
56 57 0
56 58 0
57 56 0
58 56 0
59 28 0
59 60 0
59 64 0
60 59 0
60 61 0
61 60 0
61 62 0
62 61 0
62 63 0
62 69 0
63 62 0
63 64 0
64 59 0
64 63 0
64 65 0
65 64 0
65 66 0
66 65 0
66 67 0
66 68 0
67 66 0
68 66 0
69 62 0
69 70 0
70 69 0
70 71 0
70 72 0
71 70 0
72 70 0
73 30 0
74 40 0
74 75 0
74 76 0
75 74 0
76 74 0
77 11 0
77 78 0
77 79 0
78 77 0
79 77 0
GraphDataEnd
GraphEnd
NodeEnd
NodeStart
EPTNodeID: 1
AnchorID: 3009
TreeNodeGraphID: 6
Level: 6
SimplifiedLevel: 0
EditOperation: 1 79 0 2 0
AccumulatedOpsCount: 6
AccumulatedOp: 4 11 77 0 0
AccumulatedOp: 4 77 78 0 0
AccumulatedOp: 1 78 0 0 0
AccumulatedOp: 4 77 79 0 0
AccumulatedOp: 1 77 0 2 0
AccumulatedOp: 1 79 0 2 0
ChildrenCount: 0
ChildIndices:
CompletedDBGraphIDsCount: 1
CompletedDBGraphID: 40275
GraphStart
GraphDataStart
ID: 6
NumNodes: 77
NumEdges: 164
NodeLabels
0 2 2 2 0 2 2 2 2 2 2 0 0 2 2 2 2 2 2 0 0 2 2 2 2 2 2 2 2 2 2 2 2 0 2 2 2 2 2 2 0 0 2 2 2 2 2 2 0 2 2 0 2 2 0 2 2 0 2 2 2 2 2 2 2 0 2 0 2 0 2 0 2 2 2 0 2 
Edges
0 1 0
0 53 0
1 0 0
1 2 0
1 10 0
2 1 0
2 3 0
2 26 0
3 2 0
3 4 0
3 8 0
4 3 0
4 5 0
5 4 0
5 6 0
5 18 0
6 5 0
6 7 0
6 21 0
7 6 0
7 8 0
7 12 0
8 3 0
8 7 0
8 9 0
9 8 0
9 10 0
9 11 0
10 1 0
10 9 0
11 9 0
12 7 0
13 14 0
13 18 0
13 19 0
14 13 0
14 15 0
15 14 0
15 16 0
15 20 0
16 15 0
16 17 0
17 16 0
17 18 0
18 5 0
18 13 0
18 17 0
19 13 0
19 47 0
20 15 0
20 50 0
21 6 0
21 22 0
22 21 0
22 23 0
23 22 0
23 24 0
23 25 0
24 23 0
25 23 0
26 2 0
26 27 0
26 31 0
27 26 0
27 28 0
27 32 0
28 27 0
28 29 0
28 59 0
29 28 0
29 30 0
30 29 0
30 31 0
30 73 0
31 26 0
31 30 0
32 27 0
32 33 0
32 34 0
33 32 0
34 32 0
34 35 0
34 39 0
35 34 0
35 36 0
36 35 0
36 37 0
37 36 0
37 38 0
37 41 0
38 37 0
38 39 0
38 42 0
39 34 0
39 38 0
39 40 0
40 39 0
40 74 0
41 37 0
41 56 0
42 38 0
42 43 0
43 42 0
43 44 0
44 43 0
44 45 0
44 46 0
45 44 0
46 44 0
47 19 0
47 48 0
47 49 0
48 47 0
49 47 0
50 20 0
50 51 0
50 52 0
51 50 0
52 50 0
53 0 0
53 54 0
53 55 0
54 53 0
55 53 0
56 41 0
56 57 0
56 58 0
57 56 0
58 56 0
59 28 0
59 60 0
59 64 0
60 59 0
60 61 0
61 60 0
61 62 0
62 61 0
62 63 0
62 69 0
63 62 0
63 64 0
64 59 0
64 63 0
64 65 0
65 64 0
65 66 0
66 65 0
66 67 0
66 68 0
67 66 0
68 66 0
69 62 0
69 70 0
70 69 0
70 71 0
70 72 0
71 70 0
72 70 0
73 30 0
74 40 0
74 75 0
74 76 0
75 74 0
76 74 0
GraphDataEnd
GraphEnd
NodeEnd
END_EPT
