BEGIN_EPT
AnchorID: 26902  # ID of the anchor node
RootIndex: 0  # Index of the root node in tree_nodes
NodeCount: 3  # Total number of nodes in the EPT
NodeStart
EPTNodeID: 0
AnchorID: 26902
TreeNodeGraphID: 0
Level: 0
SimplifiedLevel: 0
EditOperation: -1 0 -1 0 0
AccumulatedOpsCount: 0
ChildrenCount: 1
ChildIndices: 1
CompletedDBGraphIDsCount: 0
GraphStart
GraphDataStart
ID: 0
NumNodes: 82
NumEdges: 178
NodeLabels
2 2 2 2 2 2 2 2 2 3 0 2 0 3 2 2 0 3 2 2 2 0 3 2 2 2 2 0 2 2 2 2 2 0 0 2 2 2 0 3 2 2 2 0 3 2 2 2 1 2 2 2 2 0 3 2 2 2 2 0 0 2 3 2 0 2 3 2 2 2 2 0 2 2 2 2 2 3 2 2 1 2 
Edges
0 1 0
0 5 0
1 0 0
1 2 0
2 1 0
2 3 0
3 2 0
3 4 0
4 3 0
4 5 0
4 9 0
5 0 0
5 4 0
5 6 0
6 5 0
6 7 0
7 6 0
7 8 0
7 10 0
8 7 0
8 9 0
8 11 0
9 4 0
9 8 0
10 7 0
11 8 0
11 12 0
11 13 0
12 11 0
13 11 0
13 14 0
14 13 0
14 15 0
14 61 0
15 14 0
15 16 0
15 17 0
16 15 0
17 15 0
17 18 0
18 17 0
18 19 0
18 20 0
19 18 0
20 18 0
20 21 0
20 22 0
21 20 0
22 20 0
22 23 0
22 24 0
23 22 0
24 22 0
24 25 0
24 26 0
25 24 0
25 48 0
25 80 0
26 24 0
26 27 0
26 77 0
27 26 0
28 29 0
28 30 0
28 32 0
28 77 0
29 28 0
29 30 0
30 28 0
30 29 0
30 31 0
31 30 0
32 28 0
32 33 0
32 34 0
33 32 0
34 32 0
34 35 0
35 34 0
35 36 0
36 35 0
36 37 0
36 62 0
37 36 0
37 38 0
37 39 0
38 37 0
39 37 0
39 40 0
40 39 0
40 41 0
40 42 0
41 40 0
42 40 0
42 43 0
42 44 0
43 42 0
44 42 0
44 45 0
44 46 0
45 44 0
46 44 0
46 47 0
46 52 0
47 46 0
47 80 0
48 25 0
48 49 0
49 48 0
49 50 0
49 81 0
50 49 0
51 81 0
52 46 0
52 53 0
52 54 0
53 52 0
54 52 0
54 55 0
54 79 0
55 54 0
55 56 0
55 57 0
55 58 0
56 55 0
56 57 0
56 78 0
57 55 0
57 56 0
58 55 0
58 59 0
58 60 0
59 58 0
60 58 0
60 61 0
61 14 0
61 60 0
62 36 0
62 63 0
63 62 0
63 64 0
63 65 0
64 63 0
65 63 0
65 66 0
65 70 0
66 65 0
66 67 0
67 66 0
67 68 0
67 72 0
68 67 0
68 69 0
68 75 0
69 68 0
69 70 0
70 65 0
70 69 0
70 71 0
71 70 0
72 67 0
72 73 0
73 72 0
73 74 0
74 73 0
74 75 0
75 68 0
75 74 0
76 77 0
77 26 0
77 28 0
77 76 0
78 56 0
79 54 0
80 25 0
80 47 0
81 49 0
81 51 0
GraphDataEnd
GraphEnd
NodeEnd
NodeStart
EPTNodeID: 1
AnchorID: 26902
TreeNodeGraphID: 2
Level: 2
SimplifiedLevel: 0
EditOperation: 1 51 0 2 0
AccumulatedOpsCount: 2
AccumulatedOp: 4 51 81 0 0
AccumulatedOp: 1 51 0 2 0
ChildrenCount: 1
ChildIndices: 2
CompletedDBGraphIDsCount: 1
CompletedDBGraphID: 21406
GraphStart
GraphDataStart
ID: 2
NumNodes: 81
NumEdges: 176
NodeLabels
2 2 2 2 2 2 2 2 2 3 0 2 0 3 2 2 0 3 2 2 2 0 3 2 2 2 2 0 2 2 2 2 2 0 0 2 2 2 0 3 2 2 2 0 3 2 2 2 1 2 2 2 0 3 2 2 2 2 0 0 2 3 2 0 2 3 2 2 2 2 0 2 2 2 2 2 3 2 2 1 2 
Edges
0 1 0
0 5 0
1 0 0
1 2 0
2 1 0
2 3 0
3 2 0
3 4 0
4 3 0
4 5 0
4 9 0
5 0 0
5 4 0
5 6 0
6 5 0
6 7 0
7 6 0
7 8 0
7 10 0
8 7 0
8 9 0
8 11 0
9 4 0
9 8 0
10 7 0
11 8 0
11 12 0
11 13 0
12 11 0
13 11 0
13 14 0
14 13 0
14 15 0
14 60 0
15 14 0
15 16 0
15 17 0
16 15 0
17 15 0
17 18 0
18 17 0
18 19 0
18 20 0
19 18 0
20 18 0
20 21 0
20 22 0
21 20 0
22 20 0
22 23 0
22 24 0
23 22 0
24 22 0
24 25 0
24 26 0
25 24 0
25 48 0
25 79 0
26 24 0
26 27 0
26 76 0
27 26 0
28 29 0
28 30 0
28 32 0
28 76 0
29 28 0
29 30 0
30 28 0
30 29 0
30 31 0
31 30 0
32 28 0
32 33 0
32 34 0
33 32 0
34 32 0
34 35 0
35 34 0
35 36 0
36 35 0
36 37 0
36 61 0
37 36 0
37 38 0
37 39 0
38 37 0
39 37 0
39 40 0
40 39 0
40 41 0
40 42 0
41 40 0
42 40 0
42 43 0
42 44 0
43 42 0
44 42 0
44 45 0
44 46 0
45 44 0
46 44 0
46 47 0
46 51 0
47 46 0
47 79 0
48 25 0
48 49 0
49 48 0
49 50 0
49 80 0
50 49 0
51 46 0
51 52 0
51 53 0
52 51 0
53 51 0
53 54 0
53 78 0
54 53 0
54 55 0
54 56 0
54 57 0
55 54 0
55 56 0
55 77 0
56 54 0
56 55 0
57 54 0
57 58 0
57 59 0
58 57 0
59 57 0
59 60 0
60 14 0
60 59 0
61 36 0
61 62 0
62 61 0
62 63 0
62 64 0
63 62 0
64 62 0
64 65 0
64 69 0
65 64 0
65 66 0
66 65 0
66 67 0
66 71 0
67 66 0
67 68 0
67 74 0
68 67 0
68 69 0
69 64 0
69 68 0
69 70 0
70 69 0
71 66 0
71 72 0
72 71 0
72 73 0
73 72 0
73 74 0
74 67 0
74 73 0
75 76 0
76 26 0
76 28 0
76 75 0
77 55 0
78 53 0
79 25 0
79 47 0
80 49 0
GraphDataEnd
GraphEnd
NodeEnd
NodeStart
EPTNodeID: 2
AnchorID: 26902
TreeNodeGraphID: 6
Level: 6
SimplifiedLevel: 0
EditOperation: 1 81 0 2 0
AccumulatedOpsCount: 4
AccumulatedOp: 4 49 81 0 0
AccumulatedOp: 4 49 50 0 0
AccumulatedOp: 1 50 0 2 0
AccumulatedOp: 1 81 0 2 0
ChildrenCount: 0
ChildIndices:
CompletedDBGraphIDsCount: 1
CompletedDBGraphID: 39478
GraphStart
GraphDataStart
ID: 6
NumNodes: 79
NumEdges: 172
NodeLabels
2 2 2 2 2 2 2 2 2 3 0 2 0 3 2 2 0 3 2 2 2 0 3 2 2 2 2 0 2 2 2 2 2 0 0 2 2 2 0 3 2 2 2 0 3 2 2 2 1 2 2 0 3 2 2 2 2 0 0 2 3 2 0 2 3 2 2 2 2 0 2 2 2 2 2 3 2 2 1 
Edges
0 1 0
0 5 0
1 0 0
1 2 0
2 1 0
2 3 0
3 2 0
3 4 0
4 3 0
4 5 0
4 9 0
5 0 0
5 4 0
5 6 0
6 5 0
6 7 0
7 6 0
7 8 0
7 10 0
8 7 0
8 9 0
8 11 0
9 4 0
9 8 0
10 7 0
11 8 0
11 12 0
11 13 0
12 11 0
13 11 0
13 14 0
14 13 0
14 15 0
14 59 0
15 14 0
15 16 0
15 17 0
16 15 0
17 15 0
17 18 0
18 17 0
18 19 0
18 20 0
19 18 0
20 18 0
20 21 0
20 22 0
21 20 0
22 20 0
22 23 0
22 24 0
23 22 0
24 22 0
24 25 0
24 26 0
25 24 0
25 48 0
25 78 0
26 24 0
26 27 0
26 75 0
27 26 0
28 29 0
28 30 0
28 32 0
28 75 0
29 28 0
29 30 0
30 28 0
30 29 0
30 31 0
31 30 0
32 28 0
32 33 0
32 34 0
33 32 0
34 32 0
34 35 0
35 34 0
35 36 0
36 35 0
36 37 0
36 60 0
37 36 0
37 38 0
37 39 0
38 37 0
39 37 0
39 40 0
40 39 0
40 41 0
40 42 0
41 40 0
42 40 0
42 43 0
42 44 0
43 42 0
44 42 0
44 45 0
44 46 0
45 44 0
46 44 0
46 47 0
46 50 0
47 46 0
47 78 0
48 25 0
48 49 0
49 48 0
50 46 0
50 51 0
50 52 0
51 50 0
52 50 0
52 53 0
52 77 0
53 52 0
53 54 0
53 55 0
53 56 0
54 53 0
54 55 0
54 76 0
55 53 0
55 54 0
56 53 0
56 57 0
56 58 0
57 56 0
58 56 0
58 59 0
59 14 0
59 58 0
60 36 0
60 61 0
61 60 0
61 62 0
61 63 0
62 61 0
63 61 0
63 64 0
63 68 0
64 63 0
64 65 0
65 64 0
65 66 0
65 70 0
66 65 0
66 67 0
66 73 0
67 66 0
67 68 0
68 63 0
68 67 0
68 69 0
69 68 0
70 65 0
70 71 0
71 70 0
71 72 0
72 71 0
72 73 0
73 66 0
73 72 0
74 75 0
75 26 0
75 28 0
75 74 0
76 54 0
77 52 0
78 25 0
78 47 0
GraphDataEnd
GraphEnd
NodeEnd
END_EPT
