BEGIN_EPT
AnchorID: 27233  # ID of the anchor node
RootIndex: 0  # Index of the root node in tree_nodes
NodeCount: 1  # Total number of nodes in the EPT
NodeStart
EPTNodeID: 0
AnchorID: 27233
TreeNodeGraphID: 0
Level: 0
SimplifiedLevel: 0
EditOperation: -1 0 -1 0 0
AccumulatedOpsCount: 0
ChildrenCount: 0
ChildIndices:
CompletedDBGraphIDsCount: 0
GraphStart
GraphDataStart
ID: 0
NumNodes: 65
NumEdges: 156
NodeLabels
37 11 0 0 2 2 2 2 2 2 2 2 2 2 2 2 2 2 2 2 2 0 2 2 2 2 2 2 37 11 0 0 2 2 2 2 2 2 2 2 2 2 2 2 2 2 2 2 2 0 2 2 2 2 2 2 2 0 2 0 8 2 0 2 0 
Edges
0 16 0
0 17 0
0 18 0
0 19 0
0 20 0
0 56 0
0 58 0
0 63 0
1 2 0
1 3 0
1 21 0
2 1 0
2 10 0
3 1 0
3 4 0
4 3 0
4 5 0
4 9 0
5 4 0
5 6 0
6 5 0
6 7 0
7 6 0
7 8 0
8 7 0
8 9 0
9 4 0
9 8 0
10 2 0
10 11 0
10 15 0
11 10 0
11 12 0
12 11 0
12 13 0
13 12 0
13 14 0
14 13 0
14 15 0
15 10 0
15 14 0
16 0 0
16 17 0
16 20 0
17 0 0
17 16 0
17 18 0
18 0 0
18 17 0
18 19 0
19 0 0
19 18 0
19 20 0
20 0 0
20 16 0
20 19 0
21 1 0
21 22 0
22 21 0
22 23 0
22 27 0
23 22 0
23 24 0
24 23 0
24 25 0
25 24 0
25 26 0
26 25 0
26 27 0
27 22 0
27 26 0
28 44 0
28 45 0
28 46 0
28 47 0
28 48 0
28 56 0
28 58 0
28 61 0
29 30 0
29 31 0
29 49 0
30 29 0
30 38 0
31 29 0
31 32 0
32 31 0
32 33 0
32 37 0
33 32 0
33 34 0
34 33 0
34 35 0
35 34 0
35 36 0
36 35 0
36 37 0
37 32 0
37 36 0
38 30 0
38 39 0
38 43 0
39 38 0
39 40 0
40 39 0
40 41 0
41 40 0
41 42 0
42 41 0
42 43 0
43 38 0
43 42 0
44 28 0
44 45 0
44 48 0
45 28 0
45 44 0
45 46 0
46 28 0
46 45 0
46 47 0
47 28 0
47 46 0
47 48 0
48 28 0
48 44 0
48 47 0
49 29 0
49 50 0
50 49 0
50 51 0
50 55 0
51 50 0
51 52 0
52 51 0
52 53 0
53 52 0
53 54 0
54 53 0
54 55 0
55 50 0
55 54 0
56 0 0
56 28 0
56 57 0
57 56 0
58 0 0
58 28 0
58 59 0
59 58 0
61 28 0
61 62 0
62 61 0
63 0 0
63 64 0
64 63 0
GraphDataEnd
GraphEnd
NodeEnd
END_EPT
