BEGIN_EPT
AnchorID: 8083  # ID of the anchor node
RootIndex: 0  # Index of the root node in tree_nodes
NodeCount: 1  # Total number of nodes in the EPT
NodeStart
EPTNodeID: 0
AnchorID: 8083
TreeNodeGraphID: 0
Level: 0
SimplifiedLevel: 0
EditOperation: -1 0 -1 0 0
AccumulatedOpsCount: 0
ChildrenCount: 0
ChildIndices:
CompletedDBGraphIDsCount: 0
GraphStart
GraphDataStart
ID: 0
NumNodes: 139
NumEdges: 278
NodeLabels
2 2 2 3 2 0 3 2 2 0 2 2 2 3 2 3 3 3 2 2 0 2 3 2 2 0 2 0 2 3 2 2 0 2 2 3 2 2 3 2 0 2 2 2 0 0 2 3 2 3 3 2 2 2 3 2 3 2 2 3 2 2 2 2 0 2 2 2 2 2 3 2 0 3 2 2 0 2 2 2 3 2 3 3 3 2 2 0 2 3 2 2 0 2 0 2 3 2 2 0 2 2 3 2 2 3 0 2 2 2 0 0 2 3 2 3 3 2 3 2 2 3 2 2 2 2 0 2 2 2 2 2 3 2 3 3 0 0 0 
Edges
0 1 0
0 46 0
1 0 0
1 2 0
2 1 0
2 3 0
2 4 0
3 2 0
4 2 0
4 5 0
4 6 0
5 4 0
6 4 0
6 7 0
7 6 0
7 8 0
7 10 0
8 7 0
8 9 0
8 17 0
9 8 0
10 7 0
10 11 0
11 10 0
11 12 0
11 136 0
12 11 0
12 13 0
13 12 0
13 14 0
14 13 0
14 15 0
14 16 0
15 14 0
16 14 0
17 8 0
17 18 0
18 17 0
18 19 0
18 21 0
19 18 0
19 20 0
19 22 0
20 19 0
21 18 0
21 57 0
22 19 0
22 23 0
23 22 0
23 24 0
23 26 0
24 23 0
24 25 0
24 29 0
25 24 0
26 23 0
26 27 0
26 28 0
27 26 0
28 26 0
29 24 0
29 30 0
30 29 0
30 31 0
30 33 0
31 30 0
31 32 0
31 35 0
32 31 0
33 30 0
33 34 0
34 33 0
34 55 0
35 31 0
35 36 0
36 35 0
36 37 0
36 39 0
37 36 0
37 38 0
37 40 0
38 37 0
38 41 0
39 36 0
39 51 0
40 37 0
41 38 0
41 42 0
41 43 0
42 41 0
42 44 0
42 45 0
43 41 0
43 60 0
44 42 0
45 42 0
46 0 0
46 47 0
47 46 0
47 48 0
48 47 0
48 49 0
48 50 0
49 48 0
50 48 0
51 39 0
51 52 0
52 51 0
52 53 0
53 52 0
53 54 0
54 53 0
55 34 0
55 56 0
56 55 0
57 21 0
57 58 0
58 57 0
58 59 0
59 58 0
60 43 0
60 61 0
60 66 0
61 60 0
61 62 0
62 61 0
62 63 0
63 62 0
63 64 0
63 65 0
64 63 0
65 63 0
65 66 0
66 60 0
66 65 0
67 68 0
67 112 0
68 67 0
68 69 0
69 68 0
69 70 0
69 71 0
70 69 0
71 69 0
71 72 0
71 73 0
72 71 0
73 71 0
73 74 0
74 73 0
74 75 0
74 77 0
75 74 0
75 76 0
75 84 0
76 75 0
77 74 0
77 78 0
78 77 0
78 79 0
78 137 0
79 78 0
79 80 0
80 79 0
80 81 0
81 80 0
81 82 0
81 83 0
82 81 0
83 81 0
84 75 0
84 85 0
85 84 0
85 86 0
85 88 0
86 85 0
86 87 0
86 89 0
87 86 0
88 85 0
88 119 0
89 86 0
89 90 0
90 89 0
90 91 0
90 93 0
91 90 0
91 92 0
91 96 0
92 91 0
93 90 0
93 94 0
93 95 0
94 93 0
95 93 0
96 91 0
96 97 0
97 96 0
97 98 0
97 100 0
98 97 0
98 99 0
98 102 0
99 98 0
100 97 0
100 101 0
101 100 0
101 117 0
102 98 0
102 103 0
103 102 0
103 104 0
103 129 0
104 103 0
104 105 0
104 106 0
105 104 0
105 107 0
106 104 0
107 105 0
107 108 0
107 109 0
108 107 0
108 110 0
108 111 0
109 107 0
109 122 0
110 108 0
111 108 0
112 67 0
112 113 0
113 112 0
113 114 0
114 113 0
114 115 0
114 116 0
115 114 0
116 114 0
117 101 0
117 118 0
118 117 0
119 88 0
119 120 0
120 119 0
120 121 0
121 120 0
122 109 0
122 123 0
122 128 0
123 122 0
123 124 0
124 123 0
124 125 0
125 124 0
125 126 0
125 127 0
126 125 0
127 125 0
127 128 0
128 122 0
128 127 0
129 103 0
129 130 0
130 129 0
130 131 0
130 138 0
131 130 0
131 132 0
132 131 0
132 133 0
133 132 0
133 134 0
133 135 0
134 133 0
135 133 0
136 11 0
137 78 0
138 130 0
GraphDataEnd
GraphEnd
NodeEnd
END_EPT
