BEGIN_EPT
AnchorID: 5684  # ID of the anchor node
RootIndex: 0  # Index of the root node in tree_nodes
NodeCount: 1  # Total number of nodes in the EPT
NodeStart
EPTNodeID: 0
AnchorID: 5684
TreeNodeGraphID: 0
Level: 0
SimplifiedLevel: 0
EditOperation: -1 0 -1 0 0
AccumulatedOpsCount: 0
ChildrenCount: 0
ChildIndices:
CompletedDBGraphIDsCount: 0
GraphStart
GraphDataStart
ID: 0
NumNodes: 118
NumEdges: 268
NodeLabels
3 2 2 0 2 2 2 2 2 2 2 2 2 2 2 2 2 2 3 3 3 3 0 3 3 2 2 2 2 2 2 0 2 2 2 2 2 2 2 2 2 2 2 2 2 3 3 3 0 2 2 2 2 3 0 2 2 2 2 2 2 2 2 2 2 2 2 2 2 3 3 3 3 3 0 2 2 2 2 2 2 2 2 2 2 2 2 3 3 3 0 2 2 2 2 2 2 2 2 2 2 3 3 3 0 2 2 2 2 2 2 2 2 2 3 3 2 2 
Edges
0 1 0
0 2 0
1 0 0
1 3 0
1 4 0
2 0 0
2 5 0
2 6 0
3 1 0
4 1 0
4 7 0
4 8 0
5 2 0
5 9 0
6 2 0
6 10 0
7 4 0
7 11 0
8 4 0
8 12 0
9 5 0
9 13 0
9 14 0
10 6 0
10 13 0
10 15 0
11 7 0
11 16 0
11 17 0
12 8 0
12 16 0
12 18 0
13 9 0
13 10 0
14 9 0
14 19 0
14 20 0
15 10 0
15 21 0
15 22 0
16 11 0
16 12 0
17 11 0
17 23 0
17 24 0
18 12 0
18 25 0
19 14 0
19 26 0
20 14 0
20 27 0
21 15 0
21 28 0
22 15 0
23 17 0
23 29 0
24 17 0
24 30 0
25 18 0
25 31 0
25 32 0
26 19 0
26 27 0
27 20 0
27 26 0
28 21 0
28 33 0
28 34 0
29 23 0
29 30 0
30 24 0
30 29 0
31 25 0
32 25 0
32 35 0
32 36 0
33 28 0
33 37 0
34 28 0
34 38 0
35 32 0
35 39 0
36 32 0
36 40 0
37 33 0
37 41 0
37 42 0
38 34 0
38 41 0
38 43 0
39 35 0
39 44 0
40 36 0
40 44 0
41 37 0
41 38 0
42 37 0
42 45 0
42 46 0
43 38 0
43 47 0
43 48 0
44 39 0
44 40 0
44 49 0
45 42 0
45 50 0
46 42 0
46 51 0
47 43 0
47 52 0
48 43 0
49 44 0
49 53 0
49 54 0
50 45 0
50 51 0
51 46 0
51 50 0
52 47 0
52 55 0
52 56 0
53 49 0
53 57 0
54 49 0
55 52 0
55 58 0
56 52 0
56 59 0
57 53 0
57 60 0
57 61 0
58 55 0
58 62 0
59 56 0
59 62 0
60 57 0
60 63 0
61 57 0
61 64 0
62 58 0
62 59 0
62 65 0
63 60 0
63 66 0
63 67 0
64 61 0
64 66 0
64 68 0
65 62 0
65 69 0
65 70 0
66 63 0
66 64 0
67 63 0
67 71 0
67 72 0
68 64 0
68 73 0
68 74 0
69 65 0
69 75 0
70 65 0
70 76 0
71 67 0
71 77 0
72 67 0
72 78 0
73 68 0
73 79 0
74 68 0
75 69 0
75 76 0
76 70 0
76 75 0
77 71 0
77 78 0
78 72 0
78 77 0
79 73 0
79 80 0
79 81 0
80 79 0
80 82 0
81 79 0
81 83 0
82 80 0
82 84 0
82 85 0
83 81 0
83 84 0
83 86 0
84 82 0
84 83 0
85 82 0
85 87 0
85 88 0
86 83 0
86 89 0
86 90 0
87 85 0
87 91 0
88 85 0
88 92 0
89 86 0
89 93 0
90 86 0
91 87 0
91 92 0
92 88 0
92 91 0
93 89 0
93 94 0
93 95 0
94 93 0
94 96 0
95 93 0
95 97 0
96 94 0
96 98 0
96 99 0
97 95 0
97 98 0
97 100 0
98 96 0
98 97 0
99 96 0
99 101 0
99 102 0
100 97 0
100 103 0
100 104 0
101 99 0
101 105 0
102 99 0
102 106 0
103 100 0
103 107 0
104 100 0
105 101 0
105 106 0
106 102 0
106 105 0
107 103 0
107 108 0
107 109 0
108 107 0
108 110 0
109 107 0
109 111 0
110 108 0
110 112 0
111 109 0
111 112 0
112 110 0
112 111 0
112 113 0
113 112 0
113 114 0
113 115 0
114 113 0
114 116 0
115 113 0
115 117 0
116 114 0
116 117 0
117 115 0
117 116 0
GraphDataEnd
GraphEnd
NodeEnd
END_EPT
