BEGIN_EPT
AnchorID: 4997  # ID of the anchor node
RootIndex: 0  # Index of the root node in tree_nodes
NodeCount: 1  # Total number of nodes in the EPT
NodeStart
EPTNodeID: 0
AnchorID: 4997
TreeNodeGraphID: 0
Level: 0
SimplifiedLevel: 0
EditOperation: -1 0 -1 0 0
AccumulatedOpsCount: 0
ChildrenCount: 0
ChildIndices:
CompletedDBGraphIDsCount: 0
GraphStart
GraphDataStart
ID: 0
NumNodes: 104
NumEdges: 232
NodeLabels
2 3 2 2 2 2 2 2 2 3 3 2 3 2 2 2 2 2 2 2 2 3 2 2 2 2 2 2 2 3 3 2 3 2 2 2 2 2 2 2 0 2 2 2 2 2 2 2 0 2 2 2 2 2 2 0 2 2 2 2 2 2 0 2 2 2 2 2 2 2 2 2 2 2 2 2 2 2 2 2 2 2 2 2 2 2 2 2 2 2 2 2 2 2 2 2 2 2 2 2 2 2 2 2 
Edges
0 1 0
0 4 0
0 10 0
1 0 0
1 2 0
2 1 0
2 3 0
2 9 0
3 2 0
3 4 0
3 8 0
4 0 0
4 3 0
4 5 0
5 4 0
5 6 0
6 5 0
6 7 0
7 6 0
7 8 0
7 40 0
8 3 0
8 7 0
9 2 0
9 33 0
10 0 0
10 11 0
11 10 0
11 12 0
11 15 0
12 11 0
12 13 0
13 12 0
13 14 0
13 29 0
14 13 0
14 15 0
14 16 0
15 11 0
15 14 0
15 19 0
16 14 0
16 17 0
17 16 0
17 18 0
17 62 0
18 17 0
18 19 0
19 15 0
19 18 0
20 21 0
20 24 0
20 30 0
21 20 0
21 22 0
22 21 0
22 23 0
22 29 0
23 22 0
23 24 0
23 28 0
24 20 0
24 23 0
24 25 0
25 24 0
25 26 0
26 25 0
26 27 0
27 26 0
27 28 0
27 55 0
28 23 0
28 27 0
29 13 0
29 22 0
30 20 0
30 31 0
31 30 0
31 32 0
31 35 0
32 31 0
32 33 0
33 9 0
33 32 0
33 34 0
34 33 0
34 35 0
34 36 0
35 31 0
35 34 0
35 39 0
36 34 0
36 37 0
37 36 0
37 38 0
38 37 0
38 39 0
38 48 0
39 35 0
39 38 0
40 7 0
40 41 0
41 40 0
41 42 0
41 46 0
42 41 0
42 43 0
43 42 0
43 44 0
44 43 0
44 45 0
44 47 0
45 44 0
45 46 0
46 41 0
46 45 0
47 44 0
47 69 0
48 38 0
48 49 0
49 48 0
49 50 0
49 54 0
50 49 0
50 51 0
51 50 0
51 52 0
52 51 0
52 53 0
52 77 0
53 52 0
53 54 0
54 49 0
54 53 0
55 27 0
55 56 0
56 55 0
56 57 0
56 61 0
57 56 0
57 58 0
58 57 0
58 59 0
59 58 0
59 60 0
59 92 0
60 59 0
60 61 0
61 56 0
61 60 0
62 17 0
62 63 0
63 62 0
63 64 0
63 68 0
64 63 0
64 65 0
65 64 0
65 66 0
66 65 0
66 67 0
66 83 0
67 66 0
67 68 0
68 63 0
68 67 0
69 47 0
69 70 0
70 69 0
70 71 0
71 70 0
71 72 0
72 71 0
72 73 0
73 72 0
73 74 0
74 73 0
74 75 0
75 74 0
75 76 0
76 75 0
77 52 0
77 78 0
78 77 0
78 79 0
79 78 0
79 80 0
80 79 0
80 81 0
81 80 0
81 82 0
82 81 0
82 101 0
83 66 0
83 84 0
84 83 0
84 85 0
85 84 0
85 86 0
86 85 0
86 87 0
87 86 0
87 88 0
88 87 0
88 89 0
89 88 0
89 90 0
90 89 0
90 91 0
91 90 0
92 59 0
92 93 0
93 92 0
93 94 0
94 93 0
94 95 0
95 94 0
95 96 0
96 95 0
96 97 0
97 96 0
97 98 0
98 97 0
98 99 0
99 98 0
99 100 0
100 99 0
101 82 0
101 102 0
102 101 0
102 103 0
103 102 0
GraphDataEnd
GraphEnd
NodeEnd
END_EPT
