BEGIN_EPT
AnchorID: 9885  # ID of the anchor node
RootIndex: 0  # Index of the root node in tree_nodes
NodeCount: 1  # Total number of nodes in the EPT
NodeStart
EPTNodeID: 0
AnchorID: 9885
TreeNodeGraphID: 0
Level: 0
SimplifiedLevel: 0
EditOperation: -1 0 -1 0 0
AccumulatedOpsCount: 0
ChildrenCount: 0
ChildIndices:
CompletedDBGraphIDsCount: 0
GraphStart
GraphDataStart
ID: 0
NumNodes: 76
NumEdges: 150
NodeLabels
2 2 0 2 3 2 0 3 2 2 2 0 3 2 0 3 2 2 2 2 2 2 0 3 2 2 0 2 0 3 2 2 2 2 0 3 2 0 3 2 2 2 0 2 2 0 3 3 2 2 2 2 2 2 0 3 2 2 0 2 0 3 2 2 0 2 0 3 2 2 2 0 3 2 0 0 
Edges
0 1 0
1 0 0
1 2 0
1 3 0
2 1 0
3 1 0
3 4 0
3 5 0
4 3 0
5 3 0
5 6 0
5 7 0
6 5 0
7 5 0
7 8 0
8 7 0
8 9 0
8 13 0
9 8 0
9 10 0
10 9 0
10 11 0
10 12 0
11 10 0
12 10 0
13 8 0
13 14 0
13 15 0
14 13 0
15 13 0
15 16 0
16 15 0
16 17 0
16 21 0
17 16 0
17 18 0
18 17 0
18 19 0
18 20 0
19 18 0
20 18 0
21 16 0
21 22 0
21 23 0
22 21 0
23 21 0
23 24 0
24 23 0
24 25 0
24 27 0
25 24 0
25 26 0
26 25 0
27 24 0
27 28 0
27 29 0
28 27 0
29 27 0
29 30 0
30 29 0
30 31 0
30 36 0
31 30 0
31 32 0
32 31 0
32 33 0
33 32 0
33 34 0
33 35 0
34 33 0
35 33 0
36 30 0
36 37 0
36 38 0
37 36 0
38 36 0
38 39 0
39 38 0
39 40 0
39 41 0
40 39 0
40 43 0
41 39 0
41 42 0
41 47 0
42 41 0
43 40 0
43 44 0
44 43 0
44 45 0
44 46 0
45 44 0
46 44 0
47 41 0
47 48 0
48 47 0
48 49 0
48 53 0
49 48 0
49 50 0
49 51 0
50 49 0
51 49 0
51 52 0
52 51 0
53 48 0
53 54 0
53 55 0
54 53 0
55 53 0
55 56 0
56 55 0
56 57 0
56 59 0
57 56 0
57 58 0
58 57 0
59 56 0
59 60 0
59 61 0
60 59 0
61 59 0
61 62 0
62 61 0
62 63 0
62 65 0
63 62 0
63 64 0
64 63 0
65 62 0
65 66 0
65 67 0
66 65 0
67 65 0
67 68 0
68 67 0
68 69 0
68 73 0
69 68 0
69 70 0
70 69 0
70 71 0
70 72 0
71 70 0
72 70 0
73 68 0
73 74 0
73 75 0
74 73 0
75 73 0
GraphDataEnd
GraphEnd
NodeEnd
END_EPT
