BEGIN_EPT
AnchorID: 20249  # ID of the anchor node
RootIndex: 0  # Index of the root node in tree_nodes
NodeCount: 1  # Total number of nodes in the EPT
NodeStart
EPTNodeID: 0
AnchorID: 20249
TreeNodeGraphID: 0
Level: 0
SimplifiedLevel: 0
EditOperation: -1 0 -1 0 0
AccumulatedOpsCount: 0
ChildrenCount: 0
ChildIndices:
CompletedDBGraphIDsCount: 0
GraphStart
GraphDataStart
ID: 0
NumNodes: 77
NumEdges: 170
NodeLabels
2 2 2 2 2 2 2 2 2 2 2 2 2 2 2 2 2 2 2 3 2 1 2 2 3 2 3 2 0 0 2 2 2 2 2 2 2 2 2 2 2 2 2 2 2 2 2 2 2 2 3 2 3 0 2 3 2 0 2 2 1 2 3 3 2 2 3 3 0 2 2 0 0 2 2 2 2 
Edges
0 1 0
0 7 0
0 13 0
0 19 0
1 0 0
1 2 0
1 6 0
2 1 0
2 3 0
3 2 0
3 4 0
4 3 0
4 5 0
5 4 0
5 6 0
6 1 0
6 5 0
7 0 0
7 8 0
7 12 0
8 7 0
8 9 0
9 8 0
9 10 0
10 9 0
10 11 0
11 10 0
11 12 0
12 7 0
12 11 0
13 0 0
13 14 0
13 18 0
14 13 0
14 15 0
15 14 0
15 16 0
16 15 0
16 17 0
17 16 0
17 18 0
18 13 0
18 17 0
19 0 0
19 20 0
20 19 0
20 21 0
20 24 0
21 20 0
21 22 0
22 21 0
22 23 0
23 22 0
23 24 0
23 25 0
24 20 0
24 23 0
25 23 0
25 26 0
25 27 0
26 25 0
26 29 0
27 25 0
27 28 0
27 55 0
28 27 0
29 26 0
29 30 0
30 29 0
31 32 0
31 38 0
31 44 0
31 50 0
32 31 0
32 33 0
32 37 0
33 32 0
33 34 0
34 33 0
34 35 0
35 34 0
35 36 0
36 35 0
36 37 0
37 32 0
37 36 0
38 31 0
38 39 0
38 43 0
39 38 0
39 40 0
40 39 0
40 41 0
41 40 0
41 42 0
42 41 0
42 43 0
43 38 0
43 42 0
44 31 0
44 45 0
44 49 0
45 44 0
45 46 0
46 45 0
46 47 0
47 46 0
47 48 0
48 47 0
48 49 0
49 44 0
49 48 0
50 31 0
50 61 0
51 52 0
51 56 0
51 58 0
52 51 0
52 53 0
53 52 0
53 54 0
54 53 0
55 27 0
55 56 0
55 63 0
56 51 0
56 55 0
56 57 0
57 56 0
58 51 0
58 59 0
58 62 0
59 58 0
59 60 0
60 59 0
60 61 0
61 50 0
61 60 0
61 62 0
62 58 0
62 61 0
63 55 0
63 64 0
63 65 0
64 63 0
64 67 0
64 68 0
65 63 0
65 66 0
66 65 0
66 67 0
67 64 0
67 66 0
67 69 0
68 64 0
69 67 0
69 70 0
70 69 0
70 71 0
70 72 0
71 70 0
72 70 0
72 73 0
73 72 0
73 74 0
73 75 0
73 76 0
74 73 0
75 73 0
76 73 0
GraphDataEnd
GraphEnd
NodeEnd
END_EPT
