BEGIN_EPT
AnchorID: 16808  # ID of the anchor node
RootIndex: 0  # Index of the root node in tree_nodes
NodeCount: 1  # Total number of nodes in the EPT
NodeStart
EPTNodeID: 0
AnchorID: 16808
TreeNodeGraphID: 0
Level: 0
SimplifiedLevel: 0
EditOperation: -1 0 -1 0 0
AccumulatedOpsCount: 0
ChildrenCount: 0
ChildIndices:
CompletedDBGraphIDsCount: 0
GraphStart
GraphDataStart
ID: 0
NumNodes: 86
NumEdges: 180
NodeLabels
11 2 2 22 2 2 2 2 2 2 2 2 2 2 2 2 2 2 22 2 2 2 2 2 2 2 2 2 2 2 2 2 2 2 2 2 2 40 11 2 2 22 2 2 2 2 2 2 2 2 2 2 2 2 2 2 22 2 2 2 2 2 2 2 2 2 2 2 2 2 2 2 2 2 2 40 40 4 4 4 4 4 4 4 4 4 
Edges
0 1 0
0 16 0
0 31 0
1 0 0
1 2 0
2 1 0
2 3 0
3 2 0
3 9 0
3 11 0
4 5 0
4 9 0
5 4 0
5 6 0
6 5 0
6 7 0
7 6 0
7 8 0
8 7 0
8 9 0
9 3 0
9 4 0
9 8 0
10 11 0
10 15 0
11 3 0
11 10 0
11 12 0
12 11 0
12 13 0
13 12 0
13 14 0
14 13 0
14 15 0
15 10 0
15 14 0
16 0 0
16 17 0
17 16 0
17 18 0
18 17 0
18 21 0
18 30 0
19 20 0
19 24 0
20 19 0
20 21 0
21 18 0
21 20 0
21 22 0
22 21 0
22 23 0
23 22 0
23 24 0
24 19 0
24 23 0
25 26 0
25 30 0
26 25 0
26 27 0
27 26 0
27 28 0
28 27 0
28 29 0
29 28 0
29 30 0
30 18 0
30 25 0
30 29 0
31 0 0
31 32 0
31 36 0
32 31 0
32 33 0
33 32 0
33 34 0
34 33 0
34 35 0
35 34 0
35 36 0
36 31 0
36 35 0
37 79 0
37 82 0
38 39 0
38 54 0
38 69 0
39 38 0
39 40 0
40 39 0
40 41 0
41 40 0
41 47 0
41 49 0
42 43 0
42 47 0
43 42 0
43 44 0
44 43 0
44 45 0
45 44 0
45 46 0
46 45 0
46 47 0
47 41 0
47 42 0
47 46 0
48 49 0
48 53 0
49 41 0
49 48 0
49 50 0
50 49 0
50 51 0
51 50 0
51 52 0
52 51 0
52 53 0
53 48 0
53 52 0
54 38 0
54 55 0
55 54 0
55 56 0
56 55 0
56 59 0
56 68 0
57 58 0
57 62 0
58 57 0
58 59 0
59 56 0
59 58 0
59 60 0
60 59 0
60 61 0
61 60 0
61 62 0
62 57 0
62 61 0
63 64 0
63 68 0
64 63 0
64 65 0
65 64 0
65 66 0
66 65 0
66 67 0
67 66 0
67 68 0
68 56 0
68 63 0
68 67 0
69 38 0
69 70 0
69 74 0
70 69 0
70 71 0
71 70 0
71 72 0
72 71 0
72 73 0
73 72 0
73 74 0
74 69 0
74 73 0
75 80 0
75 81 0
76 79 0
76 80 0
76 81 0
76 82 0
79 37 0
79 76 0
80 75 0
80 76 0
81 75 0
81 76 0
82 37 0
82 76 0
GraphDataEnd
GraphEnd
NodeEnd
END_EPT
