BEGIN_EPT
AnchorID: 8122  # ID of the anchor node
RootIndex: 0  # Index of the root node in tree_nodes
NodeCount: 20  # Total number of nodes in the EPT
NodeStart
EPTNodeID: 0
AnchorID: 8122
TreeNodeGraphID: 0
Level: 0
SimplifiedLevel: 0
EditOperation: -1 0 -1 0 0
AccumulatedOpsCount: 0
ChildrenCount: 4
ChildIndices: 1 13 14 15
CompletedDBGraphIDsCount: 0
GraphStart
GraphDataStart
ID: 0
NumNodes: 63
NumEdges: 132
NodeLabels
0 2 2 2 2 2 3 0 2 2 2 2 2 2 2 2 2 3 2 2 0 2 0 2 0 0 2 3 2 2 0 0 2 2 2 2 2 2 2 2 2 2 2 2 0 2 2 2 2 2 2 2 0 2 0 2 2 2 2 2 2 0 0 
Edges
0 1 0
0 2 0
1 0 0
1 3 0
2 0 0
2 4 0
2 5 0
3 1 0
3 6 0
3 7 0
4 2 0
4 8 0
4 9 0
5 2 0
5 10 0
6 3 0
6 11 0
6 12 0
7 3 0
8 4 0
8 13 0
8 14 0
9 4 0
9 15 0
9 16 0
10 5 0
10 15 0
10 17 0
11 6 0
11 18 0
12 6 0
12 19 0
13 8 0
13 20 0
13 21 0
14 8 0
14 22 0
14 23 0
15 9 0
15 10 0
15 24 0
16 9 0
16 21 0
16 25 0
17 10 0
17 26 0
18 11 0
18 27 0
19 12 0
20 13 0
20 23 0
21 13 0
21 16 0
21 28 0
22 14 0
23 14 0
23 20 0
23 29 0
23 30 0
24 15 0
25 16 0
26 17 0
26 31 0
26 32 0
27 18 0
27 33 0
27 34 0
28 21 0
29 23 0
30 23 0
30 35 0
31 26 0
32 26 0
32 36 0
32 37 0
33 27 0
33 38 0
34 27 0
34 39 0
35 30 0
35 40 0
36 32 0
37 32 0
37 41 0
38 33 0
39 34 0
40 35 0
40 42 0
41 37 0
41 43 0
42 40 0
42 44 0
42 45 0
43 41 0
43 46 0
44 42 0
44 47 0
45 42 0
45 48 0
45 49 0
46 43 0
46 50 0
46 51 0
47 44 0
48 45 0
49 45 0
49 52 0
49 53 0
50 46 0
51 46 0
51 54 0
51 55 0
52 49 0
52 56 0
53 49 0
53 57 0
53 58 0
54 51 0
55 51 0
55 58 0
55 59 0
56 52 0
56 60 0
56 61 0
57 53 0
58 53 0
58 55 0
58 62 0
59 55 0
60 56 0
61 56 0
62 58 0
GraphDataEnd
GraphEnd
NodeEnd
NodeStart
EPTNodeID: 1
AnchorID: 8122
TreeNodeGraphID: 1
Level: 1
SimplifiedLevel: 0
EditOperation: 0 27 0 3 2
AccumulatedOpsCount: 1
AccumulatedOp: 0 27 0 3 2
ChildrenCount: 4
ChildIndices: 2 8 11 12
CompletedDBGraphIDsCount: 0
GraphStart
GraphDataStart
ID: 1
NumNodes: 63
NumEdges: 132
NodeLabels
0 2 2 2 2 2 3 0 2 2 2 2 2 2 2 2 2 3 2 2 0 2 0 2 0 0 2 2 2 2 0 0 2 2 2 2 2 2 2 2 2 2 2 2 0 2 2 2 2 2 2 2 0 2 0 2 2 2 2 2 2 0 0 
Edges
0 1 0
0 2 0
1 0 0
1 3 0
2 0 0
2 4 0
2 5 0
3 1 0
3 6 0
3 7 0
4 2 0
4 8 0
4 9 0
5 2 0
5 10 0
6 3 0
6 11 0
6 12 0
7 3 0
8 4 0
8 13 0
8 14 0
9 4 0
9 15 0
9 16 0
10 5 0
10 15 0
10 17 0
11 6 0
11 18 0
12 6 0
12 19 0
13 8 0
13 20 0
13 21 0
14 8 0
14 22 0
14 23 0
15 9 0
15 10 0
15 24 0
16 9 0
16 21 0
16 25 0
17 10 0
17 26 0
18 11 0
18 27 0
19 12 0
20 13 0
20 23 0
21 13 0
21 16 0
21 28 0
22 14 0
23 14 0
23 20 0
23 29 0
23 30 0
24 15 0
25 16 0
26 17 0
26 31 0
26 32 0
27 18 0
27 33 0
27 34 0
28 21 0
29 23 0
30 23 0
30 35 0
31 26 0
32 26 0
32 36 0
32 37 0
33 27 0
33 38 0
34 27 0
34 39 0
35 30 0
35 40 0
36 32 0
37 32 0
37 41 0
38 33 0
39 34 0
40 35 0
40 42 0
41 37 0
41 43 0
42 40 0
42 44 0
42 45 0
43 41 0
43 46 0
44 42 0
44 47 0
45 42 0
45 48 0
45 49 0
46 43 0
46 50 0
46 51 0
47 44 0
48 45 0
49 45 0
49 52 0
49 53 0
50 46 0
51 46 0
51 54 0
51 55 0
52 49 0
52 56 0
53 49 0
53 57 0
53 58 0
54 51 0
55 51 0
55 58 0
55 59 0
56 52 0
56 60 0
56 61 0
57 53 0
58 53 0
58 55 0
58 62 0
59 55 0
60 56 0
61 56 0
62 58 0
GraphDataEnd
GraphEnd
NodeEnd
NodeStart
EPTNodeID: 2
AnchorID: 8122
TreeNodeGraphID: 2
Level: 2
SimplifiedLevel: 0
EditOperation: 4 27 34 0 0
AccumulatedOpsCount: 1
AccumulatedOp: 4 27 34 0 0
ChildrenCount: 2
ChildIndices: 3 7
CompletedDBGraphIDsCount: 0
GraphStart
GraphDataStart
ID: 2
NumNodes: 63
NumEdges: 130
NodeLabels
0 2 2 2 2 2 3 0 2 2 2 2 2 2 2 2 2 3 2 2 0 2 0 2 0 0 2 2 2 2 0 0 2 2 2 2 2 2 2 2 2 2 2 2 0 2 2 2 2 2 2 2 0 2 0 2 2 2 2 2 2 0 0 
Edges
0 1 0
0 2 0
1 0 0
1 3 0
2 0 0
2 4 0
2 5 0
3 1 0
3 6 0
3 7 0
4 2 0
4 8 0
4 9 0
5 2 0
5 10 0
6 3 0
6 11 0
6 12 0
7 3 0
8 4 0
8 13 0
8 14 0
9 4 0
9 15 0
9 16 0
10 5 0
10 15 0
10 17 0
11 6 0
11 18 0
12 6 0
12 19 0
13 8 0
13 20 0
13 21 0
14 8 0
14 22 0
14 23 0
15 9 0
15 10 0
15 24 0
16 9 0
16 21 0
16 25 0
17 10 0
17 26 0
18 11 0
18 27 0
19 12 0
20 13 0
20 23 0
21 13 0
21 16 0
21 28 0
22 14 0
23 14 0
23 20 0
23 29 0
23 30 0
24 15 0
25 16 0
26 17 0
26 31 0
26 32 0
27 18 0
27 33 0
28 21 0
29 23 0
30 23 0
30 35 0
31 26 0
32 26 0
32 36 0
32 37 0
33 27 0
33 38 0
34 39 0
35 30 0
35 40 0
36 32 0
37 32 0
37 41 0
38 33 0
39 34 0
40 35 0
40 42 0
41 37 0
41 43 0
42 40 0
42 44 0
42 45 0
43 41 0
43 46 0
44 42 0
44 47 0
45 42 0
45 48 0
45 49 0
46 43 0
46 50 0
46 51 0
47 44 0
48 45 0
49 45 0
49 52 0
49 53 0
50 46 0
51 46 0
51 54 0
51 55 0
52 49 0
52 56 0
53 49 0
53 57 0
53 58 0
54 51 0
55 51 0
55 58 0
55 59 0
56 52 0
56 60 0
56 61 0
57 53 0
58 53 0
58 55 0
58 62 0
59 55 0
60 56 0
61 56 0
62 58 0
GraphDataEnd
GraphEnd
NodeEnd
NodeStart
EPTNodeID: 3
AnchorID: 8122
TreeNodeGraphID: 4
Level: 4
SimplifiedLevel: 0
EditOperation: 1 38 0 2 0
AccumulatedOpsCount: 2
AccumulatedOp: 4 33 38 0 0
AccumulatedOp: 1 38 0 2 0
ChildrenCount: 2
ChildIndices: 4 6
CompletedDBGraphIDsCount: 0
GraphStart
GraphDataStart
ID: 4
NumNodes: 62
NumEdges: 128
NodeLabels
0 2 2 2 2 2 3 0 2 2 2 2 2 2 2 2 2 3 2 2 0 2 0 2 0 0 2 2 2 2 0 0 2 2 2 2 2 2 2 2 2 2 2 0 2 2 2 2 2 2 2 0 2 0 2 2 2 2 2 2 0 0 
Edges
0 1 0
0 2 0
1 0 0
1 3 0
2 0 0
2 4 0
2 5 0
3 1 0
3 6 0
3 7 0
4 2 0
4 8 0
4 9 0
5 2 0
5 10 0
6 3 0
6 11 0
6 12 0
7 3 0
8 4 0
8 13 0
8 14 0
9 4 0
9 15 0
9 16 0
10 5 0
10 15 0
10 17 0
11 6 0
11 18 0
12 6 0
12 19 0
13 8 0
13 20 0
13 21 0
14 8 0
14 22 0
14 23 0
15 9 0
15 10 0
15 24 0
16 9 0
16 21 0
16 25 0
17 10 0
17 26 0
18 11 0
18 27 0
19 12 0
20 13 0
20 23 0
21 13 0
21 16 0
21 28 0
22 14 0
23 14 0
23 20 0
23 29 0
23 30 0
24 15 0
25 16 0
26 17 0
26 31 0
26 32 0
27 18 0
27 33 0
28 21 0
29 23 0
30 23 0
30 35 0
31 26 0
32 26 0
32 36 0
32 37 0
33 27 0
34 38 0
35 30 0
35 39 0
36 32 0
37 32 0
37 40 0
38 34 0
39 35 0
39 41 0
40 37 0
40 42 0
41 39 0
41 43 0
41 44 0
42 40 0
42 45 0
43 41 0
43 46 0
44 41 0
44 47 0
44 48 0
45 42 0
45 49 0
45 50 0
46 43 0
47 44 0
48 44 0
48 51 0
48 52 0
49 45 0
50 45 0
50 53 0
50 54 0
51 48 0
51 55 0
52 48 0
52 56 0
52 57 0
53 50 0
54 50 0
54 57 0
54 58 0
55 51 0
55 59 0
55 60 0
56 52 0
57 52 0
57 54 0
57 61 0
58 54 0
59 55 0
60 55 0
61 57 0
GraphDataEnd
GraphEnd
NodeEnd
NodeStart
EPTNodeID: 4
AnchorID: 8122
TreeNodeGraphID: 7
Level: 7
SimplifiedLevel: 0
EditOperation: 1 39 0 2 0
AccumulatedOpsCount: 3
AccumulatedOp: 4 34 39 0 0
AccumulatedOp: 1 34 0 2 0
AccumulatedOp: 1 39 0 2 0
ChildrenCount: 1
ChildIndices: 5
CompletedDBGraphIDsCount: 1
CompletedDBGraphID: 16292
GraphStart
GraphDataStart
ID: 7
NumNodes: 60
NumEdges: 126
NodeLabels
0 2 2 2 2 2 3 0 2 2 2 2 2 2 2 2 2 3 2 2 0 2 0 2 0 0 2 2 2 2 0 0 2 2 2 2 2 2 2 2 2 0 2 2 2 2 2 2 2 0 2 0 2 2 2 2 2 2 0 0 
Edges
0 1 0
0 2 0
1 0 0
1 3 0
2 0 0
2 4 0
2 5 0
3 1 0
3 6 0
3 7 0
4 2 0
4 8 0
4 9 0
5 2 0
5 10 0
6 3 0
6 11 0
6 12 0
7 3 0
8 4 0
8 13 0
8 14 0
9 4 0
9 15 0
9 16 0
10 5 0
10 15 0
10 17 0
11 6 0
11 18 0
12 6 0
12 19 0
13 8 0
13 20 0
13 21 0
14 8 0
14 22 0
14 23 0
15 9 0
15 10 0
15 24 0
16 9 0
16 21 0
16 25 0
17 10 0
17 26 0
18 11 0
18 27 0
19 12 0
20 13 0
20 23 0
21 13 0
21 16 0
21 28 0
22 14 0
23 14 0
23 20 0
23 29 0
23 30 0
24 15 0
25 16 0
26 17 0
26 31 0
26 32 0
27 18 0
27 33 0
28 21 0
29 23 0
30 23 0
30 34 0
31 26 0
32 26 0
32 35 0
32 36 0
33 27 0
34 30 0
34 37 0
35 32 0
36 32 0
36 38 0
37 34 0
37 39 0
38 36 0
38 40 0
39 37 0
39 41 0
39 42 0
40 38 0
40 43 0
41 39 0
41 44 0
42 39 0
42 45 0
42 46 0
43 40 0
43 47 0
43 48 0
44 41 0
45 42 0
46 42 0
46 49 0
46 50 0
47 43 0
48 43 0
48 51 0
48 52 0
49 46 0
49 53 0
50 46 0
50 54 0
50 55 0
51 48 0
52 48 0
52 55 0
52 56 0
53 49 0
53 57 0
53 58 0
54 50 0
55 50 0
55 52 0
55 59 0
56 52 0
57 53 0
58 53 0
59 55 0
GraphDataEnd
GraphEnd
NodeEnd
NodeStart
EPTNodeID: 5
AnchorID: 8122
TreeNodeGraphID: 9
Level: 9
SimplifiedLevel: 0
EditOperation: 5 19 33 0 0
AccumulatedOpsCount: 2
AccumulatedOp: 4 27 33 0 0
AccumulatedOp: 5 19 33 0 0
ChildrenCount: 0
ChildIndices:
CompletedDBGraphIDsCount: 3
CompletedDBGraphID: 29395
CompletedDBGraphID: 28947
CompletedDBGraphID: 15286
GraphStart
GraphDataStart
ID: 9
NumNodes: 60
NumEdges: 126
NodeLabels
0 2 2 2 2 2 3 0 2 2 2 2 2 2 2 2 2 3 2 2 0 2 0 2 0 0 2 2 2 2 0 0 2 2 2 2 2 2 2 2 2 0 2 2 2 2 2 2 2 0 2 0 2 2 2 2 2 2 0 0 
Edges
0 1 0
0 2 0
1 0 0
1 3 0
2 0 0
2 4 0
2 5 0
3 1 0
3 6 0
3 7 0
4 2 0
4 8 0
4 9 0
5 2 0
5 10 0
6 3 0
6 11 0
6 12 0
7 3 0
8 4 0
8 13 0
8 14 0
9 4 0
9 15 0
9 16 0
10 5 0
10 15 0
10 17 0
11 6 0
11 18 0
12 6 0
12 19 0
13 8 0
13 20 0
13 21 0
14 8 0
14 22 0
14 23 0
15 9 0
15 10 0
15 24 0
16 9 0
16 21 0
16 25 0
17 10 0
17 26 0
18 11 0
18 27 0
19 12 0
19 33 0
20 13 0
20 23 0
21 13 0
21 16 0
21 28 0
22 14 0
23 14 0
23 20 0
23 29 0
23 30 0
24 15 0
25 16 0
26 17 0
26 31 0
26 32 0
27 18 0
28 21 0
29 23 0
30 23 0
30 34 0
31 26 0
32 26 0
32 35 0
32 36 0
33 19 0
34 30 0
34 37 0
35 32 0
36 32 0
36 38 0
37 34 0
37 39 0
38 36 0
38 40 0
39 37 0
39 41 0
39 42 0
40 38 0
40 43 0
41 39 0
41 44 0
42 39 0
42 45 0
42 46 0
43 40 0
43 47 0
43 48 0
44 41 0
45 42 0
46 42 0
46 49 0
46 50 0
47 43 0
48 43 0
48 51 0
48 52 0
49 46 0
49 53 0
50 46 0
50 54 0
50 55 0
51 48 0
52 48 0
52 55 0
52 56 0
53 49 0
53 57 0
53 58 0
54 50 0
55 50 0
55 52 0
55 59 0
56 52 0
57 53 0
58 53 0
59 55 0
GraphDataEnd
GraphEnd
NodeEnd
NodeStart
EPTNodeID: 6
AnchorID: 8122
TreeNodeGraphID: 15
Level: 10
SimplifiedLevel: 0
EditOperation: 4 0 1 0 0
AccumulatedOpsCount: 6
AccumulatedOp: 5 1 39 0 0
AccumulatedOp: 5 5 19 0 0
AccumulatedOp: 0 12 0 2 3
AccumulatedOp: 4 3 7 0 0
AccumulatedOp: 1 7 0 0 0
AccumulatedOp: 4 0 1 0 0
ChildrenCount: 0
ChildIndices:
CompletedDBGraphIDsCount: 1
CompletedDBGraphID: 32578
GraphStart
GraphDataStart
ID: 15
NumNodes: 61
NumEdges: 128
NodeLabels
0 2 2 2 2 2 3 2 2 2 2 3 2 2 2 2 3 2 2 0 2 0 2 0 0 2 2 2 2 0 0 2 2 2 2 2 2 2 2 2 2 2 0 2 2 2 2 2 2 2 0 2 0 2 2 2 2 2 2 0 0 
Edges
0 2 0
1 3 0
1 37 0
2 0 0
2 4 0
2 5 0
3 1 0
3 6 0
4 2 0
4 7 0
4 8 0
5 2 0
5 9 0
5 18 0
6 3 0
6 10 0
6 11 0
7 4 0
7 12 0
7 13 0
8 4 0
8 14 0
8 15 0
9 5 0
9 14 0
9 16 0
10 6 0
10 17 0
11 6 0
11 18 0
12 7 0
12 19 0
12 20 0
13 7 0
13 21 0
13 22 0
14 8 0
14 9 0
14 23 0
15 8 0
15 20 0
15 24 0
16 9 0
16 25 0
17 10 0
17 26 0
18 11 0
18 5 0
19 12 0
19 22 0
20 12 0
20 15 0
20 27 0
21 13 0
22 13 0
22 19 0
22 28 0
22 29 0
23 14 0
24 15 0
25 16 0
25 30 0
25 31 0
26 17 0
26 32 0
27 20 0
28 22 0
29 22 0
29 34 0
30 25 0
31 25 0
31 35 0
31 36 0
32 26 0
33 37 0
34 29 0
34 38 0
35 31 0
36 31 0
36 39 0
37 33 0
37 1 0
38 34 0
38 40 0
39 36 0
39 41 0
40 38 0
40 42 0
40 43 0
41 39 0
41 44 0
42 40 0
42 45 0
43 40 0
43 46 0
43 47 0
44 41 0
44 48 0
44 49 0
45 42 0
46 43 0
47 43 0
47 50 0
47 51 0
48 44 0
49 44 0
49 52 0
49 53 0
50 47 0
50 54 0
51 47 0
51 55 0
51 56 0
52 49 0
53 49 0
53 56 0
53 57 0
54 50 0
54 58 0
54 59 0
55 51 0
56 51 0
56 53 0
56 60 0
57 53 0
58 54 0
59 54 0
60 56 0
GraphDataEnd
GraphEnd
NodeEnd
NodeStart
EPTNodeID: 7
AnchorID: 8122
TreeNodeGraphID: 18
Level: 5
SimplifiedLevel: 0
EditOperation: 5 19 63 0 0
AccumulatedOpsCount: 3
AccumulatedOp: 2 63 0 0 2
AccumulatedOp: 5 39 63 0 0
AccumulatedOp: 5 19 63 0 0
ChildrenCount: 0
ChildIndices:
CompletedDBGraphIDsCount: 1
CompletedDBGraphID: 28963
GraphStart
GraphDataStart
ID: 18
NumNodes: 64
NumEdges: 134
NodeLabels
0 2 2 2 2 2 3 0 2 2 2 2 2 2 2 2 2 3 2 2 0 2 0 2 0 0 2 2 2 2 0 0 2 2 2 2 2 2 2 2 2 2 2 2 0 2 2 2 2 2 2 2 0 2 0 2 2 2 2 2 2 0 0 2 
Edges
0 1 0
0 2 0
1 0 0
1 3 0
2 0 0
2 4 0
2 5 0
3 1 0
3 6 0
3 7 0
4 2 0
4 8 0
4 9 0
5 2 0
5 10 0
6 3 0
6 11 0
6 12 0
7 3 0
8 4 0
8 13 0
8 14 0
9 4 0
9 15 0
9 16 0
10 5 0
10 15 0
10 17 0
11 6 0
11 18 0
12 6 0
12 19 0
13 8 0
13 20 0
13 21 0
14 8 0
14 22 0
14 23 0
15 9 0
15 10 0
15 24 0
16 9 0
16 21 0
16 25 0
17 10 0
17 26 0
18 11 0
18 27 0
19 12 0
19 63 0
20 13 0
20 23 0
21 13 0
21 16 0
21 28 0
22 14 0
23 14 0
23 20 0
23 29 0
23 30 0
24 15 0
25 16 0
26 17 0
26 31 0
26 32 0
27 18 0
27 33 0
28 21 0
29 23 0
30 23 0
30 35 0
31 26 0
32 26 0
32 36 0
32 37 0
33 27 0
33 38 0
34 39 0
35 30 0
35 40 0
36 32 0
37 32 0
37 41 0
38 33 0
39 34 0
39 63 0
40 35 0
40 42 0
41 37 0
41 43 0
42 40 0
42 44 0
42 45 0
43 41 0
43 46 0
44 42 0
44 47 0
45 42 0
45 48 0
45 49 0
46 43 0
46 50 0
46 51 0
47 44 0
48 45 0
49 45 0
49 52 0
49 53 0
50 46 0
51 46 0
51 54 0
51 55 0
52 49 0
52 56 0
53 49 0
53 57 0
53 58 0
54 51 0
55 51 0
55 58 0
55 59 0
56 52 0
56 60 0
56 61 0
57 53 0
58 53 0
58 55 0
58 62 0
59 55 0
60 56 0
61 56 0
62 58 0
63 39 0
63 19 0
GraphDataEnd
GraphEnd
NodeEnd
NodeStart
EPTNodeID: 8
AnchorID: 8122
TreeNodeGraphID: 21
Level: 4
SimplifiedLevel: 0
EditOperation: 5 19 38 0 0
AccumulatedOpsCount: 3
AccumulatedOp: 4 34 39 0 0
AccumulatedOp: 1 39 0 2 0
AccumulatedOp: 5 19 38 0 0
ChildrenCount: 2
ChildIndices: 9 10
CompletedDBGraphIDsCount: 0
GraphStart
GraphDataStart
ID: 21
NumNodes: 62
NumEdges: 132
NodeLabels
0 2 2 2 2 2 3 0 2 2 2 2 2 2 2 2 2 3 2 2 0 2 0 2 0 0 2 2 2 2 0 0 2 2 2 2 2 2 2 2 2 2 2 0 2 2 2 2 2 2 2 0 2 0 2 2 2 2 2 2 0 0 
Edges
0 1 0
0 2 0
1 0 0
1 3 0
2 0 0
2 4 0
2 5 0
3 1 0
3 6 0
3 7 0
4 2 0
4 8 0
4 9 0
5 2 0
5 10 0
6 3 0
6 11 0
6 12 0
7 3 0
8 4 0
8 13 0
8 14 0
9 4 0
9 15 0
9 16 0
10 5 0
10 15 0
10 17 0
11 6 0
11 18 0
12 6 0
12 19 0
13 8 0
13 20 0
13 21 0
14 8 0
14 22 0
14 23 0
15 9 0
15 10 0
15 24 0
16 9 0
16 21 0
16 25 0
17 10 0
17 26 0
18 11 0
18 27 0
19 12 0
19 38 0
20 13 0
20 23 0
21 13 0
21 16 0
21 28 0
22 14 0
23 14 0
23 20 0
23 29 0
23 30 0
24 15 0
25 16 0
26 17 0
26 31 0
26 32 0
27 18 0
27 33 0
27 34 0
28 21 0
29 23 0
30 23 0
30 35 0
31 26 0
32 26 0
32 36 0
32 37 0
33 27 0
33 38 0
34 27 0
35 30 0
35 39 0
36 32 0
37 32 0
37 40 0
38 33 0
38 19 0
39 35 0
39 41 0
40 37 0
40 42 0
41 39 0
41 43 0
41 44 0
42 40 0
42 45 0
43 41 0
43 46 0
44 41 0
44 47 0
44 48 0
45 42 0
45 49 0
45 50 0
46 43 0
47 44 0
48 44 0
48 51 0
48 52 0
49 45 0
50 45 0
50 53 0
50 54 0
51 48 0
51 55 0
52 48 0
52 56 0
52 57 0
53 50 0
54 50 0
54 57 0
54 58 0
55 51 0
55 59 0
55 60 0
56 52 0
57 52 0
57 54 0
57 61 0
58 54 0
59 55 0
60 55 0
61 57 0
GraphDataEnd
GraphEnd
NodeEnd
NodeStart
EPTNodeID: 9
AnchorID: 8122
TreeNodeGraphID: 22
Level: 5
SimplifiedLevel: 0
EditOperation: 4 27 33 0 0
AccumulatedOpsCount: 1
AccumulatedOp: 4 27 33 0 0
ChildrenCount: 0
ChildIndices:
CompletedDBGraphIDsCount: 1
CompletedDBGraphID: 27686
GraphStart
GraphDataStart
ID: 22
NumNodes: 62
NumEdges: 130
NodeLabels
0 2 2 2 2 2 3 0 2 2 2 2 2 2 2 2 2 3 2 2 0 2 0 2 0 0 2 2 2 2 0 0 2 2 2 2 2 2 2 2 2 2 2 0 2 2 2 2 2 2 2 0 2 0 2 2 2 2 2 2 0 0 
Edges
0 1 0
0 2 0
1 0 0
1 3 0
2 0 0
2 4 0
2 5 0
3 1 0
3 6 0
3 7 0
4 2 0
4 8 0
4 9 0
5 2 0
5 10 0
6 3 0
6 11 0
6 12 0
7 3 0
8 4 0
8 13 0
8 14 0
9 4 0
9 15 0
9 16 0
10 5 0
10 15 0
10 17 0
11 6 0
11 18 0
12 6 0
12 19 0
13 8 0
13 20 0
13 21 0
14 8 0
14 22 0
14 23 0
15 9 0
15 10 0
15 24 0
16 9 0
16 21 0
16 25 0
17 10 0
17 26 0
18 11 0
18 27 0
19 12 0
19 38 0
20 13 0
20 23 0
21 13 0
21 16 0
21 28 0
22 14 0
23 14 0
23 20 0
23 29 0
23 30 0
24 15 0
25 16 0
26 17 0
26 31 0
26 32 0
27 18 0
27 34 0
28 21 0
29 23 0
30 23 0
30 35 0
31 26 0
32 26 0
32 36 0
32 37 0
33 38 0
34 27 0
35 30 0
35 39 0
36 32 0
37 32 0
37 40 0
38 33 0
38 19 0
39 35 0
39 41 0
40 37 0
40 42 0
41 39 0
41 43 0
41 44 0
42 40 0
42 45 0
43 41 0
43 46 0
44 41 0
44 47 0
44 48 0
45 42 0
45 49 0
45 50 0
46 43 0
47 44 0
48 44 0
48 51 0
48 52 0
49 45 0
50 45 0
50 53 0
50 54 0
51 48 0
51 55 0
52 48 0
52 56 0
52 57 0
53 50 0
54 50 0
54 57 0
54 58 0
55 51 0
55 59 0
55 60 0
56 52 0
57 52 0
57 54 0
57 61 0
58 54 0
59 55 0
60 55 0
61 57 0
GraphDataEnd
GraphEnd
NodeEnd
NodeStart
EPTNodeID: 10
AnchorID: 8122
TreeNodeGraphID: 25
Level: 7
SimplifiedLevel: 0
EditOperation: 0 34 0 2 0
AccumulatedOpsCount: 3
AccumulatedOp: 0 18 0 2 0
AccumulatedOp: 4 11 18 0 0
AccumulatedOp: 0 34 0 2 0
ChildrenCount: 0
ChildIndices:
CompletedDBGraphIDsCount: 1
CompletedDBGraphID: 18563
GraphStart
GraphDataStart
ID: 25
NumNodes: 62
NumEdges: 130
NodeLabels
0 2 2 2 2 2 3 0 2 2 2 2 2 2 2 2 2 3 0 2 0 2 0 2 0 0 2 2 2 2 0 0 2 2 0 2 2 2 2 2 2 2 2 0 2 2 2 2 2 2 2 0 2 0 2 2 2 2 2 2 0 0 
Edges
0 1 0
0 2 0
1 0 0
1 3 0
2 0 0
2 4 0
2 5 0
3 1 0
3 6 0
3 7 0
4 2 0
4 8 0
4 9 0
5 2 0
5 10 0
6 3 0
6 11 0
6 12 0
7 3 0
8 4 0
8 13 0
8 14 0
9 4 0
9 15 0
9 16 0
10 5 0
10 15 0
10 17 0
11 6 0
12 6 0
12 19 0
13 8 0
13 20 0
13 21 0
14 8 0
14 22 0
14 23 0
15 9 0
15 10 0
15 24 0
16 9 0
16 21 0
16 25 0
17 10 0
17 26 0
18 27 0
19 12 0
19 38 0
20 13 0
20 23 0
21 13 0
21 16 0
21 28 0
22 14 0
23 14 0
23 20 0
23 29 0
23 30 0
24 15 0
25 16 0
26 17 0
26 31 0
26 32 0
27 18 0
27 33 0
27 34 0
28 21 0
29 23 0
30 23 0
30 35 0
31 26 0
32 26 0
32 36 0
32 37 0
33 27 0
33 38 0
34 27 0
35 30 0
35 39 0
36 32 0
37 32 0
37 40 0
38 33 0
38 19 0
39 35 0
39 41 0
40 37 0
40 42 0
41 39 0
41 43 0
41 44 0
42 40 0
42 45 0
43 41 0
43 46 0
44 41 0
44 47 0
44 48 0
45 42 0
45 49 0
45 50 0
46 43 0
47 44 0
48 44 0
48 51 0
48 52 0
49 45 0
50 45 0
50 53 0
50 54 0
51 48 0
51 55 0
52 48 0
52 56 0
52 57 0
53 50 0
54 50 0
54 57 0
54 58 0
55 51 0
55 59 0
55 60 0
56 52 0
57 52 0
57 54 0
57 61 0
58 54 0
59 55 0
60 55 0
61 57 0
GraphDataEnd
GraphEnd
NodeEnd
NodeStart
EPTNodeID: 11
AnchorID: 8122
TreeNodeGraphID: 33
Level: 9
SimplifiedLevel: 0
EditOperation: 5 1 5 0 0
AccumulatedOpsCount: 8
AccumulatedOp: 4 33 38 0 0
AccumulatedOp: 5 12 38 0 0
AccumulatedOp: 0 3 0 2 3
AccumulatedOp: 0 6 0 3 2
AccumulatedOp: 4 0 1 0 0
AccumulatedOp: 5 7 39 0 0
AccumulatedOp: 4 3 6 0 0
AccumulatedOp: 5 1 5 0 0
ChildrenCount: 0
ChildIndices:
CompletedDBGraphIDsCount: 1
CompletedDBGraphID: 37856
GraphStart
GraphDataStart
ID: 33
NumNodes: 63
NumEdges: 132
NodeLabels
0 2 2 3 2 2 2 0 2 2 2 2 2 2 2 2 2 3 2 2 0 2 0 2 0 0 2 2 2 2 0 0 2 2 2 2 2 2 2 2 2 2 2 2 0 2 2 2 2 2 2 2 0 2 0 2 2 2 2 2 2 0 0 
Edges
0 2 0
1 3 0
1 5 0
2 0 0
2 4 0
2 5 0
3 1 0
3 7 0
4 2 0
4 8 0
4 9 0
5 2 0
5 10 0
5 1 0
6 11 0
6 12 0
7 3 0
7 39 0
8 4 0
8 13 0
8 14 0
9 4 0
9 15 0
9 16 0
10 5 0
10 15 0
10 17 0
11 6 0
11 18 0
12 6 0
12 19 0
12 38 0
13 8 0
13 20 0
13 21 0
14 8 0
14 22 0
14 23 0
15 9 0
15 10 0
15 24 0
16 9 0
16 21 0
16 25 0
17 10 0
17 26 0
18 11 0
18 27 0
19 12 0
20 13 0
20 23 0
21 13 0
21 16 0
21 28 0
22 14 0
23 14 0
23 20 0
23 29 0
23 30 0
24 15 0
25 16 0
26 17 0
26 31 0
26 32 0
27 18 0
27 33 0
27 34 0
28 21 0
29 23 0
30 23 0
30 35 0
31 26 0
32 26 0
32 36 0
32 37 0
33 27 0
34 27 0
34 39 0
35 30 0
35 40 0
36 32 0
37 32 0
37 41 0
38 12 0
39 34 0
39 7 0
40 35 0
40 42 0
41 37 0
41 43 0
42 40 0
42 44 0
42 45 0
43 41 0
43 46 0
44 42 0
44 47 0
45 42 0
45 48 0
45 49 0
46 43 0
46 50 0
46 51 0
47 44 0
48 45 0
49 45 0
49 52 0
49 53 0
50 46 0
51 46 0
51 54 0
51 55 0
52 49 0
52 56 0
53 49 0
53 57 0
53 58 0
54 51 0
55 51 0
55 58 0
55 59 0
56 52 0
56 60 0
56 61 0
57 53 0
58 53 0
58 55 0
58 62 0
59 55 0
60 56 0
61 56 0
62 58 0
GraphDataEnd
GraphEnd
NodeEnd
NodeStart
EPTNodeID: 12
AnchorID: 8122
TreeNodeGraphID: 38
Level: 6
SimplifiedLevel: 0
EditOperation: 5 18 39 0 0
AccumulatedOpsCount: 5
AccumulatedOp: 4 18 27 0 0
AccumulatedOp: 4 12 19 0 0
AccumulatedOp: 1 19 0 2 0
AccumulatedOp: 5 18 38 0 0
AccumulatedOp: 5 18 39 0 0
ChildrenCount: 0
ChildIndices:
CompletedDBGraphIDsCount: 1
CompletedDBGraphID: 28477
GraphStart
GraphDataStart
ID: 38
NumNodes: 62
NumEdges: 132
NodeLabels
0 2 2 2 2 2 3 0 2 2 2 2 2 2 2 2 2 3 2 0 2 0 2 0 0 2 2 2 2 0 0 2 2 2 2 2 2 2 2 2 2 2 2 0 2 2 2 2 2 2 2 0 2 0 2 2 2 2 2 2 0 0 
Edges
0 1 0
0 2 0
1 0 0
1 3 0
2 0 0
2 4 0
2 5 0
3 1 0
3 6 0
3 7 0
4 2 0
4 8 0
4 9 0
5 2 0
5 10 0
6 3 0
6 11 0
6 12 0
7 3 0
8 4 0
8 13 0
8 14 0
9 4 0
9 15 0
9 16 0
10 5 0
10 15 0
10 17 0
11 6 0
11 18 0
12 6 0
13 8 0
13 19 0
13 20 0
14 8 0
14 21 0
14 22 0
15 9 0
15 10 0
15 23 0
16 9 0
16 20 0
16 24 0
17 10 0
17 25 0
18 11 0
18 37 0
18 38 0
19 13 0
19 22 0
20 13 0
20 16 0
20 27 0
21 14 0
22 14 0
22 19 0
22 28 0
22 29 0
23 15 0
24 16 0
25 17 0
25 30 0
25 31 0
26 32 0
26 33 0
27 20 0
28 22 0
29 22 0
29 34 0
30 25 0
31 25 0
31 35 0
31 36 0
32 26 0
32 37 0
33 26 0
33 38 0
34 29 0
34 39 0
35 31 0
36 31 0
36 40 0
37 32 0
37 18 0
38 33 0
38 18 0
39 34 0
39 41 0
40 36 0
40 42 0
41 39 0
41 43 0
41 44 0
42 40 0
42 45 0
43 41 0
43 46 0
44 41 0
44 47 0
44 48 0
45 42 0
45 49 0
45 50 0
46 43 0
47 44 0
48 44 0
48 51 0
48 52 0
49 45 0
50 45 0
50 53 0
50 54 0
51 48 0
51 55 0
52 48 0
52 56 0
52 57 0
53 50 0
54 50 0
54 57 0
54 58 0
55 51 0
55 59 0
55 60 0
56 52 0
57 52 0
57 54 0
57 61 0
58 54 0
59 55 0
60 55 0
61 57 0
GraphDataEnd
GraphEnd
NodeEnd
NodeStart
EPTNodeID: 13
AnchorID: 8122
TreeNodeGraphID: 44
Level: 6
SimplifiedLevel: 0
EditOperation: 5 33 63 0 0
AccumulatedOpsCount: 6
AccumulatedOp: 4 27 34 0 0
AccumulatedOp: 0 38 0 2 0
AccumulatedOp: 2 63 0 0 0
AccumulatedOp: 5 34 63 0 0
AccumulatedOp: 5 19 27 0 0
AccumulatedOp: 5 33 63 0 0
ChildrenCount: 0
ChildIndices:
CompletedDBGraphIDsCount: 1
CompletedDBGraphID: 38670
GraphStart
GraphDataStart
ID: 44
NumNodes: 64
NumEdges: 136
NodeLabels
0 2 2 2 2 2 3 0 2 2 2 2 2 2 2 2 2 3 2 2 0 2 0 2 0 0 2 3 2 2 0 0 2 2 2 2 2 2 0 2 2 2 2 2 0 2 2 2 2 2 2 2 0 2 0 2 2 2 2 2 2 0 0 0 
Edges
0 1 0
0 2 0
1 0 0
1 3 0
2 0 0
2 4 0
2 5 0
3 1 0
3 6 0
3 7 0
4 2 0
4 8 0
4 9 0
5 2 0
5 10 0
6 3 0
6 11 0
6 12 0
7 3 0
8 4 0
8 13 0
8 14 0
9 4 0
9 15 0
9 16 0
10 5 0
10 15 0
10 17 0
11 6 0
11 18 0
12 6 0
12 19 0
13 8 0
13 20 0
13 21 0
14 8 0
14 22 0
14 23 0
15 9 0
15 10 0
15 24 0
16 9 0
16 21 0
16 25 0
17 10 0
17 26 0
18 11 0
18 27 0
19 12 0
19 27 0
20 13 0
20 23 0
21 13 0
21 16 0
21 28 0
22 14 0
23 14 0
23 20 0
23 29 0
23 30 0
24 15 0
25 16 0
26 17 0
26 31 0
26 32 0
27 18 0
27 33 0
27 19 0
28 21 0
29 23 0
30 23 0
30 35 0
31 26 0
32 26 0
32 36 0
32 37 0
33 27 0
33 38 0
33 63 0
34 39 0
34 63 0
35 30 0
35 40 0
36 32 0
37 32 0
37 41 0
38 33 0
39 34 0
40 35 0
40 42 0
41 37 0
41 43 0
42 40 0
42 44 0
42 45 0
43 41 0
43 46 0
44 42 0
44 47 0
45 42 0
45 48 0
45 49 0
46 43 0
46 50 0
46 51 0
47 44 0
48 45 0
49 45 0
49 52 0
49 53 0
50 46 0
51 46 0
51 54 0
51 55 0
52 49 0
52 56 0
53 49 0
53 57 0
53 58 0
54 51 0
55 51 0
55 58 0
55 59 0
56 52 0
56 60 0
56 61 0
57 53 0
58 53 0
58 55 0
58 62 0
59 55 0
60 56 0
61 56 0
62 58 0
63 34 0
63 33 0
GraphDataEnd
GraphEnd
NodeEnd
NodeStart
EPTNodeID: 14
AnchorID: 8122
TreeNodeGraphID: 56
Level: 12
SimplifiedLevel: 0
EditOperation: 5 18 63 0 0
AccumulatedOpsCount: 12
AccumulatedOp: 4 33 38 0 0
AccumulatedOp: 0 7 0 0 2
AccumulatedOp: 0 34 0 2 3
AccumulatedOp: 5 1 38 0 0
AccumulatedOp: 2 63 0 0 2
AccumulatedOp: 5 7 39 0 0
AccumulatedOp: 4 0 1 0 0
AccumulatedOp: 4 18 27 0 0
AccumulatedOp: 5 19 63 0 0
AccumulatedOp: 5 5 33 0 0
AccumulatedOp: 5 34 38 0 0
AccumulatedOp: 5 18 63 0 0
ChildrenCount: 0
ChildIndices:
CompletedDBGraphIDsCount: 1
CompletedDBGraphID: 15747
GraphStart
GraphDataStart
ID: 56
NumNodes: 64
NumEdges: 138
NodeLabels
0 2 2 2 2 2 3 2 2 2 2 2 2 2 2 2 2 3 2 2 0 2 0 2 0 0 2 3 2 2 0 0 2 2 3 2 2 2 2 2 2 2 2 2 0 2 2 2 2 2 2 2 0 2 0 2 2 2 2 2 2 0 0 2 
Edges
0 2 0
1 3 0
1 38 0
2 0 0
2 4 0
2 5 0
3 1 0
3 6 0
3 7 0
4 2 0
4 8 0
4 9 0
5 2 0
5 10 0
5 33 0
6 3 0
6 11 0
6 12 0
7 3 0
7 39 0
8 4 0
8 13 0
8 14 0
9 4 0
9 15 0
9 16 0
10 5 0
10 15 0
10 17 0
11 6 0
11 18 0
12 6 0
12 19 0
13 8 0
13 20 0
13 21 0
14 8 0
14 22 0
14 23 0
15 9 0
15 10 0
15 24 0
16 9 0
16 21 0
16 25 0
17 10 0
17 26 0
18 11 0
18 63 0
19 12 0
19 63 0
20 13 0
20 23 0
21 13 0
21 16 0
21 28 0
22 14 0
23 14 0
23 20 0
23 29 0
23 30 0
24 15 0
25 16 0
26 17 0
26 31 0
26 32 0
27 33 0
27 34 0
28 21 0
29 23 0
30 23 0
30 35 0
31 26 0
32 26 0
32 36 0
32 37 0
33 27 0
33 5 0
34 27 0
34 39 0
34 38 0
35 30 0
35 40 0
36 32 0
37 32 0
37 41 0
38 1 0
38 34 0
39 34 0
39 7 0
40 35 0
40 42 0
41 37 0
41 43 0
42 40 0
42 44 0
42 45 0
43 41 0
43 46 0
44 42 0
44 47 0
45 42 0
45 48 0
45 49 0
46 43 0
46 50 0
46 51 0
47 44 0
48 45 0
49 45 0
49 52 0
49 53 0
50 46 0
51 46 0
51 54 0
51 55 0
52 49 0
52 56 0
53 49 0
53 57 0
53 58 0
54 51 0
55 51 0
55 58 0
55 59 0
56 52 0
56 60 0
56 61 0
57 53 0
58 53 0
58 55 0
58 62 0
59 55 0
60 56 0
61 56 0
62 58 0
63 19 0
63 18 0
GraphDataEnd
GraphEnd
NodeEnd
NodeStart
EPTNodeID: 15
AnchorID: 8122
TreeNodeGraphID: 60
Level: 4
SimplifiedLevel: 0
EditOperation: 4 3 6 0 0
AccumulatedOpsCount: 4
AccumulatedOp: 4 0 1 0 0
AccumulatedOp: 0 6 0 3 2
AccumulatedOp: 0 7 0 0 2
AccumulatedOp: 4 3 6 0 0
ChildrenCount: 2
ChildIndices: 16 19
CompletedDBGraphIDsCount: 0
GraphStart
GraphDataStart
ID: 60
NumNodes: 63
NumEdges: 128
NodeLabels
0 2 2 2 2 2 2 2 2 2 2 2 2 2 2 2 2 3 2 2 0 2 0 2 0 0 2 3 2 2 0 0 2 2 2 2 2 2 2 2 2 2 2 2 0 2 2 2 2 2 2 2 0 2 0 2 2 2 2 2 2 0 0 
Edges
0 2 0
1 3 0
2 0 0
2 4 0
2 5 0
3 1 0
3 7 0
4 2 0
4 8 0
4 9 0
5 2 0
5 10 0
6 11 0
6 12 0
7 3 0
8 4 0
8 13 0
8 14 0
9 4 0
9 15 0
9 16 0
10 5 0
10 15 0
10 17 0
11 6 0
11 18 0
12 6 0
12 19 0
13 8 0
13 20 0
13 21 0
14 8 0
14 22 0
14 23 0
15 9 0
15 10 0
15 24 0
16 9 0
16 21 0
16 25 0
17 10 0
17 26 0
18 11 0
18 27 0
19 12 0
20 13 0
20 23 0
21 13 0
21 16 0
21 28 0
22 14 0
23 14 0
23 20 0
23 29 0
23 30 0
24 15 0
25 16 0
26 17 0
26 31 0
26 32 0
27 18 0
27 33 0
27 34 0
28 21 0
29 23 0
30 23 0
30 35 0
31 26 0
32 26 0
32 36 0
32 37 0
33 27 0
33 38 0
34 27 0
34 39 0
35 30 0
35 40 0
36 32 0
37 32 0
37 41 0
38 33 0
39 34 0
40 35 0
40 42 0
41 37 0
41 43 0
42 40 0
42 44 0
42 45 0
43 41 0
43 46 0
44 42 0
44 47 0
45 42 0
45 48 0
45 49 0
46 43 0
46 50 0
46 51 0
47 44 0
48 45 0
49 45 0
49 52 0
49 53 0
50 46 0
51 46 0
51 54 0
51 55 0
52 49 0
52 56 0
53 49 0
53 57 0
53 58 0
54 51 0
55 51 0
55 58 0
55 59 0
56 52 0
56 60 0
56 61 0
57 53 0
58 53 0
58 55 0
58 62 0
59 55 0
60 56 0
61 56 0
62 58 0
GraphDataEnd
GraphEnd
NodeEnd
NodeStart
EPTNodeID: 16
AnchorID: 8122
TreeNodeGraphID: 62
Level: 6
SimplifiedLevel: 0
EditOperation: 5 5 39 0 0
AccumulatedOpsCount: 2
AccumulatedOp: 0 34 0 2 3
AccumulatedOp: 5 5 39 0 0
ChildrenCount: 2
ChildIndices: 17 18
CompletedDBGraphIDsCount: 0
GraphStart
GraphDataStart
ID: 62
NumNodes: 63
NumEdges: 130
NodeLabels
0 2 2 2 2 2 2 2 2 2 2 2 2 2 2 2 2 3 2 2 0 2 0 2 0 0 2 3 2 2 0 0 2 2 3 2 2 2 2 2 2 2 2 2 0 2 2 2 2 2 2 2 0 2 0 2 2 2 2 2 2 0 0 
Edges
0 2 0
1 3 0
2 0 0
2 4 0
2 5 0
3 1 0
3 7 0
4 2 0
4 8 0
4 9 0
5 2 0
5 10 0
5 39 0
6 11 0
6 12 0
7 3 0
8 4 0
8 13 0
8 14 0
9 4 0
9 15 0
9 16 0
10 5 0
10 15 0
10 17 0
11 6 0
11 18 0
12 6 0
12 19 0
13 8 0
13 20 0
13 21 0
14 8 0
14 22 0
14 23 0
15 9 0
15 10 0
15 24 0
16 9 0
16 21 0
16 25 0
17 10 0
17 26 0
18 11 0
18 27 0
19 12 0
20 13 0
20 23 0
21 13 0
21 16 0
21 28 0
22 14 0
23 14 0
23 20 0
23 29 0
23 30 0
24 15 0
25 16 0
26 17 0
26 31 0
26 32 0
27 18 0
27 33 0
27 34 0
28 21 0
29 23 0
30 23 0
30 35 0
31 26 0
32 26 0
32 36 0
32 37 0
33 27 0
33 38 0
34 27 0
34 39 0
35 30 0
35 40 0
36 32 0
37 32 0
37 41 0
38 33 0
39 34 0
39 5 0
40 35 0
40 42 0
41 37 0
41 43 0
42 40 0
42 44 0
42 45 0
43 41 0
43 46 0
44 42 0
44 47 0
45 42 0
45 48 0
45 49 0
46 43 0
46 50 0
46 51 0
47 44 0
48 45 0
49 45 0
49 52 0
49 53 0
50 46 0
51 46 0
51 54 0
51 55 0
52 49 0
52 56 0
53 49 0
53 57 0
53 58 0
54 51 0
55 51 0
55 58 0
55 59 0
56 52 0
56 60 0
56 61 0
57 53 0
58 53 0
58 55 0
58 62 0
59 55 0
60 56 0
61 56 0
62 58 0
GraphDataEnd
GraphEnd
NodeEnd
NodeStart
EPTNodeID: 17
AnchorID: 8122
TreeNodeGraphID: 67
Level: 11
SimplifiedLevel: 0
EditOperation: 5 19 64 0 0
AccumulatedOpsCount: 5
AccumulatedOp: 2 63 0 0 2
AccumulatedOp: 5 7 63 0 0
AccumulatedOp: 2 64 0 0 2
AccumulatedOp: 5 38 63 0 0
AccumulatedOp: 5 19 64 0 0
ChildrenCount: 0
ChildIndices:
CompletedDBGraphIDsCount: 1
CompletedDBGraphID: 36991
GraphStart
GraphDataStart
ID: 67
NumNodes: 65
NumEdges: 136
NodeLabels
0 2 2 2 2 2 2 2 2 2 2 2 2 2 2 2 2 3 2 2 0 2 0 2 0 0 2 3 2 2 0 0 2 2 3 2 2 2 2 2 2 2 2 2 0 2 2 2 2 2 2 2 0 2 0 2 2 2 2 2 2 0 0 2 2 
Edges
0 2 0
1 3 0
2 0 0
2 4 0
2 5 0
3 1 0
3 7 0
4 2 0
4 8 0
4 9 0
5 2 0
5 10 0
5 39 0
6 11 0
6 12 0
7 3 0
7 63 0
8 4 0
8 13 0
8 14 0
9 4 0
9 15 0
9 16 0
10 5 0
10 15 0
10 17 0
11 6 0
11 18 0
12 6 0
12 19 0
13 8 0
13 20 0
13 21 0
14 8 0
14 22 0
14 23 0
15 9 0
15 10 0
15 24 0
16 9 0
16 21 0
16 25 0
17 10 0
17 26 0
18 11 0
18 27 0
19 12 0
19 64 0
20 13 0
20 23 0
21 13 0
21 16 0
21 28 0
22 14 0
23 14 0
23 20 0
23 29 0
23 30 0
24 15 0
25 16 0
26 17 0
26 31 0
26 32 0
27 18 0
27 33 0
27 34 0
28 21 0
29 23 0
30 23 0
30 35 0
31 26 0
32 26 0
32 36 0
32 37 0
33 27 0
33 38 0
34 27 0
34 39 0
35 30 0
35 40 0
36 32 0
37 32 0
37 41 0
38 33 0
38 63 0
39 34 0
39 5 0
40 35 0
40 42 0
41 37 0
41 43 0
42 40 0
42 44 0
42 45 0
43 41 0
43 46 0
44 42 0
44 47 0
45 42 0
45 48 0
45 49 0
46 43 0
46 50 0
46 51 0
47 44 0
48 45 0
49 45 0
49 52 0
49 53 0
50 46 0
51 46 0
51 54 0
51 55 0
52 49 0
52 56 0
53 49 0
53 57 0
53 58 0
54 51 0
55 51 0
55 58 0
55 59 0
56 52 0
56 60 0
56 61 0
57 53 0
58 53 0
58 55 0
58 62 0
59 55 0
60 56 0
61 56 0
62 58 0
63 7 0
63 38 0
64 19 0
GraphDataEnd
GraphEnd
NodeEnd
NodeStart
EPTNodeID: 18
AnchorID: 8122
TreeNodeGraphID: 69
Level: 8
SimplifiedLevel: 0
EditOperation: 5 7 19 0 0
AccumulatedOpsCount: 2
AccumulatedOp: 5 1 38 0 0
AccumulatedOp: 5 7 19 0 0
ChildrenCount: 0
ChildIndices:
CompletedDBGraphIDsCount: 1
CompletedDBGraphID: 11211
GraphStart
GraphDataStart
ID: 69
NumNodes: 63
NumEdges: 134
NodeLabels
0 2 2 2 2 2 2 2 2 2 2 2 2 2 2 2 2 3 2 2 0 2 0 2 0 0 2 3 2 2 0 0 2 2 3 2 2 2 2 2 2 2 2 2 0 2 2 2 2 2 2 2 0 2 0 2 2 2 2 2 2 0 0 
Edges
0 2 0
1 3 0
1 38 0
2 0 0
2 4 0
2 5 0
3 1 0
3 7 0
4 2 0
4 8 0
4 9 0
5 2 0
5 10 0
5 39 0
6 11 0
6 12 0
7 3 0
7 19 0
8 4 0
8 13 0
8 14 0
9 4 0
9 15 0
9 16 0
10 5 0
10 15 0
10 17 0
11 6 0
11 18 0
12 6 0
12 19 0
13 8 0
13 20 0
13 21 0
14 8 0
14 22 0
14 23 0
15 9 0
15 10 0
15 24 0
16 9 0
16 21 0
16 25 0
17 10 0
17 26 0
18 11 0
18 27 0
19 12 0
19 7 0
20 13 0
20 23 0
21 13 0
21 16 0
21 28 0
22 14 0
23 14 0
23 20 0
23 29 0
23 30 0
24 15 0
25 16 0
26 17 0
26 31 0
26 32 0
27 18 0
27 33 0
27 34 0
28 21 0
29 23 0
30 23 0
30 35 0
31 26 0
32 26 0
32 36 0
32 37 0
33 27 0
33 38 0
34 27 0
34 39 0
35 30 0
35 40 0
36 32 0
37 32 0
37 41 0
38 33 0
38 1 0
39 34 0
39 5 0
40 35 0
40 42 0
41 37 0
41 43 0
42 40 0
42 44 0
42 45 0
43 41 0
43 46 0
44 42 0
44 47 0
45 42 0
45 48 0
45 49 0
46 43 0
46 50 0
46 51 0
47 44 0
48 45 0
49 45 0
49 52 0
49 53 0
50 46 0
51 46 0
51 54 0
51 55 0
52 49 0
52 56 0
53 49 0
53 57 0
53 58 0
54 51 0
55 51 0
55 58 0
55 59 0
56 52 0
56 60 0
56 61 0
57 53 0
58 53 0
58 55 0
58 62 0
59 55 0
60 56 0
61 56 0
62 58 0
GraphDataEnd
GraphEnd
NodeEnd
NodeStart
EPTNodeID: 19
AnchorID: 8122
TreeNodeGraphID: 72
Level: 7
SimplifiedLevel: 0
EditOperation: 5 1 39 0 0
AccumulatedOpsCount: 3
AccumulatedOp: 0 33 0 2 3
AccumulatedOp: 5 5 38 0 0
AccumulatedOp: 5 1 39 0 0
ChildrenCount: 0
ChildIndices:
CompletedDBGraphIDsCount: 1
CompletedDBGraphID: 20452
GraphStart
GraphDataStart
ID: 72
NumNodes: 63
NumEdges: 132
NodeLabels
0 2 2 2 2 2 2 2 2 2 2 2 2 2 2 2 2 3 2 2 0 2 0 2 0 0 2 3 2 2 0 0 2 3 2 2 2 2 2 2 2 2 2 2 0 2 2 2 2 2 2 2 0 2 0 2 2 2 2 2 2 0 0 
Edges
0 2 0
1 3 0
1 39 0
2 0 0
2 4 0
2 5 0
3 1 0
3 7 0
4 2 0
4 8 0
4 9 0
5 2 0
5 10 0
5 38 0
6 11 0
6 12 0
7 3 0
8 4 0
8 13 0
8 14 0
9 4 0
9 15 0
9 16 0
10 5 0
10 15 0
10 17 0
11 6 0
11 18 0
12 6 0
12 19 0
13 8 0
13 20 0
13 21 0
14 8 0
14 22 0
14 23 0
15 9 0
15 10 0
15 24 0
16 9 0
16 21 0
16 25 0
17 10 0
17 26 0
18 11 0
18 27 0
19 12 0
20 13 0
20 23 0
21 13 0
21 16 0
21 28 0
22 14 0
23 14 0
23 20 0
23 29 0
23 30 0
24 15 0
25 16 0
26 17 0
26 31 0
26 32 0
27 18 0
27 33 0
27 34 0
28 21 0
29 23 0
30 23 0
30 35 0
31 26 0
32 26 0
32 36 0
32 37 0
33 27 0
33 38 0
34 27 0
34 39 0
35 30 0
35 40 0
36 32 0
37 32 0
37 41 0
38 33 0
38 5 0
39 34 0
39 1 0
40 35 0
40 42 0
41 37 0
41 43 0
42 40 0
42 44 0
42 45 0
43 41 0
43 46 0
44 42 0
44 47 0
45 42 0
45 48 0
45 49 0
46 43 0
46 50 0
46 51 0
47 44 0
48 45 0
49 45 0
49 52 0
49 53 0
50 46 0
51 46 0
51 54 0
51 55 0
52 49 0
52 56 0
53 49 0
53 57 0
53 58 0
54 51 0
55 51 0
55 58 0
55 59 0
56 52 0
56 60 0
56 61 0
57 53 0
58 53 0
58 55 0
58 62 0
59 55 0
60 56 0
61 56 0
62 58 0
GraphDataEnd
GraphEnd
NodeEnd
END_EPT
