BEGIN_EPT
AnchorID: 30404  # ID of the anchor node
RootIndex: 0  # Index of the root node in tree_nodes
NodeCount: 1  # Total number of nodes in the EPT
NodeStart
EPTNodeID: 0
AnchorID: 30404
TreeNodeGraphID: 0
Level: 0
SimplifiedLevel: 0
EditOperation: -1 0 -1 0 0
AccumulatedOpsCount: 0
ChildrenCount: 0
ChildIndices:
CompletedDBGraphIDsCount: 0
GraphStart
GraphDataStart
ID: 0
NumNodes: 96
NumEdges: 204
NodeLabels
3 2 3 3 2 2 2 3 2 2 2 2 2 0 2 3 2 0 2 3 2 2 2 2 2 0 2 3 2 2 2 0 3 2 2 0 3 3 2 2 2 2 2 0 3 2 3 2 2 2 2 2 0 3 2 3 2 2 2 2 2 0 2 3 3 2 2 2 2 2 0 2 3 3 2 3 2 2 2 2 2 0 2 2 2 3 3 2 2 2 12 12 12 2 0 0 
Edges
0 1 0
0 21 0
0 34 0
1 0 0
1 26 0
2 26 0
2 34 0
3 4 0
3 6 0
3 20 0
4 3 0
4 5 0
4 30 0
5 4 0
5 18 0
6 3 0
6 18 0
7 8 0
7 12 0
7 22 0
8 7 0
8 9 0
9 8 0
9 10 0
9 53 0
10 9 0
10 12 0
11 12 0
11 13 0
11 15 0
12 7 0
12 10 0
12 11 0
13 11 0
14 15 0
14 79 0
15 11 0
15 14 0
16 17 0
16 19 0
16 56 0
17 16 0
18 5 0
18 6 0
18 19 0
19 16 0
19 18 0
20 3 0
21 0 0
22 7 0
23 24 0
23 25 0
23 27 0
24 23 0
24 28 0
25 23 0
26 1 0
26 2 0
26 27 0
27 23 0
27 26 0
28 24 0
28 29 0
29 28 0
29 32 0
30 4 0
30 31 0
30 32 0
31 30 0
32 29 0
32 30 0
33 34 0
33 35 0
33 36 0
34 0 0
34 2 0
34 33 0
35 33 0
36 33 0
36 39 0
37 38 0
37 42 0
37 45 0
38 37 0
38 39 0
39 36 0
39 38 0
39 40 0
40 39 0
40 42 0
41 42 0
41 43 0
41 44 0
42 37 0
42 40 0
42 41 0
43 41 0
44 41 0
44 48 0
45 37 0
46 47 0
46 51 0
46 54 0
47 46 0
47 48 0
48 44 0
48 47 0
48 49 0
49 48 0
49 51 0
50 51 0
50 52 0
50 53 0
51 46 0
51 49 0
51 50 0
52 50 0
53 9 0
53 50 0
54 46 0
55 56 0
55 58 0
55 59 0
56 16 0
56 55 0
56 57 0
57 56 0
57 62 0
58 55 0
58 62 0
59 55 0
60 61 0
60 63 0
60 65 0
61 60 0
62 57 0
62 58 0
62 63 0
63 60 0
63 62 0
64 65 0
64 67 0
64 68 0
65 60 0
65 64 0
65 66 0
66 65 0
66 71 0
67 64 0
67 71 0
68 64 0
69 70 0
69 72 0
69 74 0
70 69 0
71 66 0
71 67 0
71 72 0
72 69 0
72 71 0
73 74 0
73 76 0
73 77 0
74 69 0
74 73 0
74 75 0
75 74 0
75 78 0
76 73 0
76 78 0
77 73 0
78 75 0
78 76 0
79 14 0
79 80 0
80 79 0
80 81 0
80 86 0
81 80 0
82 83 0
82 86 0
83 82 0
83 84 0
84 83 0
84 85 0
85 84 0
85 87 0
85 88 0
86 80 0
86 82 0
87 85 0
88 85 0
89 90 0
89 91 0
89 92 0
89 93 0
90 89 0
91 89 0
92 89 0
93 89 0
93 94 0
93 95 0
94 93 0
95 93 0
GraphDataEnd
GraphEnd
NodeEnd
END_EPT
