BEGIN_EPT
AnchorID: 14222  # ID of the anchor node
RootIndex: 0  # Index of the root node in tree_nodes
NodeCount: 1  # Total number of nodes in the EPT
NodeStart
EPTNodeID: 0
AnchorID: 14222
TreeNodeGraphID: 0
Level: 0
SimplifiedLevel: 0
EditOperation: -1 0 -1 0 0
AccumulatedOpsCount: 0
ChildrenCount: 0
ChildIndices:
CompletedDBGraphIDsCount: 0
GraphStart
GraphDataStart
ID: 0
NumNodes: 74
NumEdges: 160
NodeLabels
2 3 2 2 3 2 2 2 2 3 2 2 0 3 2 2 2 2 2 2 1 0 0 2 2 2 3 2 2 0 3 2 2 2 2 2 2 1 0 0 2 2 2 2 2 2 2 2 2 2 2 2 3 2 0 2 3 2 2 2 3 2 2 3 2 2 2 2 2 3 2 2 0 3 
Edges
0 1 0
0 5 0
1 0 0
1 2 0
1 6 0
2 1 0
2 3 0
3 2 0
3 4 0
4 3 0
4 5 0
4 23 0
5 0 0
5 4 0
6 1 0
6 7 0
7 6 0
7 8 0
8 7 0
8 9 0
9 8 0
9 10 0
10 9 0
10 11 0
11 10 0
11 12 0
11 13 0
12 11 0
13 11 0
13 14 0
14 13 0
14 15 0
14 19 0
15 14 0
15 16 0
16 15 0
16 17 0
17 16 0
17 18 0
17 20 0
18 17 0
18 19 0
19 14 0
19 18 0
20 17 0
20 21 0
20 22 0
20 46 0
21 20 0
22 20 0
23 4 0
23 24 0
24 23 0
24 25 0
25 24 0
25 26 0
26 25 0
26 27 0
27 26 0
27 28 0
28 27 0
28 29 0
28 30 0
29 28 0
30 28 0
30 31 0
31 30 0
31 32 0
31 36 0
32 31 0
32 33 0
33 32 0
33 34 0
34 33 0
34 35 0
34 37 0
35 34 0
35 36 0
36 31 0
36 35 0
37 34 0
37 38 0
37 39 0
37 40 0
38 37 0
39 37 0
40 37 0
40 41 0
40 45 0
41 40 0
41 42 0
42 41 0
42 43 0
43 42 0
43 44 0
43 52 0
44 43 0
44 45 0
45 40 0
45 44 0
46 20 0
46 47 0
46 51 0
47 46 0
47 48 0
48 47 0
48 49 0
49 48 0
49 50 0
49 73 0
50 49 0
50 51 0
51 46 0
51 50 0
52 43 0
52 53 0
53 52 0
53 54 0
53 55 0
54 53 0
55 53 0
55 56 0
56 55 0
56 57 0
57 56 0
57 58 0
58 57 0
58 59 0
59 58 0
59 60 0
60 59 0
60 61 0
60 65 0
61 60 0
61 62 0
62 61 0
62 63 0
63 62 0
63 64 0
63 66 0
64 63 0
64 65 0
65 60 0
65 64 0
66 63 0
66 67 0
67 66 0
67 68 0
68 67 0
68 69 0
69 68 0
69 70 0
70 69 0
70 71 0
71 70 0
71 72 0
71 73 0
72 71 0
73 49 0
73 71 0
GraphDataEnd
GraphEnd
NodeEnd
END_EPT
