BEGIN_EPT
AnchorID: 24348  # ID of the anchor node
RootIndex: 0  # Index of the root node in tree_nodes
NodeCount: 4  # Total number of nodes in the EPT
NodeStart
EPTNodeID: 0
AnchorID: 24348
TreeNodeGraphID: 0
Level: 0
SimplifiedLevel: 0
EditOperation: -1 0 -1 0 0
AccumulatedOpsCount: 0
ChildrenCount: 1
ChildIndices: 1
CompletedDBGraphIDsCount: 0
GraphStart
GraphDataStart
ID: 0
NumNodes: 63
NumEdges: 138
NodeLabels
2 2 2 2 2 3 3 2 2 2 2 2 2 2 2 2 2 2 2 3 3 2 2 2 2 2 2 2 2 3 3 2 2 2 2 2 2 2 2 2 3 2 3 2 2 2 2 2 2 0 0 2 2 2 2 2 2 1 0 0 0 2 2 
Edges
0 1 0
0 5 0
0 6 0
1 0 0
1 2 0
2 1 0
2 3 0
3 2 0
3 4 0
4 3 0
4 5 0
5 0 0
5 4 0
5 8 0
6 0 0
6 7 0
6 9 0
7 6 0
7 8 0
7 10 0
8 5 0
8 7 0
9 6 0
10 7 0
10 11 0
10 15 0
11 10 0
11 12 0
12 11 0
12 13 0
13 12 0
13 14 0
13 16 0
14 13 0
14 15 0
15 10 0
15 14 0
16 13 0
16 17 0
17 16 0
17 18 0
18 17 0
18 19 0
19 18 0
19 20 0
20 19 0
20 21 0
21 20 0
21 22 0
21 49 0
22 21 0
22 23 0
22 27 0
23 22 0
23 24 0
24 23 0
24 25 0
25 24 0
25 26 0
25 28 0
26 25 0
26 27 0
27 22 0
27 26 0
28 25 0
28 29 0
28 50 0
29 28 0
29 30 0
30 29 0
30 31 0
31 30 0
31 32 0
32 31 0
32 33 0
33 32 0
33 34 0
34 33 0
34 35 0
34 39 0
35 34 0
35 36 0
36 35 0
36 37 0
37 36 0
37 38 0
37 44 0
38 37 0
38 39 0
39 34 0
39 38 0
40 41 0
40 44 0
40 62 0
41 40 0
41 42 0
41 45 0
42 41 0
42 43 0
42 48 0
43 42 0
43 44 0
44 37 0
44 40 0
44 43 0
45 41 0
45 46 0
46 45 0
46 47 0
47 46 0
47 48 0
48 42 0
48 47 0
49 21 0
50 28 0
51 52 0
51 56 0
51 57 0
52 51 0
52 53 0
53 52 0
53 54 0
54 53 0
54 55 0
54 61 0
55 54 0
55 56 0
56 51 0
56 55 0
57 51 0
57 58 0
57 59 0
57 60 0
58 57 0
59 57 0
60 57 0
61 54 0
62 40 0
GraphDataEnd
GraphEnd
NodeEnd
NodeStart
EPTNodeID: 1
AnchorID: 24348
TreeNodeGraphID: 8
Level: 8
SimplifiedLevel: 0
EditOperation: 1 32 0 2 0
AccumulatedOpsCount: 8
AccumulatedOp: 4 17 18 0 0
AccumulatedOp: 4 13 16 0 0
AccumulatedOp: 4 32 33 0 0
AccumulatedOp: 4 16 17 0 0
AccumulatedOp: 1 16 0 2 0
AccumulatedOp: 1 17 0 2 0
AccumulatedOp: 4 31 32 0 0
AccumulatedOp: 1 32 0 2 0
ChildrenCount: 2
ChildIndices: 2 3
CompletedDBGraphIDsCount: 0
GraphStart
GraphDataStart
ID: 8
NumNodes: 60
NumEdges: 128
NodeLabels
2 2 2 2 2 3 3 2 2 2 2 2 2 2 2 2 2 3 3 2 2 2 2 2 2 2 2 3 3 2 2 2 2 2 2 2 2 3 2 3 2 2 2 2 2 2 0 0 2 2 2 2 2 2 1 0 0 0 2 2 
Edges
0 1 0
0 5 0
0 6 0
1 0 0
1 2 0
2 1 0
2 3 0
3 2 0
3 4 0
4 3 0
4 5 0
5 0 0
5 4 0
5 8 0
6 0 0
6 7 0
6 9 0
7 6 0
7 8 0
7 10 0
8 5 0
8 7 0
9 6 0
10 7 0
10 11 0
10 15 0
11 10 0
11 12 0
12 11 0
12 13 0
13 12 0
13 14 0
14 13 0
14 15 0
15 10 0
15 14 0
16 17 0
17 16 0
17 18 0
18 17 0
18 19 0
19 18 0
19 20 0
19 46 0
20 19 0
20 21 0
20 25 0
21 20 0
21 22 0
22 21 0
22 23 0
23 22 0
23 24 0
23 26 0
24 23 0
24 25 0
25 20 0
25 24 0
26 23 0
26 27 0
26 47 0
27 26 0
27 28 0
28 27 0
28 29 0
29 28 0
30 31 0
31 30 0
31 32 0
31 36 0
32 31 0
32 33 0
33 32 0
33 34 0
34 33 0
34 35 0
34 41 0
35 34 0
35 36 0
36 31 0
36 35 0
37 38 0
37 41 0
37 59 0
38 37 0
38 39 0
38 42 0
39 38 0
39 40 0
39 45 0
40 39 0
40 41 0
41 34 0
41 37 0
41 40 0
42 38 0
42 43 0
43 42 0
43 44 0
44 43 0
44 45 0
45 39 0
45 44 0
46 19 0
47 26 0
48 49 0
48 53 0
48 54 0
49 48 0
49 50 0
50 49 0
50 51 0
51 50 0
51 52 0
51 58 0
52 51 0
52 53 0
53 48 0
53 52 0
54 48 0
54 55 0
54 56 0
54 57 0
55 54 0
56 54 0
57 54 0
58 51 0
59 37 0
GraphDataEnd
GraphEnd
NodeEnd
NodeStart
EPTNodeID: 2
AnchorID: 24348
TreeNodeGraphID: 12
Level: 12
SimplifiedLevel: 0
EditOperation: 5 13 18 0 0
AccumulatedOpsCount: 4
AccumulatedOp: 4 30 31 0 0
AccumulatedOp: 1 31 0 2 0
AccumulatedOp: 5 30 33 0 0
AccumulatedOp: 5 13 18 0 0
ChildrenCount: 0
ChildIndices:
CompletedDBGraphIDsCount: 1
CompletedDBGraphID: 13315
GraphStart
GraphDataStart
ID: 12
NumNodes: 59
NumEdges: 130
NodeLabels
2 2 2 2 2 3 3 2 2 2 2 2 2 2 2 2 2 3 3 2 2 2 2 2 2 2 2 3 3 2 2 2 2 2 2 2 3 2 3 2 2 2 2 2 2 0 0 2 2 2 2 2 2 1 0 0 0 2 2 
Edges
0 1 0
0 5 0
0 6 0
1 0 0
1 2 0
2 1 0
2 3 0
3 2 0
3 4 0
4 3 0
4 5 0
5 0 0
5 4 0
5 8 0
6 0 0
6 7 0
6 9 0
7 6 0
7 8 0
7 10 0
8 5 0
8 7 0
9 6 0
10 7 0
10 11 0
10 15 0
11 10 0
11 12 0
12 11 0
12 13 0
13 12 0
13 14 0
13 16 0
14 13 0
14 15 0
15 10 0
15 14 0
16 17 0
16 13 0
17 16 0
17 18 0
18 17 0
18 19 0
19 18 0
19 20 0
19 45 0
20 19 0
20 21 0
20 25 0
21 20 0
21 22 0
22 21 0
22 23 0
23 22 0
23 24 0
23 26 0
24 23 0
24 25 0
25 20 0
25 24 0
26 23 0
26 27 0
26 46 0
27 26 0
27 28 0
28 27 0
28 29 0
29 30 0
29 28 0
30 29 0
30 31 0
30 35 0
31 30 0
31 32 0
32 31 0
32 33 0
33 32 0
33 34 0
33 40 0
34 33 0
34 35 0
35 30 0
35 34 0
36 37 0
36 40 0
36 58 0
37 36 0
37 38 0
37 41 0
38 37 0
38 39 0
38 44 0
39 38 0
39 40 0
40 33 0
40 36 0
40 39 0
41 37 0
41 42 0
42 41 0
42 43 0
43 42 0
43 44 0
44 38 0
44 43 0
45 19 0
46 26 0
47 48 0
47 52 0
47 53 0
48 47 0
48 49 0
49 48 0
49 50 0
50 49 0
50 51 0
50 57 0
51 50 0
51 52 0
52 47 0
52 51 0
53 47 0
53 54 0
53 55 0
53 56 0
54 53 0
55 53 0
56 53 0
57 50 0
58 36 0
GraphDataEnd
GraphEnd
NodeEnd
NodeStart
EPTNodeID: 3
AnchorID: 24348
TreeNodeGraphID: 17
Level: 13
SimplifiedLevel: 0
EditOperation: 5 18 34 0 0
AccumulatedOpsCount: 5
AccumulatedOp: 5 13 31 0 0
AccumulatedOp: 4 33 34 0 0
AccumulatedOp: 1 33 0 2 0
AccumulatedOp: 0 23 0 2 3
AccumulatedOp: 5 18 34 0 0
ChildrenCount: 0
ChildIndices:
CompletedDBGraphIDsCount: 1
CompletedDBGraphID: 9944
GraphStart
GraphDataStart
ID: 17
NumNodes: 59
NumEdges: 130
NodeLabels
2 2 2 2 2 3 3 2 2 2 2 2 2 2 2 2 2 3 3 2 2 3 2 2 2 2 2 3 3 2 2 2 2 2 2 2 3 2 3 2 2 2 2 2 2 0 0 2 2 2 2 2 2 1 0 0 0 2 2 
Edges
0 1 0
0 5 0
0 6 0
1 0 0
1 2 0
2 1 0
2 3 0
3 2 0
3 4 0
4 3 0
4 5 0
5 0 0
5 4 0
5 8 0
6 0 0
6 7 0
6 9 0
7 6 0
7 8 0
7 10 0
8 5 0
8 7 0
9 6 0
10 7 0
10 11 0
10 15 0
11 10 0
11 12 0
12 11 0
12 13 0
13 12 0
13 14 0
13 29 0
14 13 0
14 15 0
15 10 0
15 14 0
16 17 0
16 30 0
17 16 0
17 18 0
18 17 0
18 19 0
19 18 0
19 20 0
19 45 0
20 19 0
20 21 0
20 25 0
21 20 0
21 22 0
22 21 0
22 23 0
23 22 0
23 24 0
23 26 0
24 23 0
24 25 0
25 20 0
25 24 0
26 23 0
26 27 0
26 46 0
27 26 0
27 28 0
28 27 0
28 29 0
29 28 0
29 13 0
30 31 0
30 35 0
30 16 0
31 30 0
31 32 0
32 31 0
32 33 0
33 32 0
33 34 0
33 40 0
34 33 0
34 35 0
35 30 0
35 34 0
36 37 0
36 40 0
36 58 0
37 36 0
37 38 0
37 41 0
38 37 0
38 39 0
38 44 0
39 38 0
39 40 0
40 33 0
40 36 0
40 39 0
41 37 0
41 42 0
42 41 0
42 43 0
43 42 0
43 44 0
44 38 0
44 43 0
45 19 0
46 26 0
47 48 0
47 52 0
47 53 0
48 47 0
48 49 0
49 48 0
49 50 0
50 49 0
50 51 0
50 57 0
51 50 0
51 52 0
52 47 0
52 51 0
53 47 0
53 54 0
53 55 0
53 56 0
54 53 0
55 53 0
56 53 0
57 50 0
58 36 0
GraphDataEnd
GraphEnd
NodeEnd
END_EPT
