BEGIN_EPT
AnchorID: 26385  # ID of the anchor node
RootIndex: 0  # Index of the root node in tree_nodes
NodeCount: 2  # Total number of nodes in the EPT
NodeStart
EPTNodeID: 0
AnchorID: 26385
TreeNodeGraphID: 0
Level: 0
SimplifiedLevel: 0
EditOperation: -1 0 -1 0 0
AccumulatedOpsCount: 0
ChildrenCount: 1
ChildIndices: 1
CompletedDBGraphIDsCount: 1
CompletedDBGraphID: 39039
GraphStart
GraphDataStart
ID: 0
NumNodes: 68
NumEdges: 150
NodeLabels
2 2 2 0 0 2 2 2 2 0 0 2 2 0 2 2 2 2 0 2 0 2 2 0 0 2 0 2 0 0 2 0 2 2 0 0 0 2 2 2 2 2 0 2 0 2 2 2 2 2 2 2 2 0 2 0 2 2 2 0 2 0 0 0 2 0 0 0 
Edges
0 1 0
0 2 0
1 0 0
1 3 0
1 4 0
2 0 0
2 5 0
2 6 0
3 1 0
4 1 0
5 2 0
5 7 0
5 8 0
6 2 0
6 9 0
6 10 0
7 5 0
7 11 0
7 12 0
8 5 0
8 13 0
8 14 0
9 6 0
10 6 0
10 15 0
11 7 0
11 16 0
11 17 0
12 7 0
12 18 0
12 19 0
13 8 0
14 8 0
14 18 0
14 20 0
15 10 0
15 21 0
15 22 0
16 11 0
16 23 0
16 24 0
17 11 0
17 25 0
18 12 0
18 14 0
19 12 0
19 25 0
19 26 0
20 14 0
21 15 0
21 27 0
21 28 0
22 15 0
22 29 0
22 30 0
23 16 0
24 16 0
24 27 0
25 17 0
25 19 0
25 31 0
26 19 0
27 21 0
27 24 0
27 32 0
28 21 0
28 33 0
29 22 0
29 32 0
30 22 0
30 34 0
31 25 0
32 27 0
32 29 0
32 35 0
33 28 0
33 36 0
33 37 0
34 30 0
34 38 0
35 32 0
35 39 0
36 33 0
37 33 0
37 40 0
37 41 0
38 34 0
38 42 0
38 43 0
39 35 0
39 44 0
39 45 0
40 37 0
40 46 0
40 47 0
41 37 0
41 48 0
42 38 0
43 38 0
43 46 0
43 49 0
44 39 0
45 39 0
45 50 0
45 51 0
46 40 0
46 43 0
46 52 0
47 40 0
47 53 0
47 54 0
48 41 0
48 54 0
48 55 0
49 43 0
49 56 0
50 45 0
50 57 0
51 45 0
51 58 0
52 46 0
52 59 0
52 60 0
53 47 0
54 47 0
54 48 0
54 61 0
55 48 0
56 49 0
56 60 0
56 62 0
57 50 0
57 63 0
57 64 0
58 51 0
58 64 0
58 65 0
59 52 0
60 52 0
60 56 0
60 66 0
61 54 0
62 56 0
63 57 0
64 57 0
64 58 0
64 67 0
65 58 0
66 60 0
67 64 0
GraphDataEnd
GraphEnd
NodeEnd
NodeStart
EPTNodeID: 1
AnchorID: 26385
TreeNodeGraphID: 1
Level: 1
SimplifiedLevel: 0
EditOperation: 4 40 46 0 0
AccumulatedOpsCount: 1
AccumulatedOp: 4 40 46 0 0
ChildrenCount: 0
ChildIndices:
CompletedDBGraphIDsCount: 1
CompletedDBGraphID: 31507
GraphStart
GraphDataStart
ID: 1
NumNodes: 68
NumEdges: 148
NodeLabels
2 2 2 0 0 2 2 2 2 0 0 2 2 0 2 2 2 2 0 2 0 2 2 0 0 2 0 2 0 0 2 0 2 2 0 0 0 2 2 2 2 2 0 2 0 2 2 2 2 2 2 2 2 0 2 0 2 2 2 0 2 0 0 0 2 0 0 0 
Edges
0 1 0
0 2 0
1 0 0
1 3 0
1 4 0
2 0 0
2 5 0
2 6 0
3 1 0
4 1 0
5 2 0
5 7 0
5 8 0
6 2 0
6 9 0
6 10 0
7 5 0
7 11 0
7 12 0
8 5 0
8 13 0
8 14 0
9 6 0
10 6 0
10 15 0
11 7 0
11 16 0
11 17 0
12 7 0
12 18 0
12 19 0
13 8 0
14 8 0
14 18 0
14 20 0
15 10 0
15 21 0
15 22 0
16 11 0
16 23 0
16 24 0
17 11 0
17 25 0
18 12 0
18 14 0
19 12 0
19 25 0
19 26 0
20 14 0
21 15 0
21 27 0
21 28 0
22 15 0
22 29 0
22 30 0
23 16 0
24 16 0
24 27 0
25 17 0
25 19 0
25 31 0
26 19 0
27 21 0
27 24 0
27 32 0
28 21 0
28 33 0
29 22 0
29 32 0
30 22 0
30 34 0
31 25 0
32 27 0
32 29 0
32 35 0
33 28 0
33 36 0
33 37 0
34 30 0
34 38 0
35 32 0
35 39 0
36 33 0
37 33 0
37 40 0
37 41 0
38 34 0
38 42 0
38 43 0
39 35 0
39 44 0
39 45 0
40 37 0
40 47 0
41 37 0
41 48 0
42 38 0
43 38 0
43 46 0
43 49 0
44 39 0
45 39 0
45 50 0
45 51 0
46 43 0
46 52 0
47 40 0
47 53 0
47 54 0
48 41 0
48 54 0
48 55 0
49 43 0
49 56 0
50 45 0
50 57 0
51 45 0
51 58 0
52 46 0
52 59 0
52 60 0
53 47 0
54 47 0
54 48 0
54 61 0
55 48 0
56 49 0
56 60 0
56 62 0
57 50 0
57 63 0
57 64 0
58 51 0
58 64 0
58 65 0
59 52 0
60 52 0
60 56 0
60 66 0
61 54 0
62 56 0
63 57 0
64 57 0
64 58 0
64 67 0
65 58 0
66 60 0
67 64 0
GraphDataEnd
GraphEnd
NodeEnd
END_EPT
