BEGIN_EPT
AnchorID: 14089  # ID of the anchor node
RootIndex: 0  # Index of the root node in tree_nodes
NodeCount: 1  # Total number of nodes in the EPT
NodeStart
EPTNodeID: 0
AnchorID: 14089
TreeNodeGraphID: 0
Level: 0
SimplifiedLevel: 0
EditOperation: -1 0 -1 0 0
AccumulatedOpsCount: 0
ChildrenCount: 0
ChildIndices:
CompletedDBGraphIDsCount: 0
GraphStart
GraphDataStart
ID: 0
NumNodes: 73
NumEdges: 158
NodeLabels
2 2 2 2 2 2 3 3 3 2 2 2 2 2 2 2 2 2 2 2 2 2 2 1 0 0 0 3 3 2 2 2 2 2 2 1 0 0 0 2 2 2 2 2 2 2 2 3 3 2 2 3 2 2 2 2 1 0 0 0 1 0 0 0 1 0 0 0 1 0 0 0 31 
Edges
0 1 0
0 5 0
1 0 0
1 2 0
1 6 0
2 1 0
2 3 0
2 8 0
3 2 0
3 4 0
4 3 0
4 5 0
4 68 0
5 0 0
5 4 0
6 1 0
6 7 0
7 6 0
7 8 0
7 9 0
8 2 0
8 7 0
9 7 0
9 10 0
9 14 0
10 9 0
10 11 0
11 10 0
11 12 0
11 60 0
12 11 0
12 13 0
12 15 0
13 12 0
13 14 0
14 9 0
14 13 0
15 12 0
15 16 0
16 15 0
16 17 0
17 16 0
17 18 0
17 22 0
18 17 0
18 19 0
19 18 0
19 20 0
20 19 0
20 21 0
20 27 0
21 20 0
21 22 0
22 17 0
22 21 0
22 23 0
23 22 0
23 24 0
23 25 0
23 26 0
24 23 0
25 23 0
26 23 0
27 20 0
27 28 0
28 27 0
28 29 0
29 28 0
29 30 0
29 34 0
30 29 0
30 31 0
31 30 0
31 32 0
32 31 0
32 33 0
32 39 0
33 32 0
33 34 0
33 35 0
34 29 0
34 33 0
35 33 0
35 36 0
35 37 0
35 38 0
36 35 0
37 35 0
38 35 0
39 32 0
39 40 0
40 39 0
40 41 0
41 40 0
41 42 0
41 46 0
42 41 0
42 43 0
42 64 0
43 42 0
43 44 0
44 43 0
44 45 0
44 47 0
45 44 0
45 46 0
46 41 0
46 45 0
47 44 0
47 48 0
47 51 0
48 47 0
48 49 0
49 48 0
49 50 0
49 52 0
50 49 0
50 51 0
50 55 0
51 47 0
51 50 0
52 49 0
52 53 0
53 52 0
53 54 0
53 56 0
54 53 0
54 55 0
55 50 0
55 54 0
56 53 0
56 57 0
56 58 0
56 59 0
57 56 0
58 56 0
59 56 0
60 11 0
60 61 0
60 62 0
60 63 0
61 60 0
62 60 0
63 60 0
64 42 0
64 65 0
64 66 0
64 67 0
65 64 0
66 64 0
67 64 0
68 4 0
68 69 0
68 70 0
68 71 0
69 68 0
70 68 0
71 68 0
GraphDataEnd
GraphEnd
NodeEnd
END_EPT
