BEGIN_EPT
AnchorID: 5962  # ID of the anchor node
RootIndex: 0  # Index of the root node in tree_nodes
NodeCount: 1  # Total number of nodes in the EPT
NodeStart
EPTNodeID: 0
AnchorID: 5962
TreeNodeGraphID: 0
Level: 0
SimplifiedLevel: 0
EditOperation: -1 0 -1 0 0
AccumulatedOpsCount: 0
ChildrenCount: 0
ChildIndices:
CompletedDBGraphIDsCount: 0
GraphStart
GraphDataStart
ID: 0
NumNodes: 117
NumEdges: 260
NodeLabels
2 2 2 2 2 2 2 2 2 2 2 2 2 2 2 0 0 2 2 2 2 2 2 0 2 2 2 2 2 2 2 0 0 2 2 2 2 2 2 2 0 2 2 2 2 2 4 2 2 2 2 2 2 2 2 2 2 2 2 2 2 2 2 2 2 2 2 2 2 2 2 2 2 2 2 2 0 0 2 2 2 2 2 2 2 2 6 0 0 2 2 2 2 2 2 6 0 0 2 2 2 2 2 2 2 6 0 0 2 2 2 2 2 2 2 6 4 
Edges
0 1 0
0 4 0
0 40 0
1 0 0
1 2 0
1 46 0
2 1 0
2 11 0
3 4 0
3 11 0
4 0 0
4 3 0
4 30 0
5 6 0
5 10 0
6 5 0
6 7 0
6 12 0
7 6 0
7 8 0
8 7 0
8 9 0
8 116 0
9 8 0
9 10 0
9 23 0
10 5 0
10 9 0
10 14 0
11 2 0
11 3 0
11 12 0
12 6 0
12 11 0
12 13 0
13 12 0
13 47 0
14 10 0
14 15 0
14 16 0
15 14 0
15 17 0
16 14 0
17 15 0
17 18 0
18 17 0
18 22 0
18 98 0
19 20 0
19 98 0
20 19 0
20 21 0
21 20 0
21 22 0
22 18 0
22 21 0
23 9 0
23 85 0
24 25 0
24 29 0
24 85 0
25 24 0
25 26 0
26 25 0
26 27 0
27 26 0
27 28 0
28 27 0
28 29 0
29 24 0
29 28 0
29 86 0
30 4 0
30 31 0
30 32 0
31 30 0
32 30 0
32 33 0
33 32 0
33 34 0
34 33 0
34 35 0
34 39 0
35 34 0
35 36 0
35 115 0
36 35 0
36 37 0
37 36 0
37 38 0
38 37 0
38 39 0
39 34 0
39 38 0
40 0 0
40 84 0
41 42 0
41 84 0
41 108 0
42 41 0
42 43 0
43 42 0
43 44 0
44 43 0
44 45 0
45 44 0
45 108 0
46 1 0
47 13 0
47 48 0
48 47 0
48 50 0
49 50 0
49 54 0
50 48 0
50 49 0
50 51 0
51 50 0
51 52 0
52 51 0
52 53 0
52 55 0
53 52 0
53 54 0
53 58 0
53 75 0
54 49 0
54 53 0
55 52 0
55 56 0
56 55 0
56 57 0
57 56 0
57 58 0
57 59 0
58 53 0
58 57 0
58 62 0
59 57 0
59 60 0
59 63 0
60 59 0
60 61 0
60 65 0
60 66 0
61 60 0
61 62 0
62 58 0
62 61 0
63 59 0
63 64 0
64 63 0
64 65 0
65 60 0
65 64 0
65 67 0
66 60 0
67 65 0
67 68 0
67 69 0
68 67 0
68 70 0
69 67 0
70 68 0
70 71 0
71 70 0
71 72 0
72 71 0
72 73 0
72 74 0
73 72 0
74 72 0
75 53 0
76 79 0
76 115 0
77 78 0
77 115 0
78 77 0
78 79 0
78 80 0
78 82 0
79 76 0
79 78 0
79 81 0
79 83 0
80 78 0
81 79 0
82 78 0
83 79 0
84 40 0
84 41 0
85 23 0
85 24 0
86 29 0
86 87 0
86 88 0
87 86 0
87 90 0
88 86 0
88 89 0
89 88 0
89 90 0
89 91 0
89 93 0
90 87 0
90 89 0
90 92 0
90 94 0
91 89 0
92 90 0
93 89 0
94 90 0
95 96 0
95 97 0
95 98 0
96 95 0
96 100 0
97 95 0
97 99 0
98 18 0
98 19 0
98 95 0
99 97 0
99 100 0
99 101 0
99 103 0
100 96 0
100 99 0
100 102 0
100 104 0
101 99 0
102 100 0
103 99 0
104 100 0
105 106 0
105 107 0
105 108 0
106 105 0
106 110 0
107 105 0
107 109 0
108 41 0
108 45 0
108 105 0
109 107 0
109 110 0
109 111 0
109 113 0
110 106 0
110 109 0
110 112 0
110 114 0
111 109 0
112 110 0
113 109 0
114 110 0
115 35 0
115 76 0
115 77 0
116 8 0
GraphDataEnd
GraphEnd
NodeEnd
END_EPT
