BEGIN_EPT
AnchorID: 24207  # ID of the anchor node
RootIndex: 0  # Index of the root node in tree_nodes
NodeCount: 1  # Total number of nodes in the EPT
NodeStart
EPTNodeID: 0
AnchorID: 24207
TreeNodeGraphID: 0
Level: 0
SimplifiedLevel: 0
EditOperation: -1 0 -1 0 0
AccumulatedOpsCount: 0
ChildrenCount: 0
ChildIndices:
CompletedDBGraphIDsCount: 0
GraphStart
GraphDataStart
ID: 0
NumNodes: 101
NumEdges: 212
NodeLabels
27 11 11 11 2 2 2 2 2 2 2 2 2 2 2 2 2 2 11 2 2 2 2 2 2 2 2 2 2 2 2 4 2 2 2 2 2 2 2 2 2 2 2 2 2 2 27 11 11 11 2 2 2 2 2 2 2 2 2 2 2 2 2 2 11 2 2 2 2 2 2 2 2 2 2 2 2 4 2 2 2 2 2 2 2 2 2 2 2 2 2 2 27 4 4 4 4 2 2 2 2 
Edges
0 31 0
0 77 0
1 6 0
1 32 0
1 34 0
2 12 0
2 33 0
2 40 0
3 4 0
3 5 0
3 98 0
4 3 0
4 32 0
5 3 0
5 33 0
6 1 0
6 7 0
6 11 0
7 6 0
7 8 0
8 7 0
8 9 0
9 8 0
9 10 0
10 9 0
10 11 0
11 6 0
11 10 0
12 2 0
12 13 0
12 17 0
13 12 0
13 14 0
14 13 0
14 15 0
15 14 0
15 16 0
16 15 0
16 17 0
17 12 0
17 16 0
18 19 0
18 27 0
18 97 0
19 18 0
19 20 0
19 24 0
20 19 0
20 21 0
21 20 0
21 22 0
22 21 0
22 23 0
23 22 0
23 24 0
24 19 0
24 23 0
25 26 0
25 30 0
26 25 0
26 27 0
27 18 0
27 26 0
27 28 0
28 27 0
28 29 0
29 28 0
29 30 0
30 25 0
30 29 0
31 0 0
31 46 0
32 1 0
32 4 0
33 2 0
33 5 0
34 1 0
34 35 0
34 39 0
35 34 0
35 36 0
36 35 0
36 37 0
37 36 0
37 38 0
38 37 0
38 39 0
39 34 0
39 38 0
40 2 0
40 41 0
40 45 0
41 40 0
41 42 0
42 41 0
42 43 0
43 42 0
43 44 0
44 43 0
44 45 0
45 40 0
45 44 0
46 31 0
46 77 0
47 52 0
47 78 0
47 80 0
48 58 0
48 79 0
48 86 0
49 50 0
49 51 0
49 99 0
50 49 0
50 78 0
51 49 0
51 79 0
52 47 0
52 53 0
52 57 0
53 52 0
53 54 0
54 53 0
54 55 0
55 54 0
55 56 0
56 55 0
56 57 0
57 52 0
57 56 0
58 48 0
58 59 0
58 63 0
59 58 0
59 60 0
60 59 0
60 61 0
61 60 0
61 62 0
62 61 0
62 63 0
63 58 0
63 62 0
64 65 0
64 73 0
64 100 0
65 64 0
65 66 0
65 70 0
66 65 0
66 67 0
67 66 0
67 68 0
68 67 0
68 69 0
69 68 0
69 70 0
70 65 0
70 69 0
71 72 0
71 76 0
72 71 0
72 73 0
73 64 0
73 72 0
73 74 0
74 73 0
74 75 0
75 74 0
75 76 0
76 71 0
76 75 0
77 0 0
77 46 0
78 47 0
78 50 0
79 48 0
79 51 0
80 47 0
80 81 0
80 85 0
81 80 0
81 82 0
82 81 0
82 83 0
83 82 0
83 84 0
84 83 0
84 85 0
85 80 0
85 84 0
86 48 0
86 87 0
86 91 0
87 86 0
87 88 0
88 87 0
88 89 0
89 88 0
89 90 0
90 89 0
90 91 0
91 86 0
91 90 0
97 18 0
97 98 0
98 3 0
98 97 0
99 49 0
99 100 0
100 64 0
100 99 0
GraphDataEnd
GraphEnd
NodeEnd
END_EPT
