BEGIN_EPT
AnchorID: 31360  # ID of the anchor node
RootIndex: 0  # Index of the root node in tree_nodes
NodeCount: 1  # Total number of nodes in the EPT
NodeStart
EPTNodeID: 0
AnchorID: 31360
TreeNodeGraphID: 0
Level: 0
SimplifiedLevel: 0
EditOperation: -1 0 -1 0 0
AccumulatedOpsCount: 0
ChildrenCount: 0
ChildIndices:
CompletedDBGraphIDsCount: 0
GraphStart
GraphDataStart
ID: 0
NumNodes: 112
NumEdges: 248
NodeLabels
0 2 2 2 0 2 2 0 0 0 0 0 0 0 0 2 0 2 2 2 2 2 2 2 2 2 2 2 2 2 2 2 2 2 2 2 2 2 2 2 2 2 2 2 2 2 2 2 2 2 2 2 2 2 2 2 2 2 2 2 2 2 2 2 2 2 2 2 2 2 0 0 0 0 0 0 0 0 0 0 0 0 0 0 0 0 0 0 0 0 0 0 2 2 0 0 0 0 0 2 2 0 2 0 2 2 0 0 0 2 2 0 
Edges
0 27 0
0 44 0
1 7 0
1 28 0
1 96 0
2 4 0
2 45 0
2 98 0
3 8 0
3 22 0
3 95 0
4 2 0
4 18 0
5 10 0
5 39 0
5 94 0
6 40 0
6 41 0
6 81 0
7 1 0
7 93 0
8 3 0
8 92 0
9 60 0
9 110 0
10 5 0
10 32 0
11 59 0
11 100 0
12 31 0
12 34 0
13 15 0
13 33 0
14 99 0
14 105 0
15 13 0
15 36 0
15 108 0
16 17 0
16 49 0
17 16 0
17 36 0
17 38 0
18 4 0
18 59 0
18 60 0
19 20 0
19 30 0
19 76 0
20 19 0
20 21 0
20 74 0
21 20 0
21 23 0
21 73 0
22 3 0
22 23 0
22 30 0
23 21 0
23 22 0
23 24 0
24 23 0
24 25 0
24 28 0
25 24 0
25 26 0
25 72 0
26 25 0
26 27 0
26 97 0
27 0 0
27 26 0
27 29 0
28 1 0
28 24 0
28 29 0
29 27 0
29 28 0
30 19 0
30 22 0
31 12 0
31 92 0
31 93 0
32 10 0
32 33 0
32 93 0
33 13 0
33 32 0
33 34 0
34 12 0
34 33 0
34 84 0
35 36 0
35 67 0
36 15 0
36 17 0
36 35 0
37 38 0
37 67 0
37 91 0
38 17 0
38 37 0
38 90 0
39 5 0
39 42 0
39 43 0
40 6 0
40 42 0
40 83 0
41 6 0
41 43 0
41 78 0
42 39 0
42 40 0
43 39 0
43 41 0
44 0 0
44 45 0
44 46 0
45 2 0
45 44 0
45 48 0
46 44 0
46 47 0
46 71 0
47 46 0
47 61 0
47 70 0
48 45 0
48 61 0
49 16 0
49 50 0
49 52 0
50 49 0
50 51 0
51 50 0
51 68 0
51 102 0
52 49 0
52 53 0
52 89 0
53 52 0
53 68 0
53 88 0
54 56 0
54 69 0
54 87 0
55 57 0
55 69 0
55 105 0
56 54 0
56 58 0
56 107 0
57 55 0
57 58 0
58 56 0
58 57 0
58 85 0
59 11 0
59 18 0
59 80 0
60 9 0
60 18 0
60 99 0
61 47 0
61 48 0
61 75 0
62 63 0
62 65 0
62 82 0
63 62 0
63 64 0
63 79 0
64 63 0
64 66 0
64 77 0
65 62 0
65 109 0
66 64 0
66 109 0
67 35 0
67 37 0
67 86 0
68 51 0
68 53 0
68 69 0
69 54 0
69 55 0
69 68 0
70 47 0
71 46 0
72 25 0
73 21 0
74 20 0
75 61 0
76 19 0
77 64 0
78 41 0
79 63 0
80 59 0
81 6 0
82 62 0
83 40 0
84 34 0
85 58 0
86 67 0
87 54 0
88 53 0
89 52 0
90 38 0
91 37 0
92 8 0
92 31 0
93 7 0
93 31 0
93 32 0
94 5 0
95 3 0
96 1 0
97 26 0
98 2 0
99 14 0
99 60 0
99 100 0
100 11 0
100 99 0
100 104 0
101 102 0
101 104 0
102 51 0
102 101 0
102 103 0
103 102 0
104 100 0
104 101 0
105 14 0
105 55 0
105 106 0
106 105 0
107 56 0
108 15 0
109 65 0
109 66 0
109 110 0
110 9 0
110 109 0
110 111 0
111 110 0
GraphDataEnd
GraphEnd
NodeEnd
END_EPT
