BEGIN_EPT
AnchorID: 19579  # ID of the anchor node
RootIndex: 0  # Index of the root node in tree_nodes
NodeCount: 1  # Total number of nodes in the EPT
NodeStart
EPTNodeID: 0
AnchorID: 19579
TreeNodeGraphID: 0
Level: 0
SimplifiedLevel: 0
EditOperation: -1 0 -1 0 0
AccumulatedOpsCount: 0
ChildrenCount: 0
ChildIndices:
CompletedDBGraphIDsCount: 0
GraphStart
GraphDataStart
ID: 0
NumNodes: 108
NumEdges: 236
NodeLabels
2 2 2 2 2 2 2 2 2 2 2 2 2 2 0 0 2 2 2 0 2 2 2 2 2 2 2 2 2 0 2 2 2 2 2 2 2 2 2 0 1 2 2 2 0 2 2 2 2 2 2 2 2 3 2 2 2 0 2 2 2 2 2 2 0 2 0 2 2 2 0 1 2 2 2 0 2 0 2 3 3 3 3 3 3 2 0 2 2 2 2 2 2 2 2 2 2 2 2 2 2 0 0 2 3 3 3 3 
Edges
0 1 0
0 5 0
1 0 0
1 2 0
2 1 0
2 3 0
2 6 0
3 2 0
3 4 0
3 8 0
4 3 0
4 5 0
5 0 0
5 4 0
6 2 0
6 7 0
6 16 0
7 6 0
7 8 0
7 9 0
8 3 0
8 7 0
8 12 0
9 7 0
9 10 0
10 9 0
10 11 0
11 10 0
11 12 0
12 8 0
12 11 0
13 14 0
13 15 0
13 106 0
14 13 0
15 13 0
15 16 0
16 6 0
16 15 0
17 18 0
17 20 0
17 106 0
18 17 0
18 19 0
18 105 0
19 18 0
20 17 0
20 21 0
21 20 0
21 22 0
21 26 0
22 21 0
22 23 0
23 22 0
23 24 0
24 23 0
24 25 0
25 24 0
25 26 0
26 21 0
26 25 0
27 28 0
27 30 0
27 84 0
28 27 0
28 29 0
28 83 0
29 28 0
30 27 0
30 31 0
31 30 0
31 32 0
31 36 0
32 31 0
32 33 0
33 32 0
33 34 0
34 33 0
34 35 0
35 34 0
35 36 0
36 31 0
36 35 0
37 38 0
37 41 0
37 105 0
38 37 0
38 39 0
38 84 0
39 38 0
40 41 0
40 71 0
41 37 0
41 40 0
42 43 0
42 54 0
42 83 0
43 42 0
43 44 0
43 82 0
44 43 0
45 46 0
45 50 0
46 45 0
46 47 0
47 46 0
47 48 0
47 51 0
48 47 0
48 49 0
48 53 0
49 48 0
49 50 0
50 45 0
50 49 0
51 47 0
51 52 0
51 54 0
52 51 0
52 53 0
53 48 0
53 52 0
53 85 0
54 42 0
54 51 0
55 56 0
55 58 0
55 82 0
56 55 0
56 57 0
56 81 0
57 56 0
58 55 0
58 59 0
59 58 0
59 60 0
60 59 0
60 61 0
61 60 0
61 104 0
62 63 0
62 65 0
62 81 0
63 62 0
63 64 0
63 79 0
64 63 0
65 62 0
65 66 0
65 67 0
66 65 0
67 65 0
68 69 0
68 72 0
68 79 0
69 68 0
69 70 0
69 80 0
70 69 0
71 40 0
71 72 0
72 68 0
72 71 0
73 74 0
73 76 0
73 80 0
74 73 0
74 75 0
74 107 0
75 74 0
76 73 0
76 77 0
76 78 0
77 76 0
78 76 0
79 63 0
79 68 0
80 69 0
80 73 0
81 56 0
81 62 0
82 43 0
82 55 0
83 28 0
83 42 0
84 27 0
84 38 0
85 53 0
85 86 0
86 85 0
87 88 0
87 92 0
88 87 0
88 89 0
89 88 0
89 90 0
89 93 0
90 89 0
90 91 0
90 95 0
91 90 0
91 92 0
92 87 0
92 91 0
93 89 0
93 94 0
93 103 0
94 93 0
94 95 0
94 96 0
95 90 0
95 94 0
95 99 0
96 94 0
96 97 0
97 96 0
97 98 0
98 97 0
98 99 0
99 95 0
99 98 0
100 101 0
100 102 0
100 104 0
101 100 0
102 100 0
102 103 0
103 93 0
103 102 0
104 61 0
104 100 0
105 18 0
105 37 0
106 13 0
106 17 0
107 74 0
GraphDataEnd
GraphEnd
NodeEnd
END_EPT
