BEGIN_EPT
AnchorID: 19534  # ID of the anchor node
RootIndex: 0  # Index of the root node in tree_nodes
NodeCount: 18  # Total number of nodes in the EPT
NodeStart
EPTNodeID: 0
AnchorID: 19534
TreeNodeGraphID: 0
Level: 0
SimplifiedLevel: 0
EditOperation: -1 0 -1 0 0
AccumulatedOpsCount: 0
ChildrenCount: 4
ChildIndices: 1 8 11 15
CompletedDBGraphIDsCount: 0
GraphStart
GraphDataStart
ID: 0
NumNodes: 68
NumEdges: 144
NodeLabels
0 2 2 2 2 2 2 2 2 2 2 2 3 3 0 2 0 2 0 0 3 2 2 2 0 2 0 2 2 2 2 2 2 2 2 2 2 2 2 2 2 0 2 2 2 2 2 2 2 2 2 2 2 0 2 2 2 0 2 2 2 2 2 2 2 2 0 0 
Edges
0 1 0
1 0 0
1 2 0
1 3 0
2 1 0
2 4 0
2 5 0
3 1 0
3 6 0
3 7 0
4 2 0
4 8 0
4 9 0
5 2 0
5 10 0
5 11 0
6 3 0
6 12 0
7 3 0
7 10 0
7 13 0
8 4 0
8 14 0
8 15 0
9 4 0
9 16 0
9 17 0
10 5 0
10 7 0
10 18 0
11 5 0
11 15 0
11 19 0
12 6 0
12 20 0
13 7 0
13 21 0
14 8 0
14 17 0
15 8 0
15 11 0
15 22 0
16 9 0
17 9 0
17 14 0
17 23 0
17 24 0
18 10 0
19 11 0
20 12 0
20 25 0
21 13 0
21 26 0
21 27 0
22 15 0
23 17 0
24 17 0
24 28 0
25 20 0
25 29 0
25 30 0
26 21 0
27 21 0
27 31 0
27 32 0
28 24 0
28 33 0
29 25 0
29 34 0
30 25 0
30 35 0
31 27 0
32 27 0
32 36 0
33 28 0
33 37 0
34 29 0
34 38 0
35 30 0
35 39 0
36 32 0
36 40 0
37 33 0
37 41 0
37 42 0
38 34 0
38 43 0
39 35 0
39 44 0
40 36 0
40 45 0
41 37 0
41 46 0
42 37 0
42 47 0
42 48 0
43 38 0
43 49 0
44 39 0
44 50 0
45 40 0
45 51 0
45 52 0
46 41 0
47 42 0
48 42 0
48 53 0
48 54 0
49 43 0
49 55 0
50 44 0
50 56 0
51 45 0
52 45 0
52 57 0
52 58 0
53 48 0
53 59 0
54 48 0
54 60 0
54 61 0
55 49 0
55 62 0
56 50 0
56 63 0
57 52 0
58 52 0
58 61 0
58 64 0
59 53 0
59 65 0
59 66 0
60 54 0
61 54 0
61 58 0
61 67 0
62 55 0
62 63 0
63 56 0
63 62 0
64 58 0
65 59 0
66 59 0
67 61 0
GraphDataEnd
GraphEnd
NodeEnd
NodeStart
EPTNodeID: 1
AnchorID: 19534
TreeNodeGraphID: 1
Level: 1
SimplifiedLevel: 0
EditOperation: 4 25 30 0 0
AccumulatedOpsCount: 1
AccumulatedOp: 4 25 30 0 0
ChildrenCount: 3
ChildIndices: 2 4 7
CompletedDBGraphIDsCount: 0
GraphStart
GraphDataStart
ID: 1
NumNodes: 68
NumEdges: 142
NodeLabels
0 2 2 2 2 2 2 2 2 2 2 2 3 3 0 2 0 2 0 0 3 2 2 2 0 2 0 2 2 2 2 2 2 2 2 2 2 2 2 2 2 0 2 2 2 2 2 2 2 2 2 2 2 0 2 2 2 0 2 2 2 2 2 2 2 2 0 0 
Edges
0 1 0
1 0 0
1 2 0
1 3 0
2 1 0
2 4 0
2 5 0
3 1 0
3 6 0
3 7 0
4 2 0
4 8 0
4 9 0
5 2 0
5 10 0
5 11 0
6 3 0
6 12 0
7 3 0
7 10 0
7 13 0
8 4 0
8 14 0
8 15 0
9 4 0
9 16 0
9 17 0
10 5 0
10 7 0
10 18 0
11 5 0
11 15 0
11 19 0
12 6 0
12 20 0
13 7 0
13 21 0
14 8 0
14 17 0
15 8 0
15 11 0
15 22 0
16 9 0
17 9 0
17 14 0
17 23 0
17 24 0
18 10 0
19 11 0
20 12 0
20 25 0
21 13 0
21 26 0
21 27 0
22 15 0
23 17 0
24 17 0
24 28 0
25 20 0
25 29 0
26 21 0
27 21 0
27 31 0
27 32 0
28 24 0
28 33 0
29 25 0
29 34 0
30 35 0
31 27 0
32 27 0
32 36 0
33 28 0
33 37 0
34 29 0
34 38 0
35 30 0
35 39 0
36 32 0
36 40 0
37 33 0
37 41 0
37 42 0
38 34 0
38 43 0
39 35 0
39 44 0
40 36 0
40 45 0
41 37 0
41 46 0
42 37 0
42 47 0
42 48 0
43 38 0
43 49 0
44 39 0
44 50 0
45 40 0
45 51 0
45 52 0
46 41 0
47 42 0
48 42 0
48 53 0
48 54 0
49 43 0
49 55 0
50 44 0
50 56 0
51 45 0
52 45 0
52 57 0
52 58 0
53 48 0
53 59 0
54 48 0
54 60 0
54 61 0
55 49 0
55 62 0
56 50 0
56 63 0
57 52 0
58 52 0
58 61 0
58 64 0
59 53 0
59 65 0
59 66 0
60 54 0
61 54 0
61 58 0
61 67 0
62 55 0
62 63 0
63 56 0
63 62 0
64 58 0
65 59 0
66 59 0
67 61 0
GraphDataEnd
GraphEnd
NodeEnd
NodeStart
EPTNodeID: 2
AnchorID: 19534
TreeNodeGraphID: 2
Level: 2
SimplifiedLevel: 0
EditOperation: 5 20 30 0 0
AccumulatedOpsCount: 1
AccumulatedOp: 5 20 30 0 0
ChildrenCount: 1
ChildIndices: 3
CompletedDBGraphIDsCount: 1
CompletedDBGraphID: 5255
GraphStart
GraphDataStart
ID: 2
NumNodes: 68
NumEdges: 144
NodeLabels
0 2 2 2 2 2 2 2 2 2 2 2 3 3 0 2 0 2 0 0 3 2 2 2 0 2 0 2 2 2 2 2 2 2 2 2 2 2 2 2 2 0 2 2 2 2 2 2 2 2 2 2 2 0 2 2 2 0 2 2 2 2 2 2 2 2 0 0 
Edges
0 1 0
1 0 0
1 2 0
1 3 0
2 1 0
2 4 0
2 5 0
3 1 0
3 6 0
3 7 0
4 2 0
4 8 0
4 9 0
5 2 0
5 10 0
5 11 0
6 3 0
6 12 0
7 3 0
7 10 0
7 13 0
8 4 0
8 14 0
8 15 0
9 4 0
9 16 0
9 17 0
10 5 0
10 7 0
10 18 0
11 5 0
11 15 0
11 19 0
12 6 0
12 20 0
13 7 0
13 21 0
14 8 0
14 17 0
15 8 0
15 11 0
15 22 0
16 9 0
17 9 0
17 14 0
17 23 0
17 24 0
18 10 0
19 11 0
20 12 0
20 25 0
20 30 0
21 13 0
21 26 0
21 27 0
22 15 0
23 17 0
24 17 0
24 28 0
25 20 0
25 29 0
26 21 0
27 21 0
27 31 0
27 32 0
28 24 0
28 33 0
29 25 0
29 34 0
30 35 0
30 20 0
31 27 0
32 27 0
32 36 0
33 28 0
33 37 0
34 29 0
34 38 0
35 30 0
35 39 0
36 32 0
36 40 0
37 33 0
37 41 0
37 42 0
38 34 0
38 43 0
39 35 0
39 44 0
40 36 0
40 45 0
41 37 0
41 46 0
42 37 0
42 47 0
42 48 0
43 38 0
43 49 0
44 39 0
44 50 0
45 40 0
45 51 0
45 52 0
46 41 0
47 42 0
48 42 0
48 53 0
48 54 0
49 43 0
49 55 0
50 44 0
50 56 0
51 45 0
52 45 0
52 57 0
52 58 0
53 48 0
53 59 0
54 48 0
54 60 0
54 61 0
55 49 0
55 62 0
56 50 0
56 63 0
57 52 0
58 52 0
58 61 0
58 64 0
59 53 0
59 65 0
59 66 0
60 54 0
61 54 0
61 58 0
61 67 0
62 55 0
62 63 0
63 56 0
63 62 0
64 58 0
65 59 0
66 59 0
67 61 0
GraphDataEnd
GraphEnd
NodeEnd
NodeStart
EPTNodeID: 3
AnchorID: 19534
TreeNodeGraphID: 9
Level: 9
SimplifiedLevel: 0
EditOperation: 5 38 50 0 0
AccumulatedOpsCount: 7
AccumulatedOp: 0 39 0 2 3
AccumulatedOp: 0 49 0 2 0
AccumulatedOp: 5 43 62 0 0
AccumulatedOp: 4 34 38 0 0
AccumulatedOp: 5 34 39 0 0
AccumulatedOp: 4 55 62 0 0
AccumulatedOp: 5 38 50 0 0
ChildrenCount: 0
ChildIndices:
CompletedDBGraphIDsCount: 1
CompletedDBGraphID: 8815
GraphStart
GraphDataStart
ID: 9
NumNodes: 68
NumEdges: 146
NodeLabels
0 2 2 2 2 2 2 2 2 2 2 2 3 3 0 2 0 2 0 0 3 2 2 2 0 2 0 2 2 2 2 2 2 2 2 2 2 2 2 3 2 0 2 2 2 2 2 2 2 0 2 2 2 0 2 2 2 0 2 2 2 2 2 2 2 2 0 0 
Edges
0 1 0
1 0 0
1 2 0
1 3 0
2 1 0
2 4 0
2 5 0
3 1 0
3 6 0
3 7 0
4 2 0
4 8 0
4 9 0
5 2 0
5 10 0
5 11 0
6 3 0
6 12 0
7 3 0
7 10 0
7 13 0
8 4 0
8 14 0
8 15 0
9 4 0
9 16 0
9 17 0
10 5 0
10 7 0
10 18 0
11 5 0
11 15 0
11 19 0
12 6 0
12 20 0
13 7 0
13 21 0
14 8 0
14 17 0
15 8 0
15 11 0
15 22 0
16 9 0
17 9 0
17 14 0
17 23 0
17 24 0
18 10 0
19 11 0
20 12 0
20 25 0
20 30 0
21 13 0
21 26 0
21 27 0
22 15 0
23 17 0
24 17 0
24 28 0
25 20 0
25 29 0
26 21 0
27 21 0
27 31 0
27 32 0
28 24 0
28 33 0
29 25 0
29 34 0
30 35 0
30 20 0
31 27 0
32 27 0
32 36 0
33 28 0
33 37 0
34 29 0
34 39 0
35 30 0
35 39 0
36 32 0
36 40 0
37 33 0
37 41 0
37 42 0
38 43 0
38 50 0
39 35 0
39 44 0
39 34 0
40 36 0
40 45 0
41 37 0
41 46 0
42 37 0
42 47 0
42 48 0
43 38 0
43 49 0
43 62 0
44 39 0
44 50 0
45 40 0
45 51 0
45 52 0
46 41 0
47 42 0
48 42 0
48 53 0
48 54 0
49 43 0
49 55 0
50 44 0
50 56 0
50 38 0
51 45 0
52 45 0
52 57 0
52 58 0
53 48 0
53 59 0
54 48 0
54 60 0
54 61 0
55 49 0
56 50 0
56 63 0
57 52 0
58 52 0
58 61 0
58 64 0
59 53 0
59 65 0
59 66 0
60 54 0
61 54 0
61 58 0
61 67 0
62 63 0
62 43 0
63 56 0
63 62 0
64 58 0
65 59 0
66 59 0
67 61 0
GraphDataEnd
GraphEnd
NodeEnd
NodeStart
EPTNodeID: 4
AnchorID: 19534
TreeNodeGraphID: 10
Level: 2
SimplifiedLevel: 0
EditOperation: 4 35 39 0 0
AccumulatedOpsCount: 1
AccumulatedOp: 4 35 39 0 0
ChildrenCount: 2
ChildIndices: 5 6
CompletedDBGraphIDsCount: 0
GraphStart
GraphDataStart
ID: 10
NumNodes: 68
NumEdges: 140
NodeLabels
0 2 2 2 2 2 2 2 2 2 2 2 3 3 0 2 0 2 0 0 3 2 2 2 0 2 0 2 2 2 2 2 2 2 2 2 2 2 2 2 2 0 2 2 2 2 2 2 2 2 2 2 2 0 2 2 2 0 2 2 2 2 2 2 2 2 0 0 
Edges
0 1 0
1 0 0
1 2 0
1 3 0
2 1 0
2 4 0
2 5 0
3 1 0
3 6 0
3 7 0
4 2 0
4 8 0
4 9 0
5 2 0
5 10 0
5 11 0
6 3 0
6 12 0
7 3 0
7 10 0
7 13 0
8 4 0
8 14 0
8 15 0
9 4 0
9 16 0
9 17 0
10 5 0
10 7 0
10 18 0
11 5 0
11 15 0
11 19 0
12 6 0
12 20 0
13 7 0
13 21 0
14 8 0
14 17 0
15 8 0
15 11 0
15 22 0
16 9 0
17 9 0
17 14 0
17 23 0
17 24 0
18 10 0
19 11 0
20 12 0
20 25 0
21 13 0
21 26 0
21 27 0
22 15 0
23 17 0
24 17 0
24 28 0
25 20 0
25 29 0
26 21 0
27 21 0
27 31 0
27 32 0
28 24 0
28 33 0
29 25 0
29 34 0
30 35 0
31 27 0
32 27 0
32 36 0
33 28 0
33 37 0
34 29 0
34 38 0
35 30 0
36 32 0
36 40 0
37 33 0
37 41 0
37 42 0
38 34 0
38 43 0
39 44 0
40 36 0
40 45 0
41 37 0
41 46 0
42 37 0
42 47 0
42 48 0
43 38 0
43 49 0
44 39 0
44 50 0
45 40 0
45 51 0
45 52 0
46 41 0
47 42 0
48 42 0
48 53 0
48 54 0
49 43 0
49 55 0
50 44 0
50 56 0
51 45 0
52 45 0
52 57 0
52 58 0
53 48 0
53 59 0
54 48 0
54 60 0
54 61 0
55 49 0
55 62 0
56 50 0
56 63 0
57 52 0
58 52 0
58 61 0
58 64 0
59 53 0
59 65 0
59 66 0
60 54 0
61 54 0
61 58 0
61 67 0
62 55 0
62 63 0
63 56 0
63 62 0
64 58 0
65 59 0
66 59 0
67 61 0
GraphDataEnd
GraphEnd
NodeEnd
NodeStart
EPTNodeID: 5
AnchorID: 19534
TreeNodeGraphID: 19
Level: 11
SimplifiedLevel: 0
EditOperation: 5 39 62 0 0
AccumulatedOpsCount: 9
AccumulatedOp: 5 25 49 0 0
AccumulatedOp: 4 55 62 0 0
AccumulatedOp: 4 30 35 0 0
AccumulatedOp: 1 30 0 2 0
AccumulatedOp: 1 35 0 2 0
AccumulatedOp: 5 20 50 0 0
AccumulatedOp: 4 49 55 0 0
AccumulatedOp: 1 55 0 2 0
AccumulatedOp: 5 39 62 0 0
ChildrenCount: 0
ChildIndices:
CompletedDBGraphIDsCount: 1
CompletedDBGraphID: 14178
GraphStart
GraphDataStart
ID: 19
NumNodes: 65
NumEdges: 140
NodeLabels
0 2 2 2 2 2 2 2 2 2 2 2 3 3 0 2 0 2 0 0 3 2 2 2 0 2 0 2 2 2 2 2 2 2 2 2 2 2 2 0 2 2 2 2 2 2 2 2 2 2 2 0 2 2 0 2 2 2 2 2 2 2 2 0 0 
Edges
0 1 0
1 0 0
1 2 0
1 3 0
2 1 0
2 4 0
2 5 0
3 1 0
3 6 0
3 7 0
4 2 0
4 8 0
4 9 0
5 2 0
5 10 0
5 11 0
6 3 0
6 12 0
7 3 0
7 10 0
7 13 0
8 4 0
8 14 0
8 15 0
9 4 0
9 16 0
9 17 0
10 5 0
10 7 0
10 18 0
11 5 0
11 15 0
11 19 0
12 6 0
12 20 0
13 7 0
13 21 0
14 8 0
14 17 0
15 8 0
15 11 0
15 22 0
16 9 0
17 9 0
17 14 0
17 23 0
17 24 0
18 10 0
19 11 0
20 12 0
20 25 0
20 48 0
21 13 0
21 26 0
21 27 0
22 15 0
23 17 0
24 17 0
24 28 0
25 20 0
25 29 0
25 47 0
26 21 0
27 21 0
27 30 0
27 31 0
28 24 0
28 32 0
29 25 0
29 33 0
30 27 0
31 27 0
31 34 0
32 28 0
32 35 0
33 29 0
33 36 0
34 31 0
34 38 0
35 32 0
35 39 0
35 40 0
36 33 0
36 41 0
37 42 0
37 59 0
38 34 0
38 43 0
39 35 0
39 44 0
40 35 0
40 45 0
40 46 0
41 36 0
41 47 0
42 37 0
42 48 0
43 38 0
43 49 0
43 50 0
44 39 0
45 40 0
46 40 0
46 51 0
46 52 0
47 41 0
47 25 0
48 42 0
48 53 0
48 20 0
49 43 0
50 43 0
50 54 0
50 55 0
51 46 0
51 56 0
52 46 0
52 57 0
52 58 0
53 48 0
53 60 0
54 50 0
55 50 0
55 58 0
55 61 0
56 51 0
56 62 0
56 63 0
57 52 0
58 52 0
58 55 0
58 64 0
59 60 0
59 37 0
60 53 0
60 59 0
61 55 0
62 56 0
63 56 0
64 58 0
GraphDataEnd
GraphEnd
NodeEnd
NodeStart
EPTNodeID: 6
AnchorID: 19534
TreeNodeGraphID: 28
Level: 11
SimplifiedLevel: 0
EditOperation: 5 20 44 0 0
AccumulatedOpsCount: 9
AccumulatedOp: 0 30 0 2 0
AccumulatedOp: 5 43 56 0 0
AccumulatedOp: 0 34 0 2 3
AccumulatedOp: 4 50 56 0 0
AccumulatedOp: 5 30 55 0 0
AccumulatedOp: 5 34 39 0 0
AccumulatedOp: 4 44 50 0 0
AccumulatedOp: 1 50 0 2 0
AccumulatedOp: 5 20 44 0 0
ChildrenCount: 0
ChildIndices:
CompletedDBGraphIDsCount: 1
CompletedDBGraphID: 14399
GraphStart
GraphDataStart
ID: 28
NumNodes: 67
NumEdges: 144
NodeLabels
0 2 2 2 2 2 2 2 2 2 2 2 3 3 0 2 0 2 0 0 3 2 2 2 0 2 0 2 2 2 0 2 2 2 3 2 2 2 2 2 2 0 2 2 2 2 2 2 2 2 2 2 0 2 2 2 0 2 2 2 2 2 2 2 2 0 0 
Edges
0 1 0
1 0 0
1 2 0
1 3 0
2 1 0
2 4 0
2 5 0
3 1 0
3 6 0
3 7 0
4 2 0
4 8 0
4 9 0
5 2 0
5 10 0
5 11 0
6 3 0
6 12 0
7 3 0
7 10 0
7 13 0
8 4 0
8 14 0
8 15 0
9 4 0
9 16 0
9 17 0
10 5 0
10 7 0
10 18 0
11 5 0
11 15 0
11 19 0
12 6 0
12 20 0
13 7 0
13 21 0
14 8 0
14 17 0
15 8 0
15 11 0
15 22 0
16 9 0
17 9 0
17 14 0
17 23 0
17 24 0
18 10 0
19 11 0
20 12 0
20 25 0
20 44 0
21 13 0
21 26 0
21 27 0
22 15 0
23 17 0
24 17 0
24 28 0
25 20 0
25 29 0
26 21 0
27 21 0
27 31 0
27 32 0
28 24 0
28 33 0
29 25 0
29 34 0
30 35 0
30 54 0
31 27 0
32 27 0
32 36 0
33 28 0
33 37 0
34 29 0
34 38 0
34 39 0
35 30 0
36 32 0
36 40 0
37 33 0
37 41 0
37 42 0
38 34 0
38 43 0
39 44 0
39 34 0
40 36 0
40 45 0
41 37 0
41 46 0
42 37 0
42 47 0
42 48 0
43 38 0
43 49 0
43 55 0
44 39 0
44 20 0
45 40 0
45 50 0
45 51 0
46 41 0
47 42 0
48 42 0
48 52 0
48 53 0
49 43 0
49 54 0
50 45 0
51 45 0
51 56 0
51 57 0
52 48 0
52 58 0
53 48 0
53 59 0
53 60 0
54 49 0
54 61 0
54 30 0
55 62 0
55 43 0
56 51 0
57 51 0
57 60 0
57 63 0
58 52 0
58 64 0
58 65 0
59 53 0
60 53 0
60 57 0
60 66 0
61 54 0
61 62 0
62 55 0
62 61 0
63 57 0
64 58 0
65 58 0
66 60 0
GraphDataEnd
GraphEnd
NodeEnd
NodeStart
EPTNodeID: 7
AnchorID: 19534
TreeNodeGraphID: 37
Level: 10
SimplifiedLevel: 0
EditOperation: 5 20 39 0 0
AccumulatedOpsCount: 9
AccumulatedOp: 4 44 50 0 0
AccumulatedOp: 5 35 38 0 0
AccumulatedOp: 0 38 0 2 3
AccumulatedOp: 4 30 35 0 0
AccumulatedOp: 1 30 0 2 0
AccumulatedOp: 4 39 44 0 0
AccumulatedOp: 1 44 0 2 0
AccumulatedOp: 5 49 50 0 0
AccumulatedOp: 5 20 39 0 0
ChildrenCount: 0
ChildIndices:
CompletedDBGraphIDsCount: 1
CompletedDBGraphID: 40186
GraphStart
GraphDataStart
ID: 37
NumNodes: 66
NumEdges: 142
NodeLabels
0 2 2 2 2 2 2 2 2 2 2 2 3 3 0 2 0 2 0 0 3 2 2 2 0 2 0 2 2 2 2 2 2 2 2 2 2 3 2 2 0 2 2 2 2 2 2 2 2 2 2 0 2 2 2 0 2 2 2 2 2 2 2 2 0 0 
Edges
0 1 0
1 0 0
1 2 0
1 3 0
2 1 0
2 4 0
2 5 0
3 1 0
3 6 0
3 7 0
4 2 0
4 8 0
4 9 0
5 2 0
5 10 0
5 11 0
6 3 0
6 12 0
7 3 0
7 10 0
7 13 0
8 4 0
8 14 0
8 15 0
9 4 0
9 16 0
9 17 0
10 5 0
10 7 0
10 18 0
11 5 0
11 15 0
11 19 0
12 6 0
12 20 0
13 7 0
13 21 0
14 8 0
14 17 0
15 8 0
15 11 0
15 22 0
16 9 0
17 9 0
17 14 0
17 23 0
17 24 0
18 10 0
19 11 0
20 12 0
20 25 0
20 38 0
21 13 0
21 26 0
21 27 0
22 15 0
23 17 0
24 17 0
24 28 0
25 20 0
25 29 0
26 21 0
27 21 0
27 30 0
27 31 0
28 24 0
28 32 0
29 25 0
29 33 0
30 27 0
31 27 0
31 35 0
32 28 0
32 36 0
33 29 0
33 37 0
34 38 0
34 37 0
35 31 0
35 39 0
36 32 0
36 40 0
36 41 0
37 33 0
37 42 0
37 34 0
38 34 0
38 20 0
39 35 0
39 43 0
40 36 0
40 44 0
41 36 0
41 45 0
41 46 0
42 37 0
42 47 0
43 39 0
43 49 0
43 50 0
44 40 0
45 41 0
46 41 0
46 51 0
46 52 0
47 42 0
47 53 0
47 48 0
48 54 0
48 47 0
49 43 0
50 43 0
50 55 0
50 56 0
51 46 0
51 57 0
52 46 0
52 58 0
52 59 0
53 47 0
53 60 0
54 48 0
54 61 0
55 50 0
56 50 0
56 59 0
56 62 0
57 51 0
57 63 0
57 64 0
58 52 0
59 52 0
59 56 0
59 65 0
60 53 0
60 61 0
61 54 0
61 60 0
62 56 0
63 57 0
64 57 0
65 59 0
GraphDataEnd
GraphEnd
NodeEnd
NodeStart
EPTNodeID: 8
AnchorID: 19534
TreeNodeGraphID: 38
Level: 1
SimplifiedLevel: 0
EditOperation: 4 35 39 0 0
AccumulatedOpsCount: 1
AccumulatedOp: 4 35 39 0 0
ChildrenCount: 2
ChildIndices: 9 10
CompletedDBGraphIDsCount: 0
GraphStart
GraphDataStart
ID: 38
NumNodes: 68
NumEdges: 142
NodeLabels
0 2 2 2 2 2 2 2 2 2 2 2 3 3 0 2 0 2 0 0 3 2 2 2 0 2 0 2 2 2 2 2 2 2 2 2 2 2 2 2 2 0 2 2 2 2 2 2 2 2 2 2 2 0 2 2 2 0 2 2 2 2 2 2 2 2 0 0 
Edges
0 1 0
1 0 0
1 2 0
1 3 0
2 1 0
2 4 0
2 5 0
3 1 0
3 6 0
3 7 0
4 2 0
4 8 0
4 9 0
5 2 0
5 10 0
5 11 0
6 3 0
6 12 0
7 3 0
7 10 0
7 13 0
8 4 0
8 14 0
8 15 0
9 4 0
9 16 0
9 17 0
10 5 0
10 7 0
10 18 0
11 5 0
11 15 0
11 19 0
12 6 0
12 20 0
13 7 0
13 21 0
14 8 0
14 17 0
15 8 0
15 11 0
15 22 0
16 9 0
17 9 0
17 14 0
17 23 0
17 24 0
18 10 0
19 11 0
20 12 0
20 25 0
21 13 0
21 26 0
21 27 0
22 15 0
23 17 0
24 17 0
24 28 0
25 20 0
25 29 0
25 30 0
26 21 0
27 21 0
27 31 0
27 32 0
28 24 0
28 33 0
29 25 0
29 34 0
30 25 0
30 35 0
31 27 0
32 27 0
32 36 0
33 28 0
33 37 0
34 29 0
34 38 0
35 30 0
36 32 0
36 40 0
37 33 0
37 41 0
37 42 0
38 34 0
38 43 0
39 44 0
40 36 0
40 45 0
41 37 0
41 46 0
42 37 0
42 47 0
42 48 0
43 38 0
43 49 0
44 39 0
44 50 0
45 40 0
45 51 0
45 52 0
46 41 0
47 42 0
48 42 0
48 53 0
48 54 0
49 43 0
49 55 0
50 44 0
50 56 0
51 45 0
52 45 0
52 57 0
52 58 0
53 48 0
53 59 0
54 48 0
54 60 0
54 61 0
55 49 0
55 62 0
56 50 0
56 63 0
57 52 0
58 52 0
58 61 0
58 64 0
59 53 0
59 65 0
59 66 0
60 54 0
61 54 0
61 58 0
61 67 0
62 55 0
62 63 0
63 56 0
63 62 0
64 58 0
65 59 0
66 59 0
67 61 0
GraphDataEnd
GraphEnd
NodeEnd
NodeStart
EPTNodeID: 9
AnchorID: 19534
TreeNodeGraphID: 46
Level: 9
SimplifiedLevel: 0
EditOperation: 5 20 29 0 0
AccumulatedOpsCount: 8
AccumulatedOp: 5 39 63 0 0
AccumulatedOp: 0 38 0 2 3
AccumulatedOp: 4 44 50 0 0
AccumulatedOp: 0 56 0 2 0
AccumulatedOp: 4 25 29 0 0
AccumulatedOp: 5 35 38 0 0
AccumulatedOp: 5 44 49 0 0
AccumulatedOp: 5 20 29 0 0
ChildrenCount: 0
ChildIndices:
CompletedDBGraphIDsCount: 1
CompletedDBGraphID: 51
GraphStart
GraphDataStart
ID: 46
NumNodes: 68
NumEdges: 146
NodeLabels
0 2 2 2 2 2 2 2 2 2 2 2 3 3 0 2 0 2 0 0 3 2 2 2 0 2 0 2 2 2 2 2 2 2 2 2 2 2 3 2 2 0 2 2 2 2 2 2 2 2 2 2 2 0 2 2 0 0 2 2 2 2 2 2 2 2 0 0 
Edges
0 1 0
1 0 0
1 2 0
1 3 0
2 1 0
2 4 0
2 5 0
3 1 0
3 6 0
3 7 0
4 2 0
4 8 0
4 9 0
5 2 0
5 10 0
5 11 0
6 3 0
6 12 0
7 3 0
7 10 0
7 13 0
8 4 0
8 14 0
8 15 0
9 4 0
9 16 0
9 17 0
10 5 0
10 7 0
10 18 0
11 5 0
11 15 0
11 19 0
12 6 0
12 20 0
13 7 0
13 21 0
14 8 0
14 17 0
15 8 0
15 11 0
15 22 0
16 9 0
17 9 0
17 14 0
17 23 0
17 24 0
18 10 0
19 11 0
20 12 0
20 25 0
20 29 0
21 13 0
21 26 0
21 27 0
22 15 0
23 17 0
24 17 0
24 28 0
25 20 0
25 30 0
26 21 0
27 21 0
27 31 0
27 32 0
28 24 0
28 33 0
29 34 0
29 20 0
30 25 0
30 35 0
31 27 0
32 27 0
32 36 0
33 28 0
33 37 0
34 29 0
34 38 0
35 30 0
35 38 0
36 32 0
36 40 0
37 33 0
37 41 0
37 42 0
38 34 0
38 43 0
38 35 0
39 44 0
39 63 0
40 36 0
40 45 0
41 37 0
41 46 0
42 37 0
42 47 0
42 48 0
43 38 0
43 49 0
44 39 0
44 49 0
45 40 0
45 51 0
45 52 0
46 41 0
47 42 0
48 42 0
48 53 0
48 54 0
49 43 0
49 55 0
49 44 0
50 56 0
51 45 0
52 45 0
52 57 0
52 58 0
53 48 0
53 59 0
54 48 0
54 60 0
54 61 0
55 49 0
55 62 0
56 50 0
56 63 0
57 52 0
58 52 0
58 61 0
58 64 0
59 53 0
59 65 0
59 66 0
60 54 0
61 54 0
61 58 0
61 67 0
62 55 0
62 63 0
63 56 0
63 62 0
63 39 0
64 58 0
65 59 0
66 59 0
67 61 0
GraphDataEnd
GraphEnd
NodeEnd
NodeStart
EPTNodeID: 10
AnchorID: 19534
TreeNodeGraphID: 52
Level: 7
SimplifiedLevel: 0
EditOperation: 5 29 56 0 0
AccumulatedOpsCount: 6
AccumulatedOp: 5 20 44 0 0
AccumulatedOp: 4 29 34 0 0
AccumulatedOp: 5 34 62 0 0
AccumulatedOp: 4 30 35 0 0
AccumulatedOp: 1 35 0 2 0
AccumulatedOp: 5 29 56 0 0
ChildrenCount: 0
ChildIndices:
CompletedDBGraphIDsCount: 1
CompletedDBGraphID: 656
GraphStart
GraphDataStart
ID: 52
NumNodes: 67
NumEdges: 144
NodeLabels
0 2 2 2 2 2 2 2 2 2 2 2 3 3 0 2 0 2 0 0 3 2 2 2 0 2 0 2 2 2 2 2 2 2 2 2 2 2 2 2 0 2 2 2 2 2 2 2 2 2 2 2 0 2 2 2 0 2 2 2 2 2 2 2 2 0 0 
Edges
0 1 0
1 0 0
1 2 0
1 3 0
2 1 0
2 4 0
2 5 0
3 1 0
3 6 0
3 7 0
4 2 0
4 8 0
4 9 0
5 2 0
5 10 0
5 11 0
6 3 0
6 12 0
7 3 0
7 10 0
7 13 0
8 4 0
8 14 0
8 15 0
9 4 0
9 16 0
9 17 0
10 5 0
10 7 0
10 18 0
11 5 0
11 15 0
11 19 0
12 6 0
12 20 0
13 7 0
13 21 0
14 8 0
14 17 0
15 8 0
15 11 0
15 22 0
16 9 0
17 9 0
17 14 0
17 23 0
17 24 0
18 10 0
19 11 0
20 12 0
20 25 0
20 43 0
21 13 0
21 26 0
21 27 0
22 15 0
23 17 0
24 17 0
24 28 0
25 20 0
25 29 0
25 30 0
26 21 0
27 21 0
27 31 0
27 32 0
28 24 0
28 33 0
29 25 0
29 55 0
30 25 0
31 27 0
32 27 0
32 35 0
33 28 0
33 36 0
34 37 0
34 61 0
35 32 0
35 39 0
36 33 0
36 40 0
36 41 0
37 34 0
37 42 0
38 43 0
39 35 0
39 44 0
40 36 0
40 45 0
41 36 0
41 46 0
41 47 0
42 37 0
42 48 0
43 38 0
43 49 0
43 20 0
44 39 0
44 50 0
44 51 0
45 40 0
46 41 0
47 41 0
47 52 0
47 53 0
48 42 0
48 54 0
49 43 0
49 55 0
50 44 0
51 44 0
51 56 0
51 57 0
52 47 0
52 58 0
53 47 0
53 59 0
53 60 0
54 48 0
54 61 0
55 49 0
55 62 0
55 29 0
56 51 0
57 51 0
57 60 0
57 63 0
58 52 0
58 64 0
58 65 0
59 53 0
60 53 0
60 57 0
60 66 0
61 54 0
61 62 0
61 34 0
62 55 0
62 61 0
63 57 0
64 58 0
65 58 0
66 60 0
GraphDataEnd
GraphEnd
NodeEnd
NodeStart
EPTNodeID: 11
AnchorID: 19534
TreeNodeGraphID: 53
Level: 1
SimplifiedLevel: 0
EditOperation: 4 25 29 0 0
AccumulatedOpsCount: 1
AccumulatedOp: 4 25 29 0 0
ChildrenCount: 3
ChildIndices: 12 13 14
CompletedDBGraphIDsCount: 0
GraphStart
GraphDataStart
ID: 53
NumNodes: 68
NumEdges: 142
NodeLabels
0 2 2 2 2 2 2 2 2 2 2 2 3 3 0 2 0 2 0 0 3 2 2 2 0 2 0 2 2 2 2 2 2 2 2 2 2 2 2 2 2 0 2 2 2 2 2 2 2 2 2 2 2 0 2 2 2 0 2 2 2 2 2 2 2 2 0 0 
Edges
0 1 0
1 0 0
1 2 0
1 3 0
2 1 0
2 4 0
2 5 0
3 1 0
3 6 0
3 7 0
4 2 0
4 8 0
4 9 0
5 2 0
5 10 0
5 11 0
6 3 0
6 12 0
7 3 0
7 10 0
7 13 0
8 4 0
8 14 0
8 15 0
9 4 0
9 16 0
9 17 0
10 5 0
10 7 0
10 18 0
11 5 0
11 15 0
11 19 0
12 6 0
12 20 0
13 7 0
13 21 0
14 8 0
14 17 0
15 8 0
15 11 0
15 22 0
16 9 0
17 9 0
17 14 0
17 23 0
17 24 0
18 10 0
19 11 0
20 12 0
20 25 0
21 13 0
21 26 0
21 27 0
22 15 0
23 17 0
24 17 0
24 28 0
25 20 0
25 30 0
26 21 0
27 21 0
27 31 0
27 32 0
28 24 0
28 33 0
29 34 0
30 25 0
30 35 0
31 27 0
32 27 0
32 36 0
33 28 0
33 37 0
34 29 0
34 38 0
35 30 0
35 39 0
36 32 0
36 40 0
37 33 0
37 41 0
37 42 0
38 34 0
38 43 0
39 35 0
39 44 0
40 36 0
40 45 0
41 37 0
41 46 0
42 37 0
42 47 0
42 48 0
43 38 0
43 49 0
44 39 0
44 50 0
45 40 0
45 51 0
45 52 0
46 41 0
47 42 0
48 42 0
48 53 0
48 54 0
49 43 0
49 55 0
50 44 0
50 56 0
51 45 0
52 45 0
52 57 0
52 58 0
53 48 0
53 59 0
54 48 0
54 60 0
54 61 0
55 49 0
55 62 0
56 50 0
56 63 0
57 52 0
58 52 0
58 61 0
58 64 0
59 53 0
59 65 0
59 66 0
60 54 0
61 54 0
61 58 0
61 67 0
62 55 0
62 63 0
63 56 0
63 62 0
64 58 0
65 59 0
66 59 0
67 61 0
GraphDataEnd
GraphEnd
NodeEnd
NodeStart
EPTNodeID: 12
AnchorID: 19534
TreeNodeGraphID: 57
Level: 5
SimplifiedLevel: 0
EditOperation: 5 62 68 0 0
AccumulatedOpsCount: 4
AccumulatedOp: 2 68 0 0 2
AccumulatedOp: 4 62 63 0 0
AccumulatedOp: 5 20 68 0 0
AccumulatedOp: 5 62 68 0 0
ChildrenCount: 0
ChildIndices:
CompletedDBGraphIDsCount: 1
CompletedDBGraphID: 21733
GraphStart
GraphDataStart
ID: 57
NumNodes: 69
NumEdges: 144
NodeLabels
0 2 2 2 2 2 2 2 2 2 2 2 3 3 0 2 0 2 0 0 3 2 2 2 0 2 0 2 2 2 2 2 2 2 2 2 2 2 2 2 2 0 2 2 2 2 2 2 2 2 2 2 2 0 2 2 2 0 2 2 2 2 2 2 2 2 0 0 2 
Edges
0 1 0
1 0 0
1 2 0
1 3 0
2 1 0
2 4 0
2 5 0
3 1 0
3 6 0
3 7 0
4 2 0
4 8 0
4 9 0
5 2 0
5 10 0
5 11 0
6 3 0
6 12 0
7 3 0
7 10 0
7 13 0
8 4 0
8 14 0
8 15 0
9 4 0
9 16 0
9 17 0
10 5 0
10 7 0
10 18 0
11 5 0
11 15 0
11 19 0
12 6 0
12 20 0
13 7 0
13 21 0
14 8 0
14 17 0
15 8 0
15 11 0
15 22 0
16 9 0
17 9 0
17 14 0
17 23 0
17 24 0
18 10 0
19 11 0
20 12 0
20 25 0
20 68 0
21 13 0
21 26 0
21 27 0
22 15 0
23 17 0
24 17 0
24 28 0
25 20 0
25 30 0
26 21 0
27 21 0
27 31 0
27 32 0
28 24 0
28 33 0
29 34 0
30 25 0
30 35 0
31 27 0
32 27 0
32 36 0
33 28 0
33 37 0
34 29 0
34 38 0
35 30 0
35 39 0
36 32 0
36 40 0
37 33 0
37 41 0
37 42 0
38 34 0
38 43 0
39 35 0
39 44 0
40 36 0
40 45 0
41 37 0
41 46 0
42 37 0
42 47 0
42 48 0
43 38 0
43 49 0
44 39 0
44 50 0
45 40 0
45 51 0
45 52 0
46 41 0
47 42 0
48 42 0
48 53 0
48 54 0
49 43 0
49 55 0
50 44 0
50 56 0
51 45 0
52 45 0
52 57 0
52 58 0
53 48 0
53 59 0
54 48 0
54 60 0
54 61 0
55 49 0
55 62 0
56 50 0
56 63 0
57 52 0
58 52 0
58 61 0
58 64 0
59 53 0
59 65 0
59 66 0
60 54 0
61 54 0
61 58 0
61 67 0
62 55 0
62 68 0
63 56 0
64 58 0
65 59 0
66 59 0
67 61 0
68 20 0
68 62 0
GraphDataEnd
GraphEnd
NodeEnd
NodeStart
EPTNodeID: 13
AnchorID: 19534
TreeNodeGraphID: 63
Level: 7
SimplifiedLevel: 0
EditOperation: 5 20 50 0 0
AccumulatedOpsCount: 6
AccumulatedOp: 0 35 0 2 3
AccumulatedOp: 4 50 56 0 0
AccumulatedOp: 5 29 35 0 0
AccumulatedOp: 4 56 63 0 0
AccumulatedOp: 1 56 0 2 0
AccumulatedOp: 5 20 50 0 0
ChildrenCount: 0
ChildIndices:
CompletedDBGraphIDsCount: 1
CompletedDBGraphID: 6804
GraphStart
GraphDataStart
ID: 63
NumNodes: 67
NumEdges: 142
NodeLabels
0 2 2 2 2 2 2 2 2 2 2 2 3 3 0 2 0 2 0 0 3 2 2 2 0 2 0 2 2 2 2 2 2 2 2 3 2 2 2 2 2 0 2 2 2 2 2 2 2 2 2 2 2 0 2 2 0 2 2 2 2 2 2 2 2 0 0 
Edges
0 1 0
1 0 0
1 2 0
1 3 0
2 1 0
2 4 0
2 5 0
3 1 0
3 6 0
3 7 0
4 2 0
4 8 0
4 9 0
5 2 0
5 10 0
5 11 0
6 3 0
6 12 0
7 3 0
7 10 0
7 13 0
8 4 0
8 14 0
8 15 0
9 4 0
9 16 0
9 17 0
10 5 0
10 7 0
10 18 0
11 5 0
11 15 0
11 19 0
12 6 0
12 20 0
13 7 0
13 21 0
14 8 0
14 17 0
15 8 0
15 11 0
15 22 0
16 9 0
17 9 0
17 14 0
17 23 0
17 24 0
18 10 0
19 11 0
20 12 0
20 25 0
20 50 0
21 13 0
21 26 0
21 27 0
22 15 0
23 17 0
24 17 0
24 28 0
25 20 0
25 30 0
26 21 0
27 21 0
27 31 0
27 32 0
28 24 0
28 33 0
29 34 0
29 35 0
30 25 0
30 35 0
31 27 0
32 27 0
32 36 0
33 28 0
33 37 0
34 29 0
34 38 0
35 30 0
35 39 0
35 29 0
36 32 0
36 40 0
37 33 0
37 41 0
37 42 0
38 34 0
38 43 0
39 35 0
39 44 0
40 36 0
40 45 0
41 37 0
41 46 0
42 37 0
42 47 0
42 48 0
43 38 0
43 49 0
44 39 0
44 50 0
45 40 0
45 51 0
45 52 0
46 41 0
47 42 0
48 42 0
48 53 0
48 54 0
49 43 0
49 55 0
50 44 0
50 20 0
51 45 0
52 45 0
52 56 0
52 57 0
53 48 0
53 58 0
54 48 0
54 59 0
54 60 0
55 49 0
55 61 0
56 52 0
57 52 0
57 60 0
57 63 0
58 53 0
58 64 0
58 65 0
59 54 0
60 54 0
60 57 0
60 66 0
61 55 0
61 62 0
62 61 0
63 57 0
64 58 0
65 58 0
66 60 0
GraphDataEnd
GraphEnd
NodeEnd
NodeStart
EPTNodeID: 14
AnchorID: 19534
TreeNodeGraphID: 70
Level: 8
SimplifiedLevel: 0
EditOperation: 5 20 43 0 0
AccumulatedOpsCount: 7
AccumulatedOp: 4 29 34 0 0
AccumulatedOp: 1 29 0 2 0
AccumulatedOp: 4 34 38 0 0
AccumulatedOp: 1 34 0 2 0
AccumulatedOp: 4 38 43 0 0
AccumulatedOp: 1 38 0 2 0
AccumulatedOp: 5 20 43 0 0
ChildrenCount: 0
ChildIndices:
CompletedDBGraphIDsCount: 1
CompletedDBGraphID: 8726
GraphStart
GraphDataStart
ID: 70
NumNodes: 65
NumEdges: 138
NodeLabels
0 2 2 2 2 2 2 2 2 2 2 2 3 3 0 2 0 2 0 0 3 2 2 2 0 2 0 2 2 2 2 2 2 2 2 2 2 2 0 2 2 2 2 2 2 2 2 2 2 2 0 2 2 2 0 2 2 2 2 2 2 2 2 0 0 
Edges
0 1 0
1 0 0
1 2 0
1 3 0
2 1 0
2 4 0
2 5 0
3 1 0
3 6 0
3 7 0
4 2 0
4 8 0
4 9 0
5 2 0
5 10 0
5 11 0
6 3 0
6 12 0
7 3 0
7 10 0
7 13 0
8 4 0
8 14 0
8 15 0
9 4 0
9 16 0
9 17 0
10 5 0
10 7 0
10 18 0
11 5 0
11 15 0
11 19 0
12 6 0
12 20 0
13 7 0
13 21 0
14 8 0
14 17 0
15 8 0
15 11 0
15 22 0
16 9 0
17 9 0
17 14 0
17 23 0
17 24 0
18 10 0
19 11 0
20 12 0
20 25 0
20 40 0
21 13 0
21 26 0
21 27 0
22 15 0
23 17 0
24 17 0
24 28 0
25 20 0
25 29 0
26 21 0
27 21 0
27 30 0
27 31 0
28 24 0
28 32 0
29 25 0
29 33 0
30 27 0
31 27 0
31 34 0
32 28 0
32 35 0
33 29 0
33 36 0
34 31 0
34 37 0
35 32 0
35 38 0
35 39 0
36 33 0
36 41 0
37 34 0
37 42 0
38 35 0
38 43 0
39 35 0
39 44 0
39 45 0
40 46 0
40 20 0
41 36 0
41 47 0
42 37 0
42 48 0
42 49 0
43 38 0
44 39 0
45 39 0
45 50 0
45 51 0
46 40 0
46 52 0
47 41 0
47 53 0
48 42 0
49 42 0
49 54 0
49 55 0
50 45 0
50 56 0
51 45 0
51 57 0
51 58 0
52 46 0
52 59 0
53 47 0
53 60 0
54 49 0
55 49 0
55 58 0
55 61 0
56 50 0
56 62 0
56 63 0
57 51 0
58 51 0
58 55 0
58 64 0
59 52 0
59 60 0
60 53 0
60 59 0
61 55 0
62 56 0
63 56 0
64 58 0
GraphDataEnd
GraphEnd
NodeEnd
NodeStart
EPTNodeID: 15
AnchorID: 19534
TreeNodeGraphID: 71
Level: 1
SimplifiedLevel: 0
EditOperation: 4 62 63 0 0
AccumulatedOpsCount: 1
AccumulatedOp: 4 62 63 0 0
ChildrenCount: 2
ChildIndices: 16 17
CompletedDBGraphIDsCount: 0
GraphStart
GraphDataStart
ID: 71
NumNodes: 68
NumEdges: 142
NodeLabels
0 2 2 2 2 2 2 2 2 2 2 2 3 3 0 2 0 2 0 0 3 2 2 2 0 2 0 2 2 2 2 2 2 2 2 2 2 2 2 2 2 0 2 2 2 2 2 2 2 2 2 2 2 0 2 2 2 0 2 2 2 2 2 2 2 2 0 0 
Edges
0 1 0
1 0 0
1 2 0
1 3 0
2 1 0
2 4 0
2 5 0
3 1 0
3 6 0
3 7 0
4 2 0
4 8 0
4 9 0
5 2 0
5 10 0
5 11 0
6 3 0
6 12 0
7 3 0
7 10 0
7 13 0
8 4 0
8 14 0
8 15 0
9 4 0
9 16 0
9 17 0
10 5 0
10 7 0
10 18 0
11 5 0
11 15 0
11 19 0
12 6 0
12 20 0
13 7 0
13 21 0
14 8 0
14 17 0
15 8 0
15 11 0
15 22 0
16 9 0
17 9 0
17 14 0
17 23 0
17 24 0
18 10 0
19 11 0
20 12 0
20 25 0
21 13 0
21 26 0
21 27 0
22 15 0
23 17 0
24 17 0
24 28 0
25 20 0
25 29 0
25 30 0
26 21 0
27 21 0
27 31 0
27 32 0
28 24 0
28 33 0
29 25 0
29 34 0
30 25 0
30 35 0
31 27 0
32 27 0
32 36 0
33 28 0
33 37 0
34 29 0
34 38 0
35 30 0
35 39 0
36 32 0
36 40 0
37 33 0
37 41 0
37 42 0
38 34 0
38 43 0
39 35 0
39 44 0
40 36 0
40 45 0
41 37 0
41 46 0
42 37 0
42 47 0
42 48 0
43 38 0
43 49 0
44 39 0
44 50 0
45 40 0
45 51 0
45 52 0
46 41 0
47 42 0
48 42 0
48 53 0
48 54 0
49 43 0
49 55 0
50 44 0
50 56 0
51 45 0
52 45 0
52 57 0
52 58 0
53 48 0
53 59 0
54 48 0
54 60 0
54 61 0
55 49 0
55 62 0
56 50 0
56 63 0
57 52 0
58 52 0
58 61 0
58 64 0
59 53 0
59 65 0
59 66 0
60 54 0
61 54 0
61 58 0
61 67 0
62 55 0
63 56 0
64 58 0
65 59 0
66 59 0
67 61 0
GraphDataEnd
GraphEnd
NodeEnd
NodeStart
EPTNodeID: 16
AnchorID: 19534
TreeNodeGraphID: 80
Level: 10
SimplifiedLevel: 0
EditOperation: 5 68 69 0 0
AccumulatedOpsCount: 9
AccumulatedOp: 2 69 0 0 0
AccumulatedOp: 0 29 0 2 0
AccumulatedOp: 5 34 62 0 0
AccumulatedOp: 5 35 63 0 0
AccumulatedOp: 2 68 0 0 2
AccumulatedOp: 4 29 34 0 0
AccumulatedOp: 5 30 62 0 0
AccumulatedOp: 5 30 68 0 0
AccumulatedOp: 5 68 69 0 0
ChildrenCount: 0
ChildIndices:
CompletedDBGraphIDsCount: 1
CompletedDBGraphID: 31902
GraphStart
GraphDataStart
ID: 80
NumNodes: 70
NumEdges: 150
NodeLabels
0 2 2 2 2 2 2 2 2 2 2 2 3 3 0 2 0 2 0 0 3 2 2 2 0 2 0 2 2 0 2 2 2 2 2 2 2 2 2 2 2 0 2 2 2 2 2 2 2 2 2 2 2 0 2 2 2 0 2 2 2 2 2 2 2 2 0 0 2 0 
Edges
0 1 0
1 0 0
1 2 0
1 3 0
2 1 0
2 4 0
2 5 0
3 1 0
3 6 0
3 7 0
4 2 0
4 8 0
4 9 0
5 2 0
5 10 0
5 11 0
6 3 0
6 12 0
7 3 0
7 10 0
7 13 0
8 4 0
8 14 0
8 15 0
9 4 0
9 16 0
9 17 0
10 5 0
10 7 0
10 18 0
11 5 0
11 15 0
11 19 0
12 6 0
12 20 0
13 7 0
13 21 0
14 8 0
14 17 0
15 8 0
15 11 0
15 22 0
16 9 0
17 9 0
17 14 0
17 23 0
17 24 0
18 10 0
19 11 0
20 12 0
20 25 0
21 13 0
21 26 0
21 27 0
22 15 0
23 17 0
24 17 0
24 28 0
25 20 0
25 29 0
25 30 0
26 21 0
27 21 0
27 31 0
27 32 0
28 24 0
28 33 0
29 25 0
30 25 0
30 35 0
30 62 0
30 68 0
31 27 0
32 27 0
32 36 0
33 28 0
33 37 0
34 38 0
34 62 0
35 30 0
35 39 0
35 63 0
36 32 0
36 40 0
37 33 0
37 41 0
37 42 0
38 34 0
38 43 0
39 35 0
39 44 0
40 36 0
40 45 0
41 37 0
41 46 0
42 37 0
42 47 0
42 48 0
43 38 0
43 49 0
44 39 0
44 50 0
45 40 0
45 51 0
45 52 0
46 41 0
47 42 0
48 42 0
48 53 0
48 54 0
49 43 0
49 55 0
50 44 0
50 56 0
51 45 0
52 45 0
52 57 0
52 58 0
53 48 0
53 59 0
54 48 0
54 60 0
54 61 0
55 49 0
55 62 0
56 50 0
56 63 0
57 52 0
58 52 0
58 61 0
58 64 0
59 53 0
59 65 0
59 66 0
60 54 0
61 54 0
61 58 0
61 67 0
62 55 0
62 34 0
62 30 0
63 56 0
63 35 0
64 58 0
65 59 0
66 59 0
67 61 0
68 30 0
68 69 0
69 68 0
GraphDataEnd
GraphEnd
NodeEnd
NodeStart
EPTNodeID: 17
AnchorID: 19534
TreeNodeGraphID: 87
Level: 8
SimplifiedLevel: 0
EditOperation: 5 29 55 0 0
AccumulatedOpsCount: 7
AccumulatedOp: 0 20 0 3 0
AccumulatedOp: 4 55 62 0 0
AccumulatedOp: 1 62 0 2 0
AccumulatedOp: 4 56 63 0 0
AccumulatedOp: 1 63 0 2 0
AccumulatedOp: 5 30 56 0 0
AccumulatedOp: 5 29 55 0 0
ChildrenCount: 0
ChildIndices:
CompletedDBGraphIDsCount: 1
CompletedDBGraphID: 12779
GraphStart
GraphDataStart
ID: 87
NumNodes: 66
NumEdges: 142
NodeLabels
0 2 2 2 2 2 2 2 2 2 2 2 3 3 0 2 0 2 0 0 0 2 2 2 0 2 0 2 2 2 2 2 2 2 2 2 2 2 2 2 2 0 2 2 2 2 2 2 2 2 2 2 2 0 2 2 2 0 2 2 2 2 2 2 0 0 
Edges
0 1 0
1 0 0
1 2 0
1 3 0
2 1 0
2 4 0
2 5 0
3 1 0
3 6 0
3 7 0
4 2 0
4 8 0
4 9 0
5 2 0
5 10 0
5 11 0
6 3 0
6 12 0
7 3 0
7 10 0
7 13 0
8 4 0
8 14 0
8 15 0
9 4 0
9 16 0
9 17 0
10 5 0
10 7 0
10 18 0
11 5 0
11 15 0
11 19 0
12 6 0
12 20 0
13 7 0
13 21 0
14 8 0
14 17 0
15 8 0
15 11 0
15 22 0
16 9 0
17 9 0
17 14 0
17 23 0
17 24 0
18 10 0
19 11 0
20 12 0
20 25 0
21 13 0
21 26 0
21 27 0
22 15 0
23 17 0
24 17 0
24 28 0
25 20 0
25 29 0
25 30 0
26 21 0
27 21 0
27 31 0
27 32 0
28 24 0
28 33 0
29 25 0
29 34 0
29 55 0
30 25 0
30 35 0
30 56 0
31 27 0
32 27 0
32 36 0
33 28 0
33 37 0
34 29 0
34 38 0
35 30 0
35 39 0
36 32 0
36 40 0
37 33 0
37 41 0
37 42 0
38 34 0
38 43 0
39 35 0
39 44 0
40 36 0
40 45 0
41 37 0
41 46 0
42 37 0
42 47 0
42 48 0
43 38 0
43 49 0
44 39 0
44 50 0
45 40 0
45 51 0
45 52 0
46 41 0
47 42 0
48 42 0
48 53 0
48 54 0
49 43 0
49 55 0
50 44 0
50 56 0
51 45 0
52 45 0
52 57 0
52 58 0
53 48 0
53 59 0
54 48 0
54 60 0
54 61 0
55 49 0
55 29 0
56 50 0
56 30 0
57 52 0
58 52 0
58 61 0
58 62 0
59 53 0
59 63 0
59 64 0
60 54 0
61 54 0
61 58 0
61 65 0
62 58 0
63 59 0
64 59 0
65 61 0
GraphDataEnd
GraphEnd
NodeEnd
END_EPT
