BEGIN_EPT
AnchorID: 23127  # ID of the anchor node
RootIndex: 0  # Index of the root node in tree_nodes
NodeCount: 2  # Total number of nodes in the EPT
NodeStart
EPTNodeID: 0
AnchorID: 23127
TreeNodeGraphID: 0
Level: 0
SimplifiedLevel: 0
EditOperation: -1 0 -1 0 0
AccumulatedOpsCount: 0
ChildrenCount: 1
ChildIndices: 1
CompletedDBGraphIDsCount: 0
GraphStart
GraphDataStart
ID: 0
NumNodes: 90
NumEdges: 180
NodeLabels
0 2 0 2 2 2 2 2 2 2 2 2 0 2 2 2 0 0 2 2 2 2 0 2 2 2 0 0 2 2 2 2 0 2 2 2 0 0 2 2 2 2 0 2 2 2 0 0 2 2 3 3 2 2 0 2 2 2 0 0 2 2 2 2 0 2 2 2 0 0 2 2 2 2 0 2 2 2 0 0 2 2 3 3 3 3 3 0 2 2 
Edges
0 1 0
0 9 0
1 0 0
1 2 0
1 84 0
2 1 0
3 4 0
3 8 0
3 9 0
4 3 0
4 5 0
5 4 0
5 6 0
6 5 0
6 7 0
7 6 0
7 8 0
8 3 0
8 7 0
9 0 0
9 3 0
10 11 0
10 13 0
10 84 0
11 10 0
11 12 0
11 50 0
12 11 0
13 10 0
13 14 0
14 13 0
14 15 0
15 14 0
15 16 0
15 17 0
16 15 0
17 15 0
17 18 0
18 17 0
18 19 0
19 18 0
20 21 0
20 23 0
20 50 0
21 20 0
21 22 0
21 51 0
22 21 0
23 20 0
23 24 0
24 23 0
24 25 0
25 24 0
25 26 0
25 27 0
26 25 0
27 25 0
27 28 0
28 27 0
28 29 0
29 28 0
30 31 0
30 33 0
30 51 0
31 30 0
31 32 0
31 85 0
32 31 0
33 30 0
33 34 0
34 33 0
34 35 0
35 34 0
35 36 0
35 37 0
36 35 0
37 35 0
37 38 0
38 37 0
38 39 0
39 38 0
40 41 0
40 43 0
40 85 0
41 40 0
41 42 0
41 86 0
42 41 0
43 40 0
43 44 0
44 43 0
44 45 0
45 44 0
45 46 0
45 47 0
46 45 0
47 45 0
47 48 0
48 47 0
48 49 0
49 48 0
50 11 0
50 20 0
51 21 0
51 30 0
52 53 0
52 55 0
52 86 0
53 52 0
53 54 0
53 82 0
54 53 0
55 52 0
55 56 0
56 55 0
56 57 0
57 56 0
57 58 0
57 59 0
58 57 0
59 57 0
59 60 0
60 59 0
60 61 0
61 60 0
62 63 0
62 65 0
62 82 0
63 62 0
63 64 0
63 83 0
64 63 0
65 62 0
65 66 0
66 65 0
66 67 0
67 66 0
67 68 0
67 69 0
68 67 0
69 67 0
69 70 0
70 69 0
70 71 0
71 70 0
72 73 0
72 75 0
72 83 0
73 72 0
73 74 0
73 87 0
74 73 0
75 72 0
75 76 0
76 75 0
76 77 0
77 76 0
77 78 0
77 79 0
78 77 0
79 77 0
79 80 0
80 79 0
80 81 0
81 80 0
82 53 0
82 62 0
83 63 0
83 72 0
84 1 0
84 10 0
85 31 0
85 40 0
86 41 0
86 52 0
87 73 0
87 88 0
88 87 0
88 89 0
89 88 0
GraphDataEnd
GraphEnd
NodeEnd
NodeStart
EPTNodeID: 1
AnchorID: 23127
TreeNodeGraphID: 11
Level: 11
SimplifiedLevel: 0
EditOperation: 5 44 89 0 0
AccumulatedOpsCount: 11
AccumulatedOp: 0 87 0 0 3
AccumulatedOp: 4 56 57 0 0
AccumulatedOp: 4 40 43 0 0
AccumulatedOp: 4 52 55 0 0
AccumulatedOp: 4 43 44 0 0
AccumulatedOp: 1 43 0 2 0
AccumulatedOp: 4 55 56 0 0
AccumulatedOp: 1 55 0 2 0
AccumulatedOp: 1 56 0 2 0
AccumulatedOp: 5 57 88 0 0
AccumulatedOp: 5 44 89 0 0
ChildrenCount: 0
ChildIndices:
CompletedDBGraphIDsCount: 1
CompletedDBGraphID: 20296
GraphStart
GraphDataStart
ID: 11
NumNodes: 87
NumEdges: 174
NodeLabels
0 2 0 2 2 2 2 2 2 2 2 2 0 2 2 2 0 0 2 2 2 2 0 2 2 2 0 0 2 2 2 2 0 2 2 2 0 0 2 2 2 2 0 2 2 0 0 2 2 3 3 2 2 0 2 0 0 2 2 2 2 0 2 2 2 0 0 2 2 2 2 0 2 2 2 0 0 2 2 3 3 3 3 3 3 2 2 
Edges
0 1 0
0 9 0
1 0 0
1 2 0
1 81 0
2 1 0
3 4 0
3 8 0
3 9 0
4 3 0
4 5 0
5 4 0
5 6 0
6 5 0
6 7 0
7 6 0
7 8 0
8 3 0
8 7 0
9 0 0
9 3 0
10 11 0
10 13 0
10 81 0
11 10 0
11 12 0
11 49 0
12 11 0
13 10 0
13 14 0
14 13 0
14 15 0
15 14 0
15 16 0
15 17 0
16 15 0
17 15 0
17 18 0
18 17 0
18 19 0
19 18 0
20 21 0
20 23 0
20 49 0
21 20 0
21 22 0
21 50 0
22 21 0
23 20 0
23 24 0
24 23 0
24 25 0
25 24 0
25 26 0
25 27 0
26 25 0
27 25 0
27 28 0
28 27 0
28 29 0
29 28 0
30 31 0
30 33 0
30 50 0
31 30 0
31 32 0
31 82 0
32 31 0
33 30 0
33 34 0
34 33 0
34 35 0
35 34 0
35 36 0
35 37 0
36 35 0
37 35 0
37 38 0
38 37 0
38 39 0
39 38 0
40 41 0
40 82 0
41 40 0
41 42 0
41 83 0
42 41 0
43 44 0
43 86 0
44 43 0
44 45 0
44 46 0
45 44 0
46 44 0
46 47 0
47 46 0
47 48 0
48 47 0
49 11 0
49 20 0
50 21 0
50 30 0
51 52 0
51 83 0
52 51 0
52 53 0
52 79 0
53 52 0
54 55 0
54 56 0
54 85 0
55 54 0
56 54 0
56 57 0
57 56 0
57 58 0
58 57 0
59 60 0
59 62 0
59 79 0
60 59 0
60 61 0
60 80 0
61 60 0
62 59 0
62 63 0
63 62 0
63 64 0
64 63 0
64 65 0
64 66 0
65 64 0
66 64 0
66 67 0
67 66 0
67 68 0
68 67 0
69 70 0
69 72 0
69 80 0
70 69 0
70 71 0
70 84 0
71 70 0
72 69 0
72 73 0
73 72 0
73 74 0
74 73 0
74 75 0
74 76 0
75 74 0
76 74 0
76 77 0
77 76 0
77 78 0
78 77 0
79 52 0
79 59 0
80 60 0
80 69 0
81 1 0
81 10 0
82 31 0
82 40 0
83 41 0
83 51 0
84 70 0
84 85 0
85 84 0
85 86 0
85 54 0
86 85 0
86 43 0
GraphDataEnd
GraphEnd
NodeEnd
END_EPT
