BEGIN_EPT
AnchorID: 29389  # ID of the anchor node
RootIndex: 0  # Index of the root node in tree_nodes
NodeCount: 4  # Total number of nodes in the EPT
NodeStart
EPTNodeID: 0
AnchorID: 29389
TreeNodeGraphID: 0
Level: 0
SimplifiedLevel: 0
EditOperation: -1 0 -1 0 0
AccumulatedOpsCount: 0
ChildrenCount: 1
ChildIndices: 1
CompletedDBGraphIDsCount: 0
GraphStart
GraphDataStart
ID: 0
NumNodes: 54
NumEdges: 118
NodeLabels
2 2 2 2 3 2 2 2 2 2 2 2 2 2 2 2 2 2 2 2 2 3 2 2 2 2 0 2 3 2 2 2 2 2 2 2 2 2 2 2 2 2 0 3 3 0 0 3 3 2 1 0 0 0 
Edges
0 1 0
0 5 0
0 6 0
1 0 0
1 2 0
1 9 0
2 1 0
2 3 0
3 2 0
3 4 0
4 3 0
4 5 0
5 0 0
5 4 0
5 48 0
6 0 0
6 7 0
6 16 0
7 6 0
7 8 0
7 10 0
8 7 0
8 9 0
8 28 0
9 1 0
9 8 0
9 17 0
10 7 0
10 11 0
10 12 0
11 10 0
11 15 0
11 28 0
12 10 0
12 13 0
13 12 0
13 14 0
13 26 0
14 13 0
14 15 0
15 11 0
15 14 0
16 6 0
17 9 0
18 19 0
18 48 0
19 18 0
19 20 0
20 19 0
20 21 0
21 20 0
21 22 0
21 23 0
22 21 0
22 24 0
23 21 0
24 22 0
24 25 0
25 24 0
25 47 0
26 13 0
26 27 0
27 26 0
28 8 0
28 11 0
29 30 0
29 34 0
29 47 0
30 29 0
30 31 0
30 35 0
31 30 0
31 32 0
31 43 0
32 31 0
32 33 0
32 44 0
33 32 0
33 34 0
34 29 0
34 33 0
35 30 0
35 36 0
35 42 0
36 35 0
36 37 0
36 38 0
37 36 0
37 41 0
37 43 0
38 36 0
38 39 0
39 38 0
39 40 0
40 39 0
40 41 0
41 37 0
41 40 0
42 35 0
43 31 0
43 37 0
44 32 0
44 45 0
44 46 0
45 44 0
46 44 0
47 25 0
47 29 0
48 5 0
48 18 0
49 50 0
50 49 0
50 51 0
50 52 0
50 53 0
51 50 0
52 50 0
53 50 0
GraphDataEnd
GraphEnd
NodeEnd
NodeStart
EPTNodeID: 1
AnchorID: 29389
TreeNodeGraphID: 3
Level: 3
SimplifiedLevel: 0
EditOperation: 1 46 0 0 0
AccumulatedOpsCount: 3
AccumulatedOp: 5 43 45 0 0
AccumulatedOp: 4 44 46 0 0
AccumulatedOp: 1 46 0 0 0
ChildrenCount: 2
ChildIndices: 2 3
CompletedDBGraphIDsCount: 0
GraphStart
GraphDataStart
ID: 3
NumNodes: 53
NumEdges: 118
NodeLabels
2 2 2 2 3 2 2 2 2 2 2 2 2 2 2 2 2 2 2 2 2 3 2 2 2 2 0 2 3 2 2 2 2 2 2 2 2 2 2 2 2 2 0 3 3 0 3 3 2 1 0 0 0 
Edges
0 1 0
0 5 0
0 6 0
1 0 0
1 2 0
1 9 0
2 1 0
2 3 0
3 2 0
3 4 0
4 3 0
4 5 0
5 0 0
5 4 0
5 47 0
6 0 0
6 7 0
6 16 0
7 6 0
7 8 0
7 10 0
8 7 0
8 9 0
8 28 0
9 1 0
9 8 0
9 17 0
10 7 0
10 11 0
10 12 0
11 10 0
11 15 0
11 28 0
12 10 0
12 13 0
13 12 0
13 14 0
13 26 0
14 13 0
14 15 0
15 11 0
15 14 0
16 6 0
17 9 0
18 19 0
18 47 0
19 18 0
19 20 0
20 19 0
20 21 0
21 20 0
21 22 0
21 23 0
22 21 0
22 24 0
23 21 0
24 22 0
24 25 0
25 24 0
25 46 0
26 13 0
26 27 0
27 26 0
28 8 0
28 11 0
29 30 0
29 34 0
29 46 0
30 29 0
30 31 0
30 35 0
31 30 0
31 32 0
31 43 0
32 31 0
32 33 0
32 44 0
33 32 0
33 34 0
34 29 0
34 33 0
35 30 0
35 36 0
35 42 0
36 35 0
36 37 0
36 38 0
37 36 0
37 41 0
37 43 0
38 36 0
38 39 0
39 38 0
39 40 0
40 39 0
40 41 0
41 37 0
41 40 0
42 35 0
43 31 0
43 37 0
43 45 0
44 32 0
44 45 0
45 44 0
45 43 0
46 25 0
46 29 0
47 5 0
47 18 0
48 49 0
49 48 0
49 50 0
49 51 0
49 52 0
50 49 0
51 49 0
52 49 0
GraphDataEnd
GraphEnd
NodeEnd
NodeStart
EPTNodeID: 2
AnchorID: 29389
TreeNodeGraphID: 4
Level: 4
SimplifiedLevel: 0
EditOperation: 0 45 0 0 3
AccumulatedOpsCount: 1
AccumulatedOp: 0 45 0 0 3
ChildrenCount: 0
ChildIndices:
CompletedDBGraphIDsCount: 1
CompletedDBGraphID: 37403
GraphStart
GraphDataStart
ID: 4
NumNodes: 53
NumEdges: 118
NodeLabels
2 2 2 2 3 2 2 2 2 2 2 2 2 2 2 2 2 2 2 2 2 3 2 2 2 2 0 2 3 2 2 2 2 2 2 2 2 2 2 2 2 2 0 3 3 3 3 3 2 1 0 0 0 
Edges
0 1 0
0 5 0
0 6 0
1 0 0
1 2 0
1 9 0
2 1 0
2 3 0
3 2 0
3 4 0
4 3 0
4 5 0
5 0 0
5 4 0
5 47 0
6 0 0
6 7 0
6 16 0
7 6 0
7 8 0
7 10 0
8 7 0
8 9 0
8 28 0
9 1 0
9 8 0
9 17 0
10 7 0
10 11 0
10 12 0
11 10 0
11 15 0
11 28 0
12 10 0
12 13 0
13 12 0
13 14 0
13 26 0
14 13 0
14 15 0
15 11 0
15 14 0
16 6 0
17 9 0
18 19 0
18 47 0
19 18 0
19 20 0
20 19 0
20 21 0
21 20 0
21 22 0
21 23 0
22 21 0
22 24 0
23 21 0
24 22 0
24 25 0
25 24 0
25 46 0
26 13 0
26 27 0
27 26 0
28 8 0
28 11 0
29 30 0
29 34 0
29 46 0
30 29 0
30 31 0
30 35 0
31 30 0
31 32 0
31 43 0
32 31 0
32 33 0
32 44 0
33 32 0
33 34 0
34 29 0
34 33 0
35 30 0
35 36 0
35 42 0
36 35 0
36 37 0
36 38 0
37 36 0
37 41 0
37 43 0
38 36 0
38 39 0
39 38 0
39 40 0
40 39 0
40 41 0
41 37 0
41 40 0
42 35 0
43 31 0
43 37 0
43 45 0
44 32 0
44 45 0
45 44 0
45 43 0
46 25 0
46 29 0
47 5 0
47 18 0
48 49 0
49 48 0
49 50 0
49 51 0
49 52 0
50 49 0
51 49 0
52 49 0
GraphDataEnd
GraphEnd
NodeEnd
NodeStart
EPTNodeID: 3
AnchorID: 29389
TreeNodeGraphID: 5
Level: 4
SimplifiedLevel: 0
EditOperation: 0 45 0 0 2
AccumulatedOpsCount: 1
AccumulatedOp: 0 45 0 0 2
ChildrenCount: 0
ChildIndices:
CompletedDBGraphIDsCount: 1
CompletedDBGraphID: 11234
GraphStart
GraphDataStart
ID: 5
NumNodes: 53
NumEdges: 118
NodeLabels
2 2 2 2 3 2 2 2 2 2 2 2 2 2 2 2 2 2 2 2 2 3 2 2 2 2 0 2 3 2 2 2 2 2 2 2 2 2 2 2 2 2 0 3 3 2 3 3 2 1 0 0 0 
Edges
0 1 0
0 5 0
0 6 0
1 0 0
1 2 0
1 9 0
2 1 0
2 3 0
3 2 0
3 4 0
4 3 0
4 5 0
5 0 0
5 4 0
5 47 0
6 0 0
6 7 0
6 16 0
7 6 0
7 8 0
7 10 0
8 7 0
8 9 0
8 28 0
9 1 0
9 8 0
9 17 0
10 7 0
10 11 0
10 12 0
11 10 0
11 15 0
11 28 0
12 10 0
12 13 0
13 12 0
13 14 0
13 26 0
14 13 0
14 15 0
15 11 0
15 14 0
16 6 0
17 9 0
18 19 0
18 47 0
19 18 0
19 20 0
20 19 0
20 21 0
21 20 0
21 22 0
21 23 0
22 21 0
22 24 0
23 21 0
24 22 0
24 25 0
25 24 0
25 46 0
26 13 0
26 27 0
27 26 0
28 8 0
28 11 0
29 30 0
29 34 0
29 46 0
30 29 0
30 31 0
30 35 0
31 30 0
31 32 0
31 43 0
32 31 0
32 33 0
32 44 0
33 32 0
33 34 0
34 29 0
34 33 0
35 30 0
35 36 0
35 42 0
36 35 0
36 37 0
36 38 0
37 36 0
37 41 0
37 43 0
38 36 0
38 39 0
39 38 0
39 40 0
40 39 0
40 41 0
41 37 0
41 40 0
42 35 0
43 31 0
43 37 0
43 45 0
44 32 0
44 45 0
45 44 0
45 43 0
46 25 0
46 29 0
47 5 0
47 18 0
48 49 0
49 48 0
49 50 0
49 51 0
49 52 0
50 49 0
51 49 0
52 49 0
GraphDataEnd
GraphEnd
NodeEnd
END_EPT
