BEGIN_EPT
AnchorID: 26956  # ID of the anchor node
RootIndex: 0  # Index of the root node in tree_nodes
NodeCount: 4  # Total number of nodes in the EPT
NodeStart
EPTNodeID: 0
AnchorID: 26956
TreeNodeGraphID: 0
Level: 0
SimplifiedLevel: 0
EditOperation: -1 0 -1 0 0
AccumulatedOpsCount: 0
ChildrenCount: 1
ChildIndices: 1
CompletedDBGraphIDsCount: 0
GraphStart
GraphDataStart
ID: 0
NumNodes: 60
NumEdges: 138
NodeLabels
2 2 2 2 2 2 2 2 2 2 2 0 2 2 2 2 2 2 2 2 2 2 2 2 2 2 2 2 2 2 2 2 2 2 2 2 2 2 2 2 2 0 2 2 2 2 2 2 2 2 2 2 2 2 2 2 2 2 2 2 
Edges
0 1 0
0 5 0
0 6 0
1 0 0
1 2 0
2 1 0
2 3 0
3 2 0
3 4 0
3 57 0
4 3 0
4 5 0
5 0 0
5 4 0
6 0 0
6 7 0
6 8 0
7 6 0
7 10 0
7 12 0
8 6 0
8 9 0
8 24 0
9 8 0
9 10 0
9 18 0
10 7 0
10 9 0
10 11 0
11 10 0
12 7 0
12 13 0
12 17 0
13 12 0
13 14 0
14 13 0
14 15 0
15 14 0
15 16 0
16 15 0
16 17 0
17 12 0
17 16 0
18 9 0
18 19 0
18 23 0
19 18 0
19 20 0
20 19 0
20 21 0
21 20 0
21 22 0
22 21 0
22 23 0
23 18 0
23 22 0
24 8 0
24 25 0
24 29 0
25 24 0
25 26 0
26 25 0
26 27 0
27 26 0
27 28 0
28 27 0
28 29 0
29 24 0
29 28 0
30 31 0
30 35 0
30 36 0
31 30 0
31 32 0
32 31 0
32 33 0
33 32 0
33 34 0
34 33 0
34 35 0
35 30 0
35 34 0
36 30 0
36 37 0
36 38 0
37 36 0
37 40 0
37 42 0
38 36 0
38 39 0
38 54 0
39 38 0
39 40 0
39 48 0
40 37 0
40 39 0
40 41 0
41 40 0
42 37 0
42 43 0
42 47 0
43 42 0
43 44 0
44 43 0
44 45 0
45 44 0
45 46 0
46 45 0
46 47 0
47 42 0
47 46 0
48 39 0
48 49 0
48 53 0
49 48 0
49 50 0
50 49 0
50 51 0
51 50 0
51 52 0
52 51 0
52 53 0
53 48 0
53 52 0
54 38 0
54 55 0
54 59 0
55 54 0
55 56 0
56 55 0
56 57 0
57 3 0
57 56 0
57 58 0
58 57 0
58 59 0
59 54 0
59 58 0
GraphDataEnd
GraphEnd
NodeEnd
NodeStart
EPTNodeID: 1
AnchorID: 26956
TreeNodeGraphID: 1
Level: 1
SimplifiedLevel: 0
EditOperation: 4 3 57 0 0
AccumulatedOpsCount: 1
AccumulatedOp: 4 3 57 0 0
ChildrenCount: 2
ChildIndices: 2 3
CompletedDBGraphIDsCount: 0
GraphStart
GraphDataStart
ID: 1
NumNodes: 60
NumEdges: 136
NodeLabels
2 2 2 2 2 2 2 2 2 2 2 0 2 2 2 2 2 2 2 2 2 2 2 2 2 2 2 2 2 2 2 2 2 2 2 2 2 2 2 2 2 0 2 2 2 2 2 2 2 2 2 2 2 2 2 2 2 2 2 2 
Edges
0 1 0
0 5 0
0 6 0
1 0 0
1 2 0
2 1 0
2 3 0
3 2 0
3 4 0
4 3 0
4 5 0
5 0 0
5 4 0
6 0 0
6 7 0
6 8 0
7 6 0
7 10 0
7 12 0
8 6 0
8 9 0
8 24 0
9 8 0
9 10 0
9 18 0
10 7 0
10 9 0
10 11 0
11 10 0
12 7 0
12 13 0
12 17 0
13 12 0
13 14 0
14 13 0
14 15 0
15 14 0
15 16 0
16 15 0
16 17 0
17 12 0
17 16 0
18 9 0
18 19 0
18 23 0
19 18 0
19 20 0
20 19 0
20 21 0
21 20 0
21 22 0
22 21 0
22 23 0
23 18 0
23 22 0
24 8 0
24 25 0
24 29 0
25 24 0
25 26 0
26 25 0
26 27 0
27 26 0
27 28 0
28 27 0
28 29 0
29 24 0
29 28 0
30 31 0
30 35 0
30 36 0
31 30 0
31 32 0
32 31 0
32 33 0
33 32 0
33 34 0
34 33 0
34 35 0
35 30 0
35 34 0
36 30 0
36 37 0
36 38 0
37 36 0
37 40 0
37 42 0
38 36 0
38 39 0
38 54 0
39 38 0
39 40 0
39 48 0
40 37 0
40 39 0
40 41 0
41 40 0
42 37 0
42 43 0
42 47 0
43 42 0
43 44 0
44 43 0
44 45 0
45 44 0
45 46 0
46 45 0
46 47 0
47 42 0
47 46 0
48 39 0
48 49 0
48 53 0
49 48 0
49 50 0
50 49 0
50 51 0
51 50 0
51 52 0
52 51 0
52 53 0
53 48 0
53 52 0
54 38 0
54 55 0
54 59 0
55 54 0
55 56 0
56 55 0
56 57 0
57 56 0
57 58 0
58 57 0
58 59 0
59 54 0
59 58 0
GraphDataEnd
GraphEnd
NodeEnd
NodeStart
EPTNodeID: 2
AnchorID: 26956
TreeNodeGraphID: 4
Level: 4
SimplifiedLevel: 0
EditOperation: 5 57 60 0 0
AccumulatedOpsCount: 3
AccumulatedOp: 2 60 0 0 1
AccumulatedOp: 5 27 60 0 0
AccumulatedOp: 5 57 60 0 0
ChildrenCount: 0
ChildIndices:
CompletedDBGraphIDsCount: 1
CompletedDBGraphID: 2337
GraphStart
GraphDataStart
ID: 4
NumNodes: 61
NumEdges: 140
NodeLabels
2 2 2 2 2 2 2 2 2 2 2 0 2 2 2 2 2 2 2 2 2 2 2 2 2 2 2 2 2 2 2 2 2 2 2 2 2 2 2 2 2 0 2 2 2 2 2 2 2 2 2 2 2 2 2 2 2 2 2 2 1 
Edges
0 1 0
0 5 0
0 6 0
1 0 0
1 2 0
2 1 0
2 3 0
3 2 0
3 4 0
4 3 0
4 5 0
5 0 0
5 4 0
6 0 0
6 7 0
6 8 0
7 6 0
7 10 0
7 12 0
8 6 0
8 9 0
8 24 0
9 8 0
9 10 0
9 18 0
10 7 0
10 9 0
10 11 0
11 10 0
12 7 0
12 13 0
12 17 0
13 12 0
13 14 0
14 13 0
14 15 0
15 14 0
15 16 0
16 15 0
16 17 0
17 12 0
17 16 0
18 9 0
18 19 0
18 23 0
19 18 0
19 20 0
20 19 0
20 21 0
21 20 0
21 22 0
22 21 0
22 23 0
23 18 0
23 22 0
24 8 0
24 25 0
24 29 0
25 24 0
25 26 0
26 25 0
26 27 0
27 26 0
27 28 0
27 60 0
28 27 0
28 29 0
29 24 0
29 28 0
30 31 0
30 35 0
30 36 0
31 30 0
31 32 0
32 31 0
32 33 0
33 32 0
33 34 0
34 33 0
34 35 0
35 30 0
35 34 0
36 30 0
36 37 0
36 38 0
37 36 0
37 40 0
37 42 0
38 36 0
38 39 0
38 54 0
39 38 0
39 40 0
39 48 0
40 37 0
40 39 0
40 41 0
41 40 0
42 37 0
42 43 0
42 47 0
43 42 0
43 44 0
44 43 0
44 45 0
45 44 0
45 46 0
46 45 0
46 47 0
47 42 0
47 46 0
48 39 0
48 49 0
48 53 0
49 48 0
49 50 0
50 49 0
50 51 0
51 50 0
51 52 0
52 51 0
52 53 0
53 48 0
53 52 0
54 38 0
54 55 0
54 59 0
55 54 0
55 56 0
56 55 0
56 57 0
57 56 0
57 58 0
57 60 0
58 57 0
58 59 0
59 54 0
59 58 0
60 27 0
60 57 0
GraphDataEnd
GraphEnd
NodeEnd
NodeStart
EPTNodeID: 3
AnchorID: 26956
TreeNodeGraphID: 7
Level: 4
SimplifiedLevel: 0
EditOperation: 5 3 60 0 0
AccumulatedOpsCount: 3
AccumulatedOp: 2 60 0 0 2
AccumulatedOp: 5 57 60 0 0
AccumulatedOp: 5 3 60 0 0
ChildrenCount: 0
ChildIndices:
CompletedDBGraphIDsCount: 1
CompletedDBGraphID: 12135
GraphStart
GraphDataStart
ID: 7
NumNodes: 61
NumEdges: 140
NodeLabels
2 2 2 2 2 2 2 2 2 2 2 0 2 2 2 2 2 2 2 2 2 2 2 2 2 2 2 2 2 2 2 2 2 2 2 2 2 2 2 2 2 0 2 2 2 2 2 2 2 2 2 2 2 2 2 2 2 2 2 2 2 
Edges
0 1 0
0 5 0
0 6 0
1 0 0
1 2 0
2 1 0
2 3 0
3 2 0
3 4 0
3 60 0
4 3 0
4 5 0
5 0 0
5 4 0
6 0 0
6 7 0
6 8 0
7 6 0
7 10 0
7 12 0
8 6 0
8 9 0
8 24 0
9 8 0
9 10 0
9 18 0
10 7 0
10 9 0
10 11 0
11 10 0
12 7 0
12 13 0
12 17 0
13 12 0
13 14 0
14 13 0
14 15 0
15 14 0
15 16 0
16 15 0
16 17 0
17 12 0
17 16 0
18 9 0
18 19 0
18 23 0
19 18 0
19 20 0
20 19 0
20 21 0
21 20 0
21 22 0
22 21 0
22 23 0
23 18 0
23 22 0
24 8 0
24 25 0
24 29 0
25 24 0
25 26 0
26 25 0
26 27 0
27 26 0
27 28 0
28 27 0
28 29 0
29 24 0
29 28 0
30 31 0
30 35 0
30 36 0
31 30 0
31 32 0
32 31 0
32 33 0
33 32 0
33 34 0
34 33 0
34 35 0
35 30 0
35 34 0
36 30 0
36 37 0
36 38 0
37 36 0
37 40 0
37 42 0
38 36 0
38 39 0
38 54 0
39 38 0
39 40 0
39 48 0
40 37 0
40 39 0
40 41 0
41 40 0
42 37 0
42 43 0
42 47 0
43 42 0
43 44 0
44 43 0
44 45 0
45 44 0
45 46 0
46 45 0
46 47 0
47 42 0
47 46 0
48 39 0
48 49 0
48 53 0
49 48 0
49 50 0
50 49 0
50 51 0
51 50 0
51 52 0
52 51 0
52 53 0
53 48 0
53 52 0
54 38 0
54 55 0
54 59 0
55 54 0
55 56 0
56 55 0
56 57 0
57 56 0
57 58 0
57 60 0
58 57 0
58 59 0
59 54 0
59 58 0
60 57 0
60 3 0
GraphDataEnd
GraphEnd
NodeEnd
END_EPT
