BEGIN_EPT
AnchorID: 15964  # ID of the anchor node
RootIndex: 0  # Index of the root node in tree_nodes
NodeCount: 1  # Total number of nodes in the EPT
NodeStart
EPTNodeID: 0
AnchorID: 15964
TreeNodeGraphID: 0
Level: 0
SimplifiedLevel: 0
EditOperation: -1 0 -1 0 0
AccumulatedOpsCount: 0
ChildrenCount: 0
ChildIndices:
CompletedDBGraphIDsCount: 0
GraphStart
GraphDataStart
ID: 0
NumNodes: 80
NumEdges: 176
NodeLabels
2 3 2 2 2 2 2 2 2 2 2 2 2 2 2 2 2 2 2 2 2 2 2 2 2 2 2 2 2 2 2 2 2 2 2 2 2 2 2 2 3 2 2 2 2 2 2 2 2 2 2 2 2 2 2 2 2 3 2 2 2 2 2 2 2 3 2 2 2 2 2 2 2 2 2 2 2 2 2 2 
Edges
0 1 0
0 4 0
0 5 0
1 0 0
1 2 0
2 1 0
2 3 0
2 21 0
3 2 0
3 4 0
4 0 0
4 3 0
5 0 0
5 6 0
5 7 0
6 5 0
6 64 0
6 65 0
7 5 0
7 8 0
7 12 0
8 7 0
8 9 0
9 8 0
9 10 0
9 17 0
10 9 0
10 11 0
11 10 0
11 12 0
11 13 0
12 7 0
12 11 0
13 11 0
13 14 0
13 15 0
13 16 0
14 13 0
15 13 0
16 13 0
17 9 0
17 18 0
17 19 0
17 20 0
18 17 0
19 17 0
20 17 0
21 2 0
21 22 0
21 23 0
22 21 0
22 37 0
22 40 0
23 21 0
23 24 0
23 28 0
24 23 0
24 25 0
25 24 0
25 26 0
25 29 0
26 25 0
26 27 0
27 26 0
27 28 0
27 33 0
28 23 0
28 27 0
29 25 0
29 30 0
29 31 0
29 32 0
30 29 0
31 29 0
32 29 0
33 27 0
33 34 0
33 35 0
33 36 0
34 33 0
35 33 0
36 33 0
37 22 0
37 38 0
38 37 0
38 39 0
39 38 0
39 40 0
39 41 0
40 22 0
40 39 0
41 39 0
41 42 0
41 43 0
42 41 0
42 57 0
42 60 0
43 41 0
43 44 0
43 48 0
44 43 0
44 45 0
45 44 0
45 46 0
45 49 0
46 45 0
46 47 0
47 46 0
47 48 0
47 53 0
48 43 0
48 47 0
49 45 0
49 50 0
49 51 0
49 52 0
50 49 0
51 49 0
52 49 0
53 47 0
53 54 0
53 55 0
53 56 0
54 53 0
55 53 0
56 53 0
57 42 0
57 58 0
58 57 0
58 59 0
58 61 0
59 58 0
59 60 0
60 42 0
60 59 0
61 58 0
61 62 0
61 66 0
62 61 0
62 63 0
62 65 0
63 62 0
63 64 0
64 6 0
64 63 0
65 6 0
65 62 0
66 61 0
66 67 0
66 71 0
67 66 0
67 68 0
68 67 0
68 69 0
68 72 0
69 68 0
69 70 0
70 69 0
70 71 0
70 76 0
71 66 0
71 70 0
72 68 0
72 73 0
72 74 0
72 75 0
73 72 0
74 72 0
75 72 0
76 70 0
76 77 0
76 78 0
76 79 0
77 76 0
78 76 0
79 76 0
GraphDataEnd
GraphEnd
NodeEnd
END_EPT
