BEGIN_EPT
AnchorID: 15846  # ID of the anchor node
RootIndex: 0  # Index of the root node in tree_nodes
NodeCount: 1  # Total number of nodes in the EPT
NodeStart
EPTNodeID: 0
AnchorID: 15846
TreeNodeGraphID: 0
Level: 0
SimplifiedLevel: 0
EditOperation: -1 0 -1 0 0
AccumulatedOpsCount: 0
ChildrenCount: 0
ChildIndices:
CompletedDBGraphIDsCount: 0
GraphStart
GraphDataStart
ID: 0
NumNodes: 150
NumEdges: 314
NodeLabels
3 2 2 2 2 2 2 0 3 2 2 2 0 3 2 2 2 0 3 2 2 2 2 2 3 2 0 3 2 2 2 2 2 2 2 2 2 0 3 2 2 2 2 2 2 0 3 2 2 1 2 0 2 2 2 1 2 0 3 2 2 2 2 2 0 3 2 2 0 3 2 2 2 0 3 2 2 2 0 3 2 2 2 2 2 3 2 0 3 2 2 2 2 0 3 2 2 0 3 2 2 1 2 0 3 2 2 2 2 2 2 2 2 2 0 3 2 2 2 0 3 2 0 3 2 2 1 2 0 3 2 2 2 2 2 2 2 2 0 2 0 3 2 2 2 0 3 2 2 3 
Edges
0 1 0
1 0 0
1 2 0
1 6 0
2 1 0
2 3 0
2 4 0
3 2 0
4 2 0
4 5 0
5 4 0
6 1 0
6 7 0
6 8 0
7 6 0
8 6 0
8 9 0
9 8 0
9 10 0
9 11 0
10 9 0
11 9 0
11 12 0
11 13 0
12 11 0
13 11 0
13 14 0
14 13 0
14 15 0
14 16 0
15 14 0
15 49 0
16 14 0
16 17 0
16 18 0
17 16 0
18 16 0
18 19 0
19 18 0
19 20 0
19 25 0
20 19 0
20 21 0
21 20 0
21 22 0
22 21 0
22 23 0
23 22 0
23 24 0
24 23 0
25 19 0
25 26 0
25 27 0
26 25 0
27 25 0
27 28 0
28 27 0
28 29 0
28 36 0
29 28 0
29 30 0
30 29 0
30 31 0
30 35 0
31 30 0
31 32 0
32 31 0
32 33 0
33 32 0
33 34 0
34 33 0
34 35 0
35 30 0
35 34 0
36 28 0
36 37 0
36 38 0
37 36 0
38 36 0
38 39 0
39 38 0
39 40 0
39 44 0
40 39 0
40 41 0
41 40 0
41 42 0
41 43 0
42 41 0
43 41 0
44 39 0
44 45 0
44 46 0
45 44 0
46 44 0
46 47 0
47 46 0
47 48 0
47 50 0
48 47 0
48 49 0
49 15 0
49 48 0
50 47 0
50 51 0
50 149 0
51 50 0
52 53 0
52 56 0
52 149 0
53 52 0
53 54 0
53 55 0
54 53 0
55 53 0
55 71 0
56 52 0
56 57 0
56 58 0
57 56 0
58 56 0
58 59 0
58 62 0
59 58 0
59 60 0
60 59 0
60 61 0
61 60 0
61 62 0
62 58 0
62 61 0
62 63 0
63 62 0
63 64 0
63 65 0
64 63 0
65 63 0
65 66 0
66 65 0
66 67 0
67 66 0
67 68 0
67 69 0
68 67 0
69 67 0
69 70 0
70 69 0
70 71 0
70 72 0
71 55 0
71 70 0
72 70 0
72 73 0
72 74 0
73 72 0
74 72 0
74 75 0
75 74 0
75 76 0
75 77 0
76 75 0
77 75 0
77 78 0
77 79 0
78 77 0
79 77 0
79 80 0
80 79 0
80 81 0
80 86 0
81 80 0
81 82 0
82 81 0
82 83 0
83 82 0
83 84 0
84 83 0
84 85 0
85 84 0
86 80 0
86 87 0
86 88 0
87 86 0
88 86 0
88 89 0
89 88 0
89 90 0
89 92 0
90 89 0
90 91 0
91 90 0
92 89 0
92 93 0
92 94 0
93 92 0
94 92 0
94 95 0
95 94 0
95 96 0
96 95 0
96 97 0
96 98 0
97 96 0
98 96 0
98 99 0
99 98 0
99 100 0
99 102 0
100 99 0
100 101 0
101 100 0
101 143 0
102 99 0
102 103 0
102 104 0
103 102 0
104 102 0
104 105 0
105 104 0
105 106 0
105 113 0
106 105 0
106 107 0
107 106 0
107 108 0
107 112 0
108 107 0
108 109 0
109 108 0
109 110 0
110 109 0
110 111 0
111 110 0
111 112 0
112 107 0
112 111 0
113 105 0
113 114 0
113 115 0
114 113 0
115 113 0
115 116 0
116 115 0
116 117 0
116 121 0
117 116 0
117 118 0
118 117 0
118 119 0
118 120 0
119 118 0
120 118 0
121 116 0
121 122 0
121 123 0
122 121 0
123 121 0
123 124 0
124 123 0
124 125 0
124 127 0
125 124 0
125 126 0
126 125 0
126 148 0
127 124 0
127 128 0
127 129 0
128 127 0
129 127 0
129 130 0
130 129 0
130 131 0
130 139 0
131 130 0
131 132 0
132 131 0
132 133 0
132 137 0
133 132 0
133 134 0
134 133 0
134 135 0
135 134 0
135 136 0
135 138 0
136 135 0
136 137 0
137 132 0
137 136 0
138 135 0
139 130 0
139 140 0
139 141 0
140 139 0
141 139 0
141 142 0
142 141 0
142 143 0
142 144 0
143 101 0
143 142 0
144 142 0
144 145 0
144 146 0
145 144 0
146 144 0
146 147 0
147 146 0
147 148 0
148 126 0
148 147 0
149 50 0
149 52 0
GraphDataEnd
GraphEnd
NodeEnd
END_EPT
