BEGIN_EPT
AnchorID: 19436  # ID of the anchor node
RootIndex: 0  # Index of the root node in tree_nodes
NodeCount: 11  # Total number of nodes in the EPT
NodeStart
EPTNodeID: 0
AnchorID: 19436
TreeNodeGraphID: 0
Level: 0
SimplifiedLevel: 0
EditOperation: -1 0 -1 0 0
AccumulatedOpsCount: 0
ChildrenCount: 3
ChildIndices: 1 9 10
CompletedDBGraphIDsCount: 0
GraphStart
GraphDataStart
ID: 0
NumNodes: 59
NumEdges: 128
NodeLabels
2 0 2 2 0 2 3 3 2 2 2 3 2 2 2 3 0 0 3 3 3 3 2 2 2 2 2 2 2 2 2 2 2 2 1 0 0 2 2 2 0 2 2 2 2 2 2 2 0 2 2 2 2 2 2 3 3 4 4 
Edges
0 1 0
0 2 0
0 6 0
1 0 0
2 0 0
2 39 0
3 4 0
3 5 0
3 11 0
4 3 0
5 3 0
5 47 0
6 0 0
6 7 0
6 10 0
7 6 0
7 8 0
8 7 0
8 9 0
8 38 0
9 8 0
9 10 0
9 18 0
10 6 0
10 9 0
10 16 0
11 3 0
11 12 0
11 15 0
12 11 0
12 13 0
12 17 0
13 12 0
13 14 0
13 19 0
14 13 0
14 15 0
14 37 0
15 11 0
15 14 0
16 10 0
17 12 0
18 9 0
18 20 0
19 13 0
19 21 0
20 18 0
20 22 0
21 19 0
21 28 0
22 20 0
22 23 0
22 27 0
23 22 0
23 24 0
24 23 0
24 25 0
25 24 0
25 26 0
25 34 0
26 25 0
26 27 0
27 22 0
27 26 0
28 21 0
28 29 0
28 33 0
29 28 0
29 30 0
30 29 0
30 31 0
31 30 0
31 32 0
31 34 0
32 31 0
32 33 0
33 28 0
33 32 0
34 25 0
34 31 0
34 35 0
34 36 0
35 34 0
36 34 0
37 14 0
38 8 0
39 2 0
39 40 0
39 55 0
40 39 0
41 42 0
41 46 0
41 55 0
42 41 0
42 43 0
43 42 0
43 44 0
44 43 0
44 45 0
44 57 0
45 44 0
45 46 0
46 41 0
46 45 0
47 5 0
47 48 0
47 56 0
48 47 0
49 50 0
49 54 0
49 56 0
50 49 0
50 51 0
51 50 0
51 52 0
52 51 0
52 53 0
52 58 0
53 52 0
53 54 0
54 49 0
54 53 0
55 39 0
55 41 0
56 47 0
56 49 0
57 44 0
58 52 0
GraphDataEnd
GraphEnd
NodeEnd
NodeStart
EPTNodeID: 1
AnchorID: 19436
TreeNodeGraphID: 1
Level: 1
SimplifiedLevel: 0
EditOperation: 4 52 58 0 0
AccumulatedOpsCount: 1
AccumulatedOp: 4 52 58 0 0
ChildrenCount: 2
ChildIndices: 2 8
CompletedDBGraphIDsCount: 0
GraphStart
GraphDataStart
ID: 1
NumNodes: 59
NumEdges: 126
NodeLabels
2 0 2 2 0 2 3 3 2 2 2 3 2 2 2 3 0 0 3 3 3 3 2 2 2 2 2 2 2 2 2 2 2 2 1 0 0 2 2 2 0 2 2 2 2 2 2 2 0 2 2 2 2 2 2 3 3 4 4 
Edges
0 1 0
0 2 0
0 6 0
1 0 0
2 0 0
2 39 0
3 4 0
3 5 0
3 11 0
4 3 0
5 3 0
5 47 0
6 0 0
6 7 0
6 10 0
7 6 0
7 8 0
8 7 0
8 9 0
8 38 0
9 8 0
9 10 0
9 18 0
10 6 0
10 9 0
10 16 0
11 3 0
11 12 0
11 15 0
12 11 0
12 13 0
12 17 0
13 12 0
13 14 0
13 19 0
14 13 0
14 15 0
14 37 0
15 11 0
15 14 0
16 10 0
17 12 0
18 9 0
18 20 0
19 13 0
19 21 0
20 18 0
20 22 0
21 19 0
21 28 0
22 20 0
22 23 0
22 27 0
23 22 0
23 24 0
24 23 0
24 25 0
25 24 0
25 26 0
25 34 0
26 25 0
26 27 0
27 22 0
27 26 0
28 21 0
28 29 0
28 33 0
29 28 0
29 30 0
30 29 0
30 31 0
31 30 0
31 32 0
31 34 0
32 31 0
32 33 0
33 28 0
33 32 0
34 25 0
34 31 0
34 35 0
34 36 0
35 34 0
36 34 0
37 14 0
38 8 0
39 2 0
39 40 0
39 55 0
40 39 0
41 42 0
41 46 0
41 55 0
42 41 0
42 43 0
43 42 0
43 44 0
44 43 0
44 45 0
44 57 0
45 44 0
45 46 0
46 41 0
46 45 0
47 5 0
47 48 0
47 56 0
48 47 0
49 50 0
49 54 0
49 56 0
50 49 0
50 51 0
51 50 0
51 52 0
52 51 0
52 53 0
53 52 0
53 54 0
54 49 0
54 53 0
55 39 0
55 41 0
56 47 0
56 49 0
57 44 0
GraphDataEnd
GraphEnd
NodeEnd
NodeStart
EPTNodeID: 2
AnchorID: 19436
TreeNodeGraphID: 2
Level: 2
SimplifiedLevel: 0
EditOperation: 4 44 57 0 0
AccumulatedOpsCount: 1
AccumulatedOp: 4 44 57 0 0
ChildrenCount: 3
ChildIndices: 3 6 7
CompletedDBGraphIDsCount: 0
GraphStart
GraphDataStart
ID: 2
NumNodes: 59
NumEdges: 124
NodeLabels
2 0 2 2 0 2 3 3 2 2 2 3 2 2 2 3 0 0 3 3 3 3 2 2 2 2 2 2 2 2 2 2 2 2 1 0 0 2 2 2 0 2 2 2 2 2 2 2 0 2 2 2 2 2 2 3 3 4 4 
Edges
0 1 0
0 2 0
0 6 0
1 0 0
2 0 0
2 39 0
3 4 0
3 5 0
3 11 0
4 3 0
5 3 0
5 47 0
6 0 0
6 7 0
6 10 0
7 6 0
7 8 0
8 7 0
8 9 0
8 38 0
9 8 0
9 10 0
9 18 0
10 6 0
10 9 0
10 16 0
11 3 0
11 12 0
11 15 0
12 11 0
12 13 0
12 17 0
13 12 0
13 14 0
13 19 0
14 13 0
14 15 0
14 37 0
15 11 0
15 14 0
16 10 0
17 12 0
18 9 0
18 20 0
19 13 0
19 21 0
20 18 0
20 22 0
21 19 0
21 28 0
22 20 0
22 23 0
22 27 0
23 22 0
23 24 0
24 23 0
24 25 0
25 24 0
25 26 0
25 34 0
26 25 0
26 27 0
27 22 0
27 26 0
28 21 0
28 29 0
28 33 0
29 28 0
29 30 0
30 29 0
30 31 0
31 30 0
31 32 0
31 34 0
32 31 0
32 33 0
33 28 0
33 32 0
34 25 0
34 31 0
34 35 0
34 36 0
35 34 0
36 34 0
37 14 0
38 8 0
39 2 0
39 40 0
39 55 0
40 39 0
41 42 0
41 46 0
41 55 0
42 41 0
42 43 0
43 42 0
43 44 0
44 43 0
44 45 0
45 44 0
45 46 0
46 41 0
46 45 0
47 5 0
47 48 0
47 56 0
48 47 0
49 50 0
49 54 0
49 56 0
50 49 0
50 51 0
51 50 0
51 52 0
52 51 0
52 53 0
53 52 0
53 54 0
54 49 0
54 53 0
55 39 0
55 41 0
56 47 0
56 49 0
GraphDataEnd
GraphEnd
NodeEnd
NodeStart
EPTNodeID: 3
AnchorID: 19436
TreeNodeGraphID: 3
Level: 3
SimplifiedLevel: 0
EditOperation: 5 51 58 0 0
AccumulatedOpsCount: 1
AccumulatedOp: 5 51 58 0 0
ChildrenCount: 2
ChildIndices: 4 5
CompletedDBGraphIDsCount: 0
GraphStart
GraphDataStart
ID: 3
NumNodes: 59
NumEdges: 126
NodeLabels
2 0 2 2 0 2 3 3 2 2 2 3 2 2 2 3 0 0 3 3 3 3 2 2 2 2 2 2 2 2 2 2 2 2 1 0 0 2 2 2 0 2 2 2 2 2 2 2 0 2 2 2 2 2 2 3 3 4 4 
Edges
0 1 0
0 2 0
0 6 0
1 0 0
2 0 0
2 39 0
3 4 0
3 5 0
3 11 0
4 3 0
5 3 0
5 47 0
6 0 0
6 7 0
6 10 0
7 6 0
7 8 0
8 7 0
8 9 0
8 38 0
9 8 0
9 10 0
9 18 0
10 6 0
10 9 0
10 16 0
11 3 0
11 12 0
11 15 0
12 11 0
12 13 0
12 17 0
13 12 0
13 14 0
13 19 0
14 13 0
14 15 0
14 37 0
15 11 0
15 14 0
16 10 0
17 12 0
18 9 0
18 20 0
19 13 0
19 21 0
20 18 0
20 22 0
21 19 0
21 28 0
22 20 0
22 23 0
22 27 0
23 22 0
23 24 0
24 23 0
24 25 0
25 24 0
25 26 0
25 34 0
26 25 0
26 27 0
27 22 0
27 26 0
28 21 0
28 29 0
28 33 0
29 28 0
29 30 0
30 29 0
30 31 0
31 30 0
31 32 0
31 34 0
32 31 0
32 33 0
33 28 0
33 32 0
34 25 0
34 31 0
34 35 0
34 36 0
35 34 0
36 34 0
37 14 0
38 8 0
39 2 0
39 40 0
39 55 0
40 39 0
41 42 0
41 46 0
41 55 0
42 41 0
42 43 0
43 42 0
43 44 0
44 43 0
44 45 0
45 44 0
45 46 0
46 41 0
46 45 0
47 5 0
47 48 0
47 56 0
48 47 0
49 50 0
49 54 0
49 56 0
50 49 0
50 51 0
51 50 0
51 52 0
51 58 0
52 51 0
52 53 0
53 52 0
53 54 0
54 49 0
54 53 0
55 39 0
55 41 0
56 47 0
56 49 0
58 51 0
GraphDataEnd
GraphEnd
NodeEnd
NodeStart
EPTNodeID: 4
AnchorID: 19436
TreeNodeGraphID: 4
Level: 4
SimplifiedLevel: 0
EditOperation: 5 43 57 0 0
AccumulatedOpsCount: 1
AccumulatedOp: 5 43 57 0 0
ChildrenCount: 0
ChildIndices:
CompletedDBGraphIDsCount: 1
CompletedDBGraphID: 10373
GraphStart
GraphDataStart
ID: 4
NumNodes: 59
NumEdges: 128
NodeLabels
2 0 2 2 0 2 3 3 2 2 2 3 2 2 2 3 0 0 3 3 3 3 2 2 2 2 2 2 2 2 2 2 2 2 1 0 0 2 2 2 0 2 2 2 2 2 2 2 0 2 2 2 2 2 2 3 3 4 4 
Edges
0 1 0
0 2 0
0 6 0
1 0 0
2 0 0
2 39 0
3 4 0
3 5 0
3 11 0
4 3 0
5 3 0
5 47 0
6 0 0
6 7 0
6 10 0
7 6 0
7 8 0
8 7 0
8 9 0
8 38 0
9 8 0
9 10 0
9 18 0
10 6 0
10 9 0
10 16 0
11 3 0
11 12 0
11 15 0
12 11 0
12 13 0
12 17 0
13 12 0
13 14 0
13 19 0
14 13 0
14 15 0
14 37 0
15 11 0
15 14 0
16 10 0
17 12 0
18 9 0
18 20 0
19 13 0
19 21 0
20 18 0
20 22 0
21 19 0
21 28 0
22 20 0
22 23 0
22 27 0
23 22 0
23 24 0
24 23 0
24 25 0
25 24 0
25 26 0
25 34 0
26 25 0
26 27 0
27 22 0
27 26 0
28 21 0
28 29 0
28 33 0
29 28 0
29 30 0
30 29 0
30 31 0
31 30 0
31 32 0
31 34 0
32 31 0
32 33 0
33 28 0
33 32 0
34 25 0
34 31 0
34 35 0
34 36 0
35 34 0
36 34 0
37 14 0
38 8 0
39 2 0
39 40 0
39 55 0
40 39 0
41 42 0
41 46 0
41 55 0
42 41 0
42 43 0
43 42 0
43 44 0
43 57 0
44 43 0
44 45 0
45 44 0
45 46 0
46 41 0
46 45 0
47 5 0
47 48 0
47 56 0
48 47 0
49 50 0
49 54 0
49 56 0
50 49 0
50 51 0
51 50 0
51 52 0
51 58 0
52 51 0
52 53 0
53 52 0
53 54 0
54 49 0
54 53 0
55 39 0
55 41 0
56 47 0
56 49 0
57 43 0
58 51 0
GraphDataEnd
GraphEnd
NodeEnd
NodeStart
EPTNodeID: 5
AnchorID: 19436
TreeNodeGraphID: 7
Level: 6
SimplifiedLevel: 0
EditOperation: 5 45 57 0 0
AccumulatedOpsCount: 3
AccumulatedOp: 0 57 0 4 2
AccumulatedOp: 0 58 0 4 2
AccumulatedOp: 5 45 57 0 0
ChildrenCount: 0
ChildIndices:
CompletedDBGraphIDsCount: 1
CompletedDBGraphID: 19926
GraphStart
GraphDataStart
ID: 7
NumNodes: 59
NumEdges: 128
NodeLabels
2 0 2 2 0 2 3 3 2 2 2 3 2 2 2 3 0 0 3 3 3 3 2 2 2 2 2 2 2 2 2 2 2 2 1 0 0 2 2 2 0 2 2 2 2 2 2 2 0 2 2 2 2 2 2 3 3 2 2 
Edges
0 1 0
0 2 0
0 6 0
1 0 0
2 0 0
2 39 0
3 4 0
3 5 0
3 11 0
4 3 0
5 3 0
5 47 0
6 0 0
6 7 0
6 10 0
7 6 0
7 8 0
8 7 0
8 9 0
8 38 0
9 8 0
9 10 0
9 18 0
10 6 0
10 9 0
10 16 0
11 3 0
11 12 0
11 15 0
12 11 0
12 13 0
12 17 0
13 12 0
13 14 0
13 19 0
14 13 0
14 15 0
14 37 0
15 11 0
15 14 0
16 10 0
17 12 0
18 9 0
18 20 0
19 13 0
19 21 0
20 18 0
20 22 0
21 19 0
21 28 0
22 20 0
22 23 0
22 27 0
23 22 0
23 24 0
24 23 0
24 25 0
25 24 0
25 26 0
25 34 0
26 25 0
26 27 0
27 22 0
27 26 0
28 21 0
28 29 0
28 33 0
29 28 0
29 30 0
30 29 0
30 31 0
31 30 0
31 32 0
31 34 0
32 31 0
32 33 0
33 28 0
33 32 0
34 25 0
34 31 0
34 35 0
34 36 0
35 34 0
36 34 0
37 14 0
38 8 0
39 2 0
39 40 0
39 55 0
40 39 0
41 42 0
41 46 0
41 55 0
42 41 0
42 43 0
43 42 0
43 44 0
44 43 0
44 45 0
45 44 0
45 46 0
45 57 0
46 41 0
46 45 0
47 5 0
47 48 0
47 56 0
48 47 0
49 50 0
49 54 0
49 56 0
50 49 0
50 51 0
51 50 0
51 52 0
51 58 0
52 51 0
52 53 0
53 52 0
53 54 0
54 49 0
54 53 0
55 39 0
55 41 0
56 47 0
56 49 0
57 45 0
58 51 0
GraphDataEnd
GraphEnd
NodeEnd
NodeStart
EPTNodeID: 6
AnchorID: 19436
TreeNodeGraphID: 11
Level: 6
SimplifiedLevel: 0
EditOperation: 5 54 58 0 0
AccumulatedOpsCount: 4
AccumulatedOp: 0 58 0 4 2
AccumulatedOp: 5 46 57 0 0
AccumulatedOp: 0 57 0 4 2
AccumulatedOp: 5 54 58 0 0
ChildrenCount: 0
ChildIndices:
CompletedDBGraphIDsCount: 1
CompletedDBGraphID: 36083
GraphStart
GraphDataStart
ID: 11
NumNodes: 59
NumEdges: 128
NodeLabels
2 0 2 2 0 2 3 3 2 2 2 3 2 2 2 3 0 0 3 3 3 3 2 2 2 2 2 2 2 2 2 2 2 2 1 0 0 2 2 2 0 2 2 2 2 2 2 2 0 2 2 2 2 2 2 3 3 2 2 
Edges
0 1 0
0 2 0
0 6 0
1 0 0
2 0 0
2 39 0
3 4 0
3 5 0
3 11 0
4 3 0
5 3 0
5 47 0
6 0 0
6 7 0
6 10 0
7 6 0
7 8 0
8 7 0
8 9 0
8 38 0
9 8 0
9 10 0
9 18 0
10 6 0
10 9 0
10 16 0
11 3 0
11 12 0
11 15 0
12 11 0
12 13 0
12 17 0
13 12 0
13 14 0
13 19 0
14 13 0
14 15 0
14 37 0
15 11 0
15 14 0
16 10 0
17 12 0
18 9 0
18 20 0
19 13 0
19 21 0
20 18 0
20 22 0
21 19 0
21 28 0
22 20 0
22 23 0
22 27 0
23 22 0
23 24 0
24 23 0
24 25 0
25 24 0
25 26 0
25 34 0
26 25 0
26 27 0
27 22 0
27 26 0
28 21 0
28 29 0
28 33 0
29 28 0
29 30 0
30 29 0
30 31 0
31 30 0
31 32 0
31 34 0
32 31 0
32 33 0
33 28 0
33 32 0
34 25 0
34 31 0
34 35 0
34 36 0
35 34 0
36 34 0
37 14 0
38 8 0
39 2 0
39 40 0
39 55 0
40 39 0
41 42 0
41 46 0
41 55 0
42 41 0
42 43 0
43 42 0
43 44 0
44 43 0
44 45 0
45 44 0
45 46 0
46 41 0
46 45 0
46 57 0
47 5 0
47 48 0
47 56 0
48 47 0
49 50 0
49 54 0
49 56 0
50 49 0
50 51 0
51 50 0
51 52 0
52 51 0
52 53 0
53 52 0
53 54 0
54 49 0
54 53 0
54 58 0
55 39 0
55 41 0
56 47 0
56 49 0
57 46 0
58 54 0
GraphDataEnd
GraphEnd
NodeEnd
NodeStart
EPTNodeID: 7
AnchorID: 19436
TreeNodeGraphID: 13
Level: 4
SimplifiedLevel: 0
EditOperation: 5 46 57 0 0
AccumulatedOpsCount: 2
AccumulatedOp: 5 54 58 0 0
AccumulatedOp: 5 46 57 0 0
ChildrenCount: 0
ChildIndices:
CompletedDBGraphIDsCount: 1
CompletedDBGraphID: 18981
GraphStart
GraphDataStart
ID: 13
NumNodes: 59
NumEdges: 128
NodeLabels
2 0 2 2 0 2 3 3 2 2 2 3 2 2 2 3 0 0 3 3 3 3 2 2 2 2 2 2 2 2 2 2 2 2 1 0 0 2 2 2 0 2 2 2 2 2 2 2 0 2 2 2 2 2 2 3 3 4 4 
Edges
0 1 0
0 2 0
0 6 0
1 0 0
2 0 0
2 39 0
3 4 0
3 5 0
3 11 0
4 3 0
5 3 0
5 47 0
6 0 0
6 7 0
6 10 0
7 6 0
7 8 0
8 7 0
8 9 0
8 38 0
9 8 0
9 10 0
9 18 0
10 6 0
10 9 0
10 16 0
11 3 0
11 12 0
11 15 0
12 11 0
12 13 0
12 17 0
13 12 0
13 14 0
13 19 0
14 13 0
14 15 0
14 37 0
15 11 0
15 14 0
16 10 0
17 12 0
18 9 0
18 20 0
19 13 0
19 21 0
20 18 0
20 22 0
21 19 0
21 28 0
22 20 0
22 23 0
22 27 0
23 22 0
23 24 0
24 23 0
24 25 0
25 24 0
25 26 0
25 34 0
26 25 0
26 27 0
27 22 0
27 26 0
28 21 0
28 29 0
28 33 0
29 28 0
29 30 0
30 29 0
30 31 0
31 30 0
31 32 0
31 34 0
32 31 0
32 33 0
33 28 0
33 32 0
34 25 0
34 31 0
34 35 0
34 36 0
35 34 0
36 34 0
37 14 0
38 8 0
39 2 0
39 40 0
39 55 0
40 39 0
41 42 0
41 46 0
41 55 0
42 41 0
42 43 0
43 42 0
43 44 0
44 43 0
44 45 0
45 44 0
45 46 0
46 41 0
46 45 0
46 57 0
47 5 0
47 48 0
47 56 0
48 47 0
49 50 0
49 54 0
49 56 0
50 49 0
50 51 0
51 50 0
51 52 0
52 51 0
52 53 0
53 52 0
53 54 0
54 49 0
54 53 0
54 58 0
55 39 0
55 41 0
56 47 0
56 49 0
57 46 0
58 54 0
GraphDataEnd
GraphEnd
NodeEnd
NodeStart
EPTNodeID: 8
AnchorID: 19436
TreeNodeGraphID: 22
Level: 10
SimplifiedLevel: 0
EditOperation: 5 57 60 0 0
AccumulatedOpsCount: 9
AccumulatedOp: 0 58 0 4 2
AccumulatedOp: 0 57 0 4 0
AccumulatedOp: 2 60 0 0 2
AccumulatedOp: 5 46 55 0 0
AccumulatedOp: 2 59 0 0 0
AccumulatedOp: 4 41 55 0 0
AccumulatedOp: 5 53 59 0 0
AccumulatedOp: 5 58 59 0 0
AccumulatedOp: 5 57 60 0 0
ChildrenCount: 0
ChildIndices:
CompletedDBGraphIDsCount: 1
CompletedDBGraphID: 32267
GraphStart
GraphDataStart
ID: 22
NumNodes: 61
NumEdges: 132
NodeLabels
2 0 2 2 0 2 3 3 2 2 2 3 2 2 2 3 0 0 3 3 3 3 2 2 2 2 2 2 2 2 2 2 2 2 1 0 0 2 2 2 0 2 2 2 2 2 2 2 0 2 2 2 2 2 2 3 3 0 2 0 2 
Edges
0 1 0
0 2 0
0 6 0
1 0 0
2 0 0
2 39 0
3 4 0
3 5 0
3 11 0
4 3 0
5 3 0
5 47 0
6 0 0
6 7 0
6 10 0
7 6 0
7 8 0
8 7 0
8 9 0
8 38 0
9 8 0
9 10 0
9 18 0
10 6 0
10 9 0
10 16 0
11 3 0
11 12 0
11 15 0
12 11 0
12 13 0
12 17 0
13 12 0
13 14 0
13 19 0
14 13 0
14 15 0
14 37 0
15 11 0
15 14 0
16 10 0
17 12 0
18 9 0
18 20 0
19 13 0
19 21 0
20 18 0
20 22 0
21 19 0
21 28 0
22 20 0
22 23 0
22 27 0
23 22 0
23 24 0
24 23 0
24 25 0
25 24 0
25 26 0
25 34 0
26 25 0
26 27 0
27 22 0
27 26 0
28 21 0
28 29 0
28 33 0
29 28 0
29 30 0
30 29 0
30 31 0
31 30 0
31 32 0
31 34 0
32 31 0
32 33 0
33 28 0
33 32 0
34 25 0
34 31 0
34 35 0
34 36 0
35 34 0
36 34 0
37 14 0
38 8 0
39 2 0
39 40 0
39 55 0
40 39 0
41 42 0
41 46 0
42 41 0
42 43 0
43 42 0
43 44 0
44 43 0
44 45 0
44 57 0
45 44 0
45 46 0
46 41 0
46 45 0
46 55 0
47 5 0
47 48 0
47 56 0
48 47 0
49 50 0
49 54 0
49 56 0
50 49 0
50 51 0
51 50 0
51 52 0
52 51 0
52 53 0
53 52 0
53 54 0
53 59 0
54 49 0
54 53 0
55 39 0
55 46 0
56 47 0
56 49 0
57 44 0
57 60 0
58 59 0
59 53 0
59 58 0
60 57 0
GraphDataEnd
GraphEnd
NodeEnd
NodeStart
EPTNodeID: 9
AnchorID: 19436
TreeNodeGraphID: 24
Level: 2
SimplifiedLevel: 0
EditOperation: 0 57 0 4 2
AccumulatedOpsCount: 2
AccumulatedOp: 0 58 0 4 2
AccumulatedOp: 0 57 0 4 2
ChildrenCount: 0
ChildIndices:
CompletedDBGraphIDsCount: 1
CompletedDBGraphID: 4375
GraphStart
GraphDataStart
ID: 24
NumNodes: 59
NumEdges: 128
NodeLabels
2 0 2 2 0 2 3 3 2 2 2 3 2 2 2 3 0 0 3 3 3 3 2 2 2 2 2 2 2 2 2 2 2 2 1 0 0 2 2 2 0 2 2 2 2 2 2 2 0 2 2 2 2 2 2 3 3 2 2 
Edges
0 1 0
0 2 0
0 6 0
1 0 0
2 0 0
2 39 0
3 4 0
3 5 0
3 11 0
4 3 0
5 3 0
5 47 0
6 0 0
6 7 0
6 10 0
7 6 0
7 8 0
8 7 0
8 9 0
8 38 0
9 8 0
9 10 0
9 18 0
10 6 0
10 9 0
10 16 0
11 3 0
11 12 0
11 15 0
12 11 0
12 13 0
12 17 0
13 12 0
13 14 0
13 19 0
14 13 0
14 15 0
14 37 0
15 11 0
15 14 0
16 10 0
17 12 0
18 9 0
18 20 0
19 13 0
19 21 0
20 18 0
20 22 0
21 19 0
21 28 0
22 20 0
22 23 0
22 27 0
23 22 0
23 24 0
24 23 0
24 25 0
25 24 0
25 26 0
25 34 0
26 25 0
26 27 0
27 22 0
27 26 0
28 21 0
28 29 0
28 33 0
29 28 0
29 30 0
30 29 0
30 31 0
31 30 0
31 32 0
31 34 0
32 31 0
32 33 0
33 28 0
33 32 0
34 25 0
34 31 0
34 35 0
34 36 0
35 34 0
36 34 0
37 14 0
38 8 0
39 2 0
39 40 0
39 55 0
40 39 0
41 42 0
41 46 0
41 55 0
42 41 0
42 43 0
43 42 0
43 44 0
44 43 0
44 45 0
44 57 0
45 44 0
45 46 0
46 41 0
46 45 0
47 5 0
47 48 0
47 56 0
48 47 0
49 50 0
49 54 0
49 56 0
50 49 0
50 51 0
51 50 0
51 52 0
52 51 0
52 53 0
52 58 0
53 52 0
53 54 0
54 49 0
54 53 0
55 39 0
55 41 0
56 47 0
56 49 0
57 44 0
58 52 0
GraphDataEnd
GraphEnd
NodeEnd
NodeStart
EPTNodeID: 10
AnchorID: 19436
TreeNodeGraphID: 30
Level: 6
SimplifiedLevel: 0
EditOperation: 5 57 59 0 0
AccumulatedOpsCount: 6
AccumulatedOp: 2 60 0 0 2
AccumulatedOp: 0 57 0 4 0
AccumulatedOp: 0 58 0 4 0
AccumulatedOp: 5 58 60 0 0
AccumulatedOp: 2 59 0 0 2
AccumulatedOp: 5 57 59 0 0
ChildrenCount: 0
ChildIndices:
CompletedDBGraphIDsCount: 1
CompletedDBGraphID: 39082
GraphStart
GraphDataStart
ID: 30
NumNodes: 61
NumEdges: 132
NodeLabels
2 0 2 2 0 2 3 3 2 2 2 3 2 2 2 3 0 0 3 3 3 3 2 2 2 2 2 2 2 2 2 2 2 2 1 0 0 2 2 2 0 2 2 2 2 2 2 2 0 2 2 2 2 2 2 3 3 0 0 2 2 
Edges
0 1 0
0 2 0
0 6 0
1 0 0
2 0 0
2 39 0
3 4 0
3 5 0
3 11 0
4 3 0
5 3 0
5 47 0
6 0 0
6 7 0
6 10 0
7 6 0
7 8 0
8 7 0
8 9 0
8 38 0
9 8 0
9 10 0
9 18 0
10 6 0
10 9 0
10 16 0
11 3 0
11 12 0
11 15 0
12 11 0
12 13 0
12 17 0
13 12 0
13 14 0
13 19 0
14 13 0
14 15 0
14 37 0
15 11 0
15 14 0
16 10 0
17 12 0
18 9 0
18 20 0
19 13 0
19 21 0
20 18 0
20 22 0
21 19 0
21 28 0
22 20 0
22 23 0
22 27 0
23 22 0
23 24 0
24 23 0
24 25 0
25 24 0
25 26 0
25 34 0
26 25 0
26 27 0
27 22 0
27 26 0
28 21 0
28 29 0
28 33 0
29 28 0
29 30 0
30 29 0
30 31 0
31 30 0
31 32 0
31 34 0
32 31 0
32 33 0
33 28 0
33 32 0
34 25 0
34 31 0
34 35 0
34 36 0
35 34 0
36 34 0
37 14 0
38 8 0
39 2 0
39 40 0
39 55 0
40 39 0
41 42 0
41 46 0
41 55 0
42 41 0
42 43 0
43 42 0
43 44 0
44 43 0
44 45 0
44 57 0
45 44 0
45 46 0
46 41 0
46 45 0
47 5 0
47 48 0
47 56 0
48 47 0
49 50 0
49 54 0
49 56 0
50 49 0
50 51 0
51 50 0
51 52 0
52 51 0
52 53 0
52 58 0
53 52 0
53 54 0
54 49 0
54 53 0
55 39 0
55 41 0
56 47 0
56 49 0
57 44 0
57 59 0
58 52 0
58 60 0
59 57 0
60 58 0
GraphDataEnd
GraphEnd
NodeEnd
END_EPT
