BEGIN_EPT
AnchorID: 38195  # ID of the anchor node
RootIndex: 0  # Index of the root node in tree_nodes
NodeCount: 2  # Total number of nodes in the EPT
NodeStart
EPTNodeID: 0
AnchorID: 38195
TreeNodeGraphID: 0
Level: 0
SimplifiedLevel: 0
EditOperation: -1 0 -1 0 0
AccumulatedOpsCount: 0
ChildrenCount: 1
ChildIndices: 1
CompletedDBGraphIDsCount: 0
GraphStart
GraphDataStart
ID: 0
NumNodes: 73
NumEdges: 166
NodeLabels
2 2 0 2 2 0 0 0 2 2 2 2 2 2 2 2 2 2 2 2 2 2 2 2 2 2 2 2 2 2 2 2 2 2 2 2 2 2 2 2 2 2 3 2 2 2 2 2 2 2 2 2 2 2 2 2 2 2 2 2 2 2 2 2 2 2 0 2 2 2 2 2 3 
Edges
0 7 0
0 37 0
1 2 0
1 39 0
2 1 0
2 8 0
3 6 0
3 67 0
4 5 0
4 71 0
5 4 0
5 9 0
6 3 0
6 10 0
7 0 0
7 11 0
8 2 0
8 9 0
8 12 0
9 5 0
9 8 0
9 18 0
10 6 0
10 11 0
10 24 0
11 7 0
11 10 0
11 30 0
12 8 0
12 13 0
12 17 0
13 12 0
13 14 0
14 13 0
14 15 0
15 14 0
15 16 0
16 15 0
16 17 0
17 12 0
17 16 0
18 9 0
18 19 0
18 23 0
19 18 0
19 20 0
20 19 0
20 21 0
21 20 0
21 22 0
22 21 0
22 23 0
23 18 0
23 22 0
24 10 0
24 25 0
24 29 0
25 24 0
25 26 0
26 25 0
26 27 0
27 26 0
27 28 0
28 27 0
28 29 0
29 24 0
29 28 0
30 11 0
30 31 0
30 35 0
31 30 0
31 32 0
32 31 0
32 33 0
33 32 0
33 34 0
34 33 0
34 35 0
35 30 0
35 34 0
36 37 0
36 41 0
37 0 0
37 36 0
37 38 0
38 37 0
38 39 0
38 66 0
39 1 0
39 38 0
39 40 0
40 39 0
40 41 0
41 36 0
41 40 0
41 42 0
42 41 0
42 45 0
42 46 0
43 44 0
43 47 0
43 60 0
44 43 0
44 45 0
45 42 0
45 44 0
45 48 0
46 42 0
46 47 0
46 54 0
47 43 0
47 46 0
48 45 0
48 49 0
48 53 0
49 48 0
49 50 0
50 49 0
50 51 0
51 50 0
51 52 0
52 51 0
52 53 0
53 48 0
53 52 0
54 46 0
54 55 0
54 59 0
55 54 0
55 56 0
56 55 0
56 57 0
57 56 0
57 58 0
58 57 0
58 59 0
59 54 0
59 58 0
60 43 0
60 61 0
60 65 0
61 60 0
61 62 0
62 61 0
62 63 0
63 62 0
63 64 0
64 63 0
64 65 0
65 60 0
65 64 0
66 38 0
67 3 0
67 68 0
67 72 0
68 67 0
68 69 0
69 68 0
69 70 0
70 69 0
70 71 0
71 4 0
71 70 0
71 72 0
72 67 0
72 71 0
GraphDataEnd
GraphEnd
NodeEnd
NodeStart
EPTNodeID: 1
AnchorID: 38195
TreeNodeGraphID: 8
Level: 8
SimplifiedLevel: 0
EditOperation: 1 70 0 2 0
AccumulatedOpsCount: 8
AccumulatedOp: 4 67 68 0 0
AccumulatedOp: 0 72 0 3 0
AccumulatedOp: 4 68 69 0 0
AccumulatedOp: 1 68 0 2 0
AccumulatedOp: 4 70 71 0 0
AccumulatedOp: 4 69 70 0 0
AccumulatedOp: 1 69 0 2 0
AccumulatedOp: 1 70 0 2 0
ChildrenCount: 0
ChildIndices:
CompletedDBGraphIDsCount: 1
CompletedDBGraphID: 22103
GraphStart
GraphDataStart
ID: 8
NumNodes: 70
NumEdges: 158
NodeLabels
2 2 0 2 2 0 0 0 2 2 2 2 2 2 2 2 2 2 2 2 2 2 2 2 2 2 2 2 2 2 2 2 2 2 2 2 2 2 2 2 2 2 3 2 2 2 2 2 2 2 2 2 2 2 2 2 2 2 2 2 2 2 2 2 2 2 0 2 2 0 
Edges
0 7 0
0 37 0
1 2 0
1 39 0
2 1 0
2 8 0
3 6 0
3 67 0
4 5 0
4 68 0
5 4 0
5 9 0
6 3 0
6 10 0
7 0 0
7 11 0
8 2 0
8 9 0
8 12 0
9 5 0
9 8 0
9 18 0
10 6 0
10 11 0
10 24 0
11 7 0
11 10 0
11 30 0
12 8 0
12 13 0
12 17 0
13 12 0
13 14 0
14 13 0
14 15 0
15 14 0
15 16 0
16 15 0
16 17 0
17 12 0
17 16 0
18 9 0
18 19 0
18 23 0
19 18 0
19 20 0
20 19 0
20 21 0
21 20 0
21 22 0
22 21 0
22 23 0
23 18 0
23 22 0
24 10 0
24 25 0
24 29 0
25 24 0
25 26 0
26 25 0
26 27 0
27 26 0
27 28 0
28 27 0
28 29 0
29 24 0
29 28 0
30 11 0
30 31 0
30 35 0
31 30 0
31 32 0
32 31 0
32 33 0
33 32 0
33 34 0
34 33 0
34 35 0
35 30 0
35 34 0
36 37 0
36 41 0
37 0 0
37 36 0
37 38 0
38 37 0
38 39 0
38 66 0
39 1 0
39 38 0
39 40 0
40 39 0
40 41 0
41 36 0
41 40 0
41 42 0
42 41 0
42 45 0
42 46 0
43 44 0
43 47 0
43 60 0
44 43 0
44 45 0
45 42 0
45 44 0
45 48 0
46 42 0
46 47 0
46 54 0
47 43 0
47 46 0
48 45 0
48 49 0
48 53 0
49 48 0
49 50 0
50 49 0
50 51 0
51 50 0
51 52 0
52 51 0
52 53 0
53 48 0
53 52 0
54 46 0
54 55 0
54 59 0
55 54 0
55 56 0
56 55 0
56 57 0
57 56 0
57 58 0
58 57 0
58 59 0
59 54 0
59 58 0
60 43 0
60 61 0
60 65 0
61 60 0
61 62 0
62 61 0
62 63 0
63 62 0
63 64 0
64 63 0
64 65 0
65 60 0
65 64 0
66 38 0
67 3 0
67 69 0
68 4 0
68 69 0
69 67 0
69 68 0
GraphDataEnd
GraphEnd
NodeEnd
END_EPT
