BEGIN_EPT
AnchorID: 21254  # ID of the anchor node
RootIndex: 0  # Index of the root node in tree_nodes
NodeCount: 1  # Total number of nodes in the EPT
NodeStart
EPTNodeID: 0
AnchorID: 21254
TreeNodeGraphID: 0
Level: 0
SimplifiedLevel: 0
EditOperation: -1 0 -1 0 0
AccumulatedOpsCount: 0
ChildrenCount: 0
ChildIndices:
CompletedDBGraphIDsCount: 0
GraphStart
GraphDataStart
ID: 0
NumNodes: 75
NumEdges: 156
NodeLabels
2 2 0 2 2 2 2 2 2 2 2 2 0 2 2 2 2 2 2 2 2 2 0 1 2 2 2 0 2 2 2 2 2 2 2 2 2 2 2 0 2 2 2 2 2 2 0 2 0 2 2 2 0 1 2 2 2 0 2 3 3 3 3 3 3 3 3 3 3 2 0 2 2 0 0 
Edges
0 1 0
0 3 0
0 66 0
1 0 0
1 2 0
1 65 0
2 1 0
3 0 0
3 4 0
4 3 0
4 5 0
4 9 0
5 4 0
5 6 0
6 5 0
6 7 0
7 6 0
7 8 0
8 7 0
8 9 0
9 4 0
9 8 0
10 11 0
10 13 0
10 64 0
11 10 0
11 12 0
11 63 0
12 11 0
13 10 0
13 14 0
14 13 0
14 15 0
14 19 0
15 14 0
15 16 0
16 15 0
16 17 0
17 16 0
17 18 0
18 17 0
18 19 0
19 14 0
19 18 0
20 21 0
20 24 0
20 65 0
21 20 0
21 22 0
21 64 0
22 21 0
23 24 0
23 53 0
24 20 0
24 23 0
25 26 0
25 36 0
25 63 0
26 25 0
26 27 0
26 62 0
27 26 0
28 29 0
28 33 0
29 28 0
29 30 0
30 29 0
30 31 0
30 34 0
31 30 0
31 32 0
31 67 0
32 31 0
32 33 0
33 28 0
33 32 0
34 30 0
34 35 0
34 36 0
35 34 0
35 67 0
36 25 0
36 34 0
37 38 0
37 40 0
37 62 0
38 37 0
38 39 0
38 61 0
39 38 0
40 37 0
40 41 0
41 40 0
41 42 0
42 41 0
42 43 0
43 42 0
43 68 0
44 45 0
44 47 0
44 61 0
45 44 0
45 46 0
45 59 0
46 45 0
47 44 0
47 48 0
47 49 0
48 47 0
49 47 0
50 51 0
50 54 0
50 59 0
51 50 0
51 52 0
51 60 0
52 51 0
53 23 0
53 54 0
54 50 0
54 53 0
55 56 0
55 60 0
55 69 0
56 55 0
56 57 0
56 58 0
57 56 0
58 56 0
59 45 0
59 50 0
60 51 0
60 55 0
61 38 0
61 44 0
62 26 0
62 37 0
63 11 0
63 25 0
64 10 0
64 21 0
65 1 0
65 20 0
66 0 0
67 31 0
67 35 0
68 43 0
69 55 0
69 70 0
70 69 0
71 72 0
72 71 0
72 73 0
72 74 0
73 72 0
74 72 0
GraphDataEnd
GraphEnd
NodeEnd
END_EPT
