BEGIN_EPT
AnchorID: 18435  # ID of the anchor node
RootIndex: 0  # Index of the root node in tree_nodes
NodeCount: 3  # Total number of nodes in the EPT
NodeStart
EPTNodeID: 0
AnchorID: 18435
TreeNodeGraphID: 0
Level: 0
SimplifiedLevel: 0
EditOperation: -1 0 -1 0 0
AccumulatedOpsCount: 0
ChildrenCount: 1
ChildIndices: 1
CompletedDBGraphIDsCount: 1
CompletedDBGraphID: 7459
GraphStart
GraphDataStart
ID: 0
NumNodes: 88
NumEdges: 178
NodeLabels
2 2 2 2 2 3 2 0 3 2 2 2 0 0 2 0 3 2 2 2 2 2 2 0 3 2 2 2 0 3 2 2 0 2 3 2 2 0 2 0 3 2 2 0 2 0 2 2 2 2 2 2 0 3 2 2 0 3 2 0 2 2 2 2 0 3 2 0 3 2 2 2 3 2 3 2 2 0 3 2 2 2 2 2 2 0 0 3 
Edges
0 1 0
0 2 0
0 3 0
1 0 0
2 0 0
3 0 0
3 4 0
4 3 0
4 5 0
4 6 0
5 4 0
6 4 0
6 7 0
6 8 0
7 6 0
8 6 0
8 9 0
9 8 0
9 10 0
9 14 0
10 9 0
10 11 0
11 10 0
11 12 0
11 13 0
12 11 0
13 11 0
14 9 0
14 15 0
14 16 0
15 14 0
16 14 0
16 17 0
17 16 0
17 18 0
17 22 0
18 17 0
18 19 0
19 18 0
19 20 0
20 19 0
20 21 0
21 20 0
21 87 0
22 17 0
22 23 0
22 24 0
23 22 0
24 22 0
24 25 0
25 24 0
25 26 0
25 27 0
26 25 0
27 25 0
27 28 0
27 29 0
28 27 0
29 27 0
29 30 0
30 29 0
30 31 0
30 33 0
31 30 0
31 32 0
32 31 0
33 30 0
33 34 0
33 37 0
34 33 0
34 35 0
35 34 0
35 36 0
35 38 0
36 35 0
36 46 0
37 33 0
38 35 0
38 39 0
38 40 0
39 38 0
40 38 0
40 41 0
41 40 0
41 42 0
41 44 0
42 41 0
42 43 0
43 42 0
44 41 0
44 45 0
44 53 0
45 44 0
46 36 0
46 47 0
46 51 0
47 46 0
47 48 0
48 47 0
48 49 0
49 48 0
49 50 0
49 52 0
50 49 0
50 51 0
51 46 0
51 50 0
52 49 0
53 44 0
53 54 0
54 53 0
54 55 0
54 58 0
55 54 0
55 56 0
55 57 0
56 55 0
57 55 0
57 61 0
58 54 0
58 59 0
58 60 0
59 58 0
60 58 0
61 57 0
61 62 0
61 66 0
62 61 0
62 63 0
63 62 0
63 64 0
63 65 0
64 63 0
65 63 0
66 61 0
66 67 0
66 68 0
67 66 0
68 66 0
68 69 0
69 68 0
69 70 0
69 76 0
70 69 0
70 71 0
71 70 0
71 72 0
71 75 0
72 71 0
72 73 0
73 72 0
73 74 0
74 73 0
74 75 0
75 71 0
75 74 0
76 69 0
76 77 0
76 78 0
77 76 0
78 76 0
78 79 0
79 78 0
79 80 0
79 84 0
80 79 0
80 81 0
81 80 0
81 82 0
81 83 0
82 81 0
83 81 0
84 79 0
84 85 0
84 86 0
85 84 0
86 84 0
87 21 0
GraphDataEnd
GraphEnd
NodeEnd
NodeStart
EPTNodeID: 1
AnchorID: 18435
TreeNodeGraphID: 1
Level: 1
SimplifiedLevel: 0
EditOperation: 0 86 0 0 3
AccumulatedOpsCount: 1
AccumulatedOp: 0 86 0 0 3
ChildrenCount: 1
ChildIndices: 2
CompletedDBGraphIDsCount: 1
CompletedDBGraphID: 4389
GraphStart
GraphDataStart
ID: 1
NumNodes: 88
NumEdges: 178
NodeLabels
2 2 2 2 2 3 2 0 3 2 2 2 0 0 2 0 3 2 2 2 2 2 2 0 3 2 2 2 0 3 2 2 0 2 3 2 2 0 2 0 3 2 2 0 2 0 2 2 2 2 2 2 0 3 2 2 0 3 2 0 2 2 2 2 0 3 2 0 3 2 2 2 3 2 3 2 2 0 3 2 2 2 2 2 2 0 3 3 
Edges
0 1 0
0 2 0
0 3 0
1 0 0
2 0 0
3 0 0
3 4 0
4 3 0
4 5 0
4 6 0
5 4 0
6 4 0
6 7 0
6 8 0
7 6 0
8 6 0
8 9 0
9 8 0
9 10 0
9 14 0
10 9 0
10 11 0
11 10 0
11 12 0
11 13 0
12 11 0
13 11 0
14 9 0
14 15 0
14 16 0
15 14 0
16 14 0
16 17 0
17 16 0
17 18 0
17 22 0
18 17 0
18 19 0
19 18 0
19 20 0
20 19 0
20 21 0
21 20 0
21 87 0
22 17 0
22 23 0
22 24 0
23 22 0
24 22 0
24 25 0
25 24 0
25 26 0
25 27 0
26 25 0
27 25 0
27 28 0
27 29 0
28 27 0
29 27 0
29 30 0
30 29 0
30 31 0
30 33 0
31 30 0
31 32 0
32 31 0
33 30 0
33 34 0
33 37 0
34 33 0
34 35 0
35 34 0
35 36 0
35 38 0
36 35 0
36 46 0
37 33 0
38 35 0
38 39 0
38 40 0
39 38 0
40 38 0
40 41 0
41 40 0
41 42 0
41 44 0
42 41 0
42 43 0
43 42 0
44 41 0
44 45 0
44 53 0
45 44 0
46 36 0
46 47 0
46 51 0
47 46 0
47 48 0
48 47 0
48 49 0
49 48 0
49 50 0
49 52 0
50 49 0
50 51 0
51 46 0
51 50 0
52 49 0
53 44 0
53 54 0
54 53 0
54 55 0
54 58 0
55 54 0
55 56 0
55 57 0
56 55 0
57 55 0
57 61 0
58 54 0
58 59 0
58 60 0
59 58 0
60 58 0
61 57 0
61 62 0
61 66 0
62 61 0
62 63 0
63 62 0
63 64 0
63 65 0
64 63 0
65 63 0
66 61 0
66 67 0
66 68 0
67 66 0
68 66 0
68 69 0
69 68 0
69 70 0
69 76 0
70 69 0
70 71 0
71 70 0
71 72 0
71 75 0
72 71 0
72 73 0
73 72 0
73 74 0
74 73 0
74 75 0
75 71 0
75 74 0
76 69 0
76 77 0
76 78 0
77 76 0
78 76 0
78 79 0
79 78 0
79 80 0
79 84 0
80 79 0
80 81 0
81 80 0
81 82 0
81 83 0
82 81 0
83 81 0
84 79 0
84 85 0
84 86 0
85 84 0
86 84 0
87 21 0
GraphDataEnd
GraphEnd
NodeEnd
NodeStart
EPTNodeID: 2
AnchorID: 18435
TreeNodeGraphID: 7
Level: 7
SimplifiedLevel: 0
EditOperation: 5 5 89 0 0
AccumulatedOpsCount: 6
AccumulatedOp: 2 90 0 0 0
AccumulatedOp: 2 88 0 0 2
AccumulatedOp: 2 89 0 0 2
AccumulatedOp: 5 88 89 0 0
AccumulatedOp: 5 89 90 0 0
AccumulatedOp: 5 5 89 0 0
ChildrenCount: 0
ChildIndices:
CompletedDBGraphIDsCount: 1
CompletedDBGraphID: 20276
GraphStart
GraphDataStart
ID: 7
NumNodes: 91
NumEdges: 184
NodeLabels
2 2 2 2 2 3 2 0 3 2 2 2 0 0 2 0 3 2 2 2 2 2 2 0 3 2 2 2 0 3 2 2 0 2 3 2 2 0 2 0 3 2 2 0 2 0 2 2 2 2 2 2 0 3 2 2 0 3 2 0 2 2 2 2 0 3 2 0 3 2 2 2 3 2 3 2 2 0 3 2 2 2 2 2 2 0 3 3 2 2 0 
Edges
0 1 0
0 2 0
0 3 0
1 0 0
2 0 0
3 0 0
3 4 0
4 3 0
4 5 0
4 6 0
5 4 0
5 89 0
6 4 0
6 7 0
6 8 0
7 6 0
8 6 0
8 9 0
9 8 0
9 10 0
9 14 0
10 9 0
10 11 0
11 10 0
11 12 0
11 13 0
12 11 0
13 11 0
14 9 0
14 15 0
14 16 0
15 14 0
16 14 0
16 17 0
17 16 0
17 18 0
17 22 0
18 17 0
18 19 0
19 18 0
19 20 0
20 19 0
20 21 0
21 20 0
21 87 0
22 17 0
22 23 0
22 24 0
23 22 0
24 22 0
24 25 0
25 24 0
25 26 0
25 27 0
26 25 0
27 25 0
27 28 0
27 29 0
28 27 0
29 27 0
29 30 0
30 29 0
30 31 0
30 33 0
31 30 0
31 32 0
32 31 0
33 30 0
33 34 0
33 37 0
34 33 0
34 35 0
35 34 0
35 36 0
35 38 0
36 35 0
36 46 0
37 33 0
38 35 0
38 39 0
38 40 0
39 38 0
40 38 0
40 41 0
41 40 0
41 42 0
41 44 0
42 41 0
42 43 0
43 42 0
44 41 0
44 45 0
44 53 0
45 44 0
46 36 0
46 47 0
46 51 0
47 46 0
47 48 0
48 47 0
48 49 0
49 48 0
49 50 0
49 52 0
50 49 0
50 51 0
51 46 0
51 50 0
52 49 0
53 44 0
53 54 0
54 53 0
54 55 0
54 58 0
55 54 0
55 56 0
55 57 0
56 55 0
57 55 0
57 61 0
58 54 0
58 59 0
58 60 0
59 58 0
60 58 0
61 57 0
61 62 0
61 66 0
62 61 0
62 63 0
63 62 0
63 64 0
63 65 0
64 63 0
65 63 0
66 61 0
66 67 0
66 68 0
67 66 0
68 66 0
68 69 0
69 68 0
69 70 0
69 76 0
70 69 0
70 71 0
71 70 0
71 72 0
71 75 0
72 71 0
72 73 0
73 72 0
73 74 0
74 73 0
74 75 0
75 71 0
75 74 0
76 69 0
76 77 0
76 78 0
77 76 0
78 76 0
78 79 0
79 78 0
79 80 0
79 84 0
80 79 0
80 81 0
81 80 0
81 82 0
81 83 0
82 81 0
83 81 0
84 79 0
84 85 0
84 86 0
85 84 0
86 84 0
87 21 0
88 89 0
89 88 0
89 90 0
89 5 0
90 89 0
GraphDataEnd
GraphEnd
NodeEnd
END_EPT
