BEGIN_EPT
AnchorID: 7141  # ID of the anchor node
RootIndex: 0  # Index of the root node in tree_nodes
NodeCount: 1  # Total number of nodes in the EPT
NodeStart
EPTNodeID: 0
AnchorID: 7141
TreeNodeGraphID: 0
Level: 0
SimplifiedLevel: 0
EditOperation: -1 0 -1 0 0
AccumulatedOpsCount: 0
ChildrenCount: 0
ChildIndices:
CompletedDBGraphIDsCount: 0
GraphStart
GraphDataStart
ID: 0
NumNodes: 64
NumEdges: 144
NodeLabels
0 11 2 0 3 3 2 2 2 11 11 2 2 2 2 0 0 3 0 0 3 2 2 2 2 2 11 2 2 2 2 2 2 2 0 0 2 2 2 2 2 2 2 2 2 2 2 2 2 2 2 2 2 2 2 2 2 2 2 2 2 2 2 2 
Edges
0 1 0
0 2 0
1 0 0
1 3 0
1 4 0
1 5 0
2 0 0
2 6 0
2 7 0
3 1 0
3 8 0
4 1 0
4 9 0
5 1 0
5 10 0
6 2 0
6 11 0
7 2 0
7 12 0
8 3 0
8 13 0
8 14 0
9 4 0
9 15 0
9 16 0
9 17 0
10 5 0
10 18 0
10 19 0
10 20 0
11 6 0
11 21 0
12 7 0
12 21 0
13 8 0
13 22 0
14 8 0
14 23 0
15 9 0
15 24 0
16 9 0
16 25 0
17 9 0
17 26 0
18 10 0
18 27 0
19 10 0
19 28 0
20 10 0
20 26 0
21 11 0
21 12 0
22 13 0
22 29 0
23 14 0
23 29 0
24 15 0
24 30 0
24 31 0
25 16 0
25 32 0
25 33 0
26 17 0
26 20 0
26 34 0
26 35 0
27 18 0
27 36 0
27 37 0
28 19 0
28 38 0
28 39 0
29 22 0
29 23 0
30 24 0
30 40 0
31 24 0
31 41 0
32 25 0
32 42 0
33 25 0
33 43 0
34 26 0
34 44 0
35 26 0
35 45 0
36 27 0
36 46 0
37 27 0
37 47 0
38 28 0
38 48 0
39 28 0
39 49 0
40 30 0
40 50 0
41 31 0
41 50 0
42 32 0
42 51 0
43 33 0
43 51 0
44 34 0
44 52 0
44 53 0
45 35 0
45 54 0
45 55 0
46 36 0
46 56 0
47 37 0
47 56 0
48 38 0
48 57 0
49 39 0
49 57 0
50 40 0
50 41 0
51 42 0
51 43 0
52 44 0
52 58 0
53 44 0
53 59 0
54 45 0
54 60 0
55 45 0
55 61 0
56 46 0
56 47 0
57 48 0
57 49 0
58 52 0
58 62 0
59 53 0
59 62 0
60 54 0
60 63 0
61 55 0
61 63 0
62 58 0
62 59 0
63 60 0
63 61 0
GraphDataEnd
GraphEnd
NodeEnd
END_EPT
