BEGIN_EPT
AnchorID: 28852  # ID of the anchor node
RootIndex: 0  # Index of the root node in tree_nodes
NodeCount: 2  # Total number of nodes in the EPT
NodeStart
EPTNodeID: 0
AnchorID: 28852
TreeNodeGraphID: 0
Level: 0
SimplifiedLevel: 0
EditOperation: -1 0 -1 0 0
AccumulatedOpsCount: 0
ChildrenCount: 1
ChildIndices: 1
CompletedDBGraphIDsCount: 0
GraphStart
GraphDataStart
ID: 0
NumNodes: 86
NumEdges: 186
NodeLabels
0 2 2 2 2 2 2 2 2 2 2 2 3 3 0 2 0 2 0 0 3 2 2 2 0 2 0 2 2 2 0 2 2 2 0 2 2 2 2 2 0 2 2 0 2 0 2 2 0 2 2 2 2 2 2 0 2 2 2 2 0 2 2 2 2 2 0 2 0 2 2 2 2 2 2 2 2 2 2 2 0 0 2 2 2 2 
Edges
0 1 0
1 0 0
1 2 0
1 3 0
2 1 0
2 4 0
2 5 0
3 1 0
3 6 0
3 7 0
4 2 0
4 8 0
4 9 0
5 2 0
5 10 0
5 11 0
6 3 0
6 12 0
7 3 0
7 10 0
7 13 0
8 4 0
8 14 0
8 15 0
9 4 0
9 16 0
9 17 0
10 5 0
10 7 0
10 18 0
11 5 0
11 15 0
11 19 0
12 6 0
12 20 0
13 7 0
13 21 0
14 8 0
14 17 0
15 8 0
15 11 0
15 22 0
16 9 0
17 9 0
17 14 0
17 23 0
17 24 0
18 10 0
19 11 0
20 12 0
20 25 0
21 13 0
21 26 0
21 27 0
22 15 0
23 17 0
24 17 0
24 28 0
25 20 0
25 29 0
25 30 0
26 21 0
27 21 0
27 31 0
27 32 0
28 24 0
28 33 0
29 25 0
29 34 0
29 35 0
30 25 0
30 36 0
31 27 0
32 27 0
32 37 0
33 28 0
33 38 0
34 29 0
34 39 0
35 29 0
35 36 0
35 40 0
36 30 0
36 35 0
36 41 0
37 32 0
37 42 0
38 33 0
38 43 0
38 44 0
39 34 0
39 45 0
39 46 0
40 35 0
40 47 0
41 36 0
41 48 0
42 37 0
42 49 0
43 38 0
43 50 0
44 38 0
44 51 0
44 52 0
45 39 0
46 39 0
46 53 0
46 54 0
47 40 0
47 55 0
47 56 0
48 41 0
48 57 0
49 42 0
49 58 0
49 59 0
50 43 0
51 44 0
52 44 0
52 60 0
52 61 0
53 46 0
53 62 0
54 46 0
54 63 0
55 47 0
56 47 0
56 64 0
56 65 0
57 48 0
57 66 0
57 67 0
58 49 0
59 49 0
59 68 0
59 69 0
60 52 0
60 70 0
61 52 0
61 71 0
61 72 0
62 53 0
62 73 0
63 54 0
63 73 0
64 56 0
64 74 0
65 56 0
65 75 0
66 57 0
67 57 0
67 76 0
67 77 0
68 59 0
69 59 0
69 72 0
69 78 0
70 60 0
70 79 0
70 80 0
71 61 0
72 61 0
72 69 0
72 81 0
73 62 0
73 63 0
74 64 0
74 82 0
75 65 0
75 82 0
76 67 0
76 83 0
77 67 0
77 84 0
78 69 0
79 70 0
80 70 0
81 72 0
82 74 0
82 75 0
83 76 0
83 85 0
84 77 0
84 85 0
85 83 0
85 84 0
GraphDataEnd
GraphEnd
NodeEnd
NodeStart
EPTNodeID: 1
AnchorID: 28852
TreeNodeGraphID: 2
Level: 2
SimplifiedLevel: 0
EditOperation: 5 20 86 0 0
AccumulatedOpsCount: 2
AccumulatedOp: 2 86 0 0 2
AccumulatedOp: 5 20 86 0 0
ChildrenCount: 0
ChildIndices:
CompletedDBGraphIDsCount: 1
CompletedDBGraphID: 13483
GraphStart
GraphDataStart
ID: 2
NumNodes: 87
NumEdges: 188
NodeLabels
0 2 2 2 2 2 2 2 2 2 2 2 3 3 0 2 0 2 0 0 3 2 2 2 0 2 0 2 2 2 0 2 2 2 0 2 2 2 2 2 0 2 2 0 2 0 2 2 0 2 2 2 2 2 2 0 2 2 2 2 0 2 2 2 2 2 0 2 0 2 2 2 2 2 2 2 2 2 2 2 0 0 2 2 2 2 2 
Edges
0 1 0
1 0 0
1 2 0
1 3 0
2 1 0
2 4 0
2 5 0
3 1 0
3 6 0
3 7 0
4 2 0
4 8 0
4 9 0
5 2 0
5 10 0
5 11 0
6 3 0
6 12 0
7 3 0
7 10 0
7 13 0
8 4 0
8 14 0
8 15 0
9 4 0
9 16 0
9 17 0
10 5 0
10 7 0
10 18 0
11 5 0
11 15 0
11 19 0
12 6 0
12 20 0
13 7 0
13 21 0
14 8 0
14 17 0
15 8 0
15 11 0
15 22 0
16 9 0
17 9 0
17 14 0
17 23 0
17 24 0
18 10 0
19 11 0
20 12 0
20 25 0
20 86 0
21 13 0
21 26 0
21 27 0
22 15 0
23 17 0
24 17 0
24 28 0
25 20 0
25 29 0
25 30 0
26 21 0
27 21 0
27 31 0
27 32 0
28 24 0
28 33 0
29 25 0
29 34 0
29 35 0
30 25 0
30 36 0
31 27 0
32 27 0
32 37 0
33 28 0
33 38 0
34 29 0
34 39 0
35 29 0
35 36 0
35 40 0
36 30 0
36 35 0
36 41 0
37 32 0
37 42 0
38 33 0
38 43 0
38 44 0
39 34 0
39 45 0
39 46 0
40 35 0
40 47 0
41 36 0
41 48 0
42 37 0
42 49 0
43 38 0
43 50 0
44 38 0
44 51 0
44 52 0
45 39 0
46 39 0
46 53 0
46 54 0
47 40 0
47 55 0
47 56 0
48 41 0
48 57 0
49 42 0
49 58 0
49 59 0
50 43 0
51 44 0
52 44 0
52 60 0
52 61 0
53 46 0
53 62 0
54 46 0
54 63 0
55 47 0
56 47 0
56 64 0
56 65 0
57 48 0
57 66 0
57 67 0
58 49 0
59 49 0
59 68 0
59 69 0
60 52 0
60 70 0
61 52 0
61 71 0
61 72 0
62 53 0
62 73 0
63 54 0
63 73 0
64 56 0
64 74 0
65 56 0
65 75 0
66 57 0
67 57 0
67 76 0
67 77 0
68 59 0
69 59 0
69 72 0
69 78 0
70 60 0
70 79 0
70 80 0
71 61 0
72 61 0
72 69 0
72 81 0
73 62 0
73 63 0
74 64 0
74 82 0
75 65 0
75 82 0
76 67 0
76 83 0
77 67 0
77 84 0
78 69 0
79 70 0
80 70 0
81 72 0
82 74 0
82 75 0
83 76 0
83 85 0
84 77 0
84 85 0
85 83 0
85 84 0
86 20 0
GraphDataEnd
GraphEnd
NodeEnd
END_EPT
