BEGIN_EPT
AnchorID: 38981  # ID of the anchor node
RootIndex: 0  # Index of the root node in tree_nodes
NodeCount: 1  # Total number of nodes in the EPT
NodeStart
EPTNodeID: 0
AnchorID: 38981
TreeNodeGraphID: 0
Level: 0
SimplifiedLevel: 0
EditOperation: -1 0 -1 0 0
AccumulatedOpsCount: 0
ChildrenCount: 0
ChildIndices:
CompletedDBGraphIDsCount: 0
GraphStart
GraphDataStart
ID: 0
NumNodes: 70
NumEdges: 140
NodeLabels
2 2 2 2 2 3 2 0 3 2 2 0 3 2 2 0 0 2 2 0 3 2 2 0 3 2 2 0 3 2 2 0 3 2 2 2 2 2 2 2 2 2 2 0 3 2 2 0 3 2 2 2 2 2 2 2 0 3 2 2 0 0 2 2 2 2 2 0 2 2 
Edges
0 1 0
1 0 0
1 2 0
1 3 0
2 1 0
3 1 0
3 4 0
4 3 0
4 5 0
4 6 0
5 4 0
6 4 0
6 7 0
6 8 0
7 6 0
8 6 0
8 9 0
9 8 0
9 10 0
9 13 0
10 9 0
10 11 0
10 12 0
11 10 0
12 10 0
12 17 0
13 9 0
13 14 0
14 13 0
14 15 0
14 16 0
15 14 0
16 14 0
17 12 0
17 18 0
17 21 0
18 17 0
18 19 0
18 20 0
19 18 0
20 18 0
20 25 0
21 17 0
21 22 0
22 21 0
22 23 0
22 24 0
23 22 0
24 22 0
25 20 0
25 26 0
26 25 0
26 27 0
26 28 0
27 26 0
28 26 0
28 29 0
29 28 0
29 30 0
29 33 0
30 29 0
30 31 0
30 32 0
31 30 0
32 30 0
32 37 0
33 29 0
33 34 0
34 33 0
34 35 0
34 36 0
35 34 0
36 34 0
37 32 0
37 38 0
37 42 0
38 37 0
38 39 0
38 40 0
39 38 0
40 38 0
40 41 0
41 40 0
42 37 0
42 43 0
42 44 0
43 42 0
44 42 0
44 45 0
45 44 0
45 46 0
45 49 0
46 45 0
46 47 0
46 48 0
47 46 0
48 46 0
48 53 0
49 45 0
49 50 0
50 49 0
50 51 0
50 52 0
51 50 0
52 50 0
53 48 0
53 54 0
53 55 0
54 53 0
55 53 0
55 56 0
55 57 0
56 55 0
57 55 0
57 58 0
58 57 0
58 59 0
58 62 0
59 58 0
59 60 0
59 61 0
60 59 0
61 59 0
62 58 0
62 63 0
63 62 0
63 64 0
63 69 0
64 63 0
64 65 0
65 64 0
65 66 0
66 65 0
66 67 0
66 68 0
67 66 0
68 66 0
68 69 0
69 63 0
69 68 0
GraphDataEnd
GraphEnd
NodeEnd
END_EPT
