BEGIN_EPT
AnchorID: 3375  # ID of the anchor node
RootIndex: 0  # Index of the root node in tree_nodes
NodeCount: 1  # Total number of nodes in the EPT
NodeStart
EPTNodeID: 0
AnchorID: 3375
TreeNodeGraphID: 0
Level: 0
SimplifiedLevel: 0
EditOperation: -1 0 -1 0 0
AccumulatedOpsCount: 0
ChildrenCount: 0
ChildIndices:
CompletedDBGraphIDsCount: 0
GraphStart
GraphDataStart
ID: 0
NumNodes: 222
NumEdges: 468
NodeLabels
2 0 0 0 0 2 0 0 0 0 0 2 0 2 2 2 2 2 2 2 2 2 2 2 2 2 2 2 2 2 2 2 2 2 2 2 0 2 2 2 2 2 2 0 2 2 0 1 0 0 0 0 1 0 0 0 0 1 0 0 0 0 1 0 0 0 0 1 0 0 0 0 1 0 0 0 0 1 0 0 0 0 1 0 0 0 2 2 0 1 0 0 0 0 1 0 0 0 0 1 0 0 0 0 1 0 0 0 0 2 2 2 2 2 2 2 2 2 2 2 2 2 2 2 0 0 0 2 2 2 2 2 2 2 2 2 2 2 2 2 2 2 0 0 0 2 2 2 2 2 2 2 2 2 2 2 2 2 2 2 0 0 0 0 0 0 2 2 2 2 2 2 2 2 2 2 2 2 2 2 2 0 0 0 0 2 2 2 2 2 2 2 2 2 2 2 2 2 2 2 0 0 0 0 2 2 2 2 2 2 2 2 2 2 2 2 2 2 2 0 0 0 
Edges
0 21 0
0 144 0
1 27 0
1 44 0
2 20 0
2 27 0
3 21 0
3 87 0
4 13 0
4 87 0
5 14 0
5 165 0
6 30 0
6 41 0
7 14 0
7 17 0
8 17 0
8 22 0
9 32 0
9 35 0
10 26 0
10 31 0
11 32 0
11 203 0
12 23 0
12 26 0
13 4 0
13 14 0
13 15 0
14 5 0
14 7 0
14 13 0
15 13 0
15 16 0
15 98 0
16 15 0
16 17 0
16 81 0
17 7 0
17 8 0
17 16 0
18 19 0
18 51 0
18 87 0
19 18 0
19 20 0
19 46 0
20 2 0
20 19 0
20 21 0
21 0 0
21 3 0
21 20 0
22 8 0
22 23 0
22 24 0
23 12 0
23 22 0
23 86 0
24 22 0
24 25 0
24 66 0
25 24 0
25 26 0
25 71 0
26 10 0
26 12 0
26 25 0
27 1 0
27 2 0
27 28 0
28 27 0
28 29 0
28 56 0
29 28 0
29 30 0
29 61 0
30 6 0
30 29 0
30 44 0
31 10 0
31 32 0
31 33 0
32 9 0
32 11 0
32 31 0
33 31 0
33 34 0
33 93 0
34 33 0
34 35 0
34 88 0
35 9 0
35 34 0
35 43 0
36 41 0
36 42 0
37 42 0
37 108 0
38 39 0
38 40 0
38 76 0
39 38 0
39 42 0
39 43 0
40 38 0
40 41 0
40 103 0
41 6 0
41 36 0
41 40 0
42 36 0
42 37 0
42 39 0
43 35 0
43 39 0
44 1 0
44 30 0
44 45 0
45 44 0
45 126 0
46 19 0
46 47 0
47 46 0
47 48 0
47 49 0
47 50 0
48 47 0
49 47 0
50 47 0
51 18 0
51 52 0
52 51 0
52 53 0
52 54 0
52 55 0
53 52 0
54 52 0
55 52 0
56 28 0
56 57 0
57 56 0
57 58 0
57 59 0
57 60 0
58 57 0
59 57 0
60 57 0
61 29 0
61 62 0
62 61 0
62 63 0
62 64 0
62 65 0
63 62 0
64 62 0
65 62 0
66 24 0
66 67 0
67 66 0
67 68 0
67 69 0
67 70 0
68 67 0
69 67 0
70 67 0
71 25 0
71 72 0
72 71 0
72 73 0
72 74 0
72 75 0
73 72 0
74 72 0
75 72 0
76 38 0
76 77 0
77 76 0
77 78 0
77 79 0
77 80 0
78 77 0
79 77 0
80 77 0
81 16 0
81 82 0
82 81 0
82 83 0
82 84 0
82 85 0
83 82 0
84 82 0
85 82 0
86 23 0
86 184 0
87 3 0
87 4 0
87 18 0
88 34 0
88 89 0
89 88 0
89 90 0
89 91 0
89 92 0
90 89 0
91 89 0
92 89 0
93 33 0
93 94 0
94 93 0
94 95 0
94 96 0
94 97 0
95 94 0
96 94 0
97 94 0
98 15 0
98 99 0
99 98 0
99 100 0
99 101 0
99 102 0
100 99 0
101 99 0
102 99 0
103 40 0
103 104 0
104 103 0
104 105 0
104 106 0
104 107 0
105 104 0
106 104 0
107 104 0
108 37 0
108 109 0
109 108 0
109 112 0
109 164 0
110 111 0
110 115 0
111 110 0
111 112 0
112 109 0
112 111 0
112 113 0
113 112 0
113 114 0
114 113 0
114 115 0
115 110 0
115 114 0
115 116 0
116 115 0
116 117 0
117 116 0
117 118 0
118 117 0
118 119 0
119 118 0
119 120 0
120 119 0
120 121 0
121 120 0
121 122 0
122 121 0
122 123 0
123 122 0
123 124 0
123 125 0
124 123 0
125 123 0
126 45 0
126 127 0
127 126 0
127 130 0
127 162 0
128 129 0
128 133 0
129 128 0
129 130 0
130 127 0
130 129 0
130 131 0
131 130 0
131 132 0
132 131 0
132 133 0
133 128 0
133 132 0
133 134 0
134 133 0
134 135 0
135 134 0
135 136 0
136 135 0
136 137 0
137 136 0
137 138 0
138 137 0
138 139 0
139 138 0
139 140 0
140 139 0
140 141 0
141 140 0
141 142 0
141 143 0
142 141 0
143 141 0
144 0 0
144 145 0
145 144 0
145 148 0
145 163 0
146 147 0
146 151 0
147 146 0
147 148 0
148 145 0
148 147 0
148 149 0
149 148 0
149 150 0
150 149 0
150 151 0
151 146 0
151 150 0
151 152 0
152 151 0
152 153 0
153 152 0
153 154 0
154 153 0
154 155 0
155 154 0
155 156 0
156 155 0
156 157 0
157 156 0
157 158 0
158 157 0
158 159 0
159 158 0
159 160 0
159 161 0
160 159 0
161 159 0
162 127 0
163 145 0
164 109 0
165 5 0
165 166 0
166 165 0
166 169 0
166 183 0
167 168 0
167 172 0
168 167 0
168 169 0
169 166 0
169 168 0
169 170 0
170 169 0
170 171 0
171 170 0
171 172 0
172 167 0
172 171 0
172 173 0
173 172 0
173 174 0
174 173 0
174 175 0
175 174 0
175 176 0
176 175 0
176 177 0
177 176 0
177 178 0
178 177 0
178 179 0
179 178 0
179 180 0
180 179 0
180 181 0
180 182 0
181 180 0
182 180 0
183 166 0
184 86 0
184 185 0
185 184 0
185 188 0
185 202 0
186 187 0
186 191 0
187 186 0
187 188 0
188 185 0
188 187 0
188 189 0
189 188 0
189 190 0
190 189 0
190 191 0
191 186 0
191 190 0
191 192 0
192 191 0
192 193 0
193 192 0
193 194 0
194 193 0
194 195 0
195 194 0
195 196 0
196 195 0
196 197 0
197 196 0
197 198 0
198 197 0
198 199 0
199 198 0
199 200 0
199 201 0
200 199 0
201 199 0
202 185 0
203 11 0
203 204 0
204 203 0
204 207 0
204 221 0
205 206 0
205 210 0
206 205 0
206 207 0
207 204 0
207 206 0
207 208 0
208 207 0
208 209 0
209 208 0
209 210 0
210 205 0
210 209 0
210 211 0
211 210 0
211 212 0
212 211 0
212 213 0
213 212 0
213 214 0
214 213 0
214 215 0
215 214 0
215 216 0
216 215 0
216 217 0
217 216 0
217 218 0
218 217 0
218 219 0
218 220 0
219 218 0
220 218 0
221 204 0
GraphDataEnd
GraphEnd
NodeEnd
END_EPT
