BEGIN_EPT
AnchorID: 29191  # ID of the anchor node
RootIndex: 0  # Index of the root node in tree_nodes
NodeCount: 4  # Total number of nodes in the EPT
NodeStart
EPTNodeID: 0
AnchorID: 29191
TreeNodeGraphID: 0
Level: 0
SimplifiedLevel: 0
EditOperation: -1 0 -1 0 0
AccumulatedOpsCount: 0
ChildrenCount: 1
ChildIndices: 1
CompletedDBGraphIDsCount: 0
GraphStart
GraphDataStart
ID: 0
NumNodes: 39
NumEdges: 126
NodeLabels
2 2 2 2 2 2 2 2 2 2 2 2 2 2 2 27 2 2 2 2 2 27 2 2 2 2 2 27 2 2 2 2 2 27 2 2 2 2 2 
Edges
0 1 0
0 14 0
0 15 0
0 27 0
1 0 0
1 2 0
2 1 0
2 3 0
3 2 0
3 4 0
4 3 0
4 5 0
5 4 0
5 6 0
6 5 0
6 7 0
6 21 0
6 33 0
7 6 0
7 8 0
7 21 0
7 33 0
8 7 0
8 9 0
9 8 0
9 10 0
10 9 0
10 11 0
11 10 0
11 12 0
12 11 0
12 13 0
13 12 0
13 14 0
14 0 0
14 13 0
14 15 0
14 27 0
15 0 0
15 14 0
15 16 0
15 17 0
15 18 0
15 19 0
15 20 0
16 15 0
16 17 0
16 20 0
17 15 0
17 16 0
17 18 0
18 15 0
18 17 0
18 19 0
19 15 0
19 18 0
19 20 0
20 15 0
20 16 0
20 19 0
21 6 0
21 7 0
21 22 0
21 23 0
21 24 0
21 25 0
21 26 0
22 21 0
22 23 0
22 26 0
23 21 0
23 22 0
23 24 0
24 21 0
24 23 0
24 25 0
25 21 0
25 24 0
25 26 0
26 21 0
26 22 0
26 25 0
27 0 0
27 14 0
27 28 0
27 29 0
27 30 0
27 31 0
27 32 0
28 27 0
28 29 0
28 32 0
29 27 0
29 28 0
29 30 0
30 27 0
30 29 0
30 31 0
31 27 0
31 30 0
31 32 0
32 27 0
32 28 0
32 31 0
33 6 0
33 7 0
33 34 0
33 35 0
33 36 0
33 37 0
33 38 0
34 33 0
34 35 0
34 38 0
35 33 0
35 34 0
35 36 0
36 33 0
36 35 0
36 37 0
37 33 0
37 36 0
37 38 0
38 33 0
38 34 0
38 37 0
GraphDataEnd
GraphEnd
NodeEnd
NodeStart
EPTNodeID: 1
AnchorID: 29191
TreeNodeGraphID: 3
Level: 3
SimplifiedLevel: 0
EditOperation: 1 9 0 2 0
AccumulatedOpsCount: 3
AccumulatedOp: 4 9 10 0 0
AccumulatedOp: 4 8 9 0 0
AccumulatedOp: 1 9 0 2 0
ChildrenCount: 2
ChildIndices: 2 3
CompletedDBGraphIDsCount: 0
GraphStart
GraphDataStart
ID: 3
NumNodes: 38
NumEdges: 122
NodeLabels
2 2 2 2 2 2 2 2 2 2 2 2 2 2 27 2 2 2 2 2 27 2 2 2 2 2 27 2 2 2 2 2 27 2 2 2 2 2 
Edges
0 1 0
0 13 0
0 14 0
0 26 0
1 0 0
1 2 0
2 1 0
2 3 0
3 2 0
3 4 0
4 3 0
4 5 0
5 4 0
5 6 0
6 5 0
6 7 0
6 20 0
6 32 0
7 6 0
7 8 0
7 20 0
7 32 0
8 7 0
9 10 0
10 9 0
10 11 0
11 10 0
11 12 0
12 11 0
12 13 0
13 0 0
13 12 0
13 14 0
13 26 0
14 0 0
14 13 0
14 15 0
14 16 0
14 17 0
14 18 0
14 19 0
15 14 0
15 16 0
15 19 0
16 14 0
16 15 0
16 17 0
17 14 0
17 16 0
17 18 0
18 14 0
18 17 0
18 19 0
19 14 0
19 15 0
19 18 0
20 6 0
20 7 0
20 21 0
20 22 0
20 23 0
20 24 0
20 25 0
21 20 0
21 22 0
21 25 0
22 20 0
22 21 0
22 23 0
23 20 0
23 22 0
23 24 0
24 20 0
24 23 0
24 25 0
25 20 0
25 21 0
25 24 0
26 0 0
26 13 0
26 27 0
26 28 0
26 29 0
26 30 0
26 31 0
27 26 0
27 28 0
27 31 0
28 26 0
28 27 0
28 29 0
29 26 0
29 28 0
29 30 0
30 26 0
30 29 0
30 31 0
31 26 0
31 27 0
31 30 0
32 6 0
32 7 0
32 33 0
32 34 0
32 35 0
32 36 0
32 37 0
33 32 0
33 34 0
33 37 0
34 32 0
34 33 0
34 35 0
35 32 0
35 34 0
35 36 0
36 32 0
36 35 0
36 37 0
37 32 0
37 33 0
37 36 0
GraphDataEnd
GraphEnd
NodeEnd
NodeStart
EPTNodeID: 2
AnchorID: 29191
TreeNodeGraphID: 10
Level: 10
SimplifiedLevel: 0
EditOperation: 5 7 10 0 0
AccumulatedOpsCount: 7
AccumulatedOp: 5 0 2 0 0
AccumulatedOp: 4 1 2 0 0
AccumulatedOp: 4 0 1 0 0
AccumulatedOp: 1 1 0 2 0
AccumulatedOp: 4 7 8 0 0
AccumulatedOp: 1 8 0 2 0
AccumulatedOp: 5 7 10 0 0
ChildrenCount: 0
ChildIndices:
CompletedDBGraphIDsCount: 1
CompletedDBGraphID: 13012
GraphStart
GraphDataStart
ID: 10
NumNodes: 36
NumEdges: 120
NodeLabels
2 2 2 2 2 2 2 2 2 2 2 2 27 2 2 2 2 2 27 2 2 2 2 2 27 2 2 2 2 2 27 2 2 2 2 2 
Edges
0 11 0
0 12 0
0 24 0
0 1 0
1 2 0
1 0 0
2 1 0
2 3 0
3 2 0
3 4 0
4 3 0
4 5 0
5 4 0
5 6 0
5 18 0
5 30 0
6 5 0
6 18 0
6 30 0
6 7 0
7 8 0
7 6 0
8 7 0
8 9 0
9 8 0
9 10 0
10 9 0
10 11 0
11 0 0
11 10 0
11 12 0
11 24 0
12 0 0
12 11 0
12 13 0
12 14 0
12 15 0
12 16 0
12 17 0
13 12 0
13 14 0
13 17 0
14 12 0
14 13 0
14 15 0
15 12 0
15 14 0
15 16 0
16 12 0
16 15 0
16 17 0
17 12 0
17 13 0
17 16 0
18 5 0
18 6 0
18 19 0
18 20 0
18 21 0
18 22 0
18 23 0
19 18 0
19 20 0
19 23 0
20 18 0
20 19 0
20 21 0
21 18 0
21 20 0
21 22 0
22 18 0
22 21 0
22 23 0
23 18 0
23 19 0
23 22 0
24 0 0
24 11 0
24 25 0
24 26 0
24 27 0
24 28 0
24 29 0
25 24 0
25 26 0
25 29 0
26 24 0
26 25 0
26 27 0
27 24 0
27 26 0
27 28 0
28 24 0
28 27 0
28 29 0
29 24 0
29 25 0
29 28 0
30 5 0
30 6 0
30 31 0
30 32 0
30 33 0
30 34 0
30 35 0
31 30 0
31 32 0
31 35 0
32 30 0
32 31 0
32 33 0
33 30 0
33 32 0
33 34 0
34 30 0
34 33 0
34 35 0
35 30 0
35 31 0
35 34 0
GraphDataEnd
GraphEnd
NodeEnd
NodeStart
EPTNodeID: 3
AnchorID: 29191
TreeNodeGraphID: 11
Level: 4
SimplifiedLevel: 0
EditOperation: 5 8 10 0 0
AccumulatedOpsCount: 1
AccumulatedOp: 5 8 10 0 0
ChildrenCount: 0
ChildIndices:
CompletedDBGraphIDsCount: 1
CompletedDBGraphID: 18667
GraphStart
GraphDataStart
ID: 11
NumNodes: 38
NumEdges: 124
NodeLabels
2 2 2 2 2 2 2 2 2 2 2 2 2 2 27 2 2 2 2 2 27 2 2 2 2 2 27 2 2 2 2 2 27 2 2 2 2 2 
Edges
0 1 0
0 13 0
0 14 0
0 26 0
1 0 0
1 2 0
2 1 0
2 3 0
3 2 0
3 4 0
4 3 0
4 5 0
5 4 0
5 6 0
6 5 0
6 7 0
6 20 0
6 32 0
7 6 0
7 8 0
7 20 0
7 32 0
8 7 0
8 9 0
9 10 0
9 8 0
10 9 0
10 11 0
11 10 0
11 12 0
12 11 0
12 13 0
13 0 0
13 12 0
13 14 0
13 26 0
14 0 0
14 13 0
14 15 0
14 16 0
14 17 0
14 18 0
14 19 0
15 14 0
15 16 0
15 19 0
16 14 0
16 15 0
16 17 0
17 14 0
17 16 0
17 18 0
18 14 0
18 17 0
18 19 0
19 14 0
19 15 0
19 18 0
20 6 0
20 7 0
20 21 0
20 22 0
20 23 0
20 24 0
20 25 0
21 20 0
21 22 0
21 25 0
22 20 0
22 21 0
22 23 0
23 20 0
23 22 0
23 24 0
24 20 0
24 23 0
24 25 0
25 20 0
25 21 0
25 24 0
26 0 0
26 13 0
26 27 0
26 28 0
26 29 0
26 30 0
26 31 0
27 26 0
27 28 0
27 31 0
28 26 0
28 27 0
28 29 0
29 26 0
29 28 0
29 30 0
30 26 0
30 29 0
30 31 0
31 26 0
31 27 0
31 30 0
32 6 0
32 7 0
32 33 0
32 34 0
32 35 0
32 36 0
32 37 0
33 32 0
33 34 0
33 37 0
34 32 0
34 33 0
34 35 0
35 32 0
35 34 0
35 36 0
36 32 0
36 35 0
36 37 0
37 32 0
37 33 0
37 36 0
GraphDataEnd
GraphEnd
NodeEnd
END_EPT
