BEGIN_EPT
AnchorID: 5523  # ID of the anchor node
RootIndex: 0  # Index of the root node in tree_nodes
NodeCount: 2  # Total number of nodes in the EPT
NodeStart
EPTNodeID: 0
AnchorID: 5523
TreeNodeGraphID: 0
Level: 0
SimplifiedLevel: 0
EditOperation: -1 0 -1 0 0
AccumulatedOpsCount: 0
ChildrenCount: 1
ChildIndices: 1
CompletedDBGraphIDsCount: 0
GraphStart
GraphDataStart
ID: 0
NumNodes: 70
NumEdges: 150
NodeLabels
35 11 2 0 2 11 2 2 2 2 2 2 2 2 2 2 2 2 2 0 2 2 2 2 2 2 2 2 2 2 2 2 2 2 2 2 2 2 2 2 2 2 2 2 2 2 2 2 11 2 2 2 2 2 2 2 2 2 2 2 2 2 2 2 2 2 2 2 2 0 
Edges
0 2 0
0 18 0
0 68 0
1 28 0
1 34 0
1 40 0
2 0 0
2 3 0
3 2 0
4 42 0
4 46 0
5 8 0
5 12 0
5 20 0
6 7 0
6 8 0
7 6 0
7 11 0
8 5 0
8 6 0
8 9 0
9 8 0
9 10 0
10 9 0
10 11 0
11 7 0
11 10 0
12 5 0
12 13 0
12 17 0
13 12 0
13 14 0
14 13 0
14 15 0
15 14 0
15 16 0
16 15 0
16 17 0
17 12 0
17 16 0
18 0 0
18 19 0
19 18 0
20 5 0
20 21 0
21 20 0
21 22 0
22 21 0
22 23 0
22 27 0
23 22 0
23 24 0
24 23 0
24 25 0
25 24 0
25 26 0
26 25 0
26 27 0
27 22 0
27 26 0
28 1 0
28 29 0
28 33 0
29 28 0
29 30 0
30 29 0
30 31 0
31 30 0
31 32 0
32 31 0
32 33 0
33 28 0
33 32 0
34 1 0
34 35 0
34 39 0
35 34 0
35 36 0
36 35 0
36 37 0
37 36 0
37 38 0
38 37 0
38 39 0
39 34 0
39 38 0
40 1 0
40 41 0
41 40 0
41 45 0
42 4 0
42 43 0
43 42 0
43 44 0
44 43 0
44 45 0
45 41 0
45 44 0
45 46 0
46 4 0
46 45 0
47 65 0
47 66 0
48 49 0
48 52 0
48 60 0
49 48 0
49 50 0
50 49 0
50 65 0
51 52 0
51 56 0
52 48 0
52 51 0
52 53 0
53 52 0
53 54 0
54 53 0
54 55 0
55 54 0
55 56 0
56 51 0
56 55 0
57 58 0
57 62 0
58 57 0
58 59 0
59 58 0
59 60 0
60 48 0
60 59 0
60 61 0
61 60 0
61 62 0
62 57 0
62 61 0
63 64 0
63 67 0
64 63 0
64 65 0
65 47 0
65 50 0
65 64 0
66 47 0
66 67 0
67 63 0
67 66 0
68 0 0
68 69 0
69 68 0
GraphDataEnd
GraphEnd
NodeEnd
NodeStart
EPTNodeID: 1
AnchorID: 5523
TreeNodeGraphID: 1
Level: 1
SimplifiedLevel: 0
EditOperation: 0 0 0 35 43
AccumulatedOpsCount: 1
AccumulatedOp: 0 0 0 35 43
ChildrenCount: 0
ChildIndices:
CompletedDBGraphIDsCount: 1
CompletedDBGraphID: 6039
GraphStart
GraphDataStart
ID: 1
NumNodes: 70
NumEdges: 150
NodeLabels
43 11 2 0 2 11 2 2 2 2 2 2 2 2 2 2 2 2 2 0 2 2 2 2 2 2 2 2 2 2 2 2 2 2 2 2 2 2 2 2 2 2 2 2 2 2 2 2 11 2 2 2 2 2 2 2 2 2 2 2 2 2 2 2 2 2 2 2 2 0 
Edges
0 2 0
0 18 0
0 68 0
1 28 0
1 34 0
1 40 0
2 0 0
2 3 0
3 2 0
4 42 0
4 46 0
5 8 0
5 12 0
5 20 0
6 7 0
6 8 0
7 6 0
7 11 0
8 5 0
8 6 0
8 9 0
9 8 0
9 10 0
10 9 0
10 11 0
11 7 0
11 10 0
12 5 0
12 13 0
12 17 0
13 12 0
13 14 0
14 13 0
14 15 0
15 14 0
15 16 0
16 15 0
16 17 0
17 12 0
17 16 0
18 0 0
18 19 0
19 18 0
20 5 0
20 21 0
21 20 0
21 22 0
22 21 0
22 23 0
22 27 0
23 22 0
23 24 0
24 23 0
24 25 0
25 24 0
25 26 0
26 25 0
26 27 0
27 22 0
27 26 0
28 1 0
28 29 0
28 33 0
29 28 0
29 30 0
30 29 0
30 31 0
31 30 0
31 32 0
32 31 0
32 33 0
33 28 0
33 32 0
34 1 0
34 35 0
34 39 0
35 34 0
35 36 0
36 35 0
36 37 0
37 36 0
37 38 0
38 37 0
38 39 0
39 34 0
39 38 0
40 1 0
40 41 0
41 40 0
41 45 0
42 4 0
42 43 0
43 42 0
43 44 0
44 43 0
44 45 0
45 41 0
45 44 0
45 46 0
46 4 0
46 45 0
47 65 0
47 66 0
48 49 0
48 52 0
48 60 0
49 48 0
49 50 0
50 49 0
50 65 0
51 52 0
51 56 0
52 48 0
52 51 0
52 53 0
53 52 0
53 54 0
54 53 0
54 55 0
55 54 0
55 56 0
56 51 0
56 55 0
57 58 0
57 62 0
58 57 0
58 59 0
59 58 0
59 60 0
60 48 0
60 59 0
60 61 0
61 60 0
61 62 0
62 57 0
62 61 0
63 64 0
63 67 0
64 63 0
64 65 0
65 47 0
65 50 0
65 64 0
66 47 0
66 67 0
67 63 0
67 66 0
68 0 0
68 69 0
69 68 0
GraphDataEnd
GraphEnd
NodeEnd
END_EPT
