BEGIN_EPT
AnchorID: 26099  # ID of the anchor node
RootIndex: 0  # Index of the root node in tree_nodes
NodeCount: 1  # Total number of nodes in the EPT
NodeStart
EPTNodeID: 0
AnchorID: 26099
TreeNodeGraphID: 0
Level: 0
SimplifiedLevel: 0
EditOperation: -1 0 -1 0 0
AccumulatedOpsCount: 0
ChildrenCount: 0
ChildIndices:
CompletedDBGraphIDsCount: 0
GraphStart
GraphDataStart
ID: 0
NumNodes: 79
NumEdges: 176
NodeLabels
2 2 2 2 3 2 2 3 2 2 1 2 0 2 2 3 2 1 2 2 2 0 2 2 3 2 1 2 2 2 0 2 2 0 2 2 3 2 1 2 2 1 2 2 3 2 2 3 2 1 2 2 3 3 2 2 3 2 3 2 0 3 2 0 2 3 2 2 2 2 0 2 2 3 2 2 2 0 3 
Edges
0 1 0
0 5 0
1 0 0
1 2 0
2 1 0
2 3 0
2 6 0
3 2 0
3 4 0
3 43 0
4 3 0
4 5 0
5 0 0
5 4 0
5 46 0
6 2 0
6 7 0
6 10 0
7 6 0
7 8 0
8 7 0
8 9 0
8 11 0
9 8 0
9 10 0
10 6 0
10 9 0
11 8 0
11 12 0
11 58 0
12 11 0
13 14 0
13 16 0
13 58 0
14 13 0
14 59 0
15 16 0
15 19 0
16 13 0
16 15 0
16 17 0
17 16 0
17 18 0
18 17 0
18 19 0
18 57 0
19 15 0
19 18 0
19 20 0
20 19 0
20 21 0
20 56 0
21 20 0
22 23 0
22 25 0
22 56 0
23 22 0
23 54 0
23 55 0
24 25 0
24 28 0
25 22 0
25 24 0
25 26 0
26 25 0
26 27 0
27 26 0
27 28 0
28 24 0
28 27 0
28 29 0
29 28 0
29 30 0
29 53 0
30 29 0
31 32 0
31 53 0
32 31 0
32 33 0
32 52 0
33 32 0
34 35 0
34 37 0
34 52 0
35 34 0
35 50 0
35 51 0
36 37 0
36 40 0
37 34 0
37 36 0
37 38 0
38 37 0
38 39 0
39 38 0
39 40 0
40 36 0
40 39 0
40 45 0
41 42 0
41 45 0
42 41 0
42 43 0
43 3 0
43 42 0
43 44 0
44 43 0
44 45 0
45 40 0
45 41 0
45 44 0
46 5 0
46 47 0
46 49 0
47 46 0
47 68 0
48 49 0
48 68 0
49 46 0
49 48 0
50 35 0
51 35 0
52 32 0
52 34 0
53 29 0
53 31 0
54 23 0
55 23 0
56 20 0
56 22 0
57 18 0
58 11 0
58 13 0
59 14 0
59 60 0
59 61 0
60 59 0
61 59 0
61 62 0
62 61 0
63 64 0
63 67 0
64 63 0
64 65 0
64 68 0
65 64 0
65 66 0
66 65 0
66 67 0
66 69 0
67 63 0
67 66 0
68 47 0
68 48 0
68 64 0
69 66 0
69 70 0
69 73 0
70 69 0
71 72 0
71 75 0
72 71 0
72 73 0
73 69 0
73 72 0
73 74 0
74 73 0
74 75 0
74 76 0
75 71 0
75 74 0
76 74 0
76 77 0
76 78 0
77 76 0
78 76 0
GraphDataEnd
GraphEnd
NodeEnd
END_EPT
