BEGIN_EPT
AnchorID: 10459  # ID of the anchor node
RootIndex: 0  # Index of the root node in tree_nodes
NodeCount: 1  # Total number of nodes in the EPT
NodeStart
EPTNodeID: 0
AnchorID: 10459
TreeNodeGraphID: 0
Level: 0
SimplifiedLevel: 0
EditOperation: -1 0 -1 0 0
AccumulatedOpsCount: 0
ChildrenCount: 0
ChildIndices:
CompletedDBGraphIDsCount: 0
GraphStart
GraphDataStart
ID: 0
NumNodes: 95
NumEdges: 218
NodeLabels
2 2 2 2 2 2 1 3 0 0 2 2 2 2 2 2 2 2 3 2 0 0 2 2 0 0 0 2 2 2 2 2 2 2 2 2 2 2 2 2 2 2 2 2 2 2 2 2 2 2 2 2 1 3 0 0 2 2 2 2 2 2 2 2 3 2 0 0 2 2 2 2 2 2 2 2 1 0 0 2 2 2 2 2 2 2 2 3 2 0 0 2 2 3 2 
Edges
0 1 0
0 5 0
1 0 0
1 2 0
2 1 0
2 3 0
2 6 0
3 2 0
3 4 0
4 3 0
4 5 0
5 0 0
5 4 0
5 10 0
6 2 0
6 7 0
6 8 0
6 9 0
7 6 0
7 23 0
7 43 0
8 6 0
9 6 0
10 5 0
11 12 0
11 16 0
11 17 0
12 11 0
12 13 0
12 19 0
13 12 0
13 14 0
14 13 0
14 15 0
15 14 0
15 16 0
16 11 0
16 15 0
17 11 0
17 18 0
17 20 0
18 17 0
18 19 0
18 22 0
19 12 0
19 18 0
19 21 0
20 17 0
21 19 0
22 18 0
22 23 0
23 7 0
23 22 0
24 29 0
24 39 0
25 31 0
25 45 0
26 37 0
26 41 0
27 30 0
27 38 0
27 40 0
27 94 0
28 29 0
28 33 0
29 24 0
29 28 0
29 30 0
30 27 0
30 29 0
30 31 0
31 25 0
31 30 0
31 32 0
32 31 0
32 33 0
33 28 0
33 32 0
33 93 0
34 35 0
34 39 0
35 34 0
35 36 0
35 53 0
36 35 0
36 37 0
37 26 0
37 36 0
37 38 0
38 27 0
38 37 0
38 39 0
39 24 0
39 34 0
39 38 0
40 27 0
40 41 0
40 45 0
41 26 0
41 40 0
41 42 0
42 41 0
42 43 0
43 7 0
43 42 0
43 44 0
44 43 0
44 45 0
45 25 0
45 40 0
45 44 0
46 47 0
46 51 0
47 46 0
47 48 0
48 47 0
48 49 0
48 52 0
49 48 0
49 50 0
50 49 0
50 51 0
51 46 0
51 50 0
51 56 0
52 48 0
52 53 0
52 54 0
52 55 0
53 35 0
53 52 0
53 69 0
54 52 0
55 52 0
56 51 0
57 58 0
57 62 0
57 63 0
58 57 0
58 59 0
58 65 0
59 58 0
59 60 0
60 59 0
60 61 0
61 60 0
61 62 0
62 57 0
62 61 0
63 57 0
63 64 0
63 66 0
64 63 0
64 65 0
64 68 0
65 58 0
65 64 0
65 67 0
66 63 0
67 65 0
68 64 0
68 69 0
69 53 0
69 68 0
70 71 0
70 75 0
71 70 0
71 72 0
72 71 0
72 73 0
72 76 0
73 72 0
73 74 0
74 73 0
74 75 0
75 70 0
75 74 0
75 79 0
76 72 0
76 77 0
76 78 0
76 93 0
77 76 0
78 76 0
79 75 0
80 81 0
80 85 0
80 86 0
81 80 0
81 82 0
81 88 0
82 81 0
82 83 0
83 82 0
83 84 0
84 83 0
84 85 0
85 80 0
85 84 0
86 80 0
86 87 0
86 89 0
87 86 0
87 88 0
87 91 0
88 81 0
88 87 0
88 90 0
89 86 0
90 88 0
91 87 0
91 92 0
92 91 0
92 93 0
93 33 0
93 76 0
93 92 0
94 27 0
GraphDataEnd
GraphEnd
NodeEnd
END_EPT
