BEGIN_EPT
AnchorID: 19011  # ID of the anchor node
RootIndex: 0  # Index of the root node in tree_nodes
NodeCount: 1  # Total number of nodes in the EPT
NodeStart
EPTNodeID: 0
AnchorID: 19011
TreeNodeGraphID: 0
Level: 0
SimplifiedLevel: 0
EditOperation: -1 0 -1 0 0
AccumulatedOpsCount: 0
ChildrenCount: 0
ChildIndices:
CompletedDBGraphIDsCount: 0
GraphStart
GraphDataStart
ID: 0
NumNodes: 100
NumEdges: 224
NodeLabels
2 3 2 2 2 2 2 2 2 3 3 2 3 2 2 2 2 2 2 2 2 3 2 2 2 2 2 2 2 3 3 2 3 2 2 2 2 2 2 2 0 2 2 2 2 2 2 0 2 2 2 2 2 2 0 2 2 2 2 2 2 0 2 2 2 2 2 2 2 2 2 2 2 2 2 2 2 2 2 2 2 2 2 2 2 2 2 2 2 2 2 2 2 2 2 2 2 2 2 2 
Edges
0 1 0
0 4 0
0 10 0
1 0 0
1 2 0
2 1 0
2 3 0
2 9 0
3 2 0
3 4 0
3 8 0
4 0 0
4 3 0
4 5 0
5 4 0
5 6 0
6 5 0
6 7 0
7 6 0
7 8 0
7 40 0
8 3 0
8 7 0
9 2 0
9 33 0
10 0 0
10 11 0
11 10 0
11 12 0
11 15 0
12 11 0
12 13 0
13 12 0
13 14 0
13 29 0
14 13 0
14 15 0
14 16 0
15 11 0
15 14 0
15 19 0
16 14 0
16 17 0
17 16 0
17 18 0
17 61 0
18 17 0
18 19 0
19 15 0
19 18 0
20 21 0
20 24 0
20 30 0
21 20 0
21 22 0
22 21 0
22 23 0
22 29 0
23 22 0
23 24 0
23 28 0
24 20 0
24 23 0
24 25 0
25 24 0
25 26 0
26 25 0
26 27 0
27 26 0
27 28 0
27 54 0
28 23 0
28 27 0
29 13 0
29 22 0
30 20 0
30 31 0
31 30 0
31 32 0
31 35 0
32 31 0
32 33 0
33 9 0
33 32 0
33 34 0
34 33 0
34 35 0
34 36 0
35 31 0
35 34 0
35 39 0
36 34 0
36 37 0
37 36 0
37 38 0
38 37 0
38 39 0
38 47 0
39 35 0
39 38 0
40 7 0
40 45 0
41 42 0
41 46 0
42 41 0
42 43 0
42 72 0
43 42 0
43 44 0
44 43 0
44 45 0
45 40 0
45 44 0
45 46 0
46 41 0
46 45 0
46 68 0
47 38 0
47 48 0
48 47 0
48 49 0
48 53 0
49 48 0
49 50 0
50 49 0
50 51 0
51 50 0
51 52 0
51 96 0
52 51 0
52 53 0
53 48 0
53 52 0
53 92 0
54 27 0
54 55 0
55 54 0
55 56 0
55 60 0
56 55 0
56 57 0
56 84 0
57 56 0
57 58 0
58 57 0
58 59 0
58 88 0
59 58 0
59 60 0
60 55 0
60 59 0
61 17 0
61 66 0
62 63 0
62 67 0
63 62 0
63 64 0
63 80 0
64 63 0
64 65 0
65 64 0
65 66 0
66 61 0
66 65 0
66 67 0
67 62 0
67 66 0
67 76 0
68 46 0
68 69 0
68 70 0
68 71 0
69 68 0
70 68 0
71 68 0
72 42 0
72 73 0
72 74 0
72 75 0
73 72 0
74 72 0
75 72 0
76 67 0
76 77 0
76 78 0
76 79 0
77 76 0
78 76 0
79 76 0
80 63 0
80 81 0
80 82 0
80 83 0
81 80 0
82 80 0
83 80 0
84 56 0
84 85 0
84 86 0
84 87 0
85 84 0
86 84 0
87 84 0
88 58 0
88 89 0
88 90 0
88 91 0
89 88 0
90 88 0
91 88 0
92 53 0
92 93 0
92 94 0
92 95 0
93 92 0
94 92 0
95 92 0
96 51 0
96 97 0
96 98 0
96 99 0
97 96 0
98 96 0
99 96 0
GraphDataEnd
GraphEnd
NodeEnd
END_EPT
