BEGIN_EPT
AnchorID: 30209  # ID of the anchor node
RootIndex: 0  # Index of the root node in tree_nodes
NodeCount: 1  # Total number of nodes in the EPT
NodeStart
EPTNodeID: 0
AnchorID: 30209
TreeNodeGraphID: 0
Level: 0
SimplifiedLevel: 0
EditOperation: -1 0 -1 0 0
AccumulatedOpsCount: 0
ChildrenCount: 0
ChildIndices:
CompletedDBGraphIDsCount: 0
GraphStart
GraphDataStart
ID: 0
NumNodes: 83
NumEdges: 170
NodeLabels
2 2 2 2 2 2 3 0 2 2 2 2 2 2 2 2 0 2 3 2 2 2 2 2 2 2 1 0 0 0 2 2 3 0 2 2 2 3 0 2 0 2 3 2 2 0 0 2 0 0 2 2 2 2 2 2 1 0 0 0 2 3 3 2 2 2 2 2 2 1 0 0 0 1 0 0 0 2 3 2 2 2 31 
Edges
0 1 0
0 3 0
1 0 0
1 2 0
2 1 0
2 30 0
3 0 0
3 4 0
3 6 0
4 3 0
4 16 0
4 18 0
5 6 0
5 7 0
5 8 0
6 3 0
6 5 0
7 5 0
8 5 0
8 9 0
8 61 0
9 8 0
9 10 0
10 9 0
10 11 0
10 15 0
11 10 0
11 12 0
12 11 0
12 13 0
13 12 0
13 14 0
13 56 0
14 13 0
14 15 0
15 10 0
15 14 0
16 4 0
17 18 0
17 19 0
17 44 0
18 4 0
18 17 0
19 17 0
19 20 0
20 19 0
20 21 0
20 25 0
21 20 0
21 22 0
22 21 0
22 23 0
23 22 0
23 24 0
23 26 0
24 23 0
24 25 0
25 20 0
25 24 0
26 23 0
26 27 0
26 28 0
26 29 0
27 26 0
28 26 0
29 26 0
30 2 0
30 32 0
31 32 0
31 33 0
31 78 0
32 30 0
32 31 0
33 31 0
34 35 0
34 37 0
34 81 0
35 34 0
35 40 0
35 42 0
36 37 0
36 38 0
36 39 0
37 34 0
37 36 0
38 36 0
39 36 0
39 60 0
39 62 0
40 35 0
41 42 0
41 43 0
41 47 0
42 35 0
42 41 0
43 41 0
43 50 0
44 17 0
44 45 0
44 46 0
45 44 0
46 44 0
47 41 0
47 48 0
47 49 0
48 47 0
49 47 0
50 43 0
50 51 0
50 55 0
51 50 0
51 52 0
52 51 0
52 53 0
53 52 0
53 54 0
53 69 0
54 53 0
54 55 0
55 50 0
55 54 0
56 13 0
56 57 0
56 58 0
56 59 0
57 56 0
58 56 0
59 56 0
60 39 0
60 63 0
61 8 0
62 39 0
63 60 0
63 64 0
63 68 0
64 63 0
64 65 0
65 64 0
65 66 0
66 65 0
66 67 0
66 73 0
67 66 0
67 68 0
68 63 0
68 67 0
69 53 0
69 70 0
69 71 0
69 72 0
70 69 0
71 69 0
72 69 0
73 66 0
73 74 0
73 75 0
73 76 0
74 73 0
75 73 0
76 73 0
77 78 0
77 79 0
78 31 0
78 77 0
79 77 0
79 80 0
80 79 0
80 81 0
81 34 0
81 80 0
GraphDataEnd
GraphEnd
NodeEnd
END_EPT
