BEGIN_EPT
AnchorID: 11114  # ID of the anchor node
RootIndex: 0  # Index of the root node in tree_nodes
NodeCount: 1  # Total number of nodes in the EPT
NodeStart
EPTNodeID: 0
AnchorID: 11114
TreeNodeGraphID: 0
Level: 0
SimplifiedLevel: 0
EditOperation: -1 0 -1 0 0
AccumulatedOpsCount: 0
ChildrenCount: 0
ChildIndices:
CompletedDBGraphIDsCount: 0
GraphStart
GraphDataStart
ID: 0
NumNodes: 78
NumEdges: 166
NodeLabels
2 2 2 0 2 2 0 2 2 2 2 0 2 3 2 2 2 3 2 3 2 2 2 3 2 0 0 11 0 0 0 0 11 0 0 2 2 2 2 0 2 3 2 2 2 3 2 0 0 0 3 3 3 2 3 3 2 2 2 2 2 2 2 2 2 2 2 2 2 2 2 2 2 2 2 2 2 2 
Edges
0 1 0
0 5 0
1 0 0
1 2 0
2 1 0
2 3 0
2 4 0
3 2 0
3 5 0
4 2 0
4 6 0
5 0 0
5 3 0
5 13 0
6 4 0
6 27 0
7 10 0
7 30 0
8 9 0
8 12 0
9 8 0
9 10 0
9 31 0
10 7 0
10 9 0
10 11 0
11 10 0
11 12 0
12 8 0
12 11 0
12 19 0
13 5 0
13 14 0
13 18 0
14 13 0
14 15 0
15 14 0
15 16 0
16 15 0
16 17 0
16 54 0
17 16 0
17 18 0
18 13 0
18 17 0
18 26 0
19 12 0
19 20 0
19 24 0
20 19 0
20 21 0
21 20 0
21 22 0
22 21 0
22 23 0
22 55 0
23 22 0
23 24 0
24 19 0
24 23 0
24 25 0
25 24 0
26 18 0
27 6 0
27 28 0
27 29 0
27 30 0
28 27 0
29 27 0
30 7 0
30 27 0
31 9 0
31 32 0
32 31 0
32 33 0
32 34 0
32 49 0
33 32 0
33 35 0
34 32 0
35 33 0
35 38 0
36 37 0
36 40 0
37 36 0
37 38 0
37 50 0
38 35 0
38 37 0
38 39 0
39 38 0
39 40 0
40 36 0
40 39 0
40 41 0
41 40 0
41 42 0
41 46 0
42 41 0
42 43 0
43 42 0
43 44 0
43 53 0
44 43 0
44 45 0
44 47 0
45 44 0
45 46 0
46 41 0
46 45 0
46 48 0
47 44 0
48 46 0
49 32 0
50 37 0
50 51 0
51 50 0
51 52 0
52 51 0
53 43 0
54 16 0
55 22 0
55 56 0
56 55 0
56 57 0
57 56 0
57 58 0
58 57 0
58 59 0
59 58 0
59 60 0
60 59 0
60 61 0
61 60 0
61 62 0
62 61 0
62 63 0
63 62 0
63 64 0
64 63 0
64 65 0
65 64 0
65 66 0
66 65 0
66 67 0
67 66 0
67 68 0
68 67 0
68 69 0
69 68 0
69 70 0
70 69 0
70 71 0
71 70 0
71 72 0
72 71 0
72 73 0
73 72 0
73 74 0
74 73 0
74 75 0
75 74 0
75 76 0
76 75 0
76 77 0
77 76 0
GraphDataEnd
GraphEnd
NodeEnd
END_EPT
