BEGIN_EPT
AnchorID: 22890  # ID of the anchor node
RootIndex: 0  # Index of the root node in tree_nodes
NodeCount: 1  # Total number of nodes in the EPT
NodeStart
EPTNodeID: 0
AnchorID: 22890
TreeNodeGraphID: 0
Level: 0
SimplifiedLevel: 0
EditOperation: -1 0 -1 0 0
AccumulatedOpsCount: 0
ChildrenCount: 0
ChildIndices:
CompletedDBGraphIDsCount: 0
GraphStart
GraphDataStart
ID: 0
NumNodes: 73
NumEdges: 156
NodeLabels
2 2 2 2 2 2 2 2 2 2 2 2 2 3 3 2 2 2 0 2 0 3 2 3 2 2 2 0 2 0 0 2 2 2 2 2 2 0 2 2 3 2 3 2 2 2 2 2 2 2 2 0 0 2 2 0 0 2 2 2 2 2 2 2 2 2 2 2 2 2 2 2 2 
Edges
0 1 0
0 2 0
1 0 0
1 3 0
1 4 0
2 0 0
2 5 0
2 6 0
3 1 0
3 7 0
4 1 0
4 8 0
5 2 0
5 9 0
6 2 0
6 10 0
7 3 0
7 11 0
8 4 0
8 11 0
9 5 0
9 12 0
10 6 0
10 12 0
11 7 0
11 8 0
11 13 0
12 9 0
12 10 0
12 14 0
13 11 0
13 15 0
14 12 0
14 16 0
15 13 0
15 17 0
15 18 0
16 14 0
16 19 0
16 20 0
17 15 0
17 21 0
17 22 0
18 15 0
19 16 0
19 23 0
19 24 0
20 16 0
21 17 0
21 25 0
22 17 0
22 26 0
23 19 0
23 27 0
24 19 0
24 28 0
25 21 0
25 29 0
25 30 0
26 22 0
26 31 0
27 23 0
27 32 0
28 24 0
28 33 0
29 25 0
29 34 0
30 25 0
31 26 0
31 35 0
32 27 0
32 36 0
32 37 0
33 28 0
33 38 0
34 29 0
34 39 0
35 31 0
35 40 0
36 32 0
36 41 0
37 32 0
38 33 0
38 42 0
39 34 0
39 43 0
39 44 0
40 35 0
40 45 0
41 36 0
41 46 0
41 47 0
42 38 0
42 48 0
43 39 0
43 49 0
44 39 0
44 50 0
45 40 0
45 51 0
45 52 0
46 41 0
46 53 0
47 41 0
47 54 0
48 42 0
48 55 0
48 56 0
49 43 0
49 57 0
50 44 0
50 57 0
51 45 0
51 58 0
52 45 0
53 46 0
53 59 0
54 47 0
54 59 0
55 48 0
55 60 0
56 48 0
57 49 0
57 50 0
58 51 0
58 61 0
59 53 0
59 54 0
60 55 0
60 62 0
61 58 0
61 63 0
61 64 0
62 60 0
62 65 0
62 66 0
63 61 0
63 67 0
64 61 0
64 68 0
65 62 0
65 69 0
66 62 0
66 70 0
67 63 0
67 71 0
68 64 0
68 71 0
69 65 0
69 72 0
70 66 0
70 72 0
71 67 0
71 68 0
72 69 0
72 70 0
GraphDataEnd
GraphEnd
NodeEnd
END_EPT
