BEGIN_EPT
AnchorID: 34436  # ID of the anchor node
RootIndex: 0  # Index of the root node in tree_nodes
NodeCount: 1  # Total number of nodes in the EPT
NodeStart
EPTNodeID: 0
AnchorID: 34436
TreeNodeGraphID: 0
Level: 0
SimplifiedLevel: 0
EditOperation: -1 0 -1 0 0
AccumulatedOpsCount: 0
ChildrenCount: 0
ChildIndices:
CompletedDBGraphIDsCount: 0
GraphStart
GraphDataStart
ID: 0
NumNodes: 68
NumEdges: 152
NodeLabels
17 4 4 3 2 2 2 2 2 2 2 3 2 2 2 2 2 2 2 3 2 2 2 2 2 2 2 2 2 2 2 3 2 2 2 2 2 3 2 2 2 2 2 2 2 2 2 2 2 2 2 2 2 2 36 3 2 2 2 2 2 2 2 2 3 2 2 9 
Edges
0 3 0
0 55 0
3 0 0
3 4 0
3 8 0
4 3 0
4 5 0
5 4 0
5 6 0
6 5 0
6 7 0
6 9 0
7 6 0
7 8 0
8 3 0
8 7 0
9 6 0
9 10 0
9 15 0
10 9 0
10 11 0
10 14 0
11 10 0
11 12 0
12 11 0
12 13 0
12 20 0
13 12 0
13 14 0
14 10 0
14 13 0
15 9 0
15 16 0
15 19 0
16 15 0
16 17 0
17 16 0
17 18 0
18 17 0
18 19 0
18 46 0
19 15 0
19 18 0
19 54 0
20 12 0
20 21 0
20 36 0
21 20 0
21 22 0
21 26 0
22 21 0
22 23 0
23 22 0
23 24 0
24 23 0
24 25 0
24 27 0
25 24 0
25 26 0
26 21 0
26 25 0
27 24 0
28 29 0
28 32 0
29 28 0
29 30 0
30 29 0
30 31 0
30 38 0
31 30 0
31 32 0
32 28 0
32 31 0
32 46 0
33 34 0
33 37 0
33 38 0
34 33 0
34 35 0
35 34 0
35 36 0
36 20 0
36 35 0
36 37 0
37 33 0
37 36 0
37 54 0
38 30 0
38 33 0
38 39 0
39 38 0
39 40 0
39 44 0
40 39 0
40 41 0
41 40 0
41 42 0
42 41 0
42 43 0
42 45 0
43 42 0
43 44 0
44 39 0
44 43 0
45 42 0
46 18 0
46 32 0
46 47 0
47 46 0
47 48 0
47 52 0
48 47 0
48 49 0
49 48 0
49 50 0
50 49 0
50 51 0
50 53 0
51 50 0
51 52 0
52 47 0
52 51 0
53 50 0
54 19 0
54 37 0
55 0 0
55 56 0
55 60 0
56 55 0
56 57 0
57 56 0
57 58 0
58 57 0
58 59 0
58 61 0
59 58 0
59 60 0
60 55 0
60 59 0
61 58 0
61 62 0
61 66 0
62 61 0
62 63 0
63 62 0
63 64 0
64 63 0
64 65 0
65 64 0
65 66 0
66 61 0
66 65 0
GraphDataEnd
GraphEnd
NodeEnd
END_EPT
