BEGIN_EPT
AnchorID: 213  # ID of the anchor node
RootIndex: 0  # Index of the root node in tree_nodes
NodeCount: 1  # Total number of nodes in the EPT
NodeStart
EPTNodeID: 0
AnchorID: 213
TreeNodeGraphID: 0
Level: 0
SimplifiedLevel: 0
EditOperation: -1 0 -1 0 0
AccumulatedOpsCount: 0
ChildrenCount: 0
ChildIndices:
CompletedDBGraphIDsCount: 0
GraphStart
GraphDataStart
ID: 0
NumNodes: 73
NumEdges: 168
NodeLabels
30 1 2 1 1 2 1 2 1 3 1 3 3 3 2 1 2 2 3 2 2 2 2 3 2 3 2 2 1 2 2 2 2 3 2 3 2 2 1 2 2 2 2 3 2 3 2 2 1 2 2 2 2 3 2 3 2 2 1 2 2 2 2 3 2 3 2 2 1 2 2 2 2 
Edges
0 3 0
0 6 0
0 10 0
1 2 0
2 1 0
2 3 0
2 9 0
3 0 0
3 2 0
4 5 0
5 4 0
5 10 0
5 11 0
6 0 0
6 7 0
7 6 0
7 8 0
7 12 0
8 7 0
9 2 0
9 23 0
9 43 0
10 0 0
10 5 0
11 5 0
11 13 0
11 33 0
12 7 0
12 53 0
12 63 0
13 11 0
13 14 0
14 13 0
14 15 0
14 18 0
15 14 0
15 16 0
16 15 0
16 17 0
16 19 0
17 16 0
17 18 0
17 22 0
18 14 0
18 17 0
19 16 0
19 20 0
20 19 0
20 21 0
21 20 0
21 22 0
22 17 0
22 21 0
23 9 0
23 24 0
24 23 0
24 25 0
24 28 0
25 24 0
25 26 0
26 25 0
26 27 0
26 29 0
27 26 0
27 28 0
27 32 0
28 24 0
28 27 0
29 26 0
29 30 0
30 29 0
30 31 0
31 30 0
31 32 0
32 27 0
32 31 0
33 11 0
33 34 0
34 33 0
34 35 0
34 38 0
35 34 0
35 36 0
36 35 0
36 37 0
36 39 0
37 36 0
37 38 0
37 42 0
38 34 0
38 37 0
39 36 0
39 40 0
40 39 0
40 41 0
41 40 0
41 42 0
42 37 0
42 41 0
43 9 0
43 44 0
44 43 0
44 45 0
44 48 0
45 44 0
45 46 0
46 45 0
46 47 0
46 49 0
47 46 0
47 48 0
47 52 0
48 44 0
48 47 0
49 46 0
49 50 0
50 49 0
50 51 0
51 50 0
51 52 0
52 47 0
52 51 0
53 12 0
53 54 0
54 53 0
54 55 0
54 58 0
55 54 0
55 56 0
56 55 0
56 57 0
56 59 0
57 56 0
57 58 0
57 62 0
58 54 0
58 57 0
59 56 0
59 60 0
60 59 0
60 61 0
61 60 0
61 62 0
62 57 0
62 61 0
63 12 0
63 64 0
64 63 0
64 65 0
64 68 0
65 64 0
65 66 0
66 65 0
66 67 0
66 69 0
67 66 0
67 68 0
67 72 0
68 64 0
68 67 0
69 66 0
69 70 0
70 69 0
70 71 0
71 70 0
71 72 0
72 67 0
72 71 0
GraphDataEnd
GraphEnd
NodeEnd
END_EPT
