BEGIN_EPT
AnchorID: 29145  # ID of the anchor node
RootIndex: 0  # Index of the root node in tree_nodes
NodeCount: 1  # Total number of nodes in the EPT
NodeStart
EPTNodeID: 0
AnchorID: 29145
TreeNodeGraphID: 0
Level: 0
SimplifiedLevel: 0
EditOperation: -1 0 -1 0 0
AccumulatedOpsCount: 0
ChildrenCount: 0
ChildIndices:
CompletedDBGraphIDsCount: 0
GraphStart
GraphDataStart
ID: 0
NumNodes: 116
NumEdges: 238
NodeLabels
2 2 0 2 2 2 2 2 2 0 2 2 2 2 0 2 0 2 2 2 2 2 2 2 3 3 2 2 0 2 2 2 2 2 2 0 2 2 2 2 0 2 0 2 2 2 2 2 2 2 3 3 3 2 2 0 2 2 2 2 2 2 0 2 2 2 2 0 2 0 2 2 2 2 2 2 2 3 3 2 2 0 2 2 2 2 2 2 0 2 2 2 2 0 2 0 2 2 2 2 2 2 2 3 3 3 3 0 2 2 2 2 2 0 3 0 
Edges
0 1 0
0 6 0
0 24 0
1 0 0
1 2 0
1 25 0
2 1 0
3 4 0
3 5 0
3 6 0
4 3 0
5 3 0
6 0 0
6 3 0
7 8 0
7 10 0
7 114 0
8 7 0
8 9 0
8 52 0
9 8 0
10 7 0
10 11 0
11 10 0
11 12 0
12 11 0
12 13 0
13 12 0
13 25 0
14 15 0
14 23 0
15 14 0
15 16 0
15 24 0
16 15 0
17 18 0
17 22 0
17 23 0
18 17 0
18 19 0
19 18 0
19 20 0
20 19 0
20 21 0
21 20 0
21 22 0
22 17 0
22 21 0
23 14 0
23 17 0
24 0 0
24 15 0
25 1 0
25 13 0
26 27 0
26 32 0
26 50 0
27 26 0
27 28 0
27 51 0
28 27 0
29 30 0
29 31 0
29 32 0
30 29 0
31 29 0
32 26 0
32 29 0
33 34 0
33 36 0
33 52 0
34 33 0
34 35 0
34 106 0
35 34 0
36 33 0
36 37 0
37 36 0
37 38 0
38 37 0
38 39 0
39 38 0
39 51 0
40 41 0
40 49 0
41 40 0
41 42 0
41 50 0
42 41 0
43 44 0
43 48 0
43 49 0
44 43 0
44 45 0
45 44 0
45 46 0
46 45 0
46 47 0
47 46 0
47 48 0
48 43 0
48 47 0
49 40 0
49 43 0
50 26 0
50 41 0
51 27 0
51 39 0
52 8 0
52 33 0
53 54 0
53 59 0
53 77 0
54 53 0
54 55 0
54 78 0
55 54 0
56 57 0
56 58 0
56 59 0
57 56 0
58 56 0
59 53 0
59 56 0
60 61 0
60 63 0
60 106 0
61 60 0
61 62 0
61 105 0
62 61 0
63 60 0
63 64 0
64 63 0
64 65 0
65 64 0
65 66 0
66 65 0
66 78 0
67 68 0
67 76 0
68 67 0
68 69 0
68 77 0
69 68 0
70 71 0
70 75 0
70 76 0
71 70 0
71 72 0
72 71 0
72 73 0
73 72 0
73 74 0
74 73 0
74 75 0
75 70 0
75 74 0
76 67 0
76 70 0
77 53 0
77 68 0
78 54 0
78 66 0
79 80 0
79 85 0
79 103 0
80 79 0
80 81 0
80 104 0
81 80 0
82 83 0
82 84 0
82 85 0
83 82 0
84 82 0
85 79 0
85 82 0
86 87 0
86 89 0
86 105 0
87 86 0
87 88 0
87 115 0
88 87 0
89 86 0
89 90 0
90 89 0
90 91 0
91 90 0
91 92 0
92 91 0
92 104 0
93 94 0
93 102 0
94 93 0
94 95 0
94 103 0
95 94 0
96 97 0
96 101 0
96 102 0
97 96 0
97 98 0
98 97 0
98 99 0
99 98 0
99 100 0
100 99 0
100 101 0
101 96 0
101 100 0
102 93 0
102 96 0
103 79 0
103 94 0
104 80 0
104 92 0
105 61 0
105 86 0
106 34 0
106 60 0
107 108 0
107 109 0
108 107 0
108 113 0
108 114 0
109 107 0
109 110 0
109 111 0
109 112 0
110 109 0
111 109 0
112 109 0
113 108 0
114 7 0
114 108 0
115 87 0
GraphDataEnd
GraphEnd
NodeEnd
END_EPT
