BEGIN_EPT
AnchorID: 22876  # ID of the anchor node
RootIndex: 0  # Index of the root node in tree_nodes
NodeCount: 1  # Total number of nodes in the EPT
NodeStart
EPTNodeID: 0
AnchorID: 22876
TreeNodeGraphID: 0
Level: 0
SimplifiedLevel: 0
EditOperation: -1 0 -1 0 0
AccumulatedOpsCount: 0
ChildrenCount: 0
ChildIndices:
CompletedDBGraphIDsCount: 0
GraphStart
GraphDataStart
ID: 0
NumNodes: 104
NumEdges: 206
NodeLabels
2 2 3 2 3 0 2 2 2 2 0 2 2 2 3 2 2 3 0 2 2 2 2 3 2 2 2 0 2 2 2 3 2 2 2 3 0 2 3 2 2 2 0 3 2 2 2 2 0 2 2 3 2 2 2 0 3 2 2 2 0 3 2 2 2 2 0 2 2 3 2 2 2 0 3 2 2 2 2 0 2 3 2 2 2 2 3 2 0 2 2 3 2 2 2 2 0 3 0 2 3 2 2 2 
Edges
0 1 0
0 2 0
0 3 0
1 0 0
1 4 0
1 5 0
2 0 0
2 6 0
3 0 0
3 7 0
4 1 0
4 8 0
5 1 0
6 2 0
6 9 0
6 10 0
7 3 0
7 11 0
8 4 0
8 12 0
8 13 0
9 6 0
9 14 0
9 15 0
10 6 0
11 7 0
11 16 0
12 8 0
12 17 0
12 18 0
13 8 0
13 19 0
13 20 0
14 9 0
14 21 0
15 9 0
15 22 0
16 11 0
16 23 0
17 12 0
17 24 0
18 12 0
19 13 0
19 25 0
20 13 0
21 14 0
21 26 0
21 27 0
22 15 0
22 28 0
23 16 0
24 17 0
24 29 0
24 30 0
25 19 0
26 21 0
26 31 0
26 32 0
27 21 0
28 22 0
28 33 0
29 24 0
29 34 0
30 24 0
30 35 0
30 36 0
31 26 0
31 37 0
32 26 0
33 28 0
33 38 0
34 29 0
34 39 0
34 40 0
35 30 0
36 30 0
37 31 0
37 41 0
37 42 0
38 33 0
39 34 0
40 34 0
41 37 0
41 43 0
41 44 0
42 37 0
43 41 0
43 45 0
44 41 0
44 46 0
45 43 0
45 47 0
45 48 0
46 44 0
46 49 0
46 50 0
47 45 0
47 51 0
47 52 0
48 45 0
49 46 0
50 46 0
51 47 0
51 53 0
52 47 0
53 51 0
53 54 0
53 55 0
54 53 0
54 56 0
54 57 0
55 53 0
56 54 0
56 58 0
57 54 0
58 56 0
58 59 0
58 60 0
59 58 0
59 61 0
59 62 0
60 58 0
61 59 0
61 63 0
62 59 0
62 64 0
63 61 0
63 65 0
63 66 0
64 62 0
64 67 0
64 68 0
65 63 0
65 69 0
65 70 0
66 63 0
67 64 0
68 64 0
69 65 0
69 71 0
70 65 0
71 69 0
71 72 0
71 73 0
72 71 0
72 74 0
72 75 0
73 71 0
74 72 0
74 76 0
75 72 0
75 77 0
76 74 0
76 78 0
76 79 0
77 75 0
77 80 0
78 76 0
78 81 0
78 82 0
79 76 0
80 77 0
80 83 0
81 78 0
81 84 0
82 78 0
82 85 0
83 80 0
83 86 0
84 81 0
84 87 0
84 88 0
85 82 0
85 89 0
85 90 0
86 83 0
87 84 0
87 91 0
87 92 0
88 84 0
89 85 0
90 85 0
91 87 0
91 93 0
92 87 0
92 94 0
93 91 0
93 95 0
93 96 0
94 92 0
94 97 0
94 98 0
95 93 0
95 99 0
95 100 0
96 93 0
97 94 0
98 94 0
99 95 0
99 101 0
99 102 0
100 95 0
101 99 0
101 103 0
102 99 0
103 101 0
GraphDataEnd
GraphEnd
NodeEnd
END_EPT
