BEGIN_EPT
AnchorID: 32245  # ID of the anchor node
RootIndex: 0  # Index of the root node in tree_nodes
NodeCount: 1  # Total number of nodes in the EPT
NodeStart
EPTNodeID: 0
AnchorID: 32245
TreeNodeGraphID: 0
Level: 0
SimplifiedLevel: 0
EditOperation: -1 0 -1 0 0
AccumulatedOpsCount: 0
ChildrenCount: 0
ChildIndices:
CompletedDBGraphIDsCount: 0
GraphStart
GraphDataStart
ID: 0
NumNodes: 99
NumEdges: 208
NodeLabels
2 2 2 2 2 2 2 2 2 0 2 2 2 2 0 0 2 0 0 29 0 0 2 2 2 2 2 2 2 0 2 2 2 2 2 2 2 2 2 2 2 2 2 2 2 0 2 2 2 2 0 0 2 0 0 29 0 0 2 2 2 2 2 2 2 0 2 2 2 2 2 2 13 2 2 2 2 2 2 2 2 2 0 2 2 2 2 2 2 2 2 2 2 2 2 0 2 2 2 
Edges
0 1 0
0 5 0
0 10 0
1 0 0
1 2 0
2 1 0
2 3 0
2 6 0
3 2 0
3 4 0
3 9 0
4 3 0
4 5 0
4 16 0
5 0 0
5 4 0
6 2 0
6 7 0
6 8 0
7 6 0
8 6 0
9 3 0
10 0 0
10 11 0
10 12 0
11 10 0
12 10 0
13 14 0
13 17 0
13 90 0
14 13 0
15 16 0
15 72 0
16 4 0
16 15 0
16 18 0
17 13 0
17 19 0
18 16 0
19 17 0
19 21 0
19 29 0
20 22 0
21 19 0
21 22 0
22 20 0
22 21 0
22 24 0
23 24 0
23 28 0
24 22 0
24 23 0
24 25 0
25 24 0
25 26 0
25 29 0
26 25 0
26 27 0
26 30 0
27 26 0
27 28 0
28 23 0
28 27 0
28 33 0
29 19 0
29 25 0
30 26 0
30 31 0
30 32 0
31 30 0
32 30 0
33 28 0
33 34 0
33 35 0
34 33 0
35 33 0
36 37 0
36 41 0
36 46 0
37 36 0
37 38 0
38 37 0
38 39 0
38 42 0
39 38 0
39 40 0
39 45 0
40 39 0
40 41 0
40 52 0
41 36 0
41 40 0
42 38 0
42 43 0
42 44 0
43 42 0
44 42 0
45 39 0
46 36 0
46 47 0
46 48 0
47 46 0
48 46 0
49 50 0
49 54 0
49 77 0
50 49 0
51 52 0
52 40 0
52 51 0
52 53 0
53 52 0
53 55 0
54 49 0
54 55 0
55 53 0
55 54 0
55 57 0
55 65 0
56 58 0
57 55 0
57 58 0
58 56 0
58 57 0
58 60 0
59 60 0
59 64 0
60 58 0
60 59 0
60 61 0
61 60 0
61 62 0
61 65 0
62 61 0
62 63 0
62 66 0
63 62 0
63 64 0
64 59 0
64 63 0
64 69 0
65 55 0
65 61 0
66 62 0
66 67 0
66 68 0
67 66 0
68 66 0
69 64 0
69 70 0
69 71 0
70 69 0
71 69 0
72 15 0
73 74 0
73 78 0
73 83 0
74 73 0
74 75 0
75 74 0
75 76 0
75 79 0
76 75 0
76 77 0
76 82 0
77 49 0
77 76 0
77 78 0
78 73 0
78 77 0
79 75 0
79 80 0
79 81 0
80 79 0
81 79 0
82 76 0
83 73 0
83 84 0
83 85 0
84 83 0
85 83 0
86 87 0
86 91 0
86 96 0
87 86 0
87 88 0
88 87 0
88 89 0
88 92 0
89 88 0
89 90 0
89 95 0
90 13 0
90 89 0
90 91 0
91 86 0
91 90 0
92 88 0
92 93 0
92 94 0
93 92 0
94 92 0
95 89 0
96 86 0
96 97 0
96 98 0
97 96 0
98 96 0
GraphDataEnd
GraphEnd
NodeEnd
END_EPT
