BEGIN_EPT
AnchorID: 21959  # ID of the anchor node
RootIndex: 0  # Index of the root node in tree_nodes
NodeCount: 2  # Total number of nodes in the EPT
NodeStart
EPTNodeID: 0
AnchorID: 21959
TreeNodeGraphID: 0
Level: 0
SimplifiedLevel: 0
EditOperation: -1 0 -1 0 0
AccumulatedOpsCount: 0
ChildrenCount: 1
ChildIndices: 1
CompletedDBGraphIDsCount: 0
GraphStart
GraphDataStart
ID: 0
NumNodes: 86
NumEdges: 188
NodeLabels
12 2 2 2 2 2 2 2 2 2 0 2 2 2 2 2 2 2 2 2 2 2 0 2 0 2 0 0 3 3 2 2 2 2 2 2 2 2 2 2 2 2 2 3 2 3 2 0 2 2 3 1 2 2 0 2 3 0 0 2 0 4 4 2 2 2 4 4 2 2 3 1 2 3 2 1 2 3 0 0 2 3 1 3 2 2 
Edges
0 1 0
1 0 0
1 2 0
1 3 0
1 4 0
2 1 0
2 5 0
2 6 0
3 1 0
3 7 0
3 8 0
3 9 0
4 1 0
4 10 0
4 11 0
5 2 0
5 12 0
5 13 0
6 2 0
6 14 0
7 3 0
8 3 0
8 14 0
8 15 0
9 3 0
9 16 0
10 4 0
11 4 0
11 12 0
12 5 0
12 11 0
12 17 0
12 18 0
13 5 0
13 19 0
14 6 0
14 8 0
15 8 0
15 20 0
16 9 0
16 20 0
17 12 0
18 12 0
18 19 0
18 21 0
18 22 0
19 13 0
19 18 0
19 23 0
20 15 0
20 16 0
20 24 0
21 18 0
21 25 0
21 26 0
22 18 0
23 19 0
24 20 0
25 21 0
25 27 0
26 21 0
27 25 0
28 29 0
28 30 0
29 28 0
29 31 0
30 28 0
30 32 0
30 33 0
31 29 0
31 34 0
31 35 0
32 30 0
32 36 0
32 37 0
33 30 0
33 38 0
34 31 0
34 39 0
35 31 0
35 40 0
36 32 0
36 41 0
36 42 0
37 32 0
37 43 0
37 44 0
38 33 0
38 41 0
38 45 0
39 34 0
39 46 0
40 35 0
40 46 0
41 36 0
41 38 0
41 47 0
42 36 0
42 48 0
43 37 0
43 49 0
44 37 0
44 48 0
45 38 0
45 50 0
46 39 0
46 40 0
46 51 0
47 41 0
47 52 0
48 42 0
48 44 0
49 43 0
49 53 0
49 54 0
50 45 0
50 55 0
51 46 0
51 56 0
51 57 0
51 58 0
52 47 0
52 59 0
52 60 0
53 49 0
53 61 0
53 62 0
54 49 0
55 50 0
55 63 0
55 64 0
56 51 0
56 65 0
57 51 0
58 51 0
59 52 0
59 66 0
59 67 0
60 52 0
61 53 0
62 53 0
63 55 0
63 68 0
64 55 0
64 69 0
65 56 0
65 70 0
65 71 0
66 59 0
67 59 0
68 63 0
68 72 0
69 64 0
69 72 0
70 65 0
70 73 0
71 65 0
71 74 0
72 68 0
72 69 0
72 75 0
73 70 0
73 74 0
74 71 0
74 73 0
74 76 0
75 72 0
75 77 0
75 78 0
75 79 0
76 74 0
77 75 0
77 80 0
78 75 0
79 75 0
80 77 0
80 81 0
80 82 0
81 80 0
81 83 0
82 80 0
82 84 0
83 81 0
83 84 0
84 82 0
84 83 0
84 85 0
85 84 0
GraphDataEnd
GraphEnd
NodeEnd
NodeStart
EPTNodeID: 1
AnchorID: 21959
TreeNodeGraphID: 6
Level: 6
SimplifiedLevel: 0
EditOperation: 1 85 0 2 0
AccumulatedOpsCount: 6
AccumulatedOp: 0 73 0 3 2
AccumulatedOp: 4 84 85 0 0
AccumulatedOp: 4 74 76 0 0
AccumulatedOp: 1 76 0 2 0
AccumulatedOp: 0 83 0 3 2
AccumulatedOp: 1 85 0 2 0
ChildrenCount: 0
ChildIndices:
CompletedDBGraphIDsCount: 1
CompletedDBGraphID: 12489
GraphStart
GraphDataStart
ID: 6
NumNodes: 84
NumEdges: 184
NodeLabels
12 2 2 2 2 2 2 2 2 2 0 2 2 2 2 2 2 2 2 2 2 2 0 2 0 2 0 0 3 3 2 2 2 2 2 2 2 2 2 2 2 2 2 3 2 3 2 0 2 2 3 1 2 2 0 2 3 0 0 2 0 4 4 2 2 2 4 4 2 2 3 1 2 2 2 1 3 0 0 2 3 1 2 2 
Edges
0 1 0
1 0 0
1 2 0
1 3 0
1 4 0
2 1 0
2 5 0
2 6 0
3 1 0
3 7 0
3 8 0
3 9 0
4 1 0
4 10 0
4 11 0
5 2 0
5 12 0
5 13 0
6 2 0
6 14 0
7 3 0
8 3 0
8 14 0
8 15 0
9 3 0
9 16 0
10 4 0
11 4 0
11 12 0
12 5 0
12 11 0
12 17 0
12 18 0
13 5 0
13 19 0
14 6 0
14 8 0
15 8 0
15 20 0
16 9 0
16 20 0
17 12 0
18 12 0
18 19 0
18 21 0
18 22 0
19 13 0
19 18 0
19 23 0
20 15 0
20 16 0
20 24 0
21 18 0
21 25 0
21 26 0
22 18 0
23 19 0
24 20 0
25 21 0
25 27 0
26 21 0
27 25 0
28 29 0
28 30 0
29 28 0
29 31 0
30 28 0
30 32 0
30 33 0
31 29 0
31 34 0
31 35 0
32 30 0
32 36 0
32 37 0
33 30 0
33 38 0
34 31 0
34 39 0
35 31 0
35 40 0
36 32 0
36 41 0
36 42 0
37 32 0
37 43 0
37 44 0
38 33 0
38 41 0
38 45 0
39 34 0
39 46 0
40 35 0
40 46 0
41 36 0
41 38 0
41 47 0
42 36 0
42 48 0
43 37 0
43 49 0
44 37 0
44 48 0
45 38 0
45 50 0
46 39 0
46 40 0
46 51 0
47 41 0
47 52 0
48 42 0
48 44 0
49 43 0
49 53 0
49 54 0
50 45 0
50 55 0
51 46 0
51 56 0
51 57 0
51 58 0
52 47 0
52 59 0
52 60 0
53 49 0
53 61 0
53 62 0
54 49 0
55 50 0
55 63 0
55 64 0
56 51 0
56 65 0
57 51 0
58 51 0
59 52 0
59 66 0
59 67 0
60 52 0
61 53 0
62 53 0
63 55 0
63 68 0
64 55 0
64 69 0
65 56 0
65 70 0
65 71 0
66 59 0
67 59 0
68 63 0
68 72 0
69 64 0
69 72 0
70 65 0
70 73 0
71 65 0
71 74 0
72 68 0
72 69 0
72 75 0
73 70 0
73 74 0
74 71 0
74 73 0
75 72 0
75 76 0
75 77 0
75 78 0
76 75 0
76 79 0
77 75 0
78 75 0
79 76 0
79 80 0
79 81 0
80 79 0
80 82 0
81 79 0
81 83 0
82 80 0
82 83 0
83 81 0
83 82 0
GraphDataEnd
GraphEnd
NodeEnd
END_EPT
