BEGIN_EPT
AnchorID: 31444  # ID of the anchor node
RootIndex: 0  # Index of the root node in tree_nodes
NodeCount: 4  # Total number of nodes in the EPT
NodeStart
EPTNodeID: 0
AnchorID: 31444
TreeNodeGraphID: 0
Level: 0
SimplifiedLevel: 0
EditOperation: -1 0 -1 0 0
AccumulatedOpsCount: 0
ChildrenCount: 1
ChildIndices: 1
CompletedDBGraphIDsCount: 0
GraphStart
GraphDataStart
ID: 0
NumNodes: 63
NumEdges: 132
NodeLabels
2 2 2 3 2 2 2 2 2 2 2 2 2 2 0 2 4 3 2 2 2 0 2 2 2 2 0 3 2 0 2 2 2 2 2 2 2 2 0 2 3 2 0 2 0 2 0 2 0 2 0 2 2 2 2 0 3 2 2 2 0 3 0 
Edges
0 1 0
0 5 0
0 17 0
1 0 0
1 2 0
1 10 0
2 1 0
2 3 0
2 13 0
3 2 0
3 4 0
4 3 0
4 5 0
4 9 0
5 0 0
5 4 0
5 6 0
6 5 0
6 7 0
7 6 0
7 8 0
8 7 0
8 9 0
8 16 0
9 4 0
9 8 0
10 1 0
10 11 0
11 10 0
11 12 0
11 14 0
12 11 0
12 13 0
13 2 0
13 12 0
14 11 0
14 15 0
15 14 0
16 8 0
17 0 0
17 18 0
18 17 0
18 19 0
19 18 0
19 20 0
20 19 0
20 21 0
20 48 0
21 20 0
22 23 0
22 28 0
22 61 0
23 22 0
23 24 0
24 23 0
24 25 0
25 24 0
25 26 0
25 27 0
26 25 0
27 25 0
28 22 0
28 29 0
28 62 0
29 28 0
30 31 0
30 62 0
31 30 0
31 32 0
31 36 0
32 31 0
32 33 0
33 32 0
33 34 0
34 33 0
34 35 0
35 34 0
35 36 0
36 31 0
36 35 0
37 38 0
37 39 0
38 37 0
39 37 0
39 40 0
39 41 0
40 39 0
40 49 0
41 39 0
41 42 0
41 43 0
42 41 0
42 52 0
43 41 0
43 44 0
43 45 0
44 43 0
45 43 0
45 46 0
45 47 0
46 45 0
47 45 0
47 48 0
48 20 0
48 47 0
49 40 0
49 50 0
49 51 0
50 49 0
51 49 0
52 42 0
52 53 0
52 54 0
53 52 0
54 52 0
54 55 0
54 56 0
55 54 0
56 54 0
56 57 0
57 56 0
57 58 0
57 59 0
58 57 0
59 57 0
59 60 0
59 61 0
60 59 0
61 22 0
61 59 0
62 28 0
62 30 0
GraphDataEnd
GraphEnd
NodeEnd
NodeStart
EPTNodeID: 1
AnchorID: 31444
TreeNodeGraphID: 1
Level: 1
SimplifiedLevel: 0
EditOperation: 4 11 14 0 0
AccumulatedOpsCount: 1
AccumulatedOp: 4 11 14 0 0
ChildrenCount: 2
ChildIndices: 2 3
CompletedDBGraphIDsCount: 0
GraphStart
GraphDataStart
ID: 1
NumNodes: 63
NumEdges: 130
NodeLabels
2 2 2 3 2 2 2 2 2 2 2 2 2 2 0 2 4 3 2 2 2 0 2 2 2 2 0 3 2 0 2 2 2 2 2 2 2 2 0 2 3 2 0 2 0 2 0 2 0 2 0 2 2 2 2 0 3 2 2 2 0 3 0 
Edges
0 1 0
0 5 0
0 17 0
1 0 0
1 2 0
1 10 0
2 1 0
2 3 0
2 13 0
3 2 0
3 4 0
4 3 0
4 5 0
4 9 0
5 0 0
5 4 0
5 6 0
6 5 0
6 7 0
7 6 0
7 8 0
8 7 0
8 9 0
8 16 0
9 4 0
9 8 0
10 1 0
10 11 0
11 10 0
11 12 0
12 11 0
12 13 0
13 2 0
13 12 0
14 15 0
15 14 0
16 8 0
17 0 0
17 18 0
18 17 0
18 19 0
19 18 0
19 20 0
20 19 0
20 21 0
20 48 0
21 20 0
22 23 0
22 28 0
22 61 0
23 22 0
23 24 0
24 23 0
24 25 0
25 24 0
25 26 0
25 27 0
26 25 0
27 25 0
28 22 0
28 29 0
28 62 0
29 28 0
30 31 0
30 62 0
31 30 0
31 32 0
31 36 0
32 31 0
32 33 0
33 32 0
33 34 0
34 33 0
34 35 0
35 34 0
35 36 0
36 31 0
36 35 0
37 38 0
37 39 0
38 37 0
39 37 0
39 40 0
39 41 0
40 39 0
40 49 0
41 39 0
41 42 0
41 43 0
42 41 0
42 52 0
43 41 0
43 44 0
43 45 0
44 43 0
45 43 0
45 46 0
45 47 0
46 45 0
47 45 0
47 48 0
48 20 0
48 47 0
49 40 0
49 50 0
49 51 0
50 49 0
51 49 0
52 42 0
52 53 0
52 54 0
53 52 0
54 52 0
54 55 0
54 56 0
55 54 0
56 54 0
56 57 0
57 56 0
57 58 0
57 59 0
58 57 0
59 57 0
59 60 0
59 61 0
60 59 0
61 22 0
61 59 0
62 28 0
62 30 0
GraphDataEnd
GraphEnd
NodeEnd
NodeStart
EPTNodeID: 2
AnchorID: 31444
TreeNodeGraphID: 6
Level: 6
SimplifiedLevel: 0
EditOperation: 5 15 16 0 0
AccumulatedOpsCount: 5
AccumulatedOp: 0 15 0 2 3
AccumulatedOp: 0 16 0 4 0
AccumulatedOp: 5 6 15 0 0
AccumulatedOp: 4 8 16 0 0
AccumulatedOp: 5 15 16 0 0
ChildrenCount: 0
ChildIndices:
CompletedDBGraphIDsCount: 1
CompletedDBGraphID: 24528
GraphStart
GraphDataStart
ID: 6
NumNodes: 63
NumEdges: 132
NodeLabels
2 2 2 3 2 2 2 2 2 2 2 2 2 2 0 3 0 3 2 2 2 0 2 2 2 2 0 3 2 0 2 2 2 2 2 2 2 2 0 2 3 2 0 2 0 2 0 2 0 2 0 2 2 2 2 0 3 2 2 2 0 3 0 
Edges
0 1 0
0 5 0
0 17 0
1 0 0
1 2 0
1 10 0
2 1 0
2 3 0
2 13 0
3 2 0
3 4 0
4 3 0
4 5 0
4 9 0
5 0 0
5 4 0
5 6 0
6 5 0
6 7 0
6 15 0
7 6 0
7 8 0
8 7 0
8 9 0
9 4 0
9 8 0
10 1 0
10 11 0
11 10 0
11 12 0
12 11 0
12 13 0
13 2 0
13 12 0
14 15 0
15 14 0
15 6 0
15 16 0
16 15 0
17 0 0
17 18 0
18 17 0
18 19 0
19 18 0
19 20 0
20 19 0
20 21 0
20 48 0
21 20 0
22 23 0
22 28 0
22 61 0
23 22 0
23 24 0
24 23 0
24 25 0
25 24 0
25 26 0
25 27 0
26 25 0
27 25 0
28 22 0
28 29 0
28 62 0
29 28 0
30 31 0
30 62 0
31 30 0
31 32 0
31 36 0
32 31 0
32 33 0
33 32 0
33 34 0
34 33 0
34 35 0
35 34 0
35 36 0
36 31 0
36 35 0
37 38 0
37 39 0
38 37 0
39 37 0
39 40 0
39 41 0
40 39 0
40 49 0
41 39 0
41 42 0
41 43 0
42 41 0
42 52 0
43 41 0
43 44 0
43 45 0
44 43 0
45 43 0
45 46 0
45 47 0
46 45 0
47 45 0
47 48 0
48 20 0
48 47 0
49 40 0
49 50 0
49 51 0
50 49 0
51 49 0
52 42 0
52 53 0
52 54 0
53 52 0
54 52 0
54 55 0
54 56 0
55 54 0
56 54 0
56 57 0
57 56 0
57 58 0
57 59 0
58 57 0
59 57 0
59 60 0
59 61 0
60 59 0
61 22 0
61 59 0
62 28 0
62 30 0
GraphDataEnd
GraphEnd
NodeEnd
NodeStart
EPTNodeID: 3
AnchorID: 31444
TreeNodeGraphID: 15
Level: 10
SimplifiedLevel: 0
EditOperation: 5 16 63 0 0
AccumulatedOpsCount: 9
AccumulatedOp: 0 16 0 4 3
AccumulatedOp: 2 63 0 0 2
AccumulatedOp: 0 17 0 3 2
AccumulatedOp: 4 0 1 0 0
AccumulatedOp: 4 0 5 0 0
AccumulatedOp: 5 13 15 0 0
AccumulatedOp: 5 9 15 0 0
AccumulatedOp: 5 0 63 0 0
AccumulatedOp: 5 16 63 0 0
ChildrenCount: 0
ChildIndices:
CompletedDBGraphIDsCount: 1
CompletedDBGraphID: 36166
GraphStart
GraphDataStart
ID: 15
NumNodes: 64
NumEdges: 134
NodeLabels
2 2 2 3 2 2 2 2 2 2 2 2 2 2 0 2 3 2 2 2 2 0 2 2 2 2 0 3 2 0 2 2 2 2 2 2 2 2 0 2 3 2 0 2 0 2 0 2 0 2 0 2 2 2 2 0 3 2 2 2 0 3 0 2 
Edges
0 17 0
0 63 0
1 2 0
1 10 0
2 1 0
2 3 0
2 13 0
3 2 0
3 4 0
4 3 0
4 5 0
4 9 0
5 4 0
5 6 0
6 5 0
6 7 0
7 6 0
7 8 0
8 7 0
8 9 0
8 16 0
9 4 0
9 8 0
9 15 0
10 1 0
10 11 0
11 10 0
11 12 0
12 11 0
12 13 0
13 2 0
13 12 0
13 15 0
14 15 0
15 14 0
15 13 0
15 9 0
16 8 0
16 63 0
17 0 0
17 18 0
18 17 0
18 19 0
19 18 0
19 20 0
20 19 0
20 21 0
20 48 0
21 20 0
22 23 0
22 28 0
22 61 0
23 22 0
23 24 0
24 23 0
24 25 0
25 24 0
25 26 0
25 27 0
26 25 0
27 25 0
28 22 0
28 29 0
28 62 0
29 28 0
30 31 0
30 62 0
31 30 0
31 32 0
31 36 0
32 31 0
32 33 0
33 32 0
33 34 0
34 33 0
34 35 0
35 34 0
35 36 0
36 31 0
36 35 0
37 38 0
37 39 0
38 37 0
39 37 0
39 40 0
39 41 0
40 39 0
40 49 0
41 39 0
41 42 0
41 43 0
42 41 0
42 52 0
43 41 0
43 44 0
43 45 0
44 43 0
45 43 0
45 46 0
45 47 0
46 45 0
47 45 0
47 48 0
48 20 0
48 47 0
49 40 0
49 50 0
49 51 0
50 49 0
51 49 0
52 42 0
52 53 0
52 54 0
53 52 0
54 52 0
54 55 0
54 56 0
55 54 0
56 54 0
56 57 0
57 56 0
57 58 0
57 59 0
58 57 0
59 57 0
59 60 0
59 61 0
60 59 0
61 22 0
61 59 0
62 28 0
62 30 0
63 0 0
63 16 0
GraphDataEnd
GraphEnd
NodeEnd
END_EPT
