BEGIN_EPT
AnchorID: 34820  # ID of the anchor node
RootIndex: 0  # Index of the root node in tree_nodes
NodeCount: 1  # Total number of nodes in the EPT
NodeStart
EPTNodeID: 0
AnchorID: 34820
TreeNodeGraphID: 0
Level: 0
SimplifiedLevel: 0
EditOperation: -1 0 -1 0 0
AccumulatedOpsCount: 0
ChildrenCount: 0
ChildIndices:
CompletedDBGraphIDsCount: 0
GraphStart
GraphDataStart
ID: 0
NumNodes: 95
NumEdges: 206
NodeLabels
0 3 0 3 0 3 3 3 3 0 3 0 3 0 2 2 2 2 2 2 2 2 2 2 2 2 2 2 2 2 2 2 2 2 2 2 2 2 2 2 2 2 2 2 2 2 2 2 2 2 2 2 2 2 2 2 2 2 2 2 2 2 2 2 2 2 2 3 3 3 3 3 2 2 2 0 2 31 3 11 0 0 0 11 0 0 0 11 0 0 0 11 0 0 0 
Edges
0 61 0
1 34 0
1 37 0
1 64 0
2 42 0
3 43 0
3 46 0
3 72 0
4 55 0
5 54 0
5 56 0
5 73 0
6 52 0
6 74 0
7 57 0
7 74 0
8 59 0
8 60 0
8 76 0
9 63 0
10 48 0
10 51 0
10 66 0
11 47 0
12 38 0
12 39 0
12 65 0
13 62 0
14 15 0
14 21 0
14 79 0
15 14 0
15 19 0
15 20 0
16 17 0
16 20 0
17 16 0
17 18 0
18 17 0
18 19 0
18 83 0
19 15 0
19 18 0
19 23 0
20 15 0
20 16 0
21 14 0
21 22 0
22 21 0
22 23 0
22 67 0
23 19 0
23 22 0
24 25 0
24 28 0
24 87 0
25 24 0
25 26 0
26 25 0
26 27 0
26 78 0
27 26 0
27 33 0
28 24 0
28 30 0
28 33 0
29 30 0
29 31 0
30 28 0
30 29 0
31 29 0
31 32 0
32 31 0
32 33 0
32 91 0
33 27 0
33 28 0
33 32 0
34 1 0
34 35 0
34 61 0
35 34 0
35 36 0
36 35 0
36 37 0
36 68 0
37 1 0
37 36 0
38 12 0
38 41 0
39 12 0
39 40 0
39 62 0
40 39 0
40 41 0
41 38 0
41 40 0
41 71 0
42 2 0
42 43 0
42 68 0
43 3 0
43 42 0
43 44 0
44 43 0
44 45 0
45 44 0
45 46 0
45 69 0
46 3 0
46 45 0
47 11 0
47 48 0
47 71 0
48 10 0
48 47 0
48 49 0
49 48 0
49 50 0
50 49 0
50 51 0
50 70 0
51 10 0
51 50 0
52 6 0
52 53 0
52 56 0
53 52 0
53 54 0
54 5 0
54 53 0
54 55 0
55 4 0
55 54 0
55 69 0
56 5 0
56 52 0
57 7 0
57 58 0
57 60 0
58 57 0
58 59 0
59 8 0
59 58 0
59 63 0
60 8 0
60 57 0
61 0 0
61 34 0
61 67 0
62 13 0
62 39 0
62 78 0
63 9 0
63 59 0
63 70 0
64 1 0
65 12 0
66 10 0
67 22 0
67 61 0
68 36 0
68 42 0
69 45 0
69 55 0
70 50 0
70 63 0
71 41 0
71 47 0
72 3 0
73 5 0
74 6 0
74 7 0
74 75 0
75 74 0
76 8 0
78 26 0
78 62 0
79 14 0
79 80 0
79 81 0
79 82 0
80 79 0
81 79 0
82 79 0
83 18 0
83 84 0
83 85 0
83 86 0
84 83 0
85 83 0
86 83 0
87 24 0
87 88 0
87 89 0
87 90 0
88 87 0
89 87 0
90 87 0
91 32 0
91 92 0
91 93 0
91 94 0
92 91 0
93 91 0
94 91 0
GraphDataEnd
GraphEnd
NodeEnd
END_EPT
