BEGIN_EPT
AnchorID: 4629  # ID of the anchor node
RootIndex: 0  # Index of the root node in tree_nodes
NodeCount: 2  # Total number of nodes in the EPT
NodeStart
EPTNodeID: 0
AnchorID: 4629
TreeNodeGraphID: 0
Level: 0
SimplifiedLevel: 0
EditOperation: -1 0 -1 0 0
AccumulatedOpsCount: 0
ChildrenCount: 1
ChildIndices: 1
CompletedDBGraphIDsCount: 0
GraphStart
GraphDataStart
ID: 0
NumNodes: 78
NumEdges: 174
NodeLabels
2 2 2 2 2 2 4 1 2 1 0 0 0 3 2 2 2 2 2 2 2 2 2 2 2 2 4 1 2 1 0 0 0 3 2 2 2 2 2 2 3 3 2 3 2 2 2 2 2 2 2 3 2 2 2 2 2 2 2 2 2 2 2 2 2 2 2 2 2 2 2 2 3 3 4 4 4 4 
Edges
0 1 0
0 5 0
0 6 0
1 0 0
1 2 0
1 8 0
2 1 0
2 3 0
3 2 0
3 4 0
3 9 0
4 3 0
4 5 0
4 7 0
5 0 0
5 4 0
6 0 0
7 4 0
7 27 0
8 1 0
8 12 0
8 13 0
9 3 0
9 10 0
9 11 0
9 40 0
10 9 0
11 9 0
12 8 0
13 8 0
13 14 0
14 13 0
14 15 0
14 19 0
15 14 0
15 16 0
16 15 0
16 17 0
17 16 0
17 18 0
17 77 0
18 17 0
18 19 0
19 14 0
19 18 0
20 21 0
20 25 0
20 26 0
21 20 0
21 22 0
21 28 0
22 21 0
22 23 0
23 22 0
23 24 0
23 29 0
24 23 0
24 25 0
24 27 0
25 20 0
25 24 0
26 20 0
27 7 0
27 24 0
28 21 0
28 32 0
28 33 0
29 23 0
29 30 0
29 31 0
29 41 0
30 29 0
31 29 0
32 28 0
33 28 0
33 34 0
34 33 0
34 35 0
34 39 0
35 34 0
35 36 0
36 35 0
36 37 0
37 36 0
37 38 0
37 76 0
38 37 0
38 39 0
39 34 0
39 38 0
40 9 0
40 42 0
41 29 0
41 47 0
42 40 0
42 43 0
42 73 0
43 42 0
43 44 0
44 43 0
44 45 0
44 52 0
45 44 0
45 46 0
45 55 0
46 45 0
46 60 0
46 73 0
47 41 0
47 51 0
47 72 0
48 49 0
48 66 0
48 72 0
49 48 0
49 50 0
49 56 0
50 49 0
50 51 0
50 59 0
51 47 0
51 50 0
52 44 0
52 53 0
53 52 0
53 54 0
54 53 0
54 55 0
54 74 0
55 45 0
55 54 0
56 49 0
56 57 0
57 56 0
57 58 0
57 75 0
58 57 0
58 59 0
59 50 0
59 58 0
60 46 0
60 61 0
60 65 0
61 60 0
61 62 0
62 61 0
62 63 0
63 62 0
63 64 0
64 63 0
64 65 0
65 60 0
65 64 0
66 48 0
66 67 0
66 71 0
67 66 0
67 68 0
68 67 0
68 69 0
69 68 0
69 70 0
70 69 0
70 71 0
71 66 0
71 70 0
72 47 0
72 48 0
73 42 0
73 46 0
74 54 0
75 57 0
76 37 0
77 17 0
GraphDataEnd
GraphEnd
NodeEnd
NodeStart
EPTNodeID: 1
AnchorID: 4629
TreeNodeGraphID: 4
Level: 4
SimplifiedLevel: 0
EditOperation: 1 77 0 4 0
AccumulatedOpsCount: 4
AccumulatedOp: 4 37 76 0 0
AccumulatedOp: 1 76 0 4 0
AccumulatedOp: 4 17 77 0 0
AccumulatedOp: 1 77 0 4 0
ChildrenCount: 0
ChildIndices:
CompletedDBGraphIDsCount: 1
CompletedDBGraphID: 11037
GraphStart
GraphDataStart
ID: 4
NumNodes: 76
NumEdges: 170
NodeLabels
2 2 2 2 2 2 4 1 2 1 0 0 0 3 2 2 2 2 2 2 2 2 2 2 2 2 4 1 2 1 0 0 0 3 2 2 2 2 2 2 3 3 2 3 2 2 2 2 2 2 2 3 2 2 2 2 2 2 2 2 2 2 2 2 2 2 2 2 2 2 2 2 3 3 4 4 
Edges
0 1 0
0 5 0
0 6 0
1 0 0
1 2 0
1 8 0
2 1 0
2 3 0
3 2 0
3 4 0
3 9 0
4 3 0
4 5 0
4 7 0
5 0 0
5 4 0
6 0 0
7 4 0
7 27 0
8 1 0
8 12 0
8 13 0
9 3 0
9 10 0
9 11 0
9 40 0
10 9 0
11 9 0
12 8 0
13 8 0
13 14 0
14 13 0
14 15 0
14 19 0
15 14 0
15 16 0
16 15 0
16 17 0
17 16 0
17 18 0
18 17 0
18 19 0
19 14 0
19 18 0
20 21 0
20 25 0
20 26 0
21 20 0
21 22 0
21 28 0
22 21 0
22 23 0
23 22 0
23 24 0
23 29 0
24 23 0
24 25 0
24 27 0
25 20 0
25 24 0
26 20 0
27 7 0
27 24 0
28 21 0
28 32 0
28 33 0
29 23 0
29 30 0
29 31 0
29 41 0
30 29 0
31 29 0
32 28 0
33 28 0
33 34 0
34 33 0
34 35 0
34 39 0
35 34 0
35 36 0
36 35 0
36 37 0
37 36 0
37 38 0
38 37 0
38 39 0
39 34 0
39 38 0
40 9 0
40 42 0
41 29 0
41 47 0
42 40 0
42 43 0
42 73 0
43 42 0
43 44 0
44 43 0
44 45 0
44 52 0
45 44 0
45 46 0
45 55 0
46 45 0
46 60 0
46 73 0
47 41 0
47 51 0
47 72 0
48 49 0
48 66 0
48 72 0
49 48 0
49 50 0
49 56 0
50 49 0
50 51 0
50 59 0
51 47 0
51 50 0
52 44 0
52 53 0
53 52 0
53 54 0
54 53 0
54 55 0
54 74 0
55 45 0
55 54 0
56 49 0
56 57 0
57 56 0
57 58 0
57 75 0
58 57 0
58 59 0
59 50 0
59 58 0
60 46 0
60 61 0
60 65 0
61 60 0
61 62 0
62 61 0
62 63 0
63 62 0
63 64 0
64 63 0
64 65 0
65 60 0
65 64 0
66 48 0
66 67 0
66 71 0
67 66 0
67 68 0
68 67 0
68 69 0
69 68 0
69 70 0
70 69 0
70 71 0
71 66 0
71 70 0
72 47 0
72 48 0
73 42 0
73 46 0
74 54 0
75 57 0
GraphDataEnd
GraphEnd
NodeEnd
END_EPT
