BEGIN_EPT
AnchorID: 30601  # ID of the anchor node
RootIndex: 0  # Index of the root node in tree_nodes
NodeCount: 1  # Total number of nodes in the EPT
NodeStart
EPTNodeID: 0
AnchorID: 30601
TreeNodeGraphID: 0
Level: 0
SimplifiedLevel: 0
EditOperation: -1 0 -1 0 0
AccumulatedOpsCount: 0
ChildrenCount: 0
ChildIndices:
CompletedDBGraphIDsCount: 0
GraphStart
GraphDataStart
ID: 0
NumNodes: 81
NumEdges: 174
NodeLabels
31 2 2 2 2 3 2 2 2 2 2 2 2 2 2 2 2 3 0 1 0 0 1 0 0 0 0 2 2 2 2 3 2 2 2 2 2 2 2 2 2 2 2 3 0 1 0 0 1 0 0 0 0 2 2 2 2 2 2 3 3 1 0 0 0 2 2 2 2 2 2 3 3 1 0 0 0 2 2 2 2 
Edges
1 2 0
1 6 0
1 7 0
2 1 0
2 3 0
3 2 0
3 4 0
4 3 0
4 5 0
5 4 0
5 6 0
6 1 0
6 5 0
6 10 0
7 1 0
7 8 0
7 22 0
8 7 0
8 9 0
9 8 0
9 10 0
9 71 0
10 6 0
10 9 0
10 18 0
11 12 0
11 16 0
12 11 0
12 13 0
12 19 0
13 12 0
13 14 0
13 77 0
14 13 0
14 15 0
15 14 0
15 16 0
16 11 0
16 15 0
16 17 0
17 16 0
17 43 0
18 10 0
19 12 0
19 20 0
19 21 0
19 26 0
20 19 0
21 19 0
22 7 0
22 23 0
22 24 0
22 25 0
23 22 0
24 22 0
25 22 0
26 19 0
27 28 0
27 32 0
27 33 0
28 27 0
28 29 0
29 28 0
29 30 0
30 29 0
30 31 0
31 30 0
31 32 0
32 27 0
32 31 0
32 36 0
33 27 0
33 34 0
33 48 0
34 33 0
34 35 0
35 34 0
35 36 0
35 59 0
36 32 0
36 35 0
36 44 0
37 38 0
37 42 0
38 37 0
38 39 0
38 45 0
39 38 0
39 40 0
39 79 0
40 39 0
40 41 0
41 40 0
41 42 0
42 37 0
42 41 0
42 43 0
43 17 0
43 42 0
44 36 0
45 38 0
45 46 0
45 47 0
45 52 0
46 45 0
47 45 0
48 33 0
48 49 0
48 50 0
48 51 0
49 48 0
50 48 0
51 48 0
52 45 0
53 54 0
53 58 0
54 53 0
54 55 0
54 61 0
55 54 0
55 56 0
55 80 0
56 55 0
56 57 0
57 56 0
57 58 0
58 53 0
58 57 0
58 60 0
59 35 0
59 60 0
60 58 0
60 59 0
61 54 0
61 62 0
61 63 0
61 64 0
62 61 0
63 61 0
64 61 0
65 66 0
65 70 0
66 65 0
66 67 0
66 73 0
67 66 0
67 68 0
67 78 0
68 67 0
68 69 0
69 68 0
69 70 0
70 65 0
70 69 0
70 72 0
71 9 0
71 72 0
72 70 0
72 71 0
73 66 0
73 74 0
73 75 0
73 76 0
74 73 0
75 73 0
76 73 0
77 13 0
77 78 0
78 67 0
78 77 0
79 39 0
79 80 0
80 55 0
80 79 0
GraphDataEnd
GraphEnd
NodeEnd
END_EPT
