BEGIN_EPT
AnchorID: 13022  # ID of the anchor node
RootIndex: 0  # Index of the root node in tree_nodes
NodeCount: 1  # Total number of nodes in the EPT
NodeStart
EPTNodeID: 0
AnchorID: 13022
TreeNodeGraphID: 0
Level: 0
SimplifiedLevel: 0
EditOperation: -1 0 -1 0 0
AccumulatedOpsCount: 0
ChildrenCount: 0
ChildIndices:
CompletedDBGraphIDsCount: 0
GraphStart
GraphDataStart
ID: 0
NumNodes: 67
NumEdges: 144
NodeLabels
2 2 2 2 2 2 2 2 2 2 2 2 2 2 2 2 2 2 2 2 2 2 2 2 2 2 2 2 2 2 2 2 4 4 2 2 2 2 2 2 2 2 2 2 2 0 0 2 2 2 0 0 2 2 0 2 0 0 2 2 2 0 2 0 0 2 2 
Edges
0 4 0
0 60 0
1 2 0
1 60 0
2 1 0
2 3 0
2 5 0
3 2 0
3 4 0
3 8 0
3 34 0
4 0 0
4 3 0
5 2 0
5 6 0
6 5 0
6 7 0
7 6 0
7 8 0
7 9 0
8 3 0
8 7 0
8 12 0
9 7 0
9 10 0
9 13 0
10 9 0
10 11 0
10 15 0
10 35 0
11 10 0
11 12 0
12 8 0
12 11 0
13 9 0
13 14 0
14 13 0
14 15 0
15 10 0
15 14 0
15 36 0
16 17 0
16 60 0
17 16 0
17 18 0
18 17 0
18 19 0
19 18 0
19 20 0
19 26 0
20 19 0
20 21 0
20 25 0
21 20 0
21 22 0
22 21 0
22 23 0
22 32 0
23 22 0
23 24 0
23 54 0
24 23 0
24 25 0
24 44 0
25 20 0
25 24 0
26 19 0
26 27 0
26 31 0
27 26 0
27 28 0
28 27 0
28 29 0
28 49 0
29 28 0
29 30 0
29 61 0
30 29 0
30 31 0
30 33 0
31 26 0
31 30 0
32 22 0
33 30 0
34 3 0
35 10 0
36 15 0
36 37 0
36 38 0
37 36 0
37 39 0
38 36 0
39 37 0
39 40 0
40 39 0
40 41 0
41 40 0
41 42 0
41 43 0
42 41 0
43 41 0
44 24 0
44 45 0
44 46 0
45 44 0
46 44 0
46 47 0
47 46 0
47 48 0
48 47 0
49 28 0
49 50 0
49 51 0
50 49 0
51 49 0
51 52 0
52 51 0
52 53 0
53 52 0
54 23 0
54 55 0
55 54 0
55 56 0
55 57 0
56 55 0
57 55 0
57 58 0
58 57 0
58 59 0
59 58 0
60 0 0
60 1 0
60 16 0
61 29 0
61 62 0
62 61 0
62 63 0
62 64 0
63 62 0
64 62 0
64 65 0
65 64 0
65 66 0
66 65 0
GraphDataEnd
GraphEnd
NodeEnd
END_EPT
