BEGIN_EPT
AnchorID: 6452  # ID of the anchor node
RootIndex: 0  # Index of the root node in tree_nodes
NodeCount: 1  # Total number of nodes in the EPT
NodeStart
EPTNodeID: 0
AnchorID: 6452
TreeNodeGraphID: 0
Level: 0
SimplifiedLevel: 0
EditOperation: -1 0 -1 0 0
AccumulatedOpsCount: 0
ChildrenCount: 0
ChildIndices:
CompletedDBGraphIDsCount: 0
GraphStart
GraphDataStart
ID: 0
NumNodes: 67
NumEdges: 144
NodeLabels
2 2 2 2 2 2 2 2 2 2 2 2 2 2 2 0 0 2 2 2 2 2 3 3 2 2 2 2 2 2 2 2 2 2 2 2 2 2 2 0 0 2 2 2 2 2 2 3 3 3 3 2 2 2 2 2 2 2 2 2 2 2 2 2 2 2 2 
Edges
0 1 0
0 5 0
1 0 0
1 2 0
1 14 0
2 1 0
2 3 0
2 16 0
3 2 0
3 4 0
4 3 0
4 5 0
5 0 0
5 4 0
5 51 0
6 7 0
6 11 0
6 12 0
7 6 0
7 8 0
8 7 0
8 9 0
8 63 0
9 8 0
9 10 0
10 9 0
10 11 0
11 6 0
11 10 0
11 15 0
12 6 0
12 22 0
13 20 0
13 22 0
14 1 0
14 23 0
15 11 0
15 17 0
16 2 0
16 18 0
17 15 0
17 43 0
18 16 0
18 43 0
19 21 0
19 23 0
20 13 0
20 50 0
21 19 0
21 50 0
22 12 0
22 13 0
23 14 0
23 19 0
24 25 0
24 29 0
25 24 0
25 26 0
25 38 0
26 25 0
26 27 0
26 40 0
27 26 0
27 28 0
28 27 0
28 29 0
29 24 0
29 28 0
29 55 0
30 31 0
30 35 0
30 36 0
31 30 0
31 32 0
32 31 0
32 33 0
32 59 0
33 32 0
33 34 0
34 33 0
34 35 0
35 30 0
35 34 0
35 39 0
36 30 0
36 47 0
37 45 0
37 47 0
38 25 0
38 48 0
39 35 0
39 41 0
40 26 0
40 42 0
41 39 0
41 43 0
42 40 0
42 43 0
43 17 0
43 18 0
43 41 0
43 42 0
44 46 0
44 48 0
45 37 0
45 49 0
46 44 0
46 49 0
47 36 0
47 37 0
48 38 0
48 44 0
49 45 0
49 46 0
50 20 0
50 21 0
51 5 0
51 52 0
51 53 0
51 54 0
52 51 0
53 51 0
54 51 0
55 29 0
55 56 0
55 57 0
55 58 0
56 55 0
57 55 0
58 55 0
59 32 0
59 60 0
59 61 0
59 62 0
60 59 0
61 59 0
62 59 0
63 8 0
63 64 0
63 65 0
63 66 0
64 63 0
65 63 0
66 63 0
GraphDataEnd
GraphEnd
NodeEnd
END_EPT
