BEGIN_EPT
AnchorID: 31823  # ID of the anchor node
RootIndex: 0  # Index of the root node in tree_nodes
NodeCount: 1  # Total number of nodes in the EPT
NodeStart
EPTNodeID: 0
AnchorID: 31823
TreeNodeGraphID: 0
Level: 0
SimplifiedLevel: 0
EditOperation: -1 0 -1 0 0
AccumulatedOpsCount: 0
ChildrenCount: 0
ChildIndices:
CompletedDBGraphIDsCount: 0
GraphStart
GraphDataStart
ID: 0
NumNodes: 85
NumEdges: 154
NodeLabels
2 2 11 23 2 2 2 2 2 2 2 3 2 2 2 2 2 2 2 2 3 2 2 3 2 2 2 2 2 3 2 2 2 2 11 12 12 12 12 12 12 2 2 2 2 2 2 11 2 2 2 2 2 2 2 2 2 2 2 2 23 2 3 2 2 2 2 2 2 2 2 3 2 2 3 2 2 2 2 2 3 2 2 2 2 
Edges
0 1 0
0 2 0
1 0 0
1 47 0
2 0 0
2 4 0
2 41 0
4 2 0
4 5 0
4 6 0
5 4 0
5 9 0
6 4 0
6 7 0
7 6 0
7 8 0
8 7 0
8 9 0
9 5 0
9 8 0
10 11 0
11 10 0
11 12 0
12 11 0
12 13 0
12 14 0
12 15 0
13 12 0
14 12 0
15 12 0
16 20 0
17 18 0
18 17 0
18 19 0
18 20 0
18 21 0
19 18 0
20 16 0
20 18 0
21 18 0
22 23 0
23 22 0
23 25 0
24 25 0
25 23 0
25 24 0
25 26 0
25 27 0
26 25 0
27 25 0
28 29 0
29 28 0
29 32 0
30 32 0
31 32 0
32 29 0
32 30 0
32 31 0
32 33 0
33 32 0
34 35 0
34 36 0
34 37 0
34 38 0
34 39 0
34 40 0
35 34 0
36 34 0
37 34 0
38 34 0
39 34 0
40 34 0
41 2 0
41 42 0
41 46 0
42 41 0
42 43 0
43 42 0
43 44 0
44 43 0
44 45 0
45 44 0
45 46 0
46 41 0
46 45 0
47 1 0
47 48 0
47 54 0
48 47 0
48 49 0
48 50 0
49 48 0
49 53 0
50 48 0
50 51 0
51 50 0
51 52 0
52 51 0
52 53 0
53 49 0
53 52 0
54 47 0
54 55 0
54 59 0
55 54 0
55 56 0
56 55 0
56 57 0
57 56 0
57 58 0
58 57 0
58 59 0
59 54 0
59 58 0
61 62 0
62 61 0
62 63 0
63 62 0
63 64 0
63 65 0
63 66 0
64 63 0
65 63 0
66 63 0
67 71 0
68 69 0
69 68 0
69 70 0
69 71 0
69 72 0
70 69 0
71 67 0
71 69 0
72 69 0
73 74 0
74 73 0
74 76 0
75 76 0
76 74 0
76 75 0
76 77 0
76 78 0
77 76 0
78 76 0
79 80 0
80 79 0
80 83 0
81 83 0
82 83 0
83 80 0
83 81 0
83 82 0
83 84 0
84 83 0
GraphDataEnd
GraphEnd
NodeEnd
END_EPT
